[[ 0.          0.          0.6278416 ]
 [ 0.03069095 -0.11350442  0.6240115 ]
 [ 0.33280078  0.09230927  0.39876634]
 [ 0.37423912  0.14545035  0.01086718]
 [ 0.5508334   0.20436582  0.        ]
 [-0.0307821   0.11335285  0.63163984]
 [-0.10736796  0.07369238  0.26548415]
 [-0.52496266 -0.1942502   0.3713777 ]
 [-0.59668136 -0.20531812  0.30162403]
 [ 0.06475731 -0.01871315  0.8447663 ]
 [ 0.14798956 -0.05263582  1.0938611 ]
 [ 0.27500665 -0.08370185  1.1460809 ]
 [ 0.20517863 -0.09331518  1.2130353 ]
 [ 0.09890935  0.08749494  1.0575483 ]
 [ 0.08825685  0.23055118  0.84126997]
 [ 0.23735702  0.22143447  0.8111826 ]
 [ 0.15021445 -0.17250848  1.0477066 ]
 [ 0.00612083 -0.21991454  0.8189136 ]
 [ 0.05253899 -0.18706352  0.69046307]]
[[ 0.          0.          0.6612058 ]
 [ 0.03041371 -0.10922351  0.65796673]
 [ 0.29366618  0.08964406  0.42424744]
 [ 0.24970704  0.09628844  0.02702075]
 [ 0.42355645  0.15118915  0.        ]
 [-0.03052621  0.10902999  0.6644037 ]
 [-0.02073647  0.11839135  0.31350392]
 [-0.42426854 -0.15984145  0.44654965]
 [-0.4973907  -0.17256135  0.38309032]
 [ 0.07269154 -0.01133943  0.87485486]
 [ 0.15983903 -0.04117608  1.1237942 ]
 [ 0.28495783 -0.07855979  1.1818249 ]
 [ 0.21337238 -0.08836707  1.2466524 ]
 [ 0.10045367  0.09811324  1.0864599 ]
 [ 0.04721138  0.23376976  0.8879651 ]
 [ 0.16252711  0.2880969   0.81506   ]
 [ 0.16141123 -0.16474277  1.0740154 ]
 [ 0.03323217 -0.2231219   0.84017515]
 [ 0.10731858 -0.19046518  0.71747637]]
[[ 0.          0.          0.68881744]
 [ 0.0265359  -0.10856698  0.68450576]
 [ 0.20889044  0.05846867  0.42528042]
 [ 0.08139615  0.03971076  0.05040985]
 [ 0.23664503  0.09818888  0.        ]
 [-0.02667679  0.10836527  0.69306356]
 [ 0.08837505  0.1329548   0.37310448]
 [-0.30885994 -0.11610833  0.4614726 ]
 [-0.34748915 -0.12342361  0.37871698]
 [ 0.07113567 -0.01164848  0.9024903 ]
 [ 0.15425467 -0.03647813  1.1539135 ]
 [ 0.2748495  -0.07764593  1.2181911 ]
 [ 0.20460911 -0.08074516  1.2786441 ]
 [ 0.0849834   0.09774879  1.1154196 ]
 [-0.03948011  0.18872902  0.9704619 ]
 [-0.05217306  0.22998828  0.8562391 ]
 [ 0.16469134 -0.16469961  1.103622  ]
 [ 0.0785858  -0.25361028  0.86617213]
 [ 0.17138472 -0.22190051  0.76375693]]
[[ 0.          0.          0.6181966 ]
 [ 0.01900467 -0.10937247  0.60294986]
 [ 0.02496045  0.03198165  0.29064217]
 [-0.20549217  0.02221748  0.09050548]
 [-0.12632293  0.10485947  0.        ]
 [-0.01915502  0.10914771  0.6333164 ]
 [ 0.24007878  0.14535934  0.43953666]
 [-0.04102195  0.0330435   0.18669853]
 [ 0.04435273  0.04648596  0.06272292]
 [ 0.06280366 -0.00373098  0.83399385]
 [ 0.1370641  -0.01874131  1.0903997 ]
 [ 0.2517777  -0.04680026  1.1581402 ]
 [ 0.185043   -0.04524153  1.2219408 ]
 [ 0.04782572  0.10642767  1.0527694 ]
 [-0.1354264   0.2298843   1.0094001 ]
 [-0.21701834  0.30671218  0.8461852 ]
 [ 0.1813192  -0.15376863  1.0490938 ]
 [ 0.18318647 -0.27235037  0.8024647 ]
 [ 0.32033563 -0.11483361  0.83436537]]
[[ 0.00000000e+00  0.00000000e+00  6.35799289e-01]
 [ 3.05730179e-02 -9.99304876e-02  6.16280019e-01]
 [-2.16869339e-02  2.29720473e-02  2.76730776e-01]
 [-3.38897049e-01 -1.64873898e-02  2.20412850e-01]
 [-3.30683738e-01  7.41260350e-02  1.56923532e-01]
 [-3.07012126e-02  9.97336730e-02  6.55184686e-01]
 [ 2.34086841e-01  1.85871795e-01  4.66866910e-01]
 [ 1.12901405e-01  1.28193527e-01  7.01144934e-02]
 [ 2.44074076e-01  1.36554241e-01  0.00000000e+00]
 [ 5.51307835e-02  1.33892894e-03  8.56587529e-01]
 [ 1.14916220e-01  1.01405382e-03  1.11508870e+00]
 [ 2.23224461e-01 -1.79098845e-02  1.18785596e+00]
 [ 1.64281994e-01 -1.72863007e-02  1.24831593e+00]
 [ 1.79201625e-02  1.16834193e-01  1.06931305e+00]
 [-1.75296038e-01  2.43239641e-01  1.02623940e+00]
 [-2.36664534e-01  3.37198496e-01  8.59547555e-01]
 [ 1.86966628e-01 -1.35181993e-01  1.08626866e+00]
 [ 2.04236567e-01 -2.73868293e-01  8.55263531e-01]
 [ 3.35004032e-01 -7.77349174e-02  8.90519977e-01]]
[[ 0.00000000e+00  0.00000000e+00  6.62171364e-01]
 [ 3.58461291e-02 -9.30400714e-02  6.43374622e-01]
 [-1.02044875e-02 -5.08427620e-03  2.83748984e-01]
 [-3.99529278e-01 -6.74025714e-02  3.30849528e-01]
 [-4.41135257e-01  1.28770769e-02  2.87953496e-01]
 [-3.59421894e-02  9.28625986e-02  6.80847108e-01]
 [ 2.07141817e-01  2.18810588e-01  4.64937538e-01]
 [ 1.74506962e-01  2.25060165e-01  3.54940891e-02]
 [ 3.20750564e-01  2.38562167e-01  0.00000000e+00]
 [ 4.76005487e-02  7.02275336e-03  8.82269323e-01]
 [ 1.01431362e-01  1.94233656e-02  1.14069724e+00]
 [ 2.03576773e-01  1.37257576e-03  1.21840000e+00]
 [ 1.48245797e-01 -1.06108189e-03  1.27357364e+00]
 [ 7.29300827e-03  1.30161226e-01  1.08467293e+00]
 [-1.59672171e-01  2.75962055e-01  1.00171399e+00]
 [-1.59418136e-01  3.71584743e-01  8.32497060e-01]
 [ 1.80581778e-01 -1.15648597e-01  1.11585951e+00]
 [ 1.66685611e-01 -2.64609993e-01  8.95972908e-01]
 [ 2.95581400e-01 -6.61357343e-02  8.70968103e-01]]
[[ 0.          0.          0.69257855]
 [ 0.03828708 -0.0931389   0.67246956]
 [ 0.05575908 -0.02095661  0.31446677]
 [-0.38182902 -0.08794555  0.4045794 ]
 [-0.4551892  -0.01138324  0.37258768]
 [-0.03838336  0.09295395  0.71257293]
 [ 0.17463796  0.24238382  0.47647414]
 [ 0.1337923   0.2522719   0.04713613]
 [ 0.285531    0.27331907  0.        ]
 [ 0.04416794  0.0081643   0.91239643]
 [ 0.09632234  0.02507126  1.170868  ]
 [ 0.19392261  0.00826198  1.2490735 ]
 [ 0.13805522  0.00376409  1.3046234 ]
 [ 0.00913611  0.13788903  1.106886  ]
 [-0.1286343   0.28211942  0.9846238 ]
 [-0.0575743   0.3820544   0.8251689 ]
 [ 0.17372148 -0.11171079  1.1487153 ]
 [ 0.12585041 -0.26640198  0.94634664]
 [ 0.24196407 -0.10686665  0.84548974]]
[[ 0.          0.          0.7099433 ]
 [ 0.04089265 -0.09597891  0.69126076]
 [ 0.12402996 -0.0306128   0.3462771 ]
 [-0.34137794 -0.09869976  0.432562  ]
 [-0.4210325  -0.01662689  0.3840332 ]
 [-0.04101014  0.09577259  0.72851473]
 [ 0.14434475  0.26816243  0.47673076]
 [ 0.07263036  0.26608557  0.05973184]
 [ 0.22174844  0.29148933  0.        ]
 [ 0.04237163  0.00942205  0.9288865 ]
 [ 0.09219287  0.03099436  1.1867459 ]
 [ 0.18742727  0.01375228  1.267434  ]
 [ 0.12660237  0.00279224  1.3178247 ]
 [ 0.00636537  0.14548317  1.1192086 ]
 [-0.07979694  0.287254    0.96684027]
 [ 0.05045528  0.38804045  0.8462404 ]
 [ 0.16969435 -0.10584551  1.1655948 ]
 [ 0.110443   -0.23521712  0.9541898 ]
 [ 0.21605799 -0.09406827  0.84749085]]
[[ 0.          0.          0.7066585 ]
 [ 0.04404169 -0.10144471  0.69349957]
 [ 0.27955684  0.02735448  0.4379107 ]
 [-0.187698   -0.08229774  0.41615152]
 [-0.21054119 -0.00935799  0.28677598]
 [-0.04418059  0.10116909  0.719716  ]
 [ 0.04353798  0.2675363   0.44403747]
 [-0.134529    0.22301456  0.07415724]
 [-0.004641    0.26408213  0.        ]
 [ 0.04533693  0.01340717  0.9239185 ]
 [ 0.09684271  0.03597698  1.1818137 ]
 [ 0.19756642  0.01923877  1.2584782 ]
 [ 0.12709397  0.00917482  1.3173189 ]
 [ 0.02852237  0.15829709  1.1131772 ]
 [ 0.03719521  0.28665632  0.9252436 ]
 [ 0.197862    0.35464856  0.90688664]
 [ 0.16056332 -0.10186231  1.1623766 ]
 [ 0.04634851 -0.21809012  0.9569769 ]
 [ 0.11866179 -0.14545089  0.8154888 ]]
[[ 0.          0.          0.6106389 ]
 [ 0.03142903 -0.10763239  0.6030367 ]
 [ 0.35871553  0.01842614  0.42520255]
 [ 0.04344898 -0.0833891   0.1281842 ]
 [ 0.1494495  -0.03241748  0.00734544]
 [-0.03153919  0.10741418  0.6181997 ]
 [-0.06413884  0.23321049  0.30671233]
 [-0.37125462  0.20165578  0.10720569]
 [-0.34044778  0.26327723  0.        ]
 [ 0.04255765  0.00191244  0.8316268 ]
 [ 0.09721445  0.01142687  1.0900176 ]
 [ 0.21526577 -0.01003236  1.1516578 ]
 [ 0.14073676 -0.01060557  1.2244748 ]
 [ 0.06386781  0.15162706  1.0267045 ]
 [ 0.17903316  0.2754029   0.8569933 ]
 [ 0.28167626  0.20355982  0.9393899 ]
 [ 0.11663051 -0.13970244  1.0772171 ]
 [-0.08432512 -0.25507808  0.96632993]
 [-0.06319633 -0.2411962   0.82317907]]
[[ 0.          0.          0.6034523 ]
 [ 0.03154321 -0.10863271  0.60329473]
 [ 0.3410754   0.01399581  0.42156836]
 [ 0.21394393 -0.0240559   0.04915613]
 [ 0.37130326  0.02575004  0.        ]
 [-0.03161012  0.10844168  0.6035929 ]
 [-0.09072873  0.1990866   0.26386827]
 [-0.48417556  0.06747618  0.18549284]
 [-0.5192616   0.12010998  0.08632523]
 [ 0.03840207  0.00188763  0.8244684 ]
 [ 0.09888154  0.00160152  1.0814266 ]
 [ 0.22365263 -0.03181374  1.1427255 ]
 [ 0.1502817  -0.03123647  1.2099152 ]
 [ 0.07259803  0.14566511  1.0234014 ]
 [ 0.18752062  0.27593365  0.84153813]
 [ 0.29213446  0.20369107  0.9312016 ]
 [ 0.09828967 -0.14504188  1.0624948 ]
 [-0.12509497 -0.25182644  0.9951996 ]
 [-0.11014701 -0.2797896   0.81574404]]
[[ 0.          0.          0.60086656]
 [ 0.03153872 -0.1079656   0.6013514 ]
 [ 0.30763638  0.05980697  0.3973513 ]
 [ 0.2804827   0.06804842  0.0179702 ]
 [ 0.44043773  0.11883646  0.        ]
 [-0.03161553  0.10777223  0.6003764 ]
 [-0.04477245  0.1263077   0.22162786]
 [-0.4563654  -0.10939071  0.28694934]
 [-0.527512   -0.09939373  0.23107761]
 [ 0.04538348 -0.01321778  0.82061595]
 [ 0.11121386 -0.03561866  1.0753443 ]
 [ 0.23469609 -0.07161155  1.1383307 ]
 [ 0.15857597 -0.07341671  1.2007365 ]
 [ 0.06924351  0.10351714  1.025675  ]
 [ 0.10959231  0.2481336   0.82406396]
 [ 0.23294353  0.21420535  0.81710494]
 [ 0.11042237 -0.16577053  1.0384052 ]
 [-0.05294187 -0.22947392  0.82837784]
 [ 0.00179651 -0.30164132  0.66639197]]
[[ 0.          0.          0.63142234]
 [ 0.02436683 -0.10689114  0.6358235 ]
 [ 0.27334577  0.08533916  0.42655784]
 [ 0.19414374  0.0758788   0.04095894]
 [ 0.36130178  0.12863976  0.        ]
 [-0.02445609  0.10668533  0.62700284]
 [ 0.03673575  0.13152042  0.25562435]
 [-0.36926806 -0.10305412  0.36462694]
 [-0.44305134 -0.12180209  0.3259224 ]
 [ 0.05143234 -0.00608715  0.85021317]
 [ 0.11753792 -0.03125772  1.1061012 ]
 [ 0.2419949  -0.07412541  1.1749313 ]
 [ 0.16421705 -0.06768638  1.2314861 ]
 [ 0.07260115  0.10753793  1.0556161 ]
 [ 0.06349826  0.2551979   0.8643124 ]
 [ 0.1320814   0.22926411  0.779544  ]
 [ 0.10744211 -0.16112003  1.0638263 ]
 [-0.0327476  -0.25837773  0.84979105]
 [ 0.01198329 -0.34517753  0.71525323]]
[[ 0.          0.          0.6431083 ]
 [ 0.02236753 -0.10183188  0.64472204]
 [ 0.2196931   0.05485375  0.43054506]
 [ 0.1093155   0.05754018  0.05754298]
 [ 0.26510626  0.11189961  0.        ]
 [-0.02247522  0.10161022  0.6414495 ]
 [ 0.1092852   0.13966371  0.2993246 ]
 [-0.29749388 -0.07721995  0.394153  ]
 [-0.36154622 -0.07884264  0.3295041 ]
 [ 0.05342789 -0.00590663  0.8589555 ]
 [ 0.12000871 -0.02974367  1.1152735 ]
 [ 0.24111247 -0.07433593  1.1866381 ]
 [ 0.16059434 -0.07014292  1.2422426 ]
 [ 0.06595048  0.10393366  1.0614548 ]
 [ 0.01501807  0.2234036   0.8915982 ]
 [ 0.04700746  0.24815077  0.7977735 ]
 [ 0.11487068 -0.15931886  1.0707669 ]
 [-0.01818889 -0.26049033  0.86310863]
 [ 0.06142318 -0.33380264  0.7333766 ]]
[[ 0.          0.          0.6377677 ]
 [ 0.01962157 -0.10354923  0.6305977 ]
 [ 0.10882191  0.05452876  0.36209768]
 [-0.09252925  0.07149011  0.08926553]
 [ 0.02815071  0.14467913  0.        ]
 [-0.01975147  0.10330318  0.6448463 ]
 [ 0.20780477  0.13713439  0.3932759 ]
 [-0.14181493 -0.06002322  0.2946779 ]
 [-0.11795736 -0.04333884  0.17685941]
 [ 0.06002346  0.00217214  0.85454255]
 [ 0.13282797 -0.01205993  1.1111035 ]
 [ 0.24691674 -0.04773828  1.1861176 ]
 [ 0.17586079 -0.04153049  1.2424582 ]
 [ 0.05889641  0.11810574  1.0621891 ]
 [-0.07661766  0.24793437  0.96830314]
 [-0.13860592  0.31305125  0.8227757 ]
 [ 0.15182108 -0.14748129  1.0674276 ]
 [ 0.12126124 -0.27836454  0.8373402 ]
 [ 0.2481814  -0.21318556  0.8197472 ]]
[[ 0.          0.          0.6102079 ]
 [ 0.01986383 -0.10331649  0.5916597 ]
 [-0.04130477 -0.00296432  0.2681925 ]
 [-0.36591256 -0.05791655  0.16081661]
 [-0.34372818  0.03971338  0.07131016]
 [-0.01998016  0.10308985  0.6286262 ]
 [ 0.27893555  0.18788108  0.4453699 ]
 [ 0.11777584  0.10713428  0.08498424]
 [ 0.24915949  0.11830318  0.        ]
 [ 0.05756605  0.00436546  0.8303416 ]
 [ 0.12116563  0.00682873  1.0896343 ]
 [ 0.22905731 -0.01093137  1.1648738 ]
 [ 0.16451223 -0.00472176  1.226121  ]
 [ 0.03497254  0.13319117  1.0375178 ]
 [-0.14109385  0.2757931   0.98081684]
 [-0.1937688   0.3810194   0.82353234]
 [ 0.17576212 -0.13457781  1.0606709 ]
 [ 0.19089401 -0.28130472  0.8360861 ]
 [ 0.32341546 -0.11141166  0.88432527]]
[[ 0.          0.          0.63023686]
 [ 0.02776427 -0.09350079  0.6122776 ]
 [-0.03819542 -0.03639397  0.26344776]
 [-0.43449706 -0.10271427  0.27293426]
 [-0.47968325 -0.01765692  0.22411266]
 [-0.02786441  0.09330614  0.64806736]
 [ 0.26016527  0.23223513  0.4529444 ]
 [ 0.23987791  0.21999478  0.0353775 ]
 [ 0.39008617  0.23560607  0.        ]
 [ 0.05135524  0.00958306  0.8498733 ]
 [ 0.10792139  0.02381423  1.108855  ]
 [ 0.21006465  0.00663251  1.1883916 ]
 [ 0.15011266  0.00701684  1.2441036 ]
 [ 0.02531339  0.14418179  1.0493832 ]
 [-0.13527805  0.29319766  0.9578328 ]
 [-0.14170235  0.38640106  0.78404033]
 [ 0.17217964 -0.11464339  1.0843611 ]
 [ 0.17067257 -0.27590102  0.87166226]
 [ 0.30015507 -0.10074133  0.88468874]]
[[ 0.          0.          0.6556048 ]
 [ 0.0330556  -0.09308537  0.6373838 ]
 [ 0.01190947 -0.03709823  0.28655162]
 [-0.40609857 -0.10137451  0.348585  ]
 [-0.47902775 -0.01596242  0.31272817]
 [-0.03315093  0.09290151  0.6737034 ]
 [ 0.23192519  0.24912408  0.4530406 ]
 [ 0.2072908   0.24142417  0.03512812]
 [ 0.36773753  0.25968984  0.        ]
 [ 0.04863168  0.01246303  0.87366605]
 [ 0.10477509  0.03730321  1.1323549 ]
 [ 0.20584407  0.01882982  1.2144952 ]
 [ 0.14392778  0.01503128  1.267729  ]
 [ 0.02243152  0.15646031  1.0664536 ]
 [-0.10499337  0.29706573  0.94053674]
 [-0.04519555  0.40414745  0.77719444]
 [ 0.17381594 -0.10076109  1.1097904 ]
 [ 0.1350283  -0.2484083   0.899125  ]
 [ 0.24846244 -0.13566324  0.86613417]]
[[ 0.          0.          0.679918  ]
 [ 0.03308947 -0.0968373   0.66394544]
 [ 0.07861833 -0.06573844  0.32356954]
 [-0.36662152 -0.15281896  0.39005992]
 [-0.43343383 -0.08387542  0.3367755 ]
 [-0.03318942  0.096621    0.6957618 ]
 [ 0.18994378  0.26340836  0.46501592]
 [ 0.09950054  0.24486366  0.06030595]
 [ 0.2554137   0.27117455  0.        ]
 [ 0.04894673  0.01813294  0.89548504]
 [ 0.10638819  0.05347577  1.1532694 ]
 [ 0.20462218  0.03060627  1.2333939 ]
 [ 0.13977331  0.0293541   1.2854534 ]
 [ 0.03123492  0.1746642   1.0804443 ]
 [-0.03739975  0.32423866  0.9267647 ]
 [ 0.09607675  0.4397901   0.79749453]
 [ 0.16939934 -0.08513036  1.1343741 ]
 [ 0.09767602 -0.21167831  0.9302593 ]
 [ 0.19766149 -0.10593167  0.8478065 ]]
[[ 0.          0.          0.69084275]
 [ 0.03162617 -0.10732546  0.6780727 ]
 [ 0.2397382  -0.02059174  0.39810455]
 [-0.22249936 -0.11465891  0.41209966]
 [-0.24393879 -0.06249747  0.30718696]
 [-0.03175762  0.10707026  0.7035054 ]
 [ 0.09899943  0.267636    0.44296145]
 [-0.08207718  0.22639668  0.0804196 ]
 [ 0.05403964  0.26872188  0.        ]
 [ 0.0526237   0.02447246  0.9055759 ]
 [ 0.11141106  0.0625366   1.1629343 ]
 [ 0.21146098  0.04047728  1.2425991 ]
 [ 0.1431115   0.03753817  1.2954756 ]
 [ 0.05308294  0.19240257  1.0837168 ]
 [ 0.06691588  0.31493562  0.89438146]
 [ 0.23261638  0.37743345  0.845057  ]
 [ 0.15986198 -0.08173209  1.1455785 ]
 [ 0.05536494 -0.18528318  0.92587185]
 [ 0.14662004 -0.11906268  0.8260349 ]]
[[ 0.          0.          0.62475675]
 [ 0.02425154 -0.10610855  0.61463374]
 [ 0.35549432  0.00480546  0.42899585]
 [ 0.03384989 -0.08623937  0.19745865]
 [ 0.10953622 -0.04150522  0.06807953]
 [-0.02435558  0.10589554  0.63482785]
 [-0.02420057  0.23354644  0.3167166 ]
 [-0.32628837  0.2049593   0.11228704]
 [-0.28282255  0.26818332  0.        ]
 [ 0.04227114  0.00705251  0.8416024 ]
 [ 0.09792028  0.02343604  1.0996282 ]
 [ 0.20989785 -0.01004064  1.1719735 ]
 [ 0.14260449  0.00155473  1.2311287 ]
 [ 0.08120915  0.16296178  1.0293087 ]
 [ 0.18814549  0.26693392  0.84068143]
 [ 0.3148377   0.21643564  0.92080617]
 [ 0.09862447 -0.12887707  1.086398  ]
 [-0.09592862 -0.2615521   0.9842287 ]
 [-0.04721638 -0.2799364   0.8542676 ]]
[[ 0.          0.          0.58661425]
 [ 0.02200506 -0.10424987  0.5832963 ]
 [ 0.33740005 -0.01978061  0.4077677 ]
 [ 0.20068294 -0.06136215  0.06159008]
 [ 0.35153937 -0.02483261  0.        ]
 [-0.02205701  0.10406275  0.58991766]
 [-0.0591953   0.1925875   0.24813223]
 [-0.42000335  0.11750346  0.14911598]
 [-0.43762606  0.17118722  0.04982722]
 [ 0.03982108  0.00550409  0.80637825]
 [ 0.10047701  0.00604641  1.0632174 ]
 [ 0.21925803 -0.03311384  1.1305062 ]
 [ 0.15290228 -0.01790541  1.1892227 ]
 [ 0.09337399  0.14659601  1.0000331 ]
 [ 0.21070969  0.2756039   0.8088663 ]
 [ 0.32447898  0.2166217   0.9055425 ]
 [ 0.07868895 -0.13494441  1.0518456 ]
 [-0.15871961 -0.24628255  1.0309607 ]
 [-0.17700306 -0.29906192  0.8442111 ]]
[[ 0.          0.          0.57744956]
 [ 0.02515544 -0.10184252  0.5770765 ]
 [ 0.3272771   0.0478401   0.39151403]
 [ 0.30170268  0.05491847  0.02202129]
 [ 0.46924537  0.10652047  0.        ]
 [-0.0251845   0.10167389  0.5778141 ]
 [-0.03398665  0.1397167   0.21216759]
 [-0.4445174  -0.03388855  0.21044636]
 [-0.4966351  -0.00466892  0.1472672 ]
 [ 0.04743122  0.00156651  0.7952914 ]
 [ 0.11565259 -0.01034465  1.0501012 ]
 [ 0.23931156 -0.04751965  1.1169281 ]
 [ 0.16372487 -0.0376246   1.1766512 ]
 [ 0.09637813  0.12661129  0.99118066]
 [ 0.17064013  0.27895555  0.7933697 ]
 [ 0.3208957   0.2754516   0.82985306]
 [ 0.09085113 -0.14129499  1.0271084 ]
 [-0.12485501 -0.24566093  0.94185436]
 [-0.15070178 -0.38181555  0.75022036]]
[[ 0.          0.          0.6127778 ]
 [ 0.02254846 -0.10337657  0.6136513 ]
 [ 0.28197873  0.05721383  0.41474152]
 [ 0.20937377  0.05516595  0.03999782]
 [ 0.37669843  0.10528195  0.        ]
 [-0.02260788  0.10317664  0.6118801 ]
 [ 0.04156893  0.15485965  0.24397671]
 [-0.3619852  -0.02428514  0.306369  ]
 [-0.41849267 -0.0207735   0.23387355]
 [ 0.05600191  0.001865    0.8285256 ]
 [ 0.1250475  -0.01699397  1.0830989 ]
 [ 0.24911813 -0.05832988  1.1595215 ]
 [ 0.16939366 -0.04850197  1.2149534 ]
 [ 0.09286868  0.12217006  1.0246391 ]
 [ 0.1258076   0.29224473  0.83833915]
 [ 0.27211124  0.34545493  0.8007524 ]
 [ 0.09846699 -0.14611176  1.0492903 ]
 [-0.08928658 -0.25870118  0.92427254]
 [-0.10130955 -0.39982557  0.7564728 ]]
[[ 0.          0.          0.6190173 ]
 [ 0.01413473 -0.10391627  0.61831164]
 [ 0.21764474  0.04360619  0.41641977]
 [ 0.12115755  0.07893431  0.05683899]
 [ 0.28426024  0.12404025  0.        ]
 [-0.01423309  0.10373896  0.61968637]
 [ 0.13569269  0.14069273  0.29543826]
 [-0.27632618 -0.01513004  0.36839467]
 [-0.33174697 -0.0078454   0.29664892]
 [ 0.0614461   0.00315353  0.8312363 ]
 [ 0.12913238 -0.02134967  1.086395  ]
 [ 0.2531116  -0.06657875  1.161377  ]
 [ 0.17312399 -0.05210519  1.2130876 ]
 [ 0.09173296  0.11672792  1.0313017 ]
 [ 0.07288545  0.2657007   0.86619014]
 [ 0.1197737   0.3089149   0.7569232 ]
 [ 0.10411933 -0.15228781  1.0412369 ]
 [-0.03015079 -0.26426306  0.8477119 ]
 [ 0.00935486 -0.39740962  0.7280784 ]]
[[ 0.00000000e+00  0.00000000e+00  5.89477539e-01]
 [ 6.71666861e-03 -1.02537706e-01  5.80100238e-01]
 [ 1.11898541e-01  4.80560809e-02  3.37921560e-01]
 [-3.15398872e-02  1.37765586e-01  8.83743763e-02]
 [ 9.84636769e-02  2.00127780e-01  0.00000000e+00]
 [-6.82424754e-03  1.02337964e-01  5.98765612e-01]
 [ 2.32647508e-01  1.22211456e-01  3.66560161e-01]
 [-1.37108073e-01 -3.84363532e-02  2.84747481e-01]
 [-1.11716993e-01 -2.26292908e-02  1.71932042e-01]
 [ 6.45769760e-02  3.26424837e-04  8.04825485e-01]
 [ 1.38758034e-01 -1.84955299e-02  1.06131649e+00]
 [ 2.59647161e-01 -5.79515696e-02  1.13857698e+00]
 [ 1.85161188e-01 -4.70257401e-02  1.19081593e+00]
 [ 8.24766904e-02  1.15556240e-01  1.01035833e+00]
 [-3.15209627e-02  2.49183744e-01  8.99744451e-01]
 [-9.58644450e-02  2.78714865e-01  7.51521230e-01]
 [ 1.35286719e-01 -1.56841934e-01  1.01299191e+00]
 [ 6.90841675e-02 -2.97474861e-01  8.06201816e-01]
 [ 1.66534275e-01 -3.27804208e-01  7.74526358e-01]]
[[ 0.0000000e+00  0.0000000e+00  5.5488205e-01]
 [ 6.8226643e-03 -1.0440630e-01  5.3893822e-01]
 [-8.2450788e-03  8.6980164e-03  2.4079621e-01]
 [-2.6503778e-01  6.1451584e-02  1.5696260e-01]
 [-2.4360093e-01  1.6308305e-01  6.0468435e-02]
 [-6.9295242e-03  1.0422067e-01  5.7068330e-01]
 [ 2.7861771e-01  1.5165249e-01  4.0308639e-01]
 [ 9.2098579e-02  5.7593465e-02  8.6641848e-02]
 [ 2.2018036e-01  5.3547919e-02  0.0000000e+00]
 [ 5.9277467e-02 -1.3127476e-03  7.7232385e-01]
 [ 1.3117531e-01 -3.3712387e-04  1.0315895e+00]
 [ 2.4615180e-01 -2.6051879e-02  1.1149540e+00]
 [ 1.7469887e-01 -1.7388821e-02  1.1629143e+00]
 [ 6.3755356e-02  1.3616496e-01  9.7782660e-01]
 [-9.2930570e-02  2.8068158e-01  9.1128212e-01]
 [-1.4619538e-01  3.6253840e-01  7.5510716e-01]
 [ 1.6033003e-01 -1.5204272e-01  9.9992329e-01]
 [ 1.3952376e-01 -3.1107169e-01  7.9174101e-01]
 [ 2.4666595e-01 -2.3515159e-01  8.1810510e-01]]
[[ 0.          0.          0.60044587]
 [ 0.01239275 -0.09805235  0.584292  ]
 [-0.01771506 -0.03383833  0.25924945]
 [-0.34825397  0.01729023  0.26634756]
 [-0.39497685  0.12133029  0.19635588]
 [-0.01249151  0.09787995  0.6164537 ]
 [ 0.2569756   0.1801394   0.42655194]
 [ 0.18374163  0.13117108  0.0420348 ]
 [ 0.32328707  0.12091219  0.        ]
 [ 0.05770489  0.00614572  0.8170264 ]
 [ 0.12646319  0.0196408   1.0756094 ]
 [ 0.23647518 -0.00438482  1.1639416 ]
 [ 0.165744   -0.00217265  1.2097588 ]
 [ 0.05935791  0.15077204  1.0171905 ]
 [-0.08747     0.29984882  0.92684716]
 [-0.09579507  0.40031323  0.762514  ]
 [ 0.16638136 -0.12824225  1.0486596 ]
 [ 0.1209866  -0.2932355   0.84572744]
 [ 0.22198021 -0.23956229  0.82568157]]
[[ 0.          0.          0.6344985 ]
 [ 0.01982263 -0.09461916  0.61814004]
 [ 0.02287511 -0.04400393  0.28835812]
 [-0.37323743 -0.04492661  0.35158768]
 [-0.4490522   0.04550198  0.31341177]
 [-0.01991028  0.09445614  0.6507312 ]
 [ 0.21525693  0.21674095  0.43693715]
 [ 0.16428943  0.2017318   0.03312987]
 [ 0.31746483  0.20126596  0.        ]
 [ 0.06038016  0.01532485  0.8477267 ]
 [ 0.13039005  0.04501489  1.1047437 ]
 [ 0.23655905  0.02121943  1.1920485 ]
 [ 0.16804597  0.0224278   1.2388523 ]
 [ 0.06412681  0.17028296  1.0414882 ]
 [-0.04947813  0.32454956  0.91741085]
 [ 0.02259277  0.44643322  0.76447594]
 [ 0.17552869 -0.09687936  1.0805416 ]
 [ 0.0935133  -0.24734533  0.8834288 ]
 [ 0.16510776 -0.24466875  0.7966702 ]]
[[ 0.0000000e+00  0.0000000e+00  6.4912170e-01]
 [ 2.4777874e-02 -9.5917881e-02  6.3339627e-01]
 [ 1.0151456e-01 -2.6603878e-02  3.3689183e-01]
 [-3.3106095e-01 -6.4696431e-02  4.0089834e-01]
 [-3.9848179e-01  2.0222157e-02  3.5369515e-01]
 [-2.4873927e-02  9.5727213e-02  6.6472965e-01]
 [ 1.6960777e-01  2.3746437e-01  4.4845054e-01]
 [ 5.9590325e-02  1.9807979e-01  4.7151387e-02]
 [ 2.1446146e-01  2.0879963e-01  0.0000000e+00]
 [ 5.7695203e-02  2.1830291e-02  8.6087120e-01]
 [ 1.2750599e-01  6.1744571e-02  1.1179249e+00]
 [ 2.3362577e-01  3.6196887e-02  1.2029309e+00]
 [ 1.6330755e-01  4.2982221e-02  1.2507300e+00]
 [ 6.3765049e-02  1.9127005e-01  1.0456719e+00]
 [ 6.3613057e-05  3.4139985e-01  8.9643991e-01]
 [ 1.3538742e-01  4.6625519e-01  7.8681242e-01]
 [ 1.7026719e-01 -8.2031012e-02  1.0959561e+00]
 [ 6.3123882e-02 -2.2646636e-01  9.0293783e-01]
 [ 9.8312944e-02 -2.4793522e-01  7.8940499e-01]]
[[ 0.          0.          0.65362763]
 [ 0.03036324 -0.10401325  0.6416591 ]
 [ 0.28113908  0.01440501  0.4189527 ]
 [-0.15028875 -0.04051109  0.4000178 ]
 [-0.16619273  0.01657355  0.32279813]
 [-0.0304715   0.10378681  0.6655093 ]
 [ 0.08481145  0.28983623  0.41631734]
 [-0.12176359  0.23560646  0.0835619 ]
 [ 0.0078165   0.27543056  0.        ]
 [ 0.05813447  0.02757731  0.86649203]
 [ 0.1249034   0.06967235  1.1226368 ]
 [ 0.23124003  0.04159206  1.2027776 ]
 [ 0.16450284  0.05577689  1.253967  ]
 [ 0.08866175  0.20778883  1.0411603 ]
 [ 0.13200413  0.3521386   0.8602976 ]
 [ 0.31503224  0.43843392  0.84085345]
 [ 0.14636374 -0.0786812   1.1100233 ]
 [-0.0033589  -0.20477654  0.94876003]
 [-0.01351948 -0.27048254  0.8202055 ]]
[[ 0.          0.          0.5900565 ]
 [ 0.01680867 -0.10445657  0.5861876 ]
 [ 0.3392824  -0.0142217   0.4354441 ]
 [ 0.039231   -0.06949636  0.18367243]
 [ 0.12153725 -0.03374109  0.09238607]
 [-0.01687891  0.10425482  0.59389126]
 [-0.02346762  0.2735858   0.30404013]
 [-0.29463184  0.28051013  0.1127919 ]
 [-0.2598527   0.3370937   0.        ]
 [ 0.03705064  0.00635959  0.80569845]
 [ 0.09208681  0.02033174  1.062847  ]
 [ 0.20622408 -0.02560157  1.1328983 ]
 [ 0.14204705  0.00658643  1.1907384 ]
 [ 0.10021004  0.16187629  0.9881654 ]
 [ 0.21319437  0.2842482   0.81002426]
 [ 0.33633545  0.28956214  0.8980709 ]
 [ 0.06070396 -0.12600309  1.0595102 ]
 [-0.1512202  -0.2521373   1.0525    ]
 [-0.21727565 -0.3642512   0.89183444]]
[[ 0.          0.          0.5395442 ]
 [ 0.01120368 -0.10125904  0.5383619 ]
 [ 0.31008974 -0.03274848  0.38597468]
 [ 0.23925953 -0.02454644  0.03541344]
 [ 0.38844407  0.01137018  0.        ]
 [-0.01124811  0.1010873   0.5407173 ]
 [-0.05593885  0.18703362  0.20031857]
 [-0.41157946  0.11528265  0.12718052]
 [-0.4566717   0.16586134  0.04167768]
 [ 0.03673489  0.00267914  0.758721  ]
 [ 0.0906326   0.00141954  1.0160904 ]
 [ 0.2174564  -0.05114558  1.0782686 ]
 [ 0.1411002  -0.0095281   1.1417388 ]
 [ 0.10694002  0.1402502   0.9452858 ]
 [ 0.2284761   0.27567947  0.75921047]
 [ 0.33166438  0.23519093  0.84035945]
 [ 0.03981437 -0.13287267  1.0102268 ]
 [-0.18993361 -0.25371188  0.97017634]
 [-0.25682506 -0.4092177   0.7980072 ]]
[[ 0.          0.          0.5372726 ]
 [ 0.01407102 -0.10070055  0.5379272 ]
 [ 0.28712437  0.02605265  0.36725217]
 [ 0.28932232  0.07578754  0.00316554]
 [ 0.45242202  0.12393963  0.        ]
 [-0.01409848  0.1005229   0.5366025 ]
 [-0.00638838  0.14812858  0.17085034]
 [-0.4145276  -0.03279573  0.1746833 ]
 [-0.4894653  -0.00457335  0.12362292]
 [ 0.04230784  0.00177349  0.7551414 ]
 [ 0.1015975  -0.00904015  1.0109475 ]
 [ 0.22757378 -0.05740613  1.0785764 ]
 [ 0.14359146 -0.02345061  1.1428576 ]
 [ 0.1052598   0.1308538   0.94331646]
 [ 0.1951817   0.29665142  0.7522892 ]
 [ 0.33398068  0.29818994  0.7720806 ]
 [ 0.05040848 -0.13551754  0.99278   ]
 [-0.16726667 -0.25056738  0.90514636]
 [-0.22002447 -0.43243042  0.7349168 ]]
[[ 0.00000000e+00  0.00000000e+00  5.69919229e-01]
 [ 1.19876266e-02 -1.02276221e-01  5.71065485e-01]
 [ 2.58853465e-01  5.19221872e-02  3.93426627e-01]
 [ 2.12589428e-01  9.60291028e-02  3.33656669e-02]
 [ 3.82993162e-01  1.48913324e-01  0.00000000e+00]
 [-1.20519549e-02  1.02090880e-01  5.68745434e-01]
 [ 7.43293837e-02  1.75820202e-01  2.23957062e-01]
 [-3.21788788e-01 -2.10002363e-02  2.72133410e-01]
 [-3.91783983e-01 -1.36170685e-02  2.17696160e-01]
 [ 5.02111018e-02 -8.87513161e-04  7.85841107e-01]
 [ 1.10981047e-01 -1.89903677e-02  1.04080927e+00]
 [ 2.38351792e-01 -6.54492378e-02  1.11462736e+00]
 [ 1.50892347e-01 -2.90323496e-02  1.17303538e+00]
 [ 1.02806121e-01  1.23604119e-01  9.75786209e-01]
 [ 1.38861567e-01  2.77774125e-01  7.84179926e-01]
 [ 2.41657674e-01  2.90521502e-01  7.33567476e-01]
 [ 6.12125546e-02 -1.44793183e-01  1.00998831e+00]
 [-1.15171686e-01 -2.59715706e-01  8.74298930e-01]
 [-1.41258076e-01 -4.48745847e-01  7.10025132e-01]]
[[ 0.          0.          0.582685  ]
 [ 0.00701927 -0.09643524  0.583742  ]
 [ 0.19150364  0.04378825  0.38937545]
 [ 0.1214458   0.12602088  0.04926652]
 [ 0.27981067  0.17589     0.        ]
 [-0.00711595  0.09625806  0.58157355]
 [ 0.15601985  0.15781543  0.28959963]
 [-0.24652904 -0.04034802  0.3274819 ]
 [-0.30369425 -0.03025377  0.26362517]
 [ 0.05574577 -0.00543314  0.79483247]
 [ 0.11675316 -0.0347698   1.0495875 ]
 [ 0.24069855 -0.07926023  1.1277082 ]
 [ 0.16130865 -0.04217517  1.1819757 ]
 [ 0.09569328  0.10496235  0.9889226 ]
 [ 0.08068375  0.26669204  0.83138436]
 [ 0.11429144  0.31104353  0.7212963 ]
 [ 0.07868735 -0.16148615  1.0049598 ]
 [-0.0430898  -0.2722906   0.8058977 ]
 [-0.03511676 -0.4763479   0.69240224]]
[[ 0.00000000e+00  0.00000000e+00  5.44992447e-01]
 [-5.28071076e-04 -1.01659678e-01  5.34823418e-01]
 [ 6.94005266e-02  5.00303209e-02  2.94133574e-01]
 [-8.88033956e-02  1.30157679e-01  9.17253494e-02]
 [ 2.27326825e-02  2.01674879e-01  0.00000000e+00]
 [ 4.22585756e-04  1.01460241e-01  5.55055082e-01]
 [ 2.63696879e-01  1.35618165e-01  3.66033494e-01]
 [-8.83583426e-02 -9.19416547e-03  2.21177101e-01]
 [-2.51085479e-02  7.35908747e-04  1.11386865e-01]
 [ 5.67192882e-02 -1.96632743e-03  7.61199474e-01]
 [ 1.19346827e-01 -1.92486644e-02  1.01993942e+00]
 [ 2.42847830e-01 -5.68837821e-02  1.10146511e+00]
 [ 1.64916247e-01 -2.62560248e-02  1.15338278e+00]
 [ 8.19230825e-02  1.22873366e-01  9.65956330e-01]
 [-5.40319085e-03  3.08122069e-01  8.84914517e-01]
 [-4.21515405e-02  3.83658826e-01  7.31900692e-01]
 [ 1.08508065e-01 -1.67737722e-01  9.72875416e-01]
 [ 5.91156483e-02 -3.18316936e-01  7.63928771e-01]
 [ 1.37274921e-01 -3.72882485e-01  7.48779535e-01]]
[[ 0.          0.          0.5365111 ]
 [ 0.00379182 -0.10046109  0.5201477 ]
 [-0.00416427  0.00316471  0.23284507]
 [-0.25395787  0.09034798  0.197375  ]
 [-0.23919737  0.1917251   0.11695492]
 [-0.0038854   0.10027411  0.55274796]
 [ 0.27895945  0.1346393   0.39592564]
 [ 0.09329902  0.02113709  0.06789753]
 [ 0.21589759  0.01105821  0.        ]
 [ 0.05473092 -0.00506     0.7521211 ]
 [ 0.11645519 -0.01045275  1.0121095 ]
 [ 0.23278627 -0.04062778  1.1012611 ]
 [ 0.14908184 -0.01770836  1.1484935 ]
 [ 0.06327878  0.12926519  0.9557109 ]
 [-0.09065412  0.273309    0.87411606]
 [-0.08060357  0.4137962   0.7185781 ]
 [ 0.14073852 -0.16257739  0.9787532 ]
 [ 0.10056186 -0.33042186  0.77500856]
 [ 0.16277435 -0.35533732  0.75122184]]
[[ 0.          0.          0.5829861 ]
 [ 0.00689907 -0.09810635  0.5662058 ]
 [-0.00158973 -0.02693072  0.25834197]
 [-0.342654    0.02259067  0.30576614]
 [-0.37834424  0.12257153  0.23970208]
 [-0.00698509  0.09793387  0.59965426]
 [ 0.25293595  0.17167987  0.4213832 ]
 [ 0.17279807  0.10983711  0.03691387]
 [ 0.3128132   0.10055006  0.        ]
 [ 0.05121224  0.00302508  0.7980418 ]
 [ 0.10997174  0.01719081  1.0586846 ]
 [ 0.21806182 -0.00971144  1.1537244 ]
 [ 0.14167224  0.01344007  1.197402  ]
 [ 0.05973314  0.15755165  0.9983428 ]
 [-0.06484509  0.32830113  0.89297116]
 [-0.01923655  0.45659828  0.73762876]
 [ 0.13886255 -0.13488334  1.0282873 ]
 [ 0.08597139 -0.30907995  0.83760774]
 [ 0.12713    -0.3526862   0.75686526]]
[[ 0.00000000e+00  0.00000000e+00  6.13909721e-01]
 [ 1.24772303e-02 -1.00118451e-01  5.97358048e-01]
 [ 7.17579871e-02 -3.73019874e-02  3.02186608e-01]
 [-3.12109232e-01 -1.74374580e-02  3.71456563e-01]
 [-3.57962787e-01  7.67409354e-02  3.09352100e-01]
 [-1.25724487e-02  9.99115631e-02  6.30359411e-01]
 [ 2.15838999e-01  2.02963173e-01  4.33883190e-01]
 [ 1.00463241e-01  1.44532561e-01  4.17403579e-02]
 [ 2.51579046e-01  1.50701821e-01  0.00000000e+00]
 [ 4.71367612e-02  5.61846793e-03  8.26671958e-01]
 [ 1.05372325e-01  3.12470496e-02  1.08618724e+00]
 [ 2.10665464e-01  6.69777393e-04  1.17971396e+00]
 [ 1.36043981e-01  2.38459706e-02  1.22189999e+00]
 [ 6.07930049e-02  1.72007859e-01  1.01873088e+00]
 [-1.38272047e-02  3.54376376e-01  8.88277292e-01]
 [ 1.12237260e-01  5.10353863e-01  7.63147891e-01]
 [ 1.35456949e-01 -1.18483871e-01  1.05784202e+00]
 [ 5.04635721e-02 -2.76499510e-01  8.72545779e-01]
 [ 6.30635321e-02 -3.69327962e-01  7.48644948e-01]]
[[ 0.          0.          0.6196408 ]
 [ 0.01602349 -0.10137761  0.6062247 ]
 [ 0.17431396 -0.00963902  0.3553333 ]
 [-0.22758034  0.00277555  0.39315403]
 [-0.26137173  0.08782062  0.32291198]
 [-0.01613399  0.101163    0.63296163]
 [ 0.18794024  0.25631166  0.42832744]
 [ 0.03859407  0.20779356  0.06591612]
 [ 0.18135491  0.22923502  0.        ]
 [ 0.04740462  0.01261325  0.8320104 ]
 [ 0.10475402  0.04399124  1.0914369 ]
 [ 0.20978564  0.01333195  1.1830101 ]
 [ 0.1336675   0.0350033   1.2258329 ]
 [ 0.06716807  0.1891824   1.015721  ]
 [ 0.05727074  0.3778702   0.86188823]
 [ 0.21740825  0.5080184   0.793681  ]
 [ 0.12818922 -0.10732329  1.0666162 ]
 [ 0.03251649 -0.24922757  0.86313605]
 [ 0.01295777 -0.3712032   0.74765384]]
[[ 0.          0.          0.602649  ]
 [ 0.0162512  -0.10503705  0.5930211 ]
 [ 0.31587732  0.01011407  0.41244483]
 [-0.05493333  0.0155535   0.33111435]
 [-0.03664444  0.07544178  0.23858458]
 [-0.01634986  0.10482825  0.612204  ]
 [ 0.11147286  0.30692074  0.35852435]
 [-0.11468215  0.30756694  0.08889496]
 [-0.01325068  0.35906     0.        ]
 [ 0.03868873  0.00538029  0.8176285 ]
 [ 0.08810724  0.02205089  1.0771501 ]
 [ 0.19773352 -0.01957184  1.1603234 ]
 [ 0.12246148  0.01415586  1.2102242 ]
 [ 0.08042677  0.16896564  1.0003862 ]
 [ 0.15513548  0.34556758  0.8270352 ]
 [ 0.31519225  0.40326548  0.8567749 ]
 [ 0.07669319 -0.12662697  1.0580711 ]
 [-0.08199496 -0.26331592  0.91593343]
 [-0.11948007 -0.39320412  0.79924977]]
[[ 0.          0.          0.51960224]
 [ 0.00637366 -0.10612059  0.5162591 ]
 [ 0.31446517 -0.05884603  0.38652077]
 [ 0.2048204  -0.04858187  0.05717474]
 [ 0.3606024  -0.01368767  0.01188487]
 [-0.00642152  0.10595035  0.5229283 ]
 [ 0.03243428  0.2539161   0.20261389]
 [-0.3125788   0.25566214  0.101087  ]
 [-0.33745772  0.3109593   0.        ]
 [ 0.02549332 -0.00748754  0.7402979 ]
 [ 0.06399054 -0.01679406  0.9985475 ]
 [ 0.18795656 -0.07021818  1.0630379 ]
 [ 0.10880885 -0.01371747  1.1200023 ]
 [ 0.09934054  0.12522742  0.93190473]
 [ 0.20728141  0.28436375  0.7524854 ]
 [ 0.3260878   0.27908978  0.8338512 ]
 [-0.00115601 -0.1470963   0.98761463]
 [-0.2187544  -0.2726424   0.9516895 ]
 [-0.28001326 -0.40385193  0.776162  ]]
[[ 0.          0.          0.5168485 ]
 [ 0.00414331 -0.1062254   0.5167799 ]
 [ 0.27299324 -0.08486244  0.35683197]
 [ 0.24962935 -0.06225485  0.00820857]
 [ 0.4179982  -0.01845491  0.        ]
 [-0.00419326  0.10604875  0.5168978 ]
 [ 0.062525    0.1919644   0.17499018]
 [-0.32386178  0.1521241   0.11530343]
 [-0.36879143  0.19937375  0.03725863]
 [ 0.02944347 -0.00606096  0.73604983]
 [ 0.07198337 -0.01798439  0.9942742 ]
 [ 0.19834346 -0.07183564  1.0665855 ]
 [ 0.11564691 -0.01835871  1.1223242 ]
 [ 0.09834328  0.12428817  0.9335527 ]
 [ 0.18443254  0.29932404  0.75263953]
 [ 0.31234163  0.31063125  0.7889858 ]
 [ 0.01037982 -0.14588308  0.9750151 ]
 [-0.20709908 -0.26557952  0.89469373]
 [-0.25960398 -0.40391105  0.71667534]]
[[ 0.          0.          0.5553136 ]
 [ 0.00191932 -0.10779648  0.55397576]
 [ 0.2369234  -0.05674657  0.37902105]
 [ 0.18338066 -0.01504606  0.02756143]
 [ 0.35761446  0.02165729  0.        ]
 [-0.00197972  0.10760626  0.5566252 ]
 [ 0.1292176   0.22283673  0.23204455]
 [-0.2547933   0.15118672  0.18340215]
 [-0.27129707  0.18218485  0.09401134]
 [ 0.03840303  0.00447884  0.77363753]
 [ 0.08488251 -0.00575659  1.0321449 ]
 [ 0.20831174 -0.05958968  1.1130295 ]
 [ 0.12570888 -0.00659251  1.1671319 ]
 [ 0.10259843  0.13904506  0.9681226 ]
 [ 0.13855912  0.30633038  0.7828607 ]
 [ 0.267943    0.3414623   0.75247204]
 [ 0.02072905 -0.13450903  1.0036395 ]
 [-0.16931492 -0.25757548  0.86933994]
 [-0.2105247  -0.41361594  0.6764126 ]]
[[ 0.0000000e+00  0.0000000e+00  5.6629980e-01]
 [-4.9795546e-03 -1.0702525e-01  5.6313032e-01]
 [ 2.0271534e-01 -5.7957500e-02  3.7406576e-01]
 [ 1.0397020e-01  8.7541342e-04  4.6742976e-02]
 [ 2.7041411e-01  2.9786646e-02  0.0000000e+00]
 [ 4.8861988e-03  1.0682061e-01  5.6942582e-01]
 [ 1.8663821e-01  1.8689942e-01  2.7157807e-01]
 [-2.0774940e-01  1.1436531e-01  2.0222223e-01]
 [-2.0500231e-01  1.4142254e-01  1.0939869e-01]
 [ 3.7458882e-02  5.2303076e-06  7.8268158e-01]
 [ 8.3285958e-02 -9.3750358e-03  1.0420635e+00]
 [ 2.0127308e-01 -5.3614587e-02  1.1274745e+00]
 [ 1.2191877e-01 -1.1589050e-02  1.1781495e+00]
 [ 8.6158030e-02  1.3869736e-01  9.7687793e-01]
 [ 1.0206680e-01  3.0152428e-01  8.2176280e-01]
 [ 1.7290469e-01  3.4898913e-01  7.4092782e-01]
 [ 3.6160439e-02 -1.4774713e-01  1.0062292e+00]
 [-1.2746111e-01 -2.7461246e-01  8.3815241e-01]
 [-1.6006026e-01 -4.5957553e-01  6.9422829e-01]]
[[ 0.          0.          0.49748328]
 [-0.00877659 -0.10466474  0.48476073]
 [ 0.09036537 -0.00973271  0.27134836]
 [-0.14449303  0.06113979  0.0980584 ]
 [-0.0544188   0.13009968  0.00542846]
 [ 0.00867744  0.10443691  0.5100823 ]
 [ 0.2865717   0.16440731  0.3174009 ]
 [ 0.03758534  0.03808209  0.08187711]
 [ 0.14123912  0.03565308  0.        ]
 [ 0.03820645  0.00372767  0.71478426]
 [ 0.07743984  0.0024972   0.976269  ]
 [ 0.19033298 -0.03234923  1.0704739 ]
 [ 0.10738742  0.00224131  1.1153274 ]
 [ 0.052372    0.14627361  0.9114139 ]
 [-0.05514982  0.30547673  0.8036412 ]
 [-0.02664098  0.45116326  0.6597102 ]
 [ 0.06432557 -0.15310979  0.9402583 ]
 [-0.00135752 -0.31636965  0.74895877]
 [ 0.05915014 -0.40765947  0.695649  ]]
[[ 0.          0.          0.5193549 ]
 [-0.00998252 -0.10333006  0.5076627 ]
 [-0.02057542 -0.02933289  0.26657155]
 [-0.31965977  0.04611704  0.1755923 ]
 [-0.29929727  0.15673158  0.08778709]
 [ 0.00988566  0.10311711  0.5309146 ]
 [ 0.27245274  0.1242709   0.3266033 ]
 [ 0.2494802  -0.01348931  0.00986028]
 [ 0.37546194 -0.05042005  0.        ]
 [ 0.01616584  0.00291827  0.7413362 ]
 [ 0.03762868  0.01186553  1.0047977 ]
 [ 0.13695034 -0.00744271  1.1060233 ]
 [ 0.05586982  0.02040452  1.1484556 ]
 [-0.00126278  0.15692776  0.9357067 ]
 [-0.14738312  0.2985829   0.8203394 ]
 [-0.11984521  0.4053961   0.64542496]
 [ 0.05115421 -0.14543095  0.97977513]
 [ 0.02974413 -0.32885098  0.7861303 ]
 [ 0.15554285 -0.2586733   0.76645124]]
[[ 0.          0.          0.5249665 ]
 [-0.00920159 -0.10175756  0.515454  ]
 [-0.02276146 -0.06680043  0.2623265 ]
 [-0.3382248   0.00830829  0.20681429]
 [-0.3448832   0.11839506  0.13491955]
 [ 0.00909713  0.101535    0.5343586 ]
 [ 0.2620552   0.12874609  0.3224426 ]
 [ 0.2627116  -0.00998783  0.00254387]
 [ 0.37702337 -0.03762585  0.        ]
 [ 0.00859274  0.00634153  0.7470916 ]
 [ 0.02150278  0.01918381  1.0110348 ]
 [ 0.11835781  0.00196779  1.1222687 ]
 [ 0.0378689   0.03069824  1.1583323 ]
 [-0.01154549  0.16500223  0.934993  ]
 [-0.12989205  0.31059402  0.7999979 ]
 [-0.0729066   0.42004398  0.6254714 ]
 [ 0.03484539 -0.13807175  0.98854697]
 [ 0.0038933  -0.3243512   0.7991209 ]
 [ 0.10847506 -0.3205414   0.7496495 ]]
[[ 0.          0.          0.56984633]
 [-0.00448417 -0.10328357  0.5655074 ]
 [ 0.0437981  -0.1076611   0.29782903]
 [-0.31742886 -0.05167538  0.2633474 ]
 [-0.33604792  0.04587409  0.19023973]
 [ 0.00436258  0.10304592  0.5740573 ]
 [ 0.2377832   0.13563526  0.36351112]
 [ 0.21923032  0.0146178   0.02079117]
 [ 0.31594354  0.00662577  0.        ]
 [ 0.0055      0.01576369  0.79166466]
 [ 0.01539301  0.02992484  1.0556128 ]
 [ 0.11485402  0.00668156  1.1763403 ]
 [ 0.0281296   0.03465337  1.2069743 ]
 [-0.0077517   0.17526507  0.97253937]
 [-0.09468719  0.30975527  0.8199632 ]
 [ 0.00849584  0.39030346  0.6751334 ]
 [ 0.02342673 -0.12953582  1.0336704 ]
 [-0.03045854 -0.3146763   0.8584726 ]
 [ 0.07988957 -0.33713886  0.7988687 ]]
[[ 0.0000000e+00  0.0000000e+00  5.7721347e-01]
 [-9.9835172e-04 -1.0050386e-01  5.7355702e-01]
 [ 1.2547125e-01 -1.1582564e-01  3.3966160e-01]
 [-2.5200641e-01 -8.2130402e-02  3.0089158e-01]
 [-2.8179824e-01  1.5999317e-02  2.2464770e-01]
 [ 8.5250661e-04  1.0023791e-01  5.8074152e-01]
 [ 2.2030222e-01  1.3664116e-01  3.7648749e-01]
 [ 1.7571551e-01  6.9637299e-03  2.2137403e-02]
 [ 2.4567574e-01  1.8585086e-02  0.0000000e+00]
 [ 3.0905548e-03  2.1629095e-02  7.9704744e-01]
 [ 1.1898179e-02  3.9891899e-02  1.0598021e+00]
 [ 1.1651717e-01  1.3766170e-02  1.1785631e+00]
 [ 2.3492102e-02  4.9955964e-02  1.2111549e+00]
 [ 2.5459677e-03  1.8523526e-01  9.7410452e-01]
 [-7.8928620e-03  3.5374767e-01  8.1803524e-01]
 [ 1.7373762e-01  4.7820547e-01  7.2917521e-01]
 [ 1.2974642e-02 -1.1730921e-01  1.0340567e+00]
 [-3.9060820e-02 -3.0801693e-01  8.6530995e-01]
 [ 5.1659435e-02 -3.2652727e-01  8.0181956e-01]]
[[ 0.          0.          0.5233926 ]
 [-0.00934777 -0.09807931  0.5217315 ]
 [ 0.1948734  -0.19559495  0.35137212]
 [-0.13442136 -0.14901519  0.1872237 ]
 [-0.0873263  -0.09685418  0.07998076]
 [ 0.00922223  0.09782282  0.5249713 ]
 [ 0.23853368  0.10385507  0.30826122]
 [ 0.12604849  0.01657572  0.01113576]
 [ 0.09028001  0.06517851  0.        ]
 [ 0.01533534  0.00918257  0.7467667 ]
 [ 0.03539718  0.02614966  1.0096116 ]
 [ 0.15375614 -0.00820136  1.1160069 ]
 [ 0.05980332  0.04288042  1.1580637 ]
 [ 0.04930783  0.17046148  0.9195678 ]
 [ 0.12668952  0.3369472   0.76225483]
 [ 0.29823774  0.41249636  0.73319966]
 [ 0.00403374 -0.1251247   0.99319637]
 [-0.10506603 -0.333628    0.87775046]
 [-0.09002718 -0.4714598   0.8329973 ]]
[[ 0.          0.          0.6237844 ]
 [-0.02730471 -0.09581167  0.62350976]
 [ 0.30688745 -0.24576703  0.50058234]
 [ 0.2575583  -0.297943    0.17637777]
 [ 0.37030894 -0.29145405  0.15331677]
 [ 0.02724349  0.09566151  0.62403846]
 [-0.00741142  0.24518427  0.32296658]
 [-0.2027854   0.2805551   0.09183127]
 [-0.16520834  0.33145612  0.        ]
 [ 0.02338622 -0.00229497  0.8495585 ]
 [ 0.06256906  0.01061004  1.1069324 ]
 [ 0.1844981  -0.05184168  1.1858357 ]
 [ 0.10983285  0.03317755  1.2366606 ]
 [ 0.14128798  0.12475386  1.0297143 ]
 [ 0.2758348   0.20077989  0.85300833]
 [ 0.3487248   0.0895915   0.8977915 ]
 [-0.04050967 -0.09677088  1.1099484 ]
 [-0.25277027 -0.2500697   1.1033719 ]
 [-0.38787493 -0.42571005  1.0809882 ]]
[[ 0.          0.          0.60719883]
 [-0.01331967 -0.10513754  0.6092537 ]
 [ 0.27894184 -0.22483134  0.44890523]
 [ 0.3722083  -0.27233213  0.10668504]
 [ 0.5351175  -0.25951886  0.1409967 ]
 [ 0.0132532   0.10497007  0.6051332 ]
 [-0.01059385  0.16659224  0.26886982]
 [-0.28009337  0.13905758  0.08855319]
 [-0.2871207   0.20771766  0.        ]
 [ 0.02482309  0.00272532  0.8321114 ]
 [ 0.06604322  0.01392734  1.089368  ]
 [ 0.19666563 -0.04472652  1.1638736 ]
 [ 0.11487146  0.03401768  1.2179816 ]
 [ 0.13751334  0.12960836  1.0071331 ]
 [ 0.24987164  0.14544564  0.807243  ]
 [ 0.31949192  0.00994229  0.85160863]
 [-0.03008652 -0.10098472  1.0908539 ]
 [-0.2696478  -0.21668863  1.0745085 ]
 [-0.42181915 -0.32706112  1.0353972 ]]
[[ 0.          0.          0.5917247 ]
 [-0.01519388 -0.10209287  0.5930226 ]
 [ 0.2818429  -0.21624145  0.41543955]
 [ 0.3806943  -0.25972614  0.08223325]
 [ 0.5299355  -0.250112    0.1062831 ]
 [ 0.01511825  0.10191169  0.5903988 ]
 [-0.01333904  0.13349472  0.25492263]
 [-0.2658373   0.15570629  0.09519696]
 [-0.27894992  0.223593    0.        ]
 [ 0.02566533  0.00201261  0.8168628 ]
 [ 0.07009941  0.01475668  1.0732466 ]
 [ 0.19917828 -0.04242456  1.1571991 ]
 [ 0.11767644  0.03347898  1.206332  ]
 [ 0.13817137  0.12711245  0.98387206]
 [ 0.24078237  0.1473603   0.77376914]
 [ 0.3451614   0.04540449  0.76874584]
 [-0.0244277  -0.1021933   1.0820153 ]
 [-0.25353003 -0.24137238  1.0870948 ]
 [-0.4010688  -0.33211887  1.0841601 ]]
[[ 0.          0.          0.5421073 ]
 [-0.01432937 -0.10398556  0.5434021 ]
 [ 0.25647575 -0.19982608  0.36011064]
 [ 0.35842776 -0.23375177  0.        ]
 [ 0.5362427  -0.20874071  0.01233315]
 [ 0.01425773  0.1037876   0.5407872 ]
 [-0.00232848  0.14060836  0.17435765]
 [-0.2921531   0.10817006  0.08908755]
 [-0.33694232  0.16682762  0.00288415]
 [ 0.02170984  0.01160878  0.76592433]
 [ 0.05575069  0.02168626  1.0237315 ]
 [ 0.18166116 -0.03429508  1.1117418 ]
 [ 0.08803384  0.0331952   1.1641834 ]
 [ 0.12129685  0.13778538  0.9284689 ]
 [ 0.2287609   0.19266422  0.7109517 ]
 [ 0.3231005   0.10693045  0.6762243 ]
 [-0.0452778  -0.09270775  1.0260634 ]
 [-0.27543706 -0.23750535  1.0563283 ]
 [-0.40926528 -0.33792824  1.074441  ]]
[[ 0.          0.          0.6023067 ]
 [-0.0118244  -0.10434419  0.6026021 ]
 [ 0.19899178 -0.17441693  0.3858721 ]
 [ 0.25428227 -0.19346994  0.01543766]
 [ 0.41829237 -0.15316677  0.        ]
 [ 0.0117259   0.10409641  0.6019726 ]
 [ 0.05482168  0.0986827   0.24933717]
 [-0.29978496  0.02649578  0.24057311]
 [-0.37248123  0.06510982  0.14465073]
 [ 0.01310792  0.01455052  0.82503617]
 [ 0.04254214  0.02480683  1.0864377 ]
 [ 0.1619846  -0.03085887  1.1895151 ]
 [ 0.06212132  0.02645463  1.23218   ]
 [ 0.09095856  0.15201524  0.98475057]
 [ 0.18573202  0.2461239   0.7640598 ]
 [ 0.24801168  0.2597986   0.6632042 ]
 [-0.04836743 -0.09123614  1.0842173 ]
 [-0.2606027  -0.2547962   1.1528404 ]
 [-0.39422834 -0.3553439   1.1873078 ]]
[[ 0.          0.          0.5880374 ]
 [-0.00616451 -0.10329056  0.5931363 ]
 [ 0.09568104 -0.176174    0.32486665]
 [ 0.01118705 -0.17212117  0.01210696]
 [ 0.13936275 -0.12223542  0.        ]
 [ 0.00605678  0.10302081  0.5828759 ]
 [ 0.16015114  0.06985059  0.28014553]
 [-0.25036275 -0.02068347  0.2975814 ]
 [-0.3149594   0.02056643  0.20404783]
 [-0.00644482  0.02481443  0.80729365]
 [ 0.0056761   0.04104167  1.0692261 ]
 [ 0.11079359  0.00326204  1.1828574 ]
 [ 0.00936484  0.04680502  1.2218382 ]
 [ 0.01362529  0.17621088  0.96150166]
 [ 0.045525    0.30185357  0.75225246]
 [ 0.1289289   0.39464664  0.630946  ]
 [-0.05323997 -0.08268982  1.0674733 ]
 [-0.23742408 -0.27375582  1.1689053 ]
 [-0.31456074 -0.30260703  1.2381029 ]]
[[ 0.          0.          0.5866885 ]
 [-0.00564369 -0.10194109  0.58544964]
 [ 0.02170163 -0.13664743  0.28899658]
 [-0.18949911 -0.10551852  0.0592196 ]
 [-0.09338598 -0.03540117  0.        ]
 [ 0.0055564   0.10165861  0.5878224 ]
 [ 0.24721724  0.01341537  0.34225205]
 [-0.13548434 -0.09289071  0.24843332]
 [-0.14184684 -0.06844714  0.17618293]
 [-0.02014128  0.02321744  0.80616313]
 [-0.01918609  0.04257002  1.0687495 ]
 [ 0.07581546  0.02296883  1.1861682 ]
 [-0.01758061  0.03981519  1.2205094 ]
 [-0.04569814  0.18282443  0.9608144 ]
 [-0.04688913  0.32929417  0.7730564 ]
 [ 0.00206411  0.50066304  0.6359837 ]
 [-0.03489563 -0.08855358  1.070325  ]
 [-0.17008194 -0.28683382  1.2173398 ]
 [-0.20810688 -0.31100312  1.2659694 ]]
[[ 0.          0.          0.5430429 ]
 [-0.01499833 -0.10050679  0.53234667]
 [-0.07336028 -0.17315972  0.20711929]
 [-0.39802492 -0.22415453  0.18687117]
 [-0.3978263  -0.1601708   0.1473875 ]
 [ 0.01491263  0.10021649  0.5535987 ]
 [ 0.29031807  0.04029864  0.38269478]
 [ 0.10345127 -0.09199923  0.07548183]
 [ 0.22280008 -0.09562916  0.        ]
 [-0.02014846  0.01557717  0.76395494]
 [-0.03375692  0.03468436  1.02503   ]
 [ 0.0554869   0.02454579  1.1511155 ]
 [-0.0391514   0.03161007  1.176472  ]
 [-0.05709566  0.17701244  0.93072814]
 [-0.12012085  0.33065993  0.7733066 ]
 [-0.10365123  0.49201167  0.6617625 ]
 [-0.02795481 -0.11439496  1.01927   ]
 [-0.06696062 -0.34919152  1.0566953 ]
 [-0.01603383 -0.30367064  1.1116481 ]]
[[ 0.          0.          0.5484763 ]
 [-0.01036336 -0.09142636  0.53791344]
 [-0.08090741 -0.19953164  0.21254882]
 [-0.39310476 -0.29940853  0.27480143]
 [-0.43355733 -0.24201712  0.279684  ]
 [ 0.01028588  0.09118804  0.55891573]
 [ 0.24741197  0.02635381  0.33993363]
 [ 0.2354793  -0.19117713  0.        ]
 [ 0.34414053 -0.23530269  0.01095051]
 [-0.01300967  0.00968646  0.76724875]
 [-0.0324487   0.01668337  1.0275683 ]
 [ 0.0385848   0.01573819  1.1679063 ]
 [-0.0499562   0.01637089  1.1840744 ]
 [-0.05663577  0.15741795  0.94470406]
 [-0.1347987   0.31696552  0.8238257 ]
 [-0.11601305  0.45694518  0.7603621 ]
 [-0.01041032 -0.13129973  1.0105171 ]
 [-0.02225855 -0.34998167  0.9739775 ]
 [ 0.06138368 -0.3105837   0.9875572 ]]
[[ 0.          0.          0.5602137 ]
 [-0.01638474 -0.09884746  0.5514563 ]
 [-0.07075152 -0.24416977  0.25350666]
 [-0.39670223 -0.3735828   0.3173148 ]
 [-0.45399523 -0.31691408  0.34479308]
 [ 0.01630475  0.09864046  0.56886053]
 [ 0.25480944  0.05654024  0.32520092]
 [ 0.27551636 -0.17452925  0.        ]
 [ 0.3921603  -0.22129053  0.02335238]
 [-0.01231462  0.01019691  0.7768674 ]
 [-0.02794668  0.02172154  1.0374144 ]
 [ 0.033164    0.02356696  1.1797961 ]
 [-0.05040605  0.02156425  1.1937027 ]
 [-0.04061851  0.1709956   0.9649396 ]
 [-0.09423874  0.35461047  0.8684188 ]
 [-0.06860489  0.4803573   0.8301937 ]
 [-0.02347916 -0.13198492  1.0113676 ]
 [-0.04445178 -0.37251312  0.94802403]
 [ 0.01856349 -0.43269145  0.93927157]]
[[ 0.          0.          0.6136606 ]
 [-0.0182534  -0.10437139  0.6088319 ]
 [ 0.00957166 -0.25741944  0.36122465]
 [-0.3686603  -0.36023182  0.45624793]
 [-0.43075192 -0.30676788  0.44755197]
 [ 0.01818199  0.10415147  0.61837894]
 [ 0.23865613  0.09440494  0.37488195]
 [ 0.25651652 -0.10588413  0.        ]
 [ 0.3956119  -0.13670403  0.00234181]
 [-0.01606892  0.01524051  0.831747  ]
 [-0.04294481  0.03124455  1.0946189 ]
 [ 0.01700952  0.03314221  1.2342091 ]
 [-0.06595549  0.03193605  1.2483742 ]
 [-0.03432524  0.18182534  1.0256348 ]
 [-0.0501377   0.38871878  0.96654284]
 [ 0.03222866  0.5285031   0.9841632 ]
 [-0.05134336 -0.12244701  1.0596256 ]
 [-0.1164849  -0.3590135   0.96215266]
 [-0.11238863 -0.53368276  0.8448263 ]]
[[ 0.          0.          0.70139754]
 [-0.01209662 -0.10759412  0.7059874 ]
 [ 0.1685423  -0.2758673   0.5605076 ]
 [-0.2293194  -0.38872498  0.5388345 ]
 [-0.26042414 -0.34942847  0.49294057]
 [ 0.01198712  0.10733506  0.69671345]
 [ 0.1498043   0.06198049  0.41950926]
 [ 0.08592953 -0.10806638  0.04011393]
 [ 0.185525   -0.10167283  0.        ]
 [-0.0282444   0.03948079  0.91235775]
 [-0.07206856  0.05830249  1.176564  ]
 [-0.01412112  0.04758734  1.3165145 ]
 [-0.09713572  0.06577986  1.3345686 ]
 [-0.03845304  0.19434232  1.1118054 ]
 [-0.01738478  0.3528775   1.0987978 ]
 [ 0.07334307  0.4532234   1.1763074 ]
 [-0.10667155 -0.0826444   1.1374578 ]
 [-0.243312   -0.28715986  1.0488307 ]
 [-0.16715536 -0.41365337  0.8492702 ]]
[[ 0.          0.          0.64958453]
 [-0.01909908 -0.09850951  0.6544482 ]
 [ 0.23349994 -0.3333621   0.61097324]
 [-0.03078879 -0.45319128  0.44035214]
 [ 0.02527121 -0.44660893  0.36773038]
 [ 0.01897264  0.09826418  0.64466435]
 [ 0.07728919  0.08992982  0.3133184 ]
 [-0.15607467  0.05947453  0.06502676]
 [-0.15476985  0.07925332  0.        ]
 [-0.0540886   0.05023052  0.85669214]
 [-0.1317491   0.06827641  1.1165514 ]
 [-0.0553251   0.03323931  1.2496432 ]
 [-0.13659087  0.08057427  1.2787849 ]
 [-0.05235027  0.18967354  1.0659232 ]
 [ 0.07425753  0.31934172  1.0715219 ]
 [ 0.14368203  0.35176474  1.1598808 ]
 [-0.20324826 -0.04187956  1.0607182 ]
 [-0.34114635 -0.21528658  0.90244156]
 [-0.4808197  -0.4058212   0.83209634]]
[[ 0.          0.          0.4839015 ]
 [-0.01620462 -0.09954827  0.48804387]
 [ 0.2474646  -0.3311566   0.48701698]
 [ 0.21975932 -0.45427644  0.20622534]
 [ 0.36405468 -0.43363115  0.23271984]
 [ 0.01610939  0.09936266  0.47972053]
 [ 0.0542456   0.16556254  0.11921614]
 [-0.25545946  0.13680047  0.06035528]
 [-0.32541996  0.18123269  0.        ]
 [-0.0624223   0.03003834  0.6921015 ]
 [-0.13184585  0.03837922  0.9497118 ]
 [-0.05711114 -0.00706738  1.0777028 ]
 [-0.13510197  0.04207993  1.1114457 ]
 [-0.04664424  0.15480065  0.9025329 ]
 [ 0.12893079  0.26615363  0.90403974]
 [ 0.24926707  0.25585902  0.9714047 ]
 [-0.22131607 -0.05451632  0.8928977 ]
 [-0.39836663 -0.23671174  0.82304215]
 [-0.555127   -0.42264783  0.7901803 ]]
[[ 0.          0.          0.4097973 ]
 [-0.01149047 -0.10114074  0.41559127]
 [ 0.25905186 -0.30934522  0.41923162]
 [ 0.35686412 -0.40912265  0.16842782]
 [ 0.5023871  -0.37534007  0.25089273]
 [ 0.0113891   0.10097003  0.40397358]
 [ 0.08198476  0.17203683  0.03097951]
 [-0.24928826  0.08154583  0.02674723]
 [-0.32695127  0.12612447  0.        ]
 [-0.05332419  0.02799043  0.6211107 ]
 [-0.11325154  0.03321767  0.8805238 ]
 [-0.03194795 -0.01311803  1.0073906 ]
 [-0.1143302   0.03065467  1.0463238 ]
 [-0.0376043   0.15335298  0.831004  ]
 [ 0.15657258  0.23948517  0.8130679 ]
 [ 0.27666637  0.18174827  0.8587128 ]
 [-0.1908557  -0.06572083  0.8216964 ]
 [-0.34045857 -0.25918     0.75791615]
 [-0.4714533  -0.43573713  0.7465011 ]]
[[ 0.          0.          0.40994644]
 [-0.00781164 -0.09953116  0.41667137]
 [ 0.26427326 -0.30926788  0.4061746 ]
 [ 0.42076802 -0.46900722  0.14652726]
 [ 0.5520817  -0.43510967  0.24811104]
 [ 0.00771336  0.0993723   0.4031849 ]
 [ 0.12156667  0.1651455   0.03956491]
 [-0.20932898  0.07675013  0.02927417]
 [-0.2603261   0.11813903  0.        ]
 [-0.04343253  0.02748796  0.62512505]
 [-0.09459786  0.02609357  0.8857249 ]
 [-0.00749073 -0.01736444  1.010932  ]
 [-0.0924437   0.02068937  1.0476702 ]
 [-0.02329188  0.14774954  0.83184516]
 [ 0.17851335  0.22308731  0.7974477 ]
 [ 0.33074784  0.16654813  0.84331095]
 [-0.16528505 -0.07617965  0.82874674]
 [-0.25581092 -0.28400904  0.74297464]
 [-0.32310528 -0.4471491   0.7196047 ]]
[[ 0.          0.          0.43887013]
 [-0.01273706 -0.09863798  0.4401136 ]
 [ 0.28019217 -0.3028431   0.43026024]
 [ 0.51070493 -0.4029253   0.20775065]
 [ 0.6433171  -0.37396348  0.32194018]
 [ 0.01263468  0.09848194  0.43757665]
 [ 0.18030965  0.15259124  0.12314948]
 [-0.14805567  0.11418563  0.06119108]
 [-0.16054785  0.16087133  0.        ]
 [-0.034703    0.02771033  0.65191084]
 [-0.08197919  0.0228017   0.9136734 ]
 [ 0.01353749 -0.02225918  1.031883  ]
 [-0.07342525  0.02005619  1.076134  ]
 [-0.00901002  0.14540708  0.86145777]
 [ 0.18485172  0.24008286  0.8034199 ]
 [ 0.32561636  0.17410174  0.82177526]
 [-0.14654642 -0.0844073   0.8480968 ]
 [-0.19538736 -0.2849689   0.7249634 ]
 [-0.25327188 -0.4681619   0.68890774]]
[[ 0.          0.          0.44869843]
 [-0.01505537 -0.09575426  0.44526878]
 [ 0.31493467 -0.25025335  0.43185133]
 [ 0.66300774 -0.30129346  0.2756154 ]
 [ 0.78817546 -0.28038877  0.42059377]
 [ 0.01494599  0.09561045  0.45204446]
 [ 0.22405171  0.0920215   0.22956035]
 [-0.03313553  0.07048967  0.05948693]
 [ 0.00950526  0.11273119  0.        ]
 [-0.02092272  0.01920226  0.6579667 ]
 [-0.05900888  0.00973246  0.9183575 ]
 [ 0.04558578 -0.03821433  1.0335547 ]
 [-0.04435754  0.00265151  1.0774794 ]
 [ 0.01074228  0.13848493  0.8610612 ]
 [ 0.22401527  0.25222605  0.7842996 ]
 [ 0.37176332  0.24005242  0.757554  ]
 [-0.11159125 -0.10471418  0.8534368 ]
 [-0.1364042  -0.31372213  0.74112195]
 [-0.14514911 -0.46511793  0.7038567 ]]
[[ 0.00000000e+00  0.00000000e+00  4.27696586e-01]
 [-9.78569500e-03 -9.94566828e-02  4.20582205e-01]
 [ 3.43536615e-01 -1.89230055e-01  4.09245312e-01]
 [ 7.48545945e-01 -1.63382709e-01  2.91901350e-01]
 [ 8.68900478e-01 -1.51905775e-01  4.49688613e-01]
 [ 9.69738886e-03  9.93276536e-02  4.34728861e-01]
 [ 2.49036580e-01  7.72607848e-02  3.13073754e-01]
 [ 1.46456406e-01  7.73485303e-02  3.98447216e-02]
 [ 2.51193494e-01  1.15403831e-01  0.00000000e+00]
 [-1.35161113e-02  8.89897346e-05  6.22643232e-01]
 [-4.09855247e-02 -8.94749165e-03  8.80638123e-01]
 [ 6.71587512e-02 -5.62638044e-02  9.97891903e-01]
 [-2.06315331e-02 -2.08209157e-02  1.03990304e+00]
 [ 3.43311951e-03  1.25571519e-01  8.15645099e-01]
 [ 1.67538822e-01  2.57838726e-01  6.89543068e-01]
 [ 3.02383721e-01  3.38500321e-01  6.23625636e-01]
 [-6.52909651e-02 -1.35123968e-01  8.13293874e-01]
 [-7.90842623e-02 -3.47149014e-01  6.75487757e-01]
 [-1.15923434e-01 -4.92025554e-01  6.45906210e-01]]
[[ 0.00000000e+00  0.00000000e+00  3.68247747e-01]
 [-3.08260322e-03 -1.00876026e-01  3.57768238e-01]
 [ 3.62395465e-01 -1.83075473e-01  3.62229913e-01]
 [ 7.08227038e-01 -1.50986776e-01  1.83183417e-01]
 [ 8.42183769e-01 -1.37303650e-01  3.19742560e-01]
 [ 2.98638269e-03  1.00739740e-01  3.78616482e-01]
 [ 2.76759982e-01  8.15184936e-02  2.90833175e-01]
 [ 2.70064175e-01  4.08123136e-02  1.99014544e-02]
 [ 3.68710130e-01  7.30143189e-02  0.00000000e+00]
 [-1.76759250e-02 -1.18166208e-04  5.48987389e-01]
 [-4.66298722e-02 -1.21876597e-02  8.01923275e-01]
 [ 6.08395860e-02 -5.20862043e-02  9.20411885e-01]
 [-3.52560021e-02 -2.63206363e-02  9.64359403e-01]
 [-3.12611088e-02  1.25717133e-01  7.40560889e-01]
 [ 6.70945346e-02  2.96911418e-01  5.88153422e-01]
 [ 1.69974580e-01  4.54589427e-01  4.87881035e-01]
 [-5.23382537e-02 -1.38775095e-01  7.32813358e-01]
 [-8.32774490e-03 -3.66114736e-01  6.25111818e-01]
 [ 7.14200139e-02 -4.33165014e-01  5.92290878e-01]]
[[ 0.          0.          0.33737996]
 [-0.0025422  -0.10546222  0.3306128 ]
 [ 0.36678898 -0.17747629  0.37418512]
 [ 0.6209209  -0.10741884  0.17574246]
 [ 0.76580477 -0.08571294  0.2892487 ]
 [ 0.00243486  0.10531922  0.34403518]
 [ 0.303617    0.12713613  0.33000165]
 [ 0.26965827  0.16072486  0.03682914]
 [ 0.3803872   0.20014632  0.        ]
 [-0.04223911 -0.01146837  0.50917673]
 [-0.09099294 -0.02510703  0.75889206]
 [ 0.0223881  -0.06711981  0.87913465]
 [-0.07623991 -0.03383458  0.9259045 ]
 [-0.08354509  0.11340886  0.70005393]
 [-0.05326119  0.2940172   0.54242647]
 [-0.04087099  0.44006714  0.42412466]
 [-0.08988011 -0.15191364  0.6824287 ]
 [-0.03786288 -0.3445457   0.49488539]
 [ 0.03501032 -0.4143559   0.42048785]]
[[ 0.          0.          0.30156317]
 [-0.00383569 -0.1055626   0.28837386]
 [ 0.36194354 -0.20184207  0.37566507]
 [ 0.57155913 -0.09081121  0.20793304]
 [ 0.70226943 -0.07657434  0.30842924]
 [ 0.00375438  0.10545344  0.3146497 ]
 [ 0.30846962  0.10633462  0.34618446]
 [ 0.21404791  0.17054278  0.03525332]
 [ 0.3331586   0.19388899  0.        ]
 [-0.08072354 -0.02577151  0.45388716]
 [-0.1640685  -0.06106764  0.6868119 ]
 [-0.04783043 -0.10322756  0.80931556]
 [-0.1502155  -0.07541052  0.84988654]
 [-0.15430239  0.08395281  0.6367632 ]
 [-0.13921766  0.2838596   0.5015427 ]
 [-0.1367571   0.47971952  0.42083937]
 [-0.16419405 -0.1844821   0.60685265]
 [-0.16791739 -0.39449424  0.44169462]
 [-0.13454777 -0.47847348  0.40704325]]
[[ 0.          0.          0.3183771 ]
 [-0.00176601 -0.1045277   0.30165368]
 [ 0.36569142 -0.1652799   0.3725327 ]
 [ 0.46244895  0.06018136  0.21857795]
 [ 0.66522956  0.05401497  0.34131476]
 [ 0.00168967  0.10442563  0.3350206 ]
 [ 0.31181693  0.05346913  0.3522709 ]
 [ 0.17337722  0.12298994  0.03738305]
 [ 0.2412296   0.1578271   0.        ]
 [-0.11806066 -0.05199312  0.4556447 ]
 [-0.22848663 -0.09629029  0.67656624]
 [-0.1202683  -0.13505381  0.80071896]
 [-0.21076465 -0.09952176  0.84077775]
 [-0.21359798  0.04658005  0.6316534 ]
 [-0.23612571  0.21997537  0.4836062 ]
 [-0.24149299  0.43269432  0.4252455 ]
 [-0.22104615 -0.21664429  0.59244454]
 [-0.22542223 -0.42599756  0.42940938]
 [-0.18306291 -0.5352953   0.40110025]]
[[ 0.          0.          0.30909044]
 [-0.00516801 -0.10413025  0.2874796 ]
 [ 0.35785723 -0.18364194  0.30224773]
 [ 0.34692776  0.05459334  0.1478886 ]
 [ 0.52035856  0.03706894  0.2481771 ]
 [ 0.00505814  0.10401175  0.3306278 ]
 [ 0.34625518  0.02809902  0.33036426]
 [ 0.1592552   0.09671587  0.04422984]
 [ 0.22086766  0.12922494  0.        ]
 [-0.1297998  -0.03350107  0.43127808]
 [-0.25514323 -0.06570065  0.6391359 ]
 [-0.15795954 -0.10452399  0.7625753 ]
 [-0.25346482 -0.06559053  0.8050642 ]
 [-0.23915562  0.06785563  0.59804165]
 [-0.26970834  0.24675821  0.45115358]
 [-0.23720068  0.471121    0.4378248 ]
 [-0.24454042 -0.1794372   0.5481597 ]
 [-0.20836544 -0.3683519   0.38667437]
 [-0.03566919 -0.45545602  0.34627116]]
[[ 0.          0.          0.28840446]
 [-0.00939598 -0.097913    0.258323  ]
 [ 0.3358872  -0.19018744  0.2727578 ]
 [ 0.23989698  0.0539054   0.09714074]
 [ 0.4178421   0.03192888  0.16702715]
 [ 0.00932663  0.0977926   0.31844229]
 [ 0.355799    0.01665268  0.3221379 ]
 [ 0.1537977   0.14634234  0.06271333]
 [ 0.19457144  0.18262026  0.        ]
 [-0.13506377 -0.02700474  0.41844648]
 [-0.27038407 -0.06221434  0.6327855 ]
 [-0.178484   -0.10880524  0.74636805]
 [-0.2671202  -0.06660208  0.79486984]
 [-0.23790216  0.06613618  0.60104096]
 [-0.2465682   0.26516807  0.4778461 ]
 [-0.15088522  0.49827212  0.49959183]
 [-0.2754362  -0.16921234  0.5334471 ]
 [-0.28835362 -0.35534453  0.34801877]
 [-0.28590426 -0.5630814   0.25813144]]
[[ 0.          0.          0.21638896]
 [-0.01901219 -0.08544381  0.17603795]
 [ 0.3470325  -0.22268946  0.22202358]
 [ 0.32704675 -0.04155353  0.04947604]
 [ 0.42293042 -0.0505549   0.03745659]
 [ 0.01893317  0.08529615  0.2566843 ]
 [ 0.365925   -0.02464955  0.28958166]
 [ 0.19818275  0.20870267  0.0729643 ]
 [ 0.25783882  0.2128772   0.        ]
 [-0.14690365 -0.0446571   0.34004503]
 [-0.29568055 -0.10017338  0.5492395 ]
 [-0.20704807 -0.14869216  0.6596186 ]
 [-0.2918339  -0.10305542  0.70224524]
 [-0.23934485  0.01951444  0.53597987]
 [-0.1831102   0.20117992  0.45026743]
 [-0.061574    0.35271442  0.49345398]
 [-0.3249612  -0.19230284  0.44058204]
 [-0.40277496 -0.34582984  0.23641787]
 [-0.41393888 -0.55240595  0.15359236]]
[[ 0.          0.          0.15927576]
 [-0.02715498 -0.08071399  0.09883398]
 [ 0.33437347 -0.22177066  0.1566567 ]
 [ 0.4312219   0.11634865  0.05558614]
 [ 0.591817    0.08660412  0.06202407]
 [ 0.02709082  0.0806274   0.21970813]
 [ 0.34875694 -0.09223043  0.29741102]
 [ 0.25708354  0.13977768  0.09255612]
 [ 0.29925776  0.13819161  0.        ]
 [-0.152533   -0.05536463  0.2882288 ]
 [-0.31066987 -0.13180366  0.49321514]
 [-0.23634344 -0.19724593  0.5878992 ]
 [-0.30594918 -0.14252219  0.6244118 ]
 [-0.22507499 -0.0253163   0.5036739 ]
 [-0.06571963  0.10726631  0.48005557]
 [ 0.06629902  0.04165354  0.5042349 ]
 [-0.370083   -0.19724077  0.3740825 ]
 [-0.511256   -0.3160848   0.18572603]
 [-0.59265107 -0.5164417   0.1421635 ]]
[[ 0.          0.          0.13902487]
 [-0.02848921 -0.080403    0.07287998]
 [ 0.31616235 -0.21754044  0.10887543]
 [ 0.45270944  0.12720916  0.03440277]
 [ 0.60298836  0.09426978  0.04421706]
 [ 0.02841353  0.08032347  0.20516548]
 [ 0.34466708 -0.12209373  0.30445844]
 [ 0.2996116   0.02367311  0.07370201]
 [ 0.35814458 -0.00268129  0.        ]
 [-0.14910242 -0.06170599  0.27184832]
 [-0.3028362  -0.13746333  0.47769976]
 [-0.23863623 -0.20144022  0.5760873 ]
 [-0.30081424 -0.1433101   0.60555565]
 [-0.20790458 -0.03457516  0.49328083]
 [ 0.00272096  0.06210169  0.49365187]
 [ 0.13570124 -0.08014387  0.51947826]
 [-0.37221503 -0.19885942  0.3572573 ]
 [-0.52856606 -0.3025602   0.16682614]
 [-0.61123115 -0.51365846  0.11953218]]
[[ 0.          0.          0.11401284]
 [-0.02873184 -0.08039932  0.04706307]
 [ 0.29898223 -0.2056232   0.07667258]
 [ 0.32442215  0.19693542  0.        ]
 [ 0.47669953  0.15874708  0.00541133]
 [ 0.02866331  0.08032055  0.18095413]
 [ 0.3500003  -0.12421501  0.28382486]
 [ 0.35830653  0.0325077   0.07150264]
 [ 0.42248648 -0.00298616  0.00871831]
 [-0.14556639 -0.06645575  0.2529807 ]
 [-0.29062063 -0.14180495  0.46590894]
 [-0.23131736 -0.20352724  0.5688116 ]
 [-0.28426564 -0.14460975  0.5947297 ]
 [-0.19323233 -0.03546363  0.47818306]
 [-0.00593409  0.06246963  0.4506085 ]
 [ 0.08967011 -0.08835164  0.47725534]
 [-0.3620206  -0.20617898  0.34772074]
 [-0.51513547 -0.31062332  0.16111007]
 [-0.6174478  -0.509773    0.08297974]]
[[ 0.          0.          0.11898032]
 [-0.0344112  -0.07601877  0.04983832]
 [ 0.30943236 -0.19068226  0.0583633 ]
 [ 0.39506584  0.19087191  0.        ]
 [ 0.5285311   0.15498894  0.00984496]
 [ 0.03433121  0.07594282  0.18812254]
 [ 0.33086362 -0.14276765  0.2913348 ]
 [ 0.36809325 -0.00117374  0.08099735]
 [ 0.4351973  -0.04962322  0.02580903]
 [-0.14311394 -0.07232665  0.26309592]
 [-0.28653258 -0.15161414  0.4778122 ]
 [-0.22540253 -0.21678019  0.579299  ]
 [-0.2772514  -0.15167409  0.6054907 ]
 [-0.17597696 -0.05261153  0.49045578]
 [ 0.02678225  0.01330104  0.45865113]
 [ 0.09680608 -0.17545947  0.474154  ]
 [-0.36505538 -0.21022934  0.3594866 ]
 [-0.526952   -0.3046704   0.17825884]
 [-0.6482011  -0.48680183  0.08356467]]
[[ 0.0000000e+00  0.0000000e+00  1.3966340e-01]
 [-3.5635695e-02 -7.2924428e-02  6.7877248e-02]
 [ 3.0196422e-01 -1.8163706e-01  4.6896189e-02]
 [ 3.8717842e-01  2.2578906e-01  1.7464161e-04]
 [ 5.3177053e-01  1.9028741e-01  0.0000000e+00]
 [ 3.5548415e-02  7.2833158e-02  2.1144930e-01]
 [ 3.1334043e-01 -1.4933804e-01  3.2848793e-01]
 [ 4.2302057e-01 -4.1863799e-02  1.3039330e-01]
 [ 4.9251986e-01 -1.0371441e-01  8.5757457e-02]
 [-1.3796735e-01 -7.7483118e-02  2.9052699e-01]
 [-2.7523598e-01 -1.5925734e-01  5.1137286e-01]
 [-2.1986809e-01 -2.2123903e-01  6.1053300e-01]
 [-2.6338547e-01 -1.5325096e-01  6.3685036e-01]
 [-1.5846741e-01 -7.1251750e-02  5.2214575e-01]
 [ 5.0516758e-02 -5.7945192e-02  4.7482273e-01]
 [ 8.3937883e-02 -2.6540083e-01  4.7266749e-01]
 [-3.6060992e-01 -2.1026874e-01  3.9610144e-01]
 [-5.2168369e-01 -2.9812354e-01  2.1384069e-01]
 [-6.4774036e-01 -4.6923304e-01  1.0090947e-01]]
[[ 0.          0.          0.15608206]
 [-0.04100622 -0.06740157  0.08347663]
 [ 0.28510734 -0.17774789  0.02547257]
 [ 0.39463297  0.2079893   0.01677731]
 [ 0.50955635  0.17088087  0.        ]
 [ 0.04089476  0.0672975   0.2286801 ]
 [ 0.28342485 -0.18172263  0.36303562]
 [ 0.4416268  -0.1295661   0.14424494]
 [ 0.51630676 -0.20858009  0.10762705]
 [-0.13394725 -0.06735755  0.3153747 ]
 [-0.26783744 -0.14055684  0.54350364]
 [-0.21062958 -0.20045966  0.64392745]
 [-0.25054786 -0.12780789  0.67136097]
 [-0.14338234 -0.06383109  0.55016327]
 [ 0.06504841 -0.1003516   0.48809683]
 [ 0.06913072 -0.34173602  0.47263452]
 [-0.35962093 -0.18871732  0.43047872]
 [-0.5125177  -0.26449203  0.23498479]
 [-0.6236898  -0.43740937  0.11141166]]
[[ 0.          0.          0.16859795]
 [-0.04646516 -0.0643894   0.09346461]
 [ 0.25056636 -0.16796157  0.        ]
 [ 0.37794122  0.21199775  0.01531905]
 [ 0.52099985  0.16482468  0.00146429]
 [ 0.04634749  0.06427823  0.24373102]
 [ 0.25198668 -0.21448292  0.3836177 ]
 [ 0.44263735 -0.20079164  0.14201513]
 [ 0.5153354  -0.29130676  0.12139361]
 [-0.13077986 -0.06624132  0.33204246]
 [-0.2644714  -0.1371111   0.562613  ]
 [-0.22205617 -0.19470587  0.65994   ]
 [-0.24885106 -0.11498588  0.68969136]
 [-0.13402455 -0.06616282  0.5705141 ]
 [ 0.07101892 -0.10714519  0.4970547 ]
 [ 0.06962535 -0.35739923  0.47026753]
 [-0.36326563 -0.17847131  0.45178515]
 [-0.5071767  -0.24255842  0.24736129]
 [-0.6155253  -0.40497082  0.11129476]]
[[ 0.          0.          0.2098365 ]
 [-0.05650141 -0.05937811  0.13439634]
 [ 0.20751318 -0.18866     0.        ]
 [ 0.35672814  0.18049383  0.04046588]
 [ 0.4942981   0.12879574  0.00920023]
 [ 0.0563675   0.05925627  0.2852777 ]
 [ 0.2174545  -0.24452509  0.4336144 ]
 [ 0.43156034 -0.26192483  0.17352977]
 [ 0.50763106 -0.364461    0.16401096]
 [-0.1295102  -0.05935018  0.3770795 ]
 [-0.2610705  -0.12070704  0.61136717]
 [-0.22104391 -0.17865252  0.71211904]
 [-0.23997504 -0.08750993  0.7392498 ]
 [-0.12140739 -0.06181985  0.61510086]
 [ 0.07452562 -0.13037287  0.52109   ]
 [ 0.04150064 -0.3831377   0.48871183]
 [-0.3690806  -0.15613073  0.5021269 ]
 [-0.4979037  -0.21843019  0.28515345]
 [-0.5976887  -0.3735337   0.13011302]]
[[ 0.          0.          0.23620719]
 [-0.06131086 -0.05221159  0.16124609]
 [ 0.19594546 -0.15323108  0.        ]
 [ 0.37344685  0.21071114  0.06022376]
 [ 0.5005729   0.16339374  0.01116538]
 [ 0.06116123  0.05207155  0.31117108]
 [ 0.19226304 -0.2625577   0.46457005]
 [ 0.39566123 -0.3446113   0.18495111]
 [ 0.46821094 -0.45384887  0.16968009]
 [-0.1295102  -0.05734022  0.40531278]
 [-0.2609839  -0.12116838  0.63964427]
 [-0.22886494 -0.179021    0.74117684]
 [-0.2365843  -0.08211085  0.7625603 ]
 [-0.11486118 -0.07781732  0.6426951 ]
 [ 0.0640228  -0.18340217  0.530066  ]
 [ 0.01879883 -0.42415875  0.4850331 ]
 [-0.37278825 -0.14753938  0.5315863 ]
 [-0.484603   -0.19037732  0.29915494]
 [-0.56818736 -0.33443898  0.13462776]]
[[ 0.          0.          0.26622987]
 [-0.06692322 -0.04275795  0.19359437]
 [ 0.18096155 -0.1202433   0.        ]
 [ 0.3919239   0.22519292  0.09263411]
 [ 0.5112651   0.18077765  0.02362856]
 [ 0.06677181  0.04261398  0.33887368]
 [ 0.15722206 -0.30232868  0.48628655]
 [ 0.33523163 -0.42947707  0.17138714]
 [ 0.38492805 -0.54965657  0.15353522]
 [-0.12933914 -0.05578221  0.43550256]
 [-0.2597142  -0.11789688  0.66965723]
 [-0.23738305 -0.17779872  0.76834834]
 [-0.2322216  -0.07369554  0.7893622 ]
 [-0.1053783  -0.09268993  0.67252517]
 [ 0.0576646  -0.22070843  0.54168904]
 [-0.01613808 -0.46505728  0.50454026]
 [-0.37525395 -0.13305372  0.562463  ]
 [-0.46580622 -0.1636287   0.31680593]
 [-0.5300893  -0.2971813   0.13402301]]
[[ 0.          0.          0.29905695]
 [-0.0716712  -0.03537672  0.2277496 ]
 [ 0.1523515  -0.11150464  0.        ]
 [ 0.40098563  0.21983391  0.12434044]
 [ 0.53098756  0.17512117  0.03646111]
 [ 0.07152013  0.03521138  0.3703703 ]
 [ 0.12512599 -0.32363364  0.50142336]
 [ 0.26754683 -0.46210444  0.15606326]
 [ 0.29639214 -0.5882342   0.14312226]
 [-0.13064912 -0.05580932  0.4693795 ]
 [-0.26129442 -0.11683777  0.70252347]
 [-0.25477493 -0.18011305  0.79447895]
 [-0.24089581 -0.07402965  0.8202114 ]
 [-0.10527515 -0.10336903  0.70703363]
 [ 0.05159794 -0.2272991   0.5661769 ]
 [-0.0106747  -0.46457887  0.51750416]
 [-0.37827027 -0.12009908  0.5945883 ]
 [-0.45584893 -0.13831538  0.33440244]
 [-0.5033586  -0.2701596   0.13758552]]
[[ 0.          0.          0.3257807 ]
 [-0.07591709 -0.0263708   0.25548208]
 [ 0.12845634 -0.07739043  0.        ]
 [ 0.40811586  0.22353955  0.14423896]
 [ 0.53411233  0.17832015  0.04078889]
 [ 0.07577218  0.02619268  0.39608094]
 [ 0.08840011 -0.3310755   0.5123347 ]
 [ 0.2016635  -0.45924073  0.1467697 ]
 [ 0.22429997 -0.585878    0.13451347]
 [-0.13608629 -0.04794531  0.49578035]
 [-0.27192876 -0.10409603  0.7269567 ]
 [-0.2747009  -0.16664904  0.8164969 ]
 [-0.2566082  -0.0589419   0.84146607]
 [-0.11158559 -0.1025053   0.7319783 ]
 [ 0.04043936 -0.23153783  0.58859074]
 [-0.03709501 -0.45843273  0.5453469 ]
 [-0.39186776 -0.09700949  0.6196971 ]
 [-0.45721912 -0.09380288  0.34887964]
 [-0.49927035 -0.21921131  0.14435771]]
[[ 0.          0.          0.34506783]
 [-0.0778356  -0.01746624  0.27696753]
 [ 0.103701   -0.04946452  0.        ]
 [ 0.40517974  0.22406125  0.14918971]
 [ 0.5350357   0.17698255  0.03241181]
 [ 0.07769603  0.01728033  0.4131642 ]
 [ 0.05469146 -0.3331161   0.4990872 ]
 [ 0.1391665  -0.48106912  0.13082796]
 [ 0.14902657 -0.6027006   0.1266419 ]
 [-0.13788748 -0.03820704  0.51547426]
 [-0.27925166 -0.09054872  0.743582  ]
 [-0.2964094  -0.14700693  0.8341049 ]
 [-0.26789457 -0.04003724  0.8541229 ]
 [-0.11701266 -0.10042885  0.7513362 ]
 [ 0.03323817 -0.23801242  0.60342807]
 [-0.06741601 -0.45363516  0.5447163 ]
 [-0.39983237 -0.07158619  0.6368239 ]
 [-0.45314574 -0.04795951  0.35765222]
 [-0.49328613 -0.17347872  0.151335  ]]
[[ 0.          0.          0.35611445]
 [-0.07867578 -0.01008732  0.2902735 ]
 [ 0.08686984 -0.03601119  0.        ]
 [ 0.40080994  0.22320615  0.15249047]
 [ 0.5251083   0.18124676  0.02876544]
 [ 0.07853002  0.00989971  0.42194948]
 [ 0.03374228 -0.33031029  0.485034  ]
 [ 0.09639266 -0.4924414   0.11504817]
 [ 0.0928458  -0.61295116  0.10858589]
 [-0.14084212 -0.04064105  0.5242232 ]
 [-0.28597286 -0.09052837  0.7472877 ]
 [-0.31656173 -0.13892752  0.83649373]
 [-0.27932447 -0.03633803  0.85560244]
 [-0.12302357 -0.11123669  0.7571223 ]
 [ 0.0250484  -0.25130358  0.61042535]
 [-0.07788971 -0.46526974  0.54417205]
 [-0.40679538 -0.0619255   0.6410949 ]
 [-0.4547927  -0.03054868  0.35998   ]
 [-0.493742   -0.15779507  0.1508171 ]]
[[ 0.          0.          0.36607036]
 [-0.08021884 -0.00531982  0.30176923]
 [ 0.07926147 -0.01717722  0.        ]
 [ 0.40375003  0.2274907   0.1509948 ]
 [ 0.5206024   0.18369097  0.02336016]
 [ 0.08007745  0.00512956  0.43035844]
 [ 0.018722   -0.3323027   0.47306925]
 [ 0.06180421 -0.4988227   0.09796312]
 [ 0.04900807 -0.6144942   0.09499523]
 [-0.1430861  -0.0410358   0.5345887 ]
 [-0.29223436 -0.0936285   0.7550094 ]
 [-0.33061832 -0.13555846  0.8437636 ]
 [-0.28793758 -0.03555542  0.86089325]
 [-0.12962903 -0.11870858  0.769238  ]
 [ 0.01547511 -0.26233372  0.62071526]
 [-0.07553509 -0.4775036   0.53984857]
 [-0.41096818 -0.06006898  0.6480334 ]
 [-0.4547379  -0.0215266   0.36652297]
 [-0.49791783 -0.1470353   0.15461951]]
