[[ 0.00000000e+00  0.00000000e+00  7.27760732e-01]
 [ 2.36967653e-02 -8.81055444e-02  7.13637292e-01]
 [-1.62196994e-01  2.19922066e-02  4.46179628e-01]
 [-5.73575139e-01  7.88762718e-02  5.63711822e-01]
 [-6.48714840e-01  1.86384439e-01  4.88517106e-01]
 [-2.36465335e-02  8.78286511e-02  7.41213083e-01]
 [ 2.50151485e-01  1.74719602e-01  4.48468477e-01]
 [ 3.58136415e-01  2.02567875e-01  2.82034278e-02]
 [ 5.01262903e-01  2.17461944e-01  0.00000000e+00]
 [ 3.79139856e-02  2.22509056e-02  9.37796235e-01]
 [ 8.03421289e-02  2.61002183e-02  1.17517543e+00]
 [ 1.73061550e-01 -8.58724117e-04  1.23652577e+00]
 [ 9.38988775e-02 -4.72689867e-02  1.28040218e+00]
 [-3.01469862e-02  1.20379716e-01  1.13104165e+00]
 [-2.49960631e-01  2.09029555e-01  1.06667411e+00]
 [-3.24766099e-01  2.89097428e-01  8.40363681e-01]
 [ 1.63890660e-01 -9.22265053e-02  1.15277719e+00]
 [ 2.41300523e-01 -1.82660460e-01  9.59908247e-01]
 [ 3.82803500e-01  1.28173381e-02  9.74233270e-01]]
[[ 0.          0.          0.76919484]
 [ 0.03062718 -0.08769361  0.75590533]
 [-0.10187053  0.0188567   0.45871893]
 [-0.53207827  0.0460611   0.6274067 ]
 [-0.62371916  0.16273889  0.59390235]
 [-0.03052521  0.08745822  0.7819372 ]
 [ 0.23336694  0.20196772  0.4704333 ]
 [ 0.29948744  0.22214252  0.04242319]
 [ 0.4335687   0.2457878   0.        ]
 [ 0.04527515  0.03972109  0.9761651 ]
 [ 0.09366941  0.05827093  1.2124722 ]
 [ 0.18831927  0.02882117  1.2814926 ]
 [ 0.1049905  -0.0091278   1.3338244 ]
 [-0.01450279  0.15474796  1.1528428 ]
 [-0.18807018  0.24677114  1.029232  ]
 [-0.18536758  0.3226689   0.802899  ]
 [ 0.17567438 -0.06584227  1.1946131 ]
 [ 0.20483574 -0.18315025  0.9926705 ]
 [ 0.35764652  0.00218462  0.9117835 ]]
[[ 0.          0.          0.7862731 ]
 [ 0.04010158 -0.09567449  0.7734393 ]
 [ 0.05072702  0.00807106  0.43742746]
 [-0.42778218 -0.02607596  0.638999  ]
 [-0.5234761   0.08901595  0.6253728 ]
 [-0.03993491  0.09555563  0.7987779 ]
 [ 0.1815474   0.2506247   0.47077867]
 [ 0.1360903   0.2597975   0.052872  ]
 [ 0.26217854  0.30474436  0.        ]
 [ 0.0654925   0.07095394  0.98560727]
 [ 0.13706204  0.12808612  1.2150675 ]
 [ 0.23138314  0.10027656  1.3038731 ]
 [ 0.1476503   0.07323498  1.3576744 ]
 [ 0.03852289  0.23750338  1.1389124 ]
 [-0.00792758  0.33152226  0.93147266]
 [ 0.10763879  0.39774424  0.74283284]
 [ 0.21009225 -0.00479218  1.2012613 ]
 [ 0.17649475 -0.13714063  0.98916537]
 [ 0.29919377  0.03929627  0.84101164]]
[[ 0.          0.          0.7508315 ]
 [ 0.04074475 -0.10658693  0.740709  ]
 [ 0.189536   -0.04119024  0.4058302 ]
 [-0.2832183  -0.1193314   0.49380523]
 [-0.34688348 -0.03190857  0.4290817 ]
 [-0.04050843  0.10661799  0.7607316 ]
 [ 0.09695113  0.3354269   0.42033473]
 [-0.07329735  0.35066867  0.06839788]
 [ 0.04900345  0.40761188  0.        ]
 [ 0.08329926  0.08587298  0.93886596]
 [ 0.17546353  0.16567248  1.1591469 ]
 [ 0.26673695  0.14117849  1.2606435 ]
 [ 0.17903766  0.10410023  1.3120587 ]
 [ 0.08100976  0.2799005   1.0790055 ]
 [ 0.11425759  0.33521417  0.83708715]
 [ 0.30678248  0.3644079   0.7324043 ]
 [ 0.23579413  0.01618868  1.1499041 ]
 [ 0.13934405 -0.0831272   0.92992365]
 [ 0.24110606  0.07026806  0.79377043]]
[[ 0.          0.          0.66766727]
 [ 0.03655191 -0.11400698  0.6547179 ]
 [ 0.3303979   0.00439547  0.45128784]
 [-0.02975472 -0.05790335  0.25071627]
 [ 0.03126557 -0.02138549  0.10588288]
 [-0.03633787  0.11405304  0.680501  ]
 [-0.0515268   0.38895795  0.3563621 ]
 [-0.3589607   0.40857705  0.12640738]
 [-0.29702228  0.47064406  0.        ]
 [ 0.07875622  0.05702259  0.86896586]
 [ 0.17308788  0.11660099  1.0967914 ]
 [ 0.26497793  0.08123904  1.179615  ]
 [ 0.18568923  0.04700941  1.2250466 ]
 [ 0.10132936  0.24159479  1.0235035 ]
 [ 0.1961937   0.2918253   0.78253514]
 [ 0.35855907  0.2643476   0.8485291 ]
 [ 0.20443524 -0.04513308  1.094116  ]
 [ 0.07905287 -0.1668928   0.92706037]
 [ 0.20374277 -0.05251919  0.8402591 ]]
[[ 0.          0.          0.67884535]
 [ 0.02195084 -0.10959749  0.6664204 ]
 [ 0.34797505 -0.0158201   0.4866778 ]
 [ 0.29970413  0.00378734  0.08124393]
 [ 0.45450926  0.0373382   0.        ]
 [-0.02168684  0.10973356  0.6916759 ]
 [-0.13916397  0.2965286   0.40422904]
 [-0.54968417  0.2978953   0.29014635]
 [-0.57912916  0.32464963  0.14446837]
 [ 0.04191408  0.00309004  0.8855009 ]
 [ 0.1002437  -0.00937659  1.1263213 ]
 [ 0.21704683 -0.08463821  1.1840401 ]
 [ 0.1500535  -0.07870808  1.2493105 ]
 [ 0.08882461  0.11157605  1.0497875 ]
 [ 0.19271828  0.17218104  0.80913556]
 [ 0.26749238  0.11200854  0.985092  ]
 [ 0.06109554 -0.13826263  1.1304852 ]
 [-0.12819919 -0.26208675  1.2376676 ]
 [-0.15661994 -0.22004674  1.0648236 ]]
[[ 0.00000000e+00  0.00000000e+00  6.60058796e-01]
 [ 2.80461758e-02 -1.00854658e-01  6.51753128e-01]
 [ 3.40907991e-01  3.89547795e-02  4.32533145e-01]
 [ 4.44270909e-01  1.14200711e-01  3.86475325e-02]
 [ 6.10256314e-01  1.66402519e-01  0.00000000e+00]
 [-2.78147012e-02  1.00924082e-01  6.68972909e-01]
 [-1.67764843e-01  1.96276397e-01  3.35975558e-01]
 [-5.95243692e-01  9.99183953e-02  3.83769959e-01]
 [-6.74881041e-01  1.44032285e-01  2.90271938e-01]
 [ 5.26155829e-02 -2.48044729e-04  8.66143346e-01]
 [ 1.16400704e-01 -2.21522152e-02  1.10507393e+00]
 [ 2.30092764e-01 -1.02102757e-01  1.16886973e+00]
 [ 1.62340373e-01 -9.41327214e-02  1.22977638e+00]
 [ 9.77673829e-02  9.18583274e-02  1.03035748e+00]
 [ 1.29337341e-01  1.91774473e-01  7.84635425e-01]
 [ 2.55607933e-01  1.60883099e-01  8.82334471e-01]
 [ 8.33721757e-02 -1.41482830e-01  1.10752118e+00]
 [-1.10592052e-01 -2.32380003e-01  1.13595653e+00]
 [-1.10232726e-01 -2.09652603e-01  9.35539842e-01]]
[[ 0.          0.          0.67868817]
 [ 0.03627178 -0.08780725  0.6714217 ]
 [ 0.31721845  0.08766158  0.41631866]
 [ 0.4291495   0.17711544  0.03244579]
 [ 0.6028832   0.239896    0.        ]
 [-0.03605179  0.08782329  0.68658864]
 [-0.15139055  0.12168264  0.31224558]
 [-0.56431794 -0.06479202  0.4452908 ]
 [-0.6770339  -0.01540926  0.41678   ]
 [ 0.07075296  0.00617093  0.87398267]
 [ 0.1399931  -0.02740726  1.1045842 ]
 [ 0.24245939 -0.09789634  1.1784669 ]
 [ 0.16695979 -0.106125    1.2332315 ]
 [ 0.09112993  0.07998905  1.0452573 ]
 [ 0.05247905  0.19251052  0.8026462 ]
 [ 0.18272328  0.23028204  0.7576256 ]
 [ 0.1365805  -0.1381034   1.0835929 ]
 [-0.07545669 -0.19889876  1.0458882 ]
 [-0.01598725 -0.18417677  0.7900513 ]]
[[ 0.          0.          0.695028  ]
 [ 0.0378462  -0.08635245  0.6880151 ]
 [ 0.30526316  0.15120366  0.43786624]
 [ 0.33769825  0.2580769   0.04485464]
 [ 0.5076564   0.34198797  0.        ]
 [-0.03762847  0.08630102  0.7025597 ]
 [-0.06462672  0.07428122  0.31115425]
 [-0.47361314 -0.16210015  0.4913104 ]
 [-0.60408384 -0.12022275  0.4905899 ]
 [ 0.08465341  0.0150976   0.88822687]
 [ 0.16012767 -0.02148297  1.1210371 ]
 [ 0.26488298 -0.08717898  1.2127049 ]
 [ 0.18222255 -0.09901369  1.2681451 ]
 [ 0.09251545  0.0836975   1.0594835 ]
 [ 0.0021833   0.1856561   0.8262662 ]
 [ 0.06072677  0.27239555  0.64565986]
 [ 0.17167908 -0.13415766  1.0814757 ]
 [ 0.01289466 -0.18197598  0.88905   ]
 [ 0.09289527 -0.17586735  0.69411564]]
[[ 0.          0.          0.7132672 ]
 [ 0.03128879 -0.09266285  0.702125  ]
 [ 0.23791955  0.16650125  0.4143579 ]
 [ 0.17154768  0.3036201   0.0519557 ]
 [ 0.33822888  0.38332415  0.        ]
 [-0.03109761  0.09261783  0.7247835 ]
 [ 0.03130256  0.05904111  0.3346368 ]
 [-0.392085   -0.14212628  0.5103072 ]
 [-0.49724853 -0.10203215  0.4692756 ]
 [ 0.09055671  0.01639462  0.9038235 ]
 [ 0.160095   -0.03461364  1.1393685 ]
 [ 0.26478615 -0.09667763  1.2431433 ]
 [ 0.17769846 -0.1171073   1.2944093 ]
 [ 0.08319126  0.07321241  1.0729709 ]
 [-0.08133487  0.16792345  0.8867185 ]
 [-0.12814635  0.29996908  0.67844456]
 [ 0.18086359 -0.1573708   1.0963857 ]
 [ 0.05352531 -0.19602583  0.8735632 ]
 [ 0.19203022 -0.19207473  0.70771337]]
[[ 0.          0.          0.6450798 ]
 [ 0.00997537 -0.09630045  0.6237802 ]
 [-0.0401789   0.12903558  0.3212511 ]
 [-0.2221697   0.34792835  0.10100257]
 [-0.11198455  0.41882756  0.        ]
 [-0.00994566  0.09608686  0.66583544]
 [ 0.29795945  0.06735969  0.41118369]
 [-0.0459127   0.03714427  0.2303662 ]
 [-0.0019731   0.08710715  0.09471899]
 [ 0.06413095 -0.00405851  0.8587066 ]
 [ 0.12250629 -0.03095973  1.1084404 ]
 [ 0.2262762  -0.07440636  1.1992562 ]
 [ 0.12838662 -0.10636252  1.2453709 ]
 [ 0.03695126  0.07615945  1.0597163 ]
 [-0.20193467  0.18264204  1.0104387 ]
 [-0.32333648  0.29054636  0.8067438 ]
 [ 0.17651302 -0.15750006  1.0701922 ]
 [ 0.18390101 -0.22933386  0.815695  ]
 [ 0.3485884  -0.10873452  0.91029394]]
[[ 0.          0.          0.6663896 ]
 [ 0.01465067 -0.08630595  0.64852846]
 [-0.11722592  0.16008998  0.39181858]
 [-0.363218    0.3514556   0.25830033]
 [-0.33744574  0.44357267  0.14734858]
 [-0.01468632  0.08601338  0.68345654]
 [ 0.31015027  0.06634165  0.48190638]
 [ 0.136997    0.05657142  0.10013741]
 [ 0.2593309   0.06995898  0.        ]
 [ 0.04613935 -0.00493163  0.88750106]
 [ 0.09049758 -0.02524439  1.1396809 ]
 [ 0.19403546 -0.04692453  1.2158619 ]
 [ 0.10118773 -0.0896647   1.2635381 ]
 [-0.01406873  0.07512811  1.0999169 ]
 [-0.2624951   0.18118417  1.0887933 ]
 [-0.36298332  0.2742489   0.87143207]
 [ 0.16527916 -0.14304107  1.1102161 ]
 [ 0.24339178 -0.20151573  0.8816391 ]
 [ 0.3522293  -0.03592467  1.0182605 ]]
[[ 0.00000000e+00  0.00000000e+00  7.16105044e-01]
 [ 2.70897411e-02 -8.55312571e-02  7.00505853e-01]
 [-1.16423845e-01  1.32606536e-01  4.44409788e-01]
 [-4.72576618e-01  2.65196502e-01  4.87081707e-01]
 [-5.23057699e-01  3.85966390e-01  3.97438467e-01]
 [-2.70936489e-02  8.52128714e-02  7.30867386e-01]
 [ 2.64111400e-01  1.21687025e-01  4.72545624e-01]
 [ 3.10804456e-01  1.09493852e-01  4.25350070e-02]
 [ 4.62393969e-01  1.24613762e-01  0.00000000e+00]
 [ 3.81277055e-02  7.74508715e-03  9.36540186e-01]
 [ 7.65699297e-02  3.55958939e-04  1.18625796e+00]
 [ 1.73467457e-01 -2.24397779e-02  1.25549603e+00]
 [ 8.51245672e-02 -6.59444928e-02  1.30602813e+00]
 [-3.42848524e-02  9.74678099e-02  1.14058149e+00]
 [-2.61731744e-01  2.10102826e-01  1.09478235e+00]
 [-3.12122822e-01  2.93478370e-01  8.65434289e-01]
 [ 1.62045956e-01 -1.16436690e-01  1.16280270e+00]
 [ 2.45635211e-01 -1.99894220e-01  9.57392335e-01]
 [ 3.56418788e-01 -2.51069665e-03  9.99595463e-01]]
[[ 0.          0.          0.74259865]
 [ 0.03068984 -0.08855944  0.72719735]
 [-0.09023334  0.08579065  0.44909948]
 [-0.48655003  0.1635459   0.57452166]
 [-0.56702673  0.29971647  0.5220984 ]
 [-0.03061456  0.08825964  0.7573101 ]
 [ 0.23263009  0.15565363  0.45654836]
 [ 0.31527835  0.14365709  0.03025693]
 [ 0.46275952  0.16458791  0.        ]
 [ 0.03848766  0.02338354  0.9584563 ]
 [ 0.08044858  0.02752098  1.2042316 ]
 [ 0.17676552 -0.00223529  1.2757902 ]
 [ 0.09099968 -0.04072046  1.3260437 ]
 [-0.02829877  0.12676007  1.1504993 ]
 [-0.21918297  0.22873664  1.0451944 ]
 [-0.22590601  0.30843115  0.81192505]
 [ 0.1633865  -0.09366861  1.1843082 ]
 [ 0.20058313 -0.21485278  0.98409945]
 [ 0.3376911  -0.02635755  0.91637945]]
[[ 0.00000000e+00  0.00000000e+00  7.81398058e-01]
 [ 3.34702209e-02 -9.01922137e-02  7.65785635e-01]
 [-1.32501945e-02  7.69791007e-02  4.60134506e-01]
 [-4.37534243e-01  1.00633383e-01  6.29603744e-01]
 [-5.35217166e-01  2.43198037e-01  6.00457907e-01]
 [-3.33513394e-02  8.99583697e-02  7.96450734e-01]
 [ 1.96203470e-01  1.81839481e-01  4.67562824e-01]
 [ 2.32204899e-01  1.55958056e-01  4.02671099e-02]
 [ 3.73780996e-01  1.79819882e-01  0.00000000e+00]
 [ 4.98064011e-02  4.94507998e-02  9.92062926e-01]
 [ 1.03875108e-01  7.70328641e-02  1.23307717e+00]
 [ 1.99550450e-01  4.75878119e-02  1.31386042e+00]
 [ 1.16009749e-01  1.46433115e-02  1.36885142e+00]
 [ 6.07840717e-04  1.80795163e-01  1.16581154e+00]
 [-1.23547137e-01  2.81087071e-01  9.98423874e-01]
 [-5.62261045e-02  3.72097194e-01  7.79693007e-01]
 [ 1.79913759e-01 -4.86067533e-02  1.21452606e+00]
 [ 1.60106212e-01 -1.92088127e-01  1.00246298e+00]
 [ 2.90020525e-01 -2.75072306e-02  8.48107576e-01]]
[[ 0.          0.          0.8056432 ]
 [ 0.03592412 -0.10284309  0.79155505]
 [ 0.11428123  0.01173943  0.46291852]
 [-0.35483253 -0.0283477   0.59510255]
 [-0.44483358  0.09361377  0.5369543 ]
 [-0.0357553   0.1027724   0.81936556]
 [ 0.14031807  0.26131988  0.46976423]
 [ 0.05332099  0.23466092  0.05482227]
 [ 0.19530307  0.2688471   0.        ]
 [ 0.07189745  0.07469749  1.0052983 ]
 [ 0.15140486  0.13624072  1.2346535 ]
 [ 0.2428158   0.11052012  1.3308933 ]
 [ 0.15781984  0.0751701   1.3861734 ]
 [ 0.05234186  0.24573985  1.1589181 ]
 [ 0.0113564   0.31483826  0.9252902 ]
 [ 0.16817713  0.39980873  0.75552255]
 [ 0.21553835  0.00299996  1.2198495 ]
 [ 0.1472607  -0.11786722  0.99824643]
 [ 0.23229948  0.05397828  0.8329787 ]]
[[ 0.          0.          0.75098944]
 [ 0.03492303 -0.11476057  0.73732495]
 [ 0.28807205 -0.02045324  0.4639353 ]
 [-0.13424638 -0.06667334  0.39334923]
 [-0.15048061  0.00762725  0.25648656]
 [-0.0346699   0.11484321  0.7644558 ]
 [ 0.04328358  0.34452432  0.40966344]
 [-0.19259143  0.35442293  0.08518165]
 [-0.06814453  0.39256212  0.        ]
 [ 0.08901507  0.07641514  0.94001323]
 [ 0.19444454  0.15424931  1.1583953 ]
 [ 0.28789142  0.11500531  1.2545292 ]
 [ 0.2046404   0.08437097  1.3041406 ]
 [ 0.11707635  0.27261597  1.0799205 ]
 [ 0.1702877   0.32953018  0.8337388 ]
 [ 0.36696303  0.31201926  0.77850187]
 [ 0.22842166 -0.00288573  1.1533908 ]
 [ 0.10425939 -0.12177698  0.97939456]
 [ 0.13779598  0.03047933  0.82637465]]
[[ 0.          0.          0.6570037 ]
 [ 0.02341744 -0.11671551  0.64621717]
 [ 0.3521018  -0.0151877   0.47436553]
 [ 0.15398958 -0.06032979  0.11130065]
 [ 0.26774034 -0.02756852  0.        ]
 [-0.02313113  0.11684117  0.6680087 ]
 [-0.09972653  0.3712171   0.35919014]
 [-0.44385368  0.39707914  0.16442561]
 [-0.421426    0.42117023  0.01776725]
 [ 0.04849675  0.02242897  0.8639652 ]
 [ 0.11152694  0.04341793  1.1023465 ]
 [ 0.22870106 -0.02923673  1.1725407 ]
 [ 0.13254963 -0.01695597  1.2195017 ]
 [ 0.08659682  0.17193541  1.0227385 ]
 [ 0.19984382  0.23734209  0.79218054]
 [ 0.32615846  0.15435922  0.9360714 ]
 [ 0.0913092  -0.10489419  1.1146998 ]
 [-0.12151404 -0.23909768  1.2093005 ]
 [-0.1758422  -0.19573002  1.055006  ]]
[[ 0.          0.          0.654432  ]
 [ 0.02301877 -0.10891606  0.64095277]
 [ 0.35409135  0.0066984   0.46750838]
 [ 0.3496924   0.02238774  0.0694468 ]
 [ 0.50494146  0.07415134  0.        ]
 [-0.02275407  0.10901342  0.6684563 ]
 [-0.13366283  0.2848674   0.339477  ]
 [-0.5614344   0.2778909   0.30085456]
 [-0.6153897   0.3052367   0.17412123]
 [ 0.03923249 -0.00128223  0.8639437 ]
 [ 0.09631783 -0.00695306  1.1051034 ]
 [ 0.22239771 -0.09282997  1.1652803 ]
 [ 0.1384587  -0.07476696  1.221765  ]
 [ 0.09055937  0.11523306  1.0234132 ]
 [ 0.17424236  0.18548524  0.78396547]
 [ 0.27539033  0.11653656  0.9396594 ]
 [ 0.05225758 -0.13705513  1.1190069 ]
 [-0.1544109  -0.24967083  1.1633849 ]
 [-0.18669802 -0.23405649  1.0038298 ]]
[[ 0.          0.          0.6417899 ]
 [ 0.03331959 -0.09990397  0.6370433 ]
 [ 0.34733665  0.05340412  0.41571772]
 [ 0.44881105  0.12943912  0.03420615]
 [ 0.6142978   0.19016689  0.        ]
 [-0.03308707  0.0999367   0.64719206]
 [-0.14268579  0.17582148  0.27853537]
 [-0.59096456  0.08940208  0.37923712]
 [-0.69418067  0.14790286  0.30535242]
 [ 0.06454208  0.0025043   0.8415843 ]
 [ 0.13280748 -0.0238868   1.0736626 ]
 [ 0.24953589 -0.10184035  1.1459302 ]
 [ 0.1662285  -0.09534657  1.1995922 ]
 [ 0.10178529  0.09282148  1.0070609 ]
 [ 0.11366916  0.20031257  0.7678924 ]
 [ 0.25228056  0.20256865  0.8015055 ]
 [ 0.11324227 -0.14275932  1.0655897 ]
 [-0.11018444 -0.20793743  1.043263  ]
 [-0.12202119 -0.19910933  0.8488521 ]]
[[ 0.          0.          0.6613965 ]
 [ 0.034084   -0.0927035   0.6585515 ]
 [ 0.3298214   0.11606769  0.42237318]
 [ 0.3924066   0.21763456  0.03759652]
 [ 0.5679407   0.29455817  0.        ]
 [-0.03387342  0.09267683  0.6648357 ]
 [-0.05305712  0.10147485  0.27076566]
 [-0.4955529  -0.08621158  0.4358999 ]
 [-0.6289934  -0.02768391  0.4261431 ]
 [ 0.09302203  0.01945682  0.85199445]
 [ 0.17571737 -0.01061141  1.0782652 ]
 [ 0.29432482 -0.08721742  1.1650836 ]
 [ 0.19674022 -0.07953244  1.2188635 ]
 [ 0.12061511  0.09975919  1.02097   ]
 [ 0.0439579   0.20604052  0.7844288 ]
 [ 0.15369421  0.23660818  0.64346784]
 [ 0.17565799 -0.12829027  1.0399082 ]
 [ 0.01762067 -0.17421396  0.8428287 ]
 [ 0.03446818 -0.16138987  0.67107844]]
[[ 0.          0.          0.66982234]
 [ 0.02781884 -0.09285299  0.66409886]
 [ 0.29997364  0.15112054  0.4261561 ]
 [ 0.30740622  0.2718343   0.04695451]
 [ 0.48580176  0.35369182  0.        ]
 [-0.0275975   0.09281784  0.6760376 ]
 [ 0.0066503   0.05977628  0.2926006 ]
 [-0.4306274  -0.12525354  0.46775723]
 [-0.5657636  -0.06717066  0.44685817]
 [ 0.0939384   0.01850617  0.8604962 ]
 [ 0.17262773 -0.01842135  1.0907985 ]
 [ 0.28958684 -0.09268001  1.1889489 ]
 [ 0.18727666 -0.08664957  1.2399005 ]
 [ 0.11575673  0.090404    1.0272994 ]
 [-0.003368    0.18287134  0.8007387 ]
 [ 0.03913165  0.2719825   0.62303025]
 [ 0.17515278 -0.13710025  1.0512354 ]
 [ 0.03925774 -0.1646208   0.82234275]
 [ 0.11663915 -0.16489743  0.6406242 ]]
[[ 0.          0.          0.66176   ]
 [ 0.00903156 -0.10272407  0.64448726]
 [ 0.10586675  0.14855693  0.35117507]
 [-0.05729997  0.365326    0.07801598]
 [ 0.07817826  0.42717642  0.        ]
 [-0.00889093  0.10262948  0.6787896 ]
 [ 0.2908666   0.09052616  0.41968983]
 [-0.10198309  0.02810541  0.32966864]
 [-0.09680377  0.08814347  0.19628003]
 [ 0.09406471  0.01171654  0.85751367]
 [ 0.17532936 -0.01529574  1.0925779 ]
 [ 0.28494555 -0.07773554  1.1955922 ]
 [ 0.1842751  -0.09901685  1.2391807 ]
 [ 0.10608193  0.09343365  1.0311388 ]
 [-0.12393792  0.19577475  0.942743  ]
 [-0.23203844  0.3262633   0.77279866]
 [ 0.19572395 -0.14817405  1.0514269 ]
 [ 0.13316569 -0.2099614   0.7935865 ]
 [ 0.3069532  -0.15347302  0.7516288 ]]
[[ 0.          0.          0.60803425]
 [ 0.00253075 -0.09315579  0.5886765 ]
 [-0.07568786  0.16608001  0.31892398]
 [-0.30039942  0.4101745   0.16842401]
 [-0.23179847  0.48615134  0.04072773]
 [-0.00254199  0.09292908  0.62669027]
 [ 0.33411673  0.0453507   0.4390606 ]
 [ 0.12375809  0.05205634  0.10745811]
 [ 0.23995234  0.07401323  0.        ]
 [ 0.0676698  -0.00456373  0.81827116]
 [ 0.1298305  -0.0222156   1.0659361 ]
 [ 0.24054372 -0.06365365  1.1532285 ]
 [ 0.14152056 -0.08745563  1.2008765 ]
 [ 0.05234147  0.08654934  1.020134  ]
 [-0.18470106  0.20406526  0.99324703]
 [-0.32848194  0.30918527  0.82660353]
 [ 0.17422077 -0.15072227  1.0286237 ]
 [ 0.18696478 -0.23354785  0.78355557]
 [ 0.3403972  -0.10481653  0.8908113 ]]
[[ 0.          0.          0.6589029 ]
 [ 0.01209356 -0.08631752  0.64238954]
 [-0.13044068  0.15711619  0.38526672]
 [-0.44573104  0.3491301   0.35038394]
 [-0.4485097   0.44703275  0.24618092]
 [-0.01211426  0.08600108  0.6745609 ]
 [ 0.31172466  0.07134438  0.46558276]
 [ 0.31160295  0.06453848  0.05397666]
 [ 0.46468896  0.08303452  0.        ]
 [ 0.05536649  0.0020006   0.8711613 ]
 [ 0.10706905 -0.01775289  1.1162832 ]
 [ 0.21401173 -0.0532839   1.19439   ]
 [ 0.11864695 -0.07883197  1.2423542 ]
 [ 0.01156706  0.08380949  1.0728449 ]
 [-0.22751543  0.19717154  1.0536032 ]
 [-0.3338458   0.29302317  0.8627446 ]
 [ 0.1684723  -0.13649029  1.0825342 ]
 [ 0.22623032 -0.22526471  0.8605629 ]
 [ 0.3508402  -0.04121736  0.9578365 ]]
[[ 0.0000000e+00  0.0000000e+00  6.8678653e-01]
 [ 1.8690564e-02 -8.3945274e-02  6.7108870e-01]
 [-1.1384788e-01  1.0687238e-01  4.0399373e-01]
 [-4.8912030e-01  2.4012719e-01  4.9895176e-01]
 [-5.5189538e-01  3.6779833e-01  4.3311816e-01]
 [-1.8636897e-02  8.3614811e-02  7.0173204e-01]
 [ 2.7785683e-01  1.2995446e-01  4.3429178e-01]
 [ 3.8417768e-01  1.3722861e-01  2.2818089e-02]
 [ 5.3274173e-01  1.5983933e-01  0.0000000e+00]
 [ 5.1014405e-02  1.1208847e-02  8.9860088e-01]
 [ 1.0089423e-01  7.1167946e-04  1.1423917e+00]
 [ 2.0089915e-01 -3.3861220e-02  1.2174240e+00]
 [ 1.1016251e-01 -6.0193837e-02  1.2666819e+00]
 [ 3.0337200e-03  1.0239676e-01  1.0927610e+00]
 [-2.1167603e-01  2.1787173e-01  1.0255052e+00]
 [-2.5795180e-01  3.0260128e-01  8.1210077e-01]
 [ 1.6949326e-01 -1.1561367e-01  1.1127114e+00]
 [ 2.0718941e-01 -2.2073016e-01  9.0714991e-01]
 [ 3.4885412e-01 -4.3956608e-02  9.0154886e-01]]
[[ 0.          0.          0.70901144]
 [ 0.02327594 -0.08019015  0.6938435 ]
 [-0.09065257  0.08465475  0.4174303 ]
 [-0.47683483  0.17354897  0.57636535]
 [-0.5575515   0.31650722  0.54758763]
 [-0.02317794  0.07985699  0.7235297 ]
 [ 0.26172787  0.15008499  0.43605772]
 [ 0.35869184  0.1427716   0.02679288]
 [ 0.4933293   0.16986305  0.        ]
 [ 0.0567277   0.02526599  0.91809165]
 [ 0.11532073  0.02474654  1.1572511 ]
 [ 0.21161646 -0.01736125  1.2346141 ]
 [ 0.12353329 -0.04348963  1.2824821 ]
 [ 0.01825071  0.12163249  1.1015987 ]
 [-0.17660105  0.23199265  0.99497306]
 [-0.17755985  0.31631878  0.77315974]
 [ 0.18127015 -0.09216914  1.1321537 ]
 [ 0.18459108 -0.20479247  0.924725  ]
 [ 0.33962312 -0.04765238  0.8420949 ]]
[[ 0.          0.          0.5690193 ]
 [ 0.04195046 -0.01837613  0.5668377 ]
 [ 0.09145924  0.0725327   0.30417785]
 [-0.15555897  0.22470507  0.47638685]
 [-0.23975408  0.32734054  0.47932938]
 [-0.04174291  0.01805214  0.5711434 ]
 [ 0.17187802  0.1741115   0.28745326]
 [ 0.26561007  0.29707387  0.        ]
 [ 0.02932084  0.33080664  0.30624655]
 [ 0.056077    0.01652904  0.74531895]
 [ 0.12243347  0.00742278  0.9669869 ]
 [ 0.21167365 -0.02343059  1.0507518 ]
 [ 0.13541096 -0.04605168  1.1042101 ]
 [ 0.02199573  0.06562108  0.8949743 ]
 [-0.09344974  0.09454203  0.69844395]
 [-0.07004534  0.08777805  0.52677226]
 [ 0.18352836 -0.04291925  0.9451701 ]
 [ 0.11576758 -0.09650858  0.7350073 ]
 [ 0.19308017 -0.02050693  0.5867547 ]]
[[ 0.00000000e+00  0.00000000e+00  7.11295009e-01]
 [ 1.90965086e-02 -1.07812300e-01  7.02386916e-01]
 [ 2.00307831e-01 -6.26377761e-02  3.91604215e-01]
 [-2.53634214e-01 -5.36822677e-02  4.85001326e-01]
 [-3.04240108e-01  3.91383469e-02  4.09596145e-01]
 [-1.88107714e-02  1.07870400e-01  7.20015109e-01]
 [ 1.22442842e-01  3.28317165e-01  3.93152475e-01]
 [-2.57952809e-02  3.80982727e-01  5.37873507e-02]
 [ 1.16889909e-01  3.98478419e-01  0.00000000e+00]
 [ 9.96980816e-02  7.82093257e-02  8.98089111e-01]
 [ 2.09460571e-01  1.48174405e-01  1.11719537e+00]
 [ 3.01531553e-01  9.63391066e-02  1.21763444e+00]
 [ 2.17429936e-01  8.74311924e-02  1.26461673e+00]
 [ 1.42514452e-01  2.64353514e-01  1.03611958e+00]
 [ 1.56525046e-01  2.95258611e-01  7.90618539e-01]
 [ 3.01480263e-01  2.04918206e-01  7.01815367e-01]
 [ 2.36861914e-01  8.60318542e-03  1.10393190e+00]
 [ 1.20662965e-01 -4.41678166e-02  8.83361816e-01]
 [ 5.73692843e-04  7.66012743e-02  6.41655207e-01]]
[[ 0.          0.          0.6397851 ]
 [ 0.01369839 -0.11869118  0.62750906]
 [ 0.35421318 -0.02935514  0.43956682]
 [ 0.03936232 -0.0534271   0.20909208]
 [ 0.1164217  -0.02281445  0.06706846]
 [-0.01341334  0.11889084  0.65220684]
 [-0.033087    0.35684386  0.32853782]
 [-0.34527814  0.4318205   0.11116141]
 [-0.28883064  0.45450562  0.        ]
 [ 0.06326249  0.02319477  0.83552045]
 [ 0.14040077  0.03570777  1.0634844 ]
 [ 0.2583318  -0.04775149  1.1368597 ]
 [ 0.16404915 -0.02553314  1.1876597 ]
 [ 0.135708    0.16523853  0.98339313]
 [ 0.23637593  0.2301754   0.7573505 ]
 [ 0.3632147   0.11291094  0.8580252 ]
 [ 0.09699787 -0.11239415  1.0713098 ]
 [-0.1428687  -0.22371176  1.1349766 ]
 [-0.22848326 -0.18246435  0.97807086]]
[[ 0.00000000e+00  0.00000000e+00  6.27551138e-01]
 [ 8.39631259e-03 -1.14856251e-01  6.15185082e-01]
 [ 3.65610451e-01 -1.84733570e-02  4.50601071e-01]
 [ 2.50750273e-01 -2.95613408e-02  8.46193433e-02]
 [ 3.84653628e-01  1.91556811e-02  0.00000000e+00]
 [-8.08776915e-03  1.15034379e-01  6.40364349e-01]
 [-7.93605149e-02  3.39278609e-01  3.23624939e-01]
 [-4.78414416e-01  4.12508309e-01  2.02849120e-01]
 [-5.05131543e-01  4.41398084e-01  8.29672813e-02]
 [ 4.52648811e-02 -2.27659941e-04  8.29455197e-01]
 [ 1.10021561e-01 -1.87218189e-03  1.06514478e+00]
 [ 2.33957469e-01 -9.30322707e-02  1.12610340e+00]
 [ 1.46287233e-01 -5.66229820e-02  1.17570853e+00]
 [ 1.21627547e-01  1.18227065e-01  9.78594720e-01]
 [ 2.18210831e-01  1.84614241e-01  7.53809810e-01]
 [ 3.29320461e-01  1.00674152e-01  9.00535107e-01]
 [ 4.62125167e-02 -1.29427463e-01  1.08715057e+00]
 [-1.98050916e-01 -2.22264916e-01  1.13028955e+00]
 [-2.79039979e-01 -2.19610557e-01  9.77865160e-01]]
[[ 0.          0.          0.60941046]
 [ 0.01328994 -0.10355504  0.59969056]
 [ 0.3572278   0.0421114   0.41841263]
 [ 0.43643636  0.10224748  0.04772699]
 [ 0.5898999   0.15218288  0.        ]
 [-0.01299163  0.1037017   0.6198116 ]
 [-0.10317095  0.23749775  0.27977806]
 [-0.54757965  0.24253672  0.30014953]
 [-0.638933    0.2965405   0.20979291]
 [ 0.05068381 -0.01064169  0.8075216 ]
 [ 0.1108564  -0.0419848   1.0390248 ]
 [ 0.23856935 -0.13637364  1.1066766 ]
 [ 0.15138975 -0.10578281  1.1550623 ]
 [ 0.11354643  0.07498088  0.9623505 ]
 [ 0.16307336  0.17386359  0.72847223]
 [ 0.31504586  0.11541785  0.7736726 ]
 [ 0.05630802 -0.15769684  1.0452765 ]
 [-0.19040507 -0.21004428  1.0287433 ]
 [-0.22956358 -0.19708401  0.86067015]]
[[ 0.          0.          0.5963448 ]
 [ 0.01385782 -0.09073987  0.5916896 ]
 [ 0.33813298  0.09135696  0.37766543]
 [ 0.4632485   0.20321125  0.02619934]
 [ 0.6234143   0.2511403   0.        ]
 [-0.01359592  0.09084672  0.6016318 ]
 [-0.08599578  0.14040107  0.23781112]
 [-0.5300968   0.03851622  0.334359  ]
 [-0.65743816  0.10419573  0.29122323]
 [ 0.07600792  0.0146081   0.7870523 ]
 [ 0.14927787 -0.0158163   1.0151024 ]
 [ 0.27285224 -0.10527351  1.0907079 ]
 [ 0.18798846 -0.08050647  1.1477481 ]
 [ 0.13510811  0.09169492  0.94647527]
 [ 0.11959053  0.21048373  0.7030945 ]
 [ 0.29733464  0.22592342  0.565207  ]
 [ 0.10882521 -0.12376717  0.9967221 ]
 [-0.13120914 -0.15755248  0.8957335 ]
 [-0.10765329 -0.15211071  0.68377125]]
[[ 0.          0.          0.6135211 ]
 [ 0.01707909 -0.09194051  0.60721034]
 [ 0.3173825   0.15291834  0.3918922 ]
 [ 0.37075353  0.29422808  0.03842872]
 [ 0.54099286  0.36640593  0.        ]
 [-0.01682514  0.09194436  0.620364  ]
 [ 0.00833983  0.08405086  0.24387228]
 [-0.44152442 -0.06288375  0.3974631 ]
 [-0.5769619  -0.01606584  0.3842659 ]
 [ 0.08238339  0.01226278  0.79715055]
 [ 0.15061682 -0.0363023   1.022826  ]
 [ 0.2795006  -0.11988673  1.1151818 ]
 [ 0.1814763  -0.09281582  1.1708759 ]
 [ 0.12728432  0.07180187  0.9530449 ]
 [ 0.02988051  0.18202518  0.72060674]
 [ 0.09470719  0.25064594  0.52407855]
 [ 0.12173    -0.14630064  0.98694587]
 [-0.02440093 -0.15729472  0.753704  ]
 [ 0.04200253 -0.19227564  0.56662333]]
[[ 0.          0.          0.5985198 ]
 [-0.00607356 -0.10327984  0.5860167 ]
 [ 0.16846986  0.15688126  0.31164438]
 [ 0.06556774  0.41251513  0.06318015]
 [ 0.21823782  0.4693781   0.        ]
 [ 0.00624107  0.10323762  0.61105156]
 [ 0.2579621   0.049583    0.32647455]
 [-0.17423594  0.01164238  0.34884223]
 [-0.19918677  0.05383235  0.22910798]
 [ 0.086787    0.00289872  0.78326976]
 [ 0.15257476 -0.0514853   1.0131377 ]
 [ 0.27317688 -0.12767345  1.1177235 ]
 [ 0.16169989 -0.11775455  1.1601305 ]
 [ 0.12272277  0.06757274  0.94682443]
 [-0.06920087  0.2040471   0.8296646 ]
 [-0.1634807   0.31778407  0.6234788 ]
 [ 0.13497406 -0.18426456  0.97589064]
 [ 0.04385492 -0.25203913  0.72550654]
 [ 0.23500055 -0.21793857  0.6468415 ]]
[[ 0.          0.          0.5494239 ]
 [-0.01487211 -0.09548233  0.5321306 ]
 [-0.02945008  0.14199245  0.2453675 ]
 [-0.23195007  0.43864727  0.11191303]
 [-0.14633605  0.5071426   0.        ]
 [ 0.01484098  0.09534201  0.5661948 ]
 [ 0.37410936  0.03605588  0.3773533 ]
 [ 0.09567184  0.08827791  0.13707244]
 [ 0.19875264  0.11208373  0.03061134]
 [ 0.07171585 -0.01107627  0.75039756]
 [ 0.1335856  -0.04474121  0.99194527]
 [ 0.24435553 -0.10288545  1.0816429 ]
 [ 0.13965777 -0.10559234  1.1311653 ]
 [ 0.0872431   0.07301793  0.94124275]
 [-0.13616917  0.20549202  0.8945745 ]
 [-0.26513183  0.29297477  0.6879537 ]
 [ 0.14551997 -0.17931254  0.95009285]
 [ 0.11942145 -0.2977091   0.7142782 ]
 [ 0.31656468 -0.19552262  0.7965038 ]]
[[ 0.          0.          0.5858312 ]
 [-0.01507777 -0.08490453  0.57044804]
 [-0.11058597  0.13736409  0.30751693]
 [-0.39451325  0.40683702  0.27084455]
 [-0.39537126  0.49398187  0.17432752]
 [ 0.0150778   0.08467169  0.60045207]
 [ 0.36610425  0.03592275  0.41862124]
 [ 0.33559212  0.11924741  0.06525195]
 [ 0.48012447  0.1270479   0.        ]
 [ 0.05823456 -0.00979619  0.7893945 ]
 [ 0.11397001 -0.0324066   1.0286462 ]
 [ 0.22213274 -0.08729982  1.1081846 ]
 [ 0.11784485 -0.09145042  1.1537249 ]
 [ 0.05323577  0.08174741  0.9822626 ]
 [-0.17496216  0.21174839  0.9401655 ]
 [-0.26073447  0.28117064  0.719535  ]
 [ 0.14278877 -0.15963703  0.99857104]
 [ 0.15766019 -0.28366777  0.7869663 ]
 [ 0.32904023 -0.13725811  0.8703997 ]]
[[ 0.00000000e+00  0.00000000e+00  6.36586785e-01]
 [-1.14513561e-03 -7.89357200e-02  6.24803007e-01]
 [-1.08719215e-01  9.82985646e-02  3.56591940e-01]
 [-4.65049744e-01  2.95959353e-01  4.61482257e-01]
 [-5.34986258e-01  4.26829189e-01  3.90177578e-01]
 [ 1.23675913e-03  7.86874369e-02  6.47654414e-01]
 [ 3.16738844e-01  1.19431525e-01  4.04561698e-01]
 [ 4.37091410e-01  1.82831526e-01  3.71741056e-02]
 [ 5.87040067e-01  1.92289829e-01  0.00000000e+00]
 [ 5.52339442e-02  1.38688534e-02  8.39121819e-01]
 [ 1.07026286e-01 -4.29451466e-04  1.07385826e+00]
 [ 2.04279229e-01 -5.26148975e-02  1.15450990e+00]
 [ 1.08418398e-01 -6.48989975e-02  1.19534957e+00]
 [ 3.50359902e-02  1.04570776e-01  1.01761127e+00]
 [-1.59655869e-01  2.25786492e-01  9.23882484e-01]
 [-1.77517265e-01  2.91424543e-01  7.04025269e-01]
 [ 1.47616953e-01 -1.18513465e-01  1.05305278e+00]
 [ 1.41964078e-01 -2.53744304e-01  8.57691526e-01]
 [ 3.05352390e-01 -1.12656191e-01  8.36350739e-01]]
[[ 0.          0.          0.6726296 ]
 [ 0.01100389 -0.07734344  0.6616582 ]
 [-0.06131466  0.08530758  0.39107013]
 [-0.4311834   0.22022012  0.57225186]
 [-0.52095187  0.36973098  0.5390065 ]
 [-0.01087222  0.07709834  0.6830195 ]
 [ 0.2784953   0.1600777   0.41405943]
 [ 0.3835749   0.19858938  0.03654838]
 [ 0.5270169   0.22064698  0.        ]
 [ 0.05954327  0.03470644  0.8738385 ]
 [ 0.11603798  0.03831097  1.1070775 ]
 [ 0.2097083  -0.01505205  1.1924846 ]
 [ 0.11691755 -0.02203029  1.236596  ]
 [ 0.04619908  0.13954595  1.0390956 ]
 [-0.09063858  0.26315472  0.8972254 ]
 [-0.03423116  0.35823098  0.6966969 ]
 [ 0.15651715 -0.07713452  1.0881376 ]
 [ 0.11275719 -0.21255669  0.8882843 ]
 [ 0.26858115 -0.08339451  0.7791734 ]]
[[ 0.          0.          0.70218587]
 [ 0.01927675 -0.08355297  0.6910403 ]
 [ 0.0187512   0.02335271  0.3994237 ]
 [-0.39881763  0.05593605  0.6114488 ]
 [-0.5013664   0.19618416  0.6040314 ]
 [-0.01908319  0.08337615  0.712947  ]
 [ 0.2506438   0.23370253  0.4241057 ]
 [ 0.26060683  0.27651754  0.04609162]
 [ 0.4006523   0.3063869   0.        ]
 [ 0.0709992   0.05674218  0.89852226]
 [ 0.14601931  0.08497593  1.1278027 ]
 [ 0.23930925  0.02911818  1.2180724 ]
 [ 0.15527573  0.03219801  1.2652237 ]
 [ 0.08387563  0.19275245  1.0522974 ]
 [ 0.04250653  0.31806034  0.87252665]
 [ 0.16630927  0.3851522   0.6978284 ]
 [ 0.17623615 -0.0352574   1.1096175 ]
 [ 0.09119137 -0.15621053  0.89779556]
 [ 0.19438402 -0.03786086  0.7457402 ]]
[[ 0.          0.          0.6501463 ]
 [ 0.01547661 -0.10938459  0.63808256]
 [ 0.2223858  -0.05281353  0.37938446]
 [-0.21884143 -0.01966116  0.4970212 ]
 [-0.26652625  0.07453759  0.43496916]
 [-0.01518569  0.10936518  0.6620992 ]
 [ 0.19254309  0.34476662  0.34758964]
 [ 0.00462817  0.424415    0.06492776]
 [ 0.12762699  0.476235    0.        ]
 [ 0.08020163  0.0595189   0.8417368 ]
 [ 0.16913988  0.09322256  1.065834  ]
 [ 0.2715066   0.01637909  1.154772  ]
 [ 0.18546312  0.0370093   1.202359  ]
 [ 0.13960049  0.22486651  0.99350965]
 [ 0.19485651  0.32400578  0.7819077 ]
 [ 0.37127635  0.28316215  0.7386972 ]
 [ 0.15759388 -0.04898575  1.0534213 ]
 [ 0.02067775 -0.16041575  0.87083846]
 [ 0.09296386 -0.00214852  0.76511717]]
[[ 0.          0.          0.5608018 ]
 [ 0.00500403 -0.11926492  0.5507517 ]
 [ 0.34951538 -0.07407978  0.3990178 ]
 [ 0.02934718 -0.06691155  0.19914496]
 [ 0.07853822 -0.03693435  0.09049314]
 [-0.00471649  0.11946078  0.57113934]
 [ 0.07445712  0.37622416  0.23259166]
 [-0.24572837  0.5099401   0.11518314]
 [-0.21383053  0.5574248   0.        ]
 [ 0.03319532  0.01139408  0.76459134]
 [ 0.08192937  0.01320413  1.001853  ]
 [ 0.20572272 -0.08467504  1.060813  ]
 [ 0.11355774 -0.04682231  1.1130402 ]
 [ 0.10140954  0.13745156  0.9187036 ]
 [ 0.19067623  0.17920119  0.69613487]
 [ 0.30526838  0.0629891   0.8281568 ]
 [ 0.02118342 -0.12209865  1.0143379 ]
 [-0.21740639 -0.23323157  1.0462921 ]
 [-0.21959448 -0.15006107  0.85096115]]
[[ 0.          0.          0.5622397 ]
 [ 0.00210213 -0.1170395   0.5529475 ]
 [ 0.3597561  -0.03937621  0.407214  ]
 [ 0.30053845 -0.03663963  0.0577485 ]
 [ 0.43814576 -0.01914787  0.        ]
 [-0.00181355  0.11722412  0.57206863]
 [ 0.04146271  0.30952808  0.20433956]
 [-0.35884678  0.42492127  0.20479709]
 [-0.40627784  0.4693035   0.07457334]
 [ 0.03015657 -0.00280043  0.7652672 ]
 [ 0.07528743 -0.02251133  1.0001936 ]
 [ 0.20577584 -0.1168339   1.0530586 ]
 [ 0.12107269 -0.07891876  1.1089909 ]
 [ 0.09727506  0.09990835  0.92540795]
 [ 0.1715521   0.19613042  0.7029941 ]
 [ 0.2955973   0.13354358  0.8228232 ]
 [ 0.0033075  -0.14238176  1.0080587 ]
 [-0.24914697 -0.21323165  1.0056647 ]
 [-0.2545104  -0.199564    0.81331944]]
[[ 0.          0.          0.5382761 ]
 [ 0.00192066 -0.11465472  0.5262838 ]
 [ 0.34136343 -0.00889592  0.34627858]
 [ 0.47143114  0.05105501  0.01910788]
 [ 0.6343909   0.05343074  0.        ]
 [-0.00163158  0.11479703  0.55094904]
 [ 0.08099753  0.25563684  0.17571384]
 [-0.32827204  0.35511076  0.21442962]
 [-0.3923025   0.40859467  0.10171396]
 [ 0.03528953 -0.0168373   0.7335765 ]
 [ 0.08248533 -0.06006473  0.96064395]
 [ 0.21759835 -0.15564317  1.0203519 ]
 [ 0.13478722 -0.12016389  1.078261  ]
 [ 0.10076609  0.05876258  0.8962286 ]
 [ 0.10691977  0.16670936  0.66782063]
 [ 0.24958077  0.14539278  0.6808411 ]
 [ 0.01035462 -0.17155257  0.9520825 ]
 [-0.23799177 -0.22359619  0.8870792 ]
 [-0.19311556 -0.20094205  0.70008785]]
[[ 0.00000000e+00  0.00000000e+00  5.47748327e-01]
 [ 2.55241990e-04 -1.13174647e-01  5.36839902e-01]
 [ 3.25885028e-01  1.41037405e-02  3.11706215e-01]
 [ 4.92544413e-01  1.09374285e-01  8.71980190e-03]
 [ 6.60585523e-01  1.08017862e-01  0.00000000e+00]
 [ 1.77919865e-05  1.13289714e-01  5.59278309e-01]
 [ 1.48238838e-01  2.09757164e-01  1.85960531e-01]
 [-2.55121350e-01  3.08898062e-01  2.14259624e-01]
 [-2.96672344e-01  3.51944417e-01  9.99195874e-02]
 [ 5.08004539e-02 -1.07707083e-02  7.34823823e-01]
 [ 1.06037803e-01 -6.22949302e-02  9.54202056e-01]
 [ 2.44499445e-01 -1.57041639e-01  1.02392840e+00]
 [ 1.50682211e-01 -1.27787203e-01  1.07697201e+00]
 [ 1.15594432e-01  6.24229312e-02  8.98881555e-01]
 [ 8.79639611e-02  2.02871799e-01  6.74678445e-01]
 [ 2.13210195e-01  2.55441546e-01  5.76615870e-01]
 [ 4.21610028e-02 -1.77100182e-01  9.30205226e-01]
 [-1.89847529e-01 -2.13534147e-01  8.02726746e-01]
 [-1.12374328e-01 -2.16134548e-01  6.23257697e-01]]
[[ 0.          0.          0.5791436 ]
 [-0.00759431 -0.1122484   0.56846493]
 [ 0.2860247   0.05607224  0.315367  ]
 [ 0.3544308   0.22179371  0.0269863 ]
 [ 0.5163907   0.24711138  0.        ]
 [ 0.00786093  0.11228161  0.5900614 ]
 [ 0.28087568  0.12439269  0.2920404 ]
 [-0.07787134  0.20208213  0.1902413 ]
 [-0.0227576   0.23233268  0.09050989]
 [ 0.06404701 -0.00553164  0.75738573]
 [ 0.12108949 -0.06275585  0.97537994]
 [ 0.25417992 -0.14703178  1.0625529 ]
 [ 0.1507571  -0.12682545  1.115239  ]
 [ 0.11537708  0.07011333  0.9226329 ]
 [-0.00957181  0.22161505  0.75106215]
 [-0.02384417  0.3105281   0.54139984]
 [ 0.07720211 -0.19651017  0.9328434 ]
 [-0.05155782 -0.25285852  0.698853  ]
 [ 0.15190558 -0.20244837  0.59770215]]
[[ 0.          0.          0.553035  ]
 [-0.01213291 -0.10964914  0.53679377]
 [ 0.19233853  0.10753776  0.29254714]
 [ 0.01866247  0.375208    0.11746487]
 [ 0.14736941  0.4249067   0.04207081]
 [ 0.01230696  0.10954722  0.56897545]
 [ 0.38580447  0.06859268  0.3600127 ]
 [ 0.28363097  0.12248859  0.06288815]
 [ 0.4324227   0.13605481  0.        ]
 [ 0.06520498 -0.01544887  0.7338816 ]
 [ 0.12636515 -0.04742163  0.960638  ]
 [ 0.24134186 -0.11243093  1.0482268 ]
 [ 0.1398299  -0.09825313  1.1113706 ]
 [ 0.10419613  0.07951877  0.9084827 ]
 [-0.11144513  0.21347687  0.845666  ]
 [-0.21085346  0.26274928  0.6228007 ]
 [ 0.10621518 -0.1918934   0.9174807 ]
 [ 0.04996116 -0.2998826   0.67666453]
 [ 0.2604277  -0.20919117  0.70200336]]
[[ 0.          0.          0.52167284]
 [-0.01517785 -0.09610683  0.507222  ]
 [ 0.04195398  0.1369553   0.2735157 ]
 [-0.22741514  0.40667167  0.19534975]
 [-0.16839057  0.4747934   0.08798331]
 [ 0.01525995  0.09593561  0.5355126 ]
 [ 0.3772557   0.0899732   0.31874105]
 [ 0.5120889   0.10213035  0.00597519]
 [ 0.6586919   0.08910304  0.        ]
 [ 0.04596257 -0.00271136  0.70921564]
 [ 0.08833636 -0.01476085  0.94088364]
 [ 0.18843052 -0.06602597  1.0323919 ]
 [ 0.08636929 -0.06400284  1.0868771 ]
 [ 0.04781187  0.1071775   0.8906028 ]
 [-0.16775823  0.26018494  0.8689177 ]
 [-0.23358846  0.3075894   0.6553167 ]
 [ 0.09274338 -0.1523413   0.9077827 ]
 [ 0.05394307 -0.29002836  0.7137195 ]
 [ 0.24779856 -0.13982575  0.7481564 ]]
[[ 0.          0.          0.5101319 ]
 [-0.01684694 -0.08100895  0.4983589 ]
 [-0.058029    0.1241351   0.2822519 ]
 [-0.3509343   0.39818162  0.2600616 ]
 [-0.35356224  0.49578777  0.15421143]
 [ 0.01687454  0.08080035  0.52127117]
 [ 0.34502763  0.10388683  0.27342606]
 [ 0.56953776  0.18128234  0.        ]
 [ 0.7130047   0.16431683  0.00966752]
 [ 0.01800233 -0.00169986  0.70276433]
 [ 0.03826851 -0.0047645   0.9358316 ]
 [ 0.12386198 -0.05161244  1.0322571 ]
 [ 0.02310113 -0.05895537  1.0736201 ]
 [-0.01681472  0.1033496   0.8715175 ]
 [-0.22736415  0.24100515  0.8265345 ]
 [-0.23855805  0.2937379   0.6212344 ]
 [ 0.06293172 -0.13143003  0.9204495 ]
 [ 0.02776943 -0.2773197   0.7533976 ]
 [ 0.21468246 -0.15808626  0.72452617]]
[[ 0.          0.          0.5343094 ]
 [-0.01240689 -0.07103821  0.526162  ]
 [-0.08193173  0.10330586  0.3125932 ]
 [-0.40602165  0.35306895  0.33909672]
 [-0.44826663  0.4783575   0.24110016]
 [ 0.01245634  0.07082855  0.54186535]
 [ 0.31537616  0.12807074  0.28207797]
 [ 0.521296    0.22378433  0.        ]
 [ 0.65531665  0.20579955  0.00142378]
 [ 0.01032137  0.01945873  0.7299595 ]
 [ 0.02144216  0.03485867  0.96231395]
 [ 0.09966492 -0.0068031   1.0635767 ]
 [-0.00285814 -0.01975352  1.0990634 ]
 [-0.03301442  0.13300222  0.88252395]
 [-0.20201164  0.27964985  0.8065458 ]
 [-0.14028105  0.35062027  0.6232755 ]
 [ 0.05149577 -0.08860061  0.95898855]
 [ 0.0201084  -0.24440627  0.7930242 ]
 [ 0.20358795 -0.14488769  0.72282934]]
[[ 0.0000000e+00  0.0000000e+00  5.7436168e-01]
 [ 9.6194819e-04 -7.9167597e-02  5.6993437e-01]
 [-1.1915386e-02  5.9587792e-02  3.5893095e-01]
 [-3.8460287e-01  2.2714847e-01  4.4266972e-01]
 [-4.6219087e-01  3.7718612e-01  3.6612552e-01]
 [-9.0213865e-04  7.9003081e-02  5.7835829e-01]
 [ 2.7036145e-01  1.8635081e-01  3.2044572e-01]
 [ 3.7503585e-01  3.1935996e-01  1.5479267e-02]
 [ 5.1158345e-01  3.2063323e-01  0.0000000e+00]
 [ 1.1131734e-02  6.0162082e-02  7.7415085e-01]
 [ 2.1885078e-02  1.1069533e-01  1.0039010e+00]
 [ 9.7443968e-02  6.5161586e-02  1.1140680e+00]
 [-1.4613569e-03  6.7818761e-02  1.1496794e+00]
 [-1.7796561e-02  2.1266797e-01  9.0374267e-01]
 [-9.0566546e-02  3.3247530e-01  7.4859524e-01]
 [ 8.8574626e-02  3.9334637e-01  6.4153147e-01]
 [ 4.3455031e-02 -2.2645712e-02  1.0071712e+00]
 [ 1.5186839e-02 -1.9606757e-01  8.3951491e-01]
 [ 2.0109090e-01 -1.1177069e-01  7.5642681e-01]]
[[ 0.          0.          0.5929998 ]
 [ 0.02674273 -0.10518295  0.6037971 ]
 [ 0.23161042 -0.08414623  0.41856223]
 [-0.19310215 -0.04834552  0.40138948]
 [-0.23154259  0.03289178  0.32350948]
 [-0.02669948  0.1052082   0.582069  ]
 [ 0.1782242   0.31849983  0.28481767]
 [ 0.07385097  0.46569902  0.00405943]
 [ 0.21677734  0.50936294  0.        ]
 [ 0.04214466  0.09937558  0.7811739 ]
 [ 0.07709339  0.16977781  0.99905103]
 [ 0.16009595  0.113738    1.1029547 ]
 [ 0.06879066  0.14203393  1.1514186 ]
 [ 0.06944735  0.28575927  0.907585  ]
 [ 0.15031627  0.33066386  0.6983441 ]
 [ 0.34844872  0.2472544   0.75634277]
 [ 0.06777989  0.02360669  0.9931395 ]
 [ 0.05511998 -0.20115651  0.88623196]
 [ 0.23464388 -0.13470177  0.8511386 ]]
[[ 0.          0.          0.5459107 ]
 [ 0.03083166 -0.10890972  0.56114244]
 [ 0.32704133 -0.19248646  0.4538742 ]
 [-0.01284076 -0.28571576  0.20763168]
 [ 0.02071328 -0.26145595  0.1371865 ]
 [-0.03067096  0.10896224  0.53090775]
 [ 0.02591278  0.3814701   0.20271325]
 [-0.13107127  0.5369969   0.01240134]
 [-0.03223762  0.60786504  0.        ]
 [ 0.04604326  0.08925126  0.7322285 ]
 [ 0.07804383  0.13026708  0.9574932 ]
 [ 0.18188487  0.06913811  1.0588589 ]
 [ 0.0776569   0.09241676  1.1059629 ]
 [ 0.08667774  0.24525857  0.882385  ]
 [ 0.22232787  0.22417523  0.70007885]
 [ 0.37462112  0.14432302  0.8405508 ]
 [ 0.04380305 -0.01456836  0.9437718 ]
 [ 0.01668251 -0.26644245  0.9298382 ]
 [ 0.1271627  -0.2598414   0.9206836 ]]
[[ 0.          0.          0.5658286 ]
 [ 0.01480329 -0.1101791   0.58202744]
 [ 0.3380525  -0.2451204   0.49696946]
 [ 0.26207143 -0.38081813  0.11882472]
 [ 0.39049077 -0.3730898   0.10664386]
 [-0.01467637  0.11029041  0.55020213]
 [-0.12138581  0.3025577   0.24305272]
 [-0.3623216   0.42724633  0.0657745 ]
 [-0.31984937  0.49013698  0.        ]
 [ 0.02956231  0.06924015  0.75712574]
 [ 0.05102447  0.09253189  0.9948268 ]
 [ 0.15048352  0.03255177  1.0877194 ]
 [ 0.06248265  0.05881208  1.1417975 ]
 [ 0.09657797  0.19232199  0.905625  ]
 [ 0.27923408  0.16218325  0.73092306]
 [ 0.38699996  0.11614802  0.90087837]
 [-0.02227246 -0.02073914  0.9910352 ]
 [-0.1804845  -0.19707122  1.0624592 ]
 [-0.19031218 -0.25483328  1.1143003 ]]
[[ 0.          0.          0.49591875]
 [ 0.00859356 -0.10068192  0.508202  ]
 [ 0.3125781  -0.22080277  0.42179376]
 [ 0.40022856 -0.37003344  0.06075308]
 [ 0.55492324 -0.37792492  0.06571087]
 [-0.00848812  0.10076292  0.4843668 ]
 [-0.1548703   0.24069364  0.17624637]
 [-0.4453624   0.30133316  0.07409933]
 [-0.41900635  0.3367381   0.        ]
 [ 0.02240447  0.05913286  0.69195706]
 [ 0.03528713  0.06914687  0.9302563 ]
 [ 0.12421083  0.00889051  1.0258925 ]
 [ 0.04629469  0.03940189  1.0849503 ]
 [ 0.09236131  0.15668735  0.83653814]
 [ 0.25519425  0.1675587   0.6400677 ]
 [ 0.3873287   0.12706603  0.7653107 ]
 [-0.04876938 -0.02522525  0.9282849 ]
 [-0.22911397 -0.16333386  0.9987923 ]
 [-0.24417503 -0.26761478  1.083408  ]]
[[ 0.00000000e+00  0.00000000e+00  4.99124646e-01]
 [-6.20543770e-03 -9.29533094e-02  5.02094448e-01]
 [ 1.94008023e-01 -6.47302121e-02  3.03045720e-01]
 [ 3.13357413e-01 -9.64305401e-02  0.00000000e+00]
 [ 3.81276309e-01 -1.13322318e-01  8.27917457e-03]
 [ 5.97356074e-03  9.31163728e-02  4.96552438e-01]
 [-9.14695561e-02  1.71618462e-01  1.90221012e-01]
 [-3.03543746e-01 -7.01675713e-02  9.22553539e-02]
 [ 2.29668140e-01 -2.37008303e-01  1.83824003e-02]
 [ 1.25931175e-02  2.26345807e-02  6.89549863e-01]
 [ 1.56967081e-02  7.79739022e-03  9.14700687e-01]
 [ 7.29096085e-02  9.88811255e-04  9.97734189e-01]
 [ 1.65960453e-02 -6.71577454e-03  1.05736005e+00]
 [ 3.70535366e-02  7.67914355e-02  8.28612447e-01]
 [ 1.15928762e-01  1.07730076e-01  6.06695235e-01]
 [ 2.10133970e-01  6.49239793e-02  5.30776322e-01]
 [-4.35549244e-02 -6.89531565e-02  9.05855358e-01]
 [-1.89212859e-01 -1.79222897e-01  8.76306057e-01]
 [-1.95073396e-01 -2.27438778e-01  9.82762456e-01]]
[[ 0.          0.          0.55795693]
 [ 0.02190664 -0.08389112  0.5670203 ]
 [ 0.29047865  0.05137527  0.37491822]
 [ 0.368967   -0.01040459  0.        ]
 [ 0.53652877  0.03824639  0.01109087]
 [-0.02200276  0.08384331  0.54959035]
 [-0.10514284  0.04734498  0.201911  ]
 [-0.48243046 -0.16058964  0.36077714]
 [-0.52925557 -0.15808535  0.40289375]
 [-0.01985883  0.05825645  0.752989  ]
 [-0.04442082  0.0880613   0.98717916]
 [ 0.03940063  0.04767346  1.1019659 ]
 [-0.03535618  0.07047468  1.1519411 ]
 [-0.01229008  0.15582278  0.8774782 ]
 [ 0.02536275  0.2090142   0.6357392 ]
 [ 0.09825341  0.26836118  0.48250067]
 [-0.09314329  0.00578868  1.0013839 ]
 [-0.2199806  -0.06672159  1.089021  ]
 [-0.19833052 -0.13578522  1.2813085 ]]
[[ 0.          0.          0.6224344 ]
 [ 0.01946839 -0.08152747  0.63191193]
 [ 0.25268683  0.09168598  0.4162901 ]
 [ 0.23048013  0.02013755  0.02451003]
 [ 0.38997585  0.07990235  0.        ]
 [-0.01961917  0.08144861  0.61358184]
 [-0.0528815  -0.00626799  0.2695507 ]
 [-0.4534493  -0.26672477  0.43047553]
 [-0.51276827 -0.26931715  0.50087273]
 [-0.02859572  0.06531717  0.8155015 ]
 [-0.06410488  0.10290909  1.0486002 ]
 [ 0.01679965  0.07442361  1.1671507 ]
 [-0.06622063  0.09181643  1.2142855 ]
 [-0.05058576  0.1738396   0.9375902 ]
 [-0.05704123  0.24590737  0.71513885]
 [-0.01927979  0.34516317  0.5670755 ]
 [-0.09653401  0.01400664  1.064108  ]
 [-0.23514378 -0.05221629  1.2065473 ]
 [-0.22051176 -0.14009696  1.3909025 ]]
[[ 0.          0.          0.6796162 ]
 [ 0.00667076 -0.06960826  0.6883108 ]
 [ 0.17424867  0.07951784  0.42238152]
 [ 0.00803358  0.05181837  0.07204455]
 [ 0.11975891  0.12545246  0.        ]
 [-0.00688516  0.06951556  0.6712826 ]
 [ 0.05470853 -0.07593539  0.34151816]
 [-0.38093925 -0.2964878   0.43647206]
 [-0.45981723 -0.2973712   0.4628073 ]
 [-0.04619706  0.06718498  0.86998904]
 [-0.1025283   0.10066134  1.1003137 ]
 [-0.01945505  0.08231068  1.2209258 ]
 [-0.11037637  0.09285951  1.265121  ]
 [-0.11389464  0.17279899  0.99443126]
 [-0.15426672  0.2810892   0.8207185 ]
 [-0.12844372  0.45643738  0.75440216]
 [-0.11368217  0.01007539  1.1152991 ]
 [-0.23102269 -0.03332013  1.344385  ]
 [-0.2464605  -0.14344704  1.5319991 ]]
[[ 0.00000000e+00  0.00000000e+00  6.17465377e-01]
 [-5.83287328e-04 -5.27941100e-02  6.23747945e-01]
 [ 1.41319513e-01  2.06599832e-02  3.46598715e-01]
 [-1.92045391e-01  8.94496143e-02  1.14277065e-01]
 [-1.48332626e-01  1.95909053e-01  0.00000000e+00]
 [ 2.73676589e-04  5.26868477e-02  6.11176848e-01]
 [ 1.88653201e-01 -1.17634505e-01  3.09968144e-01]
 [-2.37594694e-01 -1.82378650e-01  2.78238595e-01]
 [-3.13249052e-01 -1.60577089e-01  2.38157749e-01]
 [-5.63531741e-02  6.78062141e-02  8.15480590e-01]
 [-1.24356657e-01  9.26030874e-02  1.04845512e+00]
 [-4.17017639e-02  7.21787810e-02  1.17121863e+00]
 [-1.37343109e-01  7.21427798e-02  1.20568216e+00]
 [-1.56519845e-01  1.64792001e-01  9.53340530e-01]
 [-2.31042832e-01  2.86926925e-01  8.19022417e-01]
 [-2.61553854e-01  4.67411757e-01  8.82975757e-01]
 [-1.13664299e-01  9.96574759e-03  1.05721092e+00]
 [-1.82337612e-01 -3.47901583e-02  1.36017823e+00]
 [-1.78169712e-01 -6.12109900e-02  1.56571293e+00]]
[[ 0.          0.          0.5100608 ]
 [-0.01638429 -0.07947756  0.5200507 ]
 [ 0.14553316 -0.08925518  0.30778885]
 [-0.30482516 -0.02036491  0.26655996]
 [-0.3820637   0.06293297  0.16152808]
 [ 0.01611     0.07920568  0.4999047 ]
 [ 0.34651664 -0.06105757  0.33328295]
 [ 0.07237757 -0.0430513   0.06266147]
 [ 0.16562656 -0.04451972  0.        ]
 [-0.04294746  0.04389502  0.7242944 ]
 [-0.08593705  0.05645028  0.9693763 ]
 [ 0.01886477  0.02903777  1.0704527 ]
 [-0.08034779  0.04539806  1.1240733 ]
 [-0.11804043  0.14816955  0.9059105 ]
 [-0.21358463  0.28355137  0.9047437 ]
 [-0.2215038   0.383219    1.1276914 ]
 [-0.07749154 -0.04643974  0.9578421 ]
 [-0.02941231 -0.10657436  1.2496874 ]
 [ 0.01520411 -0.14559     1.4496679 ]]
[[ 0.          0.          0.5035539 ]
 [-0.01404414 -0.08235019  0.52005035]
 [ 0.1929631  -0.10873441  0.38420224]
 [-0.25515613 -0.05360092  0.33901584]
 [-0.32460952  0.02677707  0.25955755]
 [ 0.01382266  0.08204626  0.48686016]
 [ 0.3682038  -0.06248768  0.38622433]
 [ 0.2292659  -0.10307801  0.02189368]
 [ 0.36571378 -0.1183123   0.        ]
 [-0.02507126  0.03043112  0.72004676]
 [-0.04437197  0.03649011  0.9698038 ]
 [ 0.06363957  0.00385892  1.0614531 ]
 [-0.02734639  0.02543682  1.1224711 ]
 [-0.07189399  0.13124025  0.918624  ]
 [-0.11373258  0.25053865  1.023299  ]
 [-0.09676334  0.2892738   1.2502732 ]
 [-0.04209146 -0.06952804  0.95523846]
 [ 0.05698571 -0.15749973  1.2424606 ]
 [ 0.15522468 -0.16478515  1.4392909 ]]
[[ 0.0000000e+00  0.0000000e+00  4.4360185e-01]
 [-1.7114427e-02 -9.0485170e-02  4.7184369e-01]
 [ 2.4693900e-01 -1.3929218e-01  4.1613305e-01]
 [-1.9814804e-01 -9.7936273e-02  2.8269964e-01]
 [-2.2564149e-01 -4.5549646e-02  1.9898537e-01]
 [ 1.6894132e-02  9.0235516e-02  4.1511565e-01]
 [ 3.7836045e-01 -5.2130848e-02  3.6787406e-01]
 [ 3.4833282e-01 -1.7366588e-01  0.0000000e+00]
 [ 5.0941449e-01 -1.8407625e-01  1.9448578e-02]
 [-3.1052530e-04  3.0988082e-02  6.5966439e-01]
 [ 2.6755333e-03  3.5093218e-02  9.0968251e-01]
 [ 1.1745793e-01 -7.0546865e-03  9.8729610e-01]
 [ 3.3623636e-02  2.0101905e-02  1.0538116e+00]
 [-9.8370612e-03  1.4256299e-01  8.6186612e-01]
 [ 2.2746623e-02  2.4888867e-01  1.0040518e+00]
 [ 9.1718450e-02  2.6106876e-01  1.2293485e+00]
 [-1.3910848e-02 -7.7517033e-02  8.8952160e-01]
 [ 1.2755999e-01 -1.9082952e-01  1.1403191e+00]
 [ 2.8178674e-01 -1.9882417e-01  1.3262812e+00]]
[[ 0.          0.          0.38365448]
 [-0.02591942 -0.09971931  0.42213595]
 [ 0.27497935 -0.1761146   0.43586195]
 [-0.09542963 -0.17310795  0.1929186 ]
 [-0.07318313 -0.15102527  0.10624033]
 [ 0.02566924  0.0995099   0.34492657]
 [ 0.3871774  -0.05856423  0.34500885]
 [ 0.4174408  -0.21994954  0.        ]
 [ 0.5921124  -0.23181352  0.0424566 ]
 [ 0.01855477  0.02970056  0.59871125]
 [ 0.03860968  0.02841181  0.84661454]
 [ 0.15968081 -0.02550447  0.91452664]
 [ 0.07977121  0.00919777  0.9853717 ]
 [ 0.04886203  0.1482397   0.80277973]
 [ 0.1417917   0.23607379  0.8989392 ]
 [ 0.27149191  0.23684889  1.0814965 ]
 [ 0.00226239 -0.09229812  0.821749  ]
 [ 0.18990976 -0.23016167  1.0398483 ]
 [ 0.38166428 -0.25141686  1.2075436 ]]
[[ 0.          0.          0.30116224]
 [-0.04529376 -0.09343132  0.3418902 ]
 [ 0.26602843 -0.25683647  0.42662096]
 [ 0.1381802  -0.33472615  0.08475101]
 [ 0.22364342 -0.3493244   0.04017335]
 [ 0.04512306  0.09330185  0.26038545]
 [ 0.37243903 -0.08780774  0.31822476]
 [ 0.42623156 -0.35522032  0.        ]
 [ 0.5799871  -0.3913537   0.06012511]
 [ 0.05881126  0.01604486  0.5121691 ]
 [ 0.11300607  0.00367615  0.7528658 ]
 [ 0.24433047 -0.06165189  0.81218827]
 [ 0.163174   -0.01130033  0.8838068 ]
 [ 0.1580105   0.12083095  0.70443547]
 [ 0.38042137  0.09788305  0.769903  ]
 [ 0.5339483  -0.05311805  0.8609731 ]
 [ 0.04461423 -0.11643463  0.725119  ]
 [ 0.28674918 -0.30712485  0.82038826]
 [ 0.49273026 -0.332958    0.91884416]]
[[ 0.0000000e+00  0.0000000e+00  2.3001297e-01]
 [-5.3298019e-02 -8.8188753e-02  2.6571274e-01]
 [ 2.6774320e-01 -2.8436601e-01  3.8128242e-01]
 [ 2.8723145e-01 -3.7914199e-01  6.3142881e-02]
 [ 3.7755096e-01 -4.1347504e-01  5.5881396e-02]
 [ 5.3223990e-02  8.8012353e-02  1.9438742e-01]
 [ 3.6940640e-01 -1.0940176e-01  2.9580843e-01]
 [ 4.5440364e-01 -3.6513489e-01  0.0000000e+00]
 [ 5.9689116e-01 -4.0758440e-01  7.3697492e-02]
 [ 8.1515908e-02 -3.6984682e-05  4.3417788e-01]
 [ 1.6114041e-01 -1.9206077e-02  6.6665554e-01]
 [ 2.9017353e-01 -8.8528961e-02  7.2050261e-01]
 [ 2.1058705e-01 -3.7141144e-02  7.8912663e-01]
 [ 2.0460749e-01  9.4891578e-02  6.1380714e-01]
 [ 4.2332393e-01  8.3671182e-02  5.9668475e-01]
 [ 5.6921518e-01 -7.9317719e-02  6.3714451e-01]
 [ 9.0582997e-02 -1.3320479e-01  6.4413291e-01]
 [ 3.2530516e-01 -3.2143226e-01  6.6265273e-01]
 [ 5.4422879e-01 -3.4310800e-01  7.1329737e-01]]
[[ 0.          0.          0.18237147]
 [-0.05208505 -0.08382377  0.2092083 ]
 [ 0.27554533 -0.2796629   0.3291126 ]
 [ 0.41074818 -0.39972162  0.0666725 ]
 [ 0.5185499  -0.4323229   0.09535812]
 [ 0.05212625  0.08361834  0.1556824 ]
 [ 0.35029966 -0.10167424  0.2833197 ]
 [ 0.47650802 -0.37651625  0.        ]
 [ 0.5970168  -0.42685455  0.0773668 ]
 [ 0.09575593 -0.01056942  0.3813311 ]
 [ 0.19470073 -0.03809762  0.6062832 ]
 [ 0.32280177 -0.10576239  0.65329444]
 [ 0.2514112  -0.05340889  0.7257409 ]
 [ 0.23345941  0.07050133  0.54739344]
 [ 0.4282155   0.08038081  0.4354583 ]
 [ 0.54975444 -0.0778522   0.41707668]
 [ 0.12228817 -0.1445004   0.5839026 ]
 [ 0.32696512 -0.32588577  0.52251816]
 [ 0.5457299  -0.35175985  0.5053299 ]]
[[ 0.          0.          0.14557157]
 [-0.04418681 -0.08064586  0.16853574]
 [ 0.28293484 -0.27471548  0.2807858 ]
 [ 0.467346   -0.42274952  0.06992663]
 [ 0.57532775 -0.45383278  0.10772006]
 [ 0.04426755  0.08043791  0.12276785]
 [ 0.33622155 -0.09292714  0.25586843]
 [ 0.4953189  -0.3895381   0.        ]
 [ 0.6037642  -0.42602947  0.07867387]
 [ 0.1056031  -0.00845954  0.33846748]
 [ 0.22075704 -0.02637616  0.558029  ]
 [ 0.34772018 -0.09019405  0.60402304]
 [ 0.28312552 -0.03797144  0.67638713]
 [ 0.25179887  0.07974797  0.49526995]
 [ 0.41888857  0.10861592  0.32786566]
 [ 0.5877639  -0.05865838  0.2774974 ]
 [ 0.15008467 -0.13187295  0.53738135]
 [ 0.3283909  -0.30996728  0.41785246]
 [ 0.54321    -0.35075098  0.34156704]]
[[ 0.          0.          0.13087569]
 [-0.0402481  -0.07728912  0.15362471]
 [ 0.28579193 -0.27204305  0.2616766 ]
 [ 0.4916051  -0.4090965   0.07295561]
 [ 0.59959626 -0.44101542  0.11391035]
 [ 0.04034898  0.07708275  0.10829289]
 [ 0.3468073  -0.07532807  0.24582508]
 [ 0.51976156 -0.3663138   0.        ]
 [ 0.6220124  -0.39804077  0.0816522 ]
 [ 0.10692672 -0.00597987  0.32002413]
 [ 0.22797148 -0.02027023  0.53687227]
 [ 0.35584235 -0.0832186   0.5810576 ]
 [ 0.29340106 -0.03319845  0.6528872 ]
 [ 0.25397742  0.08069727  0.47150755]
 [ 0.40223217  0.12854111  0.2764827 ]
 [ 0.599231   -0.04309721  0.23161125]
 [ 0.15755442 -0.12303954  0.51766205]
 [ 0.31890577 -0.306074    0.3792013 ]
 [ 0.5274271  -0.3685599   0.28816205]]
[[ 0.          0.          0.1922866 ]
 [-0.03510596 -0.06488368  0.22009303]
 [ 0.2564422  -0.21725333  0.27786976]
 [ 0.4338491  -0.49030995  0.12714224]
 [ 0.526078   -0.5275943   0.13302962]
 [ 0.03537559  0.06462938  0.1644601 ]
 [ 0.29491538 -0.12687549  0.22960262]
 [ 0.4626289  -0.46131653  0.04506476]
 [ 0.5463848  -0.4797229   0.08433533]
 [ 0.09521315  0.02267893  0.3524528 ]
 [ 0.21639596  0.03523672  0.5432614 ]
 [ 0.3322043  -0.01399231  0.5903143 ]
 [ 0.296184    0.05726677  0.6604401 ]
 [ 0.23907682  0.11874485  0.4580077 ]
 [ 0.2187818   0.18748583  0.20386206]
 [ 0.16658889  0.24248643  0.        ]
 [ 0.13056421 -0.05791196  0.54481846]
 [-0.00329008 -0.17339882  0.3705885 ]
 [ 0.43738735 -0.34499604  0.31834674]]
[[ 0.          0.          0.13562803]
 [-0.03496432 -0.07964484  0.1513223 ]
 [ 0.26197433 -0.22414544  0.20605962]
 [ 0.56879705 -0.34127894  0.09563776]
 [ 0.65849376 -0.36798728  0.19236618]
 [ 0.03509509  0.07949331  0.12011511]
 [ 0.3276735  -0.02344583  0.18778524]
 [ 0.6154332  -0.24324495  0.05234568]
 [ 0.7040526  -0.264781    0.18930325]
 [ 0.04495625  0.05100001  0.29866976]
 [ 0.12428781  0.11817089  0.4874131 ]
 [ 0.28001112  0.05826771  0.5188248 ]
 [ 0.22129875  0.1319418   0.58912134]
 [ 0.13383517  0.1971268   0.39932448]
 [-0.01642211  0.26749027  0.18166202]
 [-0.20407695  0.2947786   0.        ]
 [ 0.03801437  0.02318615  0.4987921 ]
 [-0.18509671 -0.08162719  0.3751905 ]
 [-0.33611542 -0.12063424  0.21970607]]
[[ 0.          0.          0.12825373]
 [-0.02795629 -0.08087245  0.14620388]
 [ 0.27169013 -0.19751567  0.22060217]
 [ 0.58551514 -0.29012516  0.09825148]
 [ 0.687616   -0.31333157  0.18853705]
 [ 0.02810386  0.08076824  0.11044298]
 [ 0.33697245  0.01817866  0.20558605]
 [ 0.6318482  -0.15526226  0.06669486]
 [ 0.72625446 -0.1785701   0.1986002 ]
 [ 0.02253142  0.05826399  0.2852401 ]
 [ 0.07879094  0.1378063   0.46704075]
 [ 0.23013803  0.08544248  0.5008313 ]
 [ 0.16824976  0.16117784  0.56508505]
 [ 0.09126426  0.21221551  0.3787456 ]
 [-0.07755613  0.249881    0.17364746]
 [-0.2739348   0.25522584  0.        ]
 [-0.00947697  0.0454475   0.48742396]
 [-0.23892632 -0.05743408  0.40113208]
 [-0.42151403 -0.07612411  0.27742603]]
[[ 0.0000000e+00  0.0000000e+00  1.5732905e-01]
 [-1.9505028e-02 -8.3479956e-02  1.8496840e-01]
 [ 2.9032987e-01 -1.5837955e-01  2.6538831e-01]
 [ 5.3287494e-01 -2.6453754e-01  1.1858971e-01]
 [ 6.6980946e-01 -2.7325293e-01  1.7833780e-01]
 [ 1.9638740e-02  8.3507448e-02  1.2974593e-01]
 [ 3.5996693e-01  8.7583691e-02  2.4339789e-01]
 [ 5.9433472e-01 -4.0388405e-02  8.3856523e-02]
 [ 7.0887184e-01 -6.4689159e-02  1.9561493e-01]
 [-2.2677734e-02  7.8239501e-02  2.9572636e-01]
 [-1.9593216e-02  1.7516226e-01  4.5785347e-01]
 [ 1.2602878e-01  1.3633585e-01  4.9703017e-01]
 [ 6.2830776e-02  2.0918101e-01  5.4992163e-01]
 [ 1.6804785e-04  2.4281967e-01  3.6319712e-01]
 [-1.6233349e-01  2.3379898e-01  1.7603879e-01]
 [-3.4526035e-01  1.9892761e-01  0.0000000e+00]
 [-1.0840303e-01  8.3114058e-02  4.9467352e-01]
 [-3.2950622e-01 -1.8601477e-02  4.6669605e-01]
 [-5.2646685e-01 -5.3108007e-02  4.1540122e-01]]
[[ 0.          0.          0.16847676]
 [-0.01601459 -0.07643723  0.21161513]
 [ 0.30269706 -0.11662102  0.3036905 ]
 [ 0.41021293 -0.3146563   0.11844924]
 [ 0.5595723  -0.31548718  0.1458307 ]
 [ 0.01602994  0.07652415  0.12525299]
 [ 0.35649744  0.11521032  0.24566507]
 [ 0.48196387 -0.05673167  0.05934758]
 [ 0.6104314  -0.08485153  0.14847429]
 [-0.0646245   0.10532922  0.28534657]
 [-0.1071229   0.23748294  0.4254151 ]
 [ 0.02869095  0.22276229  0.47255817]
 [-0.03081685  0.28434038  0.52074194]
 [-0.08891615  0.29458168  0.32056636]
 [-0.20096529  0.26948127  0.15664564]
 [-0.32177943  0.24116555  0.        ]
 [-0.18512759  0.15186265  0.47369915]
 [-0.38781944  0.05592212  0.5099627 ]
 [-0.5762907   0.03214151  0.5403664 ]]
[[ 0.          0.          0.15265979]
 [-0.0163526  -0.06161385  0.21242048]
 [ 0.29952896 -0.12886943  0.34604222]
 [ 0.29184222 -0.42656055  0.17738871]
 [ 0.41480953 -0.43182817  0.19960587]
 [ 0.01620656  0.06168533  0.09274384]
 [ 0.34525836  0.15627158  0.21399643]
 [ 0.40172696 -0.08895971  0.084199  ]
 [ 0.50873196 -0.10840843  0.18293501]
 [-0.0874761   0.13550231  0.23907907]
 [-0.16263887  0.2973668   0.34903777]
 [-0.03979932  0.30583176  0.40877718]
 [-0.10104612  0.3698039   0.44461185]
 [-0.14390114  0.339459    0.23752056]
 [-0.18540826  0.2542003   0.09513398]
 [-0.21504748  0.19456883  0.        ]
 [-0.22221392  0.2214081   0.40379316]
 [-0.36346635  0.09697565  0.50727403]
 [-0.4686007   0.12887561  0.60714865]]
[[ 0.          0.          0.12525156]
 [-0.0209124  -0.02583206  0.19353667]
 [ 0.23088956 -0.19200572  0.33777466]
 [ 0.1578418  -0.54670286  0.24530372]
 [ 0.24108121 -0.57180136  0.28729743]
 [ 0.02075127  0.0258201   0.05676197]
 [ 0.2926364   0.17004862  0.07782656]
 [ 0.32974628 -0.10796046  0.10538168]
 [ 0.40275967 -0.11733662  0.19397518]
 [-0.09086774  0.16615272  0.16761869]
 [-0.1888113   0.36963755  0.23298556]
 [-0.09367937  0.41357246  0.29748794]
 [-0.16020799  0.4820825   0.32779956]
 [-0.16085893  0.3892018   0.10746992]
 [-0.05023457  0.25243533  0.        ]
 [ 0.0335237   0.14059879  0.00639454]
 [-0.23008242  0.30686796  0.30532616]
 [-0.22462547  0.16321868  0.47583947]
 [-0.2063086   0.20558804  0.6693493 ]]
[[ 0.          0.          0.16593333]
 [-0.01154532 -0.01250859  0.23986177]
 [ 0.21958941 -0.18508711  0.34780437]
 [ 0.19957164 -0.6077341   0.29191756]
 [ 0.275572   -0.6367696   0.31028104]
 [ 0.01140734  0.01246815  0.09181933]
 [ 0.31265277  0.21123296  0.10052642]
 [ 0.3656134  -0.11843114  0.14813222]
 [ 0.4432956  -0.11766481  0.21771073]
 [-0.08267041  0.16432491  0.1927114 ]
 [-0.18244773  0.35502583  0.2367004 ]
 [-0.09596935  0.42203265  0.28399396]
 [-0.16550314  0.472192    0.31367362]
 [-0.16623855  0.36870334  0.10879356]
 [-0.01848522  0.2035141   0.        ]
 [ 0.08349687  0.10165095  0.02310082]
 [-0.19805092  0.30296025  0.31829876]
 [-0.10996802  0.18784653  0.42838585]
 [-0.02534269  0.290689    0.5716601 ]]
[[ 0.          0.          0.17814949]
 [ 0.00797455 -0.0043009   0.25420046]
 [ 0.22915095 -0.12123573  0.27669477]
 [ 0.40570927 -0.6001947   0.32159027]
 [ 0.4956702  -0.6175486   0.3169519 ]
 [-0.00810433  0.00428428  0.10196973]
 [ 0.319782    0.24753344  0.09160078]
 [ 0.45825106 -0.09596238  0.13844939]
 [ 0.56628954 -0.08580741  0.17919317]
 [-0.07504658  0.1648243   0.20266068]
 [-0.16322327  0.35561877  0.23876408]
 [-0.08509272  0.43941107  0.259927  ]
 [-0.14148575  0.4762937   0.28878948]
 [-0.17575046  0.37411025  0.12309928]
 [-0.04825179  0.2420946   0.01010889]
 [ 0.08569816  0.1500744   0.        ]
 [-0.14575028  0.3020669   0.31516686]
 [ 0.04409343  0.2067687   0.3019881 ]
 [ 0.1980294   0.25307453  0.24642336]]
[[ 0.          0.          0.18673919]
 [ 0.01629152 -0.00361313  0.26349008]
 [ 0.23392725 -0.10047721  0.26668426]
 [ 0.43638182 -0.55973876  0.32983238]
 [ 0.5271803  -0.57472086  0.31151378]
 [-0.01641702  0.00360984  0.10988281]
 [ 0.3109534   0.27741456  0.09007056]
 [ 0.4605856  -0.04539503  0.14143936]
 [ 0.5707495  -0.03853672  0.17250434]
 [-0.07636495  0.16415974  0.21210963]
 [-0.16776553  0.34730095  0.24675627]
 [-0.0948903   0.4387192   0.2576763 ]
 [-0.14628255  0.46366876  0.29190964]
 [-0.18954283  0.36556035  0.13344592]
 [-0.07885569  0.22806601  0.01685977]
 [ 0.06188601  0.21352789  0.        ]
 [-0.13338941  0.29420722  0.32619688]
 [ 0.06665072  0.20797959  0.28960747]
 [ 0.21146399  0.23614442  0.1939709 ]]
[[ 0.          0.          0.21732739]
 [ 0.0261371  -0.00192937  0.29694736]
 [ 0.2518294  -0.056061    0.28052458]
 [ 0.46587324 -0.5228406   0.3388986 ]
 [ 0.5581377  -0.528938    0.30324274]
 [-0.02623125  0.00192434  0.13760722]
 [ 0.29202846  0.29529092  0.10883501]
 [ 0.4413899  -0.01670322  0.15221334]
 [ 0.54933465 -0.00576866  0.18696377]
 [-0.07416117  0.1559971   0.24417013]
 [-0.1650295   0.3228268   0.27802378]
 [-0.09558836  0.41756102  0.28186753]
 [-0.14394093  0.43645322  0.31795046]
 [-0.20446494  0.3412654   0.17274132]
 [-0.11907974  0.20756313  0.03861035]
 [ 0.01449596  0.19903558  0.        ]
 [-0.11431479  0.2754649   0.35724053]
 [ 0.09823732  0.20376262  0.30205616]
 [ 0.22765945  0.26319265  0.18877146]]
[[ 0.0000000e+00  0.0000000e+00  2.6273012e-01]
 [ 4.0918320e-02 -1.5591830e-04  3.4341049e-01]
 [ 2.6932794e-01  7.4276626e-03  2.9478168e-01]
 [ 5.1098400e-01 -4.5440534e-01  3.4789282e-01]
 [ 6.0907269e-01 -4.4336438e-01  2.9794782e-01]
 [-4.0989384e-02  1.7394125e-04  1.8192101e-01]
 [ 2.4769685e-01  3.3308375e-01  1.2876362e-01]
 [ 4.1484177e-01  5.3451631e-02  1.7892170e-01]
 [ 5.2493346e-01  7.3033035e-02  2.0815562e-01]
 [-7.2110474e-02  1.5409675e-01  2.8873634e-01]
 [-1.5805209e-01  3.2983372e-01  3.1657532e-01]
 [-9.9375784e-02  4.3506300e-01  3.1084767e-01]
 [-1.3816190e-01  4.4385874e-01  3.4774533e-01]
 [-2.1948642e-01  3.4471884e-01  2.2048581e-01]
 [-1.7770536e-01  2.1422221e-01  6.1365843e-02]
 [-5.6181550e-02  2.4225205e-01  0.0000000e+00]
 [-8.4252059e-02  2.8480631e-01  3.9389747e-01]
 [ 1.4086834e-01  2.3091593e-01  3.1796652e-01]
 [ 2.4916239e-01  3.3636364e-01  1.8585676e-01]]
[[ 0.0000000e+00  0.0000000e+00  3.2184848e-01]
 [ 5.2395985e-02  2.8061122e-04  4.0215677e-01]
 [ 2.7915841e-01  7.8946017e-02  3.2324904e-01]
 [ 5.2659774e-01 -3.8073567e-01  3.6233172e-01]
 [ 6.2832916e-01 -3.5259056e-01  2.9848337e-01]
 [-5.2424952e-02 -2.2565573e-04  2.4141124e-01]
 [ 1.9748507e-01  3.6766750e-01  1.6619802e-01]
 [ 3.7137780e-01  9.1318652e-02  2.0092073e-01]
 [ 4.7122246e-01  1.2479918e-01  2.2775257e-01]
 [-6.4690210e-02  1.5752798e-01  3.4950814e-01]
 [-1.4370537e-01  3.3446404e-01  3.7799069e-01]
 [-9.6249491e-02  4.4742501e-01  3.6856773e-01]
 [-1.2942845e-01  4.4307968e-01  4.1093448e-01]
 [-2.2467685e-01  3.4386754e-01  2.8508097e-01]
 [-2.2751480e-01  2.1925318e-01  9.4965905e-02]
 [-1.2258206e-01  2.7006423e-01  0.0000000e+00]
 [-5.1208943e-02  2.9125810e-01  4.5282817e-01]
 [ 1.6767392e-01  2.5745392e-01  3.4851643e-01]
 [ 2.3847000e-01  3.8665181e-01  1.9030982e-01]]
[[ 0.00000000e+00  0.00000000e+00  3.47723991e-01]
 [ 6.13517091e-02 -3.86685133e-05  4.26833093e-01]
 [ 2.82224506e-01  1.42533600e-01  3.37189376e-01]
 [ 5.26947379e-01 -3.10434133e-01  3.53428155e-01]
 [ 6.28133655e-01 -2.68850267e-01  2.80610085e-01]
 [-6.13359064e-02  1.26883388e-04  2.68437624e-01]
 [ 1.53054789e-01  3.83684546e-01  1.80403024e-01]
 [ 3.30523700e-01  1.40614823e-01  2.05323100e-01]
 [ 4.12990212e-01  1.84689626e-01  2.30216429e-01]
 [-6.37536347e-02  1.49850309e-01  3.76049161e-01]
 [-1.42717183e-01  3.24450612e-01  4.05424178e-01]
 [-1.04251325e-01  4.41277981e-01  3.99615467e-01]
 [-1.34566426e-01  4.25853640e-01  4.42453891e-01]
 [-2.34349608e-01  3.30289632e-01  3.18643868e-01]
 [-2.64873326e-01  2.18581378e-01  1.10597149e-01]
 [-1.53209150e-01  2.94930398e-01  0.00000000e+00]
 [-3.68552953e-02  2.86159605e-01  4.77619767e-01]
 [ 1.73582882e-01  2.75328666e-01  3.56103271e-01]
 [ 2.10609376e-01  4.14817959e-01  1.88275307e-01]]
[[ 0.          0.          0.39805037]
 [ 0.08138058  0.00435168  0.46814615]
 [ 0.2897658   0.22199231  0.39530292]
 [ 0.46883988 -0.20684561  0.31650257]
 [ 0.5650886  -0.12177426  0.24129549]
 [-0.08130471 -0.00421004  0.32777584]
 [ 0.08139209  0.4104154   0.25512794]
 [ 0.13005193  0.30612466  0.18638858]
 [ 0.13598931  0.3712175   0.2116775 ]
 [-0.07087968  0.15256721  0.43783087]
 [-0.15616795  0.33377677  0.4876774 ]
 [-0.16620976  0.4310804   0.4899411 ]
 [-0.17557102  0.40699026  0.54199386]
 [-0.27184582  0.31697842  0.40999   ]
 [-0.34113932  0.21212327  0.18412519]
 [-0.27626064  0.30784452  0.        ]
 [-0.026088    0.31082863  0.537409  ]
 [ 0.11245956  0.3008472   0.34237027]
 [ 0.10432863  0.46508592  0.13736427]]
[[ 0.          0.          0.3416241 ]
 [ 0.08502173  0.00381139  0.40154663]
 [ 0.3022863   0.29183692  0.35580483]
 [ 0.39775103 -0.0968594   0.21140581]
 [ 0.48093325  0.01259185  0.13323641]
 [-0.08494912 -0.00357247  0.28146872]
 [ 0.03418386  0.41989785  0.18905553]
 [ 0.03492318  0.39012223  0.09046608]
 [ 0.01831068  0.4583214   0.11180605]
 [-0.06915101  0.15123077  0.4104863 ]
 [-0.15452254  0.327109    0.49381104]
 [-0.20100033  0.40475535  0.5140338 ]
 [-0.19313407  0.37054715  0.5685732 ]
 [-0.2757814   0.30357012  0.42643616]
 [-0.3510435   0.21102509  0.20298499]
 [-0.31695026  0.34427565  0.        ]
 [-0.01987022  0.30954117  0.518999  ]
 [ 0.05425483  0.32085136  0.29104573]
 [ 0.02800849  0.49587333  0.08417496]]
[[ 0.          0.          0.28022897]
 [ 0.08581373 -0.00061037  0.33185273]
 [ 0.31588283  0.31650048  0.29624802]
 [ 0.34291545 -0.03783147  0.11890852]
 [ 0.4204648   0.08703506  0.0394288 ]
 [-0.08577015  0.00091482  0.22837773]
 [-0.01212613  0.4299492   0.11120984]
 [-0.02304922  0.43001184  0.01621464]
 [-0.04684596  0.5000154   0.03103822]
 [-0.06428593  0.13822216  0.3785045 ]
 [-0.14648318  0.29687712  0.4985857 ]
 [-0.22541124  0.356557    0.53793687]
 [-0.19776171  0.3157261   0.58948016]
 [-0.27286434  0.26925346  0.44272313]
 [-0.35124594  0.18498051  0.21886092]
 [-0.35273772  0.30976957  0.        ]
 [-0.00850752  0.28625995  0.5041827 ]
 [ 0.01486064  0.32488698  0.26745608]
 [-0.03507665  0.49474722  0.05872355]]
[[ 0.00000000e+00  0.00000000e+00  2.70026088e-01]
 [ 8.75041336e-02  1.73438340e-04  3.15591335e-01]
 [ 3.13193560e-01  3.43545407e-01  2.71261603e-01]
 [ 2.94404685e-01  2.43213773e-02  8.90797377e-02]
 [ 3.62022638e-01  1.65697128e-01  1.05714202e-02]
 [-8.75015855e-02  1.80207193e-04  2.24253580e-01]
 [-5.85045069e-02  4.23746407e-01  8.77445638e-02]
 [-7.44485855e-02  3.98036242e-01  0.00000000e+00]
 [-1.07572615e-01  4.74408209e-01  1.42595172e-03]
 [-5.64400852e-02  1.28921226e-01  3.94559145e-01]
 [-1.30731195e-01  2.74038166e-01  5.46283007e-01]
 [-2.36574143e-01  3.10527802e-01  6.04872465e-01]
 [-1.90444052e-01  2.60665238e-01  6.54147267e-01]
 [-2.61119246e-01  2.38311559e-01  4.97096241e-01]
 [-3.38058740e-01  1.58867925e-01  2.75139034e-01]
 [-3.68480593e-01  2.74541110e-01  5.13570607e-02]
 [ 7.48668611e-03  2.69778609e-01  5.35573840e-01]
 [-1.49767995e-02  3.27108473e-01  3.03450048e-01]
 [-9.77583528e-02  4.93514657e-01  1.00624502e-01]]
[[ 0.          0.          0.30011934]
 [ 0.09630553  0.00602056  0.33830735]
 [ 0.30220526  0.38465083  0.25121433]
 [ 0.2292979   0.09115529  0.08443986]
 [ 0.2792907   0.23645328  0.        ]
 [-0.0964193  -0.00565266  0.26159254]
 [-0.12043536  0.38577688  0.07965401]
 [-0.06712668  0.1325565   0.06748936]
 [-0.0917896   0.2263195   0.01974401]
 [-0.0298551   0.12995988  0.46786076]
 [-0.08172941  0.2566036   0.66316414]
 [-0.20895463  0.27657658  0.7432064 ]
 [-0.14000677  0.21340835  0.79169023]
 [-0.21917132  0.21063188  0.6216569 ]
 [-0.29362684  0.12852725  0.40578434]
 [-0.3471842   0.2370053   0.17543852]
 [ 0.05692626  0.27155685  0.63846123]
 [-0.01282337  0.3734034   0.41434073]
 [-0.16666085  0.5164429   0.23460358]]
[[ 0.          0.          0.33570635]
 [ 0.0955232   0.01361823  0.36952636]
 [ 0.26518828  0.39834112  0.24914879]
 [ 0.2174373   0.12790409  0.08403206]
 [ 0.2479923   0.27596176  0.        ]
 [-0.09562404 -0.01325545  0.30158725]
 [-0.15282977  0.35783178  0.10441583]
 [-0.09904337  0.10001738  0.06305432]
 [-0.14686856  0.20312637  0.00262755]
 [-0.02660971  0.129293    0.5092335 ]
 [-0.07847917  0.24263847  0.7139872 ]
 [-0.20955011  0.2582519   0.79938626]
 [-0.13335302  0.19279063  0.8463611 ]
 [-0.21316648  0.19278133  0.6701399 ]
 [-0.2833867   0.11584873  0.44983107]
 [-0.3289377   0.23631518  0.22208387]
 [ 0.05733002  0.2641089   0.6826898 ]
 [-0.02183796  0.37027487  0.45647666]
 [-0.18810785  0.5033478   0.27513838]]
[[ 0.          0.          0.37929937]
 [ 0.09281459  0.02215699  0.40948147]
 [ 0.22007722  0.41763234  0.2668256 ]
 [ 0.20264131  0.14201026  0.09977749]
 [ 0.21266763  0.29072595  0.01076561]
 [-0.09291142 -0.02178532  0.3488624 ]
 [-0.17817691  0.33919218  0.15060553]
 [-0.13866504  0.09911753  0.0697394 ]
 [-0.20291427  0.20408626  0.        ]
 [-0.02585742  0.13097486  0.5548426 ]
 [-0.07928577  0.23701692  0.7629229 ]
 [-0.21083212  0.2501179   0.8518423 ]
 [-0.12999287  0.18848497  0.89789534]
 [-0.20941201  0.18348908  0.71578693]
 [-0.26762837  0.11149405  0.49321425]
 [-0.30671644  0.21593902  0.26240587]
 [ 0.05252298  0.26547593  0.7278099 ]
 [-0.03769968  0.37960032  0.5034217 ]
 [-0.21034542  0.49806702  0.32526764]]
[[ 0.          0.          0.42337474]
 [ 0.09204922  0.03836456  0.44695792]
 [ 0.14773303  0.43218583  0.26670682]
 [ 0.17327198  0.17729214  0.10054481]
 [ 0.15032011  0.32473916  0.01089129]
 [-0.09215565 -0.03800705  0.3995313 ]
 [-0.22157055  0.29916024  0.19570741]
 [-0.16488409  0.0449352   0.08260211]
 [-0.24352294  0.15887457  0.        ]
 [-0.02570262  0.12717724  0.60514116]
 [-0.0771345   0.22357059  0.82175183]
 [-0.20450509  0.2378234   0.9171579 ]
 [-0.12297583  0.17406285  0.96315455]
 [-0.20294374  0.16305643  0.7687359 ]
 [-0.25092185  0.09466954  0.53723556]
 [-0.26798326  0.19462033  0.3099303 ]
 [ 0.04967744  0.2628026   0.78148216]
 [-0.04451048  0.38194323  0.55363494]
 [-0.22223604  0.49795178  0.38202593]]
[[ 0.          0.          0.4467402 ]
 [ 0.09175031  0.04603067  0.46731484]
 [ 0.11009179  0.4419673   0.27361006]
 [ 0.1569117   0.19071855  0.10173056]
 [ 0.11709888  0.33510828  0.00825244]
 [-0.09186891 -0.04567939  0.42592078]
 [-0.24363399  0.2858107   0.22343475]
 [-0.18472227  0.02532423  0.08732319]
 [-0.26792824  0.13940197  0.        ]
 [-0.02792349  0.1247675   0.6313914 ]
 [-0.08187276  0.21532297  0.8514328 ]
 [-0.20748565  0.23003304  0.94862837]
 [-0.1250163   0.16783851  0.99608713]
 [-0.20524159  0.15155867  0.79597324]
 [-0.24610591  0.08535995  0.5581243 ]
 [-0.25074452  0.17649554  0.3332315 ]
 [ 0.04329934  0.25915003  0.80836284]
 [-0.04963678  0.37582302  0.57523936]
 [-0.22582984  0.48371089  0.4038069 ]]
