[[ 0.          0.          0.7338766 ]
 [ 0.04674799 -0.08379968  0.73234355]
 [ 0.3077647   0.17527191  0.44322538]
 [ 0.41506088  0.15189904  0.04791367]
 [ 0.5625763   0.20038933  0.        ]
 [-0.0466232   0.08375062  0.7359291 ]
 [-0.07580347  0.05783176  0.3023317 ]
 [-0.42138702 -0.24731141  0.5322974 ]
 [-0.5191594  -0.30146396  0.5811282 ]
 [ 0.0529966  -0.01596627  0.93635434]
 [ 0.12761799 -0.04665583  1.1788957 ]
 [ 0.24039276 -0.10348439  1.231994  ]
 [ 0.1811486  -0.08567154  1.3342903 ]
 [ 0.05872754  0.06157458  1.1391572 ]
 [-0.03333223  0.19472818  0.9038285 ]
 [ 0.08237643  0.20039198  0.73820037]
 [ 0.14538875 -0.14795992  1.1369714 ]
 [ 0.00459845 -0.1663608   0.8930247 ]
 [ 0.04890871 -0.18757083  0.71750873]]
[[ 0.          0.          0.7470963 ]
 [ 0.03988127 -0.09551555  0.74440515]
 [ 0.28617862  0.18618798  0.45140392]
 [ 0.34720275  0.17972875  0.06127596]
 [ 0.50151294  0.23209077  0.        ]
 [-0.03981175  0.09546628  0.7502689 ]
 [-0.04089694  0.04417631  0.32489178]
 [-0.41362494 -0.23781067  0.57079965]
 [-0.511643   -0.29542133  0.5840388 ]
 [ 0.05464914 -0.01018964  0.950336  ]
 [ 0.12293046 -0.04594225  1.1940627 ]
 [ 0.23744085 -0.10745382  1.2529223 ]
 [ 0.17460224 -0.08966976  1.3548609 ]
 [ 0.05473121  0.06996703  1.1511748 ]
 [-0.06169191  0.19015706  0.9246245 ]
 [-0.00561199  0.2433188   0.7408539 ]
 [ 0.14043102 -0.15881482  1.154341  ]
 [ 0.0093638  -0.1929945   0.9098514 ]
 [ 0.07603166 -0.21681376  0.7358862 ]]
[[ 0.          0.          0.69520926]
 [ 0.01385811 -0.11432314  0.6788731 ]
 [ 0.0803603   0.19356695  0.37255782]
 [-0.06392743  0.31092387  0.10294884]
 [ 0.1008063   0.37706748  0.        ]
 [-0.01391888  0.11413686  0.711248  ]
 [ 0.22516987  0.03392404  0.4298089 ]
 [-0.15049109 -0.06253248  0.38502723]
 [-0.14660111 -0.03895593  0.24737191]
 [ 0.05022348  0.01321919  0.91513765]
 [ 0.09966151 -0.00328493  1.1700532 ]
 [ 0.20733218 -0.05944562  1.2581928 ]
 [ 0.14027902 -0.05060053  1.3576834 ]
 [ 0.02735946  0.11761957  1.1274362 ]
 [-0.1732617   0.26676956  1.0306551 ]
 [-0.27875417  0.42943197  0.8410554 ]
 [ 0.13282433 -0.14143619  1.1234789 ]
 [ 0.126037   -0.27667356  0.8851306 ]
 [ 0.2977721  -0.15596986  1.0121642 ]]
[[ 0.          0.          0.6211682 ]
 [ 0.01500795 -0.11249731  0.60525405]
 [-0.0495735   0.15036614  0.3287995 ]
 [-0.29945624  0.24286428  0.16800311]
 [-0.24104732  0.34239322  0.03018111]
 [-0.01514595  0.11227348  0.6364315 ]
 [ 0.30910674  0.07451503  0.46757266]
 [ 0.09351863  0.03699481  0.12873745]
 [ 0.21238041  0.04401314  0.        ]
 [ 0.02285818  0.00278357  0.8524516 ]
 [ 0.0525725  -0.01226217  1.1108267 ]
 [ 0.1599608  -0.049438    1.1985655 ]
 [ 0.0967803  -0.04743177  1.2992996 ]
 [-0.04057164  0.09816468  1.0777805 ]
 [-0.28366125  0.22526455  1.084823  ]
 [-0.40341944  0.3611424   0.9111223 ]
 [ 0.11507034 -0.14418319  1.06992   ]
 [ 0.2029837  -0.2504504   0.8745855 ]
 [ 0.26147777 -0.06907648  1.0300593 ]]
[[ 0.          0.          0.6079773 ]
 [ 0.03205715 -0.10802151  0.59305274]
 [-0.03888465  0.10287838  0.2686456 ]
 [-0.3864382   0.18185616  0.3687996 ]
 [-0.41398907  0.30999768  0.2939431 ]
 [-0.03208413  0.10771567  0.622261  ]
 [ 0.331135    0.19489646  0.44362572]
 [ 0.37753075  0.207762    0.03921789]
 [ 0.5409359   0.22866383  0.        ]
 [ 0.01827011  0.00218692  0.8394686 ]
 [ 0.05041879 -0.00817221  1.0945356 ]
 [ 0.1577223  -0.02819759  1.1720126 ]
 [ 0.10049029 -0.02232009  1.2786834 ]
 [-0.06075333  0.08976436  1.0632079 ]
 [-0.31534874  0.15734023  1.0768399 ]
 [-0.42384857  0.24140804  0.88352627]
 [ 0.1321936  -0.12750468  1.0535573 ]
 [ 0.2862134  -0.18947728  0.866283  ]
 [ 0.30552375  0.02202356  1.0053037 ]]
[[ 0.          0.          0.6043529 ]
 [ 0.03829955 -0.1013943   0.5907994 ]
 [-0.01931389  0.09510651  0.25381482]
 [-0.37612668  0.16083023  0.42888752]
 [-0.42959648  0.28905568  0.37828934]
 [-0.03827838  0.10104932  0.6173388 ]
 [ 0.3155223   0.2193641   0.41242987]
 [ 0.42230695  0.24042106  0.01654869]
 [ 0.5846297   0.2628794   0.        ]
 [ 0.01890078  0.00369628  0.8329158 ]
 [ 0.05356098 -0.00328842  1.0852652 ]
 [ 0.1601984  -0.0272491   1.1562347 ]
 [ 0.10566596 -0.0151062   1.2643411 ]
 [-0.05796647  0.09171939  1.0490818 ]
 [-0.30031008  0.16032779  1.050218  ]
 [-0.3809317   0.23684236  0.8399636 ]
 [ 0.13603151 -0.12034503  1.0445158 ]
 [ 0.26158297 -0.21193723  0.85012543]
 [ 0.3086785   0.01381153  0.9636393 ]]
[[ 0.00000000e+00  0.00000000e+00  6.50277853e-01]
 [ 4.05869782e-02 -1.01681672e-01  6.34721875e-01]
 [ 4.83890697e-02  4.73619103e-02  2.84717947e-01]
 [-3.28664541e-01  8.80447775e-02  5.04613817e-01]
 [-4.00366694e-01  2.19658852e-01  4.87596810e-01]
 [-4.05066162e-02  1.01368695e-01  6.65369630e-01]
 [ 2.72220612e-01  2.33615801e-01  4.04365480e-01]
 [ 3.86715263e-01  2.74010926e-01  1.29377842e-02]
 [ 5.50631881e-01  2.95103222e-01  0.00000000e+00]
 [ 2.72936895e-02  1.55805498e-02  8.67462635e-01]
 [ 8.07125419e-02  2.68794000e-02  1.11537266e+00]
 [ 1.89321563e-01  1.28853321e-03  1.18259835e+00]
 [ 1.40631676e-01  1.48901343e-02  1.29447818e+00]
 [-3.11848372e-02  1.27150089e-01  1.06931853e+00]
 [-2.56328464e-01  1.92776918e-01  1.00824225e+00]
 [-2.50541747e-01  2.59579450e-01  7.69533932e-01]
 [ 1.55131206e-01 -1.02606177e-01  1.07674897e+00]
 [ 2.02599317e-01 -2.18841925e-01  8.71053934e-01]
 [ 3.47201884e-01 -6.12224638e-03  8.41011226e-01]]
[[ 0.          0.          0.70992154]
 [ 0.03708407 -0.1112422   0.6965144 ]
 [ 0.15170836 -0.01066944  0.36321706]
 [-0.28099263  0.01564406  0.5724865 ]
 [-0.3535957   0.13951224  0.5395433 ]
 [-0.03695519  0.11108366  0.72298336]
 [ 0.24094181  0.30050495  0.42975718]
 [ 0.2797842   0.34132394  0.03625375]
 [ 0.45224822  0.3508595   0.        ]
 [ 0.03865332  0.03902352  0.91895723]
 [ 0.10597369  0.06758824  1.1624337 ]
 [ 0.21943352  0.03161788  1.2342048 ]
 [ 0.16886762  0.04865426  1.3476448 ]
 [-0.00522084  0.17874655  1.1071546 ]
 [-0.178747    0.24476404  0.9643699 ]
 [-0.05935121  0.31315988  0.76359046]
 [ 0.16998017 -0.07289764  1.126034  ]
 [ 0.14734533 -0.20395248  0.9117359 ]
 [ 0.29816353 -0.02611537  0.77772623]]
[[ 0.          0.          0.7461773 ]
 [ 0.04135668 -0.11395016  0.73699194]
 [ 0.30533698 -0.0278748   0.49427107]
 [-0.1269253  -0.05182794  0.5302425 ]
 [-0.1589545   0.05422533  0.45333463]
 [-0.0411498   0.11397381  0.7552249 ]
 [ 0.15696369  0.3726705   0.43953928]
 [ 0.07235941  0.38223708  0.06171131]
 [ 0.23549013  0.40933895  0.        ]
 [ 0.0427627   0.04174414  0.94738394]
 [ 0.10962713  0.07390651  1.1898693 ]
 [ 0.22711095  0.03016081  1.2696903 ]
 [ 0.18174823  0.04527617  1.3815806 ]
 [ 0.00314786  0.19226918  1.1311424 ]
 [-0.0497047   0.26741308  0.88800365]
 [ 0.17140742  0.3228748   0.8200524 ]
 [ 0.17211437 -0.07175833  1.1558462 ]
 [ 0.05994813 -0.21930154  0.9534898 ]
 [ 0.14776602 -0.05798654  0.7934408 ]]
[[ 0.          0.          0.65125895]
 [ 0.02170566 -0.12162419  0.64356136]
 [ 0.3692209  -0.02871358  0.51373005]
 [ 0.22629386 -0.09938872  0.14877719]
 [ 0.38158894 -0.08617592  0.05754668]
 [-0.02147956  0.12178025  0.6591289 ]
 [ 0.01261665  0.40310585  0.3438153 ]
 [-0.23672229  0.46989548  0.10910106]
 [-0.13869399  0.521658    0.        ]
 [ 0.02874506  0.00606807  0.86311436]
 [ 0.0696068   0.00258341  1.113963  ]
 [ 0.17809802 -0.02765536  1.1928588 ]
 [ 0.12996593 -0.02675128  1.2977493 ]
 [ 0.01975089  0.14040402  1.0579207 ]
 [ 0.11888497  0.22740608  0.82745755]
 [ 0.26733017  0.20115235  0.9789671 ]
 [ 0.09002082 -0.13778904  1.0922319 ]
 [-0.14836079 -0.23352318  1.0897366 ]
 [-0.16035518 -0.06433873  0.9467341 ]]
[[ 0.          0.          0.606998  ]
 [ 0.01906058 -0.11452729  0.5963496 ]
 [ 0.34984925 -0.04636425  0.4428306 ]
 [ 0.42215586 -0.09358537  0.04352772]
 [ 0.59539783 -0.10170132  0.        ]
 [-0.01882671  0.11469956  0.61809945]
 [-0.06242222  0.36770865  0.31436267]
 [-0.38163257  0.4327469   0.16989493]
 [-0.34797794  0.4824953   0.03997976]
 [ 0.01532992 -0.01136322  0.821576  ]
 [ 0.04759335 -0.02806067  1.0719231 ]
 [ 0.15960908 -0.06556207  1.1382194 ]
 [ 0.12394369 -0.05782145  1.2500834 ]
 [ 0.03590122  0.10916683  1.0258845 ]
 [ 0.14852054  0.20391004  0.82213974]
 [ 0.2507152   0.18009567  1.0157632 ]
 [ 0.03316343 -0.15109408  1.0512173 ]
 [-0.20143653 -0.22296414  1.108691  ]
 [-0.20386197 -0.0532591   0.96804744]]
[[ 0.          0.          0.562673  ]
 [ 0.02554219 -0.10016716  0.5508711 ]
 [ 0.3444093   0.03790066  0.3444642 ]
 [ 0.5553834   0.04707682  0.00450879]
 [ 0.7156042   0.02609575  0.        ]
 [-0.02537629  0.10026194  0.5750667 ]
 [-0.1081095   0.26955694  0.23177195]
 [-0.44502962  0.23996621  0.30996388]
 [-0.4950772   0.28368866  0.21945909]
 [ 0.02080003 -0.01208687  0.78133255]
 [ 0.05621058 -0.03782773  1.0295167 ]
 [ 0.1732938  -0.09363014  1.0894511 ]
 [ 0.13517779 -0.08037621  1.200906  ]
 [ 0.05542707  0.08412573  0.98363984]
 [ 0.10102866  0.20906578  0.7825614 ]
 [ 0.22759351  0.20935777  0.8897804 ]
 [ 0.02774201 -0.14663196  1.009124  ]
 [-0.19776994 -0.20041296  1.0302207 ]
 [-0.1878845  -0.09670338  0.86515355]]
[[ 0.          0.          0.5733205 ]
 [ 0.03268161 -0.09291537  0.5660009 ]
 [ 0.33909455  0.12203798  0.33140212]
 [ 0.5590869   0.14859664  0.00419664]
 [ 0.72240937  0.1436063   0.        ]
 [-0.03256139  0.09296232  0.5812068 ]
 [-0.12487108  0.18865165  0.21274531]
 [-0.45402667  0.0795444   0.3867943 ]
 [-0.5399396   0.10628671  0.36156398]
 [ 0.03324559 -0.01157692  0.7887522 ]
 [ 0.08201248 -0.03874233  1.0346736 ]
 [ 0.19887657 -0.09341848  1.0927564 ]
 [ 0.15284038 -0.07913846  1.2017186 ]
 [ 0.06055792  0.07666266  0.98948574]
 [ 0.05683324  0.22352263  0.76934445]
 [ 0.20200016  0.238136    0.79882556]
 [ 0.06639767 -0.14070144  1.0102288 ]
 [-0.15910485 -0.17665029  0.9773043 ]
 [-0.1584008  -0.14239968  0.78522736]]
[[ 0.          0.          0.7033005 ]
 [ 0.0351682  -0.09754432  0.69964266]
 [ 0.3039756   0.18429041  0.42997167]
 [ 0.41692176  0.20114595  0.04526275]
 [ 0.5766357   0.24399632  0.        ]
 [-0.03509199  0.09755037  0.707463  ]
 [-0.05902485  0.08397862  0.28512806]
 [-0.41463006 -0.17813918  0.5287242 ]
 [-0.5149705  -0.22146484  0.57007706]
 [ 0.05243628 -0.01591767  0.906375  ]
 [ 0.12258731 -0.0509195   1.1479152 ]
 [ 0.23672557 -0.109649    1.203952  ]
 [ 0.18133527 -0.09204447  1.3092318 ]
 [ 0.0667076   0.06896558  1.1043478 ]
 [-0.01974221  0.20495124  0.86921316]
 [ 0.06658816  0.20586956  0.7003569 ]
 [ 0.13071159 -0.16094866  1.1087753 ]
 [-0.01135893 -0.18352099  0.8783423 ]
 [ 0.03824816 -0.19466037  0.68221134]]
[[ 0.00000000e+00  0.00000000e+00  7.38371372e-01]
 [ 3.10150906e-02 -1.02333724e-01  7.34149694e-01]
 [ 2.75454998e-01  2.07014024e-01  4.51983422e-01]
 [ 3.16856474e-01  2.43155301e-01  6.58260584e-02]
 [ 4.78684425e-01  2.90124595e-01  0.00000000e+00]
 [-3.09507251e-02  1.02314875e-01  7.43016779e-01]
 [-1.14928205e-02  5.30644953e-02  3.32705855e-01]
 [-3.89739960e-01 -1.88737154e-01  5.74014962e-01]
 [-4.95311946e-01 -2.27797389e-01  5.91322362e-01]
 [ 5.47818914e-02 -7.47480989e-03  9.41908836e-01]
 [ 1.23002440e-01 -4.05972302e-02  1.18592453e+00]
 [ 2.36267060e-01 -1.01573348e-01  1.24968576e+00]
 [ 1.79230034e-01 -8.79279375e-02  1.35456014e+00]
 [ 6.18018061e-02  7.98328519e-02  1.13861787e+00]
 [-6.45228028e-02  1.90786153e-01  9.18993354e-01]
 [-4.54569906e-02  2.45062068e-01  7.23985791e-01]
 [ 1.34046197e-01 -1.57649338e-01  1.15042603e+00]
 [ 1.01415068e-03 -2.01226756e-01  9.16966379e-01]
 [ 8.50093812e-02 -2.10593939e-01  7.37583160e-01]]
[[ 0.0000000e+00  0.0000000e+00  6.9775939e-01]
 [ 5.0409101e-03 -1.1312801e-01  6.8795210e-01]
 [ 1.1114377e-01  2.0474486e-01  4.0641120e-01]
 [-9.0052933e-03  3.6125985e-01  9.8906457e-02]
 [ 1.5056007e-01  4.2878550e-01  0.0000000e+00]
 [-5.1070228e-03  1.1301135e-01  7.0739174e-01]
 [ 2.1130571e-01  8.1161022e-02  4.2230189e-01]
 [-1.5456921e-01 -9.1970712e-03  4.4528610e-01]
 [-1.8279737e-01  4.5648217e-04  3.2396197e-01]
 [ 6.4062104e-02  2.4373323e-02  9.1236591e-01]
 [ 1.2105800e-01  1.3762742e-02  1.1643735e+00]
 [ 2.3335877e-01 -4.8071176e-02  1.2479525e+00]
 [ 1.7147815e-01 -3.3208966e-02  1.3505890e+00]
 [ 5.2161716e-02  1.3066390e-01  1.1059504e+00]
 [-1.4916795e-01  2.6746994e-01  1.0166433e+00]
 [-2.2165877e-01  4.2987546e-01  8.1927615e-01]
 [ 1.4271358e-01 -1.2752345e-01  1.1297584e+00]
 [ 9.7667307e-02 -2.7495512e-01  9.0856731e-01]
 [ 2.5402081e-01 -1.2640278e-01  8.5455608e-01]]
[[ 0.          0.          0.6096759 ]
 [ 0.00440516 -0.11080302  0.5898447 ]
 [-0.05117965  0.16826177  0.31944335]
 [-0.2966569   0.3080861   0.1379093 ]
 [-0.22235778  0.4164946   0.        ]
 [-0.0045249   0.11058895  0.6288924 ]
 [ 0.3036846   0.03253645  0.45231438]
 [ 0.0791247   0.0165939   0.12285289]
 [ 0.19419032  0.01546627  0.02537388]
 [ 0.03467987  0.00484203  0.8364998 ]
 [ 0.07659079 -0.00558731  1.0944898 ]
 [ 0.18533769 -0.06026351  1.1765049 ]
 [ 0.12484783 -0.04894555  1.2791935 ]
 [-0.01032405  0.10684621  1.0521048 ]
 [-0.24105519  0.2535798   1.0517881 ]
 [-0.3452944   0.39277035  0.89148015]
 [ 0.12941742 -0.14064053  1.0586125 ]
 [ 0.19340545 -0.27430284  0.84574777]
 [ 0.32065946 -0.09719352  0.9457959 ]]
[[ 0.00000000e+00  0.00000000e+00  5.86597443e-01]
 [ 2.47119814e-02 -1.04277208e-01  5.69189608e-01]
 [-6.16074950e-02  1.15914285e-01  2.49598950e-01]
 [-3.95150095e-01  2.27463752e-01  3.02230626e-01]
 [-4.11973178e-01  3.59990358e-01  2.38237947e-01]
 [-2.47618929e-02  1.03981458e-01  6.03340387e-01]
 [ 3.43333066e-01  1.72612667e-01  4.28245813e-01]
 [ 3.97967875e-01  2.02301800e-01  2.96326876e-02]
 [ 5.68347871e-01  2.17578828e-01  0.00000000e+00]
 [ 3.01503949e-02  5.27051091e-03  8.14453244e-01]
 [ 7.33418092e-02 -4.55290079e-04  1.06827021e+00]
 [ 1.81751817e-01 -3.40338945e-02  1.14410853e+00]
 [ 1.21888578e-01 -2.45342255e-02  1.24842894e+00]
 [-3.22472677e-02  1.00769669e-01  1.03073645e+00]
 [-2.75555313e-01  1.84373349e-01  1.04466200e+00]
 [-3.70296240e-01  2.91911125e-01  8.64769995e-01]
 [ 1.44905299e-01 -1.26648366e-01  1.02847672e+00]
 [ 2.61154264e-01 -2.43990660e-01  8.26372981e-01]
 [ 3.47891927e-01 -3.39199901e-02  9.40144837e-01]]
[[ 0.          0.          0.59548146]
 [ 0.03178437 -0.0993855   0.5813635 ]
 [-0.0093011   0.10863242  0.24938217]
 [-0.36493948  0.20479977  0.40569264]
 [-0.4284259   0.33806235  0.38495377]
 [-0.03170402  0.09904969  0.6090242 ]
 [ 0.3306931   0.21760279  0.3986613 ]
 [ 0.44370902  0.2374622   0.01340503]
 [ 0.60539937  0.25106427  0.        ]
 [ 0.03283314  0.0102918   0.8186363 ]
 [ 0.08337596  0.01361769  1.0687582 ]
 [ 0.19208643 -0.02047324  1.1405767 ]
 [ 0.13381952 -0.00653988  1.2466633 ]
 [-0.02481268  0.1123901   1.026713  ]
 [-0.2634902   0.17434081  1.0017788 ]
 [-0.32661116  0.2277223   0.7777223 ]
 [ 0.15741414 -0.10827571  1.0271827 ]
 [ 0.24041176 -0.22104491  0.80961514]
 [ 0.3675489  -0.00586554  0.8706717 ]]
[[ 0.          0.          0.65496296]
 [ 0.03003576 -0.10199676  0.6409118 ]
 [ 0.03938612  0.03975791  0.2910234 ]
 [-0.34670386  0.10523208  0.4960593 ]
 [-0.43093848  0.23992725  0.5074132 ]
 [-0.02992484  0.10168215  0.6686063 ]
 [ 0.30657414  0.23122278  0.41535917]
 [ 0.4140622   0.25527883  0.02604133]
 [ 0.57501996  0.2626571   0.        ]
 [ 0.03525994  0.01072693  0.8684119 ]
 [ 0.09764509  0.0190945   1.1142579 ]
 [ 0.20627826 -0.0235258   1.1876507 ]
 [ 0.14913005 -0.00860626  1.2934561 ]
 [-0.00957051  0.11944041  1.0676109 ]
 [-0.23725653  0.17321688  0.9937344 ]
 [-0.21939534  0.23163685  0.75298184]
 [ 0.16273668 -0.11002865  1.0735242 ]
 [ 0.17748952 -0.23248762  0.8549564 ]
 [ 0.34385884 -0.04687094  0.81240714]]
[[ 0.00000000e+00  0.00000000e+00  7.18667984e-01]
 [ 2.70036981e-02 -1.10500261e-01  7.06856728e-01]
 [ 1.34711638e-01 -4.57411408e-02  3.63633424e-01]
 [-3.07770014e-01 -1.18767321e-02  5.72179079e-01]
 [-4.05825675e-01  1.18793137e-01  5.74320018e-01]
 [-2.68962532e-02  1.10339254e-01  7.30208695e-01]
 [ 2.57041037e-01  2.74506450e-01  4.37246680e-01]
 [ 3.03473592e-01  3.08299065e-01  5.16325831e-02]
 [ 4.78300959e-01  3.18137050e-01  0.00000000e+00]
 [ 4.60357405e-02  2.63545960e-02  9.23033178e-01]
 [ 1.21170655e-01  4.78114188e-02  1.16379952e+00]
 [ 2.32139498e-01  1.02496147e-03  1.24153173e+00]
 [ 1.82496756e-01  1.85861588e-02  1.35145617e+00]
 [ 2.23868079e-02  1.59512728e-01  1.10647810e+00]
 [-1.47785276e-01  2.32999608e-01  9.60948467e-01]
 [-1.37551129e-02  3.06396663e-01  7.69626558e-01]
 [ 1.70081615e-01 -9.25413370e-02  1.12657726e+00]
 [ 1.14680529e-01 -2.23416135e-01  9.08145249e-01]
 [ 2.54172146e-01 -5.69316968e-02  7.65742719e-01]]
[[ 0.          0.          0.72201604]
 [ 0.02942801 -0.11800154  0.7139614 ]
 [ 0.3200036  -0.04336235  0.47210878]
 [-0.11249556 -0.06004222  0.48987195]
 [-0.15255487  0.05191676  0.43984526]
 [-0.02922579  0.11809106  0.7299775 ]
 [ 0.17286588  0.39000228  0.41835633]
 [ 0.04284848  0.41554552  0.07737821]
 [ 0.2237454   0.4275536   0.        ]
 [ 0.06126542  0.04924949  0.91662073]
 [ 0.1380404   0.07801706  1.1558319 ]
 [ 0.25063878  0.02737188  1.2404974 ]
 [ 0.20597945  0.04568094  1.3505431 ]
 [ 0.05279546  0.20154202  1.0907148 ]
 [ 0.01594245  0.2852271   0.85485286]
 [ 0.23861638  0.30897927  0.7937982 ]
 [ 0.1794993  -0.06850445  1.1204059 ]
 [ 0.02263623 -0.18388066  0.9212886 ]
 [ 0.09966241 -0.0433514   0.7395317 ]]
[[ 0.          0.          0.628633  ]
 [ 0.01700395 -0.12141195  0.6225462 ]
 [ 0.38487345 -0.02923928  0.49720988]
 [ 0.16563764 -0.07242215  0.16508669]
 [ 0.2802093  -0.03877133  0.0772385 ]
 [-0.01682554  0.12164433  0.6349044 ]
 [ 0.00932804  0.41692978  0.35149455]
 [-0.24507397  0.5132342   0.11215776]
 [-0.13000733  0.540002    0.        ]
 [ 0.03649019  0.01548594  0.8440834 ]
 [ 0.07957415  0.01755813  1.0960844 ]
 [ 0.18855783 -0.03101265  1.1843214 ]
 [ 0.13435279 -0.01625395  1.2874136 ]
 [ 0.04793608  0.15630978  1.030695  ]
 [ 0.17519775  0.24828263  0.82070005]
 [ 0.31614044  0.18483448  0.945681  ]
 [ 0.08252697 -0.12884843  1.0814794 ]
 [-0.16618332 -0.20795481  1.0476606 ]
 [-0.2241174  -0.0714204   0.90618813]]
[[ 0.          0.          0.62757605]
 [ 0.00956779 -0.11341377  0.61827606]
 [ 0.34313557 -0.05786045  0.46751106]
 [ 0.3737055  -0.09325951  0.06246096]
 [ 0.542261   -0.09642047  0.        ]
 [-0.00933374  0.11360569  0.6372907 ]
 [-0.09519865  0.32674512  0.3376857 ]
 [-0.41640198  0.44509876  0.19066533]
 [-0.38833475  0.48021835  0.07647383]
 [ 0.01742082 -0.01693268  0.84605217]
 [ 0.05059797 -0.02636257  1.0935981 ]
 [ 0.15873916 -0.08274722  1.1799456 ]
 [ 0.09971282 -0.07014251  1.2751305 ]
 [ 0.04813287  0.11149406  1.0441233 ]
 [ 0.18675329  0.17890933  0.85223407]
 [ 0.27836257  0.11739305  1.0241437 ]
 [ 0.03220414 -0.15369776  1.0973915 ]
 [-0.23511001 -0.19148207  1.1052239 ]
 [-0.24592178 -0.02375433  0.9717958 ]]
[[ 0.          0.          0.5849527 ]
 [ 0.01234793 -0.10096842  0.574875  ]
 [ 0.3363847   0.00538911  0.36375868]
 [ 0.5072859   0.03159106  0.01815879]
 [ 0.664681    0.01628894  0.        ]
 [-0.01218998  0.10110495  0.59560645]
 [-0.11018308  0.21433368  0.24642679]
 [-0.47376335  0.23463531  0.3157422 ]
 [-0.537503    0.27310446  0.24872375]
 [ 0.02162861 -0.00569427  0.8037723 ]
 [ 0.05663086 -0.02405271  1.0525346 ]
 [ 0.17181209 -0.09385884  1.1238332 ]
 [ 0.11885916 -0.07745659  1.2246649 ]
 [ 0.06926131  0.09967944  0.997789  ]
 [ 0.16259341  0.20987415  0.79764056]
 [ 0.29104745  0.15632239  0.8993517 ]
 [ 0.02527814 -0.13891914  1.0541729 ]
 [-0.22739697 -0.17385647  1.0267515 ]
 [-0.23035012 -0.08948988  0.85612327]]
[[ 0.          0.          0.6123071 ]
 [ 0.01783201 -0.10402628  0.6082941 ]
 [ 0.33312276  0.09187476  0.36870253]
 [ 0.4787746   0.14082795  0.01715159]
 [ 0.64227104  0.1563524   0.        ]
 [-0.01770663  0.10411119  0.6168798 ]
 [-0.07989603  0.15185285  0.23908213]
 [-0.4547662   0.06610639  0.4152031 ]
 [-0.5524795   0.07968829  0.41363245]
 [ 0.02930019 -0.00881009  0.82877064]
 [ 0.07739657 -0.02970377  1.075754  ]
 [ 0.198964   -0.10373932  1.1402181 ]
 [ 0.14180043 -0.08417153  1.2431593 ]
 [ 0.08220705  0.09402293  1.021141  ]
 [ 0.10790633  0.24660608  0.79991186]
 [ 0.2676795   0.21941748  0.7934849 ]
 [ 0.04007673 -0.14195365  1.0646603 ]
 [-0.18722308 -0.1690265   0.9744993 ]
 [-0.17293952 -0.16180488  0.76958996]]
[[ 0.          0.          0.71337783]
 [ 0.02211579 -0.10363252  0.70952535]
 [ 0.29279393  0.1828996   0.43747863]
 [ 0.3465495   0.23094392  0.0545584 ]
 [ 0.5125713   0.27253693  0.        ]
 [-0.02202246  0.10366242  0.7177177 ]
 [ 0.0104204   0.07311854  0.3011974 ]
 [-0.38847852 -0.14386827  0.53167665]
 [-0.50986755 -0.16607931  0.56178695]
 [ 0.0476934  -0.00954652  0.91801584]
 [ 0.11152178 -0.04349062  1.1624228 ]
 [ 0.22981516 -0.11954165  1.2267865 ]
 [ 0.1632506  -0.09483081  1.3287115 ]
 [ 0.07539999  0.0792366   1.1154761 ]
 [-0.0051325   0.20010632  0.8729701 ]
 [ 0.07473072  0.21037868  0.67326593]
 [ 0.10209496 -0.15767795  1.1239607 ]
 [-0.02454412 -0.1768507   0.8749353 ]
 [ 0.02995199 -0.20969757  0.6944277 ]]
[[ 0.          0.          0.6326287 ]
 [ 0.00194851 -0.11390641  0.62438256]
 [ 0.18241034  0.20811528  0.34585983]
 [ 0.10487702  0.39270097  0.07306629]
 [ 0.27428564  0.44276842  0.        ]
 [-0.00195085  0.11383781  0.64103204]
 [ 0.17657387  0.01472881  0.3010333 ]
 [-0.25285596 -0.06472819  0.44109917]
 [-0.36614975 -0.04001603  0.38680425]
 [ 0.04441567  0.01217979  0.84631634]
 [ 0.09048362 -0.01299596  1.0969491 ]
 [ 0.20748606 -0.08708817  1.1895219 ]
 [ 0.13616389 -0.07043856  1.2830153 ]
 [ 0.05521512  0.11316833  1.0473857 ]
 [-0.08880126  0.23346564  0.85653394]
 [-0.06311357  0.3688797   0.63468754]
 [ 0.08240577 -0.14943969  1.058042  ]
 [ 0.00151338 -0.23789865  0.80258346]
 [ 0.1678749  -0.20468336  0.7029922 ]]
[[ 0.          0.          0.5699736 ]
 [-0.00540947 -0.1059908   0.5521694 ]
 [-0.00750447  0.18273394  0.27237335]
 [-0.21216115  0.36995772  0.11718583]
 [-0.097027    0.45697635  0.        ]
 [ 0.00529447  0.10581832  0.58740795]
 [ 0.30995136 -0.00720635  0.37856933]
 [-0.03531572  0.00505212  0.21129334]
 [-0.00396138  0.02171075  0.09710157]
 [ 0.04169608  0.01306859  0.7939734 ]
 [ 0.0828158  -0.00402567  1.0508456 ]
 [ 0.18651474 -0.05953795  1.1490467 ]
 [ 0.11736558 -0.05110008  1.2439835 ]
 [ 0.02983145  0.11666411  1.0029848 ]
 [-0.17217839  0.25897872  0.90388465]
 [-0.21071622  0.39501038  0.68409157]
 [ 0.10482988 -0.13867113  1.000299  ]
 [ 0.07739967 -0.27705166  0.7659487 ]
 [ 0.27265006 -0.15533021  0.8169447 ]]
[[ 0.          0.          0.57704985]
 [ 0.01250456 -0.10278139  0.55833524]
 [-0.06785968  0.11504906  0.24848369]
 [-0.4147173   0.25242284  0.3153975 ]
 [-0.42818922  0.38443306  0.22950554]
 [-0.01251899  0.10251513  0.5952194 ]
 [ 0.35474598  0.09111892  0.4273388 ]
 [ 0.3504513   0.17580706  0.0676046 ]
 [ 0.5067054   0.19395083  0.        ]
 [ 0.0255563  -0.00369141  0.80059326]
 [ 0.06294916 -0.01608947  1.0552115 ]
 [ 0.16698965 -0.05424774  1.1444219 ]
 [ 0.10293559 -0.04654628  1.2437676 ]
 [-0.0217346   0.09281331  1.0131103 ]
 [-0.25470474  0.21377319  0.9875978 ]
 [-0.30763623  0.31544998  0.7637589 ]
 [ 0.11629465 -0.14417407  1.011115  ]
 [ 0.17691419 -0.27547577  0.81243455]
 [ 0.28904173 -0.09823501  0.9500846 ]]
[[ 0.00000000e+00  0.00000000e+00  5.95034122e-01]
 [ 1.83684714e-02 -1.01046845e-01  5.79318583e-01]
 [-4.98929322e-02  6.75505102e-02  2.38140345e-01]
 [-4.07891870e-01  1.82830840e-01  4.07924235e-01]
 [-4.67294335e-01  3.19186121e-01  3.61058980e-01]
 [-1.82833076e-02  1.00732356e-01  6.10260904e-01]
 [ 3.51363003e-01  1.72903180e-01  4.14184690e-01]
 [ 4.51216072e-01  2.27958620e-01  3.16345692e-02]
 [ 6.17439806e-01  2.39023685e-01  0.00000000e+00]
 [ 2.97882315e-02  7.67615438e-03  8.14829409e-01]
 [ 7.29766637e-02 -1.68770552e-04  1.06603849e+00]
 [ 1.76550329e-01 -3.59340310e-02  1.14795852e+00]
 [ 1.16594255e-01 -2.37492323e-02  1.24984598e+00]
 [-1.62944272e-02  1.07199341e-01  1.01850975e+00]
 [-2.37886369e-01  2.07896292e-01  9.72973168e-01]
 [-2.56604970e-01  2.84207106e-01  7.38752723e-01]
 [ 1.29147202e-01 -1.29399002e-01  1.02601171e+00]
 [ 1.76244825e-01 -2.76212066e-01  8.26817870e-01]
 [ 3.13800037e-01 -7.95637965e-02  9.00982082e-01]]
[[ 0.0000000e+00  0.0000000e+00  6.5656638e-01]
 [ 2.5583558e-02 -9.8785877e-02  6.4105463e-01]
 [ 1.7470816e-02  6.0862392e-02  2.9596373e-01]
 [-3.4908152e-01  1.4917108e-01  5.0499558e-01]
 [-4.4163001e-01  2.9484496e-01  5.0420475e-01]
 [-2.5473610e-02  9.8499678e-02  6.7163199e-01]
 [ 3.1762019e-01  2.0483886e-01  4.2127252e-01]
 [ 4.2370927e-01  2.2322637e-01  3.3455908e-02]
 [ 5.9204108e-01  2.2692436e-01  0.0000000e+00]
 [ 3.6831461e-02  2.7511820e-02  8.6863530e-01]
 [ 9.1339566e-02  3.5236746e-02  1.1153746e+00]
 [ 1.9487423e-01 -8.1389546e-03  1.1938516e+00]
 [ 1.3901548e-01  8.8329911e-03  1.2976587e+00]
 [-8.9579076e-04  1.3941431e-01  1.0611848e+00]
 [-2.1337518e-01  2.2219834e-01  9.6715599e-01]
 [-1.6623586e-01  2.7920029e-01  7.2925627e-01]
 [ 1.4466493e-01 -9.7400486e-02  1.0759916e+00]
 [ 1.4147595e-01 -2.5058728e-01  8.7764692e-01]
 [ 3.2452250e-01 -9.4949380e-02  8.4570348e-01]]
[[ 0.          0.          0.6888244 ]
 [ 0.02443907 -0.10723267  0.6743154 ]
 [ 0.0703605  -0.02683154  0.32601762]
 [-0.34971666  0.02129007  0.53756905]
 [-0.45414478  0.16655645  0.53561926]
 [-0.02429941  0.10702026  0.70300186]
 [ 0.29275826  0.23640168  0.42345113]
 [ 0.35213888  0.27890652  0.04202384]
 [ 0.52839327  0.2854087   0.        ]
 [ 0.03822123  0.0345145   0.8938434 ]
 [ 0.10034142  0.05308723  1.1373641 ]
 [ 0.2071973   0.00608969  1.2206693 ]
 [ 0.15130936  0.02610028  1.3249418 ]
 [ 0.01054867  0.16234133  1.0778326 ]
 [-0.16773668  0.2405013   0.93394446]
 [-0.04525182  0.2985599   0.72486734]
 [ 0.14700757 -0.08383808  1.0994687 ]
 [ 0.08858739 -0.2326028   0.9025514 ]
 [ 0.25636822 -0.0863717   0.7846613 ]]
[[ 0.          0.          0.736261  ]
 [ 0.02773817 -0.1175712   0.72900563]
 [ 0.29411238 -0.04296333  0.4727272 ]
 [-0.1580083  -0.04823974  0.52290505]
 [-0.22122127  0.07252626  0.47851464]
 [-0.02753733  0.11763267  0.74335283]
 [ 0.19629312  0.35165048  0.4253825 ]
 [ 0.09406629  0.38562098  0.07641172]
 [ 0.2818749   0.39126667  0.        ]
 [ 0.06144935  0.06347235  0.9289113 ]
 [ 0.13223408  0.10235143  1.1638597 ]
 [ 0.24414206  0.04752299  1.2564611 ]
 [ 0.18475263  0.07208437  1.3603747 ]
 [ 0.05443681  0.22515759  1.0914013 ]
 [ 0.02209653  0.28526723  0.86146325]
 [ 0.24699235  0.3326135   0.7902319 ]
 [ 0.1721294  -0.04572892  1.1345613 ]
 [ 0.02455308 -0.16160929  0.9322047 ]
 [ 0.10325342 -0.03316391  0.74414814]]
[[ 0.0000000e+00  0.0000000e+00  6.5444148e-01]
 [ 1.5935466e-02 -1.2280068e-01  6.5405095e-01]
 [ 3.9414841e-01 -5.9104815e-02  5.0361991e-01]
 [ 7.9463288e-02 -1.3112846e-01  2.3777956e-01]
 [ 1.5507685e-01 -8.2323432e-02  1.4944309e-01]
 [-1.5728712e-02  1.2301115e-01  6.5496802e-01]
 [ 4.7652140e-02  4.0341946e-01  3.6256495e-01]
 [-1.9926566e-01  4.7369915e-01  1.0896087e-01]
 [-6.6237867e-02  5.0639719e-01  0.0000000e+00]
 [ 3.6740545e-02  2.6474103e-02  8.6545670e-01]
 [ 8.1794657e-02  3.7118107e-02  1.1157225e+00]
 [ 1.8898556e-01 -1.9237459e-02  1.2100384e+00]
 [ 1.2849100e-01 -1.2940764e-03  1.3082094e+00]
 [ 5.7153266e-02  1.7584145e-01  1.0442641e+00]
 [ 1.8271665e-01  2.4806598e-01  8.2244885e-01]
 [ 3.4388125e-01  1.8366045e-01  9.1329163e-01]
 [ 7.9747789e-02 -1.1436021e-01  1.0996628e+00]
 [-1.4982513e-01 -2.1334742e-01  1.0099778e+00]
 [-1.8583855e-01 -4.1901678e-02  8.6863416e-01]]
[[ 0.          0.          0.61300254]
 [ 0.00404416 -0.11627957  0.6095125 ]
 [ 0.3669788  -0.05273089  0.47060388]
 [ 0.3319534  -0.1140191   0.07550699]
 [ 0.4876901  -0.11456597  0.        ]
 [-0.00378913  0.11648328  0.61690354]
 [-0.06319048  0.3481012   0.33077627]
 [-0.3937481   0.4573856   0.19030106]
 [-0.37947446  0.4978267   0.0543611 ]
 [ 0.01116983 -0.00316812  0.82803726]
 [ 0.03623952 -0.00536165  1.0766586 ]
 [ 0.1416634  -0.05851656  1.168281  ]
 [ 0.07949597 -0.04546481  1.2634838 ]
 [ 0.04580259  0.13371152  1.0108727 ]
 [ 0.20291263  0.21586072  0.82079494]
 [ 0.30663842  0.16338998  0.98261094]
 [ 0.01644637 -0.13960338  1.0818932 ]
 [-0.25673616 -0.16564208  1.062931  ]
 [-0.24771777 -0.05017173  0.9041339 ]]
[[ 0.00000000e+00  0.00000000e+00  5.94404578e-01]
 [ 5.12107834e-03 -1.07089646e-01  5.85094929e-01]
 [ 3.44459027e-01 -6.70656562e-03  3.86589587e-01]
 [ 4.73030567e-01  6.00862503e-03  2.16985941e-02]
 [ 6.31122768e-01 -6.62583113e-03  0.00000000e+00]
 [-4.92737442e-03  1.07219949e-01  6.04257226e-01]
 [-8.55517238e-02  2.33216912e-01  2.52194285e-01]
 [-4.72638249e-01  2.57807851e-01  3.22577268e-01]
 [-5.46321392e-01  3.06662172e-01  2.36236572e-01]
 [ 1.21172424e-02  1.53645873e-04  8.08924794e-01]
 [ 3.89209837e-02 -2.67866254e-03  1.05921364e+00]
 [ 1.48055851e-01 -7.16196597e-02  1.14186025e+00]
 [ 8.71545449e-02 -4.86281514e-02  1.23954630e+00]
 [ 6.53813779e-02  1.21097982e-01  9.96620953e-01]
 [ 1.60766631e-01  2.31650442e-01  7.89317966e-01]
 [ 2.99091816e-01  1.92624688e-01  9.05385613e-01]
 [ 3.23100016e-03 -1.20143592e-01  1.06300092e+00]
 [-2.51770407e-01 -1.44209594e-01  1.00183904e+00]
 [-2.10624039e-01 -6.89722747e-02  8.23434889e-01]]
[[ 0.          0.          0.6101824 ]
 [ 0.01250238 -0.10639299  0.6058035 ]
 [ 0.33720833  0.08218953  0.378449  ]
 [ 0.45221215  0.12458447  0.02197981]
 [ 0.61754286  0.14432067  0.        ]
 [-0.01235622  0.10645224  0.6150564 ]
 [-0.06157456  0.15015665  0.24350607]
 [-0.46552116  0.09332421  0.4064322 ]
 [-0.57214785  0.10739182  0.3918331 ]
 [ 0.022968    0.00524884  0.8298696 ]
 [ 0.05683375 -0.00153241  1.0807965 ]
 [ 0.1706813  -0.07244766  1.1590248 ]
 [ 0.10291927 -0.05249476  1.2540452 ]
 [ 0.07305953  0.12127596  1.0249171 ]
 [ 0.11280844  0.27574712  0.79869807]
 [ 0.27437752  0.25570643  0.798782  ]
 [ 0.01952943 -0.11959621  1.07338   ]
 [-0.21417625 -0.14847913  0.9612006 ]
 [-0.18110892 -0.16996738  0.7612828 ]]
[[ 0.          0.          0.6771958 ]
 [ 0.00552503 -0.11016874  0.67152405]
 [ 0.27573854  0.17331325  0.40224737]
 [ 0.26234946  0.24316755  0.05941677]
 [ 0.44151545  0.27988592  0.        ]
 [-0.00545692  0.11015723  0.68329424]
 [ 0.06430084  0.03994739  0.29009917]
 [-0.39354604 -0.10403778  0.5164289 ]
 [-0.53385127 -0.10380143  0.5233764 ]
 [ 0.03121276  0.00392221  0.88465786]
 [ 0.07241772 -0.01883724  1.1337489 ]
 [ 0.1877268  -0.09348464  1.2209187 ]
 [ 0.10954577 -0.06695879  1.315898  ]
 [ 0.06280961  0.10843426  1.0831583 ]
 [-0.00746932  0.2350024   0.8423563 ]
 [ 0.07565539  0.26671073  0.63761735]
 [ 0.04711413 -0.14391044  1.0939968 ]
 [-0.06226661 -0.19092889  0.8412694 ]
 [ 0.04772621 -0.23684148  0.7136067 ]]
[[ 0.00000000e+00  0.00000000e+00  6.25978231e-01]
 [-1.54960770e-02 -1.13829330e-01  6.16851509e-01]
 [ 1.35366276e-01  1.73019856e-01  3.25108349e-01]
 [ 2.48766243e-02  3.70780826e-01  8.28889608e-02]
 [ 1.99988306e-01  4.25703526e-01  0.00000000e+00]
 [ 1.54419541e-02  1.13724895e-01  6.35175705e-01]
 [ 2.23332703e-01 -2.39923894e-02  3.24104249e-01]
 [-2.17256129e-01 -5.54209203e-02  4.25769269e-01]
 [-3.03387940e-01 -4.26191092e-02  3.46327573e-01]
 [ 3.29925343e-02  1.56973898e-02  8.41002822e-01]
 [ 6.54756874e-02  2.32189894e-04  1.09562421e+00]
 [ 1.71870291e-01 -6.71223402e-02  1.19770455e+00]
 [ 9.90786552e-02 -4.51638699e-02  1.29096019e+00]
 [ 4.97910976e-02  1.29827023e-01  1.04108810e+00]
 [-9.08645093e-02  2.70352930e-01  8.67763758e-01]
 [-5.15907705e-02  3.88071001e-01  6.32089078e-01]
 [ 4.92451414e-02 -1.38859361e-01  1.05101800e+00]
 [ 4.43193316e-03 -2.51097500e-01  7.93458223e-01]
 [ 1.88810199e-01 -2.18142301e-01  7.76286840e-01]]
[[ 0.00000000e+00  0.00000000e+00  5.71560264e-01]
 [-2.00316347e-02 -1.09208249e-01  5.57723463e-01]
 [-3.12116146e-02  1.39992148e-01  2.80935735e-01]
 [-2.55351573e-01  3.54999095e-01  1.28211021e-01]
 [-1.58988833e-01  4.45288390e-01  0.00000000e+00]
 [ 1.98814347e-02  1.09021194e-01  5.84993601e-01]
 [ 3.33240390e-01 -4.46152091e-02  3.94730121e-01]
 [ 5.30765951e-03 -6.83927536e-03  2.04335153e-01]
 [ 4.65433076e-02 -5.40706515e-03  8.63282382e-02]
 [ 2.79651470e-02  1.18140131e-02  7.98521280e-01]
 [ 5.71730733e-02  1.08852983e-03  1.05759883e+00]
 [ 1.53571039e-01 -5.32881021e-02  1.15711808e+00]
 [ 7.92627707e-02 -3.16137671e-02  1.25131750e+00]
 [ 2.27119178e-02  1.26375556e-01  1.00762391e+00]
 [-1.78470999e-01  2.75624931e-01  9.13752198e-01]
 [-1.81575209e-01  3.75609905e-01  6.65192246e-01]
 [ 6.65865690e-02 -1.36976689e-01  1.01187670e+00]
 [ 6.86880648e-02 -2.93712318e-01  7.82324791e-01]
 [ 2.40129828e-01 -1.71080172e-01  8.89481068e-01]]
[[ 0.          0.          0.5678267 ]
 [ 0.0023325  -0.10986017  0.5513866 ]
 [-0.04892055  0.08692667  0.22208083]
 [-0.4136514   0.23921967  0.30821264]
 [-0.44968665  0.3769309   0.22369918]
 [-0.00232244  0.10959433  0.5837599 ]
 [ 0.3594644   0.06295342  0.42837584]
 [ 0.35945636  0.1489028   0.05456787]
 [ 0.51830155  0.14687416  0.        ]
 [ 0.02216941  0.00640048  0.7928138 ]
 [ 0.05648201  0.00551316  1.0496308 ]
 [ 0.1585651  -0.03423524  1.1421256 ]
 [ 0.0854217  -0.01305187  1.2396086 ]
 [-0.00832827  0.1226539   1.0050592 ]
 [-0.2272495   0.24213573  0.93852806]
 [-0.19693613  0.31914765  0.69005156]
 [ 0.09222232 -0.13422361  1.0052565 ]
 [ 0.12511617 -0.29707858  0.81322765]
 [ 0.2537346  -0.12704578  0.9506792 ]]
[[ 0.          0.          0.6077496 ]
 [ 0.01047992 -0.10891625  0.5931053 ]
 [-0.01584807  0.01873919  0.23622516]
 [-0.39368176  0.12620726  0.3984077 ]
 [-0.47629678  0.27874738  0.3480536 ]
 [-0.01036973  0.10862848  0.6219742 ]
 [ 0.34501374  0.13637006  0.41983855]
 [ 0.41339022  0.20546526  0.03485286]
 [ 0.59168065  0.20258093  0.        ]
 [ 0.02872422  0.01474775  0.82753193]
 [ 0.0754952   0.0228717   1.0810835 ]
 [ 0.17500204 -0.02267724  1.1772789 ]
 [ 0.10168999 -0.00172758  1.2717508 ]
 [ 0.00557887  0.13387772  1.0267957 ]
 [-0.20521778  0.23778957  0.933128  ]
 [-0.12848559  0.29809207  0.6971181 ]
 [ 0.10977188 -0.11749095  1.0399265 ]
 [ 0.09482875 -0.28505257  0.8431964 ]
 [ 0.26098466 -0.10796848  0.8843854 ]]
[[ 0.          0.          0.6501229 ]
 [ 0.01543996 -0.11060929  0.6383562 ]
 [ 0.07601769 -0.01042584  0.2981816 ]
 [-0.31005275  0.08525127  0.49612802]
 [-0.4085275   0.24732217  0.48808   ]
 [-0.01531792  0.11037049  0.66154385]
 [ 0.3121314   0.19418116  0.40878415]
 [ 0.37371957  0.26629484  0.02911913]
 [ 0.56172085  0.2566745   0.        ]
 [ 0.03901514  0.034082    0.8624742 ]
 [ 0.09932335  0.05522051  1.1109215 ]
 [ 0.1996566   0.00205016  1.2074801 ]
 [ 0.1304823   0.03148192  1.3019543 ]
 [ 0.02909439  0.16222668  1.0449166 ]
 [-0.16639781  0.23660436  0.9051441 ]
 [-0.02044728  0.2994116   0.7125461 ]
 [ 0.12820357 -0.0855059   1.074643  ]
 [ 0.0665741  -0.2422929   0.8738686 ]
 [ 0.24013999 -0.10667668  0.78039306]]
[[ 0.0000000e+00  0.0000000e+00  7.0670754e-01]
 [ 1.3366967e-02 -1.2131766e-01  7.0401531e-01]
 [ 2.4179879e-01 -6.9540650e-02  4.3425363e-01]
 [-1.8690163e-01  3.1489879e-03  5.5834043e-01]
 [-2.5838119e-01  1.3604161e-01  5.0299704e-01]
 [-1.3200156e-02  1.2131862e-01  7.0927346e-01]
 [ 2.3496455e-01  2.6511708e-01  4.0251592e-01]
 [ 1.9016732e-01  3.3687118e-01  5.8072746e-02]
 [ 3.7859902e-01  3.2362688e-01  0.0000000e+00]
 [ 5.0261416e-02  6.0055286e-02  9.1002262e-01]
 [ 1.1014681e-01  9.8330736e-02  1.1544348e+00]
 [ 2.1170688e-01  3.7395895e-02  1.2542658e+00]
 [ 1.4490667e-01  7.2554350e-02  1.3517227e+00]
 [ 6.0214318e-02  2.1948946e-01  1.0707983e+00]
 [-8.7879598e-04  3.0152199e-01  8.5874009e-01]
 [ 2.2178960e-01  3.1512094e-01  7.7736038e-01]
 [ 1.2327331e-01 -4.7941774e-02  1.1252859e+00]
 [ 1.2593046e-03 -1.5913199e-01  8.9471436e-01]
 [ 7.3904924e-02 -6.2400911e-02  7.2626758e-01]]
[[ 0.          0.          0.65854245]
 [ 0.01346229 -0.12432203  0.658804  ]
 [ 0.3870065  -0.06986253  0.527282  ]
 [ 0.03357214 -0.12470093  0.33064774]
 [ 0.10595913 -0.08087382  0.23572227]
 [-0.01329033  0.12455826  0.6583516 ]
 [ 0.07285026  0.38504624  0.34397057]
 [-0.14417708  0.4566942   0.09517372]
 [ 0.01324178  0.4780059   0.        ]
 [ 0.03193622  0.05089512  0.8613498 ]
 [ 0.06325315  0.07622558  1.1148798 ]
 [ 0.16696095  0.0115518   1.2136562 ]
 [ 0.10131858  0.03845882  1.3130779 ]
 [ 0.05687548  0.21011585  1.0357834 ]
 [ 0.18048921  0.2624674   0.800428  ]
 [ 0.353548    0.16210416  0.8857622 ]
 [ 0.04519026 -0.07579631  1.08688   ]
 [-0.15248325 -0.17675558  0.92131   ]
 [-0.17738256 -0.01064473  0.81689584]]
[[ 0.          0.          0.5666593 ]
 [-0.00191575 -0.12185837  0.56166667]
 [ 0.35017374 -0.08441152  0.4469815 ]
 [ 0.2845246  -0.15224469  0.07204229]
 [ 0.45590085 -0.16437638  0.        ]
 [ 0.0020749   0.12211953  0.5720998 ]
 [-0.04619479  0.35705456  0.28220195]
 [-0.37496114  0.4601543   0.1246345 ]
 [-0.33089766  0.49182403  0.00432992]
 [-0.0038534   0.01751941  0.771952  ]
 [-0.00591847  0.02917114  1.0250541 ]
 [ 0.094141   -0.03742236  1.122869  ]
 [ 0.02593786 -0.01474458  1.21496   ]
 [ 0.03891738  0.15924805  0.95854646]
 [ 0.19200158  0.17776033  0.76052856]
 [ 0.29246128  0.0941343   0.9200768 ]
 [-0.06968634 -0.10053954  1.0143098 ]
 [-0.3259343  -0.1722737   0.9650995 ]
 [-0.26482302  0.00380109  0.80033064]]
[[ 0.          0.          0.56474483]
 [-0.00336357 -0.11342033  0.55756813]
 [ 0.3273725  -0.08296645  0.39534745]
 [ 0.41487122 -0.08228385  0.03154737]
 [ 0.5841684  -0.10478294  0.        ]
 [ 0.00345482  0.11364239  0.572547  ]
 [-0.08059497  0.26259136  0.24856144]
 [-0.46627843  0.33237708  0.25191572]
 [-0.5129831   0.36229798  0.16681573]
 [-0.0102491   0.01524928  0.77082783]
 [-0.01656852  0.02280954  1.0222172 ]
 [ 0.08695005 -0.04989913  1.1159694 ]
 [ 0.01945192 -0.02500427  1.2086769 ]
 [ 0.04954898  0.13838962  0.963964  ]
 [ 0.18161488  0.18485802  0.7602179 ]
 [ 0.28305578  0.12358746  0.91575116]
 [-0.09439776 -0.0840832   0.99856234]
 [-0.32934874 -0.15096915  0.93572533]
 [-0.23394123  0.00472446  0.7763929 ]]
[[ 0.00000000e+00  0.00000000e+00  5.62159061e-01]
 [ 1.56324357e-04 -1.08049892e-01  5.57046413e-01]
 [ 3.17344457e-01  2.74943411e-02  3.49881828e-01]
 [ 4.23540086e-01  8.44309032e-02  2.43185759e-02]
 [ 5.84929228e-01  7.47708082e-02  0.00000000e+00]
 [-1.02799386e-04  1.08220547e-01  5.67892373e-01]
 [-4.58168834e-02  1.90693855e-01  2.18799233e-01]
 [-4.53562170e-01  1.95779026e-01  3.34188700e-01]
 [-5.56788683e-01  2.29917198e-01  2.89346159e-01]
 [ 1.59820542e-04  2.43901461e-02  7.73244858e-01]
 [-2.58846395e-03  2.87958384e-02  1.02425873e+00]
 [ 1.06474400e-01 -4.32748795e-02  1.12054610e+00]
 [ 2.91117709e-02 -1.86980367e-02  1.21002865e+00]
 [ 5.80084473e-02  1.41079485e-01  9.73311305e-01]
 [ 1.33230627e-01  2.43614897e-01  7.47075319e-01]
 [ 2.77847499e-01  2.15492785e-01  8.11987519e-01]
 [-7.75864124e-02 -7.70146847e-02  9.90382254e-01]
 [-2.87275791e-01 -1.51699156e-01  8.69228005e-01]
 [-1.52862862e-01 -6.34360313e-02  7.05811620e-01]]
[[ 0.          0.          0.6098222 ]
 [-0.01131983 -0.1133941   0.60335094]
 [ 0.25256777  0.1402256   0.35338098]
 [ 0.23406023  0.23732638  0.06007397]
 [ 0.41412756  0.2726684   0.        ]
 [ 0.01133364  0.1134067   0.6167298 ]
 [ 0.10265774  0.03946573  0.24908525]
 [-0.33307916 -0.00820103  0.47243696]
 [-0.47843292  0.00511716  0.4720791 ]
 [ 0.02299293  0.03295796  0.8204876 ]
 [ 0.04021475  0.02389255  1.072033  ]
 [ 0.15206186 -0.04376334  1.1786151 ]
 [ 0.06381677 -0.01355821  1.2670188 ]
 [ 0.06902163  0.1485683   1.0196304 ]
 [ 0.04095711  0.2884754   0.78852546]
 [ 0.16280945  0.31356487  0.61793774]
 [-0.01664114 -0.10490304  1.0245445 ]
 [-0.0942619  -0.18562412  0.77334356]
 [ 0.06747815 -0.20585534  0.6768129 ]]
[[ 0.          0.          0.5609865 ]
 [-0.0238774  -0.11089667  0.5499425 ]
 [ 0.12917851  0.15513593  0.27576175]
 [ 0.02048286  0.38856247  0.07772952]
 [ 0.1844314   0.44255352  0.        ]
 [ 0.02380477  0.11080148  0.5721812 ]
 [ 0.21852365 -0.05185738  0.264168  ]
 [-0.20671391 -0.05833872  0.39340854]
 [-0.31498814 -0.05634815  0.3492688 ]
 [ 0.02144045  0.02751891  0.7803401 ]
 [ 0.0382775   0.02149537  1.0364372 ]
 [ 0.14009996 -0.04020071  1.1486294 ]
 [ 0.0495989  -0.00348145  1.2374411 ]
 [ 0.04930654  0.15041077  0.98202133]
 [-0.06282066  0.3042236   0.79744077]
 [ 0.01961149  0.3868761   0.5787498 ]
 [ 0.00243416 -0.11770651  0.9881823 ]
 [-0.03048906 -0.24276628  0.7320755 ]
 [ 0.18410996 -0.22404835  0.724407  ]]
[[ 0.0000000e+00  0.0000000e+00  5.0520897e-01]
 [-2.2898791e-02 -1.0621075e-01  4.8766449e-01]
 [ 1.1313697e-02  1.1781499e-01  1.9494507e-01]
 [-2.3275685e-01  3.6262929e-01  1.1627373e-01]
 [-1.5210906e-01  4.6279976e-01  0.0000000e+00]
 [ 2.2776131e-02  1.0604090e-01  5.2246153e-01]
 [ 3.4369835e-01 -7.2612494e-02  3.3981380e-01]
 [ 1.3840925e-02  2.1851361e-03  2.0155022e-01]
 [ 5.3578418e-02 -5.6529045e-04  9.7011298e-02]
 [ 1.9052871e-02  1.6157627e-02  7.3261547e-01]
 [ 3.8872667e-02  1.2611955e-02  9.9127376e-01]
 [ 1.3237727e-01 -3.5595119e-02  1.0995052e+00]
 [ 4.7977846e-02 -9.1167092e-03  1.1886032e+00]
 [ 2.5065862e-02  1.4071923e-01  9.4351733e-01]
 [-1.3332686e-01  3.2672745e-01  8.3394468e-01]
 [-6.3895613e-02  4.0691957e-01  6.0648215e-01]
 [ 3.8620032e-02 -1.2689334e-01  9.3873888e-01]
 [ 3.2089338e-02 -2.8638083e-01  7.1178591e-01]
 [ 2.0902926e-01 -2.0026919e-01  8.2821029e-01]]
[[ 0.          0.          0.49762505]
 [-0.00528075 -0.11157018  0.47911045]
 [-0.00261115  0.06706205  0.15274969]
 [-0.36760002  0.24948838  0.24717069]
 [-0.39560014  0.38249445  0.163847  ]
 [ 0.0053003   0.1113092   0.5157078 ]
 [ 0.3820756   0.03619467  0.3993363 ]
 [ 0.31458664  0.15302116  0.0674724 ]
 [ 0.46939164  0.14360717  0.        ]
 [ 0.01466523  0.01882821  0.72126436]
 [ 0.03744203  0.02717426  0.9789515 ]
 [ 0.13750088 -0.0188809   1.0774195 ]
 [ 0.05359048  0.011428    1.1684334 ]
 [-0.00341804  0.14537865  0.9314587 ]
 [-0.20168453  0.28074038  0.84304446]
 [-0.09437695  0.33676893  0.6201165 ]
 [ 0.05706169 -0.11548746  0.9318329 ]
 [ 0.06615132 -0.27655756  0.73470193]
 [ 0.20256603 -0.1323179   0.8656457 ]]
[[ 0.00000000e+00  0.00000000e+00  5.42020202e-01]
 [-1.13660842e-03 -1.13664068e-01  5.25283456e-01]
 [ 2.03120597e-02  3.64923477e-03  1.71647042e-01]
 [-3.49247307e-01  1.48084700e-01  3.31747293e-01]
 [-4.15128827e-01  2.87054509e-01  2.66540051e-01]
 [ 1.21939555e-03  1.13399819e-01  5.58398008e-01]
 [ 3.76683444e-01  1.01037696e-01  4.08766150e-01]
 [ 3.82332921e-01  2.00475365e-01  4.53136563e-02]
 [ 5.54024458e-01  1.88961744e-01  0.00000000e+00]
 [ 2.33581252e-02  3.19392830e-02  7.61100292e-01]
 [ 5.93936183e-02  5.32825589e-02  1.01658928e+00]
 [ 1.57896429e-01 -2.90960073e-03  1.11587429e+00]
 [ 7.31217861e-02  3.29290032e-02  1.20637083e+00]
 [ 1.72531083e-02  1.66515023e-01  9.61638093e-01]
 [-1.76867127e-01  2.72668242e-01  8.48244607e-01]
 [-3.39056700e-02  3.05606633e-01  6.37380362e-01]
 [ 7.23743290e-02 -9.23573971e-02  9.72042859e-01]
 [ 3.40404510e-02 -2.72006154e-01  7.71978259e-01]
 [ 1.95279151e-01 -1.21442676e-01  8.31292689e-01]]
[[ 0.00000000e+00  0.00000000e+00  6.03940487e-01]
 [ 1.15353242e-03 -1.19496495e-01  5.91567516e-01]
 [ 1.04913816e-01 -4.15690839e-02  2.35251039e-01]
 [-2.77835786e-01  7.77997673e-02  4.12070870e-01]
 [-3.52446109e-01  2.22651452e-01  3.56448948e-01]
 [-9.84698534e-04  1.19301982e-01  6.16035700e-01]
 [ 3.51274431e-01  1.40202090e-01  3.97631317e-01]
 [ 3.83676171e-01  2.48032629e-01  3.22003365e-02]
 [ 5.67143679e-01  2.28872806e-01  0.00000000e+00]
 [ 3.40554900e-02  4.64843512e-02  8.14012527e-01]
 [ 8.40767547e-02  8.40619802e-02  1.06548548e+00]
 [ 1.80978328e-01  2.45702863e-02  1.16908574e+00]
 [ 9.61833149e-02  6.87251687e-02  1.25895023e+00]
 [ 4.63256128e-02  2.00353354e-01  9.96593714e-01]
 [-1.12677008e-01  2.90983588e-01  8.32919419e-01]
 [ 7.83258751e-02  3.11657101e-01  6.67571425e-01]
 [ 8.75309333e-02 -6.51131868e-02  1.02818143e+00]
 [ 3.95704061e-03 -2.25609452e-01  8.18471193e-01]
 [ 1.53072149e-01 -1.28025830e-01  7.67765284e-01]]
[[ 0.          0.          0.6609783 ]
 [ 0.0066797  -0.12339881  0.65570587]
 [ 0.30529806 -0.07585818  0.43058938]
 [-0.07951721  0.01202823  0.4585485 ]
 [-0.08646509  0.11549741  0.35473108]
 [-0.0064965   0.12350819  0.6661583 ]
 [ 0.2517698   0.20051971  0.36630446]
 [ 0.19975829  0.30012485  0.03773844]
 [ 0.3793524   0.2813814   0.        ]
 [ 0.04644829  0.06945908  0.85977256]
 [ 0.09343785  0.11022091  1.1050371 ]
 [ 0.18768674  0.0504896   1.2185944 ]
 [ 0.10545477  0.08758801  1.3055052 ]
 [ 0.07881245  0.23227417  1.0217804 ]
 [ 0.05574682  0.31798357  0.7973743 ]
 [ 0.26146033  0.25026348  0.7666994 ]
 [ 0.07904524 -0.038634    1.074124  ]
 [-0.06112112 -0.13269682  0.8452907 ]
 [-0.01407392 -0.04588702  0.6614251 ]]
[[ 0.          0.          0.6565521 ]
 [ 0.00684521 -0.12188057  0.6562639 ]
 [ 0.37994957 -0.09140502  0.5478561 ]
 [ 0.11901614 -0.15566385  0.27446008]
 [ 0.22503316 -0.12000334  0.20073074]
 [-0.00666844  0.12212099  0.65701103]
 [ 0.09764692  0.2992723   0.31241712]
 [-0.1326119   0.3594273   0.0754813 ]
 [ 0.01632351  0.35898     0.        ]
 [ 0.01691125  0.06195067  0.8544771 ]
 [ 0.0243167   0.08735907  1.106561  ]
 [ 0.12200716  0.02449989  1.2193561 ]
 [ 0.03299977  0.05272967  1.3038701 ]
 [ 0.05717871  0.21209976  1.0290201 ]
 [ 0.17516705  0.23360762  0.8079181 ]
 [ 0.31382427  0.11083367  0.91580427]
 [-0.02415362 -0.05077153  1.0731854 ]
 [-0.2571388  -0.14268228  0.9323759 ]
 [-0.22099769  0.0071777   0.7543327 ]]
[[ 0.0000000e+00  0.0000000e+00  5.5394870e-01]
 [-1.0637987e-02 -1.1171079e-01  5.4484236e-01]
 [ 3.0980486e-01 -1.3943875e-01  3.9260629e-01]
 [ 4.3191600e-01 -2.2339782e-01  5.2592814e-02]
 [ 5.8394766e-01 -2.4932277e-01  3.0376911e-02]
 [ 1.0655906e-02  1.1201564e-01  5.6374657e-01]
 [-7.4745864e-02  2.7223384e-01  2.3520449e-01]
 [-4.1468096e-01  3.7259036e-01  1.0696590e-01]
 [-3.7093425e-01  3.9074937e-01  0.0000000e+00]
 [-4.8524573e-02  1.8806666e-02  7.4518132e-01]
 [-8.9666627e-02  3.8293004e-02  9.9352342e-01]
 [-1.9681221e-04 -2.8732061e-02  1.1050377e+00]
 [-8.9838758e-02  9.4771981e-03  1.1782100e+00]
 [-7.2736889e-03  1.4255807e-01  9.3880343e-01]
 [ 1.6723765e-01  1.0461824e-01  7.8176200e-01]
 [ 2.1394333e-01  6.4536065e-02  9.7246844e-01]
 [-1.7602068e-01 -5.5460721e-02  9.5366871e-01]
 [-4.0413588e-01 -1.0565886e-01  8.6490697e-01]
 [-3.2732376e-01  3.0496672e-02  6.9232196e-01]]
[[ 0.          0.          0.49654883]
 [-0.00807524 -0.1016912   0.48795474]
 [ 0.2837018  -0.12889841  0.30070403]
 [ 0.49340683 -0.18098044  0.00132737]
 [ 0.6261397  -0.22379154  0.        ]
 [ 0.00809839  0.10195937  0.50590384]
 [-0.10658938  0.24881843  0.18224657]
 [-0.45791173  0.33906487  0.12384716]
 [-0.46215355  0.36721683  0.00670901]
 [-0.06117015  0.01450244  0.68879426]
 [-0.11076915  0.0361954   0.9357202 ]
 [-0.02486978 -0.03159338  1.0461903 ]
 [-0.11558753  0.01159126  1.1183531 ]
 [-0.02151626  0.13386807  0.8866256 ]
 [ 0.16308233  0.10693693  0.7422005 ]
 [ 0.19637328  0.06792817  0.93795466]
 [-0.19670492 -0.04943883  0.8930756 ]
 [-0.42027122 -0.08149794  0.80325764]
 [-0.31309694  0.05216742  0.63966894]]
[[ 0.          0.          0.52537924]
 [-0.00263707 -0.09693971  0.5193053 ]
 [ 0.26838464 -0.05104384  0.29019663]
 [ 0.47295153 -0.08023244  0.0067538 ]
 [ 0.57924974 -0.10826743  0.        ]
 [ 0.00262251  0.09716463  0.5321188 ]
 [-0.06636138  0.2200656   0.17943463]
 [-0.4371847   0.3027089   0.26048398]
 [-0.50199497  0.34118122  0.15667519]
 [-0.05467229  0.03374565  0.7258656 ]
 [-0.11122528  0.05749515  0.9722302 ]
 [-0.02653971 -0.009094    1.0883896 ]
 [-0.12304981  0.0281477   1.1547846 ]
 [-0.02017777  0.15419793  0.9293951 ]
 [ 0.14576145  0.19765347  0.7517962 ]
 [ 0.24985044  0.16833681  0.9118226 ]
 [-0.1908018  -0.02956989  0.92141485]
 [-0.37797427 -0.07558876  0.7666337 ]
 [-0.2112018   0.01166549  0.62413716]]
[[ 0.          0.          0.58709836]
 [-0.01160055 -0.10504889  0.58399975]
 [ 0.25060648  0.08160409  0.30173433]
 [ 0.34509957  0.13361001  0.03205025]
 [ 0.48282447  0.1446929   0.        ]
 [ 0.01154712  0.1051947   0.5906268 ]
 [ 0.07434882  0.09517208  0.22352374]
 [-0.33953598  0.1570979   0.39601183]
 [-0.4421273   0.20243964  0.30975443]
 [-0.04210319  0.04785244  0.7911873 ]
 [-0.09138232  0.07429421  1.0391618 ]
 [-0.0052818   0.0111503   1.1624761 ]
 [-0.10855836  0.04141885  1.2221712 ]
 [-0.0106713   0.18141207  0.9950912 ]
 [ 0.12100238  0.32576084  0.7855964 ]
 [ 0.26950395  0.33744484  0.76224685]
 [-0.1627228  -0.03287899  0.9841738 ]
 [-0.23352222 -0.1030644   0.7249688 ]
 [-0.03498978 -0.14110853  0.66638833]]
[[ 0.          0.          0.64042866]
 [-0.04345451 -0.09997955  0.6288069 ]
 [ 0.16386732  0.12628219  0.31150264]
 [ 0.10807861  0.28232592  0.08289433]
 [ 0.27474463  0.33274105  0.        ]
 [ 0.04335025  0.09998244  0.6521941 ]
 [ 0.2746392  -0.09001383  0.38321644]
 [-0.09648345  0.03929043  0.36978087]
 [-0.11680061  0.0244863   0.27218112]
 [-0.03349337  0.00149322  0.8331213 ]
 [-0.05585319  0.01385522  1.0849144 ]
 [ 0.02928846 -0.04418433  1.2092873 ]
 [-0.06602048 -0.02677435  1.2701275 ]
 [-0.00665305  0.13536471  1.0256317 ]
 [ 0.07596274  0.2911312   0.7960861 ]
 [ 0.19048122  0.42557746  0.615911  ]
 [-0.09628178 -0.1122517   1.0314691 ]
 [-0.01212949 -0.16244783  0.7595988 ]
 [ 0.21272334 -0.1668265   0.7879965 ]]
[[ 0.          0.          0.6847439 ]
 [-0.04608982 -0.08921841  0.66883165]
 [-0.02257158  0.1651084   0.3854842 ]
 [-0.15888798  0.37860048  0.15756822]
 [-0.05556655  0.45013878  0.        ]
 [ 0.04588582  0.08902948  0.70031315]
 [ 0.33879167 -0.20333806  0.52931094]
 [ 0.14662427 -0.27627757  0.18410158]
 [ 0.24124461 -0.32194626  0.1260047 ]
 [-0.00498666 -0.0030808   0.8935668 ]
 [-0.01542872 -0.02219331  1.1494436 ]
 [ 0.06340513 -0.06046283  1.2660112 ]
 [-0.0137581  -0.04001987  1.321398  ]
 [-0.01831595  0.09461185  1.099177  ]
 [-0.07256404  0.21907008  0.88084495]
 [-0.06708002  0.3602534   0.6611378 ]
 [-0.0201108  -0.15364563  1.1032774 ]
 [ 0.11122817 -0.2935287   0.9073307 ]
 [ 0.26342568 -0.21773341  1.0824671 ]]
[[ 0.          0.          0.54040104]
 [-0.03973371 -0.07302823  0.5273526 ]
 [-0.1011738   0.17019288  0.2504221 ]
 [-0.32962504  0.3968887   0.12742329]
 [-0.3097185   0.48923928  0.        ]
 [ 0.03955051  0.07267495  0.5528285 ]
 [ 0.3349762  -0.160471    0.38325775]
 [ 0.44752145 -0.33562335  0.04383433]
 [ 0.5918118  -0.38158774  0.06338534]
 [-0.00123109 -0.01014826  0.7595271 ]
 [ 0.00604629 -0.0247739   1.0138572 ]
 [ 0.08074986 -0.04718071  1.120302  ]
 [ 0.0027273  -0.05152923  1.1769867 ]
 [-0.03896248  0.08423653  0.97407883]
 [-0.18038481  0.24671358  0.8430712 ]
 [-0.16278106  0.42523283  0.7691989 ]
 [ 0.03030884 -0.14380401  0.97864056]
 [ 0.17418334 -0.28873757  0.8417183 ]
 [ 0.2932188  -0.17361358  0.9816275 ]]
[[ 0.          0.          0.497217  ]
 [-0.02610835 -0.06223055  0.48654866]
 [-0.12824154  0.12823302  0.18159017]
 [-0.41782516  0.3301789   0.13943201]
 [-0.448475    0.44656393  0.02716285]
 [ 0.02590748  0.06182924  0.50721896]
 [ 0.3148336  -0.13025856  0.3024898 ]
 [ 0.50623655 -0.31128472  0.        ]
 [ 0.6531198  -0.35643128  0.03332359]
 [-0.00982143 -0.01331286  0.7213963 ]
 [-0.00823741 -0.02585584  0.9755498 ]
 [ 0.06442929 -0.04297096  1.0762131 ]
 [-0.01302374 -0.05624586  1.1359332 ]
 [-0.06366201  0.07116744  0.93077654]
 [-0.2167474   0.24982303  0.82564133]
 [-0.18725955  0.42611757  0.9036817 ]
 [ 0.02748571 -0.1310046   0.9374006 ]
 [ 0.15123405 -0.26982737  0.7797792 ]
 [ 0.3085177  -0.17326757  0.8713411 ]]
[[ 0.          0.          0.5100589 ]
 [-0.01422025 -0.06160461  0.50354064]
 [-0.1318303   0.07160711  0.16311297]
 [-0.46216768  0.22373459  0.22001088]
 [-0.5389037   0.34223586  0.15408611]
 [ 0.0140715   0.06112909  0.51601875]
 [ 0.32372022 -0.0658523   0.29288822]
 [ 0.5230131  -0.23411712  0.        ]
 [ 0.6725192  -0.2752881   0.02223366]
 [-0.01640158 -0.01298541  0.7407719 ]
 [-0.02120396 -0.02932787  0.9964862 ]
 [ 0.05152214 -0.03575289  1.095426  ]
 [-0.02840978 -0.05837685  1.1560408 ]
 [-0.08590433  0.06012613  0.9501511 ]
 [-0.21942168  0.24868298  0.8705714 ]
 [-0.17542255  0.40347433  1.0085914 ]
 [ 0.02527021 -0.1255407   0.95076   ]
 [ 0.1308915  -0.26633516  0.7666068 ]
 [ 0.31446898 -0.1988791   0.79618394]]
[[ 0.          0.          0.572973  ]
 [-0.00527643 -0.05406953  0.57319707]
 [-0.08515325  0.04192576  0.21295276]
 [-0.42382586  0.09312376  0.3787202 ]
 [-0.53477025  0.21692461  0.37012696]
 [ 0.00512595  0.05359525  0.5723229 ]
 [ 0.31158894 -0.02102527  0.30791652]
 [ 0.4756512  -0.16979414  0.        ]
 [ 0.6266309  -0.20311236  0.00476289]
 [-0.02744182 -0.01317492  0.80542934]
 [-0.04807177 -0.03138569  1.0610356 ]
 [ 0.02130698 -0.03279644  1.1641214 ]
 [-0.05921378 -0.04722434  1.2230955 ]
 [-0.10955074  0.04463181  1.0155535 ]
 [-0.19692641  0.2082274   0.9863845 ]
 [-0.15630844  0.3222763   1.1787739 ]
 [ 0.0013782  -0.11463359  1.0138284 ]
 [ 0.09239444 -0.23677526  0.79052985]
 [ 0.2599213  -0.18259972  0.6886544 ]]
[[ 0.0000000e+00  0.0000000e+00  7.1914345e-01]
 [ 9.1835856e-05 -5.8528736e-02  7.1978968e-01]
 [ 3.1349476e-02 -2.6611358e-02  3.8557601e-01]
 [-3.5773385e-01 -1.4027296e-01  5.1863062e-01]
 [-4.7034338e-01 -3.3457920e-02  5.4898161e-01]
 [-3.6526285e-04  5.8292668e-02  7.1829581e-01]
 [ 2.2076289e-01  3.7258565e-02  3.9513266e-01]
 [ 2.8672454e-01 -4.0917218e-02  2.2161365e-02]
 [ 4.4843298e-01 -5.0276220e-02  0.0000000e+00]
 [-3.8276203e-02  2.1700293e-02  9.4307196e-01]
 [-7.7554718e-02  2.0320386e-02  1.1950624e+00]
 [-1.5004024e-02  2.4903238e-02  1.3065169e+00]
 [-8.8306487e-02  2.6376188e-02  1.3602357e+00]
 [-1.0477975e-01  8.0372155e-02  1.1574233e+00]
 [-8.5053176e-02  1.3814962e-01  1.3437450e+00]
 [-9.3202621e-02  1.5683317e-01  1.5735704e+00]
 [-6.0486458e-02 -4.8770130e-02  1.1426346e+00]
 [-1.4838150e-02 -8.5758857e-02  8.9062291e-01]
 [ 4.7957137e-02 -4.9807519e-02  6.4806205e-01]]
[[ 0.          0.          0.8093873 ]
 [-0.0179051  -0.09426731  0.8108977 ]
 [ 0.16219497 -0.11285245  0.5525558 ]
 [-0.2621209  -0.16356125  0.6011381 ]
 [-0.35205442 -0.07298347  0.56341463]
 [ 0.01755559  0.09430503  0.8077986 ]
 [ 0.110238    0.0556846   0.4480771 ]
 [ 0.01345608 -0.01105499  0.0747903 ]
 [ 0.16655222  0.00435269  0.        ]
 [-0.05607548  0.0400472   1.0289472 ]
 [-0.12083107  0.04750109  1.2792127 ]
 [-0.05278873  0.02538645  1.3933697 ]
 [-0.12104076  0.05725062  1.4390384 ]
 [-0.06913374  0.14459944  1.256178  ]
 [ 0.08119972  0.18814594  1.4266782 ]
 [ 0.04272913  0.17793316  1.6591902 ]
 [-0.16487786 -0.05409202  1.224047  ]
 [-0.21425012 -0.12096478  0.9990623 ]
 [-0.18205245 -0.09603556  0.7557517 ]]
[[ 0.          0.          0.8071871 ]
 [-0.0213283  -0.08887124  0.8130195 ]
 [ 0.28764144 -0.1838637   0.67049867]
 [-0.01242099 -0.14115989  0.43869177]
 [-0.02705819 -0.10149923  0.29530656]
 [ 0.02102129  0.08911063  0.801579  ]
 [-0.02146973  0.05015224  0.41743755]
 [-0.3102622   0.01809716  0.09908897]
 [-0.28288704  0.06903541  0.        ]
 [-0.07614025  0.05355333  1.0193727 ]
 [-0.16024742  0.08387381  1.2679889 ]
 [-0.09386817  0.05132967  1.3835038 ]
 [-0.16190258  0.09814107  1.4254919 ]
 [-0.05245509  0.15688378  1.2533611 ]
 [ 0.14075647  0.10532308  1.3510237 ]
 [ 0.20977159  0.07470125  1.5811659 ]
 [-0.25494453  0.01399624  1.2058702 ]
 [-0.3945853  -0.08155291  1.0340629 ]
 [-0.46122676 -0.02354635  0.9024445 ]]
[[ 0.          0.          0.6841828 ]
 [-0.02617568 -0.08580469  0.6910125 ]
 [ 0.2646715  -0.25886196  0.5399971 ]
 [ 0.140288   -0.3634938   0.15679777]
 [ 0.24923414 -0.37198335  0.1009233 ]
 [ 0.02597473  0.08602419  0.6779324 ]
 [-0.05888246  0.07045069  0.29551965]
 [-0.4214908   0.07641959  0.10819918]
 [-0.46854275  0.13165742  0.        ]
 [-0.08040629  0.04946877  0.891316  ]
 [-0.16844583  0.09295994  1.1405003 ]
 [-0.11589667  0.06657338  1.2561841 ]
 [-0.17509943  0.1230197   1.3067348 ]
 [-0.04617856  0.14264989  1.1142561 ]
 [ 0.15495017  0.04684532  1.1327307 ]
 [ 0.31795976  0.00726229  1.2791842 ]
 [-0.27164018  0.05474675  1.082509  ]
 [-0.45918646 -0.0328854   0.9772806 ]
 [-0.6167855   0.03337643  0.94279647]]
[[ 0.          0.          0.5692651 ]
 [-0.01399346 -0.07573669  0.57232285]
 [ 0.25305945 -0.2217179   0.37950456]
 [ 0.32149082 -0.3436578   0.01814473]
 [ 0.4715978  -0.36682516  0.        ]
 [ 0.01392128  0.07591387  0.56706   ]
 [-0.05982763  0.02685219  0.1697652 ]
 [-0.4581963  -0.00825313  0.08813179]
 [-0.54912335  0.07046315  0.01060098]
 [-0.07857218  0.04348589  0.7741822 ]
 [-0.15652086  0.09827486  1.0194266 ]
 [-0.10846376  0.07523602  1.1358016 ]
 [-0.165804    0.12826443  1.1878365 ]
 [-0.04707292  0.12818646  0.9778606 ]
 [ 0.12726508  0.01522559  0.9063628 ]
 [ 0.33727467 -0.02092579  0.92958486]
 [-0.24792224  0.07310927  0.9759407 ]
 [-0.46036047  0.01278117  0.9595767 ]
 [-0.61985433  0.12008643  1.016237  ]]
[[ 0.00000000e+00  0.00000000e+00  5.70482135e-01]
 [-9.71149281e-03 -7.40007386e-02  5.72591543e-01]
 [ 2.43016839e-01 -1.59512132e-01  3.28566730e-01]
 [ 3.81596386e-01 -2.81717420e-01  0.00000000e+00]
 [ 5.38159251e-01 -3.09277236e-01  1.17135048e-03]
 [ 9.67497565e-03  7.41081461e-02  5.69227159e-01]
 [-2.13711485e-02 -3.42949927e-02  1.74553901e-01]
 [-4.22002763e-01 -8.42851698e-02  1.65011853e-01]
 [-5.29167175e-01 -2.63749659e-02  1.08724445e-01]
 [-7.14803189e-02  4.70437557e-02  7.75888324e-01]
 [-1.40733212e-01  1.10409558e-01  1.02072310e+00]
 [-9.34541672e-02  8.51581693e-02  1.14299977e+00]
 [-1.56685859e-01  1.33489728e-01  1.19055569e+00]
 [-4.92501855e-02  1.40788734e-01  9.61080909e-01]
 [ 8.33177790e-02  7.94121325e-02  8.09530735e-01]
 [ 2.79469192e-01  8.22572410e-02  6.81093514e-01]
 [-2.23242491e-01  7.78878629e-02  1.00045896e+00]
 [-4.44302171e-01  2.34553218e-02  1.09616220e+00]
 [-5.66797495e-01  1.33133590e-01  1.23631454e+00]]
[[ 0.          0.          0.6038517 ]
 [-0.01239576 -0.08057265  0.60697544]
 [ 0.23182088 -0.13029328  0.33811536]
 [ 0.34162223 -0.24199736  0.00286549]
 [ 0.5050248  -0.24866217  0.        ]
 [ 0.01230135  0.08062313  0.6013728 ]
 [ 0.05892227 -0.10039148  0.24770677]
 [-0.35187966 -0.17758688  0.24974367]
 [-0.45082068 -0.1446228   0.20205379]
 [-0.0683191   0.06130883  0.8067047 ]
 [-0.13442156  0.13093233  1.0513768 ]
 [-0.08006687  0.10280579  1.1786898 ]
 [-0.1501213   0.14819801  1.2236798 ]
 [-0.0660772   0.17817062  0.9721303 ]
 [ 0.01927496  0.17345335  0.76159465]
 [ 0.14084911  0.21973394  0.5394038 ]
 [-0.20315397  0.07029617  1.0564532 ]
 [-0.37088984 -0.00884402  1.2428355 ]
 [-0.4552409   0.09419173  1.4491744 ]]
[[ 0.          0.          0.6938404 ]
 [-0.01661216 -0.09997608  0.6968386 ]
 [ 0.23514634 -0.1390142   0.4377136 ]
 [ 0.1961149  -0.26946342  0.0509209 ]
 [ 0.34846592 -0.2568274   0.        ]
 [ 0.01648836  0.09988979  0.691097  ]
 [ 0.19159836 -0.13922217  0.43788213]
 [-0.20552136 -0.19424501  0.36033058]
 [-0.25095046 -0.20798898  0.26913682]
 [-0.06769598  0.06567588  0.89608335]
 [-0.13302493  0.13442868  1.139641  ]
 [-0.07090257  0.11116332  1.2648345 ]
 [-0.15529901  0.14216924  1.3148088 ]
 [-0.11094204  0.21691686  1.0510932 ]
 [-0.11340702  0.25796506  0.8220013 ]
 [-0.08797112  0.36216772  0.62086964]
 [-0.16405836  0.03521445  1.1603663 ]
 [-0.24498305 -0.06793725  1.4283094 ]
 [-0.23748296  0.0459581   1.6544528 ]]
[[ 0.          0.          0.6536453 ]
 [-0.02433134 -0.11014982  0.6551793 ]
 [ 0.2624572  -0.13982755  0.45652387]
 [ 0.01333052 -0.21844763  0.11075264]
 [ 0.0945819  -0.17197621  0.        ]
 [ 0.02411311  0.10994942  0.6518359 ]
 [ 0.29072356 -0.17038879  0.57229316]
 [ 0.02135043 -0.30441514  0.26602024]
 [ 0.11363766 -0.35347077  0.19539565]
 [-0.07111729  0.05291817  0.86689687]
 [-0.13571309  0.11001998  1.1137435 ]
 [-0.04710941  0.07852948  1.2230421 ]
 [-0.13510981  0.10413361  1.290047  ]
 [-0.15645468  0.22038937  1.0329175 ]
 [-0.24721152  0.31739086  0.8731706 ]
 [-0.3313269   0.4631214   0.75013864]
 [-0.13384658 -0.01279512  1.1163027 ]
 [-0.08001706 -0.1468125   1.3916525 ]
 [ 0.02484508 -0.03800273  1.5903893 ]]
[[ 0.          0.          0.4818009 ]
 [-0.01437656 -0.10684414  0.48081237]
 [ 0.2897544  -0.12026736  0.34027356]
 [-0.06347764 -0.09305161  0.11365023]
 [-0.03331777 -0.01911595  0.        ]
 [ 0.01408239  0.10650395  0.4823748 ]
 [ 0.33880585 -0.1036676   0.51736444]
 [ 0.37983304 -0.36041397  0.13995546]
 [ 0.55933    -0.40601197  0.17294994]
 [-0.05194853  0.03479332  0.70753133]
 [-0.08710289  0.07105988  0.9603468 ]
 [ 0.01418543  0.02862638  1.0516038 ]
 [-0.07119094  0.04784477  1.1196053 ]
 [-0.13914628  0.1802158   0.9027736 ]
 [-0.29986054  0.35719955  0.87905115]
 [-0.37819302  0.54054046  0.93488944]
 [-0.06224407 -0.05207491  0.948905  ]
 [ 0.09678297 -0.21014744  1.0940342 ]
 [ 0.2861126  -0.15114504  1.2197806 ]]
[[ 0.          0.          0.37123665]
 [-0.00720099 -0.10188887  0.3707058 ]
 [ 0.30825186 -0.12334486  0.2920268 ]
 [-0.03266567 -0.07966021  0.09379348]
 [-0.01911975  0.00520149  0.        ]
 [ 0.00692722  0.10150976  0.37136143]
 [ 0.35638726 -0.06963596  0.43412   ]
 [ 0.5155654  -0.36220843  0.13030058]
 [ 0.6835713  -0.40805325  0.2040397 ]
 [-0.0333421   0.01008147  0.6040895 ]
 [-0.0406999   0.03414842  0.8609253 ]
 [ 0.06965899 -0.01502144  0.93206954]
 [-0.00515624  0.00552136  1.0112985 ]
 [-0.09943455  0.13876241  0.81861246]
 [-0.2364671   0.3307636   0.88007426]
 [-0.30449504  0.46164614  1.021993  ]
 [-0.01471665 -0.08839351  0.8374585 ]
 [ 0.19476143 -0.23515645  0.92408013]
 [ 0.41257158 -0.22632283  0.99728143]]
[[ 0.00000000e+00  0.00000000e+00  3.10286343e-01]
 [-6.30251318e-03 -9.80854332e-02  3.13275218e-01]
 [ 3.13523710e-01 -1.40196741e-01  2.94164985e-01]
 [ 2.79852822e-02 -8.55051577e-02  8.01673234e-02]
 [ 5.42355366e-02 -1.13729239e-02  0.00000000e+00]
 [ 6.08725101e-03  9.76964533e-02  3.06885540e-01]
 [ 3.56388450e-01 -6.05400354e-02  3.87999386e-01]
 [ 5.70416689e-01 -3.51659119e-01  1.43224806e-01]
 [ 7.14637935e-01 -4.02282834e-01  2.35577613e-01]
 [-1.34892054e-02 -1.60321593e-04  5.43070436e-01]
 [ 1.70052424e-03  1.60686076e-02  7.98678517e-01]
 [ 1.19029716e-01 -3.51451635e-02  8.51938784e-01]
 [ 5.57052270e-02 -1.36760473e-02  9.40969527e-01]
 [-5.17685115e-02  1.20596379e-01  7.67964840e-01]
 [-1.32518232e-01  3.05011749e-01  8.93877804e-01]
 [-1.73813879e-01  3.74634206e-01  1.08341074e+00]
 [ 1.86488926e-02 -1.01948529e-01  7.66046107e-01]
 [ 2.54677355e-01 -2.46104538e-01  8.02432775e-01]
 [ 4.83090222e-01 -2.68105716e-01  8.42944324e-01]]
[[ 0.          0.          0.2630704 ]
 [-0.01440438 -0.09779196  0.27423435]
 [ 0.29043669 -0.1871043   0.34658122]
 [ 0.18040308 -0.09502596  0.05105379]
 [ 0.26517648 -0.05287039  0.        ]
 [ 0.01427305  0.09746121  0.25155586]
 [ 0.34678382 -0.0404674   0.37910908]
 [ 0.5970676  -0.3230147   0.1728243 ]
 [ 0.7041794  -0.36834204  0.28025827]
 [ 0.01078442  0.00534487  0.4895883 ]
 [ 0.05997795  0.01026133  0.7376227 ]
 [ 0.18996799 -0.03277615  0.7605461 ]
 [ 0.15028411 -0.00470728  0.8706624 ]
 [ 0.02731892  0.11981893  0.7221978 ]
 [ 0.06597968  0.2676605   0.91934663]
 [ 0.11560512  0.24558663  1.1295235 ]
 [ 0.05393566 -0.10919815  0.6953925 ]
 [ 0.29352188 -0.28425026  0.6604476 ]
 [ 0.53772515 -0.34987006  0.6626129 ]]
[[ 0.          0.          0.1777493 ]
 [-0.02860331 -0.10421816  0.1855737 ]
 [ 0.26757222 -0.23769212  0.32797474]
 [ 0.32917386 -0.18513073  0.        ]
 [ 0.4544068  -0.19434646  0.00139239]
 [ 0.02855729  0.10391964  0.16970757]
 [ 0.3376638  -0.03800371  0.3392932 ]
 [ 0.59475046 -0.31819546  0.12835523]
 [ 0.68672967 -0.36917564  0.22979088]
 [ 0.0232778  -0.0028948   0.41315937]
 [ 0.10769928 -0.0124211   0.64832354]
 [ 0.24770123 -0.04726979  0.6448223 ]
 [ 0.21953854 -0.01925904  0.7603966 ]
 [ 0.1027196   0.10426846  0.6391526 ]
 [ 0.24332938  0.20180988  0.79361165]
 [ 0.33223873  0.09770912  0.9768467 ]
 [ 0.08108825 -0.13676563  0.6088357 ]
 [ 0.2899701  -0.3019311   0.502113  ]
 [ 0.5316432  -0.38190687  0.46495342]]
[[ 0.          0.          0.11967245]
 [-0.04015751 -0.09843557  0.10948487]
 [ 0.21984476 -0.2928058   0.20191628]
 [ 0.5164862  -0.29499742  0.        ]
 [ 0.63191295 -0.34737572  0.09193226]
 [ 0.0402726   0.09806673  0.12997346]
 [ 0.3222158  -0.0401203   0.25341308]
 [ 0.56921154 -0.31972685  0.0511446 ]
 [ 0.6498942  -0.37125093  0.16877028]
 [ 0.04653463 -0.03466882  0.36171585]
 [ 0.15149596 -0.05140281  0.56363046]
 [ 0.30080712 -0.09493136  0.5377488 ]
 [ 0.28828895 -0.07576507  0.64920175]
 [ 0.19158432  0.05346507  0.53449893]
 [ 0.39855963  0.03606322  0.5426854 ]
 [ 0.53602135 -0.11254889  0.6358999 ]
 [ 0.09796777 -0.16508019  0.5491264 ]
 [ 0.24590439 -0.2862907   0.3448585 ]
 [ 0.4259264  -0.33102566  0.23619346]]
[[ 0.          0.          0.09008734]
 [-0.04530671 -0.09781535  0.07193917]
 [ 0.2715245  -0.2952774   0.10952015]
 [ 0.59224737 -0.39585266  0.00904608]
 [ 0.6830835  -0.43902797  0.09582338]
 [ 0.04552479  0.09745178  0.10859276]
 [ 0.35211015 -0.077649    0.14625035]
 [ 0.631219   -0.339517    0.02818669]
 [ 0.70902056 -0.3896477   0.1747177 ]
 [ 0.08575974 -0.06098026  0.2927915 ]
 [ 0.20122845 -0.12718114  0.49093646]
 [ 0.3430844  -0.17278104  0.46268892]
 [ 0.31961405 -0.16068971  0.5783091 ]
 [ 0.24396573 -0.01372629  0.47125536]
 [ 0.3920857   0.00494149  0.34545356]
 [ 0.5192872  -0.1572741   0.26234967]
 [ 0.12635401 -0.22881123  0.4684431 ]
 [ 0.13711259 -0.2931      0.21299654]
 [ 0.23343131 -0.34068555  0.        ]]
[[ 0.          0.          0.13426463]
 [-0.04935417 -0.09679621  0.11258842]
 [ 0.29724425 -0.27965343  0.1491227 ]
 [ 0.6329976  -0.3621029   0.06662224]
 [ 0.71538866 -0.40280485  0.14895883]
 [ 0.04962979  0.09648599  0.156297  ]
 [ 0.37534487 -0.06881057  0.1853286 ]
 [ 0.65494835 -0.31733778  0.08066395]
 [ 0.72988546 -0.37155646  0.23225331]
 [ 0.08450356 -0.06159483  0.32639033]
 [ 0.1951527  -0.13393617  0.52589834]
 [ 0.3412614  -0.18309528  0.5030675 ]
 [ 0.31126502 -0.1688298   0.6155394 ]
 [ 0.24335867 -0.01978999  0.5067729 ]
 [ 0.36615318  0.02136733  0.33719593]
 [ 0.47720414 -0.1133415   0.18870853]
 [ 0.11155745 -0.22836949  0.5037802 ]
 [ 0.08015446 -0.24194604  0.23358929]
 [ 0.14524439 -0.28924853  0.        ]]
[[ 0.          0.          0.13896585]
 [-0.05996929 -0.09481402  0.11436878]
 [ 0.3175717  -0.28642526  0.15708706]
 [ 0.673095   -0.2864591   0.0535256 ]
 [ 0.7497385  -0.33013815  0.14351621]
 [ 0.06029531  0.09459615  0.16393092]
 [ 0.40133435 -0.06525965  0.19127192]
 [ 0.68967646 -0.25985122  0.07106214]
 [ 0.77859914 -0.31722975  0.2314688 ]
 [ 0.05894225 -0.0620971   0.32454142]
 [ 0.1416811  -0.13907573  0.52944064]
 [ 0.29507282 -0.20570491  0.52040094]
 [ 0.25724638 -0.18692052  0.62710774]
 [ 0.20326622 -0.02568123  0.5095798 ]
 [ 0.27092844  0.07340758  0.30540666]
 [ 0.33405703  0.0306094   0.07272547]
 [ 0.04363522 -0.21802534  0.506657  ]
 [-0.02816601 -0.14355485  0.24066877]
 [ 0.01582476 -0.21023609  0.        ]]
[[ 0.          0.          0.11257835]
 [-0.0671455  -0.09462498  0.09151949]
 [ 0.33748484 -0.294542    0.16760173]
 [ 0.6661442  -0.1824719   0.00675202]
 [ 0.756261   -0.24491298  0.09926447]
 [ 0.06743524  0.09451854  0.13390641]
 [ 0.44044298 -0.03848147  0.20364332]
 [ 0.7133779  -0.11267219  0.01348238]
 [ 0.8031862  -0.18388966  0.11507006]
 [ 0.01191382 -0.04196177  0.2929337 ]
 [ 0.04092488 -0.11207774  0.51101357]
 [ 0.20444477 -0.19346072  0.53440094]
 [ 0.15673882 -0.15282586  0.6283865 ]
 [ 0.11281738 -0.01103324  0.4872774 ]
 [ 0.08532201  0.08037683  0.2710839 ]
 [ 0.07639799  0.1115471   0.01168561]
 [-0.0657261  -0.17217337  0.48054713]
 [-0.12939607 -0.05154792  0.21631171]
 [-0.07041354 -0.17504811  0.        ]]
[[ 0.          0.          0.08743192]
 [-0.05890794 -0.10309852  0.06459118]
 [ 0.3378954  -0.2910213   0.19463357]
 [ 0.6139506  -0.12975425  0.02063391]
 [ 0.74748456 -0.19201176  0.08457927]
 [ 0.05913335  0.10304392  0.11041218]
 [ 0.46192902 -0.02113101  0.23529977]
 [ 0.6779039   0.0031437   0.02023518]
 [ 0.7933786  -0.06749749  0.08556585]
 [-0.03471868 -0.03023705  0.2714756 ]
 [-0.05086215 -0.07095042  0.50264674]
 [ 0.10122837 -0.14735195  0.5499113 ]
 [ 0.03139938 -0.09678221  0.62837887]
 [ 0.01660046  0.03605738  0.47760326]
 [-0.05866694  0.09960403  0.24857126]
 [-0.11081287  0.15402898  0.        ]
 [-0.14532453 -0.13908237  0.46130008]
 [-0.2016303  -0.01568996  0.19213444]
 [-0.10446516 -0.18695322  0.03191973]]
[[ 0.          0.          0.01741228]
 [-0.04894125 -0.11055557  0.        ]
 [ 0.28609467 -0.28256232  0.24533302]
 [ 0.5054244  -0.20676517  0.02135108]
 [ 0.64426494 -0.24908516  0.04226141]
 [ 0.04905535  0.11047803  0.03482805]
 [ 0.4961741   0.00792103  0.2574696 ]
 [ 0.59448326  0.05048397  0.00473344]
 [ 0.7070395  -0.00758809  0.03799   ]
 [-0.08453515  0.01038121  0.2016838 ]
 [-0.16013366  0.01492152  0.44071934]
 [-0.03225463 -0.05030549  0.5168271 ]
 [-0.12564549  0.00159538  0.579092  ]
 [-0.09910448  0.1231766   0.41632852]
 [-0.15528503  0.17280388  0.1865592 ]
 [-0.14527377  0.22796951  0.00143488]
 [-0.22693099 -0.06861123  0.3794736 ]
 [-0.19897264  0.01290711  0.09660304]
 [-0.06390113 -0.17970005  0.00527075]]
[[ 0.          0.          0.01819497]
 [-0.04864012 -0.10600897  0.        ]
 [ 0.1782161  -0.28748745  0.31953242]
 [ 0.34363842 -0.3340606   0.07110269]
 [ 0.5048949  -0.3729858   0.07592429]
 [ 0.04848457  0.10598465  0.03625451]
 [ 0.48735383 -0.00856879  0.3059281 ]
 [ 0.46642077 -0.0549683   0.04861697]
 [ 0.5913718  -0.10760329  0.07349958]
 [-0.15707555  0.05216125  0.15266475]
 [-0.32478088  0.10226774  0.34439957]
 [-0.24736607  0.05086932  0.44759244]
 [-0.34629387  0.091721    0.49359024]
 [-0.2543756   0.2062886   0.32362533]
 [-0.17507637  0.24814135  0.13981032]
 [-0.09636983  0.18839054  0.14951211]
 [-0.36900967  0.01168284  0.27269414]
 [-0.25463137  0.00731562  0.01354615]
 [-0.11830562 -0.21178815  0.03384771]]
[[ 0.          0.          0.07208253]
 [-0.0517268  -0.09439517  0.04497994]
 [ 0.1636684  -0.29721883  0.34788984]
 [ 0.36382195 -0.29898137  0.13523763]
 [ 0.5351612  -0.33463332  0.15275496]
 [ 0.0514481   0.09439004  0.09901433]
 [ 0.46214312 -0.04984482  0.34141278]
 [ 0.49567354 -0.13828488  0.14061546]
 [ 0.6289083  -0.18751973  0.1886437 ]
 [-0.17892481  0.08207683  0.17236954]
 [-0.3804531   0.16181748  0.32639498]
 [-0.34724897  0.11051691  0.4349972 ]
 [-0.43587938  0.16296375  0.4684791 ]
 [-0.29815644  0.2526927   0.32101336]
 [-0.14656514  0.25720745  0.1667972 ]
 [-0.06157115  0.12649104  0.26010382]
 [-0.42423394  0.08020124  0.24302174]
 [-0.29926223  0.01394515  0.        ]
 [-0.18167815 -0.22392917  0.06199796]]
[[ 0.          0.          0.11913413]
 [-0.05287813 -0.07840945  0.06476384]
 [ 0.21818185 -0.36256933  0.30873075]
 [ 0.45663482 -0.31347656  0.15824556]
 [ 0.6173341  -0.3523815   0.21678858]
 [ 0.05259436  0.07838057  0.1734433 ]
 [ 0.40965927 -0.11987478  0.36091948]
 [ 0.57789886 -0.32715714  0.2514559 ]
 [ 0.66735965 -0.38350877  0.31507164]
 [-0.18228915  0.09834866  0.20156917]
 [-0.3996771   0.19096544  0.32653853]
 [-0.42981875  0.14448762  0.41063425]
 [-0.5059184   0.21848527  0.4371939 ]
 [-0.29244834  0.23402321  0.3758018 ]
 [-0.07152109  0.14883046  0.25525248]
 [-0.00749875 -0.03212251  0.32437307]
 [-0.44681895  0.14664981  0.21712172]
 [-0.34264943  0.02115846  0.        ]
 [-0.25925025 -0.24153885  0.03874269]]
[[ 0.          0.          0.14526826]
 [-0.04252274 -0.05536005  0.07189821]
 [ 0.23317581 -0.40617937  0.22828288]
 [ 0.49821448 -0.27982393  0.13161922]
 [ 0.6517149  -0.32170495  0.20472673]
 [ 0.04230014  0.05533238  0.21867843]
 [ 0.355401   -0.16293323  0.3455971 ]
 [ 0.5762706  -0.3048196   0.29478723]
 [ 0.65719163 -0.3610677   0.3465522 ]
 [-0.18721828  0.09418034  0.2169611 ]
 [-0.41070825  0.18869965  0.32462358]
 [-0.48711765  0.16385779  0.37846476]
 [-0.536523    0.24358086  0.4162741 ]
 [-0.3021895   0.19083259  0.4030678 ]
 [-0.06013322  0.0220563   0.31322077]
 [-0.06009017 -0.18293875  0.30263948]
 [-0.44340414  0.18352552  0.20788103]
 [-0.3673157   0.04569186  0.        ]
 [-0.34323084 -0.21929154  0.0385893 ]]
[[ 0.          0.          0.16254535]
 [-0.04233693 -0.04836732  0.0768809 ]
 [ 0.23124683 -0.42203695  0.19120064]
 [ 0.64226997 -0.331988    0.16896094]
 [ 0.7641091  -0.4007114   0.29394668]
 [ 0.04219658  0.04837903  0.24848121]
 [ 0.33813    -0.19106978  0.35057053]
 [ 0.4760867  -0.12229814  0.20565784]
 [ 0.568266   -0.1713598   0.1989385 ]
 [-0.18109559  0.07584839  0.24326243]
 [-0.39187205  0.15670113  0.3495894 ]
 [-0.4851032   0.14703423  0.38800082]
 [-0.52569425  0.22275591  0.4230853 ]
 [-0.28949907  0.13747513  0.441643  ]
 [-0.06910751 -0.06037711  0.39100006]
 [-0.08185438 -0.21667871  0.21892023]
 [-0.42259592  0.17990904  0.22405994]
 [-0.3716434   0.10255262  0.        ]
 [-0.39013225 -0.1530306   0.04158914]]
[[ 0.          0.          0.19280997]
 [-0.03355055 -0.03308861  0.10575525]
 [ 0.24126628 -0.41274384  0.18461707]
 [ 0.63072693 -0.29156443  0.15622291]
 [ 0.7476885  -0.34542966  0.23875469]
 [ 0.03339357  0.03310182  0.28007433]
 [ 0.30249202 -0.18855813  0.3705129 ]
 [ 0.47866166 -0.23604032  0.2812461 ]
 [ 0.55554867 -0.2832875   0.27992082]
 [-0.18907359  0.07996523  0.26642224]
 [-0.40941858  0.16265354  0.36953306]
 [-0.5232345   0.1691382   0.3927546 ]
 [-0.54669243  0.24129917  0.4463133 ]
 [-0.3163038   0.11882845  0.4612065 ]
 [-0.11229326 -0.09230035  0.38050404]
 [-0.13579616 -0.22356565  0.21874517]
 [-0.42438006  0.21090433  0.24951719]
 [-0.38327777  0.16498178  0.        ]
 [-0.44774312 -0.0831748   0.06650671]]
[[ 0.          0.          0.2262813 ]
 [-0.02104443 -0.0114326   0.14143533]
 [ 0.24740764 -0.38610595  0.16660546]
 [ 0.6076678  -0.25584006  0.14830458]
 [ 0.7225263  -0.3017706   0.20735487]
 [ 0.02087887  0.01143038  0.31130862]
 [ 0.26994288 -0.18111041  0.37038544]
 [ 0.48853266 -0.2330297   0.33259338]
 [ 0.56777763 -0.27757287  0.33108112]
 [-0.19289412  0.08800123  0.2891211 ]
 [-0.41509065  0.18391466  0.38079372]
 [-0.5417992   0.199347    0.39362833]
 [-0.54945046  0.26824462  0.46204907]
 [-0.3361417   0.11878917  0.46977204]
 [-0.15016332 -0.10128732  0.3705969 ]
 [-0.18585224 -0.22608009  0.20966984]
 [-0.41123396  0.2523855   0.2668988 ]
 [-0.37880784  0.22802164  0.        ]
 [-0.46897277 -0.00273965  0.07667591]]
[[ 0.          0.          0.26330844]
 [-0.01557203 -0.00315789  0.18054874]
 [ 0.25548208 -0.3729178   0.15550384]
 [ 0.615596   -0.2522032   0.15274742]
 [ 0.71430725 -0.29387093  0.19360396]
 [ 0.01539647  0.00316975  0.34623855]
 [ 0.23709372 -0.18697333  0.37082458]
 [ 0.4730296  -0.29855865  0.3481156 ]
 [ 0.5412023  -0.3397859   0.34268942]
 [-0.19290769  0.0985181   0.31553555]
 [-0.41672105  0.20322269  0.3932652 ]
 [-0.5570656   0.22658116  0.3967921 ]
 [-0.55354357  0.2901653   0.47519767]
 [-0.3479812   0.12306009  0.4804394 ]
 [-0.1878539  -0.10294239  0.3628517 ]
 [-0.22198099 -0.209367    0.19217157]
 [-0.40206093  0.28447804  0.2811494 ]
 [-0.37415844  0.27713454  0.        ]
 [-0.49060583  0.06362467  0.0720979 ]]
[[ 0.          0.          0.28413936]
 [-0.00797447  0.01137249  0.20678169]
 [ 0.2643167  -0.33400574  0.13952482]
 [ 0.62494636 -0.24427292  0.14609027]
 [ 0.7159209  -0.2778732   0.1678684 ]
 [ 0.00778846 -0.01134592  0.36166465]
 [ 0.1837093  -0.20006704  0.35111812]
 [ 0.42074108 -0.40553734  0.32364395]
 [ 0.4678653  -0.45300797  0.31386626]
 [-0.18864965  0.11334206  0.3292341 ]
 [-0.4108292   0.22669357  0.39713317]
 [-0.56176496  0.25890544  0.38823867]
 [-0.5494751   0.30562592  0.4792222 ]
 [-0.35681868  0.13311899  0.48001808]
 [-0.216903   -0.08542295  0.3384414 ]
 [-0.23442522 -0.15133995  0.14765778]
 [-0.38276988  0.32251716  0.2886851 ]
 [-0.3571458   0.3321144   0.        ]
 [-0.4970541   0.1357481   0.05520092]]
[[ 0.          0.          0.32107615]
 [ 0.00759479  0.03055111  0.25169277]
 [ 0.26688436 -0.29968673  0.13257396]
 [ 0.6458461  -0.24475384  0.15674874]
 [ 0.72884905 -0.2741123   0.16284834]
 [-0.00780408 -0.03049514  0.3906113 ]
 [ 0.13808547 -0.16250166  0.3319863 ]
 [ 0.39441913 -0.30235878  0.33408064]
 [ 0.44612938 -0.33374178  0.30617148]
 [-0.1901814   0.11778008  0.35119426]
 [-0.4089669   0.23709065  0.39554012]
 [-0.5619673   0.27032217  0.38523132]
 [-0.5427259   0.31884876  0.47753072]
 [-0.37116587  0.13379909  0.47503522]
 [-0.24114284 -0.08218942  0.32060438]
 [-0.25450337 -0.11919764  0.1070431 ]
 [-0.36636055  0.34250456  0.28757805]
 [-0.34439778  0.35722315  0.        ]
 [-0.50305885  0.18318342  0.02742788]]
[[ 0.          0.          0.34413075]
 [ 0.01905663  0.04064851  0.28338   ]
 [ 0.28409088 -0.24383017  0.12432584]
 [ 0.6829492  -0.22311625  0.16237447]
 [ 0.75621456 -0.24276444  0.14452553]
 [-0.01929072 -0.04054194  0.40501174]
 [ 0.0908387  -0.13239564  0.30469143]
 [ 0.3258885  -0.31093225  0.3031484 ]
 [ 0.3632702  -0.3439907   0.26408032]
 [-0.18677521  0.12927906  0.3654981 ]
 [-0.39301127  0.26307026  0.39461902]
 [-0.54782516  0.3035978   0.3798047 ]
 [-0.52512074  0.34447333  0.4752521 ]
 [-0.3734228   0.15286714  0.46886665]
 [-0.256931   -0.05658216  0.29527074]
 [-0.26279974 -0.0623959   0.07204276]
 [-0.33920372  0.37431428  0.2892298 ]
 [-0.32016498  0.39942822  0.        ]
 [-0.4985639   0.24697724  0.00445372]]
[[ 0.          0.          0.3971642 ]
 [ 0.03408253  0.05656722  0.3464816 ]
 [ 0.2954347  -0.17286502  0.13295728]
 [ 0.68616474 -0.20765428  0.17632341]
 [ 0.7584809  -0.20574307  0.12425974]
 [-0.03432018 -0.05641339  0.44799718]
 [ 0.01214195 -0.10799887  0.28442097]
 [ 0.2345961  -0.33179197  0.2859946 ]
 [ 0.2599209  -0.35858724  0.23299938]
 [-0.17838028  0.14320213  0.40545604]
 [-0.3701558   0.2965342   0.41047937]
 [-0.5274792   0.34839755  0.3848975 ]
 [-0.49822342  0.3817257   0.48395067]
 [-0.37089556  0.17648727  0.47901288]
 [-0.26132944 -0.01802675  0.29094505]
 [-0.26396444  0.00227159  0.06463239]
 [-0.3048041   0.41000926  0.31040657]
 [-0.29752684  0.44826236  0.02374175]
 [-0.4900778   0.3215957   0.        ]]
[[ 0.          0.          0.4727075 ]
 [ 0.05302591  0.06985031  0.43246102]
 [ 0.30393168 -0.12294048  0.16509843]
 [ 0.6769595  -0.21937579  0.20942724]
 [ 0.7489234  -0.20125622  0.13450778]
 [-0.05325972 -0.0696508   0.51308644]
 [-0.0566449  -0.05840319  0.29548442]
 [ 0.16138977 -0.2883465   0.30499715]
 [ 0.18273169 -0.2987872   0.23640761]
 [-0.16997525  0.15675718  0.46048722]
 [-0.3457085   0.32326484  0.4338625 ]
 [-0.5044435   0.37888476  0.40071446]
 [-0.47074753  0.41776687  0.4992321 ]
 [-0.3667032   0.20279214  0.4971333 ]
 [-0.26569948  0.02741291  0.29265022]
 [-0.26547128  0.05844021  0.07174483]
 [-0.27014172  0.43405947  0.34092104]
 [-0.28688964  0.48406276  0.06191933]
 [-0.486094    0.3849537   0.        ]]
[[ 0.          0.          0.5362898 ]
 [ 0.07232885  0.07437299  0.5054488 ]
 [ 0.31517187 -0.05120245  0.19159147]
 [ 0.66101176 -0.20120952  0.23413527]
 [ 0.72787595 -0.17129567  0.13469172]
 [-0.07254907 -0.07415349  0.5672259 ]
 [-0.1258298  -0.01590553  0.30141658]
 [ 0.06145598 -0.30048165  0.30102083]
 [ 0.06956793 -0.2961883   0.21983385]
 [-0.16054891  0.17304392  0.5037077 ]
 [-0.3127144   0.35492566  0.4421728 ]
 [-0.46843868  0.4174304   0.4004458 ]
 [-0.43376595  0.4562463   0.5009856 ]
 [-0.35718417  0.23681472  0.50322545]
 [-0.2715488   0.08894876  0.27781737]
 [-0.26142266  0.12960047  0.05887777]
 [-0.22612745  0.4561373   0.3593045 ]
 [-0.26614615  0.5139619   0.09863654]
 [-0.47145212  0.4416746   0.        ]]
[[ 0.          0.          0.5886203 ]
 [ 0.08676083  0.07390599  0.5648978 ]
 [ 0.31628692  0.01297346  0.21349478]
 [ 0.62176985 -0.17960733  0.24788088]
 [ 0.6910588  -0.14376748  0.13404787]
 [-0.0869651  -0.07366189  0.6123864 ]
 [-0.18060908  0.04936332  0.31318516]
 [-0.0271092  -0.2680585   0.28935206]
 [-0.02835894 -0.23785496  0.19791168]
 [-0.14927077  0.18420938  0.5389292 ]
 [-0.2813422   0.37490878  0.44450086]
 [-0.43213725  0.4382714   0.39553282]
 [-0.39639878  0.48267344  0.4948955 ]
 [-0.34669244  0.26507986  0.5007449 ]
 [-0.2796443   0.14713824  0.25129646]
 [-0.25730082  0.19063026  0.03667611]
 [-0.18440261  0.46340767  0.37330028]
 [-0.25184685  0.51497424  0.12873137]
 [-0.46118498  0.46279567  0.        ]]
[[ 0.          0.          0.6105102 ]
 [ 0.09400193  0.07060561  0.59067047]
 [ 0.30933112  0.05930337  0.21727055]
 [ 0.5761626  -0.16351616  0.24541035]
 [ 0.6435686  -0.12402076  0.12182605]
 [-0.09422886 -0.0703408   0.63032687]
 [-0.20463204  0.0900574   0.31557184]
 [-0.09061509 -0.24178642  0.26669496]
 [-0.09738408 -0.1929101   0.16956297]
 [-0.13888806  0.19162989  0.55192465]
 [-0.2546097   0.39055568  0.4329509 ]
 [-0.3995614   0.45461026  0.38298723]
 [-0.36223567  0.5001      0.48238677]
 [-0.33427536  0.2873972   0.4847624 ]
 [-0.28086936  0.18882632  0.22268224]
 [-0.25095576  0.24364966  0.01629072]
 [-0.1517989   0.46722308  0.3719072 ]
 [-0.22896123  0.5123785   0.13877565]
 [-0.4409111   0.47562388  0.        ]]
[[ 0.          0.          0.62081915]
 [ 0.09889354  0.06694359  0.60530865]
 [ 0.299669    0.09534314  0.21721342]
 [ 0.52843297 -0.1531403   0.24085581]
 [ 0.59368783 -0.11115569  0.11017644]
 [-0.09913218 -0.06667444  0.6362505 ]
 [-0.21463607  0.11335799  0.31529894]
 [-0.13304372 -0.22611636  0.24354765]
 [-0.14578083 -0.15963352  0.14487576]
 [-0.13119715  0.19963044  0.55419064]
 [-0.23173445  0.4038194   0.41729665]
 [-0.36803508  0.46965566  0.3679251 ]
 [-0.332905    0.51457345  0.46926704]
 [-0.32313043  0.30732533  0.46612772]
 [-0.2829502   0.21661176  0.19820818]
 [-0.24300575  0.28675306  0.        ]
 [-0.12437367  0.46916375  0.36585638]
 [-0.19965762  0.50854397  0.14424804]
 [-0.41312665  0.4814359   0.00391173]]
