[[ 0.          0.          0.670862  ]
 [ 0.01239254 -0.12389655  0.6576158 ]
 [-0.0523107   0.04124138  0.33593807]
 [-0.32366627  0.11779481  0.11942875]
 [-0.2073533   0.1720103   0.        ]
 [-0.01251417  0.12361115  0.68352705]
 [ 0.33917248  0.07058726  0.53026706]
 [ 0.05319129 -0.02327758  0.19893053]
 [ 0.20170864 -0.08954334  0.05148822]
 [ 0.03560156  0.01634043  0.9008181 ]
 [ 0.05637897 -0.01344311  1.1579119 ]
 [ 0.14844406 -0.03877461  1.2619419 ]
 [ 0.11907339 -0.04322654  1.3770416 ]
 [-0.00846624  0.12046477  1.1077826 ]
 [-0.17554545  0.30638146  1.0135812 ]
 [-0.2704318   0.34782445  0.7684591 ]
 [ 0.09960122 -0.14828685  1.113187  ]
 [ 0.25355676 -0.2549788   0.90405715]
 [ 0.3367986  -0.08318517  1.0471444 ]]
[[ 0.          0.          0.6155795 ]
 [ 0.02229617 -0.11922689  0.6006477 ]
 [-0.10391198  0.06165639  0.30140713]
 [-0.4166362   0.1077854   0.14206618]
 [-0.3553887   0.1904771   0.01810235]
 [-0.02236276  0.11886671  0.6297885 ]
 [ 0.32712677  0.08638713  0.4877666 ]
 [ 0.24075994  0.01463491  0.07527864]
 [ 0.41677085 -0.03064811  0.        ]
 [ 0.02669006  0.00917324  0.84964764]
 [ 0.04217112 -0.01656854  1.10696   ]
 [ 0.13344014 -0.02816457  1.2022358 ]
 [ 0.10422696 -0.03568411  1.3203061 ]
 [-0.03923374  0.11136761  1.0651515 ]
 [-0.21469688  0.28834975  1.0049896 ]
 [-0.2982161   0.3274169   0.7582905 ]
 [ 0.10015798 -0.15099978  1.063319  ]
 [ 0.2701688  -0.25081232  0.87384695]
 [ 0.33198    -0.07550371  1.0461516 ]]
[[ 0.          0.          0.56670606]
 [ 0.02989744 -0.11442032  0.5526935 ]
 [-0.097257    0.09138322  0.2447199 ]
 [-0.45090166  0.1324834   0.2569756 ]
 [-0.44465327  0.24544543  0.17022339]
 [-0.02986119  0.11403628  0.57998073]
 [ 0.31540927  0.13461573  0.408139  ]
 [ 0.40304315  0.13237983  0.01625705]
 [ 0.58856416  0.10938233  0.        ]
 [ 0.01775077  0.00477482  0.8006525 ]
 [ 0.03036269 -0.01314822  1.0581026 ]
 [ 0.12429732 -0.01431823  1.1489185 ]
 [ 0.09401568 -0.02376771  1.2662306 ]
 [-0.05770466  0.11582106  1.0163919 ]
 [-0.24114901  0.26319933  0.94712734]
 [-0.2950445   0.2903809   0.69737816]
 [ 0.09811488 -0.14588526  1.0143878 ]
 [ 0.26612425 -0.25970063  0.8244208 ]
 [ 0.34668043 -0.07076785  0.9751846 ]]
[[ 0.          0.          0.60295236]
 [ 0.03499538 -0.11255021  0.58956707]
 [-0.05824086  0.07564417  0.25829223]
 [-0.39027753  0.13354462  0.42195347]
 [-0.43606362  0.26084304  0.4079094 ]
 [-0.03487954  0.11212995  0.6157042 ]
 [ 0.3130486   0.18978962  0.40780228]
 [ 0.4038356   0.22390696  0.01327676]
 [ 0.587901    0.21630347  0.        ]
 [ 0.01363223  0.01156022  0.8324586 ]
 [ 0.02877001  0.00348097  1.0884305 ]
 [ 0.12987006  0.0030607   1.1771914 ]
 [ 0.097065   -0.005135    1.2946187 ]
 [-0.06173433  0.13060382  1.0394614 ]
 [-0.23400712  0.24565107  0.9144064 ]
 [-0.21861589  0.25693372  0.665696  ]
 [ 0.10166812 -0.12961233  1.0454305 ]
 [ 0.23425072 -0.25829735  0.8274223 ]
 [ 0.3715642  -0.06975099  0.8834568 ]]
[[ 0.          0.          0.67112195]
 [ 0.03764325 -0.11303952  0.6601455 ]
 [ 0.01841556  0.04190528  0.3182916 ]
 [-0.3100251   0.06042319  0.5527313 ]
 [-0.38117623  0.20538706  0.5822488 ]
 [-0.03754839  0.11267245  0.68168235]
 [ 0.28752303  0.2180548   0.43752462]
 [ 0.28814667  0.25914067  0.03330982]
 [ 0.47452796  0.2615824   0.        ]
 [ 0.01015956  0.02145465  0.8912693 ]
 [ 0.0300143   0.02284187  1.1426224 ]
 [ 0.13099459  0.01754129  1.2368557 ]
 [ 0.09729384  0.00956279  1.3550014 ]
 [-0.06034552  0.15062442  1.0855372 ]
 [-0.17543074  0.2821561   0.9070978 ]
 [-0.07104504  0.30366474  0.7089028 ]
 [ 0.09798542 -0.11385199  1.1041399 ]
 [ 0.1717273  -0.2710885   0.87999994]
 [ 0.3408419  -0.11999453  0.8246752 ]]
[[ 0.00000000e+00  0.00000000e+00  7.25055158e-01]
 [ 3.56633440e-02 -1.19135052e-01  7.17000365e-01]
 [ 1.26707926e-01  1.08159781e-02  3.82681459e-01]
 [-2.48464197e-01 -5.28216362e-04  5.97157717e-01]
 [-3.17504257e-01  1.44166321e-01  6.06903911e-01]
 [-3.55506763e-02  1.18903242e-01  7.32837915e-01]
 [ 2.34857932e-01  2.58221686e-01  4.46038663e-01]
 [ 1.46662951e-01  3.07998061e-01  5.27768135e-02]
 [ 3.39586377e-01  3.12528700e-01  0.00000000e+00]
 [ 1.97159220e-02  4.74056005e-02  9.38998282e-01]
 [ 4.76386882e-02  6.53581619e-02  1.18829095e+00]
 [ 1.45395890e-01  5.27527928e-02  1.29161382e+00]
 [ 1.12328745e-01  4.44720387e-02  1.40612221e+00]
 [-3.95652652e-02  2.01493502e-01  1.12153935e+00]
 [-8.87957811e-02  3.34839731e-01  9.06352520e-01]
 [ 8.31945166e-02  3.57558191e-01  7.81564415e-01]
 [ 1.07005700e-01 -7.85897672e-02  1.15526509e+00]
 [ 1.16838247e-01 -2.54144132e-01  9.32773769e-01]
 [ 2.81047046e-01 -1.24982238e-01  8.08256507e-01]]
[[ 0.          0.          0.70276856]
 [ 0.03646232 -0.1225271   0.69527036]
 [ 0.29477322 -0.03103241  0.45794067]
 [-0.12687634 -0.13496807  0.39629212]
 [-0.08403617 -0.06962684  0.28293622]
 [-0.03627774  0.12255435  0.7102314 ]
 [ 0.07266051  0.32844305  0.37450454]
 [-0.13840058  0.3749318   0.08630109]
 [ 0.02340214  0.39200783  0.        ]
 [ 0.03168186  0.05583169  0.9145695 ]
 [ 0.0537027   0.06594342  1.1664147 ]
 [ 0.14451785  0.05277902  1.2721484 ]
 [ 0.10653491  0.03883928  1.3828543 ]
 [-0.0042112   0.20956776  1.09516   ]
 [ 0.10912737  0.34790707  0.8716659 ]
 [ 0.27504036  0.2595718   0.93142796]
 [ 0.0948308  -0.09044468  1.1406156 ]
 [-0.03666398 -0.22876662  0.94146585]
 [ 0.04216318 -0.1614658   0.74724394]]
[[ 0.          0.          0.6280332 ]
 [ 0.03368682 -0.11228167  0.6226429 ]
 [ 0.34991947  0.02699578  0.5120556 ]
 [ 0.16276723 -0.08457124  0.12995464]
 [ 0.31377032 -0.0416649   0.01359951]
 [-0.03355254  0.11234333  0.63362175]
 [-0.0797247   0.3072315   0.3356369 ]
 [-0.41456616  0.30453336  0.13724801]
 [-0.36667708  0.31349856  0.        ]
 [ 0.02202897  0.04112536  0.84972095]
 [ 0.02191846  0.02397811  1.104986  ]
 [ 0.11738962  0.02442294  1.1980186 ]
 [ 0.08401582  0.0167402   1.3156703 ]
 [-0.0053231   0.17136014  1.0406065 ]
 [ 0.20411153  0.2814134   0.8827218 ]
 [ 0.2641884   0.13974029  1.039895  ]
 [ 0.03527174 -0.11864683  1.0786443 ]
 [-0.18794823 -0.17635939  0.9718094 ]
 [-0.2138056  -0.1462024   0.79983914]]
[[ 0.          0.          0.6201847 ]
 [ 0.03272762 -0.10442184  0.61839515]
 [ 0.33323115 -0.02312793  0.47215658]
 [ 0.29853612 -0.09658128  0.06288165]
 [ 0.46404195 -0.0473181   0.        ]
 [-0.03258391  0.1044897   0.62231916]
 [-0.17726412  0.24143447  0.32987833]
 [-0.5229683   0.23663317  0.21660385]
 [-0.55253077  0.26358783  0.09051692]
 [ 0.00872392  0.02716929  0.84534186]
 [ 0.00158302  0.01223674  1.099098  ]
 [ 0.09571546  0.00946546  1.1915606 ]
 [ 0.06219243  0.0029248   1.3055573 ]
 [-0.01572912  0.15897411  1.0318909 ]
 [ 0.209241    0.2423074   0.89795494]
 [ 0.2633553   0.11904216  1.0769706 ]
 [ 0.00870294 -0.11595419  1.0869198 ]
 [-0.24562216 -0.12057918  1.0682809 ]
 [-0.21621642 -0.10627492  0.8810886 ]]
[[ 0.          0.          0.592416  ]
 [ 0.03618979 -0.10640788  0.59338707]
 [ 0.35634464  0.03864908  0.39930928]
 [ 0.45001084  0.03424388  0.01989603]
 [ 0.6205331   0.09348398  0.        ]
 [-0.03613554  0.10645555  0.5919318 ]
 [-0.16990164  0.169774    0.25357655]
 [-0.57162696  0.0674049   0.3220553 ]
 [-0.6409291   0.08753009  0.24428886]
 [ 0.01752162  0.02749205  0.81858796]
 [ 0.01490022  0.00941604  1.070854  ]
 [ 0.11178572 -0.00911993  1.1681671 ]
 [ 0.07763611 -0.01654768  1.2777507 ]
 [-0.00581052  0.15324706  1.0089014 ]
 [ 0.17833363  0.25658825  0.84756106]
 [ 0.3049986   0.1859535   0.9582411 ]
 [ 0.02685186 -0.11862162  1.0463121 ]
 [-0.1750564  -0.14243495  0.97169036]
 [-0.15789677 -0.11007239  0.7785529 ]]
[[ 0.          0.          0.6276363 ]
 [ 0.03265321 -0.11244139  0.63223326]
 [ 0.34219044  0.05408905  0.38478366]
 [ 0.41873652  0.10242742  0.00310946]
 [ 0.6130737   0.16344702  0.        ]
 [-0.03264082  0.1124024   0.62351257]
 [-0.09791705  0.1168173   0.25887704]
 [-0.49230263 -0.04692465  0.4598622 ]
 [-0.6042776  -0.02585322  0.4564701 ]
 [ 0.02529409  0.03594077  0.8551636 ]
 [ 0.03257414  0.0239141   1.1066082 ]
 [ 0.13922895 -0.00775695  1.2008471 ]
 [ 0.11216763 -0.01496154  1.3127148 ]
 [ 0.01017378  0.16696924  1.043694  ]
 [ 0.13949603  0.29590172  0.84079427]
 [ 0.28922287  0.24448177  0.8032779 ]
 [ 0.037683   -0.11417529  1.0792954 ]
 [-0.08536609 -0.19897714  0.92444867]
 [-0.00983208 -0.12062696  0.75357044]]
[[ 0.          0.          0.69534135]
 [ 0.02662091 -0.11861421  0.70310897]
 [ 0.31152737  0.06733957  0.42108348]
 [ 0.28503007  0.11989403  0.02295738]
 [ 0.48320892  0.18409276  0.        ]
 [-0.02661003  0.11851583  0.6879442 ]
 [ 0.00848791  0.06879455  0.30042604]
 [-0.39282393 -0.14245746  0.5314619 ]
 [-0.5220728  -0.132688    0.54547215]
 [ 0.03467308  0.03771102  0.91745055]
 [ 0.05309721  0.02429146  1.1691935 ]
 [ 0.15699303 -0.00469232  1.2664495 ]
 [ 0.13099453 -0.01515377  1.3789892 ]
 [ 0.02380951  0.1693033   1.1015799 ]
 [ 0.09277013  0.31627822  0.8808867 ]
 [ 0.19162871  0.31975877  0.7239845 ]
 [ 0.05239929 -0.12358329  1.1397065 ]
 [-0.03778542 -0.2580903   0.9397902 ]
 [ 0.06566924 -0.21593192  0.7891229 ]]
[[ 0.          0.          0.7089593 ]
 [ 0.01993414 -0.11242586  0.7181636 ]
 [ 0.24312028  0.08859487  0.41220573]
 [ 0.1425114   0.18219787  0.04530191]
 [ 0.33273333  0.24073201  0.        ]
 [-0.01989935  0.11230056  0.69998765]
 [ 0.13591781  0.04362047  0.32921094]
 [-0.27977097 -0.16296887  0.5195091 ]
 [-0.4076988  -0.14220849  0.48096973]
 [ 0.04361507  0.04094289  0.9289049 ]
 [ 0.06228577  0.01607713  1.1817164 ]
 [ 0.15583023 -0.01325876  1.2871232 ]
 [ 0.12516457 -0.0230239   1.3972743 ]
 [ 0.03217275  0.15563565  1.1093764 ]
 [ 0.03863436  0.33159012  0.90264046]
 [ 0.10308717  0.38424706  0.6892158 ]
 [ 0.06103009 -0.12907958  1.1500907 ]
 [ 0.01292297 -0.2980709   0.9388143 ]
 [ 0.17045677 -0.19170722  0.84578824]]
[[ 0.          0.          0.658471  ]
 [ 0.01353184 -0.12114587  0.6494028 ]
 [-0.01737444  0.0725148   0.32917356]
 [-0.2668135   0.18371406  0.10081124]
 [-0.1245115   0.24649319  0.        ]
 [-0.0136001   0.12086964  0.66705143]
 [ 0.33154655  0.06378837  0.48381454]
 [ 0.002158   -0.01294711  0.28121102]
 [ 0.08207109 -0.02810669  0.12879807]
 [ 0.02681525  0.0222216   0.8866242 ]
 [ 0.03748977 -0.0041396   1.1435475 ]
 [ 0.12502387 -0.02813977  1.2535988 ]
 [ 0.09000048 -0.03074294  1.3665688 ]
 [-0.01507965  0.13629803  1.0828305 ]
 [-0.15204313  0.33745232  0.96958196]
 [-0.2045519   0.374394    0.71297455]
 [ 0.07367837 -0.14523122  1.1035104 ]
 [ 0.19728756 -0.2861749   0.90438944]
 [ 0.3027504  -0.1264678   1.0017416 ]]
[[ 0.          0.          0.5910046 ]
 [ 0.01756857 -0.11506141  0.574964  ]
 [-0.10437334  0.09080577  0.29947385]
 [-0.42026785  0.15315104  0.14033657]
 [-0.3622236   0.24475157  0.0162077 ]
 [-0.01757976  0.11470119  0.6063192 ]
 [ 0.34177542  0.08083769  0.47331238]
 [ 0.25156128  0.05610335  0.08047062]
 [ 0.4226272   0.02617878  0.        ]
 [ 0.02038435  0.01309852  0.82471776]
 [ 0.02752914 -0.00981486  1.0826279 ]
 [ 0.11631858 -0.02334732  1.1827637 ]
 [ 0.07922853 -0.02967298  1.2981863 ]
 [-0.04520883  0.11978573  1.0310943 ]
 [-0.21303546  0.3022637   0.96405566]
 [-0.27337998  0.33402008  0.7190566 ]
 [ 0.0835368  -0.14689487  1.0462874 ]
 [ 0.23914436 -0.2784521   0.87096065]
 [ 0.3058467  -0.10362902  1.0187154 ]]
[[ 0.          0.          0.5792028 ]
 [ 0.02525344 -0.10959407  0.56441325]
 [-0.10058678  0.09835428  0.2670808 ]
 [-0.46058375  0.14883906  0.24799821]
 [-0.47315156  0.2788256   0.15001291]
 [-0.0251888   0.10922667  0.59324664]
 [ 0.33163095  0.11972488  0.42930883]
 [ 0.3905105   0.14601776  0.02663994]
 [ 0.57418346  0.12832776  0.        ]
 [ 0.01420003  0.01252063  0.80887043]
 [ 0.01966861 -0.00174871  1.0655158 ]
 [ 0.1107467  -0.00626659  1.1634268 ]
 [ 0.07204787 -0.01931089  1.2766092 ]
 [-0.05978429  0.12609452  1.0113338 ]
 [-0.22863835  0.27930838  0.92773247]
 [-0.25345874  0.29586247  0.6838772 ]
 [ 0.08654882 -0.13820273  1.0295746 ]
 [ 0.23899579 -0.2811199   0.8584187 ]
 [ 0.3257262  -0.09108075  0.98941207]]
[[ 0.          0.          0.5967812 ]
 [ 0.03213605 -0.10900838  0.58332163]
 [-0.06673905  0.07374495  0.25476432]
 [-0.40999508  0.13099524  0.3914281 ]
 [-0.47322202  0.27567202  0.35056248]
 [-0.03200331  0.10861426  0.609617  ]
 [ 0.32238626  0.1895141   0.40254867]
 [ 0.39649636  0.24611032  0.01134092]
 [ 0.5793018   0.23785457  0.        ]
 [ 0.00782362  0.01643959  0.8202654 ]
 [ 0.01581267  0.01418251  1.0750785 ]
 [ 0.10738483  0.01075602  1.1752913 ]
 [ 0.0661401  -0.00456536  1.2850535 ]
 [-0.06452535  0.1421302   1.0162764 ]
 [-0.21215773  0.26436752  0.87712854]
 [-0.15353176  0.2699345   0.64736325]
 [ 0.08456124 -0.12171596  1.0371113 ]
 [ 0.19449753 -0.2843959   0.84392667]
 [ 0.343776   -0.1048727   0.8851356 ]]
[[ 0.          0.          0.66336334]
 [ 0.03547987 -0.10909507  0.6508143 ]
 [ 0.03000085  0.03818044  0.3148771 ]
 [-0.31740385  0.05869786  0.5255859 ]
 [-0.4110943   0.21720235  0.5262612 ]
 [-0.03533009  0.10877116  0.6755243 ]
 [ 0.28868932  0.22398706  0.42276075]
 [ 0.2621672   0.28578     0.03146899]
 [ 0.44245413  0.29069006  0.        ]
 [ 0.00704381  0.03093134  0.8790139 ]
 [ 0.02230303  0.03846431  1.1299403 ]
 [ 0.11566474  0.02911395  1.231811  ]
 [ 0.07529563  0.02002633  1.3441279 ]
 [-0.0583782   0.16841894  1.0660392 ]
 [-0.1402877   0.2978913   0.8668146 ]
 [ 0.01827283  0.30626738  0.6851717 ]
 [ 0.08728202 -0.09684169  1.0934211 ]
 [ 0.13746637 -0.28356946  0.8886597 ]
 [ 0.31327355 -0.14725956  0.80557084]]
[[ 0.          0.          0.6871119 ]
 [ 0.03495526 -0.11778235  0.6769455 ]
 [ 0.13243699 -0.03746691  0.3322123 ]
 [-0.2703815  -0.08268873  0.50779843]
 [-0.371436    0.05871037  0.47384572]
 [-0.03478451  0.11760303  0.6970774 ]
 [ 0.21985734  0.27715868  0.40729702]
 [ 0.09932774  0.35647085  0.05305398]
 [ 0.28535837  0.35384014  0.        ]
 [ 0.01774906  0.05532515  0.897192  ]
 [ 0.03630829  0.06932485  1.1466358 ]
 [ 0.1258264   0.05559808  1.2572978 ]
 [ 0.08917082  0.04352736  1.364353  ]
 [-0.03622724  0.20926797  1.0735152 ]
 [-0.0371809   0.33876586  0.8496046 ]
 [ 0.16447449  0.31949002  0.76466036]
 [ 0.08826644 -0.07294405  1.1143229 ]
 [ 0.06526837 -0.25805843  0.90428054]
 [ 0.22137544 -0.17167985  0.75020236]]
[[ 0.00000000e+00  0.00000000e+00  6.48724139e-01]
 [ 3.24220508e-02 -1.20595932e-01  6.40466392e-01]
 [ 3.01911622e-01 -3.93310636e-02  4.08757627e-01]
 [-1.08575746e-01 -1.36629313e-01  2.93538123e-01]
 [-7.29519650e-02 -6.73246086e-02  1.81854427e-01]
 [-3.22611481e-02  1.20652594e-01  6.56939685e-01]
 [ 5.50137982e-02  3.36099952e-01  3.24703306e-01]
 [-2.09649742e-01  4.07917321e-01  1.00565493e-01]
 [-5.87281287e-02  4.16211933e-01  0.00000000e+00]
 [ 2.87480988e-02  6.04208708e-02  8.58383000e-01]
 [ 4.29625995e-02  7.09025562e-02  1.10916531e+00]
 [ 1.30298704e-01  5.22276759e-02  1.22276282e+00]
 [ 8.69315714e-02  3.63659859e-02  1.32659721e+00]
 [-7.94231892e-06  2.17005342e-01  1.03434873e+00]
 [ 1.40779629e-01  3.42160106e-01  8.14132571e-01]
 [ 2.86523730e-01  2.04285339e-01  9.14627790e-01]
 [ 7.15593174e-02 -8.92233551e-02  1.08198202e+00]
 [-9.15677994e-02 -2.42150426e-01  9.31571424e-01]
 [ 1.22590065e-02 -1.57567665e-01  7.56355941e-01]]
[[ 0.00000000e+00  0.00000000e+00  6.17583036e-01]
 [ 1.88230872e-02 -1.14237383e-01  6.14028335e-01]
 [ 3.52154076e-01  3.81605327e-03  4.70502079e-01]
 [ 1.63812831e-01 -7.51900971e-02  1.04056895e-01]
 [ 3.11907977e-01 -3.51148248e-02  0.00000000e+00]
 [-1.87219605e-02  1.14377856e-01  6.21338010e-01]
 [-1.18937105e-01  2.98686951e-01  3.34132880e-01]
 [-4.60778594e-01  3.53159934e-01  1.90228283e-01]
 [-4.34633613e-01  3.51046354e-01  4.00694013e-02]
 [ 9.02954116e-03  4.52960432e-02  8.40573013e-01]
 [ 1.07306987e-03  4.44709063e-02  1.09570909e+00]
 [ 1.03767365e-01  1.31657720e-02  1.19328260e+00]
 [ 6.00851886e-02  5.14823198e-03  1.29965591e+00]
 [ 6.89654052e-03  1.94232941e-01  1.02432120e+00]
 [ 2.32284978e-01  2.73389637e-01  8.73293459e-01]
 [ 2.65350997e-01  1.31064385e-01  1.05001974e+00]
 [-1.67808719e-02 -1.00826502e-01  1.08520162e+00]
 [-2.70067632e-01 -1.71902001e-01  1.06288695e+00]
 [-1.93363577e-01 -1.38686374e-01  8.63852859e-01]]
[[ 0.          0.          0.6268517 ]
 [ 0.0176198  -0.10704494  0.62470365]
 [ 0.34068078 -0.02759901  0.46549028]
 [ 0.29697773 -0.06430626  0.06628859]
 [ 0.46162593 -0.0209918   0.        ]
 [-0.01751418  0.10718302  0.629356  ]
 [-0.17424169  0.22746968  0.33500502]
 [-0.54248166  0.24663705  0.28754812]
 [-0.59353316  0.27712965  0.16158527]
 [-0.001477    0.03300253  0.853245  ]
 [-0.00994184  0.03616661  1.1066273 ]
 [ 0.09563896 -0.01084018  1.1961052 ]
 [ 0.06090925 -0.01354539  1.3037808 ]
 [ 0.01519725  0.1805569   1.0380874 ]
 [ 0.23717909  0.24713266  0.8914913 ]
 [ 0.29498246  0.13588476  1.0701543 ]
 [-0.04672764 -0.09439909  1.1012249 ]
 [-0.29267353 -0.14350617  1.1135628 ]
 [-0.21792194 -0.11851272  0.91815144]]
[[ 0.          0.          0.60109246]
 [ 0.0218418  -0.10328954  0.59978175]
 [ 0.35068083  0.02980787  0.40998703]
 [ 0.4179694   0.06493288  0.02484649]
 [ 0.58933353  0.11494309  0.        ]
 [-0.02179218  0.10339338  0.60286385]
 [-0.16300455  0.15238607  0.27055955]
 [-0.5559712   0.06440315  0.36470148]
 [-0.6555741   0.10092968  0.30370095]
 [ 0.00778174  0.030154    0.82796705]
 [ 0.00442762  0.02493724  1.0782827 ]
 [ 0.11031362 -0.02753609  1.1693308 ]
 [ 0.0761213  -0.03388834  1.272592  ]
 [ 0.02250897  0.16422027  1.0132785 ]
 [ 0.20479974  0.25708705  0.8418025 ]
 [ 0.3351571   0.1731576   0.9458101 ]
 [-0.02798866 -0.10139322  1.0675024 ]
 [-0.25882226 -0.15132299  1.0513194 ]
 [-0.17020355 -0.1366161   0.8639845 ]]
[[ 0.          0.          0.6311511 ]
 [ 0.02577965 -0.11183179  0.6304319 ]
 [ 0.3428762   0.07042369  0.39607197]
 [ 0.36417675  0.13920194  0.01742291]
 [ 0.5651989   0.19435507  0.        ]
 [-0.02573463  0.11185047  0.6323092 ]
 [-0.07060526  0.12067667  0.2610903 ]
 [-0.45143464 -0.0404164   0.45412666]
 [-0.5821401  -0.01255772  0.45404512]
 [ 0.02342635  0.03392538  0.85638976]
 [ 0.03340665  0.02375314  1.1068872 ]
 [ 0.1419994  -0.02437955  1.2024598 ]
 [ 0.10318275 -0.03262103  1.3074434 ]
 [ 0.03463572  0.1641975   1.0429268 ]
 [ 0.16292718  0.28554162  0.8388885 ]
 [ 0.3357561   0.24360856  0.7963196 ]
 [ 0.00929204 -0.10907355  1.0908872 ]
 [-0.18355918 -0.17740802  1.0155804 ]
 [-0.08609292 -0.16869107  0.828908  ]]
[[ 0.          0.          0.6770271 ]
 [ 0.02552745 -0.11387118  0.6821202 ]
 [ 0.2822135   0.1155881   0.39855745]
 [ 0.21285114  0.20726398  0.03908676]
 [ 0.41765207  0.27234536  0.        ]
 [-0.02551065  0.11375468  0.6722588 ]
 [ 0.0861935   0.05307668  0.29327267]
 [-0.32310548 -0.13624853  0.49784628]
 [-0.4564916  -0.11233732  0.48287785]
 [ 0.03485537  0.03507265  0.89959425]
 [ 0.05131767  0.01313561  1.1507572 ]
 [ 0.1547915  -0.03050721  1.254012  ]
 [ 0.11297099 -0.04317629  1.3590741 ]
 [ 0.03465431  0.15439302  1.083086  ]
 [ 0.08125356  0.309001    0.8679803 ]
 [ 0.19448942  0.34868023  0.67683244]
 [ 0.03653118 -0.12863821  1.1241153 ]
 [-0.06057584 -0.28864887  0.95497745]
 [ 0.1069411  -0.20165169  0.82628995]]
[[ 0.          0.          0.67460287]
 [ 0.01691352 -0.11983567  0.67829144]
 [ 0.12637812  0.09511445  0.35242948]
 [-0.06704688  0.23338935  0.06810683]
 [ 0.11411047  0.29535288  0.        ]
 [-0.01695747  0.11967013  0.6708896 ]
 [ 0.26579854  0.0556604   0.36896247]
 [-0.1617752  -0.06880207  0.4156562 ]
 [-0.21399988 -0.05150139  0.31125164]
 [ 0.03483944  0.03434582  0.901504  ]
 [ 0.05102775  0.00722155  1.1544799 ]
 [ 0.14373158 -0.02639824  1.2647811 ]
 [ 0.09526435 -0.0318625   1.370883  ]
 [ 0.02421477  0.15205279  1.0882993 ]
 [-0.02483177  0.3405202   0.8935255 ]
 [ 0.03284786  0.3877825   0.6607845 ]
 [ 0.05192128 -0.14015931  1.1217046 ]
 [ 0.02625865 -0.3361187   0.9372792 ]
 [ 0.21883976 -0.21544853  0.8862146 ]]
[[ 0.          0.          0.59381086]
 [ 0.01214364 -0.114411    0.5812853 ]
 [-0.10667194  0.08613147  0.2951181 ]
 [-0.4033341   0.18194947  0.1138491 ]
 [-0.31836587  0.26416385  0.        ]
 [-0.01220148  0.1140917   0.60566473]
 [ 0.35634094  0.0587902   0.45782146]
 [ 0.1436229   0.03655934  0.13167676]
 [ 0.2917877   0.00934058  0.01940429]
 [ 0.01969559  0.01142085  0.82792383]
 [ 0.02649557 -0.01563016  1.0860595 ]
 [ 0.11345322 -0.03569537  1.1885655 ]
 [ 0.06799049 -0.03430331  1.3018444 ]
 [-0.03173587  0.11612684  1.0313824 ]
 [-0.18144044  0.31284893  0.9381527 ]
 [-0.20313862  0.3300232   0.68711454]
 [ 0.06996654 -0.1522156   1.0461733 ]
 [ 0.1907818  -0.29532495  0.8551271 ]
 [ 0.30333233 -0.13202265  0.964985  ]]
[[ 0.          0.          0.57200766]
 [ 0.02095342 -0.10576801  0.55958706]
 [-0.12320763  0.1120261   0.27558556]
 [-0.47669637  0.17222142  0.20753077]
 [-0.47461516  0.2950491   0.11934057]
 [-0.02093054  0.10539273  0.5836671 ]
 [ 0.34677064  0.09189329  0.439268  ]
 [ 0.36193627  0.10838383  0.04079074]
 [ 0.544643    0.08901173  0.        ]
 [ 0.01566109  0.00446332  0.8051715 ]
 [ 0.02152212 -0.01961643  1.0624872 ]
 [ 0.10902406 -0.0295158   1.1574347 ]
 [ 0.06478064 -0.03404623  1.2719522 ]
 [-0.05038637  0.10640419  1.013288  ]
 [-0.21788096  0.28340822  0.93882084]
 [-0.2210306   0.29709783  0.69058126]
 [ 0.07970767 -0.15184802  1.0219188 ]
 [ 0.22473383 -0.29500076  0.83553296]
 [ 0.33288628 -0.10998085  0.95398986]]
[[ 0.00000000e+00  0.00000000e+00  5.67131758e-01]
 [ 2.91515365e-02 -1.01587884e-01  5.54816246e-01]
 [-1.03708088e-01  1.05558619e-01  2.46786296e-01]
 [-4.60205734e-01  1.63389891e-01  3.20877910e-01]
 [-5.03668308e-01  2.98859358e-01  2.78381437e-01]
 [-2.90606618e-02  1.01163529e-01  5.78716338e-01]
 [ 3.26916754e-01  1.41393825e-01  3.91177624e-01]
 [ 4.39251125e-01  1.75132692e-01  5.99980354e-03]
 [ 6.19185805e-01  1.63747728e-01  0.00000000e+00]
 [ 9.70277749e-03 -2.98485160e-04  7.97357202e-01]
 [ 1.79580525e-02 -1.52631998e-02  1.05340838e+00]
 [ 1.07384905e-01 -2.19604969e-02  1.15068436e+00]
 [ 6.16417304e-02 -2.92952061e-02  1.26167953e+00]
 [-6.15400597e-02  1.08571500e-01  1.00071025e+00]
 [-2.31952757e-01  2.41905361e-01  8.88258517e-01]
 [-1.89662516e-01  2.52245158e-01  6.50394499e-01]
 [ 8.40965360e-02 -1.44587547e-01  1.01074052e+00]
 [ 2.06183106e-01 -2.91114271e-01  8.07254732e-01]
 [ 3.46825004e-01 -1.02137625e-01  8.81964803e-01]]
[[ 0.0000000e+00  0.0000000e+00  5.9600520e-01]
 [ 3.0623779e-02 -1.0271740e-01  5.8406341e-01]
 [-5.8737040e-02  8.4384531e-02  2.6431060e-01]
 [-4.0102762e-01  1.2577140e-01  4.4125891e-01]
 [-4.7635996e-01  2.7019659e-01  4.4023710e-01]
 [-3.0488148e-02  1.0228110e-01  6.0737056e-01]
 [ 3.1742615e-01  1.8388423e-01  3.9751109e-01]
 [ 3.9121222e-01  2.1707559e-01  9.5051527e-03]
 [ 5.7371855e-01  2.1011847e-01  0.0000000e+00]
 [ 7.5967135e-03  6.7667663e-03  8.2332033e-01]
 [ 2.0184783e-02 -8.7171793e-05  1.0779564e+00]
 [ 1.1165571e-01 -1.4151096e-02  1.1794063e+00]
 [ 6.3291416e-02 -1.9378781e-02  1.2884892e+00]
 [-5.6180999e-02  1.2691373e-01  1.0218823e+00]
 [-1.9009364e-01  2.5772247e-01  8.6624229e-01]
 [-7.4366257e-02  2.7749619e-01  6.5484565e-01]
 [ 8.2731918e-02 -1.3260397e-01  1.0371459e+00]
 [ 1.6119984e-01 -2.9379711e-01  8.2034039e-01]
 [ 3.3629942e-01 -1.3292679e-01  8.1575871e-01]]
[[ 0.0000000e+00  0.0000000e+00  6.6059500e-01]
 [ 2.7978756e-02 -1.1204997e-01  6.4797878e-01]
 [ 4.3759450e-02  2.2226125e-02  3.1226498e-01]
 [-3.3499253e-01  7.3032975e-03  5.2701509e-01]
 [-4.3186709e-01  1.5782048e-01  5.3482914e-01]
 [-2.7832881e-02  1.1169969e-01  6.7288160e-01]
 [ 2.7828360e-01  2.2513126e-01  4.1876709e-01]
 [ 2.4167238e-01  2.7194685e-01  3.1525671e-02]
 [ 4.3521073e-01  2.6714587e-01  0.0000000e+00]
 [ 1.5120390e-02  2.6529923e-02  8.8108593e-01]
 [ 3.6914811e-02  2.7457148e-02  1.1339164e+00]
 [ 1.2748493e-01  7.8964829e-03  1.2452769e+00]
 [ 7.8303322e-02  3.8707256e-04  1.3507648e+00]
 [-3.3404455e-02  1.6194522e-01  1.0675104e+00]
 [-9.2550904e-02  2.9933107e-01  8.6254680e-01]
 [ 9.4270661e-02  3.2741743e-01  7.3190874e-01]
 [ 8.7462820e-02 -1.1243281e-01  1.0975926e+00]
 [ 9.6613735e-02 -2.8505465e-01  8.7200797e-01]
 [ 2.7428609e-01 -1.7419326e-01  7.6630932e-01]]
[[ 0.          0.          0.6878017 ]
 [ 0.02985342 -0.12237598  0.67543936]
 [ 0.20175284 -0.02896374  0.3634966 ]
 [-0.23372477 -0.08182471  0.47564858]
 [-0.30781612  0.04829934  0.43141487]
 [-0.02968153  0.12228237  0.7000049 ]
 [ 0.18512113  0.3003441   0.39981967]
 [ 0.02883615  0.36467952  0.05757046]
 [ 0.23350434  0.3535437   0.        ]
 [ 0.03355152  0.0543794   0.8997789 ]
 [ 0.06047008  0.06489307  1.1512235 ]
 [ 0.14795786  0.03983545  1.2680936 ]
 [ 0.10247964  0.03097749  1.3695238 ]
 [ 0.00645599  0.20960733  1.0763822 ]
 [ 0.06532679  0.34287465  0.85082924]
 [ 0.27100286  0.3150793   0.8500333 ]
 [ 0.09708818 -0.08272836  1.1195714 ]
 [ 0.00250848 -0.2343449   0.8999845 ]
 [ 0.13611294 -0.16510959  0.73441136]]
[[ 0.00000000e+00  0.00000000e+00  6.42813504e-01]
 [ 1.75371245e-02 -1.23782277e-01  6.34197772e-01]
 [ 3.47862422e-01 -1.00634843e-02  4.47675020e-01]
 [ 1.13311075e-02 -9.90084410e-02  1.74982607e-01]
 [ 1.22104406e-01 -6.45700693e-02  4.61814404e-02]
 [-1.74182653e-02  1.23905197e-01  6.51526988e-01]
 [-4.70614433e-02  2.97606796e-01  3.39506865e-01]
 [-3.53858918e-01  3.58334005e-01  1.23341918e-01]
 [-2.44290471e-01  3.50517690e-01  0.00000000e+00]
 [ 2.44246013e-02  4.46143150e-02  8.66220713e-01]
 [ 3.09431236e-02  4.43944931e-02  1.12348402e+00]
 [ 1.26367018e-01  7.01773167e-03  1.23019052e+00]
 [ 7.57665858e-02 -4.75853682e-03  1.32544708e+00]
 [ 4.89600077e-02  1.90659285e-01  1.04867792e+00]
 [ 2.51252860e-01  2.71794528e-01  8.77171218e-01]
 [ 3.09770346e-01  1.23392195e-01  1.03257585e+00]
 [-2.08746642e-04 -1.05650872e-01  1.10688365e+00]
 [-2.44067490e-01 -1.80008531e-01  1.01251602e+00]
 [-1.53529957e-01 -1.44314751e-01  8.46358061e-01]]
[[ 0.          0.          0.64886856]
 [ 0.00606625 -0.1155424   0.6468073 ]
 [ 0.3461164  -0.01627758  0.4735403 ]
 [ 0.20773464 -0.07759035  0.08743876]
 [ 0.3856692  -0.0475207   0.        ]
 [-0.00601236  0.11574028  0.6512524 ]
 [-0.17562628  0.26032934  0.3864427 ]
 [-0.51188886  0.31498027  0.202559  ]
 [-0.5010716   0.32130125  0.07459188]
 [ 0.00455957  0.03594609  0.87433743]
 [ 0.00265301  0.04110324  1.1307253 ]
 [ 0.09543869 -0.01197463  1.2305945 ]
 [ 0.04869719 -0.00654304  1.3277893 ]
 [ 0.05503805  0.17882514  1.0610006 ]
 [ 0.27939105  0.23480128  0.918071  ]
 [ 0.31991005  0.1339029   1.108036  ]
 [-0.06406353 -0.08649004  1.1206608 ]
 [-0.31311172 -0.14027637  1.079047  ]
 [-0.25268602 -0.14005144  0.90215224]]
[[ 0.          0.          0.6155853 ]
 [ 0.01340809 -0.10451863  0.6128054 ]
 [ 0.33491075  0.01024717  0.42241782]
 [ 0.38159853  0.01708996  0.03570491]
 [ 0.56003684  0.06055748  0.        ]
 [-0.01336625  0.1046762   0.61885196]
 [-0.21571809  0.15605894  0.32193613]
 [-0.6062515   0.11876464  0.30307654]
 [-0.68037295  0.15079844  0.22792178]
 [ 0.00186647  0.03141382  0.8430609 ]
 [-0.00270004  0.03498399  1.0965614 ]
 [ 0.09501683 -0.02367687  1.1966467 ]
 [ 0.05379988 -0.01574868  1.2938268 ]
 [ 0.05275462  0.16110528  1.0276859 ]
 [ 0.26129818  0.21241146  0.88001704]
 [ 0.34490657  0.12012887  1.0241499 ]
 [-0.06894213 -0.07804221  1.0863304 ]
 [-0.30838364 -0.13164046  1.049345  ]
 [-0.22374475 -0.11058302  0.88260674]]
[[ 0.          0.          0.59785855]
 [ 0.01671715 -0.10221064  0.5924976 ]
 [ 0.335482    0.04681556  0.39117056]
 [ 0.39735317  0.10090756  0.01733154]
 [ 0.5895674   0.14753133  0.        ]
 [-0.01669167  0.10233048  0.60373855]
 [-0.16863033  0.10738216  0.27369735]
 [-0.5624343  -0.00577417  0.3754042 ]
 [-0.6810131   0.02409348  0.35310286]
 [ 0.01298378  0.03591581  0.8236464 ]
 [ 0.01116765  0.03037074  1.0759704 ]
 [ 0.11358488 -0.03009045  1.1780077 ]
 [ 0.0685378  -0.02251005  1.2780799 ]
 [ 0.06216723  0.15402138  1.0119995 ]
 [ 0.22946545  0.23182139  0.8321785 ]
 [ 0.37479162  0.17212257  0.87873507]
 [-0.05065298 -0.08130178  1.054132  ]
 [-0.26437783 -0.14416099  0.9861441 ]
 [-0.17019098 -0.16814688  0.820608  ]]
[[ 0.          0.          0.63221633]
 [ 0.01840367 -0.11464776  0.6276907 ]
 [ 0.31311166  0.0928731   0.40092418]
 [ 0.25903594  0.13989529  0.02898222]
 [ 0.4653293   0.19938797  0.        ]
 [-0.01837526  0.11465927  0.6372163 ]
 [-0.04097547  0.06034827  0.27335033]
 [-0.44521073 -0.13850707  0.46806726]
 [-0.5923303  -0.13373536  0.51365477]
 [ 0.02858228  0.03380254  0.8553022 ]
 [ 0.03723069  0.01763383  1.1076046 ]
 [ 0.13832693 -0.03551888  1.2183441 ]
 [ 0.08406248 -0.03145301  1.3190935 ]
 [ 0.06718203  0.15119803  1.0472857 ]
 [ 0.16170084  0.2603708   0.8218259 ]
 [ 0.30846274  0.23183265  0.70512116]
 [-0.01426165 -0.11090845  1.0741855 ]
 [-0.19689067 -0.22429022  0.9558594 ]
 [-0.04453311 -0.24772638  0.80228764]]
[[ 0.          0.          0.64147025]
 [ 0.01176487 -0.11219506  0.6412401 ]
 [ 0.22104682  0.12396228  0.35839957]
 [ 0.0851804   0.1888457   0.05328822]
 [ 0.28992206  0.25497234  0.        ]
 [-0.01180603  0.11210838  0.6420839 ]
 [ 0.10293585  0.01675576  0.27742943]
 [-0.32468086 -0.18034625  0.45889658]
 [-0.4680139  -0.19078499  0.50724506]
 [ 0.03532396  0.03301041  0.864862  ]
 [ 0.05278616  0.00902283  1.1189145 ]
 [ 0.14955583 -0.03394109  1.2335215 ]
 [ 0.09453733 -0.02789783  1.3356524 ]
 [ 0.06651997  0.14257336  1.0525482 ]
 [ 0.10025923  0.29917234  0.8381509 ]
 [ 0.25375378  0.33988994  0.644166  ]
 [ 0.00913283 -0.12455878  1.0856187 ]
 [-0.11117768 -0.30061778  0.93093514]
 [ 0.09385161 -0.28473833  0.8142649 ]]
[[ 0.00000000e+00  0.00000000e+00  5.99944115e-01]
 [-1.20351464e-03 -1.12258546e-01  5.89151204e-01]
 [-7.91902170e-02  6.93356991e-02  2.80389071e-01]
 [-3.24365377e-01  2.26091295e-01  1.00737602e-01]
 [-1.92078680e-01  3.01837653e-01  0.00000000e+00]
 [ 1.17690489e-03  1.11995511e-01  6.10288680e-01]
 [ 3.40516895e-01  3.54661942e-02  3.86360466e-01]
 [ 1.20496014e-02  1.15483105e-02  2.51876503e-01]
 [ 4.51245606e-02  2.81866491e-02  1.15699887e-01]
 [ 2.40356177e-02  1.20279640e-02  8.31959724e-01]
 [ 3.89362127e-02 -1.28470361e-02  1.08821476e+00]
 [ 1.24424167e-01 -4.31537628e-02  1.20497918e+00]
 [ 7.47750327e-02 -3.61504555e-02  1.31146455e+00]
 [ 1.52172111e-02  1.23308122e-01  1.02681923e+00]
 [-1.07256085e-01  3.32295656e-01  9.07589018e-01]
 [-5.62201142e-02  3.47885221e-01  6.59467101e-01]
 [ 4.55433130e-02 -1.53941661e-01  1.04842758e+00]
 [ 8.65179449e-02 -3.58489037e-01  8.77689838e-01]
 [ 2.61134088e-01 -2.32059196e-01  9.12392616e-01]]
[[ 0.          0.          0.56839585]
 [ 0.005202   -0.10144319  0.5567902 ]
 [-0.16567695  0.09971468  0.28712362]
 [-0.48974752  0.1987746   0.15972343]
 [-0.46708912  0.31117567  0.05573934]
 [-0.00522791  0.10110249  0.579263  ]
 [ 0.3617803   0.04636507  0.4258745 ]
 [ 0.28081155  0.09107527  0.0746119 ]
 [ 0.44005838  0.07974446  0.        ]
 [ 0.01506217  0.00220603  0.8024591 ]
 [ 0.02128527 -0.02270883  1.0602096 ]
 [ 0.10466953 -0.04364485  1.1646981 ]
 [ 0.05551659 -0.04251099  1.2733204 ]
 [-0.0323367   0.10170627  1.0064065 ]
 [-0.20250958  0.2883743   0.93664545]
 [-0.18494797  0.30057368  0.69125056]
 [ 0.06020185 -0.1557779   1.0230918 ]
 [ 0.18120128 -0.3290203   0.85835457]
 [ 0.3198259  -0.17166969  0.9564609 ]]
[[ 0.          0.          0.55582416]
 [ 0.01515342 -0.0956367   0.5446925 ]
 [-0.13980317  0.1135451   0.266502  ]
 [-0.5068539   0.17888975  0.26315677]
 [-0.54758704  0.31419873  0.1900973 ]
 [-0.01509939  0.09526101  0.5662237 ]
 [ 0.35171303  0.10136621  0.39972568]
 [ 0.42245585  0.14591044  0.02098644]
 [ 0.5984155   0.13037574  0.        ]
 [ 0.01341073 -0.00492527  0.78610396]
 [ 0.02176685 -0.02718741  1.042114  ]
 [ 0.1044087  -0.04038966  1.1438296 ]
 [ 0.05599952 -0.04586136  1.2511992 ]
 [-0.04334842  0.09337139  0.9875532 ]
 [-0.21276492  0.24560615  0.89744365]
 [-0.1664018   0.26936647  0.662122  ]
 [ 0.07509714 -0.15479824  1.0016688 ]
 [ 0.1958473  -0.32297468  0.8236491 ]
 [ 0.35033262 -0.15549514  0.90495247]]
[[ 0.00000000e+00  0.00000000e+00  5.85474372e-01]
 [ 2.38413699e-02 -9.87181440e-02  5.71903229e-01]
 [-1.07594579e-01  1.07091784e-01  2.80969203e-01]
 [-4.64944035e-01  1.69977874e-01  3.79350811e-01]
 [-5.27876556e-01  3.16700190e-01  3.56968582e-01]
 [-2.37410590e-02  9.82936025e-02  5.98379672e-01]
 [ 3.32779020e-01  1.51600212e-01  3.94557625e-01]
 [ 4.12328959e-01  1.89670503e-01  9.35763121e-03]
 [ 5.92541933e-01  1.86478704e-01  0.00000000e+00]
 [ 8.68970435e-03  9.59441066e-04  8.13848138e-01]
 [ 1.78928785e-02 -1.33976340e-02  1.06927681e+00]
 [ 1.04421802e-01 -2.85698175e-02  1.17387760e+00]
 [ 5.62915504e-02 -3.22471857e-02  1.27883387e+00]
 [-5.18088043e-02  1.08223438e-01  1.00918472e+00]
 [-2.09691405e-01  2.25803941e-01  8.72210979e-01]
 [-1.15979314e-01  2.42002249e-01  6.55212164e-01]
 [ 7.56532997e-02 -1.43298119e-01  1.02753544e+00]
 [ 1.63949996e-01 -3.15583020e-01  8.32876384e-01]
 [ 3.51973772e-01 -1.68811202e-01  8.53429914e-01]]
[[ 0.          0.          0.6410588 ]
 [ 0.02519202 -0.10537044  0.62632763]
 [-0.04639499  0.06626534  0.3141033 ]
 [-0.41116962  0.09280368  0.47394747]
 [-0.49028337  0.24697912  0.47455066]
 [-0.02506071  0.10496204  0.6553073 ]
 [ 0.31567624  0.18972188  0.42408282]
 [ 0.3050387   0.21743163  0.02692336]
 [ 0.4899184   0.22289246  0.        ]
 [ 0.00982963  0.01460296  0.8651554 ]
 [ 0.02555072  0.00867373  1.1197212 ]
 [ 0.11351017 -0.01298159  1.2308145 ]
 [ 0.06105307 -0.01279521  1.3359938 ]
 [-0.03865612  0.13506928  1.053934  ]
 [-0.14552578  0.2592137   0.8712083 ]
 [ 0.02012527  0.2928503   0.7068722 ]
 [ 0.07407301 -0.12731904  1.0795734 ]
 [ 0.11123696 -0.31031713  0.87344587]
 [ 0.31260714 -0.20016748  0.81223774]]
[[ 0.          0.          0.6617255 ]
 [ 0.02397548 -0.11800784  0.6420244 ]
 [ 0.1223121  -0.02122834  0.30058092]
 [-0.31979328 -0.04305205  0.45249322]
 [-0.4047495   0.09084652  0.41897753]
 [-0.0238019   0.11783332  0.6812635 ]
 [ 0.22036177  0.25912043  0.38724375]
 [ 0.08437341  0.34444928  0.05351126]
 [ 0.28058434  0.34182566  0.        ]
 [ 0.02908912  0.0453898   0.8765557 ]
 [ 0.05687255  0.05111906  1.1288161 ]
 [ 0.14420487  0.02210778  1.2476587 ]
 [ 0.08886335  0.0240767   1.3467202 ]
 [ 0.00861652  0.19026428  1.0512737 ]
 [ 0.02550702  0.30518562  0.8287597 ]
 [ 0.23746425  0.29886836  0.80271757]
 [ 0.08487843 -0.09404728  1.0964477 ]
 [ 0.00743142 -0.25773898  0.8857708 ]
 [ 0.15396978 -0.2231108   0.740618  ]]
[[ 0.          0.          0.6286346 ]
 [ 0.01586097 -0.12327626  0.6138029 ]
 [ 0.2978944  -0.02965388  0.3628586 ]
 [-0.12126839 -0.09837368  0.25120747]
 [-0.09460119 -0.04286283  0.12731135]
 [-0.01573251  0.12340808  0.64343864]
 [ 0.03427781  0.31579432  0.32655966]
 [-0.25893882  0.4188266   0.11411422]
 [-0.11445534  0.41695985  0.        ]
 [ 0.03180766  0.04789157  0.8486002 ]
 [ 0.04778279  0.05051911  1.1049106 ]
 [ 0.1359533   0.00914723  1.2187988 ]
 [ 0.07401823  0.01246613  1.3134499 ]
 [ 0.06039716  0.194792    1.0269035 ]
 [ 0.22005704  0.29682985  0.81644666]
 [ 0.33785194  0.16471428  0.95889175]
 [ 0.02408822 -0.09974656  1.0811642 ]
 [-0.20932528 -0.19702908  0.9740426 ]
 [-0.10020664 -0.15096043  0.82220376]]
[[ 0.          0.          0.63518983]
 [ 0.00693008 -0.11669734  0.6238538 ]
 [ 0.32841283 -0.01746131  0.43609992]
 [ 0.09266306 -0.07262516  0.10532159]
 [ 0.24895555 -0.04597449  0.        ]
 [-0.00692226  0.11696164  0.64681387]
 [-0.17406115  0.2526503   0.36577958]
 [-0.51393     0.34713382  0.17999163]
 [-0.48470318  0.34658885  0.0495559 ]
 [ 0.00263509  0.0413183   0.8592143 ]
 [-0.0053904   0.04516083  1.1157422 ]
 [ 0.0845646  -0.00927389  1.2251582 ]
 [ 0.02255121  0.0060311   1.3177345 ]
 [ 0.05608037  0.17922306  1.0460532 ]
 [ 0.28673014  0.23391563  0.90202856]
 [ 0.3299629   0.12584549  1.0762768 ]
 [-0.07675012 -0.08303866  1.0979209 ]
 [-0.33531198 -0.13307479  1.0493345 ]
 [-0.25706863 -0.12900425  0.8712307 ]]
[[ 0.0000000e+00  0.0000000e+00  6.2951922e-01]
 [ 1.0761954e-02 -9.9664636e-02  6.2173605e-01]
 [ 3.2837313e-01  2.7644038e-03  4.4580147e-01]
 [ 3.3031589e-01  1.6892195e-02  4.9853265e-02]
 [ 5.0937301e-01  5.0085604e-02  0.0000000e+00]
 [-1.0735955e-02  9.9892899e-02  6.3782454e-01]
 [-2.2750777e-01  1.7011929e-01  3.5852343e-01]
 [-6.2004232e-01  1.5132615e-01  2.9719725e-01]
 [-6.9229001e-01  1.8070035e-01  2.1140879e-01]
 [ 7.9010986e-04  3.3634052e-02  8.5411119e-01]
 [-8.7136924e-03  3.3700436e-02  1.1077482e+00]
 [ 7.8941405e-02 -2.2177935e-02  1.2197011e+00]
 [ 2.6358545e-02 -1.8001795e-03  1.3105080e+00]
 [ 6.3672654e-02  1.4957905e-01  1.0429327e+00]
 [ 2.7655271e-01  1.9468102e-01  8.9743316e-01]
 [ 3.4649754e-01  1.0986090e-01  1.0424328e+00]
 [-8.8092275e-02 -6.7428023e-02  1.0877259e+00]
 [-3.3753994e-01 -1.0034168e-01  1.0527539e+00]
 [-2.6707456e-01 -9.9969178e-02  9.1109890e-01]]
[[ 0.          0.          0.59797525]
 [ 0.01504061 -0.09048346  0.59074783]
 [ 0.3287981   0.04631005  0.39172992]
 [ 0.41615698  0.10487974  0.02194446]
 [ 0.5954746   0.14953044  0.        ]
 [-0.01499654  0.09064823  0.6057758 ]
 [-0.19971323  0.09328887  0.29271546]
 [-0.58841896 -0.03377405  0.36284018]
 [-0.71113336 -0.00311626  0.33698562]
 [ 0.01369591  0.03636317  0.82153684]
 [ 0.01255746  0.03009883  1.0740215 ]
 [ 0.10446213 -0.02960902  1.1836793 ]
 [ 0.0475651  -0.00689548  1.2774689 ]
 [ 0.08028982  0.13542774  1.0085397 ]
 [ 0.24863876  0.19766271  0.8219921 ]
 [ 0.3806943   0.12371996  0.8760102 ]
 [-0.06505615 -0.0603188   1.0482514 ]
 [-0.29107305 -0.10706043  0.97480345]
 [-0.19657142 -0.1370686   0.8437604 ]]
[[ 0.          0.          0.60759985]
 [ 0.01744506 -0.09406076  0.5991415 ]
 [ 0.32136446  0.08636501  0.38442275]
 [ 0.3442579   0.14879805  0.02014434]
 [ 0.54196274  0.19690794  0.        ]
 [-0.01741378  0.09415001  0.6166281 ]
 [-0.12641308  0.06545517  0.26864782]
 [-0.49739206 -0.13632864  0.4216845 ]
 [-0.6400846  -0.12596482  0.45845735]
 [ 0.02249038  0.04049405  0.8299037 ]
 [ 0.02759751  0.03006196  1.082274  ]
 [ 0.12228237 -0.02580553  1.1937954 ]
 [ 0.06062679 -0.00576651  1.2922177 ]
 [ 0.08560799  0.13851842  1.018914  ]
 [ 0.20910496  0.22889714  0.8046395 ]
 [ 0.37765124  0.19702485  0.7246557 ]
 [-0.04588857 -0.06746826  1.0513669 ]
 [-0.2532255  -0.15272784  0.93642914]
 [-0.13559651 -0.23660856  0.8116875 ]]
[[ 0.          0.          0.6210526 ]
 [ 0.00775209 -0.1005654   0.6131265 ]
 [ 0.27775827  0.11178875  0.37525433]
 [ 0.18718266  0.19256335  0.03541028]
 [ 0.3928094   0.24704057  0.        ]
 [-0.0077358   0.10055708  0.6295014 ]
 [ 0.00546768  0.03045341  0.2553031 ]
 [-0.39392948 -0.20023394  0.44588602]
 [-0.5423672  -0.20286155  0.5214751 ]
 [ 0.03547809  0.03918973  0.8401207 ]
 [ 0.04631613  0.01542443  1.0921087 ]
 [ 0.14052784 -0.03253424  1.2142307 ]
 [ 0.06729481 -0.01389122  1.3083359 ]
 [ 0.08158515  0.13386154  1.0234587 ]
 [ 0.14601102  0.26634896  0.7930771 ]
 [ 0.29890743  0.27318206  0.62049097]
 [-0.01197773 -0.09564561  1.0586034 ]
 [-0.19167197 -0.20675287  0.9174362 ]
 [ 0.00289764 -0.2585155   0.82267106]]
[[ 0.0000000e+00  0.0000000e+00  6.1619604e-01]
 [-8.6146668e-03 -1.0859946e-01  6.0722816e-01]
 [ 9.7833373e-02  7.3567629e-02  2.9201379e-01]
 [-1.3449183e-01  2.6363710e-01  7.7342689e-02]
 [ 5.3282581e-02  3.2273847e-01  0.0000000e+00]
 [ 8.5653588e-03  1.0846085e-01  6.2526995e-01]
 [ 2.6308158e-01  4.1106343e-04  3.0941838e-01]
 [-1.8214358e-01 -9.3761697e-02  3.7655479e-01]
 [-3.0237213e-01 -5.2659422e-02  3.4042546e-01]
 [ 3.4407008e-02  2.9780790e-02  8.4257555e-01]
 [ 4.9555290e-02  1.6264021e-03  1.0950733e+00]
 [ 1.3845612e-01 -3.8980782e-02  1.2195822e+00]
 [ 6.8908371e-02 -1.9048572e-02  1.3162735e+00]
 [ 6.2286898e-02  1.3576043e-01  1.0328028e+00]
 [ 1.5309408e-02  3.3218139e-01  8.3929777e-01]
 [ 1.0744732e-01  3.8070321e-01  6.1012399e-01]
 [ 1.4029991e-02 -1.3362676e-01  1.0532230e+00]
 [-7.0497379e-02 -3.3671787e-01  9.0187430e-01]
 [ 1.6528761e-01 -3.1524301e-01  8.7542576e-01]]
[[ 0.          0.          0.5665073 ]
 [-0.00572447 -0.10632757  0.55339175]
 [-0.14834796  0.07045262  0.25478867]
 [-0.48016483  0.20654714  0.12168086]
 [-0.41923684  0.30275893  0.00465751]
 [ 0.00565706  0.10605168  0.5789996 ]
 [ 0.37278932  0.02127373  0.4167853 ]
 [ 0.18241552  0.05338603  0.102431  ]
 [ 0.321742    0.03336465  0.        ]
 [ 0.01928798  0.01345955  0.7953459 ]
 [ 0.02370819 -0.01209894  1.0523356 ]
 [ 0.10048091 -0.03327447  1.1655583 ]
 [ 0.03783083 -0.02120888  1.2736795 ]
 [-0.01138674  0.11642182  0.99172497]
 [-0.15756425  0.31620812  0.9098076 ]
 [-0.12809512  0.3341295   0.66683024]
 [ 0.04803017 -0.1488688   1.0111005 ]
 [ 0.13594988 -0.33952036  0.8666681 ]
 [ 0.294329   -0.2009439   0.94728005]]
[[ 0.          0.          0.55812573]
 [ 0.00505583 -0.09704412  0.5456426 ]
 [-0.15516761  0.097948    0.25966758]
 [-0.5257418   0.18208557  0.20604408]
 [-0.5322145   0.30485797  0.12319562]
 [-0.00504614  0.09669302  0.569915  ]
 [ 0.37178546  0.05395266  0.42162243]
 [ 0.38034922  0.07438138  0.03544134]
 [ 0.5556876   0.04701787  0.        ]
 [ 0.01300171  0.00498942  0.78481245]
 [ 0.01518747 -0.01648417  1.0408214 ]
 [ 0.09319659 -0.02965635  1.1489444 ]
 [ 0.03077142 -0.02280056  1.2580162 ]
 [-0.03546163  0.10684288  0.98205745]
 [-0.19542667  0.2823393   0.90114737]
 [-0.14760071  0.30159885  0.66500944]
 [ 0.05723399 -0.14808941  0.9967389 ]
 [ 0.16551998 -0.3291417   0.8371272 ]
 [ 0.33593202 -0.1785804   0.92625606]]
[[ 0.          0.          0.5518748 ]
 [ 0.01243859 -0.09569666  0.5387226 ]
 [-0.14339367  0.08576196  0.2406978 ]
 [-0.51583135  0.15182632  0.26203114]
 [-0.55706227  0.2849486   0.21213165]
 [-0.01238423  0.09528662  0.5643753 ]
 [ 0.3561195   0.08683757  0.39114767]
 [ 0.4432484   0.10885963  0.00799888]
 [ 0.6214584   0.0893985   0.        ]
 [ 0.00683958  0.00310574  0.77825296]
 [ 0.00770444 -0.01346648  1.0343394 ]
 [ 0.08982097 -0.02466398  1.142478  ]
 [ 0.02735987 -0.01870704  1.2486385 ]
 [-0.04737692  0.10812819  0.9739584 ]
 [-0.20867202  0.24478531  0.8578202 ]
 [-0.13355035  0.26893136  0.6304575 ]
 [ 0.05686493 -0.14185199  0.98669803]
 [ 0.15984663 -0.3150095   0.8081196 ]
 [ 0.3508625  -0.16657242  0.8705568 ]]
[[ 0.00000000e+00  0.00000000e+00  5.88878989e-01]
 [ 1.78327039e-02 -9.67630669e-02  5.75499654e-01]
 [-9.89633203e-02  7.60227740e-02  2.67375797e-01]
 [-4.48952168e-01  1.22542702e-01  3.84234399e-01]
 [-5.12899637e-01  2.67013073e-01  3.64108324e-01]
 [-1.77539214e-02  9.63535830e-02  6.01713538e-01]
 [ 3.48731577e-01  1.30132645e-01  4.10924852e-01]
 [ 3.98141205e-01  1.45357311e-01  1.63229108e-02]
 [ 5.86803675e-01  1.34404480e-01  0.00000000e+00]
 [ 3.30215786e-03  8.88131559e-03  8.12770545e-01]
 [ 5.82765508e-03 -9.19371843e-04  1.06795430e+00]
 [ 8.88832211e-02 -1.77138448e-02  1.17913961e+00]
 [ 2.51192097e-02 -9.50139761e-03  1.28501010e+00]
 [-4.79690805e-02  1.22810006e-01  1.00436687e+00]
 [-1.70695812e-01  2.63064742e-01  8.43360782e-01]
 [-2.33190209e-02  3.01438957e-01  6.57972336e-01]
 [ 5.30337021e-02 -1.31254554e-01  1.02085817e+00]
 [ 1.19482517e-01 -3.10500324e-01  8.23559880e-01]
 [ 3.27028453e-01 -1.88832730e-01  8.03765535e-01]]
[[ 0.          0.          0.6414964 ]
 [ 0.01877638 -0.10753565  0.62703913]
 [-0.01012101  0.01235637  0.3031858 ]
 [-0.3935395   0.01451711  0.46076435]
 [-0.48289967  0.1643183   0.45108202]
 [-0.01865208  0.10720299  0.65564835]
 [ 0.32989225  0.18535323  0.42554086]
 [ 0.28152043  0.23300248  0.03676695]
 [ 0.47449094  0.2271263   0.        ]
 [ 0.0102879   0.03083882  0.8612212 ]
 [ 0.0193396   0.02681178  1.1154709 ]
 [ 0.10131596  0.00303668  1.2340474 ]
 [ 0.03404097  0.01312506  1.335173  ]
 [-0.02515743  0.15797842  1.0441878 ]
 [-0.07302013  0.2927463   0.8409372 ]
 [ 0.12244609  0.31753492  0.73140967]
 [ 0.05425388 -0.10819438  1.0714462 ]
 [ 0.05466461 -0.28406253  0.8512071 ]
 [ 0.24377    -0.2002623   0.7584688 ]]
[[ 0.          0.          0.6413835 ]
 [ 0.00762154 -0.12608199  0.62964934]
 [ 0.2251501  -0.0883829   0.35220465]
 [-0.20339844 -0.09845018  0.33512694]
 [-0.24369496 -0.00622091  0.20868099]
 [-0.0075234   0.12615532  0.65307426]
 [ 0.16441339  0.24796422  0.3268711 ]
 [-0.07477576  0.37848032  0.08215296]
 [ 0.12118553  0.35242116  0.        ]
 [ 0.01478794  0.0520269   0.85938597]
 [ 0.01331943  0.05036366  1.1162612 ]
 [ 0.09613525  0.00980669  1.2384549 ]
 [ 0.0171825   0.03006005  1.3317199 ]
 [ 0.02782913  0.19669825  1.0420163 ]
 [ 0.14918366  0.3150735   0.8171265 ]
 [ 0.31347132  0.21591502  0.89830554]
 [-0.00559065 -0.09651175  1.078175  ]
 [-0.15089262 -0.18570498  0.85363233]
 [-0.05140181 -0.17859063  0.72055626]]
[[ 0.          0.          0.631133  ]
 [-0.00358826 -0.11969231  0.6239365 ]
 [ 0.31877083 -0.0936664   0.4266256 ]
 [ 0.07139266 -0.15287033  0.10168099]
 [ 0.22625029 -0.13331985  0.        ]
 [ 0.00355179  0.11994447  0.6386875 ]
 [-0.0712799   0.19354564  0.28240204]
 [-0.42476332  0.3305749   0.1555283 ]
 [-0.38950384  0.3168      0.0253911 ]
 [-0.01434382  0.0604606   0.85050535]
 [-0.05418883  0.0642865   1.1049383 ]
 [ 0.02567694  0.01595104  1.2305726 ]
 [-0.06037544  0.04175299  1.3154047 ]
 [ 0.03196468  0.18975347  1.0466602 ]
 [ 0.2593704   0.23861462  0.9167346 ]
 [ 0.3010322   0.13321859  1.0880995 ]
 [-0.13627724 -0.05044863  1.0651642 ]
 [-0.3660152  -0.08137856  0.9256413 ]
 [-0.32298747 -0.14051706  0.7624569 ]]
[[ 0.          0.          0.651833  ]
 [-0.00531243 -0.09947637  0.64459276]
 [ 0.28565383 -0.11933947  0.4219767 ]
 [ 0.26742977 -0.17442864  0.03601855]
 [ 0.44930348 -0.16395706  0.        ]
 [ 0.0052597   0.09975699  0.65966886]
 [-0.18000993  0.15438248  0.33191133]
 [-0.5303134   0.25311866  0.20261323]
 [-0.5674225   0.26984864  0.08260745]
 [-0.02995434  0.06717774  0.86539924]
 [-0.08612634  0.08045447  1.1149663 ]
 [-0.02117942  0.03154635  1.2427542 ]
 [-0.10251381  0.06962144  1.3221383 ]
 [ 0.01547847  0.1713947   1.0599931 ]
 [ 0.22308171  0.1889701   0.94882685]
 [ 0.24314876  0.11301869  1.1187407 ]
 [-0.18211767  0.00648957  1.0716918 ]
 [-0.42008716 -0.00760627  0.96415555]
 [-0.42670125 -0.08733606  0.8362126 ]]
[[ 0.00000000e+00  0.00000000e+00  5.99484682e-01]
 [ 2.09961832e-03 -8.43496770e-02  5.90315163e-01]
 [ 2.61457622e-01 -1.01933479e-01  3.36073458e-01]
 [ 3.89877141e-01 -1.20086074e-01  0.00000000e+00]
 [ 5.62615275e-01 -1.15784407e-01  1.68502331e-04]
 [-2.16221064e-03  8.45783278e-02  6.09331548e-01]
 [-1.94143727e-01  1.08535618e-01  2.65479565e-01]
 [-5.59470057e-01  1.46604761e-01  2.26306379e-01]
 [-6.36701941e-01  1.77321941e-01  1.29667461e-01]
 [-3.52705345e-02  6.41252846e-02  8.13639343e-01]
 [-9.71933007e-02  7.33796954e-02  1.05949557e+00]
 [-3.77313644e-02  2.51067877e-02  1.18948162e+00]
 [-1.20974571e-01  6.72092438e-02  1.26235223e+00]
 [ 3.29212844e-03  1.54560924e-01  1.00939143e+00]
 [ 2.02191100e-01  2.06145525e-01  8.80273700e-01]
 [ 2.52156407e-01  1.35134578e-01  1.02648473e+00]
 [-1.87455118e-01  1.31491125e-02  1.01238465e+00]
 [-4.15151238e-01 -1.20839477e-02  9.10744905e-01]
 [-4.28230077e-01 -5.99789917e-02  8.36218238e-01]]
[[ 0.          0.          0.5945078 ]
 [ 0.01049932 -0.08363505  0.5904552 ]
 [ 0.27657354  0.03016056  0.3337702 ]
 [ 0.41014636  0.04397601  0.01398456]
 [ 0.5893594   0.08117795  0.        ]
 [-0.01060698  0.08380157  0.5991434 ]
 [-0.10440288  0.0340021   0.22862586]
 [-0.47683358 -0.06213042  0.3132887 ]
 [-0.6085396  -0.03297347  0.2884464 ]
 [-0.03075213  0.06820863  0.8097422 ]
 [-0.09246832  0.08052996  1.0546676 ]
 [-0.02894013  0.03919762  1.1887658 ]
 [-0.12284535  0.08770752  1.2612476 ]
 [ 0.0038775   0.1606752   1.0044932 ]
 [ 0.12517399  0.23899274  0.8105432 ]
 [ 0.26127583  0.16228025  0.8662616 ]
 [-0.17953515  0.01551998  1.0051848 ]
 [-0.38157564 -0.01403522  0.8496388 ]
 [-0.36090207 -0.15704355  0.8288989 ]]
[[ 0.          0.          0.6236781 ]
 [ 0.0034572  -0.0814377   0.62496334]
 [ 0.2743353   0.04452688  0.3424698 ]
 [ 0.32838959  0.12896174  0.02491713]
 [ 0.50975806  0.17714322  0.        ]
 [-0.00351642  0.08154011  0.62297523]
 [ 0.07535103 -0.0810715   0.27709183]
 [-0.3373237  -0.19662634  0.3301157 ]
 [-0.4953905  -0.1724381   0.36402157]
 [-0.01289331  0.0720033   0.83753914]
 [-0.05759092  0.08047318  1.0850766 ]
 [ 0.00600047  0.04597086  1.2257777 ]
 [-0.08798461  0.10194749  1.2888393 ]
 [ 0.03496963  0.16802323  1.0260355 ]
 [ 0.09833313  0.28023726  0.7979704 ]
 [ 0.24493119  0.15802023  0.75275594]
 [-0.14607298  0.0024555   1.03528   ]
 [-0.31389168 -0.06827623  0.85168135]
 [-0.20665649 -0.21331182  0.86906016]]
[[ 0.          0.          0.75243276]
 [-0.05260488 -0.09671913  0.7436098 ]
 [ 0.07525374 -0.0082792   0.40045053]
 [-0.03030144  0.19139767  0.07981724]
 [ 0.14239669  0.19474322  0.        ]
 [ 0.05252568  0.09660752  0.7612865 ]
 [ 0.35422838 -0.19906513  0.64183533]
 [ 0.09173025 -0.13112706  0.3966196 ]
 [ 0.11626507 -0.144918    0.2637549 ]
 [ 0.01676518  0.00995462  0.967472  ]
 [ 0.01377455 -0.00768748  1.2196691 ]
 [ 0.05820901 -0.030168    1.3651944 ]
 [-0.03848965  0.03603172  1.4072554 ]
 [ 0.06935506  0.11964843  1.1627766 ]
 [ 0.04782766  0.3441599   1.0021393 ]
 [ 0.23188667  0.26999876  0.8580531 ]
 [-0.0535908  -0.13726124  1.1698618 ]
 [-0.04933028 -0.3394609   0.99313897]
 [ 0.1281893  -0.35029882  1.0413622 ]]
[[ 0.0000000e+00  0.0000000e+00  7.4512291e-01]
 [-2.8238671e-02 -8.8991120e-02  7.3384237e-01]
 [-5.5685505e-02  9.0691268e-02  3.9583346e-01]
 [-2.4117130e-01  2.7005786e-01  1.0399866e-01]
 [-1.3836965e-01  3.1699106e-01  0.0000000e+00]
 [ 2.8101644e-02  8.8710256e-02  7.5603676e-01]
 [ 3.3821234e-01 -2.1184227e-01  7.2740841e-01]
 [ 2.8659594e-01 -3.4893924e-01  3.0590785e-01]
 [ 4.3616468e-01 -4.1976398e-01  2.8284937e-01]
 [ 1.7882697e-02  8.1451237e-03  9.6685672e-01]
 [ 1.6573995e-02 -6.8100095e-03  1.2243462e+00]
 [ 5.9673581e-02 -1.3803184e-02  1.3524263e+00]
 [-3.6351509e-02  3.3280492e-02  1.4159367e+00]
 [ 2.7209774e-02  1.2169832e-01  1.1662481e+00]
 [-4.4715330e-02  3.6535925e-01  1.0697448e+00]
 [ 1.5214384e-01  2.8290278e-01  9.7149086e-01]
 [-1.0795891e-03 -1.3886032e-01  1.1829755e+00]
 [ 6.0368732e-02 -3.3117655e-01  1.0129548e+00]
 [ 2.0978841e-01 -2.2140178e-01  1.0950338e+00]]
[[ 0.          0.          0.6525153 ]
 [-0.01703032 -0.07462898  0.6496777 ]
 [-0.08549175  0.09759974  0.30722344]
 [-0.33287     0.2720856   0.11804718]
 [-0.31082395  0.36410084  0.        ]
 [ 0.01689571  0.07429142  0.6549046 ]
 [ 0.3147385  -0.21296161  0.5982264 ]
 [ 0.42199743 -0.4404053   0.22935724]
 [ 0.58648604 -0.5092795   0.2754308 ]
 [ 0.01972409  0.00374037  0.87224287]
 [ 0.02088098 -0.01940453  1.1274068 ]
 [ 0.06530546 -0.02038813  1.25109   ]
 [-0.02566311  0.01406747  1.3185734 ]
 [ 0.01180455  0.09391806  1.0717906 ]
 [-0.08394822  0.3311275   1.0023929 ]
 [ 0.10456938  0.2733016   0.9835191 ]
 [ 0.02504782 -0.13758561  1.0882823 ]
 [ 0.09889007 -0.30982837  0.90562755]
 [ 0.24133578 -0.17154402  0.9626792 ]]
[[ 0.0000000e+00  0.0000000e+00  5.8230764e-01]
 [-1.5009275e-02 -7.3859796e-02  5.7946187e-01]
 [-8.2343474e-02  7.4309379e-02  2.2628719e-01]
 [-3.7204367e-01  2.3194659e-01  1.1295125e-01]
 [-3.7636012e-01  3.4141177e-01  0.0000000e+00]
 [ 1.4863503e-02  7.3499955e-02  5.8471435e-01]
 [ 3.3731186e-01 -1.9492850e-01  5.0951290e-01]
 [ 4.7181237e-01 -4.0378243e-01  1.5577939e-01]
 [ 6.3776094e-01 -4.6675470e-01  1.9114789e-01]
 [ 1.3303591e-02  1.7421693e-03  8.0827785e-01]
 [ 1.3308348e-02 -2.4465472e-02  1.0637481e+00]
 [ 6.3717470e-02 -3.2372117e-02  1.1893883e+00]
 [-2.7842142e-02  1.1666417e-03  1.2565178e+00]
 [ 2.8906986e-03  8.7117106e-02  1.0106257e+00]
 [-9.8578006e-02  3.3074629e-01  9.4925654e-01]
 [ 9.4486378e-02  3.2029575e-01  9.8061860e-01]
 [ 1.8909816e-02 -1.3585997e-01  1.0189247e+00]
 [ 7.7279761e-02 -3.0733594e-01  8.1422085e-01]
 [ 2.4856845e-01 -1.9213197e-01  8.3758533e-01]]
[[ 0.0000000e+00  0.0000000e+00  4.7710890e-01]
 [-1.5306265e-02 -7.4721128e-02  4.7396058e-01]
 [-5.7262219e-02  1.4629364e-02  1.1934933e-01]
 [-4.0897721e-01  1.1953941e-01  9.1247439e-02]
 [-4.6536684e-01  2.5130177e-01  0.0000000e+00]
 [ 1.5196021e-02  7.4309357e-02  4.7977418e-01]
 [ 3.5834193e-01 -1.4639546e-01  3.7086236e-01]
 [ 4.8422790e-01 -3.2247961e-01  1.3185680e-02]
 [ 6.5431106e-01 -3.8009375e-01  3.6127865e-02]
 [ 2.2570388e-03  4.4216812e-03  7.1013546e-01]
 [-3.4888065e-03 -2.1498680e-02  9.6668780e-01]
 [ 5.4979317e-02 -4.1397870e-02  1.0921588e+00]
 [-3.4274273e-02 -5.7803988e-03  1.1639922e+00]
 [-7.8318566e-03  8.7731004e-02  9.1726726e-01]
 [-9.0616301e-02  3.3423945e-01  8.6210257e-01]
 [ 7.9422094e-02  3.4423801e-01  9.6088094e-01]
 [ 3.0129030e-04 -1.2621930e-01  9.1507518e-01]
 [ 2.4688840e-02 -2.7053457e-01  6.6868877e-01]
 [ 2.0934439e-01 -2.2411475e-01  6.1471897e-01]]
[[ 0.          0.          0.5607003 ]
 [-0.01878104 -0.08009755  0.5594392 ]
 [-0.00629451 -0.05263156  0.21815705]
 [-0.39313805 -0.02198863  0.25650746]
 [-0.48518974  0.12000257  0.20476073]
 [ 0.01869463  0.07968737  0.5615068 ]
 [ 0.34820494 -0.11633769  0.37755132]
 [ 0.4422714  -0.25879806  0.        ]
 [ 0.614933   -0.31239605  0.01267111]
 [-0.00157874  0.0176416   0.79654646]
 [-0.00871533 -0.00144619  1.0541325 ]
 [ 0.05726972 -0.02955544  1.1797444 ]
 [-0.02138158  0.00550139  1.2528762 ]
 [-0.00415612  0.11063391  1.006907  ]
 [-0.03763689  0.3668756   0.96983266]
 [ 0.0987195   0.39039615  1.1418238 ]
 [-0.01677109 -0.10138938  0.9967209 ]
 [-0.02492496 -0.21406648  0.7315189 ]
 [ 0.12575716 -0.20376916  0.60089016]]
[[ 0.          0.          0.62408924]
 [-0.02132249 -0.08814773  0.62269807]
 [ 0.07168014 -0.1269863   0.3212278 ]
 [-0.32736486 -0.14635468  0.40219718]
 [-0.43363756 -0.01484071  0.37542135]
 [ 0.02116112  0.08778451  0.6252583 ]
 [ 0.30276385 -0.10519361  0.3827176 ]
 [ 0.33575332 -0.19275624  0.        ]
 [ 0.4978209  -0.24355453  0.00226814]
 [-0.00757354  0.02198796  0.8605411 ]
 [-0.01681093  0.01570925  1.1170554 ]
 [ 0.05521572 -0.01406717  1.2419844 ]
 [-0.01886247  0.02841437  1.32395   ]
 [ 0.00235093  0.12839681  1.0728552 ]
 [ 0.01307109  0.35266322  1.0814258 ]
 [ 0.0968839   0.38953304  1.2792547 ]
 [-0.0459296  -0.0910559   1.0683179 ]
 [-0.10581645 -0.25015104  0.8456864 ]
 [-0.06461975 -0.25163227  0.65784526]]
[[ 0.          0.          0.7046358 ]
 [-0.00853882 -0.08502967  0.7158076 ]
 [ 0.20824105 -0.22312471  0.5523958 ]
 [-0.22400607 -0.29946876  0.5354258 ]
 [-0.34014833 -0.20771664  0.48236218]
 [ 0.00840402  0.08492753  0.6935859 ]
 [ 0.2077981  -0.08531225  0.39489445]
 [ 0.04414903 -0.03727132  0.06772524]
 [ 0.13404849 -0.02852112  0.        ]
 [-0.00265611  0.06151298  0.9278334 ]
 [-0.02170034  0.06918922  1.1860673 ]
 [ 0.06656687  0.01810759  1.2998238 ]
 [ 0.00392518  0.0632298   1.3954082 ]
 [ 0.02557152  0.16927963  1.1378356 ]
 [ 0.07001297  0.30997992  1.2757219 ]
 [ 0.06116077  0.29711163  1.4380573 ]
 [-0.08454888 -0.02007139  1.1425306 ]
 [-0.28613627 -0.12953988  1.0167104 ]
 [-0.4361763  -0.1261968   0.89445883]]
[[ 0.          0.          0.6862502 ]
 [-0.00951724 -0.08325405  0.69971704]
 [ 0.23269355 -0.27155927  0.58879375]
 [-0.16971616 -0.33109367  0.4629572 ]
 [-0.23704971 -0.27421927  0.37825125]
 [ 0.00937887  0.08323106  0.6730735 ]
 [ 0.17057961 -0.0997563   0.3571065 ]
 [-0.05601171  0.03373474  0.1001718 ]
 [-0.03766676  0.06778836  0.        ]
 [-0.01465723  0.05836588  0.9083096 ]
 [-0.03672467  0.06999898  1.1663616 ]
 [ 0.06467935  0.00165999  1.2726331 ]
 [ 0.01806628  0.05278951  1.364157  ]
 [ 0.03198151  0.1608913   1.1174577 ]
 [ 0.09766389  0.25047672  1.2667816 ]
 [ 0.06153016  0.17974156  1.4295504 ]
 [-0.12445816 -0.00405982  1.1320081 ]
 [-0.35051486 -0.1125952   1.0757706 ]
 [-0.5376029  -0.08913261  1.0257934 ]]
[[ 0.0000000e+00  0.0000000e+00  6.2396610e-01]
 [-1.6287284e-02 -9.1267481e-02  6.4169037e-01]
 [ 2.4041104e-01 -3.0845380e-01  5.7163852e-01]
 [-8.2941636e-02 -3.8992280e-01  3.0143875e-01]
 [-8.5322164e-02 -3.7864798e-01  2.0491201e-01]
 [ 1.6246393e-02  9.1230817e-02  6.0658568e-01]
 [ 1.9818130e-01 -7.0417106e-02  2.9666623e-01]
 [-9.6450359e-02  6.1985284e-02  1.1701858e-01]
 [-1.3030940e-01  1.0540825e-01  0.0000000e+00]
 [-1.4172021e-02  5.7449669e-02  8.5001576e-01]
 [-2.8713375e-02  7.2639346e-02  1.1077793e+00]
 [ 8.1557386e-02 -8.9346170e-03  1.2016228e+00]
 [ 4.8700757e-02  3.6626101e-02  1.2980671e+00]
 [ 4.7655977e-02  1.6245729e-01  1.0568149e+00]
 [ 1.4133221e-01  2.1530259e-01  1.2115424e+00]
 [ 1.2378668e-01  9.8249435e-02  1.3774468e+00]
 [-1.2940258e-01  1.1599064e-04  1.0857421e+00]
 [-3.6919862e-01 -1.2950835e-01  1.1280414e+00]
 [-5.5407494e-01 -1.3304481e-01  1.1970114e+00]]
[[ 0.          0.          0.54293656]
 [-0.02035046 -0.10021333  0.559586  ]
 [ 0.23971179 -0.3107476   0.51884973]
 [ 0.10248703 -0.4065534   0.11922204]
 [ 0.21357742 -0.42485937  0.04911774]
 [ 0.02040159  0.10013658  0.5267038 ]
 [ 0.24299273 -0.05770361  0.2389248 ]
 [-0.09319949  0.05092788  0.11915857]
 [-0.15071951  0.09775472  0.        ]
 [-0.00341738  0.04176863  0.77304465]
 [-0.00295546  0.05371553  1.0301087 ]
 [ 0.10474341 -0.02624744  1.1064242 ]
 [ 0.09433919 -0.00308251  1.2134328 ]
 [ 0.07653029  0.14818063  0.97889054]
 [ 0.22514972  0.18385834  1.1321285 ]
 [ 0.26262653  0.04999942  1.3000462 ]
 [-0.1043745  -0.02793267  1.0175072 ]
 [-0.2981017  -0.17115161  1.1654661 ]
 [-0.40283287 -0.18390012  1.3548235 ]]
[[ 0.          0.          0.5009876 ]
 [-0.02376214 -0.1079811   0.5163997 ]
 [ 0.24491334 -0.29809955  0.48603612]
 [ 0.22048807 -0.41869968  0.07920662]
 [ 0.3654924  -0.43244264  0.04618075]
 [ 0.02384961  0.10789603  0.4859987 ]
 [ 0.29850465 -0.0589281   0.2505019 ]
 [-0.04661531  0.02574071  0.11799049]
 [-0.07105286  0.05798939  0.        ]
 [ 0.01016694  0.03450467  0.7320229 ]
 [ 0.02385956  0.04204413  0.98730516]
 [ 0.13379076 -0.03576499  1.0543994 ]
 [ 0.1253887  -0.02095497  1.1653073 ]
 [ 0.10183604  0.14631861  0.93807626]
 [ 0.29203093  0.18028998  1.0817466 ]
 [ 0.3541158   0.01422495  1.2454784 ]
 [-0.07481934 -0.05506852  0.9760895 ]
 [-0.21445808 -0.23292315  1.1593575 ]
 [-0.26071802 -0.27312726  1.3662217 ]]
[[ 0.          0.          0.4679965 ]
 [-0.03165921 -0.11314256  0.48282716]
 [ 0.27102834 -0.28292364  0.47213778]
 [ 0.34804523 -0.41600227  0.08890513]
 [ 0.5100336  -0.43560386  0.09987411]
 [ 0.03177709  0.11303687  0.45358703]
 [ 0.37410706 -0.03708394  0.33296743]
 [ 0.08242328  0.01098061  0.10078204]
 [ 0.14102     0.02460259  0.        ]
 [ 0.03958845  0.02932648  0.6938191 ]
 [ 0.08230234  0.02514035  0.9439422 ]
 [ 0.19823304 -0.04908547  0.99441886]
 [ 0.19556265 -0.03733909  1.1100646 ]
 [ 0.15356946  0.13275957  0.8932959 ]
 [ 0.3885612   0.15776432  1.0140873 ]
 [ 0.50602937  0.00703454  1.1625777 ]
 [-0.01291653 -0.08270842  0.9341196 ]
 [-0.04722967 -0.2990677   1.12065   ]
 [ 0.00300669 -0.34708744  1.312391  ]]
[[ 0.          0.          0.42335856]
 [-0.03484187 -0.11774101  0.43917277]
 [ 0.28873825 -0.2687488   0.4369984 ]
 [ 0.44697958 -0.36260822  0.09642643]
 [ 0.60831225 -0.3839262   0.13852975]
 [ 0.03494719  0.11764151  0.40786868]
 [ 0.39871502 -0.02057485  0.3858973 ]
 [ 0.24462381  0.01065001  0.05881542]
 [ 0.3660072   0.00310892  0.        ]
 [ 0.06421994  0.02688093  0.63615435]
 [ 0.1374537   0.00966862  0.87763786]
 [ 0.25744593 -0.06037396  0.9115113 ]
 [ 0.26401424 -0.05376732  1.0280639 ]
 [ 0.1975721   0.1241287   0.82972455]
 [ 0.45568728  0.15540239  0.9178786 ]
 [ 0.6179819   0.01408744  1.0339081 ]
 [ 0.05172408 -0.10555142  0.86798614]
 [ 0.12515363 -0.32965246  1.0182343 ]
 [ 0.26082113 -0.37248915  1.1635716 ]]
[[ 0.          0.          0.35521662]
 [-0.0336962  -0.1160132   0.37037933]
 [ 0.29881448 -0.26106513  0.37847248]
 [ 0.49850446 -0.3471117   0.0827851 ]
 [ 0.64446914 -0.3724319   0.14108823]
 [ 0.03380721  0.11593305  0.34027615]
 [ 0.38936853 -0.0063229   0.3674071 ]
 [ 0.3740043  -0.02938455  0.01720428]
 [ 0.52026236 -0.05299264  0.        ]
 [ 0.07826317  0.0238395   0.555084  ]
 [ 0.1779871  -0.00200623  0.78300756]
 [ 0.30166453 -0.06647664  0.8013505 ]
 [ 0.3190914  -0.06967652  0.91619766]
 [ 0.22858033  0.11716127  0.7380636 ]
 [ 0.495287    0.15263355  0.78449905]
 [ 0.6778089   0.00861225  0.86011267]
 [ 0.09855616 -0.11620638  0.7722974 ]
 [ 0.20963314 -0.34201157  0.85815465]
 [ 0.37970734 -0.40444678  0.9585124 ]]
[[ 0.          0.          0.30041274]
 [-0.03035592 -0.10680412  0.31542706]
 [ 0.3128553  -0.25095248  0.3187675 ]
 [ 0.52951133 -0.3588825   0.08036242]
 [ 0.65409803 -0.38324502  0.14941834]
 [ 0.03049126  0.10670753  0.2855472 ]
 [ 0.36851817 -0.0017731   0.32515854]
 [ 0.47240603 -0.11085242  0.        ]
 [ 0.6185457  -0.13933477  0.02258432]
 [ 0.09371643  0.01884496  0.49224707]
 [ 0.22236931 -0.00996524  0.6966952 ]
 [ 0.3438964  -0.06126314  0.6956464 ]
 [ 0.3771509  -0.07620877  0.80417156]
 [ 0.26102802  0.10970357  0.6513126 ]
 [ 0.52850467  0.13218805  0.6361977 ]
 [ 0.71103966 -0.01096579  0.65602016]
 [ 0.15250319 -0.12197989  0.6923548 ]
 [ 0.27526602 -0.34276754  0.6971965 ]
 [ 0.46095705 -0.40225497  0.73080933]]
[[ 0.          0.          0.2634082 ]
 [-0.0256992  -0.09725225  0.27835816]
 [ 0.32140678 -0.25350732  0.2649753 ]
 [ 0.5383651  -0.40862805  0.07827875]
 [ 0.64864993 -0.4265508   0.15688547]
 [ 0.02586022  0.09711128  0.24856457]
 [ 0.35127857 -0.01907384  0.26002717]
 [ 0.5315234  -0.20295818  0.        ]
 [ 0.66120523 -0.22244498  0.04133993]
 [ 0.10906553  0.01933697  0.44334587]
 [ 0.26679137 -0.0075644   0.6129449 ]
 [ 0.38019294 -0.04888839  0.59421504]
 [ 0.4256557  -0.0699667   0.69657207]
 [ 0.29302558  0.10793477  0.5709127 ]
 [ 0.53896487  0.1303222   0.4924068 ]
 [ 0.70396495 -0.002827    0.4443127 ]
 [ 0.20431921 -0.11416014  0.6149318 ]
 [ 0.3095839  -0.33469623  0.553385  ]
 [ 0.46857405 -0.4099295   0.5321314 ]]
[[ 0.          0.          0.2423335 ]
 [-0.02114103 -0.09180022  0.25667045]
 [ 0.3241074  -0.26139486  0.22475228]
 [ 0.5335125  -0.4579798   0.07692936]
 [ 0.633409   -0.47339308  0.1668483 ]
 [ 0.02132143  0.09162023  0.22809666]
 [ 0.34831464 -0.03377134  0.21024406]
 [ 0.5630964  -0.25610206  0.        ]
 [ 0.67654616 -0.2650417   0.05433841]
 [ 0.11889523  0.02409203  0.4134536 ]
 [ 0.2974934   0.00142416  0.5534239 ]
 [ 0.4031567  -0.03452012  0.52112675]
 [ 0.45738572 -0.05667558  0.619028  ]
 [ 0.31480116  0.11081284  0.5147406 ]
 [ 0.5255432   0.13636424  0.38195667]
 [ 0.66575146  0.03146177  0.28459468]
 [ 0.23903173 -0.10096633  0.5582855 ]
 [ 0.3075747  -0.31776702  0.45511684]
 [ 0.4195752  -0.4019664   0.39075717]]
[[ 0.          0.          0.23089987]
 [-0.01808408 -0.08788656  0.245862  ]
 [ 0.3189714  -0.27762198  0.1964946 ]
 [ 0.5285349  -0.49567217  0.08070916]
 [ 0.62501025 -0.51288843  0.18112771]
 [ 0.01827765  0.0876711   0.21599543]
 [ 0.35083634 -0.05740732  0.17666018]
 [ 0.58753693 -0.28223574  0.        ]
 [ 0.69041026 -0.28837714  0.06864697]
 [ 0.12468408  0.02596338  0.39234087]
 [ 0.31673342  0.01224062  0.5093963 ]
 [ 0.42175177 -0.01814738  0.47064328]
 [ 0.4800138  -0.03533229  0.5639176 ]
 [ 0.32765985  0.11586884  0.47159278]
 [ 0.48960567  0.14143272  0.29274538]
 [ 0.5928662   0.06598487  0.1487205 ]
 [ 0.2604108  -0.0874957   0.51664615]
 [ 0.27847135 -0.2851605   0.38870546]
 [ 0.33284688 -0.37324274  0.29296932]]
[[ 0.          0.          0.23024985]
 [-0.01434414 -0.08441369  0.24507238]
 [ 0.31060082 -0.28384137  0.18478912]
 [ 0.53226864 -0.50761676  0.0909189 ]
 [ 0.62084377 -0.53905165  0.19791733]
 [ 0.01453692  0.08420376  0.21539927]
 [ 0.35789406 -0.07026041  0.16263057]
 [ 0.6089756  -0.28384262  0.        ]
 [ 0.70478    -0.28809214  0.08228672]
 [ 0.13863622  0.03541161  0.37438816]
 [ 0.3384201   0.03183261  0.47364175]
 [ 0.4487465   0.00647195  0.43295276]
 [ 0.5036055   0.00139588  0.5243865 ]
 [ 0.34002334  0.13153246  0.43932027]
 [ 0.41693127  0.19512743  0.22482187]
 [ 0.47233582  0.1930067   0.03635606]
 [ 0.28709304 -0.0641066   0.48131874]
 [ 0.21382049 -0.20244665  0.35475272]
 [ 0.18004447 -0.26666084  0.23717861]]
[[ 0.0000000e+00  0.0000000e+00  2.3991293e-01]
 [-1.4437736e-02 -8.6662352e-02  2.5511044e-01]
 [ 3.0076122e-01 -2.9236498e-01  2.0975533e-01]
 [ 5.0777543e-01 -5.2087963e-01  8.1062526e-02]
 [ 6.0120869e-01 -5.7017148e-01  1.7096639e-01]
 [ 1.4621736e-02  8.6533196e-02  2.2452265e-01]
 [ 3.8181961e-01 -5.2305594e-02  1.8952915e-01]
 [ 6.2608266e-01 -2.2704953e-01  1.7628074e-04]
 [ 7.4521053e-01 -2.3078072e-01  7.9776034e-02]
 [ 1.4679278e-01  4.6273395e-02  3.6126032e-01]
 [ 3.3135128e-01  5.5712953e-02  4.5822287e-01]
 [ 4.5076627e-01  4.2393833e-02  4.1463751e-01]
 [ 5.0087887e-01  4.8331171e-02  5.0791252e-01]
 [ 3.2289815e-01  1.4920850e-01  4.2840874e-01]
 [ 2.7484119e-01  2.4769205e-01  2.1215823e-01]
 [ 2.5130981e-01  2.8105196e-01  0.0000000e+00]
 [ 2.8342351e-01 -3.4645215e-02  4.6829695e-01]
 [ 8.5697822e-02 -9.1643229e-02  4.0584168e-01]
 [-5.0292257e-02 -1.3428037e-01  3.0876529e-01]]
[[ 0.          0.          0.25493968]
 [-0.01784656 -0.09345694  0.27650213]
 [ 0.314062   -0.2628414   0.2686777 ]
 [ 0.46339315 -0.49359524  0.05931669]
 [ 0.5778657  -0.5401472   0.11199912]
 [ 0.01806885  0.09339288  0.2330262 ]
 [ 0.4074653  -0.00363155  0.24229395]
 [ 0.61990803 -0.13546291  0.        ]
 [ 0.7585999  -0.14941962  0.0715771 ]
 [ 0.12522963  0.05908377  0.3735419 ]
 [ 0.2826768   0.09293228  0.47867036]
 [ 0.42191392  0.07020472  0.42906946]
 [ 0.4656847   0.09279457  0.5292544 ]
 [ 0.2729252   0.18700589  0.4413925 ]
 [ 0.14134827  0.28866392  0.25212628]
 [ 0.06901056  0.33609843  0.03652574]
 [ 0.22696778  0.00378402  0.50342035]
 [-0.02628205 -0.01325183  0.51179963]
 [-0.2362731  -0.06691404  0.4576236 ]]
[[ 0.          0.          0.25757802]
 [-0.0135832  -0.09201293  0.28969717]
 [ 0.2945369  -0.22334485  0.30836588]
 [ 0.3464439  -0.45294836  0.05800712]
 [ 0.46346998 -0.48985812  0.09158292]
 [ 0.01373924  0.09201878  0.22497933]
 [ 0.41079333  0.04856041  0.2708224 ]
 [ 0.53749645 -0.04843819  0.        ]
 [ 0.68958235 -0.07672194  0.05525726]
 [ 0.0666791   0.08975052  0.38393685]
 [ 0.17300782  0.16414958  0.50322825]
 [ 0.3366055   0.11935453  0.4589689 ]
 [ 0.36736548  0.16010362  0.5629271 ]
 [ 0.16575049  0.24401622  0.44827527]
 [-0.00101161  0.34018716  0.27794042]
 [-0.08083463  0.39425337  0.06523457]
 [ 0.10147463  0.07887146  0.5463255 ]
 [-0.15523028  0.04570216  0.60771185]
 [-0.39272285 -0.03149283  0.610689  ]]
[[ 0.          0.          0.22598776]
 [-0.01141842 -0.0762022   0.2719996 ]
 [ 0.27859277 -0.20262739  0.33218035]
 [ 0.1795694  -0.4951851   0.06461981]
 [ 0.28206515 -0.53049207  0.05603555]
 [ 0.01147784  0.07620812  0.1794291 ]
 [ 0.42213064  0.03626072  0.24955389]
 [ 0.3909705  -0.0668948   0.        ]
 [ 0.5248531  -0.11265297  0.03279763]
 [ 0.02031852  0.130242    0.35373956]
 [ 0.08492902  0.25687984  0.48260805]
 [ 0.25558907  0.21807685  0.46050492]
 [ 0.26549953  0.27408713  0.5593034 ]
 [ 0.07519706  0.31945616  0.40938538]
 [-0.08990863  0.39422947  0.23895398]
 [-0.13280252  0.42778704  0.04903574]
 [ 0.01025117  0.17564899  0.54011303]
 [-0.22706121  0.10501054  0.6559472 ]
 [-0.44106087 -0.01246452  0.7015218 ]]
[[ 0.          0.          0.1759461 ]
 [-0.01758703 -0.0629237   0.23242764]
 [ 0.2717082  -0.22691417  0.36052036]
 [ 0.08775765 -0.5521084   0.08606927]
 [ 0.18028715 -0.597199    0.04852985]
 [ 0.01751384  0.06292745  0.11884829]
 [ 0.44676167  0.01440965  0.2189643 ]
 [ 0.2703749  -0.16655424  0.00946631]
 [ 0.37341368 -0.22045684  0.01798992]
 [-0.01562313  0.1606383   0.28916532]
 [ 0.00603136  0.32871947  0.41046745]
 [ 0.17100735  0.30560213  0.41445428]
 [ 0.14644715  0.38268435  0.49705076]
 [ 0.00302103  0.3806041   0.32344115]
 [-0.11470866  0.41863364  0.13899182]
 [-0.11720103  0.41916734  0.        ]
 [-0.06606358  0.2484974   0.47614437]
 [-0.24888945  0.12850511  0.61319906]
 [-0.4044271  -0.02969718  0.6727002 ]]
[[ 0.          0.          0.20090821]
 [-0.03086834 -0.03964596  0.26990643]
 [ 0.2241779  -0.25294852  0.43467465]
 [ 0.00105086 -0.6080761   0.18292484]
 [ 0.08601764 -0.6783928   0.16736475]
 [ 0.03062922  0.03966911  0.13128895]
 [ 0.45166337 -0.01943012  0.22579981]
 [ 0.19645563 -0.22880036  0.08592877]
 [ 0.25638634 -0.28352943  0.08564678]
 [-0.06546697  0.18297672  0.27597874]
 [-0.10250014  0.39625126  0.36600915]
 [ 0.04355408  0.39402533  0.4069981 ]
 [-0.01080765  0.4760247   0.46825767]
 [-0.09394398  0.43256038  0.2713622 ]
 [-0.10288197  0.421179    0.1002688 ]
 [-0.09160244  0.33809927  0.        ]
 [-0.16156599  0.32014722  0.42972255]
 [-0.23181385  0.16313732  0.5527761 ]
 [-0.29896176 -0.03019106  0.60737   ]]
[[ 0.          0.          0.22787488]
 [-0.03720441 -0.01632957  0.29929566]
 [ 0.16296348 -0.23729578  0.43146312]
 [-0.03529173 -0.6395293   0.23482406]
 [ 0.01397461 -0.7046051   0.20939422]
 [ 0.03686068  0.01633814  0.1558434 ]
 [ 0.40683523 -0.07958444  0.1678085 ]
 [ 0.10782559 -0.3114883   0.14376426]
 [ 0.12599406 -0.38209826  0.18339297]
 [-0.09548414  0.19156933  0.24788488]
 [-0.17306328  0.43343794  0.2887635 ]
 [-0.07035711  0.46430087  0.3631309 ]
 [-0.13055545  0.5444511   0.39755625]
 [-0.15706083  0.4681772   0.18190122]
 [-0.01708104  0.4458523   0.03525253]
 [ 0.04917002  0.31946057  0.        ]
 [-0.2073605   0.35721952  0.3502332 ]
 [-0.14804353  0.18457095  0.4277499 ]
 [-0.12960935  0.00092794  0.41326794]]
[[ 0.          0.          0.24845918]
 [-0.03818659 -0.0109483   0.32118297]
 [ 0.15112531 -0.23975688  0.43072838]
 [-0.03071696 -0.6849134   0.29827523]
 [ 0.02174425 -0.74846566  0.28874916]
 [ 0.0378422   0.01090092  0.17514536]
 [ 0.39615285 -0.09774889  0.19970272]
 [ 0.11021194 -0.36306876  0.17788784]
 [ 0.13726988 -0.43631354  0.23444475]
 [-0.09187314  0.20104986  0.25397763]
 [-0.16749683  0.45471585  0.2790557 ]
 [-0.07198513  0.49289554  0.35162705]
 [-0.12926826  0.57781583  0.37836713]
 [-0.15191936  0.48711866  0.16492768]
 [ 0.00455727  0.42790732  0.02907804]
 [ 0.10706642  0.3045817   0.        ]
 [-0.19769871  0.3771559   0.3509766 ]
 [-0.09755927  0.20556314  0.4218022 ]
 [-0.04735779  0.03390466  0.399516  ]]
[[ 0.          0.          0.26832333]
 [-0.03588966 -0.0027598   0.3425132 ]
 [ 0.13996664 -0.22455223  0.42214832]
 [-0.01759011 -0.69387865  0.32931152]
 [ 0.03320679 -0.75203323  0.3379731 ]
 [ 0.03554858  0.00268354  0.193539  ]
 [ 0.37479156 -0.09629181  0.22230639]
 [ 0.11712119 -0.39237687  0.19965735]
 [ 0.15294227 -0.46324566  0.26739296]
 [-0.09339076  0.1991866   0.26201108]
 [-0.1703544   0.45473522  0.27500254]
 [-0.08451515  0.49775183  0.34329197]
 [-0.1326569   0.584268    0.3683205 ]
 [-0.15836117  0.48328274  0.15366535]
 [ 0.01314545  0.40456015  0.03161384]
 [ 0.13521823  0.27662826  0.        ]
 [-0.19084507  0.38091213  0.35938507]
 [-0.05275898  0.2141588   0.43011504]
 [ 0.02079717  0.05100548  0.39451262]]
[[ 0.          0.          0.2856714 ]
 [-0.02856386 -0.00375781  0.3573681 ]
 [ 0.15863359 -0.18807127  0.42551628]
 [ 0.02501979 -0.650499    0.3147912 ]
 [ 0.06702203 -0.69980097  0.32042062]
 [ 0.02827621  0.00366536  0.2133809 ]
 [ 0.35728127 -0.08459738  0.23912044]
 [ 0.13554505 -0.4063908   0.20354918]
 [ 0.18358377 -0.48004222  0.27650332]
 [-0.08611779  0.2009577   0.27898595]
 [-0.15887478  0.4583792   0.28607678]
 [-0.07206908  0.51119006  0.34146577]
 [-0.11929286  0.5910658   0.37002504]
 [-0.15321892  0.48937696  0.16242658]
 [ 0.01290663  0.4148175   0.0403343 ]
 [ 0.13201587  0.29019618  0.        ]
 [-0.17470321  0.3805701   0.3818813 ]
 [-0.0116927   0.21083125  0.44180807]
 [ 0.07303233  0.06118253  0.38124275]]
[[ 0.          0.          0.31935343]
 [-0.01165731 -0.00239782  0.389846  ]
 [ 0.20652747 -0.186284    0.40496427]
 [ 0.20530304 -0.6514877   0.40071934]
 [ 0.25220162 -0.6790881   0.4758619 ]
 [ 0.01140641  0.00225389  0.24833986]
 [ 0.29731405 -0.05849665  0.26816583]
 [ 0.24378854 -0.45468357  0.26559058]
 [ 0.33614957 -0.5240457   0.31937596]
 [-0.06966817  0.19947511  0.3149582 ]
 [-0.1250011   0.45529717  0.31957856]
 [-0.02459279  0.5048081   0.35229123]
 [-0.07471839  0.5841667   0.37896016]
 [-0.1417127   0.49085987  0.1967999 ]
 [-0.02181931  0.41576183  0.06462649]
 [ 0.09413057  0.30389825  0.        ]
 [-0.12064311  0.38193828  0.42548814]
 [ 0.0885519   0.22868118  0.47683123]
 [ 0.15955563  0.0940661   0.38055375]]
[[ 0.          0.          0.3172364 ]
 [-0.00540471 -0.00346427  0.3856594 ]
 [ 0.21813947 -0.17627256  0.38381368]
 [ 0.2508626  -0.62571335  0.3947169 ]
 [ 0.29598445 -0.647323    0.47340912]
 [ 0.00515427  0.00330127  0.24832973]
 [ 0.2692683  -0.05209339  0.26752508]
 [ 0.25936562 -0.47422746  0.27591333]
 [ 0.36499596 -0.54323417  0.32229027]
 [-0.06926501  0.1933724   0.3167907 ]
 [-0.12277603  0.44613102  0.32493487]
 [-0.01921281  0.49505633  0.35182709]
 [-0.06882605  0.5743183   0.37839976]
 [-0.1497967   0.483077    0.20459802]
 [-0.04460998  0.4308345   0.06778729]
 [ 0.06198944  0.34070778  0.        ]
 [-0.11130956  0.37626943  0.4318004 ]
 [ 0.1098619   0.24149391  0.48058942]
 [ 0.17554757  0.13201585  0.37067032]]
[[ 0.          0.          0.31481734]
 [ 0.00345302 -0.00601471  0.38322702]
 [ 0.2629838  -0.13415182  0.37167317]
 [ 0.26918143 -0.57150227  0.36970794]
 [ 0.32309985 -0.590987    0.40798807]
 [-0.00367172  0.00585135  0.24592984]
 [ 0.26926237 -0.04343747  0.276089  ]
 [ 0.22053295 -0.45846435  0.2767317 ]
 [ 0.2990303  -0.5253083   0.31542796]
 [-0.07067865  0.19852017  0.3250652 ]
 [-0.12207511  0.45219153  0.34436032]
 [-0.01588911  0.5037868   0.37136206]
 [-0.063613    0.5834513   0.40466574]
 [-0.16067398  0.4960057   0.22221169]
 [-0.06942827  0.46119317  0.06846619]
 [ 0.0297005   0.38856012  0.        ]
 [-0.10511076  0.37643608  0.45400605]
 [ 0.10733786  0.24727523  0.49652854]
 [ 0.1577428   0.14697134  0.37242866]]
[[ 0.          0.          0.31621012]
 [ 0.00689806 -0.00445581  0.38461992]
 [ 0.2727751  -0.1490334   0.35704672]
 [ 0.2786087  -0.58496773  0.37399632]
 [ 0.34004998 -0.6132392   0.40324154]
 [-0.00709375  0.00429078  0.24736832]
 [ 0.2557746  -0.02739974  0.30492085]
 [ 0.20083672 -0.4362888   0.32422045]
 [ 0.2709449  -0.4978443   0.341812  ]
 [-0.07164629  0.19936249  0.33305475]
 [-0.12514684  0.45409754  0.35305318]
 [-0.01118281  0.5027752   0.3712723 ]
 [-0.05991885  0.58528626  0.40836158]
 [-0.16780865  0.49535143  0.23624527]
 [-0.0964267   0.45050627  0.06414104]
 [-0.00530361  0.3974909   0.        ]
 [-0.09830138  0.3813849   0.46162134]
 [ 0.10499419  0.26450723  0.5084964 ]
 [ 0.13381505  0.14273353  0.38023388]]
[[ 0.          0.          0.31093404]
 [ 0.02009298  0.00639989  0.37275663]
 [ 0.2804319  -0.06070016  0.286875  ]
 [ 0.4329362  -0.4373225   0.30808195]
 [ 0.53884137 -0.44339058  0.27817184]
 [-0.02028895 -0.00645814  0.24884437]
 [ 0.12767372 -0.07570039  0.33559427]
 [ 0.06614614 -0.51229703  0.35375765]
 [ 0.15100121 -0.5716864   0.35005134]
 [-0.07889527  0.19397835  0.32447353]
 [-0.13799274  0.43604493  0.34030622]
 [-0.02591376  0.4926603   0.34115225]
 [-0.07265157  0.56907225  0.3810036 ]
 [-0.19515046  0.48005426  0.22921646]
 [-0.15328917  0.46970385  0.05424842]
 [-0.06049851  0.49455422  0.        ]
 [-0.1002973   0.3727467   0.4538675 ]
 [ 0.07031802  0.2965198   0.536126  ]
 [ 0.07130823  0.17416842  0.39524716]]
[[ 0.          0.          0.30940545]
 [ 0.02581725  0.01668615  0.36473668]
 [ 0.2724775   0.00551495  0.23442759]
 [ 0.51967895 -0.2628323   0.25547892]
 [ 0.63251877 -0.2574742   0.1995407 ]
 [-0.02600283 -0.0166884   0.25389072]
 [ 0.04067652 -0.1202707   0.34206355]
 [-0.00735612 -0.5377349   0.357358  ]
 [ 0.06547934 -0.59670323  0.33361372]
 [-0.07403432  0.18253312  0.3200258 ]
 [-0.13003635  0.4069581   0.33132645]
 [-0.02498206  0.46600622  0.3215832 ]
 [-0.07051411  0.5371086   0.36201173]
 [-0.19304752  0.4457764   0.22583404]
 [-0.18268639  0.4412713   0.05359429]
 [-0.09647068  0.4900624   0.        ]
 [-0.08638078  0.35748845  0.44399863]
 [ 0.05215257  0.29730642  0.55348206]
 [ 0.03903284  0.1685025   0.41105193]]
[[ 0.          0.          0.2943202 ]
 [ 0.03052466  0.02721122  0.34136173]
 [ 0.25083888  0.06945533  0.16342139]
 [ 0.5416223  -0.12648317  0.16727981]
 [ 0.64257485 -0.11340234  0.10916403]
 [-0.03069697 -0.02723824  0.24716288]
 [-0.02106728 -0.18421726  0.31456533]
 [-0.05417347 -0.57998824  0.3209053 ]
 [ 0.00462118 -0.64189696  0.29809436]
 [-0.06875983  0.15872544  0.2993038 ]
 [-0.11960647  0.3605494   0.3022912 ]
 [-0.02300015  0.41764155  0.287462  ]
 [-0.06787249  0.4783163   0.32465336]
 [-0.18488646  0.3910162   0.2041528 ]
 [-0.1973207   0.4039548   0.04659238]
 [-0.10711747  0.4822598   0.        ]
 [-0.07205406  0.32599676  0.41250816]
 [ 0.03894959  0.27460548  0.54300153]
 [ 0.03418091  0.13798255  0.404404  ]]
[[ 0.          0.          0.28558296]
 [ 0.03675223  0.0377428   0.3217117 ]
 [ 0.21077067  0.12092021  0.0932371 ]
 [ 0.50852656 -0.01277803  0.07582861]
 [ 0.6035795   0.00663352  0.02179655]
 [-0.03690124 -0.03782373  0.24941005]
 [-0.07435457 -0.27455848  0.2833496 ]
 [-0.09849153 -0.65941286  0.2768879 ]
 [-0.06801115 -0.725567    0.27158827]
 [-0.05987908  0.14466894  0.28280836]
 [-0.10427096  0.3274396   0.27528   ]
 [-0.01775438  0.38345817  0.2546775 ]
 [-0.05853704  0.4342415   0.2875932 ]
 [-0.17278951  0.34552485  0.18951324]
 [-0.2143336   0.3555913   0.0451386 ]
 [-0.12805113  0.43848062  0.        ]
 [-0.05392627  0.30811685  0.3776695 ]
 [ 0.02573771  0.25859314  0.5175532 ]
 [ 0.03604323  0.09984448  0.39166746]]
[[ 0.          0.          0.30978528]
 [ 0.03910348  0.04109778  0.3381691 ]
 [ 0.176276    0.15016288  0.07166301]
 [ 0.46177492  0.05089796  0.05011305]
 [ 0.5482146   0.0658032   0.        ]
 [-0.03923257 -0.04121438  0.28141743]
 [-0.09429809 -0.3093781   0.28081587]
 [-0.12115148 -0.692091    0.26389208]
 [-0.11085224 -0.76080596  0.2705312 ]
 [-0.05561319  0.13081618  0.30015308]
 [-0.0991988   0.29696232  0.28353584]
 [-0.02039668  0.35087577  0.2592954 ]
 [-0.05872259  0.39257124  0.29232875]
 [-0.16515857  0.3071483   0.20916227]
 [-0.22559899  0.31564137  0.07431728]
 [-0.14182135  0.3960504   0.02922332]
 [-0.04855391  0.28613174  0.3788806 ]
 [ 0.01652464  0.23867281  0.5208273 ]
 [ 0.0299713   0.06858287  0.40506577]]
[[ 0.          0.          0.3303065 ]
 [ 0.04496697  0.04538426  0.35299924]
 [ 0.15146112  0.16712192  0.06292066]
 [ 0.42488402  0.06825691  0.05009013]
 [ 0.51406014  0.07883811  0.        ]
 [-0.04510857 -0.04551797  0.30768698]
 [-0.09352276 -0.3180595   0.28904527]
 [-0.11888203 -0.70097536  0.2665393 ]
 [-0.11283807 -0.76781     0.28015563]
 [-0.0579894   0.1221072   0.31535375]
 [-0.1070939   0.27712178  0.2914467 ]
 [-0.03378445  0.3327967   0.26170886]
 [-0.07223716  0.36976337  0.29369456]
 [-0.1776104   0.27843586  0.22593369]
 [-0.25257176  0.2851809   0.09480491]
 [-0.16638276  0.37738174  0.04929885]
 [-0.05127656  0.2719698   0.38094577]
 [ 0.01692926  0.22548205  0.5208185 ]
 [ 0.03523343  0.06337273  0.40941173]]
[[ 0.          0.          0.342601  ]
 [ 0.05077219  0.04650793  0.35974085]
 [ 0.12872936  0.18434662  0.0539214 ]
 [ 0.39102262  0.08030605  0.04890195]
 [ 0.48199695  0.09028205  0.        ]
 [-0.0509195  -0.04665634  0.32556003]
 [-0.09744447 -0.32799315  0.2865464 ]
 [-0.11400221 -0.70144725  0.256038  ]
 [-0.11103237 -0.76477015  0.27557975]
 [-0.05705681  0.11895479  0.3225255 ]
 [-0.10954529  0.26866707  0.29205996]
 [-0.04146026  0.3272665   0.2576418 ]
 [-0.07957046  0.35969442  0.28817773]
 [-0.18440211  0.26477897  0.23538268]
 [-0.27341002  0.2605619   0.10342953]
 [-0.19166422  0.3534574   0.05146694]
 [-0.0475055   0.26643273  0.37578005]
 [ 0.02551012  0.21205413  0.50669944]
 [ 0.04125334  0.04651279  0.3908116 ]]
[[ 0.          0.          0.3518651 ]
 [ 0.06041251  0.05210833  0.3625846 ]
 [ 0.09427012  0.1968901   0.03051513]
 [ 0.35417396  0.09374365  0.05157864]
 [ 0.44939578  0.10290322  0.        ]
 [-0.06058744 -0.05225697  0.34123662]
 [-0.09465747 -0.34027755  0.27154136]
 [-0.0946001  -0.70679116  0.23231882]
 [-0.0901189  -0.7686832   0.25176865]
 [-0.05911975  0.12188776  0.32408822]
 [-0.11832607  0.27323323  0.28204986]
 [-0.05911079  0.33428925  0.23450327]
 [-0.09437034  0.36740032  0.26809257]
 [-0.20323336  0.25787842  0.23921442]
 [-0.30873483  0.24708134  0.10378371]
 [-0.22983128  0.35471973  0.04671037]
 [-0.04416834  0.27567238  0.35654593]
 [ 0.04964705  0.20946807  0.46891484]
 [ 0.06028834  0.05444366  0.34121284]]
[[ 0.          0.          0.35268468]
 [ 0.06855428  0.05512148  0.35662857]
 [ 0.06336324  0.2043742   0.00636241]
 [ 0.3199554   0.09055796  0.05534923]
 [ 0.41995233  0.09956047  0.        ]
 [-0.06874871 -0.05527532  0.3488159 ]
 [-0.09040746 -0.35401505  0.2457012 ]
 [-0.07627876 -0.72281694  0.19723141]
 [-0.06686203 -0.78459126  0.2083906 ]
 [-0.0618917   0.12046837  0.31529486]
 [-0.12869751  0.27185005  0.25867718]
 [-0.07758817  0.3354028   0.197205  ]
 [-0.11121345  0.37191188  0.23187894]
 [-0.21988982  0.24963738  0.23073563]
 [-0.3434268   0.22769761  0.08993283]
 [-0.26587358  0.35529983  0.0247615 ]
 [-0.04263146  0.2772978   0.32676825]
 [ 0.08152707  0.2091957   0.41191778]
 [ 0.08095714  0.07176788  0.26294142]]
[[ 0.          0.          0.36073267]
 [ 0.07368212  0.05874245  0.35955107]
 [ 0.03530433  0.21560365  0.        ]
 [ 0.28708342  0.07333142  0.07187074]
 [ 0.392244    0.07837218  0.00917327]
 [-0.07388853 -0.05892574  0.36194897]
 [-0.08669539 -0.3633846   0.21470833]
 [-0.04690276 -0.74260324  0.1724686 ]
 [-0.03064811 -0.80669     0.16851813]
 [-0.06494556  0.12578265  0.31585172]
 [-0.13861798  0.28414717  0.24812308]
 [-0.09504706  0.3497405   0.17072701]
 [-0.124244    0.3931526   0.208433  ]
 [-0.23701349  0.25302732  0.23516667]
 [-0.37303293  0.2146437   0.08731461]
 [-0.2973081   0.37331074  0.01142323]
 [-0.03791368  0.294544    0.30825517]
 [ 0.12333187  0.23083636  0.35440233]
 [ 0.11680864  0.13768639  0.18349394]]
[[ 0.          0.          0.36861873]
 [ 0.0780811   0.06128357  0.36099464]
 [ 0.00496849  0.22670943  0.        ]
 [ 0.2565566   0.06098516  0.08890402]
 [ 0.36846745  0.06201154  0.01969433]
 [-0.07829775 -0.06147108  0.37620363]
 [-0.09269499 -0.34583154  0.15824425]
 [-0.01760608 -0.74712694  0.1558035 ]
 [ 0.01033711 -0.80990404  0.13647711]
 [-0.06831884  0.13513073  0.32421634]
 [-0.14743412  0.3001594   0.25378296]
 [-0.10696752  0.36640203  0.16534156]
 [-0.13513482  0.41476148  0.20645362]
 [-0.25553092  0.2633048   0.2543238 ]
 [-0.38434768  0.22879463  0.09922192]
 [-0.32159638  0.38811326  0.00613451]
 [-0.03275134  0.31225598  0.30620384]
 [ 0.1652738   0.2644166   0.2938341 ]
 [ 0.13965347  0.20331457  0.09805301]]
[[ 0.          0.          0.37723902]
 [ 0.08314756  0.06484164  0.36259323]
 [-0.03557871  0.24198991  0.00639364]
 [ 0.22109681  0.04250948  0.10522798]
 [ 0.33921996  0.04757681  0.02889982]
 [-0.08334143 -0.06502862  0.39174613]
 [-0.11963642 -0.28290302  0.09823942]
 [ 0.00400358 -0.700906    0.16584507]
 [ 0.04133797 -0.75570595  0.12500158]
 [-0.07329859  0.15613806  0.34301934]
 [-0.15628338  0.34148344  0.2780432 ]
 [-0.12038594  0.40659437  0.1796284 ]
 [-0.14780757  0.45966506  0.22257903]
 [-0.27851534  0.29673463  0.2932228 ]
 [-0.39628506  0.24756235  0.11922187]
 [-0.34376293  0.39130554  0.        ]
 [-0.02502325  0.35407543  0.32103807]
 [ 0.1916093   0.3076581   0.23762903]
 [ 0.13606326  0.27367026  0.02446008]]
[[ 0.          0.          0.3800298 ]
 [ 0.08526461  0.06591993  0.36012843]
 [-0.05623196  0.2449789   0.00610328]
 [ 0.20391016  0.03621137  0.10873359]
 [ 0.3219831   0.04452282  0.02803886]
 [-0.08545168 -0.06608882  0.3997406 ]
 [-0.14143623 -0.23364416  0.0751712 ]
 [ 0.00814551 -0.6548404   0.17284364]
 [ 0.0469943  -0.7031603   0.12280464]
 [-0.0731865   0.16843463  0.35690862]
 [-0.15630037  0.36234954  0.29978353]
 [-0.12334725  0.42738432  0.19820544]
 [-0.14753506  0.48300388  0.24407113]
 [-0.28357694  0.31652987  0.32171792]
 [-0.38741893  0.26642454  0.13759369]
 [-0.3388654   0.39765787  0.00325054]
 [-0.01946773  0.37570935  0.33658868]
 [ 0.19502485  0.33439684  0.21805428]
 [ 0.12651624  0.31692255  0.        ]]
[[ 0.          0.          0.40112132]
 [ 0.08842156  0.06781892  0.3769215 ]
 [-0.0749912   0.23776254  0.02601454]
 [ 0.18636033  0.02206147  0.13192934]
 [ 0.2996208   0.02997899  0.04715577]
 [-0.08861735 -0.06796637  0.42509437]
 [-0.17520182 -0.19382581  0.08025578]
 [ 0.00341469 -0.6111814   0.1982643 ]
 [ 0.04200292 -0.65933347  0.14035356]
 [-0.07422428  0.1770273   0.38754153]
 [-0.15869036  0.37874076  0.33734986]
 [-0.12816471  0.4443698   0.23381224]
 [-0.14984554  0.5014086   0.27986813]
 [-0.28998053  0.33170098  0.36332262]
 [-0.37785888  0.2791352   0.16678372]
 [-0.33419794  0.38333172  0.01502058]
 [-0.01583868  0.39523575  0.37131482]
 [ 0.18962628  0.36293694  0.22138797]
 [ 0.10889181  0.35952938  0.        ]]
[[ 0.          0.          0.40600574]
 [ 0.0906178   0.06821318  0.37860587]
 [-0.09338748  0.22600064  0.03353405]
 [ 0.16754276 -0.00449628  0.14115018]
 [ 0.27346048  0.00846589  0.05372241]
 [-0.0908008  -0.06836209  0.43310076]
 [-0.20750794 -0.15112063  0.07808512]
 [-0.00077181 -0.5609064   0.21651632]
 [ 0.03649038 -0.60600215  0.15192986]
 [-0.07076168  0.18807045  0.40549523]
 [-0.15350288  0.39789316  0.3675842 ]
 [-0.12600824  0.46778682  0.26492056]
 [-0.14589271  0.5239963   0.30855078]
 [-0.29011112  0.34921288  0.3954402 ]
 [-0.35891974  0.2876883   0.18011366]
 [-0.3156665   0.37723118  0.01566553]
 [-0.00507195  0.41616052  0.39756313]
 [ 0.18407191  0.3926983   0.22064933]
 [ 0.09284632  0.4093082   0.        ]]
[[ 0.0000000e+00  0.0000000e+00  4.1770551e-01]
 [ 9.3313560e-02  6.7144871e-02  3.8514471e-01]
 [-1.0322055e-01  2.2861993e-01  4.2540103e-02]
 [ 1.5765941e-01  5.4924190e-03  1.5308604e-01]
 [ 2.5857678e-01  2.3766786e-02  6.2480837e-02]
 [-9.3479581e-02 -6.7276374e-02  4.4996029e-01]
 [-2.5257498e-01 -1.3622189e-01  1.1306468e-01]
 [-1.8836379e-02 -5.3902531e-01  2.1447352e-01]
 [ 1.3316125e-02 -5.8171129e-01  1.4435568e-01]
 [-6.6808209e-02  1.9427536e-01  4.2982447e-01]
 [-1.4947039e-01  4.0230295e-01  4.0220621e-01]
 [-1.2658584e-01  4.6914127e-01  2.9916185e-01]
 [-1.4181712e-01  5.2726090e-01  3.4552753e-01]
 [-2.8664741e-01  3.5707885e-01  4.3475345e-01]
 [-3.4832793e-01  3.0080140e-01  2.1312019e-01]
 [-3.0211806e-01  3.6382011e-01  2.4800003e-02]
 [ 4.3338537e-04  4.2148572e-01  4.2899343e-01]
 [ 1.7056087e-01  4.0779203e-01  2.2771518e-01]
 [ 6.8538696e-02  4.3622118e-01  0.0000000e+00]]
[[ 0.          0.          0.43005404]
 [ 0.0960407   0.06717003  0.39285958]
 [-0.11156189  0.22291401  0.05528027]
 [ 0.14526615 -0.00565618  0.16192034]
 [ 0.23135602  0.01584625  0.06593594]
 [-0.09616945 -0.06730096  0.4668558 ]
 [-0.29252943 -0.09342283  0.14019829]
 [-0.0444543  -0.46841174  0.21803132]
 [-0.01415554 -0.49725786  0.12976393]
 [-0.06444962  0.20282829  0.4492628 ]
 [-0.14568073  0.41351312  0.42787692]
 [-0.12492603  0.4818477   0.32664323]
 [-0.13976678  0.5369513   0.37180892]
 [-0.2856856   0.365291    0.4639619 ]
 [-0.34902596  0.31132507  0.23020203]
 [-0.3010812   0.38434723  0.02579841]
 [ 0.00687984  0.43793812  0.4529885 ]
 [ 0.15557057  0.44303185  0.22998124]
 [ 0.04736177  0.48768806  0.        ]]
[[ 0.          0.          0.45267472]
 [ 0.09856815  0.06410731  0.4118472 ]
 [-0.11857527  0.21011302  0.0819914 ]
 [ 0.12431382 -0.03711653  0.17130503]
 [ 0.19475906 -0.00741342  0.07068148]
 [-0.09867176 -0.06422754  0.49303997]
 [-0.33027574 -0.04205267  0.17884722]
 [-0.09009217 -0.36485162  0.2295177 ]
 [-0.05974148 -0.36510727  0.11563173]
 [-0.06175268  0.2134239   0.47363353]
 [-0.14081582  0.4291473   0.45439714]
 [-0.12270439  0.50087905  0.35927284]
 [-0.13511264  0.5521073   0.39781463]
 [-0.28630996  0.37887987  0.49251866]
 [-0.35864407  0.32503483  0.25274056]
 [-0.31451792  0.4006755   0.03315452]
 [ 0.01455969  0.45647946  0.4776997 ]
 [ 0.13311264  0.47337157  0.23016664]
 [ 0.01640564  0.5287694   0.        ]]
[[ 0.          0.          0.46966624]
 [ 0.09999024  0.06139211  0.42681113]
 [-0.12754741  0.19022122  0.10061741]
 [ 0.10527791 -0.06846198  0.17554635]
 [ 0.16135186 -0.03348446  0.07301635]
 [-0.10008051 -0.06149134  0.51199067]
 [-0.35043845 -0.01892215  0.203731  ]
 [-0.12869103 -0.28660798  0.24190685]
 [-0.09539758 -0.26141995  0.10528091]
 [-0.05996883  0.22036386  0.48879075]
 [-0.13763702  0.44036907  0.46892336]
 [-0.11881691  0.5123974   0.37794575]
 [-0.13059023  0.5628935   0.4129969 ]
 [-0.28715688  0.39008456  0.50758207]
 [-0.36681503  0.331658    0.26488873]
 [-0.329724    0.40041286  0.03397524]
 [ 0.01942435  0.46793765  0.49162915]
 [ 0.11593249  0.48979348  0.23128138]
 [-0.00730245  0.5466726   0.        ]]
