[[ 0.          0.          0.6589078 ]
 [ 0.09708679  0.05702357  0.6742717 ]
 [-0.07414192  0.31418812  0.4673979 ]
 [-0.11075449  0.36925966  0.04169512]
 [-0.23689201  0.4879992   0.        ]
 [-0.09731798 -0.0572315   0.64284825]
 [ 0.08943136 -0.07625669  0.3090161 ]
 [ 0.37710786 -0.39605552  0.31394923]
 [ 0.51034147 -0.37078992  0.21089855]
 [-0.02019066  0.04483598  0.88704485]
 [-0.05069324  0.10425544  1.1266668 ]
 [-0.08655903  0.21944028  1.13446   ]
 [-0.10949704  0.2310766   1.2584482 ]
 [-0.2059831   0.07056457  1.1179243 ]
 [-0.27251703 -0.01343548  0.92365444]
 [-0.23658001  0.20378408  0.8951143 ]
 [ 0.10356063  0.07778966  1.0973006 ]
 [ 0.33388287 -0.0435583   1.0643921 ]
 [ 0.48487207 -0.05340254  0.86728525]]
[[ 0.          0.          0.6943315 ]
 [ 0.09982188  0.05042009  0.7106513 ]
 [-0.03263247  0.32665965  0.46688828]
 [-0.06708892  0.3571277   0.03786409]
 [-0.17816812  0.47398102  0.        ]
 [-0.10003822 -0.05054977  0.6773627 ]
 [ 0.04350541 -0.02713668  0.32477018]
 [ 0.3279018  -0.40315312  0.41104972]
 [ 0.48381805 -0.387506    0.3493556 ]
 [-0.01125581  0.06974486  0.9125273 ]
 [-0.03538678  0.15652174  1.1397753 ]
 [-0.07704973  0.26882398  1.1487715 ]
 [-0.09868985  0.27847427  1.2702861 ]
 [-0.18902808  0.11917433  1.1378503 ]
 [-0.25088063 -0.00827485  0.9541527 ]
 [-0.20628151  0.18015718  0.8346794 ]
 [ 0.11898409  0.13293082  1.105799  ]
 [ 0.32504353  0.02372909  1.006534  ]
 [ 0.41296512  0.06376712  0.78434   ]]
[[ 0.          0.          0.72886634]
 [ 0.10138816  0.04635183  0.74542224]
 [ 0.02166559  0.3290748   0.47027028]
 [ 0.01268742  0.30807555  0.04690701]
 [-0.0846459   0.42772174  0.        ]
 [-0.10156226 -0.04642458  0.7117271 ]
 [-0.0219149   0.03331512  0.34915903]
 [ 0.24565125 -0.40328813  0.48394927]
 [ 0.40580338 -0.39670247  0.44310436]
 [-0.00207585  0.09516785  0.93692124]
 [-0.02073041  0.21211204  1.152267  ]
 [-0.06829616  0.32064992  1.1628424 ]
 [-0.09069535  0.329251    1.28401   ]
 [-0.16712138  0.16886955  1.1537807 ]
 [-0.21191908 -0.00616182  0.9769674 ]
 [-0.16299948  0.11371159  0.80627066]
 [ 0.13159871  0.19575113  1.1135118 ]
 [ 0.3029282   0.13211033  0.95282435]
 [ 0.3211214   0.2480714   0.7481388 ]]
[[ 0.          0.          0.7079107 ]
 [ 0.10835038  0.0522767   0.71844506]
 [ 0.11231375  0.3354983   0.43607035]
 [ 0.17338562  0.24516898  0.06210452]
 [ 0.07934994  0.36385444  0.        ]
 [-0.1085045  -0.05222439  0.69689316]
 [-0.10729881  0.10963076  0.3742373 ]
 [ 0.13889238 -0.31154978  0.46445787]
 [ 0.2576883  -0.28357     0.36768225]
 [-0.00163675  0.11069337  0.9084609 ]
 [-0.02239434  0.25080228  1.1191325 ]
 [-0.07506561  0.35990524  1.1343491 ]
 [-0.09741363  0.3627808   1.2592096 ]
 [-0.16570312  0.19109908  1.1241562 ]
 [-0.15336157 -0.0221874   0.96526945]
 [-0.11441775 -0.02686659  0.7915772 ]
 [ 0.13791238  0.24674228  1.0727501 ]
 [ 0.24447924  0.21715662  0.85261333]
 [ 0.15531874  0.3708988   0.7433215 ]]
[[ 0.          0.          0.6706467 ]
 [ 0.10996616  0.05320907  0.6667328 ]
 [ 0.24074823  0.28245717  0.37755182]
 [ 0.41224962  0.0369643   0.12563032]
 [ 0.3485149   0.11420864  0.        ]
 [-0.10998124 -0.05307166  0.6742231 ]
 [-0.15525845  0.2625221   0.48328102]
 [-0.00604721 -0.05941838  0.29114735]
 [-0.03419068  0.02172649  0.13412195]
 [-0.0134282   0.0954546   0.87591124]
 [-0.04642117  0.20819187  1.0973079 ]
 [-0.10311528  0.3104223   1.1201662 ]
 [-0.12180413  0.29998428  1.2423909 ]
 [-0.18375741  0.13305381  1.1031718 ]
 [-0.10368732 -0.1072692   1.0679942 ]
 [-0.05769352 -0.2164613   0.9223628 ]
 [ 0.10753027  0.22432673  1.0466292 ]
 [ 0.15413149  0.3144436   0.8142644 ]
 [-0.00970981  0.46522278  0.8882245 ]]
[[ 0.          0.          0.6344621 ]
 [ 0.1077375   0.04891056  0.63100916]
 [ 0.29723117  0.25667623  0.36864984]
 [ 0.49651468 -0.0245468   0.16811752]
 [ 0.4710132   0.01515597  0.        ]
 [-0.1077569  -0.04876226  0.6377014 ]
 [-0.1738764   0.29396638  0.48556638]
 [-0.09315789  0.0780302   0.15311441]
 [-0.15277967  0.17930248  0.02111584]
 [-0.02113882  0.07192953  0.84657496]
 [-0.06175578  0.15904135  1.0746077 ]
 [-0.11943817  0.26271293  1.0938    ]
 [-0.13856119  0.24412704  1.2091761 ]
 [-0.19161569  0.09218138  1.0805333 ]
 [-0.10063047 -0.13918427  1.1964447 ]
 [-0.06925411 -0.28581905  1.0758691 ]
 [ 0.08802334  0.1774475   1.0347841 ]
 [ 0.12889344  0.2946778   0.80351186]
 [-0.04637814  0.42038238  0.9254656 ]]
[[ 0.          0.          0.60881186]
 [ 0.11020741  0.04624007  0.6120148 ]
 [ 0.26765767  0.19514163  0.33023444]
 [ 0.46009958 -0.18795377  0.31965947]
 [ 0.4889009  -0.18479228  0.15933949]
 [-0.1102731  -0.04612204  0.6056664 ]
 [-0.19542211  0.32788336  0.45518535]
 [-0.17770404  0.30369896  0.06733602]
 [-0.25149286  0.43626598  0.        ]
 [-0.0276977   0.06950372  0.8215766 ]
 [-0.08648503  0.14367813  1.0524547 ]
 [-0.16808447  0.23327762  1.0733871 ]
 [-0.1963116   0.23313802  1.1957579 ]
 [-0.19848967  0.07043284  1.0397339 ]
 [-0.09680445 -0.13551486  1.1279519 ]
 [-0.07962336 -0.22408046  1.001576  ]
 [ 0.05515304  0.16671437  1.0186372 ]
 [ 0.13017265  0.25660625  0.78413785]
 [-0.0415514   0.40126365  0.82767266]]
[[ 0.          0.          0.5937928 ]
 [ 0.10530908  0.04310523  0.5999287 ]
 [ 0.13783468  0.07213706  0.25364098]
 [ 0.25094396 -0.38508323  0.40039667]
 [ 0.33115608 -0.4127843   0.35652462]
 [-0.1054211  -0.04309572  0.58794504]
 [-0.17425153  0.33968854  0.3783214 ]
 [-0.15813166  0.5316882   0.0113039 ]
 [-0.23532975  0.6835888   0.        ]
 [-0.03490554  0.08181557  0.79253244]
 [-0.10754654  0.1560263   1.0124176 ]
 [-0.21858871  0.22442329  1.0274627 ]
 [-0.23983705  0.23205328  1.150394  ]
 [-0.19984421  0.0720157   0.972162  ]
 [-0.13921654 -0.10254653  0.82524204]
 [-0.15520734 -0.01684054  0.67510366]
 [ 0.02628624  0.18087026  0.9927679 ]
 [ 0.18089187  0.19454356  0.7670306 ]
 [ 0.15725599  0.34141624  0.6148483 ]]
[[ 0.          0.          0.6042346 ]
 [ 0.10145514  0.0478231   0.6118606 ]
 [ 0.07320631  0.06652468  0.2533352 ]
 [ 0.17556345 -0.40673518  0.41484767]
 [ 0.24959958 -0.44317305  0.38725916]
 [-0.10157109 -0.04781267  0.59686077]
 [-0.15368694  0.32901934  0.3769842 ]
 [-0.09753424  0.53041106  0.02254033]
 [-0.17453825  0.68364304  0.        ]
 [-0.03696278  0.08489642  0.7998977 ]
 [-0.1112757   0.16025963  1.0168005 ]
 [-0.22700572  0.22128421  1.0347657 ]
 [-0.24098748  0.2255792   1.1548101 ]
 [-0.20229678  0.07207179  0.9761395 ]
 [-0.13653101 -0.095838    0.7772115 ]
 [-0.17533992  0.04880634  0.6317914 ]
 [ 0.02189381  0.18809247  0.99757135]
 [ 0.20452727  0.16874912  0.7926476 ]
 [ 0.23680364  0.28514567  0.5795942 ]]
[[ 0.          0.          0.6306898 ]
 [ 0.10260042  0.05853222  0.6394018 ]
 [-0.02047186  0.12275092  0.307326  ]
 [ 0.12277266 -0.3268522   0.42350814]
 [ 0.15168697 -0.34632206  0.3321882 ]
 [-0.10272057 -0.05856753  0.62201786]
 [-0.11424461  0.29339495  0.36831164]
 [ 0.00205715  0.46688718  0.04084164]
 [-0.07853103  0.6251961   0.        ]
 [-0.04570706  0.08426519  0.82537955]
 [-0.12429307  0.15989959  1.0441277 ]
 [-0.23181176  0.23175308  1.0693331 ]
 [-0.24538636  0.2283706   1.1910038 ]
 [-0.23438889  0.06808817  1.0068159 ]
 [-0.20521832 -0.1016978   0.7876121 ]
 [-0.24547416  0.10269552  0.6874736 ]
 [ 0.02223381  0.18328297  1.0230994 ]
 [ 0.25821114  0.13691925  0.8859509 ]
 [ 0.37591916  0.21940976  0.6695591 ]]
[[ 0.          0.          0.617303  ]
 [ 0.09486434  0.06310301  0.631697  ]
 [-0.12527966  0.24565943  0.4319684 ]
 [ 0.0147409  -0.10425031  0.28874946]
 [-0.01812422 -0.04380825  0.14769018]
 [-0.0949709  -0.06323995  0.6023685 ]
 [ 0.0026688   0.18997605  0.3090636 ]
 [ 0.22153243  0.28643033  0.08201033]
 [ 0.1744894   0.43851826  0.        ]
 [-0.04391293  0.06777638  0.8253565 ]
 [-0.10465789  0.1376827   1.0577027 ]
 [-0.1908054   0.23270726  1.0936798 ]
 [-0.20032662  0.22760534  1.2160276 ]
 [-0.24272174  0.07760161  1.0241854 ]
 [-0.2987039  -0.03273144  0.7775152 ]
 [-0.3017467   0.18561044  0.84665155]
 [ 0.04985785  0.13021082  1.033495  ]
 [ 0.31500375  0.01986372  1.0171258 ]
 [ 0.5056686   0.02358395  0.83213174]]
[[ 0.0000000e+00  0.0000000e+00  5.6296450e-01]
 [ 9.2768222e-02  5.7831466e-02  5.8269972e-01]
 [-1.5795368e-01  2.8202668e-01  4.7221616e-01]
 [-7.0121713e-02  7.7223957e-02  1.3707086e-01]
 [-1.5755796e-01  1.8386108e-01  2.1469533e-02]
 [-9.2893474e-02 -5.8027253e-02  5.4249638e-01]
 [ 7.9427138e-02  1.4472724e-01  2.6463974e-01]
 [ 3.3206940e-01  1.7306587e-01  1.2506354e-01]
 [ 3.4037185e-01  2.9388857e-01  0.0000000e+00]
 [-3.6982786e-02  5.1808685e-02  7.7714378e-01]
 [-8.4176704e-02  1.1260134e-01  1.0161637e+00]
 [-1.5379825e-01  2.2302622e-01  1.0529416e+00]
 [-1.6126212e-01  2.1373445e-01  1.1792676e+00]
 [-2.3399025e-01  7.2420478e-02  9.8903954e-01]
 [-3.1654286e-01 -5.2908063e-04  7.4926853e-01]
 [-2.7627933e-01  2.0066655e-01  8.7907118e-01]
 [ 7.2610386e-02  9.1177523e-02  9.8832810e-01]
 [ 3.3244729e-01 -2.7191669e-02  1.0139487e+00]
 [ 5.2727157e-01 -4.4295192e-02  8.4844744e-01]]
[[ 0.          0.          0.57332754]
 [ 0.09653302  0.04944081  0.59008163]
 [-0.12973028  0.2940658   0.47641855]
 [-0.12779146  0.2565035   0.06143856]
 [-0.24330914  0.38290262  0.        ]
 [-0.09670928 -0.04964438  0.55573463]
 [ 0.10665713  0.09286799  0.265118  ]
 [ 0.39004225 -0.00884551  0.24659696]
 [ 0.4638458   0.08393937  0.11630908]
 [-0.02441393  0.04300945  0.7917558 ]
 [-0.05755268  0.10236549  1.032054  ]
 [-0.11246654  0.21695843  1.0668918 ]
 [-0.12271085  0.20894998  1.194386  ]
 [-0.21472868  0.07363737  1.0150611 ]
 [-0.31427485 -0.00416145  0.78188205]
 [-0.24671307  0.22622946  0.8629063 ]
 [ 0.10166349  0.07416666  0.9990058 ]
 [ 0.34737375 -0.0487462   1.0011293 ]
 [ 0.5181929  -0.05154821  0.8099743 ]]
[[ 0.          0.          0.5872023 ]
 [ 0.10288882  0.04398907  0.60293674]
 [-0.03490083  0.3622916   0.42303306]
 [-0.08887222  0.4340043   0.01411927]
 [-0.19394147  0.5604775   0.        ]
 [-0.10314277 -0.0440947   0.5706572 ]
 [ 0.06851014  0.08034435  0.25672138]
 [ 0.3629784  -0.16206852  0.37481934]
 [ 0.4939162  -0.10657045  0.30300674]
 [-0.00312149  0.06791911  0.79915214]
 [-0.01742326  0.15042526  1.0293359 ]
 [-0.06747174  0.25466394  1.063956  ]
 [-0.07416758  0.24487627  1.1902943 ]
 [-0.17027113  0.11596715  1.0251456 ]
 [-0.2601839  -0.02015415  0.8307835 ]
 [-0.20970553  0.18985766  0.7358943 ]
 [ 0.13774681  0.13260892  0.98544717]
 [ 0.35766512  0.03432858  0.89224344]
 [ 0.43844432  0.076647    0.66653347]]
[[ 0.          0.          0.6294616 ]
 [ 0.10456392  0.04200041  0.6444869 ]
 [ 0.01972303  0.3763981   0.42637193]
 [-0.02642538  0.41602984  0.02282155]
 [-0.1178408   0.54421604  0.        ]
 [-0.10479382 -0.04204761  0.61371666]
 [ 0.01013846  0.09946895  0.288973  ]
 [ 0.2878558  -0.21676275  0.4380663 ]
 [ 0.43165946 -0.17522083  0.39395928]
 [ 0.00859635  0.08698139  0.8325044 ]
 [ 0.00188652  0.19297674  1.0537957 ]
 [-0.05224878  0.29289985  1.0932882 ]
 [-0.05382165  0.28373176  1.2198716 ]
 [-0.14553916  0.150437    1.0508368 ]
 [-0.21686512 -0.02646111  0.8651098 ]
 [-0.17608263  0.12715746  0.69196093]
 [ 0.1535441   0.18070295  1.002159  ]
 [ 0.33663     0.10771425  0.84582955]
 [ 0.3539588   0.21894595  0.63261116]]
[[ 0.          0.          0.6459734 ]
 [ 0.10874414  0.04659124  0.65838414]
 [ 0.08537611  0.38599104  0.4218514 ]
 [ 0.09449122  0.37493724  0.0428319 ]
 [-0.00518197  0.505745    0.        ]
 [-0.10892324 -0.0465519   0.6330046 ]
 [-0.06648469  0.13131711  0.32164162]
 [ 0.19331127 -0.22888988  0.45544004]
 [ 0.3255611  -0.18955019  0.3842073 ]
 [ 0.01321788  0.09858888  0.8443076 ]
 [ 0.00867606  0.2196295   1.0622742 ]
 [-0.04845825  0.31882814  1.107714  ]
 [-0.04798763  0.30762768  1.2313136 ]
 [-0.13535653  0.16387814  1.0583786 ]
 [-0.16358382 -0.0298849   0.86589545]
 [-0.11592776  0.08144276  0.68814445]
 [ 0.16345939  0.21631864  1.0047553 ]
 [ 0.29677585  0.18046258  0.7999996 ]
 [ 0.25096828  0.3428706   0.6413308 ]]
[[ 0.          0.          0.62444556]
 [ 0.11218289  0.04415747  0.62624323]
 [ 0.22201177  0.34166583  0.3596359 ]
 [ 0.3524192   0.17973977  0.09390676]
 [ 0.2716192   0.28464943  0.        ]
 [-0.1122904  -0.043965    0.62231076]
 [-0.15229419  0.28995246  0.43323046]
 [ 0.01501229 -0.0344404   0.34003174]
 [ 0.02952759  0.04676601  0.1986773 ]
 [ 0.00257484  0.0882584   0.82734734]
 [-0.01151142  0.19435102  1.0520469 ]
 [-0.06363839  0.2859226   1.1037778 ]
 [-0.0652467   0.25937366  1.2209285 ]
 [-0.15012126  0.12385708  1.0576549 ]
 [-0.10207442 -0.12485507  0.9670916 ]
 [-0.06210168 -0.10841918  0.779688  ]
 [ 0.13894643  0.20444578  0.98883796]
 [ 0.18469574  0.25420523  0.7469456 ]
 [ 0.04065606  0.41904336  0.7729705 ]]
[[ 0.          0.          0.6007532 ]
 [ 0.10758328  0.04816341  0.59642094]
 [ 0.27352798  0.2998568   0.33577996]
 [ 0.4845602   0.0513989   0.13470805]
 [ 0.4348979   0.11070651  0.        ]
 [-0.10761978 -0.04795662  0.60493666]
 [-0.18403697  0.32910764  0.49729255]
 [-0.10409109  0.09163252  0.19020486]
 [-0.14148733  0.19722435  0.06463397]
 [-0.00793406  0.07086775  0.8102841 ]
 [-0.0320746   0.14489645  1.0459127 ]
 [-0.08155398  0.24164993  1.0969193 ]
 [-0.08151954  0.20250928  1.2103887 ]
 [-0.16203503  0.07897264  1.0533441 ]
 [-0.04750361 -0.15876535  1.1048472 ]
 [-0.03403215 -0.23195814  0.9397721 ]
 [ 0.11277123  0.16870198  0.98506314]
 [ 0.14199936  0.28497523  0.7589247 ]
 [-0.0169052   0.4189343   0.8770255 ]]
[[ 0.          0.          0.55369246]
 [ 0.10522852  0.04818957  0.5509426 ]
 [ 0.27305958  0.26483977  0.29238778]
 [ 0.5064172  -0.02422637  0.182084  ]
 [ 0.4956141   0.00654954  0.01692498]
 [-0.10528373 -0.04800949  0.5564712 ]
 [-0.21229258  0.330171    0.44998893]
 [-0.17991522  0.20875335  0.09493133]
 [-0.23567653  0.33388156  0.        ]
 [-0.01838153  0.06191695  0.7661692 ]
 [-0.05260317  0.12704378  1.0028584 ]
 [-0.10818183  0.21920216  1.0566963 ]
 [-0.10594672  0.17831504  1.1680413 ]
 [-0.17766675  0.06445265  1.0049906 ]
 [-0.0495894  -0.15736866  1.06139   ]
 [-0.03213485 -0.22039206  0.922997  ]
 [ 0.09066103  0.14964056  0.94646585]
 [ 0.12703729  0.2596634   0.72222066]
 [-0.03211597  0.39201224  0.83078045]]
[[ 0.          0.          0.5245632 ]
 [ 0.10741091  0.04302834  0.5236442 ]
 [ 0.1904863   0.16244426  0.21490297]
 [ 0.3569665  -0.2540604   0.30613863]
 [ 0.43232977 -0.25466096  0.18881017]
 [-0.10753165 -0.04293295  0.52574676]
 [-0.19582444  0.3599365   0.3774055 ]
 [-0.210058    0.50374025  0.01751214]
 [-0.2945612   0.6432893   0.        ]
 [-0.03411312  0.06684837  0.732067  ]
 [-0.09347945  0.12176359  0.9661581 ]
 [-0.1790007   0.1991629   1.0296154 ]
 [-0.17364702  0.17089283  1.1431646 ]
 [-0.20973153  0.06181112  0.9361044 ]
 [-0.12157498 -0.10186702  0.8349703 ]
 [-0.06160885 -0.008131    0.6814539 ]
 [ 0.05296337  0.13473225  0.9248181 ]
 [ 0.16682105  0.17892978  0.6931478 ]
 [ 0.06864621  0.35453132  0.64178145]]
[[ 0.          0.          0.54726326]
 [ 0.10530458  0.04299516  0.54768926]
 [ 0.08816814  0.13072956  0.20087296]
 [ 0.2139025  -0.3133251   0.35326755]
 [ 0.29871613 -0.3262654   0.27221093]
 [-0.1054565  -0.04293613  0.5470939 ]
 [-0.17076367  0.34503826  0.347552  ]
 [-0.14981005  0.5462173   0.00142884]
 [-0.24089736  0.69900346  0.        ]
 [-0.03470154  0.0798545   0.7445078 ]
 [-0.10191393  0.13424796  0.97323686]
 [-0.20077628  0.2023162   1.04185   ]
 [-0.19345495  0.18014121  1.1557868 ]
 [-0.21269284  0.06876513  0.9328619 ]
 [-0.14767085 -0.0820456   0.74398506]
 [-0.10834236  0.07357656  0.56691456]
 [ 0.04254109  0.15064308  0.9319124 ]
 [ 0.20051146  0.13537844  0.7143806 ]
 [ 0.19003387  0.2810436   0.54385066]]
[[ 0.          0.          0.5841738 ]
 [ 0.09982799  0.05226018  0.58632326]
 [-0.0170965   0.16537248  0.26834422]
 [ 0.1063537  -0.2683814   0.39867544]
 [ 0.16978452 -0.2757675   0.28113663]
 [-0.09999104 -0.05222475  0.582071  ]
 [-0.12516198  0.32321984  0.35910103]
 [-0.03953682  0.48860425  0.02678514]
 [-0.1230773   0.64451885  0.        ]
 [-0.03484655  0.08538154  0.77744764]
 [-0.1011728   0.13904655  1.0082798 ]
 [-0.20568746  0.2032744   1.0858754 ]
 [-0.1927591   0.1743766   1.1975278 ]
 [-0.2186392   0.0668962   0.96608526]
 [-0.20577565 -0.07771374  0.7488993 ]
 [-0.18935326  0.13760325  0.5930867 ]
 [ 0.04532675  0.1555515   0.9669775 ]
 [ 0.24811116  0.10729772  0.79809356]
 [ 0.33403355  0.23147476  0.5834571 ]]
[[ 0.          0.          0.6020007 ]
 [ 0.09408098  0.06001045  0.6085459 ]
 [-0.10226378  0.2803793   0.41456747]
 [ 0.0272694  -0.07870531  0.33226776]
 [ 0.02894922 -0.0223183   0.18647903]
 [-0.09420631 -0.06005467  0.5950518 ]
 [-0.02820087  0.24730264  0.32643905]
 [ 0.16420448  0.32188594  0.07020849]
 [ 0.10720134  0.47984207  0.        ]
 [-0.02867179  0.07803091  0.80357236]
 [-0.07924575  0.13262117  1.0421157 ]
 [-0.16971925  0.21011168  1.1178163 ]
 [-0.15533954  0.18075567  1.2331429 ]
 [-0.20941305  0.06889078  1.0000385 ]
 [-0.26722404 -0.05115639  0.76075894]
 [-0.25299978  0.18936886  0.730973  ]
 [ 0.06552414  0.1325117   0.9979224 ]
 [ 0.30474436  0.02571374  0.923748  ]
 [ 0.47418308  0.08333792  0.71814346]]
[[ 0.          0.          0.54619086]
 [ 0.0890325   0.05950288  0.5624457 ]
 [-0.16652265  0.2922876   0.47645667]
 [-0.08219755  0.08690351  0.1574055 ]
 [-0.15875903  0.19805142  0.03773224]
 [-0.08917966 -0.05965851  0.5292461 ]
 [ 0.06875535  0.17842461  0.25943476]
 [ 0.32937685  0.19076371  0.11786115]
 [ 0.3238362   0.31936756  0.        ]
 [-0.02708825  0.05366403  0.7587476 ]
 [-0.06647764  0.09607252  1.0082785 ]
 [-0.13822016  0.19146532  1.0760417 ]
 [-0.12617666  0.16172183  1.195786  ]
 [-0.20893598  0.05517745  0.97114635]
 [-0.29116917 -0.01971723  0.7257138 ]
 [-0.2558373   0.18799883  0.8439642 ]
 [ 0.08121803  0.08253139  0.9653176 ]
 [ 0.33724448 -0.03323394  0.9471911 ]
 [ 0.5229511  -0.03005302  0.76040614]]
[[ 0.          0.          0.51805264]
 [ 0.08898953  0.0541149   0.5328654 ]
 [-0.15683451  0.2989518   0.4572081 ]
 [-0.1330952   0.21621141  0.08657241]
 [-0.23920274  0.34126887  0.        ]
 [-0.0891801  -0.05428277  0.502444  ]
 [ 0.10272787  0.14506944  0.23992896]
 [ 0.37749207  0.09272891  0.170618  ]
 [ 0.42565984  0.20146686  0.0393531 ]
 [-0.02393033  0.03967348  0.7336478 ]
 [-0.05743311  0.07557762  0.984386  ]
 [-0.1218906   0.17652845  1.0492427 ]
 [-0.11175767  0.14466017  1.1679294 ]
 [-0.20643423  0.04629382  0.9547691 ]
 [-0.29791903 -0.01827621  0.7121877 ]
 [-0.23416513  0.18243206  0.848124  ]
 [ 0.09605751  0.05532074  0.94029015]
 [ 0.35039687 -0.06082952  0.9266034 ]
 [ 0.5236715  -0.05497018  0.72807467]]
[[ 0.00000000e+00  0.00000000e+00  5.21714926e-01]
 [ 1.00409217e-01  4.65489291e-02  5.32702625e-01]
 [-6.35513514e-02  3.75839472e-01  4.06781644e-01]
 [-1.30486071e-01  4.48782027e-01  1.45568848e-02]
 [-2.40607023e-01  5.77853560e-01  0.00000000e+00]
 [-1.00689307e-01 -4.66506332e-02  5.09919286e-01]
 [ 9.45100039e-02  1.19608194e-01  2.26053566e-01]
 [ 3.99854928e-01 -7.67089725e-02  3.06003422e-01]
 [ 5.18995702e-01 -1.10892951e-02  2.16239035e-01]
 [ 5.66272065e-04  5.35203665e-02  7.34196067e-01]
 [-9.83337313e-03  1.02004796e-01  9.79765058e-01]
 [-6.55009449e-02  1.96635365e-01  1.04666114e+00]
 [-5.16349822e-02  1.64955437e-01  1.16492116e+00]
 [-1.63079351e-01  7.30528235e-02  9.62601423e-01]
 [-2.58592904e-01 -2.32359171e-02  7.37051308e-01]
 [-1.89352572e-01  1.94788367e-01  7.50875473e-01]
 [ 1.43921122e-01  8.58749747e-02  9.23331738e-01]
 [ 3.71709645e-01 -7.84826279e-03  8.37925017e-01]
 [ 4.64038312e-01  2.50953846e-02  6.10286653e-01]]
[[ 0.          0.          0.55687326]
 [ 0.10205256  0.04328471  0.568349  ]
 [-0.01085648  0.3992909   0.39009666]
 [-0.08198085  0.47556534  0.00578707]
 [-0.18054736  0.6018958   0.        ]
 [-0.10234801 -0.04333089  0.54466134]
 [ 0.04292035  0.12677075  0.24865538]
 [ 0.3345645  -0.14118716  0.37928775]
 [ 0.47941884 -0.09332787  0.33123818]
 [ 0.0134419   0.07129051  0.7602562 ]
 [ 0.01300123  0.1458692   0.9956371 ]
 [-0.04611786  0.23517263  1.0656917 ]
 [-0.02967937  0.20537913  1.1846144 ]
 [-0.13274893  0.1056841   0.9835633 ]
 [-0.21554819 -0.04696761  0.7777711 ]
 [-0.17296523  0.13024935  0.68109524]
 [ 0.15980792  0.13930976  0.9293379 ]
 [ 0.35695538  0.07976651  0.7748234 ]
 [ 0.376615    0.18285102  0.5538712 ]]
[[ 0.          0.          0.61066175]
 [ 0.1061637   0.0471878   0.62318426]
 [ 0.04305806  0.39704108  0.3999153 ]
 [ 0.01578948  0.438396    0.02112907]
 [-0.0879558   0.5684097   0.        ]
 [-0.10641463 -0.04715196  0.5975517 ]
 [-0.0416562   0.13111976  0.28891742]
 [ 0.24343437 -0.19009434  0.43082035]
 [ 0.39042437 -0.15078603  0.37800196]
 [ 0.01881657  0.08515663  0.80504537]
 [ 0.02391864  0.18509227  1.0324174 ]
 [-0.03821218  0.27326342  1.1034033 ]
 [-0.01932581  0.24715233  1.2221365 ]
 [-0.11940891  0.13064432  1.0237578 ]
 [-0.18020335 -0.05514789  0.83482397]
 [-0.14088094  0.07295361  0.6710964 ]
 [ 0.16961165  0.1831178   0.958835  ]
 [ 0.31765193  0.13858949  0.75371456]
 [ 0.27437326  0.2749487   0.55899674]]
[[ 0.          0.          0.61642754]
 [ 0.10793509  0.05200214  0.6239121 ]
 [ 0.14259258  0.38997144  0.3722897 ]
 [ 0.19949019  0.36421975  0.05210805]
 [ 0.08506586  0.49001497  0.        ]
 [-0.10809341 -0.05182906  0.6085225 ]
 [-0.13559145  0.21331902  0.3465931 ]
 [ 0.1255222  -0.13509707  0.38941544]
 [ 0.20931262 -0.07740429  0.2875811 ]
 [ 0.01864033  0.09940654  0.8046475 ]
 [ 0.02530432  0.21195778  1.0264854 ]
 [-0.03564267  0.29189473  1.10327   ]
 [-0.01717854  0.2601539   1.2184318 ]
 [-0.11360887  0.14129603  1.0233687 ]
 [-0.11664788 -0.06942227  0.8453023 ]
 [-0.06055116  0.03993786  0.67112845]
 [ 0.1692694   0.2216441   0.9498381 ]
 [ 0.2560925   0.22779769  0.7069067 ]
 [ 0.13077278  0.34932467  0.6137856 ]]
[[ 0.          0.          0.5928129 ]
 [ 0.10358112  0.05180589  0.58845174]
 [ 0.24538109  0.2971432   0.32386142]
 [ 0.4329356   0.10864305  0.11029857]
 [ 0.3581388   0.19206804  0.        ]
 [-0.10360675 -0.05158305  0.5970577 ]
 [-0.19183204  0.3272267   0.48047036]
 [-0.06947217  0.05658263  0.24752894]
 [-0.10889691  0.15795562  0.1043973 ]
 [ 0.00559748  0.07385895  0.7966862 ]
 [-0.00474016  0.14075205  1.0348094 ]
 [-0.06249778  0.22440386  1.1101565 ]
 [-0.04565318  0.18114     1.2227457 ]
 [-0.13160147  0.05758077  1.0352366 ]
 [-0.06408373 -0.18103571  0.97641146]
 [-0.01922988 -0.18513526  0.80288666]
 [ 0.12875956  0.17412618  0.9553631 ]
 [ 0.15851945  0.2722966   0.72015876]
 [-0.01104859  0.3719631   0.8127513 ]]
[[ 0.00000000e+00  0.00000000e+00  5.43730617e-01]
 [ 9.97790396e-02  5.26205525e-02  5.38127422e-01]
 [ 2.78532386e-01  2.84277499e-01  2.87101239e-01]
 [ 5.07875919e-01  3.63374054e-02  1.45525157e-01]
 [ 4.81389284e-01  7.89202750e-02  0.00000000e+00]
 [-9.98065397e-02 -5.24104685e-02  5.49394846e-01]
 [-2.17867255e-01  3.37274432e-01  4.55807388e-01]
 [-1.73253402e-01  1.76177174e-01  1.09847873e-01]
 [-2.39855349e-01  3.01479399e-01  9.21255350e-03]
 [-4.56763804e-03  5.55206239e-02  7.53245175e-01]
 [-2.22692639e-02  1.03728056e-01  9.95569229e-01]
 [-8.37065578e-02  1.84884548e-01  1.07033300e+00]
 [-6.35379851e-02  1.39045298e-01  1.18031585e+00]
 [-1.38188913e-01  2.71291733e-02  1.00141740e+00]
 [-2.56804824e-02 -1.98005855e-01  1.03262329e+00]
 [-8.47905874e-04 -2.36760885e-01  8.95526826e-01]
 [ 1.05190806e-01  1.40777200e-01  9.17736888e-01]
 [ 1.26385972e-01  2.57314265e-01  6.96293116e-01]
 [-2.63874084e-02  3.68373573e-01  8.26192558e-01]]
[[ 0.          0.          0.51624507]
 [ 0.10120541  0.05072076  0.5123395 ]
 [ 0.24103555  0.22236773  0.23527879]
 [ 0.46520546 -0.1210407   0.2589184 ]
 [ 0.49278426 -0.11612928  0.12480581]
 [-0.10126483 -0.05055164  0.52037644]
 [-0.21577945  0.33756986  0.41153622]
 [-0.23960027  0.37092656  0.04542738]
 [-0.31962118  0.502469    0.        ]
 [-0.01433799  0.05397069  0.7270268 ]
 [-0.04643742  0.09385532  0.96935666]
 [-0.12223217  0.16723877  1.048655  ]
 [-0.10215466  0.12588668  1.1563045 ]
 [-0.15630719  0.02318692  0.96698576]
 [-0.02441835 -0.17511746  0.9703322 ]
 [ 0.00957316 -0.12237041  0.8234148 ]
 [ 0.08158862  0.12612414  0.89520925]
 [ 0.12838167  0.21564382  0.67140007]
 [-0.01547612  0.35161617  0.73241603]]
[[ 0.          0.          0.52772653]
 [ 0.10621607  0.04849973  0.5227653 ]
 [ 0.1106486   0.1395984   0.18845844]
 [ 0.2938571  -0.2748633   0.3453636 ]
 [ 0.36283493 -0.29414004  0.282803  ]
 [-0.10632516 -0.0484401   0.533034  ]
 [-0.18080571  0.35158807  0.36171794]
 [-0.1888892   0.53333104  0.00351411]
 [-0.27460128  0.68781304  0.        ]
 [-0.02370834  0.06641692  0.7292689 ]
 [-0.07382955  0.10122216  0.967034  ]
 [-0.17424963  0.1576001   1.0555549 ]
 [-0.146319    0.12292379  1.1628956 ]
 [-0.18122509  0.02991554  0.93852085]
 [-0.09559685 -0.12606867  0.78960526]
 [-0.07372595  0.01323932  0.6298535 ]
 [ 0.06180635  0.13001233  0.90573657]
 [ 0.18894693  0.15102544  0.6750462 ]
 [ 0.14293283  0.31182116  0.5638088 ]]
[[ 0.          0.          0.5547686 ]
 [ 0.10324802  0.05276855  0.5498058 ]
 [ 0.02846575  0.14664859  0.22447729]
 [ 0.20877534 -0.2841467   0.39688835]
 [ 0.2752838  -0.3078135   0.32346818]
 [-0.10340576 -0.0527092   0.56001234]
 [-0.14584064  0.3450935   0.36520717]
 [-0.10677338  0.5160587   0.01496696]
 [-0.18688673  0.6758726   0.        ]
 [-0.02470366  0.06873825  0.75205624]
 [-0.07672393  0.10203153  0.987677  ]
 [-0.18399332  0.15251091  1.0803335 ]
 [-0.15219213  0.11593175  1.1862516 ]
 [-0.18718398  0.02474627  0.9520502 ]
 [-0.12648    -0.1267662   0.7398348 ]
 [-0.14112465  0.07178359  0.5991161 ]
 [ 0.06010646  0.13107732  0.92695034]
 [ 0.21924037  0.10676403  0.7111951 ]
 [ 0.21547832  0.24391893  0.5153803 ]]
[[ 0.          0.          0.5752953 ]
 [ 0.09466749  0.06148241  0.5761909 ]
 [-0.08282359  0.2618746   0.34854135]
 [ 0.08718696 -0.1385748   0.3808923 ]
 [ 0.1195714  -0.12041643  0.25099707]
 [-0.09481691 -0.06147875  0.57420415]
 [-0.05026875  0.28351367  0.3367328 ]
 [ 0.10921849  0.3762203   0.05804539]
 [ 0.03609709  0.5362031   0.        ]
 [-0.01689555  0.07792141  0.77657396]
 [-0.05852745  0.1213274   1.0176439 ]
 [-0.15976122  0.17979097  1.1119239 ]
 [-0.12942037  0.13741034  1.2169679 ]
 [-0.1844452   0.04940209  0.97827846]
 [-0.20316242 -0.08519456  0.73648906]
 [-0.22722587  0.15856734  0.7101461 ]
 [ 0.08062268  0.1330629   0.96182704]
 [ 0.29788023  0.06792615  0.83993375]
 [ 0.40418673  0.19603047  0.6335439 ]]
[[ 0.          0.          0.5318887 ]
 [ 0.08495926  0.06374949  0.5456801 ]
 [-0.15855348  0.30620974  0.44829822]
 [-0.04280711  0.07689437  0.18231967]
 [-0.09996724  0.17824352  0.05967978]
 [-0.08510191 -0.06387401  0.51743984]
 [ 0.07783539  0.17532986  0.26070732]
 [ 0.34421927  0.20347148  0.10582191]
 [ 0.31426287  0.34475744  0.        ]
 [-0.01452645  0.05120853  0.74404573]
 [-0.04465558  0.08490521  0.9951692 ]
 [-0.1279791   0.1634484   1.0816586 ]
 [-0.09868298  0.12395173  1.193348  ]
 [-0.18131807  0.03245488  0.9563955 ]
 [-0.267066   -0.06185223  0.7157663 ]
 [-0.24476647  0.14814979  0.84338206]
 [ 0.09733092  0.08496118  0.9425928 ]
 [ 0.34382123 -0.01773265  0.8903524 ]
 [ 0.48938087  0.0335738   0.67405766]]
[[ 0.          0.          0.499304  ]
 [ 0.08404393  0.05894305  0.5143719 ]
 [-0.165905    0.30462307  0.43199676]
 [-0.12350531  0.22825912  0.07814217]
 [-0.22226554  0.35001773  0.        ]
 [-0.08424693 -0.05908501  0.4834513 ]
 [ 0.12325954  0.14240313  0.22860783]
 [ 0.4155391   0.10344681  0.1550355 ]
 [ 0.449293    0.21996912  0.02825522]
 [-0.01645825  0.03458673  0.71217394]
 [-0.04156459  0.06158173  0.96317536]
 [-0.11242771  0.14826941  1.0454322 ]
 [-0.0850409   0.10794145  1.1595705 ]
 [-0.18541399  0.02182734  0.9305651 ]
 [-0.27909252 -0.05880257  0.70038533]
 [-0.22940567  0.14320856  0.84267175]
 [ 0.10518315  0.05667403  0.9115605 ]
 [ 0.3576489  -0.04512089  0.8696673 ]
 [ 0.4959858  -0.00291342  0.65101445]]
[[ 0.00000000e+00  0.00000000e+00  4.99567419e-01]
 [ 9.09456760e-02  5.13039529e-02  5.10260105e-01]
 [-8.74530673e-02  3.69682580e-01  3.88348669e-01]
 [-1.53886467e-01  4.57299441e-01  1.23353899e-02]
 [-2.67427325e-01  5.76128006e-01  0.00000000e+00]
 [-9.12363008e-02 -5.13914600e-02  4.88055438e-01]
 [ 1.14280745e-01  1.08651862e-01  2.08124787e-01]
 [ 4.31521684e-01 -6.12218380e-02  2.77625382e-01]
 [ 5.44806600e-01  1.68016255e-02  1.90965533e-01]
 [ 5.46351075e-04  4.78526801e-02  7.09876776e-01]
 [-1.04505867e-02  8.75155628e-02  9.55782115e-01]
 [-7.53308982e-02  1.69564486e-01  1.03392875e+00]
 [-5.04560620e-02  1.30724370e-01  1.14818752e+00]
 [-1.56989634e-01  4.85499501e-02  9.37559485e-01]
 [-2.58595079e-01 -6.85743392e-02  7.24011958e-01]
 [-2.09369272e-01  1.48168087e-01  7.54975259e-01]
 [ 1.35811090e-01  8.18010867e-02  8.93204093e-01]
 [ 3.68327558e-01 -7.32630491e-03  8.08913231e-01]
 [ 4.40622509e-01  4.93112579e-02  5.76391637e-01]]
[[ 0.          0.          0.5361767 ]
 [ 0.09731063  0.04974397  0.5462991 ]
 [-0.01993281  0.40632033  0.3677519 ]
 [-0.10670921  0.5052969   0.        ]
 [-0.20960787  0.6248384   0.0036037 ]
 [-0.09762694 -0.04977772  0.5253296 ]
 [ 0.05744029  0.11200653  0.23103335]
 [ 0.3660215  -0.13652143  0.36445487]
 [ 0.5089732  -0.07997389  0.32668012]
 [ 0.01323677  0.06667957  0.7390672 ]
 [ 0.01248568  0.13423797  0.9767616 ]
 [-0.05223528  0.21260095  1.0563176 ]
 [-0.02647705  0.174101    1.1695259 ]
 [-0.12776329  0.08630496  0.9643676 ]
 [-0.20771949 -0.07049769  0.76829135]
 [-0.17297563  0.122106    0.6788051 ]
 [ 0.15311506  0.13473517  0.9055091 ]
 [ 0.3494668   0.06602082  0.7550982 ]
 [ 0.35210347  0.16045927  0.53021336]]
[[ 0.          0.          0.5790337 ]
 [ 0.10080139  0.04911888  0.58932173]
 [ 0.01730861  0.40094054  0.37259412]
 [-0.03603508  0.48076528  0.00591809]
 [-0.14187256  0.6024249   0.        ]
 [-0.10108864 -0.04910152  0.56814456]
 [-0.00657054  0.11056368  0.264871  ]
 [ 0.2866697  -0.1756008   0.41256276]
 [ 0.43677047 -0.1284726   0.37772417]
 [ 0.01708372  0.07981569  0.7751641 ]
 [ 0.01826663  0.16936582  1.0059834 ]
 [-0.04612693  0.24757749  1.0876579 ]
 [-0.02172522  0.21159309  1.2008924 ]
 [-0.11838648  0.1120382   0.9954504 ]
 [-0.17328334 -0.07338515  0.8161103 ]
 [-0.14388214  0.0458689   0.6754584 ]
 [ 0.15920913  0.17219949  0.9309666 ]
 [ 0.3203895   0.11989245  0.7341893 ]
 [ 0.26828122  0.2253145   0.52795595]]
[[ 0.          0.          0.5885733 ]
 [ 0.103983    0.05749334  0.59588933]
 [ 0.1338713   0.4103375   0.36309177]
 [ 0.19535932  0.42075634  0.04494607]
 [ 0.06495143  0.5419422   0.        ]
 [-0.10415257 -0.0572886   0.5808371 ]
 [-0.12240323  0.20631994  0.32347444]
 [ 0.15284872 -0.11908217  0.3793854 ]
 [ 0.23898822 -0.0600068   0.2888248 ]
 [ 0.01434617  0.09633236  0.776765  ]
 [ 0.01044986  0.19685897  1.0004218 ]
 [-0.05457152  0.2680859   1.082049  ]
 [-0.03133576  0.23295712  1.1950073 ]
 [-0.1168973   0.11477163  0.99131054]
 [-0.08052994 -0.12661669  0.8774619 ]
 [-0.0495288  -0.05580849  0.7258187 ]
 [ 0.15075603  0.21908623  0.92631084]
 [ 0.24013759  0.22860363  0.6870699 ]
 [ 0.09571737  0.32684672  0.5966939 ]]
[[ 0.00000000e+00  0.00000000e+00  5.82520068e-01]
 [ 9.97741893e-02  5.89613467e-02  5.78812480e-01]
 [ 2.55304098e-01  3.30941617e-01  3.38457555e-01]
 [ 4.46656615e-01  1.71952844e-01  1.06815934e-01]
 [ 3.55628312e-01  2.52581626e-01  0.00000000e+00]
 [-9.98175442e-02 -5.86624220e-02  5.86078048e-01]
 [-1.97602749e-01  3.20787787e-01  4.63997066e-01]
 [-5.54627776e-02  6.60487711e-02  2.39995182e-01]
 [-9.77745056e-02  1.58853650e-01  1.08870924e-01]
 [-1.13185495e-03  6.79414123e-02  7.83849835e-01]
 [-2.22372785e-02  1.22320116e-01  1.02069545e+00]
 [-8.60017538e-02  2.02106208e-01  1.09705055e+00]
 [-6.41055554e-02  1.54416382e-01  1.20640826e+00]
 [-1.40768081e-01  3.13327610e-02  1.01930332e+00]
 [-4.27664705e-02 -2.24363387e-01  1.05430615e+00]
 [-2.16007754e-02 -2.48099416e-01  8.74569416e-01]
 [ 1.06218740e-01  1.71657175e-01  9.47032928e-01]
 [ 1.23355962e-01  2.87533581e-01  7.22298622e-01]
 [-4.49656844e-02  3.55653465e-01  8.17295074e-01]]
[[ 0.          0.          0.53657377]
 [ 0.09569289  0.06039463  0.5304516 ]
 [ 0.29187828  0.30170378  0.2934366 ]
 [ 0.52970177  0.09782669  0.13191682]
 [ 0.4854678   0.14906394  0.        ]
 [-0.09572156 -0.06010137  0.5427621 ]
 [-0.2309027   0.3194064   0.446329  ]
 [-0.16258335  0.15294644  0.12408608]
 [-0.23701033  0.2658882   0.0195725 ]
 [-0.0055111   0.05042964  0.7421314 ]
 [-0.0297239   0.08853269  0.9831334 ]
 [-0.10511151  0.16213125  1.0579938 ]
 [-0.07874139  0.11461598  1.1649439 ]
 [-0.13344276  0.00245997  0.9825934 ]
 [-0.00506055 -0.22737876  1.0616978 ]
 [ 0.02441971 -0.24987143  0.88099366]
 [ 0.08982471  0.14428136  0.91127264]
 [ 0.08986047  0.27033252  0.6959032 ]
 [-0.07380441  0.33088934  0.82778835]]
[[ 0.          0.          0.4809692 ]
 [ 0.09537773  0.05682857  0.47881138]
 [ 0.24759349  0.22514814  0.20870334]
 [ 0.49415398 -0.096001    0.24404399]
 [ 0.54244053 -0.09816599  0.14214954]
 [-0.09541473 -0.05659003  0.4834727 ]
 [-0.22970098  0.33348382  0.3707384 ]
 [-0.246777    0.43008044  0.02871427]
 [-0.33755475  0.5548862   0.        ]
 [-0.01721575  0.04318029  0.68684924]
 [-0.05590322  0.06978914  0.9280003 ]
 [-0.154554    0.12556309  1.00935   ]
 [-0.11757287  0.08956671  1.1160319 ]
 [-0.14271137 -0.01164323  0.9219427 ]
 [ 0.01053976 -0.20943207  0.9462566 ]
 [ 0.02386698 -0.17033507  0.7497504 ]
 [ 0.05509738  0.12209091  0.85378695]
 [ 0.09715102  0.21111187  0.63143873]
 [-0.0545983   0.31101048  0.68617433]]
[[ 0.          0.          0.4689917 ]
 [ 0.09367926  0.05502404  0.46899664]
 [ 0.17147513  0.16560192  0.15976858]
 [ 0.3737955  -0.20681235  0.30688834]
 [ 0.45561147 -0.23053247  0.26852134]
 [-0.09375693 -0.05487319  0.4694674 ]
 [-0.19663373  0.34267396  0.3162354 ]
 [-0.21420652  0.59144205  0.        ]
 [-0.32202858  0.72018796  0.01250404]
 [-0.02691496  0.04803456  0.66734636]
 [-0.08054792  0.06672302  0.90503126]
 [-0.18949142  0.11295247  0.9875769 ]
 [-0.15609531  0.08063692  1.0941652 ]
 [-0.16197215 -0.01062322  0.8858038 ]
 [-0.02319328 -0.19514623  0.8232054 ]
 [-0.03258955 -0.07445155  0.6404663 ]
 [ 0.03247688  0.11093709  0.8373916 ]
 [ 0.12054823  0.151448    0.60475075]
 [ 0.05136321  0.26514173  0.53047234]]
[[ 0.          0.          0.49765152]
 [ 0.09275357  0.05835887  0.4957945 ]
 [ 0.0450847   0.14497925  0.176952  ]
 [ 0.22601035 -0.27630925  0.34893978]
 [ 0.31571192 -0.30402237  0.31427813]
 [-0.0928861  -0.05828827  0.49989793]
 [-0.1559675   0.34391564  0.30893442]
 [-0.13165271  0.6050321   0.        ]
 [-0.24516606  0.75440437  0.00268292]
 [-0.03040869  0.06017807  0.6896156 ]
 [-0.09043413  0.08443233  0.92284834]
 [-0.20703965  0.12371126  1.009841  ]
 [-0.17397346  0.08989412  1.113785  ]
 [-0.17657867 -0.00130972  0.88817954]
 [-0.09359039 -0.1497409   0.68334484]
 [-0.12246144  0.05623952  0.56491417]
 [ 0.02773909  0.13050807  0.8595089 ]
 [ 0.15794285  0.1186194   0.63065726]
 [ 0.14938879  0.23927417  0.4335457 ]]
[[ 0.0000000e+00  0.0000000e+00  5.3786927e-01]
 [ 8.7171026e-02  6.9311775e-02  5.3960729e-01]
 [-8.5913241e-02  2.0778058e-01  2.8277618e-01]
 [ 1.2506503e-01 -1.8093412e-01  3.6662909e-01]
 [ 1.7636475e-01 -1.7824638e-01  2.5377530e-01]
 [-8.7324709e-02 -6.9222197e-02  5.3617775e-01]
 [-8.7005168e-02  3.0568990e-01  3.0411041e-01]
 [ 3.4432791e-02  5.0604987e-01  3.9625168e-02]
 [-6.6826671e-02  6.6852319e-01  0.0000000e+00]
 [-3.2311831e-02  6.1326936e-02  7.2929823e-01]
 [-8.9793161e-02  8.7981343e-02  9.6437907e-01]
 [-2.0279789e-01  1.3140127e-01  1.0580831e+00]
 [-1.6440299e-01  8.9253128e-02  1.1589823e+00]
 [-1.9351798e-01 -8.5082650e-04  9.2528856e-01]
 [-1.6360717e-01 -1.4319703e-01  6.8955123e-01]
 [-2.2540691e-01  9.0575486e-02  6.5238667e-01]
 [ 3.6028795e-02  1.2706399e-01  9.0682364e-01]
 [ 2.2999027e-01  8.6640045e-02  7.3963016e-01]
 [ 2.9557946e-01  2.1530429e-01  5.1629627e-01]]
[[ 0.          0.          0.511955  ]
 [ 0.07754752  0.07441729  0.5254463 ]
 [-0.17410755  0.31696308  0.42112425]
 [-0.02211098  0.08525774  0.21301252]
 [-0.07643108  0.17436153  0.08373278]
 [-0.07766527 -0.07447218  0.49786514]
 [ 0.06575525  0.20564173  0.26131245]
 [ 0.3303057   0.3155751   0.09225857]
 [ 0.27639037  0.46244824  0.        ]
 [-0.02623148  0.04642683  0.71915793]
 [-0.0664143   0.07628995  0.96701694]
 [-0.15990311  0.14042729  1.053288  ]
 [-0.12531129  0.09914017  1.161457  ]
 [-0.19047576  0.01005629  0.92739815]
 [-0.26642072 -0.10733463  0.6908353 ]
 [-0.27015215  0.11703005  0.8124807 ]
 [ 0.06789154  0.09701517  0.9126574 ]
 [ 0.30719697  0.00335822  0.8413707 ]
 [ 0.43448827  0.06249955  0.6051714 ]]
[[ 0.00000000e+00  0.00000000e+00  4.67150599e-01]
 [ 7.47767240e-02  6.91796765e-02  4.80828375e-01]
 [-1.92019910e-01  3.01748216e-01  4.08582628e-01]
 [-1.37737095e-01  2.27252752e-01  8.15922320e-02]
 [-2.45957971e-01  3.42285097e-01  0.00000000e+00]
 [-7.49217421e-02 -6.93008155e-02  4.52723682e-01]
 [ 1.34791613e-01  1.48031160e-01  2.17286676e-01]
 [ 4.42900479e-01  1.74047172e-01  1.30776078e-01]
 [ 4.50236112e-01  2.90127039e-01  4.05937433e-04]
 [-2.08914578e-02  2.42378861e-02  6.75763249e-01]
 [-5.03120646e-02  4.27198410e-02  9.25644398e-01]
 [-1.32363409e-01  1.19988441e-01  1.00325894e+00]
 [-9.86514688e-02  8.27847719e-02  1.11646020e+00]
 [-1.81808233e-01 -1.07169747e-02  8.94006252e-01]
 [-2.79925376e-01 -1.00078046e-01  6.69088721e-01]
 [-2.41579533e-01  1.05841815e-01  8.18976104e-01]
 [ 8.76219869e-02  5.66194355e-02  8.70842576e-01]
 [ 3.39809418e-01 -3.47355902e-02  8.27117562e-01]
 [ 4.63991821e-01  9.08119231e-03  5.90511203e-01]]
[[ 0.          0.          0.44732958]
 [ 0.07767101  0.05994113  0.456775  ]
 [-0.14783984  0.33952585  0.36720642]
 [-0.18889797  0.41651565  0.02554226]
 [-0.31412843  0.5238369   0.        ]
 [-0.07790229 -0.06001968  0.43710077]
 [ 0.13987033  0.11278802  0.18212718]
 [ 0.47575167  0.02989128  0.22705553]
 [ 0.56162035  0.12300414  0.11329764]
 [-0.01135844  0.02479845  0.65324414]
 [-0.03193948  0.04362991  0.898087  ]
 [-0.11232394  0.11621904  0.9738933 ]
 [-0.07985742  0.07783693  1.0861921 ]
 [-0.16905871 -0.00362003  0.87946844]
 [-0.2752205  -0.1118277   0.6723399 ]
 [-0.22872272  0.11186802  0.7457019 ]
 [ 0.10668387  0.05259094  0.83676773]
 [ 0.34684744 -0.02534232  0.77436674]
 [ 0.4294777   0.0335875   0.537197  ]]
[[ 0.          0.          0.48172745]
 [ 0.08822978  0.05642475  0.49008226]
 [-0.0517493   0.41314954  0.34306252]
 [-0.13405454  0.53197324  0.        ]
 [-0.24895328  0.6452944   0.00371855]
 [-0.08854127 -0.05643454  0.47268477]
 [ 0.08239537  0.1045734   0.19339779]
 [ 0.4077937  -0.10751577  0.32162032]
 [ 0.5462558  -0.04431958  0.277257  ]
 [ 0.0061307   0.05251011  0.6840515 ]
 [-0.00130386  0.10041869  0.92307115]
 [-0.08004239  0.1692991   1.0022421 ]
 [-0.04851308  0.13002205  1.1119392 ]
 [-0.13719526  0.04564056  0.91193557]
 [-0.21690796 -0.118917    0.72654074]
 [-0.18727267  0.07452264  0.6426814 ]
 [ 0.13641827  0.11195266  0.8517194 ]
 [ 0.33784753  0.05150206  0.71218616]
 [ 0.33634138  0.15103811  0.49139166]]
[[ 0.          0.          0.5274578 ]
 [ 0.09237918  0.05368482  0.53669953]
 [-0.0119967   0.41144067  0.35456786]
 [-0.07858002  0.5064196   0.00549585]
 [-0.18981129  0.6259889   0.        ]
 [-0.09268186 -0.05366427  0.517615  ]
 [ 0.03019962  0.10936233  0.22607785]
 [ 0.33707502 -0.15551832  0.37790766]
 [ 0.48614055 -0.10368004  0.35250756]
 [ 0.01119779  0.06505683  0.7251859 ]
 [ 0.00522216  0.13477916  0.9580561 ]
 [-0.07322738  0.20312876  1.0405284 ]
 [-0.04136406  0.16608274  1.1505419 ]
 [-0.12692219  0.0727441   0.9465662 ]
 [-0.1829951  -0.11142145  0.7663356 ]
 [-0.15896893  0.03076488  0.6159419 ]
 [ 0.14225128  0.14761269  0.88500535]
 [ 0.3168602   0.10235879  0.70260286]
 [ 0.26633126  0.21933174  0.50047207]]
[[ 0.          0.          0.55596995]
 [ 0.09701024  0.06137136  0.5624051 ]
 [ 0.07121605  0.41756353  0.35581452]
 [ 0.09724224  0.48021722  0.03506774]
 [-0.04000998  0.6016425   0.        ]
 [-0.09724222 -0.06119823  0.5491054 ]
 [-0.08258153  0.1410609   0.26816854]
 [ 0.21508333 -0.1763739   0.38887906]
 [ 0.33761662 -0.12808684  0.32159215]
 [ 0.00825763  0.08446245  0.7453248 ]
 [-0.00246302  0.17387825  0.9682519 ]
 [-0.08244671  0.24184525  1.051857  ]
 [-0.04911646  0.20848775  1.1630648 ]
 [-0.12580666  0.09192312  0.9567286 ]
 [-0.10885964 -0.14022051  0.8247612 ]
 [-0.09509926 -0.07441682  0.65123904]
 [ 0.13500574  0.1997661   0.8971953 ]
 [ 0.24469244  0.18707016  0.6669252 ]
 [ 0.11995506  0.2708185   0.54056025]]
[[ 0.          0.          0.5514431 ]
 [ 0.0947272   0.068225    0.55116326]
 [ 0.22824916  0.3641809   0.31582916]
 [ 0.43605334  0.27239466  0.09463069]
 [ 0.3138419   0.35833216  0.        ]
 [-0.0947816  -0.067865    0.551588  ]
 [-0.20539138  0.30168456  0.42661333]
 [-0.01030867  0.07074767  0.2781169 ]
 [-0.04112792  0.15023324  0.13583514]
 [-0.01005035  0.05431853  0.74474674]
 [-0.04557076  0.0886156   0.9735192 ]
 [-0.13863565  0.14270043  1.0604053 ]
 [-0.10482588  0.10183924  1.1635734 ]
 [-0.14459172 -0.02041432  0.96454054]
 [-0.04993113 -0.26229292  1.0321748 ]
 [ 0.00138177 -0.29628333  0.86875015]
 [ 0.06882291  0.16050798  0.90788573]
 [ 0.09581736  0.29059327  0.6779411 ]
 [-0.10467637  0.2796924   0.75365317]]
[[ 0.          0.          0.5323856 ]
 [ 0.0902935   0.07125333  0.5295    ]
 [ 0.28464204  0.31550914  0.29481176]
 [ 0.55870146  0.1475507   0.12737513]
 [ 0.48976594  0.19965088  0.        ]
 [-0.09030773 -0.07089357  0.53538966]
 [-0.23830938  0.31183484  0.45136273]
 [-0.14064898  0.16650105  0.1462101 ]
 [-0.22280023  0.27176544  0.0384458 ]
 [-0.01049083  0.03653225  0.73262227]
 [-0.041793    0.06130067  0.96982217]
 [-0.14038025  0.11274886  1.0557133 ]
 [-0.10571159  0.06885028  1.1564722 ]
 [-0.1241518  -0.05021006  0.9641454 ]
 [-0.00329661 -0.27646333  1.039087  ]
 [ 0.04997355 -0.27867725  0.85438627]
 [ 0.05998889  0.14619276  0.9023224 ]
 [ 0.06574769  0.30578727  0.7004697 ]
 [-0.11479628  0.29716963  0.8192342 ]]
[[ 0.0000000e+00  0.0000000e+00  4.7607294e-01]
 [ 8.8405058e-02  6.8405993e-02  4.7673547e-01]
 [ 2.7377439e-01  2.5700200e-01  2.2619066e-01]
 [ 5.6558371e-01  6.9528818e-04  2.1283832e-01]
 [ 5.7390243e-01  9.8978579e-03  8.1163883e-02]
 [-8.8455521e-02 -6.8062142e-02  4.7581035e-01]
 [-2.5420746e-01  3.1458229e-01  3.9176482e-01]
 [-2.4229375e-01  3.6125734e-01  5.7432175e-02]
 [-3.4472710e-01  4.7686413e-01  0.0000000e+00]
 [-2.1257769e-02  1.8133610e-02  6.7434680e-01]
 [-6.3299716e-02  2.3838431e-02  9.1289639e-01]
 [-1.7267112e-01  6.4575493e-02  1.0020671e+00]
 [-1.3021305e-01  3.1437635e-02  1.1030251e+00]
 [-1.2845989e-01 -8.0813766e-02  9.0078068e-01]
 [ 1.2161247e-02 -2.9167622e-01  9.4021940e-01]
 [ 4.7773927e-02 -2.1301323e-01  7.4040866e-01]
 [ 2.6728697e-02  1.0653037e-01  8.4240639e-01]
 [ 4.5908790e-02  2.3378375e-01  6.3901246e-01]
 [-1.2673575e-01  2.5673002e-01  7.2196180e-01]]
[[ 0.          0.          0.43953475]
 [ 0.08684756  0.06066232  0.44462636]
 [ 0.19743071  0.17726554  0.14667684]
 [ 0.4415531  -0.16848335  0.26672503]
 [ 0.52444494 -0.18627298  0.21029228]
 [-0.08688854 -0.06045084  0.4349657 ]
 [-0.21550411  0.33999097  0.3091986 ]
 [-0.23955694  0.57959986  0.        ]
 [-0.35472238  0.69890094  0.00379169]
 [-0.02805814  0.02944228  0.6315535 ]
 [-0.08269418  0.03109282  0.8667103 ]
 [-0.20284666  0.06883359  0.95469904]
 [-0.15966283  0.03889799  1.057756  ]
 [-0.14018267 -0.06132007  0.84260696]
 [-0.00294252 -0.24632418  0.7892664 ]
 [-0.01294176 -0.13110016  0.61179864]
 [ 0.00604146  0.09845424  0.7979965 ]
 [ 0.0794047   0.18212529  0.57306147]
 [-0.01707809  0.24956271  0.53083956]]
[[ 0.          0.          0.48115662]
 [ 0.08879752  0.05953372  0.48455688]
 [ 0.07037309  0.13683186  0.15874395]
 [ 0.2759419  -0.26387346  0.32591665]
 [ 0.37159586 -0.28995308  0.29593801]
 [-0.0889063  -0.05943122  0.47818208]
 [-0.1577253   0.34046     0.299998  ]
 [-0.14772397  0.61430645  0.        ]
 [-0.27164423  0.7579254   0.00447115]
 [-0.03109229  0.05025703  0.6666248 ]
 [-0.09257191  0.06451711  0.8942275 ]
 [-0.22016084  0.10018605  0.9856533 ]
 [-0.17498007  0.06889457  1.0885172 ]
 [-0.16133699 -0.0327107   0.8552512 ]
 [-0.08788106 -0.17526868  0.64322   ]
 [-0.12809138  0.01363399  0.54098094]
 [ 0.00871806  0.12407482  0.83043563]
 [ 0.1391501   0.14652917  0.5981103 ]
 [ 0.10759698  0.23803145  0.42723197]]
[[ 0.          0.          0.5179718 ]
 [ 0.08376676  0.0693818   0.52141505]
 [-0.05800521  0.18344246  0.2331833 ]
 [ 0.16403049 -0.22697273  0.36056092]
 [ 0.24766535 -0.23696515  0.2784806 ]
 [-0.08393529 -0.06927514  0.514698  ]
 [-0.09340516  0.31633282  0.30550092]
 [-0.00861894  0.5580316   0.02862495]
 [-0.12522441  0.71231055  0.        ]
 [-0.03634393  0.05242765  0.7035477 ]
 [-0.09956789  0.07001331  0.9356895 ]
 [-0.22457823  0.10796392  1.0312936 ]
 [-0.17431301  0.07175201  1.132432  ]
 [-0.18599936 -0.02817103  0.8953427 ]
 [-0.14883754 -0.16721803  0.65929055]
 [-0.22311437  0.05800379  0.62223357]
 [ 0.01420582  0.12163135  0.87462354]
 [ 0.1915665   0.09690213  0.6820223 ]
 [ 0.25333366  0.20516044  0.46682554]]
[[ 0.          0.          0.49508533]
 [ 0.07247861  0.07990374  0.5071214 ]
 [-0.1679827   0.3126819   0.36935598]
 [ 0.03382519  0.03662938  0.2538029 ]
 [ 0.00779114  0.10106063  0.12334058]
 [-0.07258954 -0.07993974  0.48253822]
 [ 0.04526099  0.21424405  0.24932623]
 [ 0.3051814   0.36258623  0.07228515]
 [ 0.23582932  0.50509137  0.        ]
 [-0.0315569   0.04446061  0.69769096]
 [-0.07998617  0.07113168  0.94085824]
 [-0.18686542  0.12327236  1.0297989 ]
 [-0.1483022   0.08641779  1.1363425 ]
 [-0.19339506 -0.00868186  0.9029765 ]
 [-0.2600426  -0.1445904   0.66660833]
 [-0.28698772  0.07989579  0.76934195]
 [ 0.0480917   0.10065687  0.8831773 ]
 [ 0.285649    0.01964974  0.7930602 ]
 [ 0.41324514  0.08447187  0.5615841 ]]
[[ 0.          0.          0.4759079 ]
 [ 0.06895854  0.07783752  0.49180815]
 [-0.21275827  0.28665784  0.4033021 ]
 [-0.09325314  0.1791036   0.11929169]
 [-0.19837952  0.28493935  0.02102128]
 [-0.06905906 -0.07794254  0.4593061 ]
 [ 0.11628031  0.14538123  0.21020126]
 [ 0.44606656  0.22896498  0.11495155]
 [ 0.42960897  0.34679773  0.        ]
 [-0.02793003  0.0279016   0.6833212 ]
 [-0.06562898  0.04602617  0.9313382 ]
 [-0.15983039  0.11231697  1.017503  ]
 [-0.11717556  0.07266539  1.1267246 ]
 [-0.19147193 -0.01980403  0.89658916]
 [-0.2802161  -0.1333618   0.6708776 ]
 [-0.26690924  0.07092208  0.8168257 ]
 [ 0.06931346  0.0704025   0.8764818 ]
 [ 0.31535614 -0.02023348  0.8119614 ]
 [ 0.4507084   0.01652312  0.57987475]]
[[ 0.          0.          0.44924438]
 [ 0.068615    0.0682942   0.46360874]
 [-0.1808488   0.31287327  0.36491144]
 [-0.17645133  0.34953213  0.04159594]
 [-0.31217283  0.4532253   0.        ]
 [-0.068792   -0.06838569  0.43413234]
 [ 0.1375441   0.11174522  0.17037457]
 [ 0.4911392   0.08102149  0.20046788]
 [ 0.5578504   0.17705649  0.0853143 ]
 [-0.02103835  0.02261092  0.65163004]
 [-0.05260058  0.03428656  0.8948374 ]
 [-0.14107768  0.09560907  0.98152685]
 [-0.09572361  0.05403715  1.0904865 ]
 [-0.18166855 -0.02607056  0.8679775 ]
 [-0.2696665  -0.1557535   0.66489017]
 [-0.24705607  0.06138191  0.74181044]
 [ 0.08240043  0.0567331   0.8352667 ]
 [ 0.32428616 -0.00846568  0.75598013]
 [ 0.41322166  0.05207893  0.5322774 ]]
[[ 0.0000000e+00  0.0000000e+00  4.8189095e-01]
 [ 7.7566259e-02  6.5325789e-02  4.9356362e-01]
 [-8.4052920e-02  3.9048982e-01  3.3343199e-01]
 [-1.5887523e-01  4.9517030e-01  9.5704198e-04]
 [-2.9623318e-01  5.9876096e-01  0.0000000e+00]
 [-7.7855840e-02 -6.5331459e-02  4.6954444e-01]
 [ 8.4310904e-02  9.4376057e-02  1.7605129e-01]
 [ 4.2328179e-01 -7.7799067e-02  2.9798263e-01]
 [ 5.5241430e-01 -1.0196090e-02  2.3481849e-01]
 [-6.1214156e-03  5.1991090e-02  6.8229687e-01]
 [-2.7996980e-02  9.3025267e-02  9.2122149e-01]
 [-1.1161797e-01  1.5336701e-01  1.0087987e+00]
 [-6.4120412e-02  1.1535877e-01  1.1192704e+00]
 [-1.5527335e-01  2.6282787e-02  9.0041393e-01]
 [-2.1160264e-01 -1.4444676e-01  7.0513284e-01]
 [-1.8951914e-01  4.2221621e-02  6.2927043e-01]
 [ 1.0574606e-01  1.1703274e-01  8.5130948e-01]
 [ 3.1011859e-01  8.7515920e-02  7.0645547e-01]
 [ 3.0576420e-01  1.8694344e-01  5.0923407e-01]]
[[ 0.0000000e+00  0.0000000e+00  5.2102876e-01]
 [ 8.3876364e-02  6.5501280e-02  5.3153509e-01]
 [-3.3394068e-02  3.9484334e-01  3.3877310e-01]
 [-8.3859146e-02  5.0313246e-01  9.0624690e-03]
 [-2.1898144e-01  6.1384147e-01  0.0000000e+00]
 [-8.4155649e-02 -6.5464780e-02  5.0993019e-01]
 [ 2.3624530e-02  9.4766498e-02  2.0640105e-01]
 [ 3.4131223e-01 -1.4643346e-01  3.4362835e-01]
 [ 4.8616713e-01 -8.7094828e-02  2.9603121e-01]
 [ 3.0351803e-04  7.1323454e-02  7.1653664e-01]
 [-1.8663198e-02  1.3910016e-01  9.4871575e-01]
 [-1.0327004e-01  2.0032534e-01  1.0352305e+00]
 [-5.4274365e-02  1.6383165e-01  1.1455263e+00]
 [-1.4140294e-01  6.4277321e-02  9.3112850e-01]
 [-1.6541293e-01 -1.1385152e-01  7.3814273e-01]
 [-1.4355201e-01  6.1804429e-03  5.8960545e-01]
 [ 1.1482231e-01  1.6522744e-01  8.7397754e-01]
 [ 2.7834329e-01  1.2956817e-01  6.8356848e-01]
 [ 2.0901874e-01  2.2996759e-01  4.9629474e-01]]
[[ 0.00000000e+00  0.00000000e+00  5.55120826e-01]
 [ 9.31102112e-02  6.93362281e-02  5.62007368e-01]
 [ 7.66721815e-02  4.13001388e-01  3.28297108e-01]
 [ 1.51874036e-01  4.64450002e-01  4.04555202e-02]
 [ 8.38324428e-04  5.83208025e-01  0.00000000e+00]
 [-9.32709575e-02 -6.91088587e-02  5.47875702e-01]
 [-1.23083800e-01  1.67652294e-01  2.89604485e-01]
 [ 1.87844545e-01 -1.22403771e-01  3.60583544e-01]
 [ 2.87294090e-01 -6.07525706e-02  2.63438225e-01]
 [-3.64828855e-03  8.41265917e-02  7.38637149e-01]
 [-2.90267095e-02  1.67753458e-01  9.58076715e-01]
 [-1.15186453e-01  2.22865760e-01  1.04715288e+00]
 [-6.97053671e-02  1.90787554e-01  1.15531564e+00]
 [-1.39396727e-01  6.92880452e-02  9.43082035e-01]
 [-1.04835942e-01 -1.53800607e-01  8.05014074e-01]
 [-6.67258054e-02 -1.04329824e-01  6.11759007e-01]
 [ 9.92379636e-02  2.15125144e-01  8.84745002e-01]
 [ 1.92124009e-01  2.59902418e-01  6.55411601e-01]
 [ 1.75940543e-02  3.04272592e-01  5.61009645e-01]]
[[ 0.          0.          0.54689014]
 [ 0.08895905  0.07623152  0.5457274 ]
 [ 0.23366904  0.36206368  0.30642933]
 [ 0.47340637  0.25364575  0.1051791 ]
 [ 0.36406726  0.3323512   0.        ]
 [-0.08899573 -0.07583431  0.5480624 ]
 [-0.24135971  0.2837052   0.443281  ]
 [-0.05219021  0.06601977  0.2342307 ]
 [-0.10859439  0.1460312   0.10146612]
 [-0.0169086   0.0442723   0.7380477 ]
 [-0.0585904   0.0691303   0.96890616]
 [-0.15681224  0.11737543  1.0595784 ]
 [-0.10781625  0.07947892  1.1628567 ]
 [-0.14309707 -0.04945454  0.9627923 ]
 [-0.0240926  -0.2914182   0.99351025]
 [ 0.03758216 -0.29159242  0.80285853]
 [ 0.04484957  0.15808156  0.8965074 ]
 [ 0.05542649  0.2905577   0.6853238 ]
 [-0.14597474  0.24476169  0.76016724]]
[[ 0.          0.          0.5277581 ]
 [ 0.08751473  0.07557072  0.52475566]
 [ 0.28243113  0.3081915   0.2927696 ]
 [ 0.5700575   0.15208471  0.12840945]
 [ 0.5230912   0.20566681  0.        ]
 [-0.08752429 -0.07520053  0.53096306]
 [-0.26170337  0.2967254   0.44751757]
 [-0.1647418   0.16474822  0.1369336 ]
 [-0.263598    0.26822418  0.03715813]
 [-0.01455199  0.03092183  0.7228216 ]
 [-0.04984237  0.05045649  0.96047413]
 [-0.15342173  0.09522682  1.0480506 ]
 [-0.09635557  0.05909127  1.1517532 ]
 [-0.12099689 -0.0674195   0.9521634 ]
 [ 0.02172653 -0.2860609   0.9851164 ]
 [ 0.07265724 -0.26811603  0.7930532 ]
 [ 0.04352263  0.14478913  0.88577265]
 [ 0.04634175  0.29135707  0.6900726 ]
 [-0.13587034  0.27027997  0.79168487]]
[[ 0.          0.          0.46365896]
 [ 0.08080439  0.07504351  0.46413237]
 [ 0.26336357  0.2398713   0.20139545]
 [ 0.5794411   0.01910591  0.19786009]
 [ 0.61386657  0.03323042  0.06550267]
 [-0.08087572 -0.07470234  0.46361047]
 [-0.26279652  0.28261882  0.37159845]
 [-0.2685306   0.3503577   0.03941637]
 [-0.38945365  0.4551798   0.        ]
 [-0.01998035  0.01851755  0.65836716]
 [-0.05986372  0.02496821  0.8971325 ]
 [-0.17369021  0.05668992  0.99027836]
 [-0.11058384  0.02584493  1.0911177 ]
 [-0.1162154  -0.08835727  0.88123   ]
 [ 0.03156754 -0.28603494  0.85589623]
 [ 0.05130319 -0.17943779  0.66436267]
 [ 0.02100006  0.1140542   0.82295215]
 [ 0.05227623  0.23279764  0.6232139 ]
 [-0.12857354  0.25634468  0.66396385]]
[[ 0.0000000e+00  0.0000000e+00  4.3095478e-01]
 [ 7.9588100e-02  6.6943318e-02  4.3429029e-01]
 [ 1.5523511e-01  1.7952944e-01  1.2903348e-01]
 [ 4.2105258e-01 -1.5210269e-01  2.5763464e-01]
 [ 5.2581227e-01 -1.6532640e-01  1.9518808e-01]
 [-7.9669960e-02 -6.6745311e-02  4.2809922e-01]
 [-2.0139682e-01  3.3211875e-01  2.8991222e-01]
 [-2.1401745e-01  6.0103375e-01  0.0000000e+00]
 [-3.4154087e-01  7.1588010e-01  1.2090951e-02]
 [-2.6921045e-02  2.9992595e-02  6.1696976e-01]
 [-8.0246292e-02  2.8391182e-02  8.5020149e-01]
 [-2.0638689e-01  5.7621300e-02  9.4861925e-01]
 [-1.3616791e-01  2.7153671e-02  1.0488814e+00]
 [-1.3050723e-01 -7.8423381e-02  8.1273854e-01]
 [-3.9912127e-02 -2.3298265e-01  6.3413429e-01]
 [-8.9275204e-02 -5.9523679e-02  4.8175979e-01]
 [-4.4725835e-04  1.0725859e-01  7.8515971e-01]
 [ 9.5963947e-02  2.0236179e-01  5.6780785e-01]
 [ 6.3029006e-03  2.7076393e-01  4.5803544e-01]]
[[ 0.          0.          0.4331949 ]
 [ 0.07969907  0.06968238  0.43703824]
 [ 0.06786254  0.16747731  0.13797522]
 [ 0.32577392 -0.19090271  0.28400576]
 [ 0.43068904 -0.21392202  0.23867863]
 [-0.0798097  -0.06954791  0.4297663 ]
 [-0.15852457  0.33817852  0.27480686]
 [-0.11749709  0.6268621   0.        ]
 [-0.25225592  0.7590644   0.00488174]
 [-0.03111479  0.03388672  0.6174904 ]
 [-0.08878813  0.03441319  0.8501972 ]
 [-0.2171922   0.06573695  0.9500418 ]
 [-0.1477487   0.03184307  1.0501565 ]
 [-0.14705618 -0.07292441  0.806206  ]
 [-0.08920878 -0.20744142  0.5813854 ]
 [-0.15579438 -0.00818147  0.47449303]
 [-0.00209142  0.10710931  0.7890326 ]
 [ 0.12628458  0.12826195  0.57109845]
 [ 0.11053671  0.22542301  0.38456953]]
[[ 0.          0.          0.4592194 ]
 [ 0.07122403  0.08633494  0.46682698]
 [-0.11104013  0.2612817   0.2658261 ]
 [ 0.1659986  -0.04840936  0.30275926]
 [ 0.19457692 -0.02840951  0.17726377]
 [-0.07131995 -0.08624981  0.45151472]
 [-0.04402156  0.28015947  0.24242632]
 [ 0.14462206  0.51442116  0.03861502]
 [ 0.02648564  0.6532418   0.        ]
 [-0.03613273  0.0361634   0.64852595]
 [-0.09599692  0.04483429  0.886579  ]
 [-0.216993    0.08020991  0.98880005]
 [-0.15364224  0.04132593  1.0890895 ]
 [-0.1812353  -0.06220216  0.8404473 ]
 [-0.18986493 -0.20570102  0.6039155 ]
 [-0.2772181   0.02233116  0.6062586 ]
 [ 0.01241596  0.10860509  0.8290168 ]
 [ 0.22223125  0.1004106   0.6926434 ]
 [ 0.3084569   0.22599481  0.47332102]]
[[ 0.          0.          0.4408342 ]
 [ 0.05773222  0.08415503  0.4582136 ]
 [-0.21668148  0.28982645  0.37298542]
 [-0.01307376  0.13801733  0.18498299]
 [-0.08229104  0.22806606  0.0644137 ]
 [-0.05781749 -0.08420121  0.42287445]
 [ 0.09102239  0.18424922  0.19066519]
 [ 0.3922393   0.32651913  0.1032016 ]
 [ 0.34788832  0.4533257   0.        ]
 [-0.03272051  0.02417664  0.6387435 ]
 [-0.0810782   0.03163382  0.88286054]
 [-0.18440059  0.0812397   0.9776672 ]
 [-0.12354679  0.04050481  1.082745  ]
 [-0.18776914 -0.05154082  0.83949757]
 [-0.25959072 -0.19743453  0.61776555]
 [-0.2945037   0.01518804  0.7328249 ]
 [ 0.0407459   0.07373959  0.8272636 ]
 [ 0.28488135  0.00418893  0.761354  ]
 [ 0.40767753  0.05859392  0.5283783 ]]
[[ 0.          0.          0.39060172]
 [ 0.05423391  0.07624374  0.4078707 ]
 [-0.2273063   0.27367747  0.3426259 ]
 [-0.15708926  0.28819364  0.06380236]
 [-0.28451276  0.39161986  0.        ]
 [-0.05436523 -0.07630797  0.37265122]
 [ 0.1368446   0.14552283  0.13936493]
 [ 0.4909311   0.21911454  0.14932296]
 [ 0.53524184  0.3200903   0.01922402]
 [-0.02772275  0.00819789  0.58677757]
 [-0.06683944  0.00814247  0.8289256 ]
 [-0.16301465  0.06650221  0.9170767 ]
 [-0.10040997  0.02468902  1.0244837 ]
 [-0.18029115 -0.0621843   0.79161656]
 [-0.26518643 -0.19466874  0.5925853 ]
 [-0.2548281   0.01321223  0.6999466 ]
 [ 0.05684383  0.04418057  0.7743257 ]
 [ 0.30317825 -0.01486081  0.7104881 ]
 [ 0.39968097  0.0538744   0.48639637]]
[[ 0.          0.          0.3862804 ]
 [ 0.06288096  0.06759167  0.40043995]
 [-0.17151195  0.35254422  0.31923723]
 [-0.20944113  0.45346698  0.01598808]
 [-0.35091883  0.5552461   0.        ]
 [-0.06309311 -0.0675943   0.37144905]
 [ 0.12080639  0.12705845  0.11616844]
 [ 0.4876082   0.09272261  0.20161241]
 [ 0.5982957   0.1722868   0.10958782]
 [-0.01795851  0.01287489  0.57688874]
 [-0.05035863  0.01741281  0.8122673 ]
 [-0.14888445  0.06688976  0.9025117 ]
 [-0.08138985  0.02780795  1.0079519 ]
 [-0.16389471 -0.0491274   0.78250057]
 [-0.23788002 -0.20002809  0.5901951 ]
 [-0.22989497  0.00760874  0.612556  ]
 [ 0.07045342  0.04761574  0.74929225]
 [ 0.29976547 -0.01570427  0.6414676 ]
 [ 0.3470732   0.0740497   0.41965827]]
[[ 0.          0.          0.4046886 ]
 [ 0.07120353  0.06708809  0.41747725]
 [-0.11361128  0.40000126  0.29020882]
 [-0.1779111   0.5336208   0.        ]
 [-0.31526923  0.63634753  0.00355682]
 [-0.07146062 -0.06703071  0.39127102]
 [ 0.06903656  0.1247156   0.12578803]
 [ 0.42811346 -0.00177015  0.24081492]
 [ 0.57172     0.06492561  0.18091667]
 [-0.00807682  0.03863198  0.5898732 ]
 [-0.0351836   0.07251707  0.82016414]
 [-0.1345835   0.11834791  0.9129135 ]
 [-0.06388984  0.0818457   1.0176692 ]
 [-0.14556736 -0.00491729  0.7956711 ]
 [-0.19132116 -0.1821856   0.6030158 ]
 [-0.18571694  0.00955759  0.52688426]
 [ 0.08563161  0.10440981  0.7490331 ]
 [ 0.28492817  0.04696581  0.5963302 ]
 [ 0.27589768  0.14708824  0.3831147 ]]
[[ 0.          0.          0.4433854 ]
 [ 0.07925428  0.06807402  0.45576912]
 [-0.04253604  0.42259818  0.2970767 ]
 [-0.06233796  0.5237521   0.00793815]
 [-0.20237666  0.6349055   0.        ]
 [-0.07949545 -0.06789433  0.43049687]
 [-0.03782794  0.17447656  0.1833877 ]
 [ 0.32800058 -0.00985435  0.30744725]
 [ 0.46787366  0.05867285  0.2392312 ]
 [-0.00745007  0.0555817   0.6198243 ]
 [-0.03774651  0.11364481  0.8395208 ]
 [-0.1393196   0.15717459  0.93275976]
 [-0.07041068  0.12452918  1.036161  ]
 [-0.14003876  0.01941872  0.8140175 ]
 [-0.1329993  -0.16862848  0.6209855 ]
 [-0.1129133  -0.02478614  0.47003165]
 [ 0.08354638  0.159323    0.76857615]
 [ 0.23010555  0.14973153  0.5631437 ]
 [ 0.12737605  0.2044304   0.37794185]]
[[ 0.          0.          0.44616118]
 [ 0.0823876   0.07070967  0.4541527 ]
 [ 0.14968504  0.42729294  0.25180137]
 [ 0.32085696  0.45632142  0.06019515]
 [ 0.17945549  0.5588359   0.        ]
 [-0.08247422 -0.07023923  0.43804693]
 [-0.21412617  0.2825082   0.31206775]
 [ 0.06979316  0.12032793  0.2567329 ]
 [ 0.11775818  0.18399426  0.1451155 ]
 [-0.01676765  0.04271652  0.6119708 ]
 [-0.05791555  0.0776031   0.8181375 ]
 [-0.1624919   0.11239415  0.91701305]
 [-0.09613626  0.07743239  1.013557  ]
 [-0.13465272 -0.04658121  0.81216323]
 [-0.02408605 -0.3004425   0.8187829 ]
 [ 0.01396438 -0.28070202  0.6454367 ]
 [ 0.04037087  0.16463831  0.7485847 ]
 [ 0.08333018  0.28479505  0.53807116]
 [-0.12855616  0.2597188   0.52629113]]
[[ 0.          0.          0.43164992]
 [ 0.08444871  0.07334074  0.43298227]
 [ 0.27332515  0.37614983  0.23564607]
 [ 0.55216575  0.2845142   0.1033898 ]
 [ 0.49438965  0.35440883  0.        ]
 [-0.08442975 -0.07285635  0.4305762 ]
 [-0.24984887  0.33617386  0.37516928]
 [-0.13678122  0.26530498  0.1114125 ]
 [-0.22186276  0.36819798  0.03632465]
 [-0.0079612   0.02145222  0.6110555 ]
 [-0.03380077  0.0396145   0.8340627 ]
 [-0.14637476  0.07696569  0.9275721 ]
 [-0.07313646  0.03518933  1.0234487 ]
 [-0.08644864 -0.09123692  0.830955  ]
 [ 0.05499071 -0.31646666  0.8644974 ]
 [ 0.127426   -0.24525678  0.6945384 ]
 [ 0.03848481  0.14421839  0.7612004 ]
 [ 0.02490154  0.2856756   0.5726296 ]
 [-0.15837142  0.25802776  0.6571535 ]]
[[ 0.          0.          0.36584532]
 [ 0.07964008  0.07318848  0.36789554]
 [ 0.29568473  0.33843905  0.17797773]
 [ 0.60020834  0.20635065  0.127644  ]
 [ 0.60626256  0.23781678  0.00590539]
 [-0.07958443 -0.07273503  0.36425704]
 [-0.2473718   0.3352811   0.31162155]
 [-0.21369278  0.40287134  0.03997159]
 [-0.3248762   0.5012259   0.        ]
 [-0.00759967 -0.00639141  0.545435  ]
 [-0.02881721 -0.01088333  0.77121997]
 [-0.1431529   0.01823717  0.8647411 ]
 [-0.06193458 -0.02331525  0.95810854]
 [-0.05968248 -0.13731661  0.7634672 ]
 [ 0.08753788 -0.33768117  0.7658534 ]
 [ 0.14106652 -0.24275807  0.5941056 ]
 [ 0.02294598  0.0980095   0.7006856 ]
 [ 0.01048359  0.2445356   0.5158895 ]
 [-0.15856999  0.22052874  0.60220176]]
[[ 0.0000000e+00  0.0000000e+00  3.4978196e-01]
 [ 7.9593576e-02  7.0330068e-02  3.5205299e-01]
 [ 2.4207905e-01  3.0484220e-01  1.2603925e-01]
 [ 5.3584987e-01  7.9822019e-02  2.1884117e-01]
 [ 6.2005413e-01  8.0354422e-02  1.3279396e-01]
 [-7.9544812e-02 -6.9942400e-02  3.4809750e-01]
 [-2.2086152e-01  3.3576912e-01  2.7551425e-01]
 [-2.2269195e-01  5.5903429e-01  0.0000000e+00]
 [-3.4568089e-01  6.5206957e-01  1.1887938e-02]
 [-1.2376832e-02  3.1404197e-04  5.2962029e-01]
 [-4.0529720e-02 -8.1267059e-03  7.5482285e-01]
 [-1.5976115e-01  2.0908237e-02  8.5169554e-01]
 [-8.1323296e-02 -1.9606411e-02  9.4499600e-01]
 [-6.8577610e-02 -1.2859794e-01  7.3806143e-01]
 [ 6.8431333e-02 -3.0467689e-01  6.6998148e-01]
 [ 7.1863413e-02 -1.7449783e-01  4.9148935e-01]
 [ 9.6097477e-03  9.2196286e-02  6.8763447e-01]
 [ 4.3932691e-02  2.0698416e-01  4.9009016e-01]
 [-1.1476120e-01  2.3573515e-01  4.7977304e-01]]
[[ 0.          0.          0.36970448]
 [ 0.07790191  0.0697106   0.36976105]
 [ 0.13030851  0.24204683  0.10369253]
 [ 0.3873081  -0.06116159  0.25707397]
 [ 0.5108887  -0.08374999  0.22543216]
 [-0.07788806 -0.06946355  0.37020856]
 [-0.16846845  0.3553892   0.25332084]
 [-0.11717224  0.6329872   0.        ]
 [-0.25529337  0.74698883  0.01862317]
 [-0.01100722  0.01461801  0.54434395]
 [-0.04947276 -0.00253108  0.76807934]
 [-0.17728078  0.02779442  0.86887956]
 [-0.0954115  -0.01266694  0.9659224 ]
 [-0.08463787 -0.12099937  0.7362654 ]
 [ 0.00407    -0.28733477  0.57050884]
 [-0.03467678 -0.09604456  0.4256824 ]
 [ 0.01409208  0.09326223  0.70566607]
 [ 0.1036943   0.18038549  0.49642795]
 [ 0.01180404  0.25071543  0.3778831 ]]
[[ 0.          0.          0.36728746]
 [ 0.06774046  0.07706495  0.37358004]
 [-0.05835973  0.25337192  0.14079389]
 [ 0.21610233 -0.09699023  0.28602704]
 [ 0.3258934  -0.10815522  0.2232562 ]
 [-0.06777912 -0.07691662  0.36125597]
 [-0.07180509  0.33142206  0.19246092]
 [ 0.09383608  0.5944073   0.01894778]
 [-0.03785047  0.73888934  0.        ]
 [-0.01720368  0.00911415  0.54154086]
 [-0.06097566 -0.01213303  0.7696551 ]
 [-0.18393959  0.01694387  0.8759218 ]
 [-0.10342527 -0.02274346  0.9722606 ]
 [-0.12396269 -0.12830415  0.72489804]
 [-0.10786387 -0.259192    0.4874645 ]
 [-0.19375537 -0.02639945  0.44670144]
 [ 0.0266707   0.07521647  0.71420133]
 [ 0.19706468  0.12192439  0.53723764]
 [ 0.18779427  0.2427913   0.33202222]]
[[ 0.          0.          0.346034  ]
 [ 0.05847996  0.08175545  0.36449215]
 [-0.19363856  0.3501327   0.280433  ]
 [ 0.05886177  0.16259398  0.21554993]
 [ 0.02065428  0.23816046  0.09939376]
 [-0.05854039 -0.08170992  0.32712424]
 [ 0.0478071   0.24310514  0.13425893]
 [ 0.36125538  0.367656    0.08678424]
 [ 0.3231588   0.5009694   0.        ]
 [-0.01852423  0.00934869  0.5357648 ]
 [-0.04855545  0.01559523  0.773361  ]
 [-0.15030321  0.05917913  0.87113214]
 [-0.07028227  0.01414293  0.9702466 ]
 [-0.14695764 -0.08164302  0.73262227]
 [-0.19750266 -0.2423658   0.51539916]
 [-0.26772657 -0.00969934  0.5946925 ]
 [ 0.06029029  0.07686064  0.7147198 ]
 [ 0.28043202  0.06943087  0.6085891 ]
 [ 0.33629572  0.17070931  0.3675739 ]]
[[ 0.          0.          0.30883312]
 [ 0.0531136   0.07501971  0.3291971 ]
 [-0.22238785  0.33282316  0.27990106]
 [-0.11383249  0.34176496  0.0662273 ]
 [-0.22195357  0.4474085   0.00347355]
 [-0.05324052 -0.07501511  0.28791803]
 [ 0.0910584   0.19295986  0.07191071]
 [ 0.4657654   0.27071476  0.11172527]
 [ 0.51715213  0.37865618  0.        ]
 [-0.01838628 -0.01508477  0.49277622]
 [-0.04379148 -0.02277997  0.72601557]
 [-0.1385668   0.02583867  0.8218098 ]
 [-0.05578312 -0.02032238  0.9208822 ]
 [-0.146139   -0.10613951  0.6958096 ]
 [-0.22261599 -0.2667908   0.5048883 ]
 [-0.25148696 -0.04676551  0.5863632 ]
 [ 0.06629351  0.03007051  0.66368645]
 [ 0.27861366  0.00651702  0.55580395]
 [ 0.33174476  0.08960082  0.32071477]]
[[ 0.          0.          0.30240446]
 [ 0.06160569  0.06652214  0.31710005]
 [-0.17262882  0.37877393  0.24922973]
 [-0.2084662   0.4732323   0.01448441]
 [-0.3402046   0.575886    0.        ]
 [-0.06178588 -0.06645414  0.28716144]
 [ 0.07603841  0.19972248  0.05389935]
 [ 0.45220006  0.20296489  0.1349963 ]
 [ 0.54077274  0.30063096  0.03521919]
 [-0.01087535 -0.00264177  0.4753251 ]
 [-0.03041828  0.00275689  0.6968492 ]
 [-0.12780593  0.0409227   0.8001908 ]
 [-0.03456512 -0.00255191  0.8948035 ]
 [-0.1330311  -0.08100092  0.6762453 ]
 [-0.189354   -0.26376638  0.4943575 ]
 [-0.21779194 -0.07035825  0.49538705]
 [ 0.07498606  0.04720885  0.623333  ]
 [ 0.2598229   0.01707944  0.4795072 ]
 [ 0.2808119   0.09537208  0.25535804]]
[[ 0.0000000e+00  0.0000000e+00  3.0720317e-01]
 [ 6.4853102e-02  6.7103505e-02  3.2005587e-01]
 [-1.4419410e-01  4.0000790e-01  2.3552456e-01]
 [-2.0915157e-01  5.2811790e-01  1.8447638e-03]
 [-3.4136021e-01  6.3089895e-01  0.0000000e+00]
 [-6.5006152e-02 -6.7007631e-02  2.9380924e-01]
 [ 5.1331695e-02  2.0628014e-01  5.3833246e-02]
 [ 4.3473881e-01  1.8468995e-01  1.4132863e-01]
 [ 5.2717119e-01  2.8388059e-01  4.8479080e-02]
 [-1.2851689e-02 -2.0500720e-03  4.7541004e-01]
 [-3.4006387e-02  8.8162422e-03  6.9245672e-01]
 [-1.3272084e-01  4.0396988e-02  7.9982698e-01]
 [-3.7428584e-02  2.3269653e-04  8.9298338e-01]
 [-1.3275304e-01 -7.9236835e-02  6.7253417e-01]
 [-1.7169610e-01 -2.6306647e-01  4.8588103e-01]
 [-1.9522810e-01 -6.6522762e-02  4.4583493e-01]
 [ 7.1491577e-02  5.5711746e-02  6.1580533e-01]
 [ 2.3912963e-01  4.7107682e-02  4.5655578e-01]
 [ 2.4770081e-01  1.3745707e-01  2.4492739e-01]]
[[ 0.          0.          0.36029097]
 [ 0.08125754  0.07099798  0.36955765]
 [-0.03747223  0.4247815   0.21199498]
 [-0.04566972  0.5238813   0.00677478]
 [-0.17141259  0.647321    0.        ]
 [-0.08132257 -0.07070737  0.35070676]
 [-0.10950583  0.28289276  0.14508945]
 [ 0.24215743  0.19066052  0.15271762]
 [ 0.25240672  0.31689724  0.05445704]
 [-0.01247109  0.02766357  0.5183394 ]
 [-0.03481679  0.06178275  0.7184439 ]
 [-0.13661715  0.09026581  0.8290231 ]
 [-0.04500921  0.05280298  0.91918826]
 [-0.1237184  -0.05199999  0.70035493]
 [-0.09870861 -0.24676159  0.51514536]
 [-0.08053301 -0.13149479  0.35474467]
 [ 0.06438901  0.1356912   0.6453025 ]
 [ 0.13185269  0.22077173  0.44641218]
 [ 0.01898246  0.21508028  0.31338483]]
[[ 0.          0.          0.38569695]
 [ 0.09038273  0.07362883  0.39623633]
 [ 0.10837516  0.44284514  0.17749411]
 [ 0.3016743   0.4186993   0.06940278]
 [ 0.19316545  0.51459014  0.        ]
 [-0.09031291 -0.07313773  0.3753264 ]
 [-0.2253693   0.34696686  0.28071657]
 [-0.09115875  0.26756325  0.09097761]
 [-0.19226825  0.39885986  0.02901363]
 [-0.01232373  0.00551647  0.5462655 ]
 [-0.03020104  0.01346612  0.7565162 ]
 [-0.13663346  0.04567075  0.8620369 ]
 [-0.05374305 -0.00298226  0.9495055 ]
 [-0.08503706 -0.12082615  0.7418647 ]
 [ 0.057944   -0.35380676  0.70256984]
 [ 0.16795552 -0.337483    0.5406755 ]
 [ 0.03612223  0.12211734  0.6873454 ]
 [ 0.01107769  0.28141528  0.5157871 ]
 [-0.16927251  0.25201008  0.5679646 ]]
[[ 0.          0.          0.36386454]
 [ 0.07578287  0.07177076  0.37473965]
 [ 0.23309998  0.3614347   0.14380027]
 [ 0.52858543  0.27606228  0.1026755 ]
 [ 0.5058652   0.32666588  0.        ]
 [-0.07565215 -0.07132518  0.35346144]
 [-0.22738862  0.3142159   0.2828709 ]
 [-0.27858365  0.3948437   0.04328835]
 [-0.40617758  0.49718595  0.01969051]
 [ 0.02010398 -0.0054118   0.54208946]
 [ 0.03346021 -0.01546136  0.7653413 ]
 [-0.07953019  0.00514933  0.8601546 ]
 [ 0.01642352 -0.04267031  0.94685435]
 [ 0.02452459 -0.14569035  0.74462944]
 [ 0.16825542 -0.34621865  0.7000284 ]
 [ 0.2425319  -0.26013637  0.5518303 ]
 [ 0.05300536  0.09924835  0.70570743]
 [-0.00492781  0.22684777  0.5635866 ]
 [-0.12296566  0.19789675  0.6780405 ]]
[[ 0.          0.          0.35278398]
 [ 0.06772231  0.0636548   0.36456206]
 [ 0.2625804   0.3139954   0.14323904]
 [ 0.57236046  0.22960564  0.10481489]
 [ 0.5967637   0.26060367  0.        ]
 [-0.06758392 -0.06324333  0.3415661 ]
 [-0.21800116  0.30141744  0.25662538]
 [-0.29264283  0.47258636  0.01892969]
 [-0.41785192  0.5595244   0.01452845]
 [ 0.02944241 -0.01973498  0.5334934 ]
 [ 0.04871506 -0.05052444  0.7553202 ]
 [-0.06324201 -0.03602755  0.8514879 ]
 [ 0.03118405 -0.08210272  0.935801  ]
 [ 0.05331863 -0.17177984  0.7247442 ]
 [ 0.1941883  -0.3577138   0.6512055 ]
 [ 0.22837552 -0.24039063  0.51275086]
 [ 0.0554241   0.06327972  0.70595026]
 [ 0.01665207  0.20441502  0.56947374]
 [-0.09433514  0.19544202  0.66626525]]
[[ 0.          0.          0.32970268]
 [ 0.06549977  0.06002783  0.3413359 ]
 [ 0.24657132  0.3007152   0.11381227]
 [ 0.5612038   0.21266773  0.12250695]
 [ 0.6201431   0.22942442  0.01728576]
 [-0.06533378 -0.05962006  0.3186738 ]
 [-0.19700435  0.3028618   0.21812028]
 [-0.2588603   0.5406382   0.        ]
 [-0.38627785  0.621873    0.0055787 ]
 [ 0.03089141 -0.0274106   0.50404596]
 [ 0.05278394 -0.06881729  0.7210376 ]
 [-0.05846461 -0.0552268   0.8205483 ]
 [ 0.03131687 -0.0991227   0.9042169 ]
 [ 0.05966958 -0.18078026  0.67999697]
 [ 0.19360971 -0.3432164   0.55216944]
 [ 0.17856427 -0.20501456  0.42277786]
 [ 0.0560277   0.03985205  0.67681646]
 [ 0.05065292  0.16907154  0.5337183 ]
 [-0.08467528  0.19528916  0.5800891 ]]
[[ 0.          0.          0.38871336]
 [ 0.06502499  0.07201114  0.40053135]
 [ 0.12401044  0.3114978   0.13818672]
 [ 0.4486369   0.20611227  0.18989655]
 [ 0.539135    0.21092688  0.08164945]
 [-0.06494486 -0.07163224  0.37735114]
 [-0.15689003  0.31858855  0.24375808]
 [-0.11861596  0.5157127   0.03854129]
 [-0.24621531  0.6275853   0.        ]
 [ 0.01857975 -0.03569996  0.5624996 ]
 [ 0.03327229 -0.08386528  0.7806704 ]
 [-0.07336819 -0.06588948  0.8905931 ]
 [ 0.02583597 -0.11378878  0.96899307]
 [ 0.0122789  -0.20568982  0.7312449 ]
 [ 0.09496525 -0.32064793  0.50812453]
 [-0.01132216 -0.15515006  0.42823732]
 [ 0.05904765  0.03063902  0.74103904]
 [ 0.11177819  0.18925986  0.58639735]
 [-0.06325704  0.25913745  0.5426985 ]]
[[ 0.          0.          0.41671342]
 [ 0.0279085   0.08624265  0.43346164]
 [-0.18793017  0.27812082  0.26778686]
 [ 0.09873964  0.2766883   0.15766922]
 [ 0.11649367  0.3457695   0.05762875]
 [-0.02792055 -0.08610697  0.4000768 ]
 [-0.04225799  0.2351561   0.19294432]
 [ 0.21001612  0.51919717  0.05897221]
 [ 0.14332561  0.6344765   0.        ]
 [-0.0345827  -0.06072601  0.58465445]
 [-0.07855957 -0.13198489  0.8011925 ]
 [-0.1724396  -0.1092034   0.9146005 ]
 [-0.08011939 -0.15877736  0.9922341 ]
 [-0.14217293 -0.24653824  0.74759066]
 [-0.19768234 -0.38348097  0.5222671 ]
 [-0.28945452 -0.28410113  0.4673494 ]
 [-0.00673903 -0.02248293  0.76265526]
 [ 0.13857685  0.20052716  0.6598729 ]
 [-0.02831119  0.35060698  0.56681085]]
[[ 0.          0.          0.46616477]
 [ 0.01662976  0.07817782  0.48854423]
 [-0.3136537   0.18786377  0.41918132]
 [-0.31199187  0.12963118  0.09665942]
 [-0.42397666  0.21575329  0.06090033]
 [-0.0167533  -0.07829774  0.44346422]
 [ 0.14675309  0.12399612  0.1995574 ]
 [ 0.47846252  0.34566337  0.10567868]
 [ 0.5017216   0.41224936  0.        ]
 [-0.04048973 -0.06159852  0.6425803 ]
 [-0.08481023 -0.12366214  0.8686824 ]
 [-0.15365632 -0.0766798   0.9664093 ]
 [-0.07139605 -0.12409779  1.0540216 ]
 [-0.17702523 -0.21697414  0.81803536]
 [-0.34118596 -0.35415375  0.6535784 ]
 [-0.3845939  -0.22427978  0.6895628 ]
 [ 0.01277724 -0.03757823  0.8282647 ]
 [ 0.20738891  0.13689256  0.7555307 ]
 [ 0.0584496   0.270053    0.640823  ]]
[[ 0.          0.          0.4278844 ]
 [ 0.01869386  0.06983108  0.44922504]
 [-0.31052393  0.21319468  0.37982383]
 [-0.35706162  0.21217813  0.05298993]
 [-0.486158    0.29946277  0.04584339]
 [-0.01884181 -0.06993842  0.40618473]
 [ 0.16798918  0.12743475  0.14207447]
 [ 0.52798915  0.3133978   0.10289025]
 [ 0.59310144  0.37658316  0.        ]
 [-0.03709404 -0.05106419  0.6087354 ]
 [-0.07989721 -0.11025882  0.8348485 ]
 [-0.1526568  -0.06662986  0.9348377 ]
 [-0.07642186 -0.11475596  1.0215473 ]
 [-0.17483126 -0.19342083  0.7825439 ]
 [-0.33124363 -0.33549815  0.61315143]
 [-0.3876898  -0.2337035   0.60400146]
 [ 0.01649063 -0.03349072  0.7933925 ]
 [ 0.21637262  0.1315457   0.71520686]
 [ 0.07757467  0.27368623  0.5953204 ]]
[[ 0.          0.          0.40538424]
 [ 0.02278926  0.06890257  0.42576933]
 [-0.29639974  0.23538555  0.3313338 ]
 [-0.38249683  0.2775121   0.        ]
 [-0.51885426  0.36837286  0.01225066]
 [-0.02299275 -0.06902932  0.38459045]
 [ 0.16035585  0.08070183  0.07918686]
 [ 0.5275656   0.18896908  0.09921414]
 [ 0.6213177   0.24827176  0.01348621]
 [-0.02630919 -0.03677724  0.59213996]
 [-0.06619072 -0.09425184  0.82283723]
 [-0.14976713 -0.05429855  0.9256122 ]
 [-0.07743706 -0.10083735  1.0149776 ]
 [-0.15986487 -0.17340575  0.76297843]
 [-0.27885014 -0.32444045  0.5683565 ]
 [-0.3400675  -0.19947232  0.5043241 ]
 [ 0.03061467 -0.02301988  0.7791221 ]
 [ 0.22746783  0.10085323  0.67456245]
 [ 0.09684084  0.2550755   0.5614687 ]]
[[ 0.          0.          0.44891948]
 [ 0.02729913  0.07140996  0.46789396]
 [-0.2762762   0.24995764  0.33484173]
 [-0.37288356  0.31456858  0.        ]
 [-0.5170414   0.40442327  0.01400232]
 [-0.0275277  -0.0715542   0.42950785]
 [ 0.12784004  0.03061682  0.09561044]
 [ 0.4850457   0.036163    0.15660292]
 [ 0.6057777   0.08814311  0.08079702]
 [-0.0151557  -0.02268067  0.6397519 ]
 [-0.05361267 -0.07857201  0.8739647 ]
 [-0.14884958 -0.04083592  0.9779981 ]
 [-0.07841796 -0.08227521  1.0720031 ]
 [-0.14014843 -0.1586463   0.8100599 ]
 [-0.21291968 -0.3104874   0.5926265 ]
 [-0.26781896 -0.19883364  0.4937831 ]
 [ 0.04183174 -0.00771701  0.8285072 ]
 [ 0.22714734  0.08836508  0.7031224 ]
 [ 0.10738397  0.25485384  0.616225  ]]
[[ 0.          0.          0.52080274]
 [ 0.03202128  0.07705114  0.53750676]
 [-0.21292645  0.3256496   0.3534179 ]
 [-0.2590857   0.45273906  0.01250386]
 [-0.4106595   0.54417986  0.        ]
 [-0.03223785 -0.0771608   0.50368226]
 [ 0.0661433  -0.03583926  0.14275181]
 [ 0.39356294 -0.20115012  0.23836553]
 [ 0.56130564 -0.1648427   0.1890392 ]
 [ 0.00733792  0.01293497  0.72225136]
 [-0.01968866 -0.02332228  0.9650574 ]
 [-0.12913062  0.01284659  1.0705775 ]
 [-0.05636789 -0.01901507  1.1676458 ]
 [-0.08894938 -0.10765865  0.9026164 ]
 [-0.08592902 -0.2690907   0.6894394 ]
 [-0.10951418 -0.21817225  0.59782004]
 [ 0.06727581  0.04608074  0.9186217 ]
 [ 0.22890902  0.1253747   0.7812849 ]
 [ 0.12024757  0.2870197   0.7544129 ]]
[[ 0.00000000e+00  0.00000000e+00  6.23545170e-01]
 [ 3.23808677e-02  7.06801713e-02  6.37427092e-01]
 [-8.60142410e-02  3.55239898e-01  3.92314315e-01]
 [ 2.04578936e-02  4.85063225e-01  7.59152174e-02]
 [-8.20474327e-02  5.83323121e-01  0.00000000e+00]
 [-3.24352980e-02 -7.07226247e-02  6.09428883e-01]
 [-2.60103904e-02 -6.51820600e-02  2.71560848e-01]
 [ 2.51120359e-01 -4.06674862e-01  3.65606397e-01]
 [ 4.35959935e-01 -3.96134198e-01  3.37842643e-01]
 [ 3.93191203e-02  1.91281438e-02  8.31778049e-01]
 [ 4.02147993e-02 -7.34660029e-03  1.07946384e+00]
 [-6.84473887e-02  3.03027630e-02  1.17807341e+00]
 [ 2.32093967e-03  7.36677647e-03  1.27834606e+00]
 [-9.65887681e-04 -7.96057284e-02  1.02787530e+00]
 [ 1.63024276e-01 -2.36516863e-01  8.95968556e-01]
 [ 2.47091234e-01 -2.95363933e-01  7.78918982e-01]
 [ 1.05716705e-01  5.95061183e-02  1.03663194e+00]
 [ 2.24116623e-01  1.42355084e-01  9.17632699e-01]
 [ 1.31876037e-01  2.01837182e-01  1.04807341e+00]]
[[ 0.00000000e+00  0.00000000e+00  6.19518638e-01]
 [ 2.92045884e-02  7.43040368e-02  6.29182875e-01]
 [-1.13469362e-03  3.18062961e-01  3.43293905e-01]
 [ 2.50641286e-01  3.99678409e-01  1.05889380e-01]
 [ 2.49368593e-01  4.76966232e-01  0.00000000e+00]
 [-2.90981065e-02 -7.42859840e-02  6.09935045e-01]
 [-1.28915340e-01 -5.38152158e-02  2.92071134e-01]
 [ 1.46853179e-01 -3.99509847e-01  3.36490035e-01]
 [ 3.09769243e-01 -4.11418140e-01  2.92716086e-01]
 [ 7.08661675e-02 -1.82120502e-03  8.26055825e-01]
 [ 1.05539262e-01 -3.60580385e-02  1.07274771e+00]
 [-2.40004808e-02 -3.40795517e-03  1.16934502e+00]
 [ 4.54099998e-02 -2.28782892e-02  1.27121949e+00]
 [ 1.10523999e-01 -1.22908145e-01  1.02473545e+00]
 [ 2.86378235e-01 -2.65820861e-01  9.43146229e-01]
 [ 4.25821960e-01 -3.52451265e-01  9.20917332e-01]
 [ 1.27310917e-01  5.13735116e-02  1.02882910e+00]
 [ 1.76232859e-01  1.14663959e-01  9.56561685e-01]
 [ 8.75775591e-02  1.04142010e-01  1.14339375e+00]]
[[ 0.          0.          0.5507134 ]
 [ 0.02917111  0.07794917  0.5600296 ]
 [ 0.05414677  0.22015786  0.23502612]
 [ 0.40089136  0.26597953  0.11392415]
 [ 0.44524252  0.31062645  0.        ]
 [-0.02900273 -0.07787847  0.54164296]
 [-0.22197413 -0.00513467  0.27411503]
 [ 0.0926266  -0.22289374  0.24838021]
 [ 0.20912081 -0.22750086  0.16187811]
 [ 0.08570474 -0.0172822   0.7492818 ]
 [ 0.1418961  -0.05444795  0.9891776 ]
 [ 0.01006582 -0.02408046  1.0903739 ]
 [ 0.07872647 -0.04399228  1.1862545 ]
 [ 0.16981044 -0.1569436   0.9421447 ]
 [ 0.32545316 -0.31965762  0.94774354]
 [ 0.4602189  -0.4002437   1.0317825 ]
 [ 0.13182765  0.04642639  0.9518664 ]
 [ 0.10036413  0.11297143  0.9568104 ]
 [ 0.03014801  0.09779608  1.1491561 ]]
[[ 0.          0.          0.4598342 ]
 [ 0.03399013  0.07216986  0.46542817]
 [ 0.04294519  0.12618774  0.12059477]
 [ 0.3978281   0.02310401  0.12130395]
 [ 0.50855625  0.02471921  0.042373  ]
 [-0.03382193 -0.0720832   0.454606  ]
 [-0.28575742  0.05511887  0.2753609 ]
 [ 0.00713336 -0.07125464  0.10281974]
 [ 0.05157265 -0.03572717  0.        ]
 [ 0.07882633 -0.00689587  0.65537   ]
 [ 0.13929608 -0.02727917  0.8941138 ]
 [ 0.01606868 -0.00253272  0.99541974]
 [ 0.08922635 -0.02216041  1.0901783 ]
 [ 0.18387716 -0.14013878  0.85728914]
 [ 0.28245425 -0.36063683  0.9846536 ]
 [ 0.34478873 -0.41076568  1.1687509 ]
 [ 0.1025295   0.07257807  0.8531868 ]
 [-0.03414314  0.08212581  0.95084345]
 [-0.11012352  0.08304751  1.1526469 ]]
[[ 0.00000000e+00  0.00000000e+00  4.79401916e-01]
 [ 3.97817418e-02  6.19184524e-02  4.81457442e-01]
 [-2.88145244e-03  9.04427767e-02  1.54974937e-01]
 [ 3.02454412e-01 -1.49277180e-01  1.99580967e-01]
 [ 4.43803459e-01 -1.73974276e-01  1.55102283e-01]
 [-3.96851860e-02 -6.18771836e-02  4.77765381e-01]
 [-2.97259450e-01  7.56996274e-02  3.74176145e-01]
 [-7.84920976e-02 -1.37783885e-02  8.80903006e-02]
 [-9.63168293e-02  6.60232902e-02  0.00000000e+00]
 [ 6.32134601e-02  6.22060895e-03  6.81438506e-01]
 [ 1.14398114e-01  3.90946865e-03  9.25286412e-01]
 [-3.54710966e-04  2.52488256e-02  1.02004921e+00]
 [ 7.60675296e-02  4.49138880e-03  1.11826181e+00]
 [ 1.56536639e-01 -1.10717267e-01  8.99457514e-01]
 [ 1.68168366e-01 -3.29972148e-01  1.07440186e+00]
 [ 1.88202858e-01 -3.47447634e-01  1.28996873e+00]
 [ 7.16022924e-02  9.80321765e-02  8.73738527e-01]
 [-1.08775854e-01  7.78239369e-02  9.90590215e-01]
 [-2.19457150e-01  7.58168697e-02  1.18065476e+00]]
[[ 0.          0.          0.4499247 ]
 [ 0.04174406  0.06723057  0.4484454 ]
 [-0.07044072  0.11370534  0.17248276]
 [ 0.23170891 -0.11804733  0.21436608]
 [ 0.37516016 -0.13986626  0.17494547]
 [-0.04174053 -0.06721419  0.45180413]
 [-0.31831902  0.02733189  0.3980423 ]
 [-0.16779828 -0.03182817  0.06006199]
 [-0.22657077  0.05562347  0.        ]
 [ 0.04647097  0.01674123  0.6574461 ]
 [ 0.0841662   0.02639171  0.90525514]
 [-0.0296952   0.04702991  0.99240434]
 [ 0.04877016  0.02638841  1.0921202 ]
 [ 0.1152748  -0.09856272  0.88918066]
 [ 0.05361858 -0.31842297  1.0906146 ]
 [ 0.02388324 -0.31934065  1.3060068 ]
 [ 0.04496252  0.12307897  0.84865725]
 [-0.16441157  0.1030125   0.96160936]
 [-0.3005185   0.10389441  1.1260551 ]]
[[ 0.          0.          0.3892666 ]
 [ 0.04096447  0.08042929  0.38548023]
 [-0.13929659  0.19543716  0.18468694]
 [ 0.17866495  0.01460707  0.17889279]
 [ 0.30016583  0.01099235  0.11470404]
 [-0.04107787 -0.0803355   0.39344993]
 [-0.34151566 -0.03362259  0.38530314]
 [-0.25190565 -0.03583679  0.01948869]
 [-0.34514433  0.04596373  0.        ]
 [ 0.03076998  0.03019316  0.600872  ]
 [ 0.04782486  0.04800138  0.8491695 ]
 [-0.07003747  0.06903756  0.928996  ]
 [ 0.00519667  0.05161935  1.0287905 ]
 [ 0.07082653 -0.0872314   0.8377007 ]
 [-0.05878882 -0.2853248   1.0455515 ]
 [-0.14311454 -0.2508021   1.24467   ]
 [ 0.01436784  0.14821175  0.78805816]
 [-0.19955343  0.1586408   0.87952536]
 [-0.36315724  0.17634934  1.0106041 ]]
[[ 0.0000000e+00  0.0000000e+00  3.4057608e-01]
 [ 3.3413235e-02  1.0521217e-01  3.3215982e-01]
 [-2.3210520e-01  2.9174134e-01  2.7828389e-01]
 [ 5.4520093e-02  2.4079475e-01  1.0702941e-01]
 [ 7.5255431e-02  2.8635842e-01  0.0000000e+00]
 [-3.3644937e-02 -1.0512850e-01  3.4923220e-01]
 [-3.5505855e-01 -1.1149887e-01  4.0971321e-01]
 [-3.7222147e-01 -9.2330903e-02  1.6144931e-02]
 [-5.0105757e-01 -2.6748657e-02  5.0830394e-02]
 [-5.6399591e-04  4.4525370e-02  5.5552340e-01]
 [-1.8936425e-02  6.9980681e-02  8.0156255e-01]
 [-1.4166492e-01  9.8780274e-02  8.6788821e-01]
 [-8.0493778e-02  9.3280256e-02  9.7327018e-01]
 [-1.3540629e-03 -7.5828403e-02  7.9577494e-01]
 [-2.2630957e-01 -2.0802414e-01  9.3151236e-01]
 [-3.6845279e-01 -1.4104182e-01  1.0698984e+00]
 [-4.3961212e-02  1.6825843e-01  7.3539686e-01]
 [-2.4866045e-01  1.6729593e-01  7.4332315e-01]
 [-4.4717747e-01  1.9112182e-01  8.0588710e-01]]
[[ 0.          0.          0.335842  ]
 [ 0.02514615  0.11640154  0.32512355]
 [-0.28015068  0.29735738  0.37345004]
 [-0.12783992  0.3688314   0.07024822]
 [-0.22192267  0.43763345  0.        ]
 [-0.02538728 -0.11637674  0.3466231 ]
 [-0.36197674 -0.15410411  0.4410462 ]
 [-0.44019252 -0.11704414  0.06610149]
 [-0.5774591  -0.07181355  0.11901337]
 [-0.03542467  0.04595931  0.5439286 ]
 [-0.09160591  0.07149494  0.78103966]
 [-0.22014922  0.10950863  0.8276042 ]
 [-0.17766348  0.10820985  0.94458044]
 [-0.0736116  -0.07398844  0.7747948 ]
 [-0.33734    -0.13968945  0.78192675]
 [-0.4977259  -0.05201226  0.79234946]
 [-0.10859621  0.16796392  0.70759904]
 [-0.30889428  0.15842992  0.63063586]
 [-0.48896384  0.15678301  0.6247395 ]]
[[ 0.          0.          0.2733252 ]
 [ 0.01216603  0.11952201  0.265123  ]
 [-0.30009288  0.2703894   0.35466042]
 [-0.27015     0.39347693  0.0206489 ]
 [-0.41130328  0.44931853  0.        ]
 [-0.01246316 -0.11948538  0.28148454]
 [-0.3533241  -0.15797152  0.39950386]
 [-0.460133   -0.07672662  0.05513543]
 [-0.59219503 -0.04594949  0.11359477]
 [-0.06131229  0.04166716  0.47388133]
 [-0.14943314  0.06573901  0.6979106 ]
 [-0.283822    0.09950712  0.7286761 ]
 [-0.26003653  0.09798396  0.85103035]
 [-0.12333619 -0.0760918   0.6939588 ]
 [-0.3742056  -0.13616008  0.6037327 ]
 [-0.5141769  -0.02498454  0.5028402 ]
 [-0.16292676  0.16276279  0.6224284 ]
 [-0.33733785  0.15409201  0.47504556]
 [-0.4539635   0.12223044  0.3964566 ]]
[[ 0.          0.          0.22757575]
 [ 0.00174857  0.11832825  0.22020298]
 [-0.32164484  0.19640128  0.3243506 ]
 [-0.41736144  0.32481992  0.        ]
 [-0.5639669   0.3601217   0.03024328]
 [-0.00205581 -0.11830743  0.23497105]
 [-0.37146878 -0.17469856  0.36892045]
 [-0.50387126 -0.06783879  0.04668611]
 [-0.6308147  -0.05709451  0.10826358]
 [-0.08335768  0.03458248  0.42002136]
 [-0.2034218   0.05171889  0.6305597 ]
 [-0.3483866   0.08582321  0.6346038 ]
 [-0.3445125   0.08605891  0.76061916]
 [-0.16435929 -0.08296329  0.63219786]
 [-0.31914765 -0.18787286  0.46682233]
 [-0.38106963 -0.1353182   0.27106392]
 [-0.21189097  0.13961393  0.5563297 ]
 [-0.298165    0.10519537  0.3374342 ]
 [-0.29896837  0.0781759   0.17105913]]
[[ 0.          0.          0.16548243]
 [-0.00100871  0.10976185  0.1578657 ]
 [-0.32832927  0.12841986  0.26617563]
 [-0.54567575  0.19163373  0.        ]
 [-0.6625626   0.21378946  0.07800157]
 [ 0.00074232 -0.10976925  0.17326161]
 [-0.39227915 -0.17022523  0.26383725]
 [-0.5581416  -0.04955471  0.02478266]
 [-0.67944485 -0.05992713  0.08917513]
 [-0.09826016  0.01235674  0.34312472]
 [-0.25812292  0.0077453   0.5187255 ]
 [-0.40287584  0.05013943  0.4810109 ]
 [-0.42744476  0.05432034  0.6036166 ]
 [-0.21023065 -0.10908037  0.53563166]
 [-0.13013305 -0.2753463   0.36531597]
 [-0.04167996 -0.33501402  0.20378777]
 [-0.24353313  0.10150746  0.45881346]
 [-0.15935451  0.12408764  0.24599713]
 [-0.05212101  0.08064941  0.0645595 ]]
[[ 0.          0.          0.1305019 ]
 [ 0.00145507  0.1044872   0.1187683 ]
 [-0.31389314  0.12836538  0.21799661]
 [-0.56725854  0.14985317  0.        ]
 [-0.6656995   0.18282382  0.09261507]
 [-0.00174497 -0.1045092   0.14244273]
 [-0.3829041  -0.1494345   0.19538736]
 [-0.5656319  -0.0433      0.00573379]
 [-0.67511845 -0.05563924  0.07768658]
 [-0.08825451  0.01222843  0.29996207]
 [-0.25478533  0.00323242  0.4521036 ]
 [-0.38677108  0.05254263  0.39673945]
 [-0.42421323  0.06140515  0.50824386]
 [-0.20924462 -0.09795526  0.48068404]
 [-0.05608693 -0.2724735   0.3747462 ]
 [ 0.08248425 -0.36209786  0.29619956]
 [-0.23266768  0.0920991   0.4004727 ]
 [-0.08661964  0.09326771  0.25824785]
 [ 0.04763831 -0.00805497  0.13269128]]
[[ 0.          0.          0.11647844]
 [ 0.00422734  0.09684673  0.09837902]
 [-0.2945092   0.13056567  0.18447115]
 [-0.5546695   0.12481033  0.        ]
 [-0.64278525  0.1649459   0.09930678]
 [-0.00452054 -0.09691852  0.13484216]
 [-0.36811155 -0.12912025  0.15400745]
 [-0.56752604 -0.06109828  0.00081497]
 [-0.67154205 -0.0649592   0.0823245 ]
 [-0.06851808  0.00617045  0.2832598 ]
 [-0.23061457 -0.0046905   0.4228754 ]
 [-0.34941965  0.04588622  0.35450357]
 [-0.39360517  0.06003016  0.45606345]
 [-0.1874239  -0.09301108  0.45716324]
 [-0.03054372 -0.27202567  0.40984577]
 [ 0.12147108 -0.35786924  0.39440426]
 [-0.2130754   0.07707387  0.37369204]
 [-0.06352366  0.04096675  0.2951244 ]
 [ 0.08689088 -0.0692233   0.22460221]]
[[ 0.          0.          0.10985443]
 [ 0.007863    0.09347092  0.0871793 ]
 [-0.28487492  0.14089248  0.16427773]
 [-0.5436791   0.12415826  0.        ]
 [-0.6288249   0.1705715   0.10327574]
 [-0.00817037 -0.09354863  0.13282424]
 [-0.35904363 -0.10554904  0.13394956]
 [-0.5641053  -0.05876461  0.0048244 ]
 [-0.6648563  -0.05389439  0.08944932]
 [-0.04966446  0.005254    0.27624664]
 [-0.20712514 -0.00324133  0.4100554 ]
 [-0.31648496  0.04221588  0.3343919 ]
 [-0.36566445  0.05888894  0.42864254]
 [-0.16716647 -0.0899139   0.447337  ]
 [-0.02361697 -0.27380943  0.43472555]
 [ 0.13007432 -0.36217254  0.45188344]
 [-0.19326398  0.08106613  0.36092502]
 [-0.05266672  0.03231512  0.3257294 ]
 [ 0.10040893 -0.08662874  0.28789198]]
[[ 0.          0.          0.1049615 ]
 [ 0.01001057  0.08962944  0.08131119]
 [-0.27230042  0.16665824  0.15242845]
 [-0.52763546  0.14490815  0.        ]
 [-0.6216061   0.1946807   0.09474756]
 [-0.01031909 -0.08965307  0.1288711 ]
 [-0.3383686  -0.07551362  0.13075991]
 [-0.5529454  -0.03007906  0.00738232]
 [-0.6618488  -0.01765736  0.09090807]
 [-0.03207942  0.02041385  0.2633224 ]
 [-0.18237513  0.02368137  0.39793497]
 [-0.2942053   0.06589936  0.31801468]
 [-0.34345704  0.08397403  0.4147511 ]
 [-0.14054713 -0.06590885  0.4410709 ]
 [-0.00901732 -0.25332355  0.45276338]
 [ 0.15343484 -0.3216228   0.4871881 ]
 [-0.17742437  0.10678723  0.344755  ]
 [-0.05082678  0.02439657  0.34091693]
 [ 0.09049049 -0.09615137  0.32178438]]
[[ 0.          0.          0.09112291]
 [ 0.01383094  0.0871034   0.06369302]
 [-0.2642243   0.21575075  0.13355711]
 [-0.49858296  0.21112141  0.        ]
 [-0.60678935  0.270432    0.08274573]
 [-0.01413665 -0.08706839  0.11880365]
 [-0.3227913  -0.04103347  0.12197794]
 [-0.53714913 -0.00531132  0.00763479]
 [-0.6550755   0.01865369  0.08311003]
 [-0.01581519  0.01980062  0.23492189]
 [-0.15664652  0.02125251  0.3732649 ]
 [-0.27333224  0.06459972  0.2911852 ]
 [-0.3223288   0.08479571  0.38901925]
 [-0.11066611 -0.067343    0.42448735]
 [ 0.01411992 -0.25194734  0.46231812]
 [ 0.19267046 -0.29485795  0.510276  ]
 [-0.15721725  0.10451435  0.3201493 ]
 [-0.04202127  0.02673845  0.34276497]
 [ 0.09567446 -0.06191821  0.33820182]]
[[ 0.00000000e+00  0.00000000e+00  8.12019557e-02]
 [ 1.53233288e-02  8.28245729e-02  4.75245267e-02]
 [-2.59035826e-01  2.34027863e-01  1.17744096e-01]
 [-4.60601211e-01  2.36555129e-01  0.00000000e+00]
 [-5.81522822e-01  3.01669061e-01  7.00604916e-02]
 [-1.55727938e-02 -8.27246830e-02  1.15096137e-01]
 [-3.17539781e-01 -2.31987350e-02  1.20073169e-01]
 [-5.21481752e-01 -2.42694989e-02  5.94727695e-03]
 [-6.51492000e-01  1.88761204e-02  7.12791234e-02]
 [-3.81283462e-06  2.20904201e-02  2.04964668e-01]
 [-1.26413167e-01  1.72196031e-02  3.40808034e-01]
 [-2.47545660e-01  6.64073825e-02  2.63605028e-01]
 [-2.96562940e-01  8.56840312e-02  3.61100852e-01]
 [-7.62330890e-02 -7.58941770e-02  4.03052270e-01]
 [ 4.35837954e-02 -2.71714598e-01  4.57924962e-01]
 [ 2.20614016e-01 -3.34059864e-01  5.11311173e-01]
 [-1.25001058e-01  1.06001318e-01  2.92845398e-01]
 [-3.00608203e-02  7.38291740e-02  3.31637859e-01]
 [ 8.04785788e-02 -2.55822092e-02  3.27450216e-01]]
[[ 0.          0.          0.05357051]
 [ 0.02582908  0.07019992  0.        ]
 [-0.23577592  0.31965345  0.0926296 ]
 [-0.2999884   0.31687176  0.00308926]
 [-0.42629182  0.37340423  0.05085425]
 [-0.02594919 -0.06999993  0.1071864 ]
 [-0.29686874  0.04093365  0.12544419]
 [-0.38670987 -0.11524033  0.02886504]
 [-0.5382282  -0.03739691  0.05027214]
 [ 0.02919774  0.05557346  0.1673707 ]
 [-0.03556584  0.08580211  0.29594845]
 [-0.18439686  0.15033673  0.26995432]
 [-0.2098167   0.17515197  0.3685189 ]
 [-0.00163003 -0.02487588  0.3743855 ]
 [ 0.12042406 -0.25096586  0.42910236]
 [ 0.28102314 -0.40384677  0.48072618]
 [-0.03093025  0.1682896   0.24603082]
 [-0.03710687  0.15754443  0.25438184]
 [-0.05189514  0.02723853  0.22738913]]
[[ 0.          0.          0.38647622]
 [ 0.09541669 -0.02329306  0.3792302 ]
 [ 0.32342693  0.28768253  0.3510702 ]
 [ 0.18096837  0.14607938  0.0761902 ]
 [ 0.23612043  0.25941712  0.00848716]
 [-0.09542319  0.02351438  0.39331672]
 [-0.1088227   0.3889833   0.37697613]
 [-0.15015708  0.16686118  0.07262293]
 [-0.16640276  0.31563878  0.        ]
 [ 0.07316807  0.13516562  0.5529074 ]
 [ 0.14355634  0.29109925  0.7402556 ]
 [ 0.06593766  0.35945317  0.78270626]
 [ 0.10440642  0.29513764  0.8421272 ]
 [-0.00821158  0.31784397  0.7339185 ]
 [-0.04057306  0.30553377  0.5232165 ]
 [ 0.0787526   0.46189013  0.3545442 ]
 [ 0.2993238   0.22579652  0.69901997]
 [ 0.33595625  0.23925148  0.46746427]
 [ 0.24934316  0.48201463  0.3606192 ]]
[[ 0.          0.          0.38838834]
 [ 0.09551159 -0.02334334  0.38177925]
 [ 0.32448646  0.2807125   0.35002416]
 [ 0.18356338  0.14604543  0.07758734]
 [ 0.23889402  0.25974724  0.00815815]
 [-0.09551904  0.023574    0.39456728]
 [-0.10679328  0.39054638  0.37643382]
 [-0.14570263  0.17007974  0.07284752]
 [-0.16158411  0.31973916  0.        ]
 [ 0.07330315  0.13461715  0.55461234]
 [ 0.14430659  0.290851    0.74058884]
 [ 0.06731756  0.35852143  0.7834579 ]
 [ 0.10532406  0.29287112  0.8435296 ]
 [-0.00843756  0.31939906  0.73499715]
 [-0.03841515  0.30620044  0.5228776 ]
 [ 0.08123041  0.46486795  0.3528537 ]
 [ 0.3016328   0.22431841  0.70057595]
 [ 0.3378384   0.23948792  0.46825486]
 [ 0.2488609   0.48029584  0.35747764]]
