[[ 0.          0.          0.5942464 ]
 [ 0.02437007 -0.101759    0.5851178 ]
 [ 0.32986164  0.05080368  0.4092741 ]
 [ 0.40177464  0.13471463  0.03752518]
 [ 0.59708714  0.19136357  0.        ]
 [-0.02448764  0.10159615  0.6033249 ]
 [-0.219627    0.19491851  0.28573915]
 [-0.633871    0.03605187  0.26181924]
 [-0.7071573   0.1019851   0.1712448 ]
 [ 0.02994768 -0.01163353  0.81909376]
 [ 0.06090529 -0.05035338  1.0763868 ]
 [ 0.16990632 -0.06901756  1.1345783 ]
 [ 0.1165113  -0.07515222  1.2562332 ]
 [ 0.03766195  0.08433372  1.0282302 ]
 [ 0.25019878  0.20549047  0.89910233]
 [ 0.2902714   0.03743455  1.0386745 ]
 [ 0.07118637 -0.15797743  1.0275838 ]
 [-0.1036374  -0.15315574  1.0327177 ]
 [-0.16951549 -0.19562972  0.89364135]]
[[ 0.          0.          0.60122144]
 [ 0.02952366 -0.10813929  0.5933261 ]
 [ 0.32416445  0.0785632   0.38755974]
 [ 0.4030137   0.14758438  0.00663996]
 [ 0.6001413   0.20309377  0.        ]
 [-0.02962655  0.10798179  0.60907805]
 [-0.1632615   0.18658246  0.26073143]
 [-0.5892831  -0.01890416  0.33471557]
 [-0.6739719   0.02024287  0.28997183]
 [ 0.03773992 -0.0184329   0.82719946]
 [ 0.07786953 -0.06096157  1.0821627 ]
 [ 0.18638852 -0.0792169   1.1435232 ]
 [ 0.1343795  -0.09315133  1.2591121 ]
 [ 0.04428189  0.07928905  1.0368345 ]
 [ 0.22998857  0.20900677  0.8813895 ]
 [ 0.30386424  0.05665192  0.9749111 ]
 [ 0.08849639 -0.17167792  1.0302765 ]
 [-0.07129778 -0.18699178  0.9869503 ]
 [-0.14027287 -0.24191654  0.8585324 ]]
[[ 0.          0.          0.62991154]
 [ 0.03401215 -0.10731089  0.62315184]
 [ 0.30565837  0.1072199   0.40054923]
 [ 0.34740114  0.17940715  0.01408803]
 [ 0.5488403   0.22746706  0.        ]
 [-0.03410633  0.10716421  0.63663715]
 [-0.08694248  0.17552279  0.27059585]
 [-0.49033841 -0.05561641  0.41591987]
 [-0.57943225 -0.03921831  0.42670503]
 [ 0.04697341 -0.02177681  0.8557367 ]
 [ 0.09857415 -0.06307867  1.1098603 ]
 [ 0.2065939  -0.07790595  1.1745636 ]
 [ 0.1560252  -0.10248697  1.2839129 ]
 [ 0.05420703  0.08008865  1.0620557 ]
 [ 0.18971644  0.22669782  0.88351756]
 [ 0.3104865   0.11319372  0.9026834 ]
 [ 0.10985458 -0.17794976  1.0571721 ]
 [-0.04057999 -0.21005309  0.95632154]
 [-0.06499168 -0.25466257  0.8252114 ]]
[[ 0.          0.          0.668236  ]
 [ 0.03291099 -0.11073294  0.6639106 ]
 [ 0.2508643   0.09144983  0.42042297]
 [ 0.19411755  0.12903017  0.03741252]
 [ 0.37990955  0.18094796  0.        ]
 [-0.03304029  0.11053471  0.67250013]
 [ 0.03873767  0.21469554  0.32677752]
 [-0.35571966 -0.03570257  0.5201688 ]
 [-0.45069507 -0.02551223  0.5091444 ]
 [ 0.05684284 -0.01731117  0.8911731 ]
 [ 0.11652096 -0.05055413  1.145931  ]
 [ 0.22023544 -0.06345323  1.2148715 ]
 [ 0.17593418 -0.08999014  1.3242873 ]
 [ 0.05886542  0.09486043  1.1014962 ]
 [ 0.1395595   0.243401    0.91260964]
 [ 0.24814719  0.2188653   0.84212613]
 [ 0.13466209 -0.16857976  1.0846901 ]
 [ 0.04830653 -0.20195766  0.9408427 ]
 [ 0.08923596 -0.20008086  0.82547975]]
[[ 0.          0.          0.6607848 ]
 [ 0.03106855 -0.1063391   0.6516691 ]
 [ 0.16131648  0.05634062  0.38793093]
 [ 0.02378524  0.07994628  0.05508322]
 [ 0.18384628  0.13432914  0.        ]
 [-0.03122815  0.1060986   0.6698097 ]
 [ 0.1419478   0.20425026  0.36452377]
 [-0.25369853 -0.02013656  0.4730621 ]
 [-0.33583224  0.01573268  0.43716145]
 [ 0.05367293 -0.01515286  0.88279927]
 [ 0.11401542 -0.04088122  1.1382551 ]
 [ 0.22010909 -0.05620399  1.2068424 ]
 [ 0.17716187 -0.08558929  1.3108705 ]
 [ 0.05152442  0.09601328  1.0880125 ]
 [ 0.05907831  0.24548444  0.9183926 ]
 [ 0.13710542  0.27671593  0.80286527]
 [ 0.13695945 -0.15778643  1.07651   ]
 [ 0.11364686 -0.21042928  0.8918618 ]
 [ 0.18871783 -0.16721353  0.8399044 ]]
[[ 0.          0.          0.61147285]
 [ 0.02318656 -0.11068626  0.5901425 ]
 [-0.02464511 -0.00473237  0.2979924 ]
 [-0.29117727 -0.04589695  0.1039694 ]
 [-0.20230441  0.03360528  0.        ]
 [-0.02336947  0.11040865  0.6326562 ]
 [ 0.2626713   0.17386682  0.43539804]
 [-0.04629452  0.03709686  0.19572765]
 [ 0.02781971  0.08123195  0.08048683]
 [ 0.05987018 -0.01245405  0.83074385]
 [ 0.12168942 -0.03942722  1.0872679 ]
 [ 0.22442329 -0.05119705  1.1485894 ]
 [ 0.182596   -0.06763095  1.2580795 ]
 [ 0.04792405  0.09510973  1.0406225 ]
 [-0.05406998  0.24972555  0.9673322 ]
 [-0.06769651  0.34798524  0.82432353]
 [ 0.16811734 -0.1669006   1.0376985 ]
 [ 0.2420238  -0.2737349   0.8347276 ]
 [ 0.34878266 -0.06196946  0.9330238 ]]
[[ 0.          0.          0.5896458 ]
 [ 0.03125082 -0.10192005  0.56607485]
 [-0.09078275  0.00449744  0.27370566]
 [-0.4265427  -0.07227278  0.214903  ]
 [-0.4275837   0.02069139  0.13161516]
 [-0.03141649  0.10166093  0.61307156]
 [ 0.25722685  0.1905727   0.40396824]
 [ 0.119811    0.0701828   0.05024326]
 [ 0.25277406  0.08530128  0.        ]
 [ 0.05019994 -0.01316965  0.81203574]
 [ 0.09913208 -0.03208235  1.0704026 ]
 [ 0.2001411  -0.04703653  1.1343468 ]
 [ 0.16673431 -0.06499404  1.2430375 ]
 [ 0.01296023  0.08456582  1.0229285 ]
 [-0.16276358  0.16497707  0.9533061 ]
 [-0.18433458  0.26840413  0.7729667 ]
 [ 0.16837028 -0.15527198  1.0292133 ]
 [ 0.28183174 -0.2888323   0.8359286 ]
 [ 0.38441217 -0.05958962  0.917412  ]]
[[ 0.          0.          0.62039685]
 [ 0.0363645  -0.09532498  0.5976235 ]
 [-0.07759972 -0.0070017   0.28654167]
 [-0.48035178 -0.10269213  0.31843123]
 [-0.5389697  -0.01756415  0.2785493 ]
 [-0.03649718  0.09509611  0.6430259 ]
 [ 0.2590236   0.24579576  0.42156953]
 [ 0.18368846  0.15925232  0.03845417]
 [ 0.3198367   0.18591937  0.        ]
 [ 0.0444359  -0.00755014  0.8422191 ]
 [ 0.08699839 -0.0244813   1.099798  ]
 [ 0.1834333  -0.03743732  1.1733193 ]
 [ 0.15589535 -0.05683053  1.2768083 ]
 [ 0.00698126  0.09499252  1.0500274 ]
 [-0.13031805  0.23561683  0.9539409 ]
 [-0.09527051  0.3731337   0.79749554]
 [ 0.15810192 -0.15104952  1.0552061 ]
 [ 0.24513417 -0.3059299   0.85520005]
 [ 0.37785333 -0.0986051   0.8895322 ]]
[[ 0.          0.          0.6659089 ]
 [ 0.03694782 -0.09307451  0.6419484 ]
 [-0.03522267 -0.01432884  0.30521646]
 [-0.45169067 -0.1063325   0.41673282]
 [-0.5516871  -0.02767558  0.39808643]
 [-0.03707404  0.09285654  0.68973505]
 [ 0.23619589  0.25973934  0.45589152]
 [ 0.14701056  0.19392103  0.05247545]
 [ 0.29592812  0.22889778  0.        ]
 [ 0.03838975 -0.00757407  0.88841784]
 [ 0.07800232 -0.02158874  1.1463578 ]
 [ 0.17163943 -0.03693217  1.2244499 ]
 [ 0.14426488 -0.05079025  1.3242004 ]
 [ 0.00403093  0.10024154  1.0894437 ]
 [-0.10416882  0.255671    0.96359193]
 [-0.02225745  0.36671975  0.8226425 ]
 [ 0.15044388 -0.15155846  1.1057642 ]
 [ 0.20299101 -0.31235102  0.9031016 ]
 [ 0.35734868 -0.13772416  0.88057774]]
[[ 0.          0.          0.6812888 ]
 [ 0.0405507  -0.09342325  0.654834  ]
 [ 0.04358558 -0.02067375  0.32137617]
 [-0.39498234 -0.10748371  0.45661378]
 [-0.49781662 -0.03070012  0.43967593]
 [-0.04068431  0.09320079  0.7076186 ]
 [ 0.20120874  0.2645846   0.4632422 ]
 [ 0.06564501  0.19473442  0.06755245]
 [ 0.20877682  0.23904878  0.        ]
 [ 0.0368506  -0.00854079  0.90187156]
 [ 0.07457965 -0.02163613  1.1602403 ]
 [ 0.16601005 -0.0318135   1.2380211 ]
 [ 0.13999915 -0.05446601  1.3385546 ]
 [ 0.0016534   0.10255563  1.0994287 ]
 [-0.05025396  0.27857515  0.9531651 ]
 [ 0.08830299  0.3693348   0.85472584]
 [ 0.1501328  -0.15198967  1.1212194 ]
 [ 0.17664605 -0.3172173   0.93138945]
 [ 0.30011427 -0.17132767  0.85612357]]
[[ 0.00000000e+00  0.00000000e+00  6.89180732e-01]
 [ 4.19705138e-02 -1.01218224e-01  6.64206147e-01]
 [ 2.00106114e-01  3.57925892e-04  3.64076227e-01]
 [-2.72249252e-01 -8.05841386e-02  4.77796137e-01]
 [-3.45571458e-01 -1.28781796e-03  4.24834728e-01]
 [-4.20990139e-02  1.00972116e-01  7.14067936e-01]
 [ 1.00050628e-01  2.42949545e-01  4.25754040e-01]
 [-1.25155151e-01  1.62166297e-01  7.99791813e-02]
 [ 8.95636156e-03  2.02996731e-01  0.00000000e+00]
 [ 4.01222408e-02 -6.16897643e-03  9.10484076e-01]
 [ 7.69984499e-02 -1.93224251e-02  1.16934741e+00]
 [ 1.67495936e-01 -3.32381725e-02  1.24539948e+00]
 [ 1.37330413e-01 -5.68729043e-02  1.35123348e+00]
 [ 1.42048039e-02  1.10433161e-01  1.10906482e+00]
 [ 3.41680124e-02  2.72767961e-01  9.26107943e-01]
 [ 1.99920699e-01  3.24959755e-01  9.04787421e-01]
 [ 1.43938690e-01 -1.53099835e-01  1.12607408e+00]
 [ 1.20191991e-01 -3.05254221e-01  9.44558024e-01]
 [ 1.77286655e-01 -2.31425032e-01  8.15354347e-01]]
[[ 0.          0.          0.64453757]
 [ 0.03501671 -0.10584101  0.63054484]
 [ 0.32898185  0.02189183  0.41927862]
 [-0.0554902  -0.09687299  0.22588912]
 [ 0.02876445 -0.04663271  0.11102796]
 [-0.03515584  0.10560186  0.65848094]
 [-0.08394474  0.22848709  0.3368566 ]
 [-0.40058872  0.19830787  0.11667675]
 [-0.33289757  0.2551693   0.        ]
 [ 0.03594635 -0.00311024  0.86428493]
 [ 0.07121244 -0.02136472  1.1224952 ]
 [ 0.1726701  -0.03667593  1.1919857 ]
 [ 0.13853598 -0.05851531  1.3075832 ]
 [ 0.042975    0.11942697  1.0632069 ]
 [ 0.19318487  0.24354859  0.8966097 ]
 [ 0.28958258  0.1718336   1.0122486 ]
 [ 0.10186391 -0.1590245   1.0860939 ]
 [-0.05423516 -0.23359774  0.96111053]
 [-0.0773225  -0.209574    0.8137811 ]]
[[ 0.00000000e+00  0.00000000e+00  6.35118723e-01]
 [ 2.98897997e-02 -1.10473081e-01  6.30644917e-01]
 [ 3.15859050e-01 -1.04818791e-02  4.25229281e-01]
 [ 1.27739817e-01 -8.56542587e-02  6.54821396e-02]
 [ 2.80429065e-01 -2.85256505e-02  0.00000000e+00]
 [-2.99978256e-02  1.10271685e-01  6.39570951e-01]
 [-1.50209069e-01  2.00304225e-01  3.01577717e-01]
 [-5.20075321e-01  1.33256257e-01  2.31595218e-01]
 [-5.30922532e-01  1.74495190e-01  1.20360911e-01]
 [ 2.79019754e-02 -6.73100352e-04  8.62034678e-01]
 [ 6.56223446e-02 -2.48811841e-02  1.11910737e+00]
 [ 1.85710147e-01 -5.81102669e-02  1.18190360e+00]
 [ 1.40359849e-01 -7.24384189e-02  1.29707360e+00]
 [ 5.35659492e-02  1.20585978e-01  1.06555855e+00]
 [ 2.42546067e-01  2.30851412e-01  9.10419106e-01]
 [ 2.82790333e-01  1.16038352e-01  1.04115510e+00]
 [ 6.74146265e-02 -1.60482794e-01  1.08519208e+00]
 [-1.11240476e-01 -2.37239242e-01  1.01609600e+00]
 [-1.42755270e-01 -2.37227842e-01  8.44317853e-01]]
[[ 0.          0.          0.61509836]
 [ 0.03166016 -0.11016049  0.61128247]
 [ 0.31026036  0.04472475  0.3986818 ]
 [ 0.2697559   0.0322268   0.02211553]
 [ 0.44630605  0.08739501  0.        ]
 [-0.03172943  0.10997715  0.6189092 ]
 [-0.10848011  0.17653911  0.25287405]
 [-0.52661407 -0.00900578  0.30524552]
 [-0.5863626   0.01037478  0.24407232]
 [ 0.03304065 -0.00294948  0.8399576 ]
 [ 0.07962467 -0.03166857  1.0958319 ]
 [ 0.19996884 -0.06470653  1.1588783 ]
 [ 0.1522058  -0.07700229  1.2704699 ]
 [ 0.06473929  0.11232537  1.0398567 ]
 [ 0.22219315  0.2089132   0.85127056]
 [ 0.3097313   0.13595656  0.93788964]
 [ 0.07579704 -0.15881467  1.0580966 ]
 [-0.08924005 -0.24041906  0.9317688 ]
 [-0.09347358 -0.25914967  0.7666693 ]]
[[ 0.          0.          0.6373771 ]
 [ 0.03302349 -0.11000607  0.63501424]
 [ 0.27980667  0.05661833  0.4044596 ]
 [ 0.21649866  0.03521699  0.03147286]
 [ 0.39596897  0.08589834  0.        ]
 [-0.03310237  0.10979567  0.63973343]
 [-0.02958871  0.19086322  0.26697257]
 [-0.42760837 -0.04020189  0.3905579 ]
 [-0.5033325  -0.03238374  0.3828959 ]
 [ 0.04292493 -0.0168518   0.8613548 ]
 [ 0.09838116 -0.04712957  1.1165874 ]
 [ 0.21128994 -0.07290995  1.1839509 ]
 [ 0.16429019 -0.09291071  1.2903135 ]
 [ 0.06503753  0.10091543  1.0627433 ]
 [ 0.18489839  0.21998146  0.859177  ]
 [ 0.3110807   0.17415693  0.87780154]
 [ 0.10142827 -0.17625529  1.071752  ]
 [-0.03652886 -0.24972996  0.8953226 ]
 [-0.01291734 -0.28988457  0.7432133 ]]
[[ 0.          0.          0.66424876]
 [ 0.03259692 -0.11262292  0.6599224 ]
 [ 0.24041215  0.06214792  0.4287617 ]
 [ 0.08145355  0.03664893  0.056822  ]
 [ 0.260932    0.08594739  0.        ]
 [-0.03271925  0.11237664  0.66854703]
 [ 0.06963883  0.19539839  0.3058533 ]
 [-0.32923305 -0.04565848  0.4619937 ]
 [-0.39996493 -0.05515292  0.44151908]
 [ 0.05324679 -0.01409908  0.8842278 ]
 [ 0.11212879 -0.03888136  1.1399578 ]
 [ 0.2208091  -0.06584758  1.2132896 ]
 [ 0.17017171 -0.08675563  1.3167019 ]
 [ 0.06990154  0.10692111  1.0854968 ]
 [ 0.13659878  0.23849776  0.8885621 ]
 [ 0.22856382  0.22572425  0.8115606 ]
 [ 0.11299014 -0.1709589   1.0897157 ]
 [ 0.0079102  -0.25430518  0.89423096]
 [ 0.08456525 -0.26374155  0.77913415]]
[[ 0.          0.          0.6732173 ]
 [ 0.03037563 -0.10897138  0.66723025]
 [ 0.14344525  0.035496    0.39345744]
 [-0.05519446  0.0162726   0.06812608]
 [ 0.09334689  0.07905608  0.        ]
 [-0.0305255   0.10868631  0.67912424]
 [ 0.15152547  0.17634438  0.3648631 ]
 [-0.2546915  -0.04473576  0.43995592]
 [-0.2883111  -0.02624956  0.33270067]
 [ 0.05687477 -0.00899082  0.8932233 ]
 [ 0.11760625 -0.02892408  1.1482861 ]
 [ 0.22273907 -0.04925847  1.2163775 ]
 [ 0.1802671  -0.07013965  1.3243707 ]
 [ 0.06053718  0.10948586  1.0935225 ]
 [ 0.05435793  0.24152383  0.91276735]
 [ 0.15065978  0.32016385  0.8041009 ]
 [ 0.13932309 -0.15871915  1.0958214 ]
 [ 0.10581118 -0.25695533  0.88750505]
 [ 0.19331539 -0.21178685  0.8257316 ]]
[[ 0.          0.          0.6213558 ]
 [ 0.01696968 -0.11386619  0.6026418 ]
 [-0.06791959 -0.0346624   0.29812065]
 [-0.3718985  -0.06099015  0.10332358]
 [-0.2905163   0.02266437  0.        ]
 [-0.01712625  0.11356971  0.6399396 ]
 [ 0.29283372  0.17386964  0.42499417]
 [ 0.00174061  0.04900178  0.19088042]
 [ 0.08119588  0.09156379  0.06959623]
 [ 0.05438235 -0.01203425  0.84277004]
 [ 0.10883456 -0.03869358  1.1001805 ]
 [ 0.20665845 -0.06098601  1.168744  ]
 [ 0.1620695  -0.06935829  1.2774761 ]
 [ 0.040637    0.09672654  1.0537376 ]
 [-0.08188123  0.24053389  0.96223694]
 [-0.0749231   0.36297047  0.7899548 ]
 [ 0.14708257 -0.17055577  1.0543218 ]
 [ 0.22827446 -0.29364425  0.8430307 ]
 [ 0.3604128  -0.08710514  0.9144629 ]]
[[ 0.          0.          0.6214086 ]
 [ 0.02182247 -0.1081746   0.5985388 ]
 [-0.12186851 -0.02752662  0.28346604]
 [-0.48429793 -0.10133028  0.22150254]
 [-0.4951976  -0.01407868  0.1318078 ]
 [-0.02196334  0.10790821  0.64414525]
 [ 0.28194422  0.21567735  0.43068168]
 [ 0.15968372  0.10601276  0.06191212]
 [ 0.30726275  0.1212908   0.        ]
 [ 0.04450052 -0.01575308  0.84564584]
 [ 0.09038202 -0.03447387  1.1037724 ]
 [ 0.18707493 -0.05421948  1.1749659 ]
 [ 0.14743896 -0.06227678  1.2792748 ]
 [ 0.01910048  0.09557408  1.0582962 ]
 [-0.12192884  0.23499852  0.9805209 ]
 [-0.11549956  0.36261097  0.8057275 ]
 [ 0.1473321  -0.1646432   1.0671349 ]
 [ 0.26072684 -0.30918968  0.87327576]
 [ 0.3803507  -0.08482285  0.9335239 ]]
[[ 0.          0.          0.6441016 ]
 [ 0.02453354 -0.10230295  0.6222231 ]
 [-0.1073738  -0.0519751   0.28255528]
 [-0.5097015  -0.13483727  0.3244276 ]
 [-0.57554185 -0.05196679  0.2627636 ]
 [-0.02465934  0.10206946  0.6658476 ]
 [ 0.2695683   0.2449668   0.43636128]
 [ 0.21026054  0.16614264  0.0377394 ]
 [ 0.35996604  0.17939281  0.        ]
 [ 0.03987367 -0.01256122  0.86784166]
 [ 0.08125135 -0.02768183  1.1254809 ]
 [ 0.17600608 -0.05214834  1.2005546 ]
 [ 0.14016807 -0.05735588  1.3014276 ]
 [ 0.01381984  0.10032469  1.0770253 ]
 [-0.11369398  0.24788803  0.9836603 ]
 [-0.07924053  0.35402417  0.81479144]
 [ 0.14031975 -0.16024175  1.087305  ]
 [ 0.22863317 -0.32949844  0.8940881 ]
 [ 0.36845702 -0.12059256  0.91988397]]
[[ 0.          0.          0.67517674]
 [ 0.02579118 -0.10167708  0.6539598 ]
 [-0.05903228 -0.06002185  0.3017375 ]
 [-0.47484285 -0.15532564  0.39686167]
 [-0.574774   -0.07585979  0.35641244]
 [-0.02591597  0.10145642  0.6962633 ]
 [ 0.23966135  0.2599932   0.45474255]
 [ 0.15294892  0.19269729  0.05312485]
 [ 0.31154794  0.21174616  0.        ]
 [ 0.03652544 -0.01302925  0.89912796]
 [ 0.07647333 -0.02397972  1.1571035 ]
 [ 0.16850081 -0.04299635  1.2353615 ]
 [ 0.13259748 -0.05064458  1.3362317 ]
 [ 0.01328519  0.10728145  1.1040509 ]
 [-0.07819623  0.2713642   0.99013186]
 [ 0.01349604  0.3703938   0.8439419 ]
 [ 0.13246992 -0.16124523  1.1207172 ]
 [ 0.17563874 -0.32637537  0.92048216]
 [ 0.34639832 -0.1446107   0.90636134]]
[[ 0.          0.          0.69441885]
 [ 0.0314903  -0.10081626  0.67358595]
 [ 0.02268418 -0.06920624  0.32796407]
 [-0.41714656 -0.15816003  0.46235287]
 [-0.5232796  -0.08191055  0.42692366]
 [-0.03161614  0.10058     0.715127  ]
 [ 0.2083781   0.2649537   0.46474975]
 [ 0.06471392  0.18486917  0.06977755]
 [ 0.21787128  0.21605629  0.        ]
 [ 0.03842592 -0.01171602  0.9161174 ]
 [ 0.0764875  -0.02039096  1.1746688 ]
 [ 0.16485372 -0.03683156  1.2534732 ]
 [ 0.12514848 -0.05050266  1.3507504 ]
 [ 0.01638747  0.11008874  1.1165941 ]
 [-0.03301132  0.29373133  0.970407  ]
 [ 0.10720161  0.36448026  0.8570372 ]
 [ 0.13265339 -0.15661493  1.138166  ]
 [ 0.14439413 -0.3276357   0.9490972 ]
 [ 0.28826338 -0.1702089   0.87649524]]
[[ 0.          0.          0.7121424 ]
 [ 0.03364262 -0.10917916  0.6920522 ]
 [ 0.21978866 -0.04233164  0.39411   ]
 [-0.24680983 -0.11574493  0.47038093]
 [-0.2979908  -0.04891467  0.38649896]
 [-0.03376533  0.10892127  0.73215795]
 [ 0.07623874  0.21617858  0.4195835 ]
 [-0.18450123  0.12918037  0.08577108]
 [-0.06544499  0.17038107  0.        ]
 [ 0.03911875 -0.00758927  0.934128  ]
 [ 0.07807823 -0.01715523  1.1933993 ]
 [ 0.16941589 -0.03934842  1.2699304 ]
 [ 0.12947775 -0.05682814  1.3735144 ]
 [ 0.03315628  0.12244225  1.1319035 ]
 [ 0.08407012  0.28833914  0.9417203 ]
 [ 0.24806723  0.31797776  0.9435992 ]
 [ 0.12195984 -0.15818319  1.1577673 ]
 [ 0.05575077 -0.32702902  0.9822103 ]
 [ 0.10615605 -0.26570162  0.8587322 ]]
[[ 0.00000000e+00  0.00000000e+00  6.43809080e-01]
 [ 2.22134069e-02 -1.10810742e-01  6.33719027e-01]
 [ 3.21596861e-01 -1.94834769e-02  4.33001101e-01]
 [-3.72613892e-02 -1.26218915e-01  1.97074771e-01]
 [ 6.73867166e-02 -1.07704878e-01  7.33400583e-02]
 [-2.23353505e-02  1.10561848e-01  6.53859675e-01]
 [-9.10070986e-02  2.19164386e-01  3.16308826e-01]
 [-4.17126656e-01  2.06194609e-01  1.17446125e-01]
 [-3.66774321e-01  2.57640958e-01  0.00000000e+00]
 [ 3.30630615e-02  5.40003181e-04  8.66272628e-01]
 [ 7.15961978e-02 -9.54735279e-03  1.12492895e+00]
 [ 1.76684201e-01 -3.83471251e-02  1.19217324e+00]
 [ 1.34955108e-01 -5.13118505e-02  1.30593991e+00]
 [ 6.53237179e-02  1.31632447e-01  1.06221604e+00]
 [ 2.25469112e-01  2.32872099e-01  8.85024369e-01]
 [ 3.07666332e-01  1.67027026e-01  1.01058912e+00]
 [ 7.28225186e-02 -1.51631713e-01  1.09733856e+00]
 [-1.07662939e-01 -2.39169493e-01  9.89012241e-01]
 [-1.06289737e-01 -1.96677953e-01  8.31068873e-01]]
[[ 0.          0.          0.6187486 ]
 [ 0.01878154 -0.10940008  0.61726534]
 [ 0.32094753 -0.02455312  0.42501873]
 [ 0.18872827 -0.05629009  0.05744696]
 [ 0.35350564 -0.01563859  0.        ]
 [-0.01886958  0.10918059  0.6202093 ]
 [-0.12453236  0.21568573  0.27603787]
 [-0.50375503  0.1413146   0.21244335]
 [-0.5498593   0.19337475  0.1200431 ]
 [ 0.02666249  0.00845113  0.8453301 ]
 [ 0.06715906 -0.00692803  1.1030501 ]
 [ 0.1851861  -0.05260634  1.1699847 ]
 [ 0.14070123 -0.06257266  1.2807338 ]
 [ 0.07951403  0.13205916  1.0386302 ]
 [ 0.26074407  0.21326643  0.8639637 ]
 [ 0.30244136  0.10805488  0.9721967 ]
 [ 0.03777549 -0.13939571  1.0774381 ]
 [-0.16446751 -0.22356036  0.9886116 ]
 [-0.19083735 -0.26502016  0.80592036]]
[[ 0.0000000e+00  0.0000000e+00  6.1155033e-01]
 [ 2.0838238e-02 -1.0773383e-01  6.1019915e-01]
 [ 3.0634665e-01  1.8260330e-02  3.9989811e-01]
 [ 2.7555978e-01  2.4123609e-02  1.8725395e-02]
 [ 4.5624483e-01  5.9570670e-02  0.0000000e+00]
 [-2.0898040e-02  1.0754279e-01  6.1289901e-01]
 [-9.1716662e-02  1.5997493e-01  2.4274343e-01]
 [-5.0176442e-01  8.6212158e-04  2.7202675e-01]
 [-5.7369912e-01  2.1856040e-02  2.2337824e-01]
 [ 3.6344685e-02  7.1367323e-03  8.3642733e-01]
 [ 8.2943909e-02 -1.7271966e-02  1.0927739e+00]
 [ 2.0009091e-01 -6.1707914e-02  1.1650846e+00]
 [ 1.5198188e-01 -6.8206012e-02  1.2732691e+00]
 [ 9.1316484e-02  1.2244946e-01  1.0315388e+00]
 [ 2.3822108e-01  2.1821702e-01  8.3162898e-01]
 [ 3.3429417e-01  1.4563698e-01  8.8853478e-01]
 [ 4.4682674e-02 -1.4411297e-01  1.0579586e+00]
 [-1.2811075e-01 -2.5695190e-01  9.2263389e-01]
 [-1.4948344e-01 -3.2828397e-01  7.4849892e-01]]
[[ 0.00000000e+00  0.00000000e+00  6.33271754e-01]
 [ 2.26004049e-02 -1.08355537e-01  6.33850992e-01]
 [ 2.50432670e-01  3.73372436e-03  4.00346756e-01]
 [ 2.03865528e-01  1.17636919e-02  2.59508491e-02]
 [ 3.92071724e-01  4.85395193e-02  0.00000000e+00]
 [-2.26808637e-02  1.08146556e-01  6.32686555e-01]
 [ 9.46845859e-04  1.76611602e-01  2.66750395e-01]
 [-4.12449062e-01 -2.24674940e-02  3.72649252e-01]
 [-5.08723617e-01 -9.49747860e-03  3.72835129e-01]
 [ 4.52723280e-02 -8.53417814e-03  8.57231855e-01]
 [ 9.86340344e-02 -4.01073098e-02  1.11298430e+00]
 [ 2.09432691e-01 -7.19238222e-02  1.18709433e+00]
 [ 1.61732137e-01 -9.14736390e-02  1.28864074e+00]
 [ 8.12433362e-02  1.06285512e-01  1.06021237e+00]
 [ 1.97877333e-01  2.26402193e-01  8.57847869e-01]
 [ 3.35362494e-01  1.67418778e-01  8.50185692e-01]
 [ 7.80393928e-02 -1.70376003e-01  1.06800795e+00]
 [-6.26218021e-02 -2.67206103e-01  8.96942914e-01]
 [-3.51916067e-02 -3.14323008e-01  7.56303132e-01]]
[[ 0.          0.          0.65087056]
 [ 0.02071802 -0.10995144  0.6521849 ]
 [ 0.21286082  0.01411085  0.41944382]
 [ 0.07230291  0.02129239  0.0510928 ]
 [ 0.25167415  0.06396216  0.        ]
 [-0.02083299  0.10971779  0.64952284]
 [ 0.0902582   0.17408526  0.3038826 ]
 [-0.3439628  -0.02751824  0.43813783]
 [-0.43348277 -0.02179161  0.41415134]
 [ 0.05422382 -0.00651224  0.871333  ]
 [ 0.10814861 -0.03472432  1.1271923 ]
 [ 0.21814844 -0.07070845  1.2002292 ]
 [ 0.16963619 -0.08607769  1.3053844 ]
 [ 0.08402994  0.10879576  1.0736156 ]
 [ 0.14566152  0.233383    0.88027644]
 [ 0.24954888  0.23110047  0.8024663 ]
 [ 0.08820638 -0.16787234  1.0780239 ]
 [-0.01070341 -0.2792093   0.8888549 ]
 [ 0.05055074 -0.3109796   0.7669966 ]]
[[ 0.          0.          0.63890874]
 [ 0.01820306 -0.10660949  0.6334406 ]
 [ 0.11127281  0.01252964  0.36740303]
 [-0.0616186   0.05714858  0.07203662]
 [ 0.09218068  0.11350715  0.        ]
 [-0.01834386  0.10635404  0.6442921 ]
 [ 0.19242755  0.13850117  0.35095793]
 [-0.24504893 -0.03272071  0.39730036]
 [-0.3064413  -0.01145458  0.31787816]
 [ 0.05861419 -0.00645596  0.8592348 ]
 [ 0.1181714  -0.03139845  1.1147058 ]
 [ 0.21503177 -0.06397808  1.1886989 ]
 [ 0.17231686 -0.07647687  1.2896032 ]
 [ 0.07663125  0.10494223  1.0632939 ]
 [ 0.05169711  0.23743494  0.9035386 ]
 [ 0.15145272  0.32249165  0.7620673 ]
 [ 0.11282223 -0.16041452  1.063182  ]
 [ 0.08797742 -0.27986178  0.8515465 ]
 [ 0.19540656 -0.24273671  0.8120503 ]]
[[ 0.          0.          0.5780461 ]
 [ 0.00915862 -0.1126975   0.5598041 ]
 [-0.09841623 -0.04686901  0.25280067]
 [-0.400299   -0.03418237  0.13511887]
 [-0.3568765   0.04818493  0.02477503]
 [-0.00931382  0.11242376  0.5961505 ]
 [ 0.30752963  0.17944553  0.39100945]
 [ 0.04548321  0.059468    0.11104068]
 [ 0.15265259  0.07896835  0.        ]
 [ 0.05309624 -0.01280746  0.80079544]
 [ 0.10846378 -0.03399795  1.0590422 ]
 [ 0.20292488 -0.06312457  1.1327441 ]
 [ 0.16098297 -0.06549579  1.2356715 ]
 [ 0.05262497  0.10491878  1.0137899 ]
 [-0.06870666  0.27039585  0.9247343 ]
 [-0.05241638  0.37837327  0.74907786]
 [ 0.13569686 -0.17196998  1.0142384 ]
 [ 0.210388   -0.32260317  0.8052208 ]
 [ 0.3425402  -0.11704494  0.87980473]]
[[ 0.          0.          0.6151482 ]
 [ 0.01288192 -0.10114451  0.5953009 ]
 [-0.12393529 -0.05914268  0.2787398 ]
 [-0.48787093 -0.06865391  0.2856449 ]
 [-0.5383572   0.01215726  0.20364854]
 [-0.01301198  0.10090438  0.6348487 ]
 [ 0.2911296   0.20637321  0.42655438]
 [ 0.18730643  0.12778366  0.05601585]
 [ 0.33156058  0.13148624  0.        ]
 [ 0.04751837 -0.01272453  0.83869255]
 [ 0.09614146 -0.02771136  1.0971494 ]
 [ 0.18610856 -0.05516243  1.1763483 ]
 [ 0.1453833  -0.05783492  1.2737453 ]
 [ 0.03959618  0.10502279  1.051498  ]
 [-0.07687277  0.28807288  0.96482754]
 [-0.0259777   0.41951048  0.7948476 ]
 [ 0.13830486 -0.16257831  1.0565705 ]
 [ 0.2155019  -0.32479998  0.85966736]
 [ 0.34832966 -0.14069341  0.8964207 ]]
[[ 0.          0.          0.62743354]
 [ 0.01529355 -0.09672172  0.60772854]
 [-0.08170018 -0.0661504   0.27388757]
 [-0.47580728 -0.08201762  0.36112604]
 [-0.5633201  -0.00553071  0.31079495]
 [-0.01541859  0.09650435  0.64699614]
 [ 0.2680982   0.23585346  0.4241498 ]
 [ 0.18723252  0.17029646  0.04744637]
 [ 0.33286458  0.17463437  0.        ]
 [ 0.04675642 -0.01366572  0.85033596]
 [ 0.09418836 -0.0282408   1.1086383 ]
 [ 0.18463096 -0.05696619  1.1943759 ]
 [ 0.14236367 -0.0582602   1.285954  ]
 [ 0.04240072  0.10587773  1.0581467 ]
 [-0.03765969  0.31606984  0.9539162 ]
 [ 0.06182032  0.45271355  0.80378103]
 [ 0.13590464 -0.16482061  1.0686435 ]
 [ 0.17818436 -0.33133316  0.8658612 ]
 [ 0.3315433  -0.17318527  0.8592624 ]]
[[ 0.0000000e+00  0.0000000e+00  6.5792394e-01]
 [ 1.7509870e-02 -9.9678658e-02  6.3684070e-01]
 [-2.9249489e-04 -7.0042223e-02  3.0472022e-01]
 [-4.1276056e-01 -8.6830884e-02  4.5008001e-01]
 [-5.2360868e-01 -1.3762891e-02  4.2156255e-01]
 [-1.7644249e-02  9.9466398e-02  6.7887384e-01]
 [ 2.3078780e-01  2.5276461e-01  4.4605041e-01]
 [ 8.3952174e-02  1.8468785e-01  6.8218231e-02]
 [ 2.4187312e-01  2.0562840e-01  0.0000000e+00]
 [ 4.8935186e-02 -5.5869818e-03  8.8037574e-01]
 [ 9.8673269e-02 -9.9024475e-03  1.1395084e+00]
 [ 1.8991064e-01 -3.4572303e-02  1.2219082e+00]
 [ 1.4449278e-01 -4.0014386e-02  1.3150798e+00]
 [ 5.3472660e-02  1.2726763e-01  1.0813786e+00]
 [ 2.9743679e-02  3.3930328e-01  9.4741714e-01]
 [ 1.8497610e-01  4.5054856e-01  8.4599465e-01]
 [ 1.3569823e-01 -1.5145379e-01  1.1054922e+00]
 [ 1.3566352e-01 -3.2248193e-01  9.0262359e-01]
 [ 2.8428686e-01 -1.9914590e-01  8.3110559e-01]]
[[ 0.0000000e+00  0.0000000e+00  6.6752827e-01]
 [ 1.9210130e-02 -1.0836930e-01  6.4475375e-01]
 [ 1.5283874e-01 -5.9236348e-02  3.4533638e-01]
 [-2.6700670e-01 -7.3078334e-02  4.7085923e-01]
 [-3.5117149e-01 -3.0493736e-03  3.9992756e-01]
 [-1.9348834e-02  1.0813983e-01  6.9019890e-01]
 [ 1.5684649e-01  2.6642579e-01  4.2074543e-01]
 [-8.8630602e-02  1.8930957e-01  8.8429511e-02]
 [ 5.4538336e-02  2.1952382e-01  0.0000000e+00]
 [ 4.6378087e-02  2.5418550e-03  8.9040810e-01]
 [ 9.3238622e-02  1.3247132e-04  1.1498461e+00]
 [ 1.8879473e-01 -3.2356560e-02  1.2336125e+00]
 [ 1.4342809e-01 -4.1511238e-02  1.3274840e+00]
 [ 6.0989864e-02  1.4484191e-01  1.0853106e+00]
 [ 1.1302060e-01  3.2246992e-01  8.9936984e-01]
 [ 2.8724611e-01  3.4821358e-01  8.8780612e-01]
 [ 1.1892754e-01 -1.4712873e-01  1.1147261e+00]
 [ 7.1828604e-02 -3.0784789e-01  9.0866953e-01]
 [ 1.5324104e-01 -2.1467605e-01  8.0196893e-01]]
[[ 0.          0.          0.6547029 ]
 [ 0.01465462 -0.10983629  0.6411712 ]
 [ 0.316625   -0.02339728  0.41546148]
 [-0.07641993 -0.04318255  0.33377296]
 [-0.03889599 -0.01477572  0.1973607 ]
 [-0.01479609  0.10959182  0.66816986]
 [-0.01625539  0.23350564  0.3561557 ]
 [-0.34293702  0.1945998   0.10733944]
 [-0.26741648  0.24676737  0.        ]
 [ 0.04478671  0.0109819   0.87684536]
 [ 0.0904464   0.01121855  1.1372695 ]
 [ 0.19479209 -0.02741724  1.2124846 ]
 [ 0.1514275  -0.03293306  1.3177607 ]
 [ 0.09264179  0.1547251   1.0723509 ]
 [ 0.23286447  0.25800467  0.87777495]
 [ 0.34458274  0.21529037  0.9805505 ]
 [ 0.08177871 -0.13173485  1.105986  ]
 [-0.06881522 -0.22371307  0.9342675 ]
 [-0.06729599 -0.18088187  0.8101957 ]]
[[ 0.          0.          0.5895374 ]
 [ 0.0058387  -0.10986472  0.5875067 ]
 [ 0.3014322  -0.07976967  0.3979559 ]
 [ 0.11615756 -0.05883199  0.08374453]
 [ 0.26225758 -0.03374135  0.        ]
 [-0.0059374   0.10963778  0.5915551 ]
 [-0.09078658  0.22000496  0.25228983]
 [-0.47387135  0.15930098  0.16321433]
 [-0.4924991   0.20689073  0.06378984]
 [ 0.03594954  0.02171433  0.8123556 ]
 [ 0.07806018  0.02517977  1.0712866 ]
 [ 0.19298282 -0.03634804  1.1421351 ]
 [ 0.14716592 -0.0320636   1.2489052 ]
 [ 0.11329293  0.1615991   1.0053407 ]
 [ 0.28588313  0.22572583  0.8220494 ]
 [ 0.3482002   0.14776218  0.9424044 ]
 [ 0.02492138 -0.11071891  1.0493438 ]
 [-0.1631162  -0.21102047  0.9385104 ]
 [-0.1699298  -0.25389922  0.77201366]]
[[ 0.          0.          0.5633811 ]
 [ 0.00726837 -0.10952235  0.56438255]
 [ 0.2888806  -0.04050392  0.36385596]
 [ 0.2686056   0.04250824  0.02450526]
 [ 0.44061315  0.07140881  0.        ]
 [-0.00734396  0.10933216  0.56237984]
 [-0.02520521  0.21469323  0.20513031]
 [-0.45334798  0.07111958  0.22774777]
 [-0.53822684  0.10856369  0.1553666 ]
 [ 0.03801337  0.01501088  0.78597075]
 [ 0.08554088  0.00738412  1.044073  ]
 [ 0.20021327 -0.04752824  1.120924  ]
 [ 0.14940178 -0.04339856  1.2212567 ]
 [ 0.11257804  0.14150697  0.9781642 ]
 [ 0.26527414  0.21392392  0.7735433 ]
 [ 0.36493826  0.13343251  0.83539784]
 [ 0.03081664 -0.12219682  1.0157306 ]
 [-0.13382502 -0.23617622  0.8471812 ]
 [-0.16137366 -0.34479725  0.69125354]]
[[ 0.          0.          0.58411163]
 [ 0.00239572 -0.11285203  0.58531404]
 [ 0.25399742 -0.02778007  0.3639205 ]
 [ 0.22886041  0.04795963  0.02110928]
 [ 0.4071744   0.07021368  0.        ]
 [-0.00248343  0.11267359  0.582918  ]
 [ 0.04717174  0.20729348  0.22940621]
 [-0.38815954  0.03681357  0.30658805]
 [-0.4802131   0.05567032  0.26472342]
 [ 0.0506751   0.00694677  0.80465186]
 [ 0.10423297 -0.00804511  1.0613861 ]
 [ 0.2119506  -0.05786315  1.1415288 ]
 [ 0.1597204  -0.05480683  1.243433  ]
 [ 0.11669901  0.13341811  0.9993314 ]
 [ 0.24712706  0.23896028  0.7877641 ]
 [ 0.380582    0.176425    0.7816167 ]
 [ 0.05594184 -0.14025843  1.022054  ]
 [-0.07024854 -0.24432994  0.8067333 ]
 [-0.05392279 -0.3269152   0.6988498 ]]
[[ 0.          0.          0.6068362 ]
 [ 0.00261042 -0.11619715  0.60681254]
 [ 0.23769145 -0.03350434  0.38692334]
 [ 0.13393514  0.03823447  0.05022204]
 [ 0.31653935  0.06153375  0.        ]
 [-0.00271647  0.11601072  0.6068557 ]
 [ 0.13545844  0.19051892  0.26691192]
 [-0.31375748  0.05901866  0.3612823 ]
 [-0.39337403  0.07142834  0.29265565]
 [ 0.05825657  0.00606385  0.8255509 ]
 [ 0.11170287 -0.01358366  1.082734  ]
 [ 0.21767414 -0.06252888  1.1635512 ]
 [ 0.16518366 -0.06041843  1.2633024 ]
 [ 0.11811254  0.12897128  1.0218731 ]
 [ 0.2146204   0.24335012  0.81348157]
 [ 0.30374843  0.18767418  0.7496098 ]
 [ 0.06419456 -0.14883095  1.0416342 ]
 [-0.05200994 -0.28311     0.8505455 ]
 [-0.01343796 -0.37002778  0.7145162 ]]
[[ 0.          0.          0.60085523]
 [-0.00156968 -0.10847972  0.5924926 ]
 [ 0.12045759 -0.03368795  0.33530784]
 [-0.03408179  0.07256982  0.08313751]
 [ 0.11218306  0.10862166  0.        ]
 [ 0.00142254  0.10825699  0.60914624]
 [ 0.24095908  0.13831896  0.3490602 ]
 [-0.2086727   0.01059854  0.31869152]
 [-0.22812943  0.02979973  0.20077068]
 [ 0.06147459 -0.00266159  0.81719923]
 [ 0.12084939 -0.01987818  1.0743418 ]
 [ 0.22077793 -0.05972371  1.156939  ]
 [ 0.17129456 -0.05252576  1.2555048 ]
 [ 0.10443124  0.12176228  1.0124578 ]
 [ 0.11313612  0.2552464   0.85401744]
 [ 0.16300347  0.24713346  0.71693   ]
 [ 0.09486985 -0.15997484  1.0327176 ]
 [ 0.06048109 -0.29686487  0.8100354 ]
 [ 0.15306303 -0.30909473  0.7793118 ]]
[[ 0.          0.          0.5396571 ]
 [-0.0078204  -0.11321104  0.5207568 ]
 [-0.07775123 -0.05958879  0.22651306]
 [-0.32005757  0.03544068  0.14714962]
 [-0.26568645  0.10791555  0.0423114 ]
 [ 0.0076689   0.11298317  0.55843717]
 [ 0.29963213  0.10154597  0.3600291 ]
 [ 0.01635802 -0.01876906  0.08790478]
 [ 0.11753717 -0.02845299  0.        ]
 [ 0.05745205 -0.01539378  0.7599769 ]
 [ 0.11499226 -0.03762922  1.018496  ]
 [ 0.2110588  -0.07522038  1.1006274 ]
 [ 0.16422972 -0.05927503  1.1970695 ]
 [ 0.08041207  0.10909787  0.9678451 ]
 [-0.01479103  0.2831856   0.8743777 ]
 [-0.00994296  0.2815379   0.68677056]
 [ 0.1222547  -0.18775785  0.9792707 ]
 [ 0.17891324 -0.35122338  0.77601707]
 [ 0.31719378 -0.17480856  0.83654916]]
[[ 0.          0.          0.5839407 ]
 [-0.00273701 -0.10365893  0.5643816 ]
 [-0.11006705 -0.08197641  0.25639707]
 [-0.4283806  -0.01559064  0.28724957]
 [-0.44585222  0.06691644  0.21142328]
 [ 0.00260654  0.10344813  0.6033717 ]
 [ 0.28846776  0.13600622  0.40687487]
 [ 0.12319605  0.030682    0.05707991]
 [ 0.24982424  0.0213843   0.        ]
 [ 0.0544562  -0.00820918  0.8035362 ]
 [ 0.1064261  -0.02192336  1.062145  ]
 [ 0.19665441 -0.05386996  1.1507585 ]
 [ 0.14890775 -0.04469228  1.240273  ]
 [ 0.06919133  0.11952031  1.0071687 ]
 [-0.01594682  0.3176362   0.9143159 ]
 [ 0.04543996  0.37309426  0.7402133 ]
 [ 0.13061383 -0.17055514  1.0274148 ]
 [ 0.1837788  -0.3419805   0.82912815]
 [ 0.32859758 -0.17983812  0.8536264 ]]
[[ 0.          0.          0.6113915 ]
 [ 0.0022858  -0.10088569  0.5932324 ]
 [-0.04051122 -0.06700668  0.27427965]
 [-0.40470135 -0.01715188  0.3903029 ]
 [-0.4883389   0.07131611  0.33616766]
 [-0.00241476  0.10068943  0.6294277 ]
 [ 0.26987204  0.19483446  0.41787976]
 [ 0.11902769  0.10302168  0.05560905]
 [ 0.2648781   0.10253888  0.        ]
 [ 0.04844933 -0.00752401  0.8323283 ]
 [ 0.09821159 -0.01236185  1.091366  ]
 [ 0.18883061 -0.04402727  1.1807108 ]
 [ 0.14304748 -0.03847688  1.2664605 ]
 [ 0.06530841  0.12843025  1.0309224 ]
 [ 0.01729392  0.33307654  0.91213775]
 [ 0.13413985  0.40757725  0.767769  ]
 [ 0.12494333 -0.1622065   1.0589375 ]
 [ 0.14234385 -0.33209178  0.8620963 ]
 [ 0.29406238 -0.23259798  0.8270803 ]]
[[ 0.0000000e+00  0.0000000e+00  6.5034717e-01]
 [ 5.9840232e-03 -1.0354079e-01  6.3140452e-01]
 [ 3.7637614e-02 -7.4660361e-02  3.1211478e-01]
 [-3.5654634e-01 -3.1993732e-02  4.5527479e-01]
 [-4.4543523e-01  4.5166925e-02  4.0594614e-01]
 [-6.1176755e-03  1.0333744e-01  6.6917819e-01]
 [ 2.2874857e-01  2.1441822e-01  4.2962733e-01]
 [ 2.6115533e-02  1.4044434e-01  7.9074919e-02]
 [ 1.7846814e-01  1.6166544e-01  0.0000000e+00]
 [ 4.2179346e-02 -1.3852119e-04  8.7287045e-01]
 [ 9.2710376e-02  1.0254651e-02  1.1318581e+00]
 [ 1.8226230e-01 -2.2309721e-02  1.2225623e+00]
 [ 1.3521039e-01 -2.2724748e-02  1.3061507e+00]
 [ 6.5952137e-02  1.5426171e-01  1.0671952e+00]
 [ 6.8840325e-02  3.5423928e-01  9.1196722e-01]
 [ 2.3537289e-01  4.1013497e-01  8.2720947e-01]
 [ 1.1349571e-01 -1.4266270e-01  1.1034458e+00]
 [ 9.9268198e-02 -3.0981275e-01  9.0616453e-01]
 [ 2.3492849e-01 -2.3330392e-01  8.3269614e-01]]
[[ 0.          0.          0.66397834]
 [ 0.01582226 -0.11372899  0.6478303 ]
 [ 0.20418027 -0.05848235  0.3621906 ]
 [-0.21071757 -0.01827928  0.4542563 ]
 [-0.26058346  0.04666141  0.3781249 ]
 [-0.01597192  0.11350627  0.6800459 ]
 [ 0.14339119  0.25816205  0.39075992]
 [-0.15543407  0.18917185  0.09278136]
 [-0.03939049  0.23429576  0.        ]
 [ 0.03839599  0.00833745  0.887141  ]
 [ 0.08450912  0.02283168  1.1465504 ]
 [ 0.17789106 -0.01345462  1.2356999 ]
 [ 0.12566951 -0.01897687  1.3244894 ]
 [ 0.07205343  0.16917518  1.0777094 ]
 [ 0.15769374  0.3222757   0.87928987]
 [ 0.3029736   0.26633814  0.8910234 ]
 [ 0.09213518 -0.1304515   1.1151263 ]
 [ 0.02138734 -0.28118974  0.9074804 ]
 [ 0.09981319 -0.24353302  0.7941461 ]]
[[ 0.          0.          0.6230445 ]
 [ 0.0022306  -0.11357273  0.61458004]
 [ 0.32156897 -0.08290657  0.3977856 ]
 [-0.02560419 -0.03588423  0.27632546]
 [ 0.0198864  -0.00131494  0.1531361 ]
 [-0.00237313  0.11335021  0.63145953]
 [ 0.02654294  0.25990447  0.28431576]
 [-0.31285572  0.27439967  0.10967606]
 [-0.27757025  0.33783758  0.        ]
 [ 0.0321693   0.01165192  0.8478545 ]
 [ 0.06987607  0.0195083   1.1089755 ]
 [ 0.17490792 -0.03053927  1.1904916 ]
 [ 0.12542763 -0.02456897  1.2887299 ]
 [ 0.10082498  0.16153002  1.0383849 ]
 [ 0.2467118   0.25933778  0.83781934]
 [ 0.3291636   0.1294159   0.9310335 ]
 [ 0.03320769 -0.12485722  1.0863376 ]
 [-0.10790273 -0.24061418  0.8956995 ]
 [-0.10011266 -0.25796476  0.75978935]]
[[ 0.00000000e+00  0.00000000e+00  5.66725373e-01]
 [-6.97668642e-04 -1.14287153e-01  5.67146301e-01]
 [ 2.94313312e-01 -1.39529660e-01  3.72950494e-01]
 [ 1.75090402e-01 -5.46848774e-02  5.08868694e-02]
 [ 3.29410374e-01 -2.24073529e-02  0.00000000e+00]
 [ 5.95387071e-04  1.14085749e-01  5.66300333e-01]
 [ 6.87071681e-03  2.48283327e-01  1.89527065e-01]
 [-3.97988766e-01  2.12005347e-01  1.45836085e-01]
 [-4.56425846e-01  2.72970706e-01  5.96300364e-02]
 [ 3.20910402e-02  1.71352327e-02  7.92508364e-01]
 [ 7.06326738e-02  2.37679183e-02  1.05403090e+00]
 [ 1.82032928e-01 -3.46141458e-02  1.13213682e+00]
 [ 1.31679058e-01 -2.55061388e-02  1.23169863e+00]
 [ 1.12553656e-01  1.57334864e-01  9.81495559e-01]
 [ 2.64568299e-01  2.28072554e-01  7.66625404e-01]
 [ 3.45993727e-01  9.69922841e-02  8.34900022e-01]
 [ 9.14058462e-03 -1.08621240e-01  1.03627276e+00]
 [-1.71959624e-01 -2.08344832e-01  9.03900743e-01]
 [-1.95537433e-01 -3.00652683e-01  7.17247367e-01]]
[[ 0.          0.          0.56641674]
 [-0.00182748 -0.11387137  0.56703246]
 [ 0.26712984 -0.12436225  0.35628387]
 [ 0.24803746 -0.03057647  0.01394069]
 [ 0.4194159  -0.00258023  0.        ]
 [ 0.00172222  0.11366042  0.5658015 ]
 [ 0.05346382  0.2181793   0.1835028 ]
 [-0.37990618  0.1314111   0.17704087]
 [-0.46193272  0.19262904  0.10475823]
 [ 0.03978235  0.01835063  0.78943074]
 [ 0.0813491   0.0151037   1.0508299 ]
 [ 0.18495992 -0.04271716  1.1342384 ]
 [ 0.13211888 -0.02643567  1.2337536 ]
 [ 0.11934328  0.14458042  0.979803  ]
 [ 0.24181814  0.22536227  0.7499181 ]
 [ 0.3585047   0.11992127  0.75413716]
 [ 0.01811905 -0.1114887   1.0195318 ]
 [-0.13521284 -0.2109802   0.8381879 ]
 [-0.14393061 -0.33251244  0.67207855]]
[[ 0.          0.          0.5926421 ]
 [-0.00640518 -0.11963119  0.59300464]
 [ 0.25731915 -0.10603186  0.36043924]
 [ 0.21418719  0.00913239  0.02823997]
 [ 0.38644457  0.04241776  0.        ]
 [ 0.00627565  0.11943506  0.59226745]
 [ 0.1383886   0.22172536  0.21357763]
 [-0.30292076  0.13812834  0.2232601 ]
 [-0.374721    0.18478948  0.13873917]
 [ 0.05078104  0.01161806  0.8146988 ]
 [ 0.09684627  0.00647187  1.0755787 ]
 [ 0.19254959 -0.0480845   1.1647375 ]
 [ 0.1371328  -0.02648652  1.2602808 ]
 [ 0.12580386  0.14424819  1.0037907 ]
 [ 0.22882631  0.23219661  0.7749163 ]
 [ 0.3291329   0.1531318   0.7173966 ]
 [ 0.03502053 -0.12564969  1.0441952 ]
 [-0.08187598 -0.23690423  0.82617   ]
 [-0.05639617 -0.32587516  0.6916452 ]]
[[ 0.00000000e+00  0.00000000e+00  6.22669697e-01]
 [-1.04851574e-02 -1.11723557e-01  6.20673537e-01]
 [ 2.19662458e-01 -1.07293934e-01  3.76642197e-01]
 [ 1.26399636e-01  2.89921761e-02  5.88123798e-02]
 [ 2.80583024e-01  6.06167316e-02  0.00000000e+00]
 [ 1.03545934e-02  1.11519292e-01  6.24639571e-01]
 [ 1.94658607e-01  1.85665667e-01  2.87184596e-01]
 [-2.56192088e-01  1.08623564e-01  2.59800971e-01]
 [-3.04825783e-01  1.51528984e-01  1.53599381e-01]
 [ 4.86860797e-02  7.18958676e-03  8.43553901e-01]
 [ 9.25336406e-02 -9.69469547e-05  1.10526955e+00]
 [ 1.88081324e-01 -5.01868725e-02  1.19378865e+00]
 [ 1.31985322e-01 -2.76517868e-02  1.28459215e+00]
 [ 1.10903598e-01  1.38988435e-01  1.03103089e+00]
 [ 1.82133600e-01  2.47334942e-01  8.17903399e-01]
 [ 2.30171859e-01  1.84661031e-01  7.31028080e-01]
 [ 3.33945006e-02 -1.34712368e-01  1.07846045e+00]
 [-7.95382559e-02 -2.75178134e-01  8.92534733e-01]
 [-5.63175641e-02 -4.13498640e-01  7.69723117e-01]]
[[ 0.          0.          0.57489944]
 [-0.01403581 -0.11379103  0.5642706 ]
 [ 0.04773423 -0.06975442  0.27515405]
 [-0.18707812  0.02774644  0.08962029]
 [-0.08635411  0.07842457  0.        ]
 [ 0.01388155  0.11355262  0.5854182 ]
 [ 0.30509377  0.13250422  0.35646895]
 [-0.05931713 -0.007898    0.13699707]
 [ 0.00647834  0.01709062  0.0260517 ]
 [ 0.04565301  0.00561112  0.79587615]
 [ 0.08478713  0.0088605   1.0575716 ]
 [ 0.16995364 -0.03038311  1.1478226 ]
 [ 0.11815014 -0.00578094  1.2336705 ]
 [ 0.07160321  0.1546706   0.985301  ]
 [ 0.03065078  0.32827094  0.844233  ]
 [ 0.06766138  0.34627545  0.6629677 ]
 [ 0.06717014 -0.14799356  1.030184  ]
 [ 0.08496718 -0.31238508  0.83038867]
 [ 0.21055552 -0.2589184   0.833917  ]]
[[ 0.00000000e+00  0.00000000e+00  6.18629992e-01]
 [-1.21741015e-02 -1.09806888e-01  6.06137872e-01]
 [-8.34659189e-02 -6.95883334e-02  3.02492768e-01]
 [-4.00800228e-01  1.21326149e-02  2.19771028e-01]
 [-3.85672688e-01  1.01309896e-01  1.29036218e-01]
 [ 1.20319817e-02  1.09567776e-01  6.30981207e-01]
 [ 2.98405468e-01  1.30312622e-01  4.02935743e-01]
 [ 1.85606778e-01 -3.11619043e-02  6.43271208e-02]
 [ 3.15358818e-01 -4.33967710e-02  0.00000000e+00]
 [ 2.60394886e-02  1.09947473e-02  8.44995141e-01]
 [ 4.60470431e-02  2.30873823e-02  1.10730219e+00]
 [ 1.27946436e-01  1.34646893e-04  1.20494080e+00]
 [ 7.12465942e-02  1.82907581e-02  1.28252530e+00]
 [ 2.30450891e-02  1.72175705e-01  1.03516436e+00]
 [-5.04387617e-02  3.74084860e-01  9.25497830e-01]
 [ 2.20693946e-02  4.14428651e-01  7.55960584e-01]
 [ 6.10334352e-02 -1.34487092e-01  1.09052157e+00]
 [ 1.30516648e-01 -3.22015584e-01  9.14210677e-01]
 [ 2.53773510e-01 -2.28456199e-01  9.47432756e-01]]
[[ 0.00000000e+00  0.00000000e+00  6.29185557e-01]
 [-7.45864958e-03 -1.04055822e-01  6.20286465e-01]
 [-8.66234526e-02 -8.21229219e-02  3.12649906e-01]
 [-4.23690915e-01 -1.68610215e-02  2.56623209e-01]
 [-4.53983068e-01  7.50727654e-02  1.73128992e-01]
 [ 7.32011907e-03  1.03821598e-01  6.37939751e-01]
 [ 2.89993882e-01  1.71354145e-01  4.07397807e-01]
 [ 2.27432370e-01  2.30516791e-02  6.36225343e-02]
 [ 3.65360916e-01  1.91717148e-02  0.00000000e+00]
 [ 1.44012179e-02  1.37374997e-02  8.55605900e-01]
 [ 2.36556958e-02  3.38729322e-02  1.11802435e+00]
 [ 1.04576200e-01  1.40807033e-02  1.21854365e+00]
 [ 4.20711376e-02  2.86129117e-02  1.28988636e+00]
 [-1.99250877e-04  1.76506341e-01  1.04143941e+00]
 [-4.79976982e-02  3.76074672e-01  9.17686045e-01]
 [ 4.83921990e-02  4.09042120e-01  7.64665842e-01]
 [ 4.52372730e-02 -1.20807528e-01  1.10206032e+00]
 [ 1.02564245e-01 -3.14171702e-01  9.29062009e-01]
 [ 2.35102057e-01 -2.37391397e-01  9.45629954e-01]]
[[ 0.          0.          0.64354914]
 [-0.00149434 -0.10826305  0.6368756 ]
 [-0.01715828 -0.08755895  0.30897892]
 [-0.3857331  -0.02199587  0.3102469 ]
 [-0.43638533  0.06689769  0.23475975]
 [ 0.00134799  0.1080424   0.65008974]
 [ 0.28450352  0.20970705  0.42935717]
 [ 0.17725663  0.08969954  0.08397305]
 [ 0.3231675   0.10436851  0.        ]
 [ 0.00752498  0.01902121  0.86977154]
 [ 0.01098045  0.04808259  1.1310008 ]
 [ 0.09162094  0.03121167  1.2346358 ]
 [ 0.02254147  0.04578203  1.3077028 ]
 [-0.0042503   0.19045019  1.0443141 ]
 [-0.00392789  0.38878644  0.89445335]
 [ 0.1048817   0.38331518  0.7773257 ]
 [ 0.02664822 -0.11014983  1.1194504 ]
 [ 0.05688703 -0.3067162   0.9481636 ]
 [ 0.21562347 -0.2510507   0.9546795 ]]
[[ 0.          0.          0.67683846]
 [ 0.01138455 -0.11465152  0.6775703 ]
 [ 0.09604305 -0.08200395  0.3445117 ]
 [-0.3031998  -0.02141637  0.3576441 ]
 [-0.3468537   0.06532553  0.27074376]
 [-0.01154255  0.11442633  0.6760002 ]
 [ 0.23026252  0.2086508   0.443825  ]
 [ 0.07591229  0.11715841  0.07011467]
 [ 0.22089508  0.1382578   0.        ]
 [ 0.00282472  0.01814677  0.89932704]
 [ 0.00869779  0.06304872  1.1591095 ]
 [ 0.08766384  0.04587877  1.2627926 ]
 [ 0.0140532   0.0587576   1.3411751 ]
 [-0.00198496  0.20367229  1.066011  ]
 [ 0.06737204  0.37054992  0.8956835 ]
 [ 0.18210278  0.2988174   0.85513794]
 [ 0.02515375 -0.09839404  1.149924  ]
 [ 0.00176676 -0.29418963  0.97410315]
 [ 0.13531053 -0.3077016   0.9692786 ]]
[[ 0.00000000e+00  0.00000000e+00  7.38963246e-01]
 [ 1.62670352e-02 -1.17153697e-01  7.40420282e-01]
 [ 3.09726655e-01 -4.29714322e-02  4.82559621e-01]
 [-7.17988312e-02 -1.58936083e-02  3.96619737e-01]
 [-6.11125417e-02  4.60507870e-02  2.70915747e-01]
 [-1.64254457e-02  1.16898611e-01  7.37432301e-01]
 [ 8.92291218e-02  2.52280414e-01  4.52914357e-01]
 [-1.34074464e-01  1.93073392e-01  1.05430484e-01]
 [-1.13411546e-02  2.50011742e-01  0.00000000e+00]
 [-4.52353619e-04  1.98292583e-02  9.57586348e-01]
 [-8.19470733e-03  6.69305623e-02  1.21711683e+00]
 [ 6.96962327e-02  3.50790620e-02  1.31995022e+00]
 [-1.04938000e-02  5.89709878e-02  1.40072834e+00]
 [ 2.20692828e-02  1.97763085e-01  1.12786555e+00]
 [ 1.87876135e-01  2.74309605e-01  9.55008149e-01]
 [ 2.35635251e-01  1.40289634e-01  1.03126287e+00]
 [-2.00895816e-02 -8.37985873e-02  1.20553744e+00]
 [-1.13176361e-01 -2.38583237e-01  1.03113961e+00]
 [-4.45520096e-02 -3.22404355e-01  1.08706069e+00]]
[[ 0.          0.          0.6546132 ]
 [ 0.00396345 -0.10664303  0.662105  ]
 [ 0.31701246 -0.15684079  0.45148963]
 [ 0.14909826 -0.22264671  0.16016865]
 [ 0.27362385 -0.21000051  0.11261457]
 [-0.00408137  0.1064378   0.64709884]
 [-0.07269962  0.3049423   0.3342874 ]
 [-0.33918792  0.27877375  0.14616561]
 [-0.3311349   0.3475942   0.        ]
 [-0.01435671  0.03769216  0.87061465]
 [-0.03022832  0.10049039  1.1251738 ]
 [ 0.04529168  0.04414433  1.2214956 ]
 [-0.03196059  0.09218752  1.3017218 ]
 [ 0.0509511   0.18975201  1.0475173 ]
 [ 0.26290995  0.17166787  0.9030545 ]
 [ 0.23653841  0.00146812  1.0214972 ]
 [-0.10585259 -0.00640109  1.1127703 ]
 [-0.2923131  -0.11442584  1.0544145 ]
 [-0.35282436 -0.20451793  1.152035  ]]
[[ 0.00000000e+00  0.00000000e+00  5.91163158e-01]
 [-1.52938068e-04 -1.06654346e-01  6.03248775e-01]
 [ 3.00714135e-01 -1.74078494e-01  3.89799714e-01]
 [ 2.31109321e-01 -2.24668413e-01  6.54172301e-02]
 [ 3.72785747e-01 -2.05520272e-01  5.17885685e-02]
 [ 3.99835408e-05  1.06461987e-01  5.79054832e-01]
 [-8.14237595e-02  2.34275326e-01  2.25916803e-01]
 [-3.98261368e-01  2.03143924e-01  1.20660484e-01]
 [-4.22692329e-01  2.67827928e-01  0.00000000e+00]
 [-1.63060464e-02  4.37026620e-02  8.08999300e-01]
 [-2.46068463e-02  9.97434855e-02  1.06568146e+00]
 [ 4.88363616e-02  4.14686799e-02  1.16216087e+00]
 [-2.36965120e-02  8.63461494e-02  1.24668431e+00]
 [ 5.47583587e-02  1.91851228e-01  9.87848103e-01]
 [ 2.71591634e-01  1.78174108e-01  8.32734585e-01]
 [ 2.65867591e-01  7.10040331e-04  9.29440498e-01]
 [-1.07729495e-01 -3.17484140e-03  1.04494762e+00]
 [-3.22225213e-01 -1.29081398e-01  1.03931451e+00]
 [-3.91817689e-01 -1.75610363e-01  1.14973760e+00]]
[[ 0.          0.          0.5474664 ]
 [ 0.00244845 -0.10397537  0.5601648 ]
 [ 0.30922186 -0.13439381  0.3432839 ]
 [ 0.31190878 -0.169079    0.00641501]
 [ 0.47747326 -0.14584094  0.        ]
 [-0.00254188  0.10378279  0.5347478 ]
 [-0.08848652  0.21510631  0.16131759]
 [-0.42415208  0.13181332  0.11423591]
 [-0.46305496  0.18798879  0.01885879]
 [-0.00621599  0.05202034  0.76691043]
 [-0.00877364  0.11246067  1.022866  ]
 [ 0.0614369   0.05786526  1.12039   ]
 [-0.01163321  0.09923047  1.2013996 ]
 [ 0.06124987  0.20790973  0.9401101 ]
 [ 0.26949173  0.21224976  0.775077  ]
 [ 0.30807352  0.03441072  0.83883625]
 [-0.0923126   0.00508481  1.0090885 ]
 [-0.30194142 -0.13482258  1.021774  ]
 [-0.3858214  -0.2312885   1.158356  ]]
[[ 0.          0.          0.56975275]
 [ 0.00815912 -0.10194521  0.583435  ]
 [ 0.3195419  -0.0890833   0.3567044 ]
 [ 0.37571838 -0.1319995   0.00529629]
 [ 0.56030595 -0.09342325  0.        ]
 [-0.00823046  0.10178097  0.55605745]
 [-0.07782523  0.19738372  0.16908622]
 [-0.43632752  0.06166202  0.17774674]
 [-0.5002096   0.10387275  0.11280149]
 [-0.00969858  0.04761001  0.79081213]
 [-0.01538659  0.09915316  1.0477697 ]
 [ 0.05237023  0.04981673  1.1465569 ]
 [-0.01739199  0.08490574  1.2273374 ]
 [ 0.04545255  0.19733489  0.96081185]
 [ 0.23921245  0.22443436  0.7782035 ]
 [ 0.30082393  0.05509365  0.79323715]
 [-0.09197453 -0.00268134  1.0346794 ]
 [-0.28798532 -0.13148543  1.0959463 ]
 [-0.3851243  -0.2570362   1.2256008 ]]
[[ 0.          0.          0.599359  ]
 [ 0.00932632 -0.10567209  0.61118877]
 [ 0.2991276  -0.08904512  0.36966994]
 [ 0.38214326 -0.13458037  0.00601226]
 [ 0.5795834  -0.0881266   0.        ]
 [-0.00939691  0.10552652  0.58750737]
 [-0.03841891  0.15746167  0.19676498]
 [-0.4251905  -0.02207947  0.24543881]
 [-0.49814487  0.00725329  0.1967971 ]
 [-0.01601202  0.03687185  0.81968987]
 [-0.02789556  0.07571426  1.078378  ]
 [ 0.04347507  0.03134346  1.178452  ]
 [-0.0290584   0.06510466  1.2578168 ]
 [ 0.0204482   0.18208358  0.9866818 ]
 [ 0.19857688  0.24104205  0.7991578 ]
 [ 0.24913904  0.11655051  0.7634134 ]
 [-0.09445548 -0.02815503  1.0689034 ]
 [-0.27116552 -0.15266469  1.1754425 ]
 [-0.35298175 -0.26111147  1.3037341 ]]
[[ 0.          0.          0.6215294 ]
 [ 0.01116073 -0.10469828  0.6371714 ]
 [ 0.28202927 -0.06628335  0.38265133]
 [ 0.3922497  -0.09877181  0.00524729]
 [ 0.5832982  -0.04539484  0.        ]
 [-0.01122453  0.10455447  0.6058492 ]
 [-0.01328568  0.07672685  0.22949737]
 [-0.41808686 -0.10160226  0.29671812]
 [-0.4827365  -0.07910025  0.24771577]
 [-0.02150535  0.03367496  0.8427472 ]
 [-0.03927078  0.06486183  1.1018217 ]
 [ 0.02863507  0.03022087  1.2024004 ]
 [-0.04587217  0.05786783  1.2814739 ]
 [-0.00289489  0.17640811  1.0075868 ]
 [ 0.14912906  0.27160767  0.8219247 ]
 [ 0.18238738  0.19287497  0.7699442 ]
 [-0.0991143  -0.03988937  1.0922794 ]
 [-0.2529788  -0.17340076  1.2347882 ]
 [-0.31172645 -0.22688639  1.3918629 ]]
[[ 0.          0.          0.6669967 ]
 [ 0.00844449 -0.10400407  0.6796206 ]
 [ 0.25660145 -0.04978859  0.41310668]
 [ 0.32773334 -0.11778527  0.02528334]
 [ 0.512668   -0.06456798  0.        ]
 [-0.00852445  0.10382787  0.65430576]
 [ 0.05226927  0.03928658  0.31983784]
 [-0.35278836 -0.13406472  0.37711287]
 [-0.39851755 -0.12038186  0.3014038 ]
 [-0.02675699  0.03245553  0.88883984]
 [-0.04706676  0.06052914  1.1483539 ]
 [ 0.01713645  0.03206676  1.2472876 ]
 [-0.05737848  0.05849952  1.3263865 ]
 [-0.02924688  0.18492839  1.0504931 ]
 [ 0.09537472  0.320172    0.8814099 ]
 [ 0.16549866  0.34254923  0.83706176]
 [-0.09699582 -0.05328315  1.1461699 ]
 [-0.22453554 -0.21141541  1.3135467 ]
 [-0.2791685  -0.26274204  1.4766748 ]]
[[ 0.00000000e+00  0.00000000e+00  7.06312299e-01]
 [ 1.12464353e-02 -9.99891236e-02  7.20511734e-01]
 [ 1.97914883e-01 -6.59495592e-03  4.33212042e-01]
 [ 1.73736393e-01 -1.24269187e-01  7.04235435e-02]
 [ 3.42116892e-01 -6.37945533e-02  0.00000000e+00]
 [-1.13460533e-02  9.97532457e-02  6.92006648e-01]
 [ 1.74461588e-01 -1.22778565e-02  4.71298039e-01]
 [-1.94384068e-01 -2.06437215e-01  4.19536769e-01]
 [-1.69392958e-01 -2.05905795e-01  3.40302080e-01]
 [-4.18616049e-02  3.77615690e-02  9.26637292e-01]
 [-7.22673759e-02  6.61838651e-02  1.18573439e+00]
 [-1.30336732e-04  3.48649025e-02  1.28532422e+00]
 [-7.73853213e-02  4.80995178e-02  1.36349356e+00]
 [-7.86255300e-02  1.99677378e-01  1.09170270e+00]
 [-2.88343132e-02  3.72506857e-01  9.48267579e-01]
 [-1.68903619e-02  4.94086862e-01  8.87301922e-01]
 [-1.03897668e-01 -6.01391196e-02  1.18713248e+00]
 [-1.57662570e-01 -2.47206599e-01  1.38439631e+00]
 [-1.97974384e-01 -3.34454954e-01  1.55855596e+00]]
[[ 0.          0.          0.6387015 ]
 [ 0.00456071 -0.10012099  0.6499813 ]
 [ 0.12073123  0.04379088  0.3725347 ]
 [ 0.01001632 -0.02482694  0.09957743]
 [ 0.14153774  0.05691344  0.        ]
 [-0.00466773  0.09988482  0.62729305]
 [ 0.25820446 -0.05186699  0.5341749 ]
 [ 0.02771142 -0.2986915   0.309004  ]
 [ 0.137874   -0.3386556   0.26455843]
 [-0.05890179  0.02361967  0.85793483]
 [-0.10101222  0.05077481  1.1164045 ]
 [-0.01217884  0.02345812  1.2067313 ]
 [-0.08822851  0.04092509  1.2877109 ]
 [-0.12852122  0.19895008  1.0299187 ]
 [-0.14547965  0.4129723   0.9556501 ]
 [-0.1658597   0.57361436  0.9496149 ]
 [-0.10213246 -0.09138817  1.117359  ]
 [-0.09490615 -0.30446973  1.2813067 ]
 [-0.07785265 -0.39729044  1.4501871 ]]
[[ 0.          0.          0.49322036]
 [ 0.00256592 -0.0917304   0.5016806 ]
 [ 0.09113166  0.04308978  0.25239757]
 [-0.12085481 -0.02377826  0.09334633]
 [-0.04563946  0.07335898  0.        ]
 [-0.00268184  0.09149845  0.48462582]
 [ 0.30461925 -0.03958897  0.43678042]
 [ 0.29527736 -0.31619537  0.20462415]
 [ 0.4010402  -0.37561718  0.21844229]
 [-0.06150463  0.01895025  0.7124698 ]
 [-0.1123184   0.03710663  0.97031474]
 [-0.02047809  0.00766033  1.0623491 ]
 [-0.08614349  0.02533239  1.1415813 ]
 [-0.1446176   0.18242863  0.89843893]
 [-0.19235131  0.41669884  0.90121317]
 [-0.21013784  0.59721696  0.94587946]
 [-0.09654844 -0.10165286  0.9599528 ]
 [-0.03793833 -0.31866458  1.0557126 ]
 [ 0.0529604  -0.38654268  1.1893467 ]]
[[ 0.          0.          0.3619792 ]
 [-0.00285149 -0.08882216  0.37413839]
 [ 0.08110674 -0.04890761  0.14326651]
 [-0.19413099 -0.09159657  0.0726105 ]
 [-0.16110641  0.00165311  0.        ]
 [ 0.0027275   0.08858366  0.34970725]
 [ 0.31754148 -0.02061818  0.30805323]
 [ 0.4346627  -0.30537373  0.13463804]
 [ 0.5337044  -0.38023022  0.19191287]
 [-0.05412357  0.01732835  0.5837832 ]
 [-0.10574412  0.0221585   0.8439246 ]
 [-0.01369166 -0.00604242  0.935552  ]
 [-0.07372876  0.01271909  1.0168235 ]
 [-0.13060693  0.16003752  0.7834773 ]
 [-0.18259656  0.37543166  0.8529744 ]
 [-0.21024483  0.5110673   0.94145757]
 [-0.08809635 -0.11324286  0.81924146]
 [-0.01277304 -0.32590622  0.85730827]
 [ 0.12408578 -0.4158576   0.9477561 ]]
[[ 0.00000000e+00  0.00000000e+00  2.88979828e-01]
 [-5.03558666e-04 -8.82081389e-02  3.02962184e-01]
 [ 1.00286767e-01 -7.49042928e-02  9.86955315e-02]
 [-1.82452559e-01 -1.15665734e-01  5.03118336e-02]
 [-1.60424411e-01 -2.50371397e-02  0.00000000e+00]
 [ 3.69537622e-04  8.79753903e-02  2.74900734e-01]
 [ 3.29330444e-01 -3.26328948e-02  2.41353542e-01]
 [ 4.89364386e-01 -3.25209022e-01  9.18550789e-02]
 [ 5.89644074e-01 -4.01704788e-01  1.73539817e-01]
 [-5.01280725e-02  1.45861953e-02  5.10233164e-01]
 [-9.93684083e-02  1.46535039e-02  7.69990683e-01]
 [-6.52150251e-03 -1.71443224e-02  8.64066958e-01]
 [-6.42844066e-02 -2.67374516e-03  9.47248995e-01]
 [-1.23666823e-01  1.47520959e-01  7.15846419e-01]
 [-1.59192652e-01  3.43156576e-01  8.17145228e-01]
 [-1.93287551e-01  4.44269419e-01  9.47089136e-01]
 [-8.10290873e-02 -1.18184656e-01  7.36398220e-01]
 [-1.02900341e-02 -3.24096084e-01  7.44401932e-01]
 [ 1.34621263e-01 -4.18234766e-01  8.22469771e-01]]
[[ 0.          0.          0.2416188 ]
 [-0.00567064 -0.09419601  0.26352733]
 [ 0.13400146 -0.10678628  0.12187693]
 [-0.10693471 -0.13158602  0.04743411]
 [-0.06546964 -0.06741822  0.        ]
 [ 0.00553573  0.09398793  0.21961993]
 [ 0.34858847 -0.02783819  0.22598028]
 [ 0.5512787  -0.3226473   0.07969445]
 [ 0.6570512  -0.39259833  0.1681648 ]
 [-0.04299286  0.02477469  0.46226805]
 [-0.08841389  0.02709115  0.7223789 ]
 [ 0.00836057 -0.01367378  0.8174493 ]
 [-0.0539973   0.00980496  0.89975774]
 [-0.0998999   0.16053212  0.67384744]
 [-0.11021358  0.3434615   0.8188185 ]
 [-0.13870186  0.4274367   0.96532196]
 [-0.08389481 -0.10871711  0.6833826 ]
 [-0.02442742 -0.33527136  0.6641653 ]
 [ 0.10528165 -0.44508326  0.72790074]]
[[ 0.          0.          0.13861865]
 [-0.027797   -0.09881603  0.16534206]
 [ 0.15657713 -0.20485319  0.11084706]
 [ 0.27332443 -0.34514105  0.        ]
 [ 0.36064017 -0.35377708  0.03145584]
 [ 0.0276711   0.09867879  0.11185054]
 [ 0.3751285  -0.0291332   0.13865075]
 [ 0.6507771  -0.32873648  0.02856441]
 [ 0.74841964 -0.38597277  0.14126873]
 [-0.01939922  0.01204759  0.3594428 ]
 [-0.04900867  0.00167623  0.6183006 ]
 [ 0.04470372 -0.05707544  0.7130314 ]
 [-0.00859717 -0.02410436  0.7989347 ]
 [-0.02694312  0.13110629  0.5874051 ]
 [ 0.06052448  0.2870862   0.80377156]
 [ 0.05608746  0.28604633  0.96807367]
 [-0.07943419 -0.12653688  0.56372154]
 [-0.075687   -0.35508546  0.49167407]
 [ 0.01074034 -0.48031506  0.5372874 ]]
[[ 0.          0.          0.19013989]
 [-0.02091796 -0.10643899  0.21891235]
 [ 0.23028725 -0.17961147  0.23752743]
 [ 0.12181702 -0.16649878  0.03318268]
 [ 0.21521306 -0.14191389  0.        ]
 [ 0.0207779   0.10626088  0.16132331]
 [ 0.41817313  0.03764553  0.18346997]
 [ 0.7048437  -0.2825837   0.09285471]
 [ 0.8002207  -0.33182973  0.21225952]
 [-0.01148978  0.02175608  0.40967363]
 [-0.02515202  0.01480702  0.66969925]
 [ 0.08474672 -0.04367816  0.75908816]
 [ 0.02834728 -0.01433265  0.84516037]
 [ 0.00643945  0.1435703   0.63508606]
 [ 0.15721256  0.2655605   0.81695825]
 [ 0.1562419   0.16303337  0.9954506 ]
 [-0.07043529 -0.10882571  0.6173461 ]
 [-0.13106795 -0.31259128  0.4929449 ]
 [-0.12110555 -0.42292812  0.48873568]]
[[ 0.          0.          0.11016876]
 [-0.02435452 -0.10944639  0.1358613 ]
 [ 0.2515542  -0.2003698   0.19654372]
 [ 0.27485704 -0.26448286  0.        ]
 [ 0.38306308 -0.26465154  0.00154579]
 [ 0.02422447  0.10927968  0.08444063]
 [ 0.42524818  0.04327443  0.12004533]
 [ 0.7115569  -0.2570419   0.02373596]
 [ 0.81772244 -0.3093014   0.1459083 ]
 [-0.01498473  0.01530144  0.3268467 ]
 [-0.03422448  0.0039643   0.5855595 ]
 [ 0.08019742 -0.05999899  0.6659841 ]
 [ 0.0271996  -0.03598452  0.7549744 ]
 [ 0.01436113  0.12748194  0.55917144]
 [ 0.19994569  0.22351027  0.70473343]
 [ 0.2234605   0.05529428  0.8389933 ]
 [-0.09289549 -0.11237827  0.52288735]
 [-0.196069   -0.2917273   0.38804516]
 [-0.24779189 -0.4101021   0.37630147]]
[[ 0.          0.          0.10540114]
 [-0.02914179 -0.10805057  0.12992713]
 [ 0.2611167  -0.22062176  0.20935687]
 [ 0.38632116 -0.30022344  0.        ]
 [ 0.50204426 -0.30859542  0.04380479]
 [ 0.02902497  0.10789911  0.08084393]
 [ 0.4293346   0.03223691  0.13881756]
 [ 0.69045985 -0.23806965  0.0093573 ]
 [ 0.8033169  -0.29217282  0.12711537]
 [-0.01556213  0.01766601  0.3183764 ]
 [-0.0355729   0.01206869  0.5763148 ]
 [ 0.07884446 -0.05295834  0.65710074]
 [ 0.02692408 -0.02597123  0.7449453 ]
 [ 0.0275078   0.1261633   0.5379609 ]
 [ 0.2175865   0.1968354   0.63900113]
 [ 0.26442254 -0.01043922  0.7448437 ]
 [-0.10810398 -0.09492365  0.51241225]
 [-0.24598289 -0.26789182  0.40896922]
 [-0.34363484 -0.35733214  0.37368876]]
[[ 0.          0.          0.14158249]
 [-0.03799764 -0.10511303  0.16044796]
 [ 0.2865391  -0.22168063  0.26648596]
 [ 0.47467017 -0.33781832  0.06769805]
 [ 0.5950624  -0.3551748   0.1480391 ]
 [ 0.03786367  0.10494503  0.12268314]
 [ 0.42576945  0.01360451  0.1930146 ]
 [ 0.6539283  -0.1989277   0.        ]
 [ 0.76942635 -0.271184    0.09675837]
 [-0.0310601   0.02786686  0.34544668]
 [-0.07385807  0.02884978  0.598479  ]
 [ 0.03947131 -0.03842333  0.6739597 ]
 [-0.00771952 -0.0162701   0.76607114]
 [ 0.00851438  0.13153616  0.56049323]
 [ 0.2195079   0.16068429  0.6025569 ]
 [ 0.2897042  -0.07633144  0.645258  ]
 [-0.15813228 -0.0618405   0.52446437]
 [-0.34757197 -0.20218422  0.4373809 ]
 [-0.48696446 -0.24580589  0.4463246 ]]
[[ 0.          0.          0.12895843]
 [-0.04749211 -0.10342857  0.14396137]
 [ 0.26466742 -0.26178473  0.28087175]
 [ 0.39926594 -0.38391736  0.05223042]
 [ 0.52457285 -0.41158825  0.10657033]
 [ 0.04736931  0.10324844  0.11391926]
 [ 0.4286067  -0.01077981  0.21421835]
 [ 0.6073233  -0.19647071  0.        ]
 [ 0.7111354  -0.2712357   0.08469874]
 [-0.04371597  0.04102354  0.32031792]
 [-0.09859386  0.06454438  0.56612146]
 [ 0.00638831 -0.0033567   0.6487626 ]
 [-0.04650576  0.03054237  0.73552394]
 [-0.00432006  0.16135228  0.52380383]
 [ 0.23484936  0.18998173  0.55477417]
 [ 0.34964466 -0.04073831  0.60882425]
 [-0.18834573 -0.02437162  0.49827388]
 [-0.39911526 -0.16565506  0.43453184]
 [-0.5337849  -0.21061325  0.4604282 ]]
[[ 0.          0.          0.09819505]
 [-0.05535698 -0.10135487  0.11003939]
 [ 0.26403606 -0.27436537  0.30444378]
 [ 0.3851667  -0.41582793  0.0514058 ]
 [ 0.511125   -0.45505127  0.09573352]
 [ 0.05524656  0.10117273  0.08630494]
 [ 0.42056155 -0.03725037  0.23184258]
 [ 0.54464006 -0.2215651   0.        ]
 [ 0.6347698  -0.303498    0.06160047]
 [-0.06379789  0.05511944  0.27781165]
 [-0.13542017  0.09825802  0.51216984]
 [-0.03954469  0.02774149  0.5909248 ]
 [-0.09574816  0.06619006  0.67663383]
 [-0.03441226  0.1928164   0.47444507]
 [ 0.22088036  0.23330706  0.48394403]
 [ 0.3554433   0.00603336  0.52271616]
 [-0.22544019  0.00965339  0.44313657]
 [-0.43907773 -0.13784498  0.41441312]
 [-0.58102316 -0.19638367  0.4671797 ]]
[[ 0.          0.          0.0670694 ]
 [-0.05957953 -0.09996647  0.0792877 ]
 [ 0.2511173  -0.2854308   0.33284664]
 [ 0.34892333 -0.43644893  0.06330188]
 [ 0.4581644  -0.46976033  0.10106164]
 [ 0.05946899  0.09978338  0.05479356]
 [ 0.42178142 -0.06917339  0.2538535 ]
 [ 0.5050724  -0.25090027  0.        ]
 [ 0.57986104 -0.33153704  0.05184425]
 [-0.08568105  0.07574616  0.22346024]
 [-0.17593022  0.14764631  0.43879247]
 [-0.08535407  0.07786062  0.53471684]
 [-0.14193411  0.12861282  0.6078579 ]
 [-0.07388167  0.23997918  0.39596027]
 [ 0.19568306  0.28485012  0.4106003 ]
 [ 0.32923353  0.04795018  0.4607492 ]
 [-0.25836718  0.0492613   0.3686039 ]
 [-0.43198365 -0.13275778  0.40690446]
 [-0.56537545 -0.17413169  0.4901001 ]]
[[ 0.          0.          0.05504759]
 [-0.06040184 -0.10428621  0.06704884]
 [ 0.2205326  -0.2767324   0.35859048]
 [ 0.33641034 -0.42729688  0.05800596]
 [ 0.450889   -0.4600947   0.09120519]
 [ 0.06030358  0.10411569  0.04299124]
 [ 0.41684803 -0.05318268  0.2577426 ]
 [ 0.52545774 -0.241618    0.        ]
 [ 0.5937581  -0.31211394  0.05727116]
 [-0.12131281  0.0915476   0.18023898]
 [-0.23891008  0.19986346  0.37026364]
 [-0.15872198  0.14443201  0.47363406]
 [-0.22137773  0.1926859   0.54113454]
 [-0.14203563  0.29267043  0.32077795]
 [ 0.14494783  0.32414812  0.33789146]
 [ 0.30697992  0.10457942  0.41985625]
 [-0.30586916  0.08330593  0.31317133]
 [-0.42770934 -0.12899226  0.37417763]
 [-0.5302346  -0.18732992  0.4984336 ]]
[[ 0.          0.          0.0358194 ]
 [-0.05963309 -0.10704232  0.05187897]
 [ 0.19819471 -0.27592483  0.33556253]
 [ 0.32458043 -0.46147344  0.06720765]
 [ 0.4501983  -0.49176222  0.11510757]
 [ 0.05953922  0.10689098  0.01970812]
 [ 0.43185848 -0.04528584  0.23982584]
 [ 0.5462564  -0.25774294  0.        ]
 [ 0.61375326 -0.32713184  0.07529956]
 [-0.12967387  0.10609417  0.1397889 ]
 [-0.2592532   0.23221602  0.3104692 ]
 [-0.18974999  0.1873064   0.42624182]
 [-0.25481355  0.22979861  0.4892475 ]
 [-0.16668418  0.32444483  0.2550524 ]
 [ 0.12609626  0.34418684  0.2751612 ]
 [ 0.29211992  0.13985053  0.36785996]
 [-0.3195407   0.10342403  0.26137686]
 [-0.40698403 -0.13261679  0.30566466]
 [-0.49295086 -0.22428416  0.44485372]]
[[ 0.          0.          0.01819869]
 [-0.05873907 -0.10538059  0.03635409]
 [ 0.1880174  -0.2926922   0.32033965]
 [ 0.33913124 -0.48600578  0.13823915]
 [ 0.45674682 -0.50914574  0.23226133]
 [ 0.05865417  0.10525614  0.        ]
 [ 0.4303968  -0.06352331  0.20436722]
 [ 0.57961345 -0.3029734   0.03766535]
 [ 0.63183665 -0.36931568  0.12577733]
 [-0.14172438  0.10975906  0.1178768 ]
 [-0.2862386   0.23976713  0.28092042]
 [-0.22548208  0.20320413  0.3963115 ]
 [-0.29584113  0.23942992  0.45304617]
 [-0.19526106  0.3339022   0.22277278]
 [ 0.10276976  0.346707    0.2471892 ]
 [ 0.2733191   0.15522629  0.34832016]
 [-0.3376528   0.10804567  0.23534638]
 [-0.38515687 -0.1335786   0.2754391 ]
 [-0.40830564 -0.2715068   0.4366622 ]]
[[ 0.          0.          0.01975553]
 [-0.0630922  -0.1029892   0.03947224]
 [ 0.15842894 -0.3278927   0.31921804]
 [ 0.34683812 -0.52828705  0.21941723]
 [ 0.42620182 -0.5411892   0.33911407]
 [ 0.06300889  0.10287216  0.        ]
 [ 0.41132352 -0.08499347  0.20423129]
 [ 0.59998226 -0.35119602  0.11173302]
 [ 0.6534209  -0.42351222  0.21819028]
 [-0.14490458  0.11544097  0.11389861]
 [-0.29582623  0.24558176  0.27161533]
 [-0.2405009   0.21662885  0.38943112]
 [-0.31593198  0.24762326  0.43913698]
 [-0.20835143  0.341927    0.21076836]
 [ 0.08774868  0.34809697  0.250759  ]
 [ 0.2605103   0.15513909  0.35912436]
 [-0.34006765  0.10796767  0.22867797]
 [-0.31880838 -0.14709187  0.28617173]
 [-0.2948371  -0.290101    0.4471615 ]]
[[ 0.          0.          0.02045681]
 [-0.06401111 -0.09938878  0.04087419]
 [ 0.13727194 -0.33425757  0.3080576 ]
 [ 0.375314   -0.5627669   0.28542197]
 [ 0.4368224  -0.57410735  0.42220706]
 [ 0.06392568  0.09927718  0.        ]
 [ 0.37977648 -0.10041599  0.20426431]
 [ 0.62259066 -0.3692607   0.15916057]
 [ 0.6813996  -0.44465697  0.29445177]
 [-0.13894594  0.1214053   0.11755825]
 [-0.28874648  0.24992776  0.2775033 ]
 [-0.24159932  0.22861362  0.39539933]
 [-0.31793982  0.25676507  0.43910366]
 [-0.20613927  0.34680533  0.21228908]
 [ 0.09197202  0.3516759   0.25826287]
 [ 0.25174573  0.15187013  0.37504876]
 [-0.32251364  0.1089572   0.23868145]
 [-0.25254607 -0.13851616  0.27268493]
 [-0.17494628 -0.27912438  0.42657584]]
[[ 0.          0.          0.02286089]
 [-0.06280515 -0.0973645   0.04568332]
 [ 0.13728923 -0.32932398  0.30168483]
 [ 0.4037726  -0.5578036   0.33783373]
 [ 0.4684868  -0.57244706  0.48482534]
 [ 0.06271254  0.0972614   0.        ]
 [ 0.35525632 -0.11047187  0.20990819]
 [ 0.6252543  -0.3910743   0.19084775]
 [ 0.6881136  -0.46872702  0.33524072]
 [-0.13073601  0.118526    0.12478553]
 [-0.27495927  0.2436441   0.29167372]
 [-0.23027468  0.22140658  0.41232577]
 [-0.30420944  0.24821854  0.45338273]
 [-0.19575721  0.34228048  0.22255537]
 [ 0.09939818  0.3392096   0.26166424]
 [ 0.24739054  0.14066541  0.38024932]
 [-0.3032421   0.10144708  0.2511028 ]
 [-0.21293385 -0.14310436  0.25806844]
 [-0.10869426 -0.28320917  0.3972722 ]]
[[ 0.          0.          0.02382675]
 [-0.06063103 -0.09907053  0.04761389]
 [ 0.1495322  -0.31351918  0.31026867]
 [ 0.4320209  -0.54977185  0.35685396]
 [ 0.50796044 -0.55984724  0.50108683]
 [ 0.06053638  0.098961    0.        ]
 [ 0.34720814 -0.11472121  0.21933424]
 [ 0.6383585  -0.39324793  0.20428973]
 [ 0.7005483  -0.47279626  0.3407683 ]
 [-0.12843712  0.11419493  0.1289517 ]
 [-0.27159834  0.23260748  0.29969543]
 [-0.22570372  0.20935717  0.41993257]
 [-0.3018257   0.2349925   0.46058348]
 [-0.19369161  0.33395052  0.23134774]
 [ 0.09892908  0.3212886   0.26020694]
 [ 0.24226558  0.11518872  0.37469524]
 [-0.29719442  0.09035796  0.25452715]
 [-0.20492363 -0.15347762  0.24808511]
 [-0.08860292 -0.29611808  0.38323674]]
[[ 0.          0.          0.02413992]
 [-0.05952393 -0.09971431  0.04823709]
 [ 0.1659526  -0.30049807  0.31306687]
 [ 0.46718436 -0.5300771   0.3672396 ]
 [ 0.5441499  -0.5386019   0.519485  ]
 [ 0.0594191   0.09960171  0.        ]
 [ 0.35118455 -0.11611518  0.2176623 ]
 [ 0.649429   -0.39962387  0.21801507]
 [ 0.71627605 -0.4823708   0.3578389 ]
 [-0.12109557  0.11014921  0.13889244]
 [-0.25755608  0.21824035  0.31826898]
 [-0.20770776  0.19221717  0.4348824 ]
 [-0.2873065   0.21557015  0.47841036]
 [-0.18285522  0.32198703  0.25138038]
 [ 0.11344174  0.32343775  0.27702484]
 [ 0.25664485  0.12023526  0.3873654 ]
 [-0.2827357   0.0787227   0.26961604]
 [-0.18282427 -0.16232222  0.25268167]
 [-0.05311306 -0.30525553  0.3830673 ]]
[[ 0.          0.          0.02292433]
 [-0.061133   -0.09955332  0.04580662]
 [ 0.1718078  -0.29592964  0.30745018]
 [ 0.48258543 -0.52649975  0.37497583]
 [ 0.5602921  -0.5353378   0.5346185 ]
 [ 0.0610211   0.09944049  0.        ]
 [ 0.34681302 -0.12026453  0.21262956]
 [ 0.64648235 -0.40540606  0.22653577]
 [ 0.71675986 -0.49414974  0.3755837 ]
 [-0.11338425  0.10711668  0.14617792]
 [-0.24389827  0.20504454  0.33171666]
 [-0.1933164   0.17588395  0.4478534 ]
 [-0.27300185  0.19944304  0.4912835 ]
 [-0.16954193  0.31048658  0.2658845 ]
 [ 0.12193558  0.320005    0.28695565]
 [ 0.26366875  0.11354548  0.3876227 ]
 [-0.27131552  0.06575006  0.2810018 ]
 [-0.17274798 -0.17654413  0.25498876]
 [-0.03485726 -0.32077637  0.3766399 ]]
[[ 0.          0.          0.02224316]
 [-0.06182397 -0.09884149  0.04444432]
 [ 0.17129755 -0.29621008  0.30044144]
 [ 0.49465382 -0.5193168   0.38027793]
 [ 0.57403696 -0.5295068   0.5455971 ]
 [ 0.06171242  0.09872996  0.        ]
 [ 0.33977085 -0.12570176  0.21255703]
 [ 0.6459476  -0.40044433  0.23798077]
 [ 0.71377325 -0.48873568  0.38970447]
 [-0.10973532  0.10507476  0.14994957]
 [-0.23639402  0.19702649  0.33947927]
 [-0.18462434  0.16502723  0.45735097]
 [-0.26629913  0.18968552  0.4992121 ]
 [-0.1611934   0.30528986  0.27501547]
 [ 0.13123445  0.32559094  0.29255557]
 [ 0.2700039   0.12032413  0.3934847 ]
 [-0.26477382  0.05848384  0.286573  ]
 [-0.1689609  -0.18574676  0.25732577]
 [-0.02877486 -0.3274547   0.3746429 ]]
[[ 0.          0.          0.02247144]
 [-0.06109575 -0.09863921  0.04489952]
 [ 0.17565587 -0.29329243  0.29544705]
 [ 0.5048463  -0.510596    0.38321513]
 [ 0.581074   -0.5224874   0.54536456]
 [ 0.06098224  0.09852416  0.        ]
 [ 0.33875322 -0.11141887  0.22200947]
 [ 0.6534362  -0.37704843  0.24974838]
 [ 0.7255723  -0.46213266  0.40567452]
 [-0.10650279  0.10215673  0.15246977]
 [-0.23251942  0.1890429   0.34515542]
 [-0.17999193  0.15438303  0.46463865]
 [-0.26274246  0.17764312  0.5051305 ]
 [-0.15633124  0.29812887  0.2806946 ]
 [ 0.1347548   0.3158136   0.29569173]
 [ 0.27267754  0.11109334  0.39671576]
 [-0.26012453  0.05280688  0.28911382]
 [-0.16075882 -0.1883378   0.25894392]
 [-0.02108014 -0.33864117  0.3727877 ]]
