[[ 0.          0.          0.7141042 ]
 [ 0.09808803  0.04759837  0.7370431 ]
 [-0.01202701  0.30271772  0.4682756 ]
 [-0.02283274  0.25891206  0.03287148]
 [-0.08114262  0.40143257  0.        ]
 [-0.09815152 -0.04778119  0.6910535 ]
 [-0.01897238 -0.05287421  0.3099084 ]
 [ 0.27676913 -0.36932313  0.37744978]
 [ 0.42141753 -0.3933406   0.28517064]
 [-0.02956869  0.07991187  0.93037856]
 [-0.06096572  0.17272145  1.1790471 ]
 [-0.10207251  0.2691473   1.2199725 ]
 [-0.10658747  0.2689582   1.3284044 ]
 [-0.20806937  0.11376724  1.1637005 ]
 [-0.3411245  -0.04853126  0.99488926]
 [-0.30685347  0.1690265   0.9022616 ]
 [ 0.0835145   0.18540835  1.1099074 ]
 [ 0.3017232   0.19110772  1.0607058 ]
 [ 0.36072454  0.30067822  0.8743117 ]]
[[ 0.          0.          0.73311263]
 [ 0.09967305  0.04280246  0.75182015]
 [ 0.02242699  0.27044496  0.4636205 ]
 [ 0.04321285  0.16533774  0.03984511]
 [-0.00775742  0.30799064  0.        ]
 [-0.09973281 -0.04299675  0.7142968 ]
 [-0.07420167 -0.00864571  0.33072388]
 [ 0.23001236 -0.32988092  0.44436985]
 [ 0.36459282 -0.37271586  0.36526412]
 [-0.02999865  0.07817969  0.94917166]
 [-0.06027415  0.17198932  1.1982484 ]
 [-0.10329229  0.26281166  1.246429  ]
 [-0.10702214  0.2556678   1.3551103 ]
 [-0.20919007  0.11645508  1.1838837 ]
 [-0.31653976 -0.05768666  1.0200567 ]
 [-0.28068346  0.1322326   0.9195993 ]
 [ 0.08491871  0.19230545  1.1267328 ]
 [ 0.27545434  0.25953144  1.0372237 ]
 [ 0.2914642   0.43282858  0.90434724]]
[[ 0.0000000e+00  0.0000000e+00  7.3609602e-01]
 [ 1.0234923e-01  3.8688675e-02  7.4991113e-01]
 [ 6.2108263e-02  1.9718517e-01  4.4093084e-01]
 [ 1.1334773e-01 -1.1344552e-03  5.5635452e-02]
 [ 7.7416435e-02  1.3098973e-01  0.0000000e+00]
 [-1.0241504e-01 -3.8884830e-02  7.2219759e-01]
 [-1.3691321e-01  8.0032587e-02  3.7178135e-01]
 [ 1.5850925e-01 -2.4870694e-01  4.9007842e-01]
 [ 2.6126128e-01 -2.7328804e-01  4.1998738e-01]
 [-3.0967779e-02  7.9723611e-02  9.5342815e-01]
 [-6.1360449e-02  1.7034730e-01  1.2045467e+00]
 [-1.0115263e-01  2.6247573e-01  1.2614913e+00]
 [-1.0933842e-01  2.4556500e-01  1.3715091e+00]
 [-2.1205992e-01  1.1522558e-01  1.1914809e+00]
 [-2.7863431e-01 -7.4991494e-02  1.0415260e+00]
 [-2.5545642e-01 -2.4042234e-02  9.4824159e-01]
 [ 8.5442312e-02  1.9849646e-01  1.1280415e+00]
 [ 2.0895652e-01  3.4045473e-01  9.6979892e-01]
 [ 1.6906035e-01  5.4039693e-01  9.5038539e-01]]
[[ 0.          0.          0.7408198 ]
 [ 0.09813049  0.04238495  0.7540024 ]
 [ 0.1258238   0.15720366  0.41183296]
 [ 0.21981327 -0.06403518  0.08249384]
 [ 0.20898041  0.06113619  0.        ]
 [-0.09821782 -0.04261382  0.72757536]
 [-0.17128462  0.1653765   0.4337558 ]
 [ 0.05410047 -0.15545303  0.40302527]
 [ 0.10060939 -0.142661    0.32104558]
 [-0.03083239  0.08453204  0.9583678 ]
 [-0.06552848  0.17949033  1.2069275 ]
 [-0.10110745  0.2706447   1.2598433 ]
 [-0.10551032  0.24629116  1.3748696 ]
 [-0.20727876  0.11826265  1.1986365 ]
 [-0.21498373 -0.08511835  1.0995325 ]
 [-0.19283447 -0.09360689  0.97788084]
 [ 0.07879788  0.21972838  1.130163  ]
 [ 0.13496429  0.40479863  0.9434956 ]
 [ 0.05650863  0.58460367  1.03055   ]]
[[ 0.          0.          0.683616  ]
 [ 0.09601326  0.04934338  0.68931574]
 [ 0.16956386  0.06093362  0.32048464]
 [ 0.3174132  -0.19625163  0.11149979]
 [ 0.3365296  -0.11494464  0.        ]
 [-0.09609853 -0.04955766  0.6778701 ]
 [-0.18829061  0.20509684  0.45250988]
 [-0.08857606 -0.01474881  0.15737319]
 [-0.12681918  0.07695061  0.04161435]
 [-0.0389962   0.06283684  0.9058338 ]
 [-0.08563666  0.13933405  1.1570299 ]
 [-0.13342074  0.22459134  1.2082999 ]
 [-0.12948447  0.19596261  1.3290842 ]
 [-0.2148087   0.06650797  1.1609861 ]
 [-0.18373255 -0.12706551  1.132261  ]
 [-0.13123669 -0.10859239  1.0006161 ]
 [ 0.04992465  0.1931873   1.0808132 ]
 [ 0.03927746  0.39005297  0.8842457 ]
 [-0.07239038  0.4901339   1.0162649 ]]
[[ 0.          0.          0.6664461 ]
 [ 0.0935769   0.05508845  0.66784537]
 [ 0.13942905  0.00786591  0.2629538 ]
 [ 0.29195833 -0.32339865  0.18087882]
 [ 0.331661   -0.295192    0.06537437]
 [-0.09365498 -0.05528063  0.66501373]
 [-0.196718    0.2156986   0.4265498 ]
 [-0.13944012  0.1604769   0.05545932]
 [-0.19687733  0.28862134  0.        ]
 [-0.04788852  0.05943     0.8869137 ]
 [-0.10868412  0.12942839  1.1386719 ]
 [-0.16685778  0.21068537  1.1944292 ]
 [-0.15556705  0.180798    1.3170698 ]
 [-0.2233789   0.0455882   1.1317909 ]
 [-0.18257202 -0.16772316  1.0375949 ]
 [-0.16966903 -0.17237115  0.8749672 ]
 [ 0.02397639  0.18688035  1.0618836 ]
 [ 0.0177156   0.36673942  0.8419786 ]
 [-0.132806    0.4163831   0.9199425 ]]
[[ 0.          0.          0.68419397]
 [ 0.09101267  0.0474904   0.68063676]
 [ 0.07945735  0.02380088  0.25693482]
 [ 0.19375116 -0.42394385  0.3034142 ]
 [ 0.25197417 -0.45736533  0.23152709]
 [-0.09107893 -0.04767098  0.6877074 ]
 [-0.15355533  0.2570337   0.44343582]
 [-0.08324429  0.26685092  0.04652464]
 [-0.14016873  0.41004774  0.        ]
 [-0.05198532  0.0579133   0.9012364 ]
 [-0.11760893  0.11621743  1.1540833 ]
 [-0.17396927  0.19654626  1.2149962 ]
 [-0.16301921  0.16481608  1.3330294 ]
 [-0.2201831   0.0402756   1.1303613 ]
 [-0.21122609 -0.13260114  0.9907368 ]
 [-0.21124136 -0.14086907  0.8574929 ]
 [ 0.01903921  0.16351318  1.0817919 ]
 [ 0.05852671  0.31487015  0.8588687 ]
 [-0.0584335   0.40962395  0.8330729 ]]
[[ 0.          0.          0.7181138 ]
 [ 0.0937996   0.05073429  0.7141967 ]
 [ 0.02612897  0.09787115  0.30932295]
 [ 0.14184439 -0.37371472  0.4039837 ]
 [ 0.20338005 -0.42423972  0.34464294]
 [-0.09385991 -0.05092636  0.72198236]
 [-0.12954429  0.22680162  0.46112144]
 [-0.03977235  0.1731978   0.05876207]
 [-0.10077041  0.32360283  0.        ]
 [-0.05196555  0.05797514  0.93370754]
 [-0.11831388  0.10781997  1.188793  ]
 [-0.17092891  0.18384573  1.2513361 ]
 [-0.15520689  0.15184534  1.3664477 ]
 [-0.22183287  0.03737861  1.1593052 ]
 [-0.2336753  -0.09781928  0.98809814]
 [-0.25554445 -0.0769148   0.8842339 ]
 [ 0.0249294   0.14717019  1.1158006 ]
 [ 0.10675833  0.26872593  0.90519273]
 [ 0.06230096  0.38836563  0.82028955]]
[[ 0.          0.          0.7138804 ]
 [ 0.08867532  0.05028716  0.7136251 ]
 [-0.02712081  0.16811246  0.37443152]
 [ 0.09145442 -0.27669057  0.40543267]
 [ 0.14675927 -0.3066789   0.30608374]
 [-0.0887462  -0.05052043  0.7140564 ]
 [-0.09989506  0.15072736  0.43608832]
 [ 0.03268737  0.08243752  0.08166367]
 [-0.01210354  0.23199546  0.        ]
 [-0.05412035  0.05035469  0.93258685]
 [-0.1217615   0.08989537  1.1876762 ]
 [-0.1763258   0.16013521  1.2503061 ]
 [-0.15622967  0.13151997  1.3693087 ]
 [-0.22599113  0.0305191   1.1606469 ]
 [-0.27411145 -0.04396194  0.98229635]
 [-0.2567283   0.02603306  0.93520707]
 [ 0.02046775  0.12268576  1.1161175 ]
 [ 0.15401125  0.20299952  0.9472085 ]
 [ 0.15162496  0.355899    0.83793306]]
[[ 0.          0.          0.6902442 ]
 [ 0.08909283  0.05675858  0.7019299 ]
 [-0.11155987  0.18119681  0.46388173]
 [-0.0102317  -0.17686039  0.24830896]
 [-0.02260087 -0.13013041  0.11658829]
 [-0.08914101 -0.05701641  0.6784381 ]
 [-0.02666013  0.03493622  0.3294441 ]
 [ 0.15065777 -0.03743649  0.09629613]
 [ 0.13877994  0.08554107  0.        ]
 [-0.05023784  0.05153345  0.91207594]
 [-0.10973591  0.10008818  1.169605  ]
 [-0.16265926  0.17547041  1.2291405 ]
 [-0.13421541  0.15684777  1.3475559 ]
 [-0.2361971   0.03742698  1.14926   ]
 [-0.36278188 -0.04139641  0.92749244]
 [-0.29223344  0.15055633  0.9991096 ]
 [ 0.03566043  0.12257496  1.1021994 ]
 [ 0.23791414  0.11711359  1.0231867 ]
 [ 0.29435408  0.18669467  0.8322553 ]]
[[ 0.          0.          0.652843  ]
 [ 0.09432791  0.05759276  0.669279  ]
 [-0.11207455  0.18807311  0.4447117 ]
 [-0.08740239 -0.04380572  0.05832899]
 [-0.13858414  0.04143429  0.        ]
 [-0.09437612 -0.05783972  0.63626736]
 [ 0.02264872  0.00499472  0.27778363]
 [ 0.24599662 -0.08280852  0.14814025]
 [ 0.28510708  0.00991017  0.02863657]
 [-0.04063177  0.0558669   0.877407  ]
 [-0.08494785  0.11129251  1.1360269 ]
 [-0.13609499  0.19979948  1.1972756 ]
 [-0.10942215  0.18325084  1.3155675 ]
 [-0.22743343  0.0532909   1.1211874 ]
 [-0.3823067  -0.0330774   0.9124254 ]
 [-0.28593707  0.19307369  0.96518385]
 [ 0.06041782  0.12829989  1.0719118 ]
 [ 0.26409358  0.08841926  1.0229731 ]
 [ 0.33145273  0.14665794  0.8187053 ]]
[[ 0.          0.          0.68695027]
 [ 0.09319936  0.05530767  0.70380473]
 [-0.08340664  0.22531147  0.4560383 ]
 [-0.09398305  0.07574898  0.04236764]
 [-0.15317267  0.180385    0.        ]
 [-0.09326056 -0.05553602  0.6699486 ]
 [ 0.00877787 -0.04618436  0.28519124]
 [ 0.2735787  -0.24322528  0.24341702]
 [ 0.3510465  -0.19525075  0.13473445]
 [-0.03384971  0.0577901   0.91160166]
 [-0.06682256  0.11835682  1.1692793 ]
 [-0.11768746  0.20529729  1.2367688 ]
 [-0.09342666  0.18523633  1.3503199 ]
 [-0.21538264  0.06211829  1.1539388 ]
 [-0.3721531  -0.04147285  0.95043075]
 [-0.29700595  0.19103244  0.95297754]
 [ 0.07914321  0.14059699  1.1032208 ]
 [ 0.29807144  0.13864326  1.0423139 ]
 [ 0.35954922  0.22625166  0.83862805]]
[[ 0.          0.          0.7220837 ]
 [ 0.09271732  0.05276239  0.7386803 ]
 [-0.04568292  0.23144068  0.47030443]
 [-0.03734989  0.10422415  0.04515374]
 [-0.09705788  0.22806197  0.        ]
 [-0.09277628 -0.05299269  0.70535344]
 [-0.05006442 -0.04586434  0.30933517]
 [ 0.23552215 -0.33426386  0.3686049 ]
 [ 0.34193555 -0.33795553  0.27851114]
 [-0.02746072  0.06127328  0.9435307 ]
 [-0.05320895  0.12887728  1.2001204 ]
 [-0.09999017  0.20917213  1.274132  ]
 [-0.07640076  0.18517303  1.3845799 ]
 [-0.2045978   0.07217199  1.1852111 ]
 [-0.33863652 -0.06523007  0.995808  ]
 [-0.2903991   0.15746546  0.9205002 ]
 [ 0.09050792  0.15990275  1.12642   ]
 [ 0.2926689   0.20598659  1.0200038 ]
 [ 0.31428027  0.34872788  0.8486954 ]]
[[ 0.          0.          0.7544224 ]
 [ 0.09490292  0.04890703  0.77086097]
 [-0.00561345  0.20762862  0.47854143]
 [ 0.03402048  0.05068129  0.05688745]
 [-0.02204639  0.17896974  0.        ]
 [-0.09495392 -0.04912947  0.73786044]
 [-0.11170902  0.01241124  0.3524748 ]
 [ 0.17144713 -0.3140301   0.4645058 ]
 [ 0.27672026 -0.34130722  0.3814238 ]
 [-0.02568565  0.06219907  0.9729263 ]
 [-0.0483791   0.13478982  1.2285204 ]
 [-0.0932875   0.21316034  1.3051125 ]
 [-0.0694312   0.18334132  1.4153181 ]
 [-0.20011386  0.07613754  1.2164301 ]
 [-0.31294912 -0.07534894  1.0336467 ]
 [-0.27613017  0.07955277  0.9208144 ]
 [ 0.09243304  0.17145339  1.1477734 ]
 [ 0.26381803  0.26292285  0.99490774]
 [ 0.22764505  0.4575059   0.89817774]]
[[ 0.          0.          0.7659223 ]
 [ 0.09908763  0.05365435  0.7810172 ]
 [ 0.04385255  0.16631979  0.45261732]
 [ 0.10725215 -0.0330978   0.0632444 ]
 [ 0.05276561  0.08979088  0.        ]
 [-0.09915534 -0.05388599  0.75072515]
 [-0.18186383  0.08998451  0.401654  ]
 [ 0.11499056 -0.2319602   0.48826596]
 [ 0.18992329 -0.2363475   0.38446492]
 [-0.02537759  0.06176391  0.9878403 ]
 [-0.04788351  0.13029811  1.2449033 ]
 [-0.08774991  0.20607477  1.3236831 ]
 [-0.06655107  0.17457736  1.4363997 ]
 [-0.19936725  0.06777737  1.2306159 ]
 [-0.2821355  -0.1120683   1.0833372 ]
 [-0.24439518 -0.04096179  0.9628272 ]
 [ 0.09251841  0.17364085  1.1637928 ]
 [ 0.19557014  0.302356    0.9739595 ]
 [ 0.12616009  0.49805042  0.9552706 ]]
[[ 0.          0.          0.7515769 ]
 [ 0.09446561  0.05747951  0.76161456]
 [ 0.11500499  0.07741573  0.3881838 ]
 [ 0.24745342 -0.1593064   0.0897392 ]
 [ 0.23263478 -0.05244577  0.        ]
 [-0.09454072 -0.0577509   0.74146396]
 [-0.232728    0.17342758  0.46917093]
 [-0.02732628 -0.12487882  0.34449282]
 [-0.02621776 -0.072142    0.21203196]
 [-0.02910447  0.05645996  0.97561103]
 [-0.05819549  0.12351942  1.2328554 ]
 [-0.10165206  0.19943911  1.3030535 ]
 [-0.07816093  0.16320932  1.4217242 ]
 [-0.19540644  0.04957449  1.2293271 ]
 [-0.18599921 -0.1539753   1.1139729 ]
 [-0.14752041 -0.14175037  0.9875157 ]
 [ 0.07624394  0.18400097  1.1499043 ]
 [ 0.08946604  0.3643452   0.9482    ]
 [-0.01694329  0.4905835   1.0430574 ]]
[[ 0.          0.          0.71235883]
 [ 0.08982494  0.05974507  0.7142191 ]
 [ 0.148741    0.00441784  0.3228378 ]
 [ 0.31733462 -0.26335     0.12067646]
 [ 0.3295234  -0.19677126  0.        ]
 [-0.08990223 -0.05999326  0.71044666]
 [-0.217561    0.18358913  0.46909827]
 [-0.12960048  0.00676173  0.15065438]
 [-0.19095112  0.11461604  0.04695809]
 [-0.02878266  0.04480687  0.93978876]
 [-0.06267662  0.10141459  1.1977855 ]
 [-0.11312501  0.17834169  1.2599907 ]
 [-0.08663724  0.14173526  1.3828703 ]
 [-0.18479282  0.0164656   1.2030978 ]
 [-0.14632723 -0.20322078  1.1408089 ]
 [-0.111486   -0.19991273  0.9908988 ]
 [ 0.06061461  0.17226747  1.1135848 ]
 [ 0.039465    0.3552885   0.9058237 ]
 [-0.0710718   0.44908893  1.0296806 ]]
[[ 0.          0.          0.67252076]
 [ 0.09054957  0.05710956  0.67017615]
 [ 0.11770432 -0.01709715  0.24812627]
 [ 0.280775   -0.4102708   0.18587035]
 [ 0.31849504 -0.40024465  0.07826656]
 [-0.09061483 -0.0573168   0.6748237 ]
 [-0.19775233  0.22002107  0.42222404]
 [-0.16443539  0.20200199  0.04416168]
 [-0.23836404  0.34551185  0.        ]
 [-0.03725374  0.04482087  0.8987435 ]
 [-0.0848754   0.09667295  1.1562915 ]
 [-0.13942832  0.16760981  1.2255414 ]
 [-0.10694662  0.1265766   1.3442056 ]
 [-0.1938481   0.0156883   1.1484983 ]
 [-0.14651048 -0.17694914  1.0161988 ]
 [-0.14153156 -0.18181473  0.85292345]
 [ 0.03787781  0.1600112   1.0753005 ]
 [ 0.03129628  0.3208949   0.84858215]
 [-0.09920463  0.3876925   0.90005827]]
[[ 0.          0.          0.6937369 ]
 [ 0.08995993  0.05229433  0.6865034 ]
 [ 0.05307377  0.00790834  0.26020825]
 [ 0.1899625  -0.45046753  0.2931819 ]
 [ 0.2411176  -0.4881782   0.2195929 ]
 [-0.09002417 -0.05250455  0.70092624]
 [-0.16020548  0.2413935   0.4316908 ]
 [-0.10480499  0.22791481  0.03842515]
 [-0.17103615  0.37485498  0.        ]
 [-0.04483213  0.04449913  0.91717744]
 [-0.09961928  0.08934999  1.1750103 ]
 [-0.15029071  0.15848726  1.2481377 ]
 [-0.1176891   0.11826551  1.3645248 ]
 [-0.19850603  0.01134482  1.1548781 ]
 [-0.1724155  -0.15577874  0.9815099 ]
 [-0.1865197  -0.17506051  0.8346278 ]
 [ 0.02860757  0.14685196  1.0934103 ]
 [ 0.0713791   0.28636193  0.868837  ]
 [-0.02699421  0.40553933  0.8334391 ]]
[[ 0.          0.          0.7219943 ]
 [ 0.08844059  0.05347326  0.715044  ]
 [-0.0055936   0.08329308  0.31285205]
 [ 0.13262334 -0.39177716  0.397991  ]
 [ 0.17160195 -0.44373685  0.31724322]
 [-0.08849356 -0.0536899   0.72888595]
 [-0.11954057  0.20909546  0.44235936]
 [-0.03354964  0.16190243  0.04813766]
 [-0.0953875   0.30070782  0.        ]
 [-0.04634847  0.04755473  0.9416565 ]
 [-0.10281444  0.08950847  1.1995015 ]
 [-0.15049465  0.15668052  1.2745358 ]
 [-0.11551806  0.11600202  1.3905379 ]
 [-0.20079657  0.01891011  1.1756229 ]
 [-0.20714235 -0.11027877  0.9936613 ]
 [-0.23084769 -0.07704137  0.88250744]
 [ 0.03286803  0.13558936  1.1176026 ]
 [ 0.11702538  0.2411617   0.90444577]
 [ 0.08652314  0.3589443   0.79622746]]
[[ 0.          0.          0.723767  ]
 [ 0.08377896  0.05317879  0.72149557]
 [-0.06280071  0.13640158  0.3822213 ]
 [ 0.09617068 -0.31303057  0.37940145]
 [ 0.12913755 -0.33503383  0.264044  ]
 [-0.08385104 -0.05343128  0.725953  ]
 [-0.09672169  0.11960441  0.40632436]
 [ 0.03181371  0.06648135  0.06286466]
 [-0.02780394  0.19157326  0.        ]
 [-0.04499209  0.04448082  0.9453328 ]
 [-0.09942344  0.08349311  1.2039005 ]
 [-0.15316337  0.14300108  1.278224  ]
 [-0.11352763  0.10665667  1.395635  ]
 [-0.20218906  0.02095613  1.181864  ]
 [-0.25725088 -0.07458112  0.99944055]
 [-0.24360853 -0.00896971  0.92918146]
 [ 0.03274362  0.12168932  1.124332  ]
 [ 0.16704379  0.17686215  0.95344055]
 [ 0.18500665  0.33145908  0.83131915]]
[[ 0.          0.          0.6577741 ]
 [ 0.08725689  0.0652643   0.6694855 ]
 [-0.13741374  0.19029474  0.43568167]
 [-0.04450712 -0.11432976  0.14423752]
 [-0.08312789 -0.04973644  0.03457105]
 [-0.08731537 -0.06554686  0.6459368 ]
 [-0.00564965  0.00167897  0.2805199 ]
 [ 0.19602385 -0.09734547  0.10481828]
 [ 0.19855863  0.01732296  0.        ]
 [-0.04140941  0.0436925   0.8813219 ]
 [-0.08588949  0.08802825  1.1410202 ]
 [-0.13793865  0.15780813  1.215052  ]
 [-0.09354013  0.12740475  1.3321164 ]
 [-0.21805361  0.02310857  1.126262  ]
 [-0.35835713 -0.05661163  0.9067618 ]
 [-0.27653068  0.15459365  0.96919847]
 [ 0.05678018  0.1176796   1.0683668 ]
 [ 0.2671364   0.11167148  0.98556465]
 [ 0.32104987  0.17593873  0.7823543 ]]
[[ 0.          0.          0.67579263]
 [ 0.0893281   0.06000919  0.69039804]
 [-0.10992976  0.22757828  0.47053707]
 [-0.0868476   0.06281269  0.05986321]
 [-0.15921676  0.16670483  0.        ]
 [-0.08939881 -0.06027681  0.661047  ]
 [ 0.01966873 -0.0524947   0.28519833]
 [ 0.26447138 -0.23864064  0.20719361]
 [ 0.326784   -0.17386031  0.10617948]
 [-0.03215747  0.04786979  0.90165615]
 [-0.06189286  0.09432167  1.161406  ]
 [-0.11137068  0.17113417  1.2389076 ]
 [-0.07619752  0.13825178  1.3548324 ]
 [-0.20637618  0.03283119  1.1480408 ]
 [-0.37058342 -0.06591846  0.94661856]
 [-0.28419584  0.17606047  0.9762491 ]
 [ 0.08138169  0.12815115  1.0917274 ]
 [ 0.3004219   0.13824561  1.0204315 ]
 [ 0.35663936  0.22411314  0.81976736]]
[[ 0.          0.          0.6943133 ]
 [ 0.08844888  0.05122253  0.70944333]
 [-0.07382195  0.24771251  0.460483  ]
 [-0.08462343  0.14055252  0.03746831]
 [-0.15502214  0.25315672  0.        ]
 [-0.08851394 -0.05146244  0.67904127]
 [-0.0194253  -0.0598959   0.29109025]
 [ 0.25975293 -0.33525997  0.30351785]
 [ 0.35499763 -0.31817305  0.2299093 ]
 [-0.02778758  0.04656991  0.9179067 ]
 [-0.05088633  0.09541965  1.1769338 ]
 [-0.09869036  0.1709801   1.2597017 ]
 [-0.06506266  0.13553911  1.3712451 ]
 [-0.19617051  0.0382373   1.1603987 ]
 [-0.35277665 -0.08200225  0.9659875 ]
 [-0.2978348   0.15421404  0.93981636]
 [ 0.08791411  0.13195741  1.1023313 ]
 [ 0.29950938  0.1552504   0.9960733 ]
 [ 0.33132517  0.2678128   0.80464643]]
[[ 0.          0.          0.7205841 ]
 [ 0.0903194   0.04601479  0.7360582 ]
 [-0.04040173  0.23472887  0.46811858]
 [-0.03318115  0.12950039  0.03879273]
 [-0.0955821   0.25297058  0.        ]
 [-0.09037671 -0.04624823  0.70498484]
 [-0.06121022 -0.0391511   0.31699857]
 [ 0.21573508 -0.36861145  0.39676413]
 [ 0.32303554 -0.3813323   0.34539422]
 [-0.02384085  0.05089636  0.94207054]
 [-0.04493113  0.10892472  1.1997449 ]
 [-0.09294915  0.181184    1.2851307 ]
 [-0.06038362  0.14532554  1.394785  ]
 [-0.1914728   0.05037653  1.1833228 ]
 [-0.32248265 -0.09555481  1.0089784 ]
 [-0.3035491   0.12744904  0.9180416 ]
 [ 0.09213027  0.1485824   1.122478  ]
 [ 0.28821117  0.21599838  0.9847403 ]
 [ 0.2841204   0.37539488  0.82722473]]
[[ 0.          0.          0.7450838 ]
 [ 0.09270369  0.04568856  0.75955456]
 [-0.01335067  0.21167153  0.47135735]
 [ 0.0142621   0.05312198  0.05257535]
 [-0.04270726  0.17556995  0.        ]
 [-0.09276496 -0.04592318  0.73049265]
 [-0.1129751   0.00464556  0.35928622]
 [ 0.16877124 -0.33309802  0.45727473]
 [ 0.26770148 -0.3545665   0.3985699 ]
 [-0.02407944  0.04913342  0.966431  ]
 [-0.04194485  0.10595328  1.2251213 ]
 [-0.09190863  0.1753394   1.3104448 ]
 [-0.05794601  0.13892925  1.4220116 ]
 [-0.19174977  0.04710996  1.2093302 ]
 [-0.31044215 -0.10629326  1.0478975 ]
 [-0.2728863   0.05931234  0.94816494]
 [ 0.09583987  0.1488955   1.1438062 ]
 [ 0.25512278  0.2585916   0.98114985]
 [ 0.21346232  0.44120055  0.8804751 ]]
[[ 0.          0.          0.7571605 ]
 [ 0.0943552   0.05461927  0.7703658 ]
 [ 0.07022426  0.12344767  0.43297392]
 [ 0.16766778 -0.09907681  0.07565045]
 [ 0.13962851  0.01700437  0.        ]
 [-0.09444413 -0.05488812  0.7438662 ]
 [-0.19696255  0.13032505  0.43575534]
 [ 0.03791496 -0.19895747  0.42554104]
 [ 0.05510437 -0.17254141  0.32107323]
 [-0.02494769  0.0484331   0.98032176]
 [-0.04615571  0.10005942  1.240902  ]
 [-0.09335083  0.16731703  1.3221009 ]
 [-0.0592794   0.12702578  1.4403254 ]
 [-0.1896744   0.03441128  1.2316105 ]
 [-0.222902   -0.16820535  1.1385528 ]
 [-0.19394913 -0.13992132  0.996351  ]
 [ 0.08652756  0.15812442  1.156225  ]
 [ 0.13663802  0.331407    0.96407676]
 [ 0.05761251  0.5024495   0.9994429 ]]
[[ 0.          0.          0.72181106]
 [ 0.09152672  0.05912118  0.72901964]
 [ 0.12445056  0.04293859  0.35263228]
 [ 0.28881192 -0.19082874  0.10332686]
 [ 0.28909498 -0.09609705  0.        ]
 [-0.091618   -0.05939611  0.71454716]
 [-0.22182482  0.16788247  0.4650077 ]
 [-0.04162085 -0.11402273  0.25165546]
 [-0.06383148 -0.04146826  0.12270439]
 [-0.02067572  0.05354685  0.94563794]
 [-0.04577966  0.10758275  1.2058309 ]
 [-0.10213166  0.17446548  1.283042  ]
 [-0.06419256  0.1325286   1.4032254 ]
 [-0.17535692  0.02936012  1.2044382 ]
 [-0.12594205 -0.18625858  1.1449115 ]
 [-0.10221609 -0.1803534   0.98062706]
 [ 0.07788032  0.17623723  1.1223532 ]
 [ 0.05560267  0.37134093  0.9305291 ]
 [-0.0391373   0.48253986  1.0592368 ]]
[[ 0.          0.          0.66416514]
 [ 0.08974537  0.05836944  0.6679046 ]
 [ 0.1357668  -0.01215732  0.26490206]
 [ 0.32183367 -0.31501275  0.12308496]
 [ 0.36004788 -0.26597357  0.        ]
 [-0.08982617 -0.05862179  0.660397  ]
 [-0.21248499  0.19118911  0.41585174]
 [-0.13233815  0.06599975  0.07116085]
 [-0.19937237  0.19089645  0.00730264]
 [-0.02704696  0.03831053  0.8898813 ]
 [-0.06264765  0.0806073   1.1503353 ]
 [-0.1278277   0.145926    1.2272024 ]
 [-0.08775428  0.10257572  1.3470423 ]
 [-0.18062794 -0.00579807  1.146551  ]
 [-0.1475648  -0.20306517  1.0197368 ]
 [-0.13097225 -0.20826209  0.84036034]
 [ 0.05150264  0.15383524  1.0650675 ]
 [ 0.01376161  0.33817184  0.85716814]
 [-0.09874102  0.38403505  0.9710637 ]]
[[ 0.          0.          0.6671407 ]
 [ 0.08451153  0.05133915  0.66457224]
 [ 0.09440729 -0.01042956  0.24284577]
 [ 0.25665808 -0.42994985  0.2470777 ]
 [ 0.31596607 -0.45307994  0.16369593]
 [-0.08459471 -0.05154679  0.6696843 ]
 [-0.17689303  0.22497192  0.4142481 ]
 [-0.1327231   0.22136581  0.02972627]
 [-0.20537353  0.3574723   0.        ]
 [-0.03177111  0.0403164   0.8886936 ]
 [-0.07757005  0.07472903  1.1481164 ]
 [-0.1519553   0.1318649   1.2311954 ]
 [-0.11012852  0.08814335  1.345227  ]
 [-0.1714985  -0.01079175  1.1238152 ]
 [-0.1454311  -0.18254615  0.9459712 ]
 [-0.16357166 -0.21362025  0.79631937]
 [ 0.03239468  0.14529014  1.069193  ]
 [ 0.02820729  0.30737674  0.8459232 ]
 [-0.09013849  0.3822304   0.86436176]]
[[ 0.          0.          0.6918466 ]
 [ 0.08284909  0.05657677  0.68688357]
 [ 0.03780391  0.04113266  0.26988798]
 [ 0.19359773 -0.41184363  0.35378522]
 [ 0.25495642 -0.47015643  0.29704648]
 [-0.08292438 -0.05679195  0.696777  ]
 [-0.14378557  0.21390799  0.43133903]
 [-0.07230026  0.18206647  0.04017168]
 [-0.1482642   0.3213589   0.        ]
 [-0.03691877  0.03737763  0.91211337]
 [-0.08896074  0.06702077  1.1721293 ]
 [-0.1548965   0.12721962  1.254997  ]
 [-0.11421183  0.08254689  1.3668938 ]
 [-0.17605254 -0.0194467   1.1388412 ]
 [-0.16285667 -0.17375574  0.94425213]
 [-0.21156308 -0.17369539  0.83278424]
 [ 0.02985674  0.13393953  1.0962309 ]
 [ 0.07144693  0.27176985  0.88039553]
 [-0.01708567  0.35488412  0.8160007 ]]
[[ 0.          0.          0.7050712 ]
 [ 0.08094738  0.06061679  0.70135134]
 [-0.01477937  0.10836148  0.31975362]
 [ 0.15813226 -0.3510146   0.4069747 ]
 [ 0.21275681 -0.40735698  0.32206866]
 [-0.08101678 -0.06083394  0.708738  ]
 [-0.11862248  0.16430013  0.420547  ]
 [ 0.00546254  0.10822713  0.05483913]
 [-0.06765831  0.24210775  0.        ]
 [-0.03650177  0.04459989  0.92333657]
 [-0.088435    0.07772821  1.1834708 ]
 [-0.1518758   0.13718557  1.2645228 ]
 [-0.11150554  0.09405339  1.377482  ]
 [-0.17861396 -0.00480062  1.1525941 ]
 [-0.19340557 -0.13994431  0.9596219 ]
 [-0.22416635 -0.11208755  0.8651245 ]
 [ 0.03374856  0.13381782  1.10356   ]
 [ 0.11248372  0.223299    0.90159893]
 [ 0.08179627  0.34706515  0.8095956 ]]
[[ 0.          0.          0.7045917 ]
 [ 0.07984069  0.05787636  0.7108477 ]
 [-0.09275234  0.14341643  0.40695134]
 [ 0.08730829 -0.2759331   0.34065396]
 [ 0.11225787 -0.28312314  0.2133905 ]
 [-0.07990836 -0.05815091  0.69823605]
 [-0.07368971  0.05915177  0.37406018]
 [ 0.07956417  0.00530601  0.07960087]
 [ 0.03725293  0.124461    0.        ]
 [-0.03703112  0.03824325  0.9254433 ]
 [-0.08764213  0.06992173  1.1863959 ]
 [-0.15407637  0.12605739  1.2634175 ]
 [-0.10713047  0.08968425  1.3788543 ]
 [-0.18877174 -0.00299054  1.1587521 ]
 [-0.27624473 -0.11410899  0.93864536]
 [-0.2712853  -0.00625372  0.9333917 ]
 [ 0.03924368  0.11571825  1.1129886 ]
 [ 0.19356437  0.16996656  0.9722703 ]
 [ 0.19635673  0.3161354   0.81659144]]
[[ 0.          0.          0.6264858 ]
 [ 0.08594791  0.06587486  0.64091927]
 [-0.13692561  0.22957471  0.4267216 ]
 [-0.06407063 -0.01836199  0.0873698 ]
 [-0.11909629  0.06494623  0.        ]
 [-0.08601312 -0.06616149  0.61191475]
 [ 0.02093098 -0.05633318  0.24860662]
 [ 0.2595941  -0.1890943   0.12718159]
 [ 0.29809693 -0.10109508  0.02895635]
 [-0.03356174  0.03672796  0.8504503 ]
 [-0.07148294  0.06939894  1.1115239 ]
 [-0.13454416  0.13761497  1.1882818 ]
 [-0.08978334  0.1052106   1.3036537 ]
 [-0.203493   -0.00441486  1.0918403 ]
 [-0.35668933 -0.10354003  0.8907218 ]
 [-0.2918916   0.12886724  0.93540585]
 [ 0.06896977  0.11256808  1.0439078 ]
 [ 0.28811473  0.12453738  0.9730445 ]
 [ 0.3274585   0.21792266  0.77869314]]
[[ 0.          0.          0.6591606 ]
 [ 0.08337741  0.04914588  0.67419505]
 [-0.10405296  0.24532816  0.44930586]
 [-0.11148223  0.12079668  0.04240406]
 [-0.19253924  0.22619575  0.        ]
 [-0.08344509 -0.04939332  0.6439811 ]
 [ 0.01607657 -0.0848459   0.26435512]
 [ 0.28382665 -0.32073128  0.2502213 ]
 [ 0.3843559  -0.28642762  0.17533317]
 [-0.02932894  0.03797877  0.88289475]
 [-0.05728553  0.07237154  1.143172  ]
 [-0.11644262  0.1431588   1.2248108 ]
 [-0.07807775  0.10531437  1.3344533 ]
 [-0.19658801  0.01427728  1.1242123 ]
 [-0.35089415 -0.09949467  0.9411169 ]
 [-0.2961011   0.13420671  0.92871803]
 [ 0.07838389  0.10772416  1.0749671 ]
 [ 0.29210195  0.11231658  0.998344  ]
 [ 0.3201574   0.22412118  0.8057741 ]]
[[ 0.          0.          0.69119436]
 [ 0.08535562  0.04561248  0.7074753 ]
 [-0.06957498  0.22598365  0.45123392]
 [-0.08005793  0.10537189  0.03817254]
 [-0.15754843  0.220085    0.        ]
 [-0.08541331 -0.04584955  0.67477673]
 [-0.03455925 -0.04815704  0.28661364]
 [ 0.24758905 -0.3405671   0.3545202 ]
 [ 0.37174314 -0.33743197  0.29676795]
 [-0.02731301  0.03885758  0.91459554]
 [-0.05219714  0.08258641  1.1748474 ]
 [-0.10986556  0.1511463   1.2610002 ]
 [-0.07678941  0.11325592  1.3663926 ]
 [-0.19677612  0.02619749  1.1551151 ]
 [-0.32072043 -0.1034278   0.98456067]
 [-0.28302467  0.12021007  0.9131806 ]
 [ 0.08265544  0.12186009  1.1010011 ]
 [ 0.27527094  0.17437017  0.9890168 ]
 [ 0.2750793   0.32451707  0.8273249 ]]
[[ 0.          0.          0.7106984 ]
 [ 0.08988364  0.04769198  0.72757167]
 [-0.04391497  0.22445548  0.45835108]
 [-0.0287407   0.08600658  0.04426813]
 [-0.10668203  0.20551169  0.        ]
 [-0.08993775 -0.04792681  0.6936985 ]
 [-0.08717059 -0.01232582  0.3152129 ]
 [ 0.20918536 -0.31543     0.41338325]
 [ 0.33802083 -0.32908744  0.3688863 ]
 [-0.02625506  0.03895628  0.93341225]
 [-0.04993612  0.08399469  1.1938252 ]
 [-0.10734177  0.14730072  1.2861316 ]
 [-0.07255681  0.1088267   1.389976  ]
 [-0.19590852  0.02324945  1.1742898 ]
 [-0.30265003 -0.12612551  0.99847597]
 [-0.27591577  0.07240693  0.9062471 ]
 [ 0.08686005  0.13139734  1.1174767 ]
 [ 0.25637087  0.23229516  0.9780959 ]
 [ 0.21050154  0.4133961   0.8635838 ]]
[[ 0.          0.          0.7281518 ]
 [ 0.09060029  0.05570411  0.7442726 ]
 [-0.00493661  0.19765665  0.4404643 ]
 [ 0.03590645  0.00422341  0.05882859]
 [-0.03109147  0.11927038  0.        ]
 [-0.09066953 -0.05596126  0.7119183 ]
 [-0.15102085  0.02229658  0.35986668]
 [ 0.1620535  -0.3067315   0.44341123]
 [ 0.26246035 -0.30620474  0.36994857]
 [-0.02560313  0.03811634  0.9521197 ]
 [-0.04758617  0.0812875   1.2132382 ]
 [-0.10438609  0.14551538  1.3025991 ]
 [-0.07177347  0.10465622  1.410331  ]
 [-0.19135624  0.01824638  1.194433  ]
 [-0.26274213 -0.14361037  1.0396601 ]
 [-0.21982877 -0.01145527  0.92448235]
 [ 0.08765472  0.13419211  1.1333761 ]
 [ 0.20715097  0.27257273  0.9666814 ]
 [ 0.13286489  0.45885608  0.92214674]]
[[ 0.          0.          0.71672815]
 [ 0.08733446  0.0638743   0.72634697]
 [ 0.09599652  0.08209968  0.35796696]
 [ 0.265217   -0.14747214  0.09892625]
 [ 0.25582093 -0.04697382  0.        ]
 [-0.08743373 -0.06418367  0.70703435]
 [-0.23381007  0.13327478  0.44244373]
 [-0.03497709 -0.16960561  0.2839131 ]
 [-0.03883492 -0.11959958  0.16069943]
 [-0.0219208   0.04041143  0.9425013 ]
 [-0.04577371  0.07701874  1.2048705 ]
 [-0.10862523  0.13757104  1.2911105 ]
 [-0.0732365   0.09351182  1.4040515 ]
 [-0.17020693 -0.00352708  1.1942506 ]
 [-0.14426424 -0.2132558   1.1024405 ]
 [-0.10536363 -0.18919267  0.9524236 ]
 [ 0.07216425  0.1533489   1.1257411 ]
 [ 0.0774255   0.34254616  0.93513876]
 [-0.02896661  0.44824678  1.0315508 ]]
[[ 0.          0.          0.6833569 ]
 [ 0.08396401  0.06252714  0.6886869 ]
 [ 0.12499392 -0.01638663  0.2925628 ]
 [ 0.32805723 -0.2832082   0.12115431]
 [ 0.35085207 -0.22000873  0.        ]
 [-0.08405326 -0.06279734  0.67800784]
 [-0.22691849  0.15590882  0.43704176]
 [-0.13092631 -0.04039001  0.12067461]
 [-0.19587927  0.06324488  0.03712279]
 [-0.01966298  0.03653201  0.908139  ]
 [-0.04873811  0.06844556  1.169798  ]
 [-0.12222846  0.12579703  1.2526432 ]
 [-0.08482148  0.08387065  1.3687462 ]
 [-0.15786329 -0.02353004  1.1565026 ]
 [-0.09890946 -0.22902659  1.0734445 ]
 [-0.07361484 -0.2843392   0.88493705]
 [ 0.05787626  0.15054545  1.0937552 ]
 [ 0.03112114  0.33024365  0.89083433]
 [-0.0800838   0.36705273  0.99176323]]
[[ 0.          0.          0.66088104]
 [ 0.08004439  0.05887324  0.65962195]
 [ 0.09724695 -0.01094443  0.24367857]
 [ 0.30066842 -0.38413844  0.22085935]
 [ 0.3590266  -0.38727438  0.12176943]
 [-0.08012958 -0.05911329  0.6621158 ]
 [-0.19459835  0.19243342  0.41161877]
 [-0.16250321  0.15194911  0.02861154]
 [-0.2484262   0.2818886   0.        ]
 [-0.02488205  0.03573303  0.88261616]
 [-0.0664909   0.05749792  1.144289  ]
 [-0.14775728  0.10846359  1.2284685 ]
 [-0.1079779   0.06574202  1.3416692 ]
 [-0.15060091 -0.03477728  1.1130309 ]
 [-0.10292083 -0.2180408   0.9334581 ]
 [-0.1265322  -0.25072983  0.79109824]
 [ 0.03290153  0.1397619   1.0717796 ]
 [ 0.02997365  0.31207198  0.8555503 ]
 [-0.07697336  0.36921474  0.8722644 ]]
[[ 0.          0.          0.6869547 ]
 [ 0.07579372  0.05959972  0.6809008 ]
 [ 0.03391962  0.03432497  0.27062124]
 [ 0.21625668 -0.39436892  0.33825672]
 [ 0.2858615  -0.43773305  0.27471167]
 [-0.07587294 -0.05983065  0.69298506]
 [-0.16490933  0.18073995  0.42419946]
 [-0.10310133  0.13774943  0.03602272]
 [-0.18554792  0.26681286  0.        ]
 [-0.03224247  0.03249577  0.9081146 ]
 [-0.08025939  0.05624044  1.169221  ]
 [-0.15546341  0.10764474  1.2575954 ]
 [-0.11725032  0.06477475  1.3669109 ]
 [-0.16018623 -0.03721324  1.1381749 ]
 [-0.1534521  -0.20230876  0.9572191 ]
 [-0.18501285 -0.23170209  0.8385829 ]
 [ 0.02874898  0.13203341  1.0954477 ]
 [ 0.06634586  0.27776444  0.87840134]
 [-0.0255138   0.35386723  0.83427256]]
[[ 0.          0.          0.70696086]
 [ 0.07591781  0.06335902  0.7009197 ]
 [-0.01769195  0.0922845   0.31615603]
 [ 0.18253776 -0.33678687  0.4126137 ]
 [ 0.24044684 -0.3810584   0.32802612]
 [-0.07598883 -0.06360833  0.7129632 ]
 [-0.15257403  0.13195696  0.43135962]
 [-0.04412781  0.07182759  0.060624  ]
 [-0.1226308   0.20554656  0.        ]
 [-0.03381859  0.03504464  0.9259846 ]
 [-0.08298155  0.05507201  1.1879942 ]
 [-0.15297925  0.11145139  1.2724936 ]
 [-0.11354947  0.06475204  1.3814418 ]
 [-0.1633685  -0.03483289  1.152435  ]
 [-0.17061976 -0.18353993  0.9581405 ]
 [-0.20759746 -0.17708798  0.8622062 ]
 [ 0.02917496  0.12394425  1.1154933 ]
 [ 0.09221938  0.23482606  0.9105066 ]
 [ 0.04310653  0.36239928  0.8084576 ]]
[[ 0.          0.          0.68786687]
 [ 0.07282463  0.06278946  0.6905828 ]
 [-0.08488351  0.15793782  0.3798993 ]
 [ 0.12259483 -0.25502536  0.35687846]
 [ 0.15536657 -0.2707776   0.24156344]
 [-0.07289841 -0.06307511  0.6850597 ]
 [-0.0948559   0.05526653  0.3722122 ]
 [ 0.07058448  0.02137059  0.07111669]
 [ 0.02256264  0.13819063  0.        ]
 [-0.03142841  0.03247486  0.90977687]
 [-0.0765406   0.05785093  1.1716318 ]
 [-0.1471793   0.10873544  1.2546277 ]
 [-0.10472818  0.07096809  1.3645399 ]
 [-0.16482607 -0.02392358  1.1434656 ]
 [-0.23377123 -0.13563588  0.9369343 ]
 [-0.24604934 -0.08088732  0.90287477]
 [ 0.03908179  0.11462545  1.0974786 ]
 [ 0.17571302  0.17022629  0.93685037]
 [ 0.16051343  0.3250346   0.80371463]]
[[ 0.          0.          0.60985327]
 [ 0.08408272  0.07036956  0.62243664]
 [-0.14178798  0.24265881  0.40718168]
 [-0.04859761 -0.00255287  0.09160054]
 [-0.10681504  0.0805245   0.        ]
 [-0.08415721 -0.07067326  0.5971245 ]
 [ 0.01343243 -0.06203714  0.23646468]
 [ 0.26087987 -0.20427889  0.09511983]
 [ 0.30207527 -0.11292154  0.00290507]
 [-0.02943724  0.02190855  0.83498275]
 [-0.062867    0.04512274  1.0971262 ]
 [-0.13283737  0.10376871  1.1789534 ]
 [-0.08271239  0.06914872  1.2854376 ]
 [-0.18630138 -0.03077307  1.0782005 ]
 [-0.32976884 -0.08527398  0.87555176]
 [-0.27930003  0.13662878  0.92501736]
 [ 0.0713004   0.09750906  1.0289913 ]
 [ 0.28595695  0.11681062  0.94139093]
 [ 0.2943229   0.19675964  0.74165815]]
[[ 0.          0.          0.6490903 ]
 [ 0.08315597  0.0544152   0.6626024 ]
 [-0.11042473  0.2601097   0.44260985]
 [-0.11696453  0.13606262  0.04358453]
 [-0.20154247  0.24047953  0.        ]
 [-0.08323413 -0.05468207  0.635438  ]
 [ 0.01416817 -0.09296602  0.2529109 ]
 [ 0.28502285 -0.3244353   0.22238636]
 [ 0.3892669  -0.27737772  0.14504284]
 [-0.02732346  0.02364932  0.87556356]
 [-0.05376352  0.04581636  1.1368732 ]
 [-0.1185281   0.10900038  1.223192  ]
 [-0.07823462  0.07080454  1.3255389 ]
 [-0.18668923 -0.01551056  1.1190399 ]
 [-0.34332407 -0.09967645  0.9253472 ]
 [-0.29804736  0.13734165  0.9315201 ]
 [ 0.07669497  0.09042749  1.0693573 ]
 [ 0.28961396  0.10368934  0.97232604]
 [ 0.29445326  0.20083836  0.7794021 ]]
[[ 0.          0.          0.67308444]
 [ 0.08381577  0.0518284   0.6864979 ]
 [-0.07494646  0.25254342  0.43923116]
 [-0.09190524  0.14059836  0.03327018]
 [-0.17967579  0.25574175  0.        ]
 [-0.08388466 -0.05206758  0.65953594]
 [-0.04128679 -0.07726792  0.2670153 ]
 [ 0.259413   -0.36523315  0.32373685]
 [ 0.3778395  -0.35384554  0.2649091 ]
 [-0.02623544  0.02714871  0.8978673 ]
 [-0.0492743   0.05774805  1.1584771 ]
 [-0.11126012  0.11885726  1.2500184 ]
 [-0.07321358  0.07643211  1.3482587 ]
 [-0.18572547 -0.0042282   1.1404355 ]
 [-0.31892282 -0.11407219  0.94725835]
 [-0.2907827   0.10410793  0.90790725]
 [ 0.07720879  0.10926673  1.0862688 ]
 [ 0.26619792  0.16509952  0.9589702 ]
 [ 0.24584123  0.30234498  0.80167484]]
[[ 0.0000000e+00  0.0000000e+00  7.0751303e-01]
 [ 8.6191081e-02  5.3757686e-02  7.2068262e-01]
 [-4.8080325e-02  2.2779928e-01  4.5480633e-01]
 [-3.6423892e-02  8.6051226e-02  5.1574230e-02]
 [-1.1894502e-01  2.0463127e-01  0.0000000e+00]
 [-8.6256146e-02 -5.4006383e-02  6.9422036e-01]
 [-9.7332239e-02 -4.1990936e-02  3.1159967e-01]
 [ 2.1747640e-01 -3.3862311e-01  4.0846640e-01]
 [ 3.3454919e-01 -3.4136993e-01  3.5943946e-01]
 [-2.4230301e-02  3.1770378e-02  9.3175638e-01]
 [-4.4495121e-02  6.8693638e-02  1.1921157e+00]
 [-1.0561411e-01  1.2701768e-01  1.2846200e+00]
 [-7.0775792e-02  8.4642768e-02  1.3824382e+00]
 [-1.8218660e-01  9.0640783e-04  1.1748171e+00]
 [-2.8565246e-01 -1.3776299e-01  9.9180120e-01]
 [-2.6437193e-01  4.9924582e-02  9.0247244e-01]
 [ 8.2680091e-02  1.2901756e-01  1.1169982e+00]
 [ 2.4316320e-01  2.3115847e-01  9.5454949e-01]
 [ 1.8359274e-01  4.1137034e-01  8.6355376e-01]]
[[ 0.          0.          0.72259843]
 [ 0.08941051  0.06483936  0.736221  ]
 [-0.01157396  0.18419969  0.43315032]
 [ 0.04126977 -0.00397426  0.05912429]
 [-0.03470827  0.10907799  0.        ]
 [-0.08948874 -0.06511008  0.70886916]
 [-0.17534854  0.02618292  0.36138058]
 [ 0.15576082 -0.26800328  0.44249746]
 [ 0.2509876  -0.25815964  0.35392904]
 [-0.0244066   0.03157532  0.94782865]
 [-0.04477467  0.0649175   1.2088292 ]
 [-0.10467386  0.12430722  1.3037735 ]
 [-0.06954272  0.07762402  1.404747  ]
 [-0.1810461  -0.00864199  1.1925746 ]
 [-0.24796112 -0.16879277  1.0325948 ]
 [-0.21890993 -0.03715122  0.9127536 ]
 [ 0.08185501  0.13440424  1.1305351 ]
 [ 0.18639922  0.27307224  0.9451391 ]
 [ 0.10389654  0.45784152  0.91968405]]
[[ 0.          0.          0.72328186]
 [ 0.08748975  0.06799924  0.73288614]
 [ 0.09512527  0.07014063  0.36734885]
 [ 0.25403515 -0.14085823  0.09293604]
 [ 0.23445317 -0.03638703  0.        ]
 [-0.08759074 -0.06830842  0.71361494]
 [-0.23688167  0.14110892  0.45835268]
 [-0.02756454 -0.15596825  0.30234522]
 [-0.02662469 -0.10200989  0.17997992]
 [-0.01767508  0.03557476  0.94953996]
 [-0.03864887  0.06532705  1.212988  ]
 [-0.10511978  0.12259752  1.3019742 ]
 [-0.06909318  0.07556987  1.4122233 ]
 [-0.15552956 -0.02232879  1.1999961 ]
 [-0.12332501 -0.22744223  1.0850414 ]
 [-0.10089061 -0.21695812  0.93801063]
 [ 0.07296474  0.15023437  1.1324575 ]
 [ 0.07182532  0.3363812   0.93723917]
 [-0.03162618  0.4388245   1.0329149 ]]
[[ 0.          0.          0.67161906]
 [ 0.08126489  0.06861213  0.6778449 ]
 [ 0.12736732 -0.03685901  0.2862601 ]
 [ 0.33914185 -0.2840854   0.11719513]
 [ 0.36460578 -0.22723627  0.        ]
 [-0.08134105 -0.0688626   0.6653751 ]
 [-0.24236697  0.15639564  0.43673274]
 [-0.13694724  0.01645017  0.11428022]
 [-0.20764959  0.12512505  0.03715569]
 [-0.01576215  0.02517809  0.8958912 ]
 [-0.04276358  0.04312849  1.1591684 ]
 [-0.12059385  0.09351248  1.2481102 ]
 [-0.08101523  0.04812896  1.3601315 ]
 [-0.13976023 -0.05876198  1.1431477 ]
 [-0.07277916 -0.28008232  1.0614274 ]
 [-0.07265759 -0.32449636  0.8816659 ]
 [ 0.05535112  0.13825238  1.0841131 ]
 [ 0.01607488  0.32652035  0.8847407 ]
 [-0.10341513  0.36067826  0.98818934]]
[[ 0.          0.          0.6405242 ]
 [ 0.07548454  0.06047232  0.64083815]
 [ 0.09933914 -0.02008164  0.23031268]
 [ 0.30889732 -0.37867552  0.19599825]
 [ 0.37767333 -0.38266453  0.1069147 ]
 [-0.07555951 -0.06070249  0.6401961 ]
 [-0.2097201   0.1823053   0.40196866]
 [-0.17657813  0.1928635   0.02985704]
 [-0.26145032  0.32604432  0.        ]
 [-0.0214783   0.02088426  0.86339605]
 [-0.05900814  0.03374133  1.1256573 ]
 [-0.14345315  0.07851934  1.2134163 ]
 [-0.10321681  0.03530639  1.3248272 ]
 [-0.13387598 -0.06329536  1.0990417 ]
 [-0.08735138 -0.27191818  0.96422815]
 [-0.13569759 -0.35529068  0.8086485 ]
 [ 0.03138411  0.12316465  1.0528626 ]
 [ 0.01096678  0.30270308  0.8389483 ]
 [-0.12479848  0.36136332  0.8770354 ]]
[[ 0.          0.          0.67270106]
 [ 0.07210476  0.06048079  0.66843575]
 [ 0.0329934   0.03694645  0.2644192 ]
 [ 0.2262485  -0.37622434  0.32346004]
 [ 0.2954726  -0.42170244  0.27326852]
 [-0.07217829 -0.06071657  0.67695564]
 [-0.17964992  0.16438757  0.41353202]
 [-0.11815639  0.15835434  0.03843397]
 [-0.19404957  0.2861719   0.        ]
 [-0.03095141  0.02363837  0.8942715 ]
 [-0.07766411  0.03754756  1.1562114 ]
 [-0.15548055  0.0893473   1.2420741 ]
 [-0.1152453   0.0459553   1.3517354 ]
 [-0.1481866  -0.05902538  1.1237292 ]
 [-0.13707209 -0.23432973  0.94768465]
 [-0.18870945 -0.2991509   0.8141691 ]
 [ 0.02246841  0.12214771  1.083377  ]
 [ 0.04590011  0.2851522   0.87330854]
 [-0.06344512  0.38520053  0.83416027]]
[[ 0.          0.          0.68783   ]
 [ 0.07295564  0.06282556  0.68100137]
 [-0.03219931  0.10112318  0.3061857 ]
 [ 0.17611727 -0.31502724  0.39707887]
 [ 0.22815019 -0.3608696   0.32859075]
 [-0.07302237 -0.06307684  0.694633  ]
 [-0.15538195  0.09802799  0.41106302]
 [-0.04579667  0.07517582  0.04766297]
 [-0.11306329  0.1952824   0.        ]
 [-0.03180435  0.02885403  0.9085514 ]
 [-0.07905418  0.04545712  1.1705906 ]
 [-0.15945587  0.09400189  1.2604258 ]
 [-0.10960625  0.05174536  1.367351  ]
 [-0.15252075 -0.05079579  1.1372826 ]
 [-0.16645455 -0.21096057  0.94777995]
 [-0.23493093 -0.24312852  0.85440016]
 [ 0.02786667  0.12411857  1.0979973 ]
 [ 0.0894794   0.2538341   0.90414023]
 [ 0.04300085  0.37169272  0.7963604 ]]
[[ 0.          0.          0.68491083]
 [ 0.0690745   0.06872951  0.6870577 ]
 [-0.11401133  0.17836294  0.3945659 ]
 [ 0.11387497 -0.21011508  0.34636596]
 [ 0.13142592 -0.2074151   0.22221473]
 [-0.06914864 -0.06901672  0.6826682 ]
 [-0.08663167  0.02123871  0.3630225 ]
 [ 0.09391861 -0.00325978  0.07533318]
 [ 0.05677667  0.10573733  0.        ]
 [-0.02915586  0.03643014  0.9066151 ]
 [-0.07399462  0.05745104  1.1692353 ]
 [-0.14388639  0.10828841  1.2526951 ]
 [-0.09820165  0.07037425  1.3614719 ]
 [-0.15903383 -0.03330812  1.1405416 ]
 [-0.252092   -0.16299148  0.94603056]
 [-0.269944   -0.06753503  0.92050546]
 [ 0.03881762  0.12359935  1.0962582 ]
 [ 0.1851483   0.19161558  0.94662356]
 [ 0.16357891  0.35360804  0.79493034]]
[[ 0.          0.          0.61170405]
 [ 0.0763728   0.07382463  0.6220246 ]
 [-0.15466622  0.23574002  0.4030441 ]
 [-0.05680373  0.00929433  0.08784145]
 [-0.10597733  0.0893693   0.        ]
 [-0.07644802 -0.07411403  0.6012461 ]
 [ 0.0101734  -0.08092403  0.23917061]
 [ 0.27329338 -0.20767194  0.10998344]
 [ 0.32251596 -0.12164891  0.02338451]
 [-0.02573518  0.0181828   0.8367824 ]
 [-0.05670577  0.03489745  1.0990705 ]
 [-0.1291481   0.09497613  1.1814067 ]
 [-0.07810406  0.05952948  1.2870252 ]
 [-0.17353943 -0.04717469  1.0813433 ]
 [-0.31416792 -0.10734779  0.90189904]
 [-0.2786047   0.14050338  0.93403697]
 [ 0.07136845  0.09875536  1.0274826 ]
 [ 0.28580138  0.14271039  0.9482148 ]
 [ 0.28069356  0.21558854  0.7488867 ]]
[[ 0.          0.          0.6417806 ]
 [ 0.0773531   0.06016895  0.6524479 ]
 [-0.11653201  0.26231766  0.43874407]
 [-0.12835255  0.15364555  0.03691834]
 [-0.21561861  0.25437963  0.        ]
 [-0.07743569 -0.06042637  0.63097167]
 [ 0.006378   -0.11115849  0.25071695]
 [ 0.29054743 -0.3588459   0.23951721]
 [ 0.39522022 -0.31837878  0.17377621]
 [-0.02201686  0.02322528  0.8677061 ]
 [-0.04326254  0.04514587  1.1286263 ]
 [-0.10949673  0.10814643  1.2130449 ]
 [-0.0673326   0.06922352  1.3133594 ]
 [-0.16986543 -0.02420068  1.1131219 ]
 [-0.312131   -0.11383016  0.94053906]
 [-0.28804618  0.11880836  0.9239427 ]
 [ 0.0789053   0.10237107  1.0575631 ]
 [ 0.28609398  0.13325149  0.9634745 ]
 [ 0.28015944  0.24516052  0.7749568 ]]
[[ 0.          0.          0.6625234 ]
 [ 0.07760456  0.05764435  0.67462003]
 [-0.07888465  0.25546196  0.4343737 ]
 [-0.09461437  0.1525057   0.03651285]
 [-0.17772672  0.26008806  0.        ]
 [-0.07768248 -0.05788477  0.6502972 ]
 [-0.05620707 -0.09461811  0.26035872]
 [ 0.24902177 -0.3790332   0.32293835]
 [ 0.37063277 -0.37078297  0.26564318]
 [-0.02127729  0.02310248  0.88817847]
 [-0.04095323  0.0492588   1.1485083 ]
 [-0.10536715  0.10970289  1.2400905 ]
 [-0.06538818  0.06674945  1.3377068 ]
 [-0.17108522 -0.02182063  1.1320524 ]
 [-0.29004902 -0.14421457  0.96031624]
 [-0.27852076  0.06385106  0.8878785 ]
 [ 0.07838861  0.11391106  1.0748093 ]
 [ 0.269113    0.19151883  0.94399315]
 [ 0.2330834   0.33616275  0.79758483]]
[[ 0.          0.          0.6793196 ]
 [ 0.08073911  0.05972092  0.6925478 ]
 [-0.04853165  0.26225987  0.4426095 ]
 [-0.01892425  0.13499027  0.05219495]
 [-0.09309275  0.24987581  0.        ]
 [-0.08080837 -0.05995883  0.66596705]
 [-0.10114586 -0.05850092  0.2856873 ]
 [ 0.21050358 -0.35508966  0.38532978]
 [ 0.32260975 -0.3576864   0.32205912]
 [-0.01837177  0.03083731  0.90230596]
 [-0.03369282  0.06354621  1.1623542 ]
 [-0.09644811  0.12368691  1.2547163 ]
 [-0.05865602  0.07695603  1.3521355 ]
 [-0.16489507 -0.01212984  1.1454778 ]
 [-0.2581484  -0.15818131  0.97069323]
 [-0.24872918  0.00458808  0.8622078 ]
 [ 0.08505488  0.13401616  1.0852854 ]
 [ 0.24156885  0.25471815  0.9259733 ]
 [ 0.18457644  0.4379685   0.84063125]]
[[ 0.          0.          0.69711363]
 [ 0.08484057  0.07140146  0.71006554]
 [-0.0074686   0.1872053   0.40892637]
 [ 0.08166258 -0.01097423  0.05888301]
 [ 0.01931015  0.09115988  0.        ]
 [-0.08492418 -0.07165444  0.68406874]
 [-0.18438572  0.03067759  0.35406905]
 [ 0.1475093  -0.25704378  0.41020298]
 [ 0.2250062  -0.24266985  0.30780894]
 [-0.01914877  0.02618726  0.9210155 ]
 [-0.03659769  0.05076849  1.1820947 ]
 [-0.1009746   0.1109401   1.2777159 ]
 [-0.06339026  0.05848175  1.3797226 ]
 [-0.16278796 -0.03397173  1.1652176 ]
 [-0.19702011 -0.21534121  1.0230051 ]
 [-0.17042938 -0.1290971   0.8814454 ]
 [ 0.0828407   0.13439184  1.1010715 ]
 [ 0.1731066   0.30467466  0.9150182 ]
 [ 0.08519133  0.48798448  0.9143433 ]]
[[ 0.          0.          0.6746648 ]
 [ 0.080931    0.07071584  0.68203926]
 [ 0.11479919  0.06482452  0.32637966]
 [ 0.31983787 -0.11975795  0.10146618]
 [ 0.31761622 -0.03438687  0.        ]
 [-0.08101742 -0.07098109  0.66724026]
 [-0.24227282  0.164008    0.43267918]
 [-0.0522299  -0.10302424  0.22487354]
 [-0.07659159 -0.03509581  0.1032989 ]
 [-0.00857897  0.02933438  0.8975903 ]
 [-0.0261338   0.0478138   1.1614268 ]
 [-0.10560657  0.10359406  1.2497011 ]
 [-0.06756528  0.05591929  1.3599317 ]
 [-0.12513825 -0.05726555  1.1478667 ]
 [-0.05905339 -0.2901144   1.0740007 ]
 [-0.06031041 -0.3078036   0.8987852 ]
 [ 0.06821664  0.14900479  1.0833173 ]
 [ 0.04330042  0.3445303   0.90258026]
 [-0.04551643  0.42229518  1.0165932 ]]
[[ 0.0000000e+00  0.0000000e+00  6.0019070e-01]
 [ 7.3145986e-02  6.8841867e-02  6.0588551e-01]
 [ 1.4419273e-01 -1.4714360e-02  2.2625753e-01]
 [ 3.9584243e-01 -2.3560798e-01  1.1640343e-01]
 [ 4.5422679e-01 -2.0204991e-01  2.7179718e-05]
 [-7.3217757e-02 -6.9034502e-02  5.9448665e-01]
 [-2.4998355e-01  1.6020040e-01  3.8707563e-01]
 [-1.7255422e-01  9.9999398e-02  5.6493282e-02]
 [-2.5123608e-01  2.1718189e-01  0.0000000e+00]
 [-7.9398975e-04  2.9493064e-02  8.1812263e-01]
 [-1.6630214e-02  4.6720773e-02  1.0812206e+00]
 [-1.1356738e-01  9.1060758e-02  1.1697739e+00]
 [-6.7984931e-02  4.6202540e-02  1.2811542e+00]
 [-9.0370446e-02 -6.8505079e-02  1.0641383e+00]
 [-2.2172168e-02 -3.0786914e-01  1.0104554e+00]
 [-6.1072357e-02 -3.5307777e-01  8.2441705e-01]
 [ 5.8407493e-02  1.5343207e-01  1.0089594e+00]
 [ 4.0941238e-03  3.5421753e-01  8.2455969e-01]
 [-9.6100509e-02  4.1068482e-01  9.4320965e-01]]
[[ 0.          0.          0.60254914]
 [ 0.07066196  0.05960621  0.602677  ]
 [ 0.08568721 -0.00575134  0.20073628]
 [ 0.30806667 -0.3616193   0.20632601]
 [ 0.39474607 -0.37705535  0.1274209 ]
 [-0.07073686 -0.05980348  0.6024257 ]
 [-0.20623738  0.18544134  0.38324797]
 [-0.16892253  0.18728971  0.01834947]
 [-0.2484195   0.3183288   0.        ]
 [-0.00847459  0.02905127  0.8208231 ]
 [-0.03412505  0.04678249  1.0829371 ]
 [-0.13112289  0.08961618  1.1710851 ]
 [-0.08781419  0.04688936  1.2790148 ]
 [-0.09051161 -0.05878857  1.0533295 ]
 [-0.04825067 -0.27450472  0.9218329 ]
 [-0.10924967 -0.35326445  0.77175176]
 [ 0.03695561  0.14177024  1.0089836 ]
 [ 0.01029442  0.32279778  0.8022642 ]
 [-0.10917133  0.39474332  0.8474256 ]]
[[ 0.          0.          0.6351179 ]
 [ 0.06764545  0.06515656  0.63181406]
 [ 0.01149039  0.06627855  0.23979673]
 [ 0.22366014 -0.33585542  0.32896304]
 [ 0.29846168 -0.38905102  0.2811644 ]
 [-0.06771411 -0.06538595  0.63842165]
 [-0.17702892  0.14940885  0.39911288]
 [-0.08491866  0.10522735  0.03416902]
 [-0.16748622  0.23439291  0.        ]
 [-0.01707122  0.03245786  0.8533509 ]
 [-0.05286096  0.04078475  1.1158471 ]
 [-0.14307815  0.08834291  1.2064657 ]
 [-0.09793347  0.04630184  1.312665  ]
 [-0.11094353 -0.06667137  1.0783788 ]
 [-0.10404817 -0.24967846  0.8942633 ]
 [-0.17445415 -0.2731734   0.79396653]
 [ 0.03464778  0.13455468  1.0450784 ]
 [ 0.04999738  0.3074345   0.8466716 ]
 [-0.03670847  0.37926996  0.80291283]]
[[ 0.          0.          0.65583014]
 [ 0.06304488  0.06896046  0.65297455]
 [-0.06057844  0.13034604  0.31240028]
 [ 0.18743157 -0.26073524  0.39681697]
 [ 0.25217482 -0.30451196  0.3270749 ]
 [-0.0631133  -0.06918586  0.65866435]
 [-0.15448123  0.06331143  0.39161262]
 [-0.0059538  -0.00285113  0.04898316]
 [-0.0735485   0.12112999  0.        ]
 [-0.01710903  0.03261745  0.872785  ]
 [-0.05544987  0.03667986  1.1358024 ]
 [-0.14159918  0.07954657  1.2258456 ]
 [-0.08888763  0.04159135  1.3321123 ]
 [-0.11383788 -0.07164317  1.0985421 ]
 [-0.13836056 -0.24726662  0.92249733]
 [-0.2057356  -0.2232133   0.85364175]
 [ 0.03737584  0.12789804  1.0619026 ]
 [ 0.10498753  0.27106184  0.882813  ]
 [ 0.04426821  0.3627364   0.7901554 ]]
[[ 0.          0.          0.6299381 ]
 [ 0.06137507  0.07095264  0.6351281 ]
 [-0.15539443  0.19899817  0.3861723 ]
 [ 0.07669596 -0.1495111   0.307015  ]
 [ 0.09466454 -0.13981628  0.19239876]
 [-0.06146352 -0.07124519  0.6246424 ]
 [-0.06306963 -0.0244844   0.31246805]
 [ 0.14341688 -0.06884998  0.08294159]
 [ 0.12677203  0.05040121  0.        ]
 [-0.02200675  0.02936389  0.84819955]
 [-0.0595409   0.03956562  1.1110762 ]
 [-0.13498414  0.08668363  1.194322  ]
 [-0.084025    0.05010033  1.300446  ]
 [-0.13911907 -0.05574095  1.0830951 ]
 [-0.24853837 -0.1833449   0.8912343 ]
 [-0.25574982 -0.02208158  0.9024848 ]
 [ 0.04345124  0.11076495  1.0350671 ]
 [ 0.20381263  0.18763706  0.91201997]
 [ 0.1766516   0.3168435   0.7613512 ]]
[[ 0.          0.          0.5571269 ]
 [ 0.06721166  0.0769164   0.56860214]
 [-0.15988266  0.28082645  0.38358426]
 [-0.09671064  0.11629099  0.06397721]
 [-0.17633185  0.20542008  0.        ]
 [-0.06728803 -0.07717368  0.5455098 ]
 [ 0.02933843 -0.08476016  0.20803845]
 [ 0.28559256 -0.23468968  0.12027124]
 [ 0.36614433 -0.14880931  0.02506852]
 [-0.01958747  0.02131367  0.77883756]
 [-0.03796468  0.03878629  1.0409465 ]
 [-0.10016562  0.10041988  1.1260469 ]
 [-0.05385563  0.05786937  1.2273889 ]
 [-0.14962506 -0.04995501  1.0251366 ]
 [-0.30099204 -0.14104144  0.84896654]
 [-0.26062965  0.10584298  0.87718636]
 [ 0.07889301  0.10816497  0.9677308 ]
 [ 0.28726807  0.15086406  0.88877517]
 [ 0.2701913   0.24347103  0.7036613 ]]
[[ 0.          0.          0.5646632 ]
 [ 0.06968027  0.06505305  0.5757328 ]
 [-0.10481253  0.32156423  0.39014485]
 [-0.11600873  0.25773856  0.03115326]
 [-0.20856038  0.36363125  0.        ]
 [-0.06975494 -0.06527928  0.5534413 ]
 [-0.00198124 -0.11795226  0.19643521]
 [ 0.2820176  -0.34425542  0.21357054]
 [ 0.40469396 -0.3010192   0.14576548]
 [-0.0135306   0.02740456  0.785496  ]
 [-0.02217234  0.05189037  1.0459241 ]
 [-0.07885969  0.11592191  1.1362257 ]
 [-0.04035653  0.06663167  1.2322114 ]
 [-0.14540786 -0.02368611  1.0306655 ]
 [-0.28152418 -0.11570719  0.8632602 ]
 [-0.24727842  0.1276277   0.8384702 ]
 [ 0.09250859  0.11162624  0.9727385 ]
 [ 0.29304612  0.15706018  0.8758184 ]
 [ 0.2732326   0.30825618  0.704605  ]]
[[ 0.          0.          0.59163404]
 [ 0.07395389  0.06340077  0.6049268 ]
 [-0.06561029  0.32147753  0.39418405]
 [-0.05521232  0.24604744  0.03027231]
 [-0.1433422   0.35710526  0.        ]
 [-0.0740149  -0.06361046  0.57819897]
 [-0.06516814 -0.0640099   0.21770638]
 [ 0.23407847 -0.31642705  0.2942254 ]
 [ 0.3600759  -0.30270338  0.24482134]
 [-0.01676797  0.02600625  0.8122542 ]
 [-0.03002134  0.05353591  1.0727794 ]
 [-0.0838726   0.11417586  1.165111  ]
 [-0.04547569  0.06246579  1.2583872 ]
 [-0.15373975 -0.02590489  1.0536644 ]
 [-0.25649464 -0.15335588  0.87374043]
 [-0.24467461  0.03111102  0.7982638 ]
 [ 0.08511344  0.12360352  0.9973346 ]
 [ 0.2711343   0.22576676  0.8650636 ]
 [ 0.22401196  0.4104085   0.736676  ]]
[[ 0.          0.          0.59459686]
 [ 0.07639202  0.06688754  0.60925066]
 [-0.03990729  0.31547102  0.3959608 ]
 [ 0.00974154  0.20193866  0.03922236]
 [-0.0693437   0.3157056   0.        ]
 [-0.07644985 -0.06709198  0.5798157 ]
 [-0.10437109 -0.00245669  0.25336716]
 [ 0.2008763  -0.25924128  0.32692397]
 [ 0.32502586 -0.24262124  0.26419207]
 [-0.01491682  0.02505428  0.8136369 ]
 [-0.023612    0.05432743  1.0740519 ]
 [-0.07567307  0.11768919  1.1690933 ]
 [-0.04578273  0.0583747   1.2582924 ]
 [-0.14654008 -0.02941203  1.0564216 ]
 [-0.22693193 -0.17492817  0.8743789 ]
 [-0.22207594 -0.08047405  0.7752083 ]
 [ 0.09350537  0.13057077  0.99488795]
 [ 0.24630165  0.26379997  0.84378004]
 [ 0.17007774  0.45659068  0.7705536 ]]
[[ 0.          0.          0.6267538 ]
 [ 0.08230717  0.07141671  0.6393038 ]
 [ 0.04516359  0.2335719   0.3477494 ]
 [ 0.16740115  0.06175596  0.05877936]
 [ 0.13015938  0.17790669  0.        ]
 [-0.08238857 -0.07165489  0.61412007]
 [-0.20348167  0.13629788  0.35297868]
 [ 0.10940686 -0.13243702  0.33555877]
 [ 0.17223148 -0.09559953  0.22232991]
 [-0.01382712  0.02771689  0.84491515]
 [-0.02596252  0.04638836  1.1081328 ]
 [-0.08512715  0.10972863  1.2052473 ]
 [-0.05445249  0.04792118  1.304205  ]
 [-0.13774565 -0.04627848  1.0885922 ]
 [-0.12929967 -0.23752885  0.941538  ]
 [-0.1239704  -0.25349522  0.80293405]
 [ 0.08713433  0.1388537   1.0277799 ]
 [ 0.15165192  0.3085362   0.8505564 ]
 [ 0.05623223  0.46949872  0.8863659 ]]
[[ 0.0000000e+00  0.0000000e+00  6.0405552e-01]
 [ 7.3459014e-02  7.6304741e-02  6.1224651e-01]
 [ 1.3798484e-01  1.4092959e-01  2.6786914e-01]
 [ 3.6681336e-01 -3.8479865e-02  1.0308093e-01]
 [ 4.0490657e-01  2.8082430e-02  0.0000000e+00]
 [-7.3539369e-02 -7.6504961e-02  5.9584349e-01]
 [-2.5374576e-01  1.6852099e-01  3.9342687e-01]
 [-8.7938249e-02  2.1391183e-02  1.3101837e-01]
 [-1.3829999e-01  1.1421999e-01  4.9474359e-02]
 [ 3.5955384e-04  1.7619714e-02  8.1652308e-01]
 [-6.4155422e-03  1.9652218e-02  1.0794766e+00]
 [-9.9077389e-02  6.6060722e-02  1.1691897e+00]
 [-6.2538981e-02  1.8038571e-02  1.2774552e+00]
 [-8.4329084e-02 -9.9204659e-02  1.0581975e+00]
 [-1.8724985e-02 -3.4082210e-01  1.0062873e+00]
 [-6.1336048e-02 -3.7564272e-01  8.2601833e-01]
 [ 7.3185734e-02  1.3692182e-01  1.0056000e+00]
 [ 4.9199402e-02  3.2246396e-01  8.2364589e-01]
 [-5.9966445e-02  3.6294788e-01  9.3502796e-01]]
[[ 0.          0.          0.57282996]
 [ 0.06726333  0.07410298  0.5775682 ]
 [ 0.1230716   0.08578193  0.20557499]
 [ 0.3793385  -0.1745902   0.129253  ]
 [ 0.4647292  -0.1641084   0.02258199]
 [-0.06734402 -0.07427349  0.5681013 ]
 [-0.2457358   0.1612298   0.36384392]
 [-0.16936028  0.1685791   0.02504873]
 [-0.24901366  0.28391522  0.        ]
 [ 0.0050824   0.01454073  0.7830493 ]
 [-0.00617509  0.00770527  1.0467412 ]
 [-0.10640635  0.04620582  1.1342146 ]
 [-0.06349333  0.00363052  1.2429001 ]
 [-0.06289139 -0.10862067  1.0167593 ]
 [ 0.00998257 -0.33862868  0.9488757 ]
 [-0.08071094 -0.41855508  0.7870969 ]
 [ 0.059777    0.12185824  0.9776017 ]
 [ 0.02345001  0.28557098  0.77970874]
 [-0.0930565   0.34460485  0.8518927 ]]
[[ 0.00000000e+00  0.00000000e+00  5.93210340e-01]
 [ 6.62364438e-02  7.19826445e-02  5.94739616e-01]
 [ 5.26563413e-02  1.23076111e-01  2.09521621e-01]
 [ 2.88625598e-01 -2.38878012e-01  2.27971256e-01]
 [ 3.84757847e-01 -2.68142879e-01  1.44627631e-01]
 [-6.63180947e-02 -7.21646100e-02  5.91690183e-01]
 [-2.09504664e-01  1.65845469e-01  3.77220333e-01]
 [-1.26588225e-01  1.78546995e-01  2.25377083e-02]
 [-1.99357480e-01  2.98396200e-01  0.00000000e+00]
 [ 4.02984209e-04  2.20545679e-02  8.05549383e-01]
 [-2.23655216e-02  1.51012242e-02  1.06799936e+00]
 [-1.22816205e-01  5.73369861e-02  1.16014612e+00]
 [-7.22745806e-02  1.17276907e-02  1.26632404e+00]
 [-7.05270097e-02 -1.01081669e-01  1.02845037e+00]
 [-3.55563611e-02 -3.20450485e-01  9.02577281e-01]
 [-1.53310642e-01 -4.06826556e-01  7.67341793e-01]
 [ 4.97944020e-02  1.21068239e-01  9.99481201e-01]
 [ 6.05762824e-02  2.85020292e-01  7.93764114e-01]
 [-7.04973340e-02  3.63445938e-01  7.81819344e-01]]
[[ 0.00000000e+00  0.00000000e+00  6.09308839e-01]
 [ 7.02579916e-02  7.96525627e-02  6.08642161e-01]
 [-7.96467066e-06  2.29620978e-01  2.67949760e-01]
 [ 2.59274304e-01 -1.09117478e-01  3.10031116e-01]
 [ 3.46426904e-01 -1.33396626e-01  2.23863304e-01]
 [-7.03168884e-02 -7.98464715e-02  6.09964788e-01]
 [-1.99152336e-01  1.03005797e-01  3.74755561e-01]
 [-5.51615655e-02  1.02123797e-01  3.98487449e-02]
 [-1.28928512e-01  2.27984518e-01  0.00000000e+00]
 [-8.39844719e-03  1.90457106e-02  8.21006358e-01]
 [-3.41795310e-02  4.44674492e-03  1.08420515e+00]
 [-1.19495854e-01  5.41885495e-02  1.17511034e+00]
 [-6.69045448e-02  4.46194410e-03  1.28141832e+00]
 [-9.75838453e-02 -1.09381080e-01  1.04061151e+00]
 [-9.35711935e-02 -3.06333214e-01  8.73390794e-01]
 [-1.96040213e-01 -3.26649874e-01  7.87017882e-01]
 [ 5.62255532e-02  1.08529598e-01  1.01520371e+00]
 [ 9.24014971e-02  2.68083036e-01  8.24560225e-01]
 [ 4.27626073e-03  3.72485101e-01  7.58071542e-01]]
[[ 0.          0.          0.5940492 ]
 [ 0.06373335  0.07995477  0.5988549 ]
 [-0.08010428  0.28157774  0.33266607]
 [ 0.18951672 -0.05405357  0.31738958]
 [ 0.24957597 -0.05375293  0.20213026]
 [-0.06379181 -0.08015157  0.58917755]
 [-0.13600245  0.03592262  0.32417217]
 [ 0.06687231  0.05898392  0.05685443]
 [ 0.02649083  0.17404425  0.        ]
 [-0.0075677   0.02102554  0.8067655 ]
 [-0.03240162  0.01947987  1.0710237 ]
 [-0.11018519  0.06890363  1.1578051 ]
 [-0.06426154  0.02424484  1.2616808 ]
 [-0.10527799 -0.09420696  1.0287359 ]
 [-0.17061332 -0.26841837  0.8660128 ]
 [-0.24561414 -0.27928814  0.83281404]
 [ 0.06527272  0.1075021   1.0010941 ]
 [ 0.1744741   0.1898326   0.83531666]
 [ 0.1128537   0.3267185   0.72578067]]
[[ 0.          0.          0.51854193]
 [ 0.06753448  0.0814959   0.53057146]
 [-0.1590113   0.3017803   0.35511678]
 [ 0.00914353  0.02833837  0.12870094]
 [-0.02700004  0.09413254  0.03475916]
 [-0.06760069 -0.08170125  0.5063853 ]
 [-0.00958765 -0.0219228   0.19323286]
 [ 0.2366839  -0.05388585  0.08534917]
 [ 0.2812002   0.05949026  0.        ]
 [-0.01312039  0.01540191  0.73771435]
 [-0.02716812  0.02587816  1.0020545 ]
 [-0.09312983  0.08765483  1.0894397 ]
 [-0.04326643  0.0413419   1.1855857 ]
 [-0.13895558 -0.07676864  0.9728714 ]
 [-0.28363153 -0.19549519  0.8053167 ]
 [-0.23531994 -0.02320129  0.85675055]
 [ 0.08934479  0.10344601  0.93179995]
 [ 0.28343615  0.1474509   0.83089054]
 [ 0.23494747  0.21490991  0.64495736]]
[[ 0.          0.          0.5085518 ]
 [ 0.0710568   0.07558627  0.52310264]
 [-0.11990136  0.36253586  0.35915232]
 [-0.08449265  0.28382477  0.03431821]
 [-0.17326117  0.37301537  0.        ]
 [-0.07111846 -0.07578351  0.49385554]
 [ 0.01327435 -0.0526723   0.15927014]
 [ 0.29416126 -0.22347468  0.15944484]
 [ 0.4134493  -0.16092479  0.08527872]
 [-0.00678511  0.01207471  0.7285508 ]
 [-0.00620107  0.02771401  0.9919723 ]
 [-0.06158398  0.09638524  1.0831153 ]
 [-0.0179038   0.04708081  1.1745721 ]
 [-0.1332578  -0.05868396  0.9716978 ]
 [-0.2924203  -0.16618332  0.8170508 ]
 [-0.20802556  0.03065091  0.84418046]
 [ 0.11110628  0.0953714   0.92126477]
 [ 0.30661497  0.08696076  0.82353413]
 [ 0.27254963  0.21280086  0.6520678 ]]
[[ 0.          0.          0.51562274]
 [ 0.0706816   0.0713623   0.5303341 ]
 [-0.08392552  0.3782548   0.3578943 ]
 [-0.05353591  0.36136127  0.0209375 ]
 [-0.14802697  0.46274596  0.        ]
 [-0.07073996 -0.07155439  0.50076383]
 [-0.0282104  -0.05096638  0.15655902]
 [ 0.2706291  -0.2871071   0.21171737]
 [ 0.4119472  -0.26150322  0.1515193 ]
 [-0.00549533  0.01080509  0.7348435 ]
 [-0.00164057  0.02630574  0.9961717 ]
 [-0.053608    0.09027189  1.0888175 ]
 [-0.01410274  0.03836709  1.179966  ]
 [-0.13167807 -0.05244687  0.97537833]
 [-0.26422402 -0.1699537   0.81497896]
 [-0.20911244 -0.02002609  0.80000293]
 [ 0.11287635  0.09512967  0.9240612 ]
 [ 0.3003614   0.14555442  0.8146074 ]
 [ 0.27008814  0.34564415  0.67990494]]
[[ 0.          0.          0.545277  ]
 [ 0.07279436  0.06729685  0.5609244 ]
 [-0.04966293  0.36388952  0.37468702]
 [ 0.02725498  0.28978154  0.04332268]
 [-0.06038107  0.40035844  0.        ]
 [-0.07283869 -0.06747478  0.52950746]
 [-0.0922187   0.00497574  0.20772594]
 [ 0.21354613 -0.23775683  0.2902052 ]
 [ 0.34583607 -0.23022923  0.23125538]
 [-0.00524233  0.00673407  0.7637217 ]
 [-0.00399465  0.01876938  1.0255637 ]
 [-0.05819155  0.07916617  1.1203073 ]
 [-0.01845151  0.01956242  1.2101638 ]
 [-0.12761724 -0.06306711  1.0064774 ]
 [-0.21814688 -0.21591419  0.83382744]
 [-0.24490552 -0.16210479  0.7256377 ]
 [ 0.10814743  0.09536886  0.95043224]
 [ 0.2685617   0.20604375  0.8133599 ]
 [ 0.19661088  0.40447116  0.7322478 ]]
[[ 0.          0.          0.55889815]
 [ 0.08091576  0.06816638  0.57202536]
 [ 0.01509213  0.32616693  0.33456606]
 [ 0.1351576   0.19682157  0.05658257]
 [ 0.07925646  0.3074479   0.        ]
 [-0.08097211 -0.06835617  0.5456794 ]
 [-0.17033182  0.1161508   0.27913278]
 [ 0.14689633 -0.14204076  0.3354868 ]
 [ 0.2537773  -0.10899377  0.240374  ]
 [-0.00261359  0.00640452  0.7724356 ]
 [ 0.00168827  0.01010028  1.0341398 ]
 [-0.05533955  0.07138163  1.1275557 ]
 [-0.01433609  0.01111543  1.2237391 ]
 [-0.11993753 -0.07309613  1.0133865 ]
 [-0.16341816 -0.24091102  0.8694205 ]
 [-0.1552464  -0.22146131  0.7500274 ]
 [ 0.11513305  0.0965105   0.9548411 ]
 [ 0.21685898  0.26224175  0.7938057 ]
 [ 0.12824449  0.453582    0.8005479 ]]
[[ 0.          0.          0.55416405]
 [ 0.07596117  0.06923188  0.5632545 ]
 [ 0.16154456  0.24398527  0.26238924]
 [ 0.39579576  0.06820476  0.09938481]
 [ 0.426054    0.1413204   0.        ]
 [-0.07601618 -0.0694128   0.5450241 ]
 [-0.2736913   0.2100325   0.38460788]
 [-0.05335882  0.07289708  0.21848369]
 [-0.07693217  0.14561859  0.12424427]
 [ 0.00683588 -0.01222447  0.7567688 ]
 [ 0.01033083 -0.04011664  1.013684  ]
 [-0.07697514  0.00728017  1.099139  ]
 [-0.0233657  -0.04204822  1.2080715 ]
 [-0.07131462 -0.14487925  0.989455  ]
 [-0.02420079 -0.35333866  0.9154906 ]
 [-0.04715499 -0.3609345   0.738498  ]
 [ 0.0897921   0.07912093  0.9395475 ]
 [ 0.07712058  0.27096492  0.76802325]
 [-0.0196349   0.36991674  0.87310874]]
[[ 0.          0.          0.51637423]
 [ 0.06732551  0.07099268  0.5249386 ]
 [ 0.14876497  0.14990652  0.181627  ]
 [ 0.4131651  -0.08642998  0.11089858]
 [ 0.51051074 -0.08001423  0.        ]
 [-0.06739023 -0.07113527  0.5077989 ]
 [-0.27510387  0.1655697   0.34849894]
 [-0.1916644   0.21255448  0.05142516]
 [-0.2686935   0.31861734  0.03029466]
 [ 0.01019194 -0.01228505  0.7214341 ]
 [ 0.00730364 -0.04374707  0.9801862 ]
 [-0.09089229 -0.00515509  1.064652  ]
 [-0.03509659 -0.04773962  1.1740491 ]
 [-0.04304669 -0.155045    0.9458446 ]
 [ 0.02024259 -0.35764158  0.8579428 ]
 [-0.08027829 -0.38679042  0.6963172 ]
 [ 0.06730713  0.07407409  0.91025573]
 [ 0.047577    0.23710181  0.7185565 ]
 [-0.08330426  0.30353194  0.7743929 ]]
[[ 0.0000000e+00  0.0000000e+00  4.8616987e-01]
 [ 6.9515020e-02  7.2385132e-02  4.9144825e-01]
 [ 9.9227473e-02  1.7437448e-01  1.2851799e-01]
 [ 3.4942997e-01 -1.2824887e-01  1.2158397e-01]
 [ 4.6090993e-01 -1.4322454e-01  3.2770753e-02]
 [-6.9568880e-02 -7.2532170e-02  4.8088068e-01]
 [-2.4180183e-01  1.8641999e-01  3.0458003e-01]
 [-1.8520713e-01  3.1056666e-01  7.9035759e-04]
 [-2.6071405e-01  4.3889061e-01  0.0000000e+00]
 [ 8.0480892e-03 -3.1325966e-03  6.9335467e-01]
 [-4.3417248e-03 -2.9156119e-02  9.5275688e-01]
 [-9.8782346e-02  1.2696624e-02  1.0408959e+00]
 [-4.0919844e-02 -2.8275549e-02  1.1508725e+00]
 [-5.0517973e-02 -1.4303604e-01  9.1292006e-01]
 [-3.4124732e-02 -3.4109429e-01  7.6118791e-01]
 [-1.6221911e-01 -4.0332001e-01  6.3617587e-01]
 [ 5.6650259e-02  8.2181364e-02  8.8276184e-01]
 [ 5.9855644e-02  2.2109614e-01  6.7423809e-01]
 [-6.3323438e-02  3.2041645e-01  6.6159785e-01]]
[[ 0.          0.          0.51705384]
 [ 0.07466058  0.08033454  0.52058697]
 [ 0.0539916   0.29357877  0.18083802]
 [ 0.29493266 -0.01728916  0.21145916]
 [ 0.40927458 -0.03458637  0.11932135]
 [-0.07469126 -0.08051373  0.51349163]
 [-0.22588527  0.1573779   0.3257236 ]
 [-0.08811173  0.28636104  0.02058408]
 [-0.1571247   0.42361534  0.        ]
 [-0.00407217 -0.00204742  0.7257911 ]
 [-0.0198538  -0.03010824  0.9860618 ]
 [-0.09939949  0.01966131  1.0763311 ]
 [-0.0424044  -0.02751189  1.1835427 ]
 [-0.08413152 -0.13792497  0.94047034]
 [-0.100758   -0.31409985  0.75411457]
 [-0.22391522 -0.33663714  0.6982933 ]
 [ 0.06653784  0.07132038  0.9190438 ]
 [ 0.09329316  0.19649358  0.7177966 ]
 [ 0.01220992  0.29360154  0.6375627 ]]
[[ 0.          0.          0.52605855]
 [ 0.0699258   0.08276352  0.53340983]
 [ 0.01467362  0.33156452  0.23688734]
 [ 0.28476655  0.04646361  0.24017903]
 [ 0.37323916  0.05135787  0.12972629]
 [-0.06995663 -0.08293821  0.5186633 ]
 [-0.21331838  0.11161785  0.30973828]
 [-0.01170348  0.22361746  0.03756303]
 [-0.06946048  0.3485515   0.        ]
 [-0.00525755 -0.00902951  0.73495257]
 [-0.0144811  -0.03111219  0.99645627]
 [-0.09349196  0.01980507  1.0835629 ]
 [-0.03195696 -0.02485877  1.1924103 ]
 [-0.08492254 -0.14285636  0.9561727 ]
 [-0.14217807 -0.31937212  0.79629385]
 [-0.25288907 -0.40926167  0.75126153]
 [ 0.0769553   0.07265899  0.9247488 ]
 [ 0.15311947  0.18926121  0.74722457]
 [ 0.09722523  0.28933725  0.65531576]]
[[ 0.          0.          0.4883806 ]
 [ 0.06782238  0.07729688  0.49983594]
 [-0.08373839  0.3319926   0.28914106]
 [ 0.12229217  0.03275403  0.14157742]
 [ 0.14655387  0.07573119  0.03656119]
 [-0.06787619 -0.0774952   0.47681442]
 [-0.11637077  0.08495402  0.22426349]
 [ 0.13773492  0.12726068  0.07402244]
 [ 0.13989384  0.2418074   0.        ]
 [-0.00177793 -0.00416796  0.70134115]
 [ 0.00122754 -0.01039463  0.9628272 ]
 [-0.0627843   0.05163008  1.0445738 ]
 [-0.00262496  0.00529009  1.1507679 ]
 [-0.10675845 -0.11097834  0.93567836]
 [-0.25495917 -0.22851601  0.77533174]
 [-0.259832   -0.17073692  0.8155644 ]
 [ 0.11164317  0.07307476  0.8881642 ]
 [ 0.27167547  0.17594947  0.7688556 ]
 [ 0.24751782  0.32441035  0.6236459 ]]
[[ 0.          0.          0.5185607 ]
 [ 0.07207081  0.08034728  0.53186136]
 [-0.08364566  0.36412522  0.33002225]
 [-0.0789462   0.28715062  0.0363704 ]
 [-0.16357219  0.35941312  0.        ]
 [-0.07212953 -0.08052276  0.5051122 ]
 [ 0.01107297 -0.02895045  0.19570127]
 [ 0.29705006 -0.11773154  0.14993423]
 [ 0.39016822 -0.03471163  0.05962649]
 [ 0.01975775 -0.01486641  0.7351414 ]
 [ 0.05171212 -0.0194301   0.9972935 ]
 [ 0.00395302  0.05471075  1.0794837 ]
 [ 0.05920501  0.00809538  1.1802452 ]
 [-0.08580302 -0.09950873  0.9908907 ]
 [-0.2705164  -0.18333387  0.85990435]
 [-0.18138778 -0.00506622  0.8452538 ]
 [ 0.17571932  0.05490315  0.9165543 ]
 [ 0.35901082  0.10100031  0.80784357]
 [ 0.3591517   0.25159243  0.6512155 ]]
[[ 0.          0.          0.5400126 ]
 [ 0.07272355  0.07639831  0.5502119 ]
 [-0.05451474  0.37317455  0.33082977]
 [-0.05489895  0.3287189   0.03170997]
 [-0.13500729  0.40821955  0.        ]
 [-0.07277527 -0.07658035  0.52965474]
 [-0.02064981 -0.03895047  0.20053148]
 [ 0.26297584 -0.1559192   0.18567196]
 [ 0.37647367 -0.09504539  0.1044338 ]
 [ 0.02093489 -0.01963022  0.7565404 ]
 [ 0.05314535 -0.03489292  1.0168874 ]
 [ 0.00933893  0.0345819   1.1031247 ]
 [ 0.06034283 -0.01356602  1.2003876 ]
 [-0.08405851 -0.10978705  1.0132908 ]
 [-0.2623184  -0.21925738  0.87626195]
 [-0.21455857 -0.05813196  0.8083691 ]
 [ 0.17347372  0.04064289  0.93227476]
 [ 0.34186438  0.11129411  0.8026453 ]
 [ 0.33356908  0.30162388  0.6767782 ]]
[[ 0.          0.          0.568964  ]
 [ 0.07341177  0.0726519   0.578739  ]
 [-0.0206129   0.40321296  0.37173873]
 [ 0.00531444  0.37842774  0.04718238]
 [-0.08999991  0.48796076  0.        ]
 [-0.07346177 -0.0728375   0.55903685]
 [-0.08800626 -0.05019888  0.21263826]
 [ 0.21260506 -0.22535998  0.22859734]
 [ 0.34570727 -0.20516223  0.16544741]
 [ 0.02333431 -0.00528271  0.78669035]
 [ 0.05921339 -0.00612226  1.0467663 ]
 [ 0.02011473  0.06438249  1.1354847 ]
 [ 0.06919146  0.01348412  1.2302818 ]
 [-0.07624922 -0.08058766  1.0439389 ]
 [-0.24471211 -0.20024116  0.8995869 ]
 [-0.23440625 -0.08285309  0.8230096 ]
 [ 0.17348634  0.06696549  0.9596544 ]
 [ 0.32180822  0.16655175  0.8104433 ]
 [ 0.29073572  0.39036417  0.7310636 ]]
[[ 0.          0.          0.59506506]
 [ 0.08340624  0.07146585  0.6008275 ]
 [ 0.0102582   0.3869265   0.3860876 ]
 [ 0.07269489  0.31572384  0.05281842]
 [-0.02868316  0.4414249   0.        ]
 [-0.08345431 -0.07166064  0.589168  ]
 [-0.14547443  0.01088834  0.2752396 ]
 [ 0.15411608 -0.18162718  0.28826636]
 [ 0.2675478  -0.15059134  0.21414548]
 [ 0.02385092 -0.00564575  0.81234384]
 [ 0.05946489 -0.0079568   1.0729048 ]
 [ 0.01261701  0.06139475  1.1607454 ]
 [ 0.06276932  0.00848258  1.2602842 ]
 [-0.07741938 -0.08623892  1.0687597 ]
 [-0.23958251 -0.21172851  0.93865967]
 [-0.22661415 -0.09590799  0.8746145 ]
 [ 0.1719886   0.07288364  0.9865531 ]
 [ 0.2651138   0.20778564  0.8240055 ]
 [ 0.19869782  0.39742294  0.8083414 ]]
[[ 0.          0.          0.67297477]
 [ 0.08712503  0.06862292  0.6762472 ]
 [ 0.15116586  0.3122032   0.39445704]
 [ 0.28384838  0.21279722  0.08333343]
 [ 0.22105329  0.34794948  0.        ]
 [-0.0871933  -0.06883494  0.6696098 ]
 [-0.24519822  0.16471815  0.45896277]
 [ 0.00427489 -0.08105862  0.36243874]
 [ 0.02839724 -0.03174752  0.27548134]
 [ 0.02285281 -0.01148288  0.88651544]
 [ 0.05352253 -0.03068769  1.145198  ]
 [-0.00796937  0.02458113  1.2323589 ]
 [ 0.03741976 -0.02018005  1.3397923 ]
 [-0.06986997 -0.11511096  1.1351962 ]
 [-0.1754363  -0.24691173  1.0554194 ]
 [-0.16963778 -0.1676453   0.9953269 ]
 [ 0.1478854   0.07093483  1.0604175 ]
 [ 0.13178778  0.2790283   0.9110277 ]
 [ 0.0448885   0.40730086  1.0013472 ]]
[[ 0.          0.          0.65203923]
 [ 0.07611756  0.07049312  0.65433013]
 [ 0.296444    0.20437416  0.32838386]
 [ 0.4942993   0.11942559  0.11962712]
 [ 0.48052534  0.21463314  0.        ]
 [-0.07614807 -0.07065663  0.6497053 ]
 [-0.30510217  0.15348032  0.5065826 ]
 [-0.30725545  0.02625853  0.2102316 ]
 [-0.3873915   0.12339783  0.16948092]
 [ 0.02592403 -0.01948452  0.85554546]
 [ 0.06196009 -0.04993454  1.110803  ]
 [-0.01205515 -0.01375771  1.1992364 ]
 [ 0.03408956 -0.05343884  1.3125987 ]
 [-0.02567722 -0.15354896  1.0931178 ]
 [-0.07512358 -0.3462806   1.0887773 ]
 [-0.06363259 -0.32855546  1.1187923 ]
 [ 0.1266778   0.07825392  1.0335042 ]
 [ 0.00174385  0.2829008   0.8988423 ]
 [-0.10635883  0.33093077  1.0289325 ]]
[[ 0.          0.          0.62371135]
 [ 0.07364449  0.0738508   0.62716347]
 [ 0.26675016  0.10468814  0.26134467]
 [ 0.5073252  -0.04950678  0.13209558]
 [ 0.51397765  0.0210734   0.        ]
 [-0.07368527 -0.07403211  0.6202257 ]
 [-0.3009164   0.15926304  0.4355085 ]
 [-0.3717163   0.12009412  0.11825156]
 [-0.45396423  0.22576505  0.11291361]
 [ 0.02669785 -0.02144687  0.83584934]
 [ 0.05822034 -0.04451555  1.093861  ]
 [-0.00857656 -0.00726801  1.1843016 ]
 [ 0.03270724 -0.04914033  1.2941557 ]
 [-0.02531097 -0.14737415  1.074198  ]
 [-0.05484818 -0.32845077  1.1129708 ]
 [-0.03173018 -0.33518544  1.1648213 ]
 [ 0.12849034  0.07721195  1.0164746 ]
 [ 0.01590448  0.28174216  0.84822685]
 [-0.12178481  0.3381148   0.9134954 ]]
[[ 0.          0.          0.57081705]
 [ 0.07320415  0.07117501  0.5728129 ]
 [ 0.25787395  0.07314026  0.19079638]
 [ 0.5017382  -0.13454342  0.12673321]
 [ 0.5352943  -0.08562905  0.        ]
 [-0.0732633  -0.07136246  0.5687827 ]
 [-0.2726696   0.2032446   0.36500397]
 [-0.33720547  0.2020886   0.03054219]
 [-0.4340098   0.3207539   0.02186805]
 [ 0.02701524 -0.02242029  0.78436613]
 [ 0.05454035 -0.04068428  1.0437362 ]
 [-0.00742047 -0.00563264  1.1326408 ]
 [ 0.03678584 -0.05068588  1.2391002 ]
 [-0.02894427 -0.13750404  1.0263591 ]
 [-0.04402674 -0.30845925  1.0918531 ]
 [-0.03524387 -0.35710835  1.141607  ]
 [ 0.12835895  0.07093161  0.9643588 ]
 [ 0.03626146  0.27135155  0.77954155]
 [-0.10212411  0.34559023  0.78242564]]
[[ 0.          0.          0.58961546]
 [ 0.07026719  0.06937849  0.58991677]
 [ 0.25424635  0.04669744  0.19380954]
 [ 0.50128424 -0.19127321  0.19032425]
 [ 0.5406014  -0.17654687  0.06602573]
 [-0.07034406 -0.06954269  0.5892814 ]
 [-0.23860377  0.23253489  0.3810559 ]
 [-0.32459283  0.22137025  0.01759452]
 [-0.42989975  0.3516482   0.        ]
 [ 0.03131903 -0.02345575  0.8046931 ]
 [ 0.05962045 -0.03711069  1.0639286 ]
 [-0.00809247 -0.00956368  1.1517638 ]
 [ 0.03796104 -0.05266696  1.2536968 ]
 [-0.00655301 -0.13394791  1.0439095 ]
 [-0.00389167 -0.3167518   1.1417537 ]
 [-0.0312578  -0.41549715  1.2017618 ]
 [ 0.13018364  0.06926697  0.98419344]
 [ 0.06446203  0.24827716  0.79743093]
 [-0.04157254  0.3246352   0.76879346]]
[[ 0.          0.          0.58623624]
 [ 0.07894599  0.05339669  0.58231014]
 [ 0.22186834 -0.01067132  0.18690223]
 [ 0.41951823 -0.38245004  0.23026717]
 [ 0.48339325 -0.40748274  0.18686604]
 [-0.07902301 -0.05354921  0.59012645]
 [-0.18058246  0.290119    0.38793427]
 [-0.24115011  0.27788246  0.01626515]
 [-0.33108404  0.4457805   0.        ]
 [ 0.03447972 -0.02383693  0.80240476]
 [ 0.06038149 -0.0425745   1.060799  ]
 [-0.0083122  -0.00913674  1.1491121 ]
 [ 0.0360398  -0.0577879   1.2471342 ]
 [-0.00646574 -0.12619087  1.0348204 ]
 [-0.01278678 -0.28989837  1.1477857 ]
 [-0.03045481 -0.37941325  1.2409811 ]
 [ 0.13839994  0.05320174  0.98164546]
 [ 0.11657933  0.2434052   0.8061556 ]
 [ 0.05823032  0.32422104  0.7648442 ]]
[[ 0.          0.          0.60697395]
 [ 0.07489662  0.0495141   0.6057253 ]
 [ 0.20578039 -0.02443796  0.21495017]
 [ 0.4014641  -0.42024124  0.30902696]
 [ 0.46542466 -0.44939607  0.27265996]
 [-0.07497436 -0.04964321  0.608173  ]
 [-0.14844356  0.28873298  0.3977716 ]
 [-0.18373209  0.28422302  0.02975017]
 [-0.2676443   0.45261446  0.        ]
 [ 0.03573011 -0.02716669  0.82439965]
 [ 0.05896376 -0.05207583  1.0820553 ]
 [-0.00863949 -0.01183856  1.1699809 ]
 [ 0.03256344 -0.06823635  1.2660255 ]
 [-0.00693557 -0.12720317  1.0539268 ]
 [-0.01269617 -0.27269405  1.2066011 ]
 [-0.01937109 -0.29685724  1.3215721 ]
 [ 0.14310184  0.03552544  1.0090076 ]
 [ 0.16909198  0.22639447  0.8465287 ]
 [ 0.14378734  0.31659174  0.81154704]]
[[ 0.          0.          0.61200565]
 [ 0.07274594  0.04616512  0.6109404 ]
 [ 0.16688862 -0.01574689  0.22520712]
 [ 0.35734183 -0.44645068  0.35635594]
 [ 0.43077838 -0.4931861   0.3334715 ]
 [-0.07281835 -0.04630405  0.61302376]
 [-0.14580953  0.2775937   0.39616507]
 [-0.14634818  0.24521178  0.03883141]
 [-0.21604681  0.40451258  0.        ]
 [ 0.03511351 -0.0258944   0.83035415]
 [ 0.05279121 -0.05548412  1.0873717 ]
 [-0.02317164 -0.01705563  1.1738195 ]
 [ 0.02104022 -0.06955576  1.2706878 ]
 [-0.00724597 -0.12839314  1.0622251 ]
 [-0.03604841 -0.277565    1.2305435 ]
 [-0.03574243 -0.26401907  1.364774  ]
 [ 0.13999608  0.02657416  1.0157734 ]
 [ 0.19837923  0.23099583  0.8852111 ]
 [ 0.18576139  0.31307653  0.8697192 ]]
[[ 0.00000000e+00  0.00000000e+00  6.16244435e-01]
 [ 7.80023187e-02  5.40040284e-02  6.11045778e-01]
 [ 1.18080065e-01  4.03890014e-02  2.49618053e-01]
 [ 3.31963599e-01 -3.63700181e-01  4.20809388e-01]
 [ 4.05488372e-01 -4.24929470e-01  4.26587641e-01]
 [-7.80694932e-02 -5.41441552e-02  6.21372819e-01]
 [-1.44185483e-01  2.59810984e-01  4.05846596e-01]
 [-9.39249247e-02  1.36121184e-01  6.92906380e-02]
 [-1.57295376e-01  2.85679102e-01  0.00000000e+00]
 [ 3.35225090e-02 -2.85495967e-02  8.34141731e-01]
 [ 4.10677940e-02 -6.00599647e-02  1.09175003e+00]
 [-4.32811752e-02 -2.33833790e-02  1.17657042e+00]
 [ 5.96208498e-04 -7.18484521e-02  1.27320206e+00]
 [-2.27287300e-02 -1.40670896e-01  1.06679130e+00]
 [-8.01957622e-02 -3.00631493e-01  1.26666117e+00]
 [-8.67038816e-02 -2.60277092e-01  1.41693795e+00]
 [ 1.41530812e-01  2.81332433e-02  1.02793121e+00]
 [ 2.35042229e-01  2.43753493e-01  9.58421171e-01]
 [ 2.36488745e-01  3.24066520e-01  1.00711429e+00]]
[[ 0.          0.          0.5837378 ]
 [ 0.08373029  0.0660489   0.5786957 ]
 [ 0.04310331  0.12087125  0.24645942]
 [ 0.26350874 -0.3094814   0.4091689 ]
 [ 0.3371929  -0.3629759   0.42304206]
 [-0.0838005  -0.06623057  0.58870745]
 [-0.16766876  0.21533497  0.36512443]
 [-0.03616508  0.06041887  0.10281998]
 [-0.08497998  0.19532058  0.        ]
 [ 0.02536718 -0.0244859   0.8022815 ]
 [ 0.01840323 -0.0470722   1.0624934 ]
 [-0.07754685 -0.009808    1.1395566 ]
 [-0.03670519 -0.04695928  1.2419614 ]
 [-0.04988369 -0.13797295  1.0396999 ]
 [-0.15391277 -0.29514703  1.2487051 ]
 [-0.17400028 -0.21573406  1.4012733 ]
 [ 0.1278229   0.04934472  1.0030463 ]
 [ 0.24645558  0.25647116  1.0081128 ]
 [ 0.25165176  0.3154246   1.1032588 ]]
[[ 0.00000000e+00  0.00000000e+00  5.17132401e-01]
 [ 8.81141424e-02  7.49523565e-02  5.10004044e-01]
 [-6.62196428e-02  2.30173141e-01  2.48612523e-01]
 [ 1.52416065e-01 -2.04839274e-01  2.91649699e-01]
 [ 2.02059537e-01 -2.35032812e-01  2.75389671e-01]
 [-8.81737545e-02 -7.51737654e-02  5.24184585e-01]
 [-2.20287800e-01  1.62822857e-01  2.95256615e-01]
 [-8.07357952e-04 -2.66733468e-02  1.35540128e-01]
 [-1.71975791e-02  7.52945244e-02  0.00000000e+00]
 [ 6.78781979e-03 -1.01754665e-02  7.38165081e-01]
 [-1.64640192e-02 -1.84971094e-02  1.00107169e+00]
 [-1.19494125e-01  2.66675353e-02  1.06863594e+00]
 [-9.83209312e-02 -2.12275982e-03  1.17580390e+00]
 [-9.69962552e-02 -1.16533220e-01  9.76376534e-01]
 [-2.53617048e-01 -2.53157467e-01  1.15902257e+00]
 [-2.88703501e-01 -1.51555240e-01  1.29648530e+00]
 [ 9.28294733e-02  8.14510584e-02  9.52118874e-01]
 [ 1.96448684e-01  2.96406001e-01  1.06167483e+00]
 [ 1.82076946e-01  3.95714283e-01  1.20949090e+00]]
[[ 0.          0.          0.43152335]
 [ 0.08443344  0.08354972  0.4212526 ]
 [-0.16592482  0.31704146  0.27534312]
 [ 0.01379712 -0.02446482  0.11890286]
 [ 0.00159723  0.04474074  0.008919  ]
 [-0.08446769 -0.08378379  0.44169873]
 [-0.31276524  0.11927296  0.25336152]
 [-0.0306245  -0.11711106  0.13003144]
 [-0.05288231 -0.06804433  0.        ]
 [-0.03275558  0.01095627  0.6522173 ]
 [-0.08054829  0.02468279  0.91243446]
 [-0.1918869   0.07821864  0.9708078 ]
 [-0.19423163  0.06145978  1.0824504 ]
 [-0.16470006 -0.08178103  0.8881788 ]
 [-0.3617348  -0.14418536  1.0117756 ]
 [-0.41361922 -0.00288421  1.1412634 ]
 [ 0.02101025  0.13999468  0.87260664]
 [ 0.04568086  0.34298116  1.0624977 ]
 [-0.03960571  0.4048093   1.1954426 ]]
[[ 0.          0.          0.48751795]
 [ 0.07387889  0.08492643  0.47755462]
 [-0.21275616  0.30851912  0.3910702 ]
 [-0.13293967  0.07611457  0.08526093]
 [-0.17411292  0.16728234  0.        ]
 [-0.07389507 -0.08514871  0.49741107]
 [-0.3643497   0.10267574  0.36599815]
 [-0.13412394 -0.10884288  0.17874002]
 [-0.18338373 -0.06643394  0.06721455]
 [-0.06029271  0.01674874  0.70695627]
 [-0.12790234  0.03832203  0.96042943]
 [-0.2464208   0.09559065  0.99885947]
 [-0.25651386  0.08743906  1.1160455 ]
 [-0.20437367 -0.07435271  0.9406312 ]
 [-0.41427237 -0.11378872  1.0259463 ]
 [-0.47954625  0.0458498   1.1509547 ]
 [-0.04192419  0.16981852  0.92995787]
 [-0.09844571  0.40364033  1.0726521 ]
 [-0.23227084  0.43647754  1.1373018 ]]
[[ 0.          0.          0.48278752]
 [ 0.06890427  0.08337662  0.46981406]
 [-0.21930736  0.2917456   0.42597678]
 [-0.25876257  0.13988176  0.0442014 ]
 [-0.3360495   0.23906577  0.        ]
 [-0.06888907 -0.08359641  0.49571675]
 [-0.38247293  0.12543684  0.42521715]
 [-0.24432445 -0.03713101  0.138886  ]
 [-0.29473305  0.01339701  0.05456182]
 [-0.07738201  0.02500854  0.6985702 ]
 [-0.16013023  0.0591076   0.9401928 ]
 [-0.29603416  0.12204993  0.9587921 ]
 [-0.32057172  0.11696231  1.0768205 ]
 [-0.21857724 -0.05992419  0.92418426]
 [-0.4767869  -0.06722656  0.9576415 ]
 [-0.5561589   0.11032438  1.0841104 ]
 [-0.09589672  0.1942985   0.9100185 ]
 [-0.22353947  0.40870893  0.9481457 ]
 [-0.41857255  0.3730982   0.962402  ]]
[[ 0.          0.          0.43769175]
 [ 0.06170231  0.08986317  0.42449948]
 [-0.23490751  0.299544    0.4087175 ]
 [-0.33996826  0.23669201  0.00650138]
 [-0.43517083  0.34127468  0.        ]
 [-0.06165626 -0.09006456  0.45085815]
 [-0.38543564  0.10332119  0.41483068]
 [-0.3541847   0.03643903  0.06328559]
 [-0.42306828  0.09044048  0.02696729]
 [-0.09681632  0.03994027  0.64620197]
 [-0.19755957  0.0903056   0.8742674 ]
 [-0.32861862  0.15267825  0.87568456]
 [-0.35762227  0.15812093  0.9945793 ]
 [-0.2528679  -0.02834558  0.86154056]
 [-0.52900803  0.01084721  0.81100273]
 [-0.60242945  0.2106384   0.849947  ]
 [-0.142485    0.22290364  0.8382772 ]
 [-0.28687155  0.396742    0.805283  ]
 [-0.48696095  0.32725006  0.79157805]]
[[ 0.          0.          0.41014293]
 [ 0.06016452  0.09334983  0.3995707 ]
 [-0.24681163  0.32361126  0.39589584]
 [-0.37575477  0.3121873   0.        ]
 [-0.47608435  0.42739007  0.01501837]
 [-0.06011794 -0.09353813  0.42069513]
 [-0.38473684  0.10804307  0.40016723]
 [-0.43806678  0.09238854  0.05514932]
 [-0.5176622   0.14203684  0.04470012]
 [-0.10999691  0.04748574  0.60990745]
 [-0.2259584   0.1035952   0.82597864]
 [-0.36368668  0.17409754  0.82150656]
 [-0.39642644  0.1865564   0.93406117]
 [-0.27291283 -0.01973605  0.8136382 ]
 [-0.51059353 -0.01685509  0.69486225]
 [-0.57071877  0.1552107   0.703781  ]
 [-0.16932312  0.2332274   0.78572774]
 [-0.27480763  0.3975627   0.67722034]
 [-0.46550095  0.3267916   0.61473954]]
[[ 0.          0.          0.38892996]
 [ 0.06099307  0.09536234  0.38272974]
 [-0.24918157  0.3272953   0.3803591 ]
 [-0.41354984  0.3624823   0.        ]
 [-0.512149    0.47742254  0.03753012]
 [-0.06095744 -0.09552699  0.39511612]
 [-0.37503344  0.12240066  0.38554093]
 [-0.49969262  0.17411432  0.05051678]
 [-0.5963788   0.23059985  0.07076809]
 [-0.12557861  0.05790085  0.57663333]
 [-0.26186723  0.12184289  0.77916586]
 [-0.39426336  0.19617754  0.76158935]
 [-0.42028925  0.21620202  0.87196386]
 [-0.3004958  -0.00654376  0.7670405 ]
 [-0.47407502 -0.09234583  0.6055579 ]
 [-0.52320683 -0.00353205  0.5482707 ]
 [-0.19722018  0.24395633  0.7340367 ]
 [-0.23637664  0.4110862   0.57734203]
 [-0.39362055  0.37188774  0.45393944]]
[[ 0.          0.          0.367046  ]
 [ 0.06008241  0.0944144   0.3655504 ]
 [-0.24384332  0.32751617  0.3585747 ]
 [-0.42557782  0.42144558  0.        ]
 [-0.5281981   0.5343149   0.05064541]
 [-0.06006566 -0.09455101  0.3685363 ]
 [-0.3734854   0.12909868  0.36683717]
 [-0.5017743   0.24813706  0.0345439 ]
 [-0.5994568   0.31213647  0.06668741]
 [-0.13074112  0.06258     0.5458734 ]
 [-0.27612668  0.13685492  0.7391563 ]
 [-0.41495812  0.21490747  0.71226037]
 [-0.4409809   0.23631036  0.82509524]
 [-0.30541974  0.00307313  0.7323849 ]
 [-0.42105812 -0.14398925  0.5790216 ]
 [-0.42805487 -0.15137304  0.4968307 ]
 [-0.20422143  0.25062746  0.6908251 ]
 [-0.19633633  0.40345126  0.5170712 ]
 [-0.28877467  0.37851784  0.38172302]]
[[ 0.          0.          0.35072562]
 [ 0.05894798  0.0972643   0.35694623]
 [-0.22281888  0.3186302   0.3346426 ]
 [-0.41255975  0.44205117  0.        ]
 [-0.5107299   0.5534998   0.06201434]
 [-0.05896243 -0.0973879   0.34449106]
 [-0.34754568  0.15250823  0.33159095]
 [-0.48742115  0.33280092  0.0228987 ]
 [-0.59666896  0.40830424  0.0745917 ]
 [-0.13811271  0.05649637  0.51771927]
 [-0.30164215  0.12479937  0.7006407 ]
 [-0.4447986   0.21166587  0.66283107]
 [-0.46580923  0.23185813  0.77167976]
 [-0.32094485 -0.00498027  0.6993432 ]
 [-0.29754865 -0.1900338   0.56284815]
 [-0.21631938 -0.259359    0.45708716]
 [-0.21482119  0.23338515  0.65597737]
 [-0.09125668  0.36322707  0.4757516 ]
 [-0.06486803  0.3632584   0.31641904]]
[[ 0.          0.          0.29653972]
 [ 0.05981307  0.09771913  0.30855957]
 [-0.21616626  0.33650112  0.3029369 ]
 [-0.3718453   0.46703845  0.        ]
 [-0.4691218   0.57558304  0.06162173]
 [-0.05984357 -0.09782401  0.2844972 ]
 [-0.35470295  0.14804842  0.28832912]
 [-0.48568815  0.33243358  0.00400606]
 [-0.59975064  0.41124558  0.05005983]
 [-0.13010493  0.04112738  0.4580658 ]
 [-0.2946241   0.09647512  0.6412331 ]
 [-0.4487143   0.18807048  0.6049104 ]
 [-0.4688837   0.20232594  0.71355355]
 [-0.3118769  -0.03195813  0.6364641 ]
 [-0.2506247  -0.23596281  0.54212224]
 [-0.15710407 -0.33328357  0.44393784]
 [-0.19863665  0.20204276  0.6078181 ]
 [-0.02375096  0.30280927  0.46377975]
 [ 0.05720376  0.2877839   0.30893606]]
[[ 0.          0.          0.25066543]
 [ 0.06191605  0.09808283  0.263089  ]
 [-0.23105481  0.35249186  0.29233846]
 [-0.34307128  0.44251704  0.        ]
 [-0.4377492   0.5504625   0.05323553]
 [-0.06194906 -0.09819245  0.23821212]
 [-0.36748177  0.17571777  0.28070095]
 [-0.4706391   0.3211166   0.00818223]
 [-0.57913667  0.4024619   0.04379866]
 [-0.12632892  0.02686484  0.40997085]
 [-0.2850908   0.07042572  0.5967151 ]
 [-0.44131756  0.15946898  0.5700297 ]
 [-0.4514733   0.16929361  0.6751675 ]
 [-0.30361435 -0.05798316  0.5855912 ]
 [-0.2392185  -0.2747978   0.49001914]
 [-0.14830947 -0.39759657  0.39063323]
 [-0.18972537  0.17800865  0.56453276]
 [ 0.0025445   0.2795055   0.438024  ]
 [ 0.111939    0.27540547  0.29491162]]
[[ 0.          0.          0.17550829]
 [ 0.0690541   0.09261661  0.19185732]
 [-0.21112588  0.36927915  0.2751609 ]
 [-0.2670891   0.45923138  0.        ]
 [-0.35654318  0.56081647  0.05358565]
 [-0.06908582 -0.09271125  0.15912727]
 [-0.38337317  0.18405384  0.2642682 ]
 [-0.42790526  0.3107387   0.00177541]
 [-0.5240257   0.3997598   0.03042027]
 [-0.11795285  0.00228934  0.3310015 ]
 [-0.2634369   0.0256798   0.5193108 ]
 [-0.41511852  0.11754939  0.4936076 ]
 [-0.41846645  0.11109132  0.6074519 ]
 [-0.29753232 -0.09376347  0.50066   ]
 [-0.24689597 -0.3027747   0.39467594]
 [-0.12735175 -0.41663626  0.29542142]
 [-0.1600778   0.13220099  0.4936973 ]
 [ 0.03619373  0.24700388  0.3604021 ]
 [ 0.17117031  0.28327066  0.2445862 ]]
[[ 0.          0.          0.1442942 ]
 [ 0.07350969  0.09067781  0.16046304]
 [-0.20081061  0.37154463  0.29080677]
 [-0.24048844  0.41103265  0.        ]
 [-0.3258039   0.50879097  0.03959092]
 [-0.07354335 -0.09078084  0.12809207]
 [-0.4042889   0.20621236  0.27458918]
 [-0.4185323   0.32587388  0.01126413]
 [-0.50383234  0.42298752  0.01940255]
 [-0.1027763  -0.02103604  0.29160103]
 [-0.23190495 -0.02166811  0.47514272]
 [-0.37521136  0.07148129  0.4469176 ]
 [-0.36394823  0.05988169  0.5482907 ]
 [-0.27401614 -0.13398525  0.4492775 ]
 [-0.21915662 -0.34590155  0.32247728]
 [-0.14458938 -0.46274835  0.23277679]
 [-0.12021916  0.08501765  0.45609668]
 [ 0.08833677  0.21152799  0.33580342]
 [ 0.20287287  0.32336292  0.24734694]]
[[ 0.          0.          0.10079384]
 [ 0.08622609  0.08459225  0.12406248]
 [-0.1754882   0.4168297   0.2865777 ]
 [-0.15913934  0.43380278  0.        ]
 [-0.23943692  0.5420362   0.04329154]
 [-0.08624335 -0.08468262  0.07748132]
 [-0.42835248  0.25043783  0.22963671]
 [-0.41255075  0.35856557  0.01833659]
 [-0.49639285  0.46327052  0.04264258]
 [-0.07865614 -0.07812246  0.23878784]
 [-0.17746969 -0.13301463  0.42038184]
 [-0.32612103 -0.04260257  0.4152327 ]
 [-0.31124577 -0.06968501  0.50347584]
 [-0.24196875 -0.22858357  0.37774205]
 [-0.22708438 -0.42069045  0.26411146]
 [-0.21960649 -0.4520425   0.2245656 ]
 [-0.05848027 -0.02476653  0.4134057 ]
 [ 0.12787037  0.13593009  0.3339235 ]
 [ 0.19694605  0.29460585  0.2886817 ]]
[[ 0.          0.          0.05520895]
 [ 0.09188397  0.06956649  0.07941927]
 [-0.16247499  0.3994484   0.31583977]
 [ 0.00893763  0.2863929   0.        ]
 [-0.03864238  0.3909843   0.01788315]
 [-0.09188029 -0.06971331  0.03093046]
 [-0.47242552  0.28644806  0.16577566]
 [-0.32915002  0.23745385  0.04246028]
 [-0.4011579   0.31914645  0.03955013]
 [-0.01883844 -0.13021548  0.16343117]
 [-0.05535206 -0.2702965   0.3256435 ]
 [-0.17694692 -0.21508574  0.38541535]
 [-0.12916403 -0.2618822   0.4442853 ]
 [-0.14160778 -0.33065832  0.25010046]
 [-0.25375494 -0.45186204  0.12964383]
 [-0.37185806 -0.30238953  0.18883643]
 [ 0.04648621 -0.16789268  0.32542667]
 [ 0.11816983  0.06283957  0.27023894]
 [ 0.04653068  0.2316944   0.37391743]]
[[ 0.          0.          0.03551909]
 [ 0.08743995  0.06892228  0.07097461]
 [-0.17188624  0.37360683  0.31608644]
 [ 0.05634706  0.3329715   0.01024088]
 [-0.00721206  0.4300845   0.03997612]
 [-0.08742537 -0.06906316  0.        ]
 [-0.4668653   0.28687716  0.11652834]
 [-0.29924023  0.27355316  0.08050026]
 [-0.35703894  0.33967844  0.11682513]
 [-0.00539389 -0.15181682  0.1343836 ]
 [-0.02475728 -0.31499618  0.28477338]
 [-0.14206049 -0.26655555  0.350981  ]
 [-0.08337089 -0.3271907   0.40556803]
 [-0.11425893 -0.3645991   0.20216045]
 [-0.22018078 -0.4479706   0.06886333]
 [-0.33550766 -0.27432737  0.1458884 ]
 [ 0.06481062 -0.21146993  0.28760552]
 [ 0.07319292  0.01016773  0.24915938]
 [ 0.001776    0.13743746  0.36928463]]
[[ 0.          0.          0.05604558]
 [ 0.06601712  0.06397069  0.10425772]
 [-0.20857936  0.3126123   0.36356884]
 [ 0.11527342  0.39301318  0.07409652]
 [-0.03552726  0.48246667  0.20565628]
 [-0.06599469 -0.06406644  0.00777705]
 [-0.4797864   0.21724637  0.09584405]
 [-0.30244574  0.2910508   0.01625753]
 [-0.31701267  0.36075622  0.        ]
 [ 0.01117367 -0.15631054  0.12687339]
 [ 0.0028486  -0.3564744   0.23738605]
 [-0.12483755 -0.3334116   0.297383  ]
 [-0.04531506 -0.40174538  0.3406918 ]
 [-0.06417447 -0.39481995  0.1417443 ]
 [-0.1945784  -0.42345485  0.04957949]
 [-0.30734488 -0.33720022  0.15775754]
 [ 0.06109829 -0.24467066  0.2662    ]
 [-0.00897269  0.02833652  0.29791555]
 [-0.10446548  0.12495077  0.4059047 ]]
[[ 0.          0.          0.0586557 ]
 [ 0.05250902  0.06516364  0.11726759]
 [-0.2041111   0.31137684  0.3597067 ]
 [ 0.1340566   0.46096215  0.10133734]
 [-0.06210431  0.55847496  0.32692966]
 [-0.05247727 -0.06525445  0.        ]
 [-0.4612528   0.19114706  0.06401451]
 [-0.33924055  0.2908056   0.04343854]
 [-0.3442586   0.32616335  0.0632044 ]
 [ 0.02238016 -0.14888757  0.12419087]
 [ 0.0229087  -0.35914916  0.22694957]
 [-0.1029131  -0.34882882  0.28873205]
 [-0.02079891 -0.41540074  0.33006033]
 [-0.03022113 -0.39343518  0.11935847]
 [-0.18307415 -0.40864903  0.0322732 ]
 [-0.30571043 -0.33419865  0.15912488]
 [ 0.06432998 -0.2419167   0.26968035]
 [-0.03736143  0.04051027  0.3214694 ]
 [-0.09752077  0.12069821  0.39262304]]
[[ 0.          0.          0.06217687]
 [ 0.05065363  0.06205244  0.12431095]
 [-0.18796965  0.30428118  0.36154652]
 [ 0.16203478  0.4674154   0.11676119]
 [-0.03690791  0.5713812   0.37298912]
 [-0.0506315  -0.06215264  0.        ]
 [-0.45316297  0.18373436  0.04517905]
 [-0.333476    0.25407767  0.04285844]
 [-0.3346007   0.28698966  0.06810878]
 [ 0.03221794 -0.15093055  0.11892413]
 [ 0.04354137 -0.36710173  0.21874644]
 [-0.07704973 -0.36751774  0.28665036]
 [ 0.00262143 -0.42842358  0.3290485 ]
 [-0.00997551 -0.39487422  0.10878442]
 [-0.17884605 -0.37710458  0.03278892]
 [-0.31583944 -0.31920648  0.16629504]
 [ 0.07820798 -0.25006318  0.2615794 ]
 [-0.05150636  0.03363991  0.31979132]
 [-0.12159204  0.08634108  0.4076624 ]]
