[[ 0.          0.          0.7574858 ]
 [ 0.09769448  0.04576492  0.7680956 ]
 [ 0.23323543  0.26104409  0.4296708 ]
 [ 0.4037854   0.11305571  0.12300187]
 [ 0.39219624  0.21959043  0.        ]
 [-0.09776698 -0.04596789  0.74682033]
 [-0.23632962  0.25584245  0.596002  ]
 [-0.16713107  0.13507122  0.16734195]
 [-0.2102198   0.24138752  0.06626844]
 [-0.02150354  0.06984621  0.9705579 ]
 [-0.04896363  0.16154829  1.2148467 ]
 [-0.11875728  0.24784893  1.2534631 ]
 [-0.12642616  0.21849728  1.3685999 ]
 [-0.17352785  0.09660387  1.1980643 ]
 [-0.10417713 -0.12299846  1.0679884 ]
 [-0.08378298 -0.22331308  0.90417945]
 [ 0.08051602  0.2103582   1.1692904 ]
 [ 0.00141975  0.33886826  0.9345275 ]
 [-0.15909061  0.41143495  1.0238441 ]]
[[ 0.          0.          0.7303813 ]
 [ 0.09623964  0.04761336  0.739099  ]
 [ 0.22702359  0.22421685  0.37851894]
 [ 0.41279405  0.04872411  0.12698364]
 [ 0.4158049   0.13463521  0.        ]
 [-0.09630775 -0.04780542  0.72161156]
 [-0.2372973   0.24742018  0.5587051 ]
 [-0.19057038  0.20289719  0.1158613 ]
 [-0.24712658  0.31635523  0.03862649]
 [-0.02482539  0.06146289  0.9476813 ]
 [-0.06012398  0.14717615  1.1939578 ]
 [-0.13717549  0.23506919  1.2235909 ]
 [-0.14176397  0.21077603  1.3417039 ]
 [-0.17992038  0.07811213  1.1793656 ]
 [-0.1005022  -0.14730506  1.0744817 ]
 [-0.07136551 -0.2576607   0.9017308 ]
 [ 0.07089447  0.19731197  1.1514041 ]
 [ 0.00424172  0.3517479   0.9264041 ]
 [-0.12404329  0.46490222  1.0412432 ]]
[[ 0.          0.          0.70042086]
 [ 0.0998724   0.04903156  0.70697033]
 [ 0.18950057  0.20533092  0.31412482]
 [ 0.36011302 -0.0586549   0.15406781]
 [ 0.37611902 -0.00681615  0.02587241]
 [-0.09995417 -0.04922707  0.6938273 ]
 [-0.22657084  0.24111964  0.4941262 ]
 [-0.19854447  0.2876656   0.05115968]
 [-0.26325238  0.413093    0.        ]
 [-0.02844955  0.05384636  0.9193659 ]
 [-0.07244679  0.1326501   1.1675358 ]
 [-0.16151488  0.22146422  1.1946553 ]
 [-0.16419342  0.19574285  1.3118908 ]
 [-0.1878128   0.05976239  1.1454802 ]
 [-0.1078418  -0.16042402  1.0464233 ]
 [-0.09236184 -0.2861284   0.8636749 ]
 [ 0.06294627  0.17977002  1.1288449 ]
 [ 0.04373208  0.34071156  0.9040854 ]
 [-0.05811676  0.4930644   0.9943098 ]]
[[ 0.          0.          0.7216997 ]
 [ 0.09846884  0.04828212  0.72789294]
 [ 0.1453522   0.24688743  0.34013832]
 [ 0.3017788  -0.05574191  0.20826352]
 [ 0.32424504 -0.01772529  0.07853299]
 [-0.09855087 -0.04849118  0.71546096]
 [-0.20263195  0.22623408  0.47813594]
 [-0.1780729   0.29571557  0.03754592]
 [-0.24250966  0.4197954   0.        ]
 [-0.04016093  0.05124685  0.93933344]
 [-0.0912734   0.13018519  1.1845906 ]
 [-0.175738    0.21979743  1.2090229 ]
 [-0.17791331  0.1975053   1.326222  ]
 [-0.21134081  0.06513038  1.1606373 ]
 [-0.13231456 -0.13572162  1.0097413 ]
 [-0.12700288 -0.25371206  0.805735  ]
 [ 0.05407696  0.16659755  1.1467023 ]
 [ 0.09320444  0.32042384  0.93250406]
 [ 0.01707616  0.501615    0.96854824]]
[[ 0.          0.          0.7406885 ]
 [ 0.09712912  0.04874472  0.74778986]
 [ 0.09947357  0.30482018  0.391452  ]
 [ 0.24784738 -0.03366059  0.2769879 ]
 [ 0.27705455 -0.00308657  0.12709326]
 [-0.09720957 -0.04895941  0.7335133 ]
 [-0.16337374  0.20705888  0.4775205 ]
 [-0.12921697  0.27494013  0.04415822]
 [-0.18879047  0.40426728  0.        ]
 [-0.04175115  0.05939895  0.9534451 ]
 [-0.09434846  0.13636279  1.1973147 ]
 [-0.1739063   0.22201502  1.2286205 ]
 [-0.17756432  0.19109559  1.3443832 ]
 [-0.21059033  0.06914255  1.1664917 ]
 [-0.14963791 -0.12110826  1.0036823 ]
 [-0.17406546 -0.26067382  0.8358717 ]
 [ 0.05467464  0.16461256  1.1597282 ]
 [ 0.13551828  0.2937262   0.9819907 ]
 [ 0.14955014  0.493477    0.976408  ]]
[[ 0.          0.          0.7536379 ]
 [ 0.0910482   0.04424502  0.7634535 ]
 [ 0.01228359  0.31762388  0.4807642 ]
 [ 0.13563067 -0.04344019  0.30898717]
 [ 0.15370584 -0.00403595  0.16377777]
 [-0.09113099 -0.04446941  0.7437209 ]
 [-0.11364865  0.18734254  0.46106967]
 [-0.056816    0.21378809  0.0599243 ]
 [-0.09817645  0.34830672  0.        ]
 [-0.03829058  0.07060799  0.9645183 ]
 [-0.0907537   0.15528178  1.2095137 ]
 [-0.1663883   0.23935089  1.2390927 ]
 [-0.17194918  0.20802379  1.3534617 ]
 [-0.21000573  0.09585944  1.1805081 ]
 [-0.19729538 -0.04412878  0.98571193]
 [-0.22940762 -0.15872589  0.85054225]
 [ 0.06195261  0.16931218  1.1697305 ]
 [ 0.19946241  0.22771941  1.0307817 ]
 [ 0.27307588  0.43499556  0.98966324]]
[[ 0.          0.          0.7545914 ]
 [ 0.08877184  0.04765154  0.7703754 ]
 [-0.07511948  0.31144735  0.57066935]
 [ 0.02237723  0.02535933  0.25509265]
 [-0.0064356   0.10379195  0.12251765]
 [-0.08882971 -0.04790031  0.7386912 ]
 [-0.04266402  0.12456371  0.40812486]
 [ 0.0642411   0.07852274  0.09012341]
 [ 0.04639637  0.20849878  0.        ]
 [-0.03484304  0.06201325  0.9685065 ]
 [-0.08834204  0.13940227  1.2179621 ]
 [-0.16361946  0.22321159  1.2384467 ]
 [-0.16563708  0.20627248  1.3536766 ]
 [-0.21622676  0.08295262  1.1924711 ]
 [-0.27243692 -0.0189478   0.951082  ]
 [-0.2549985   0.03053424  0.97554433]
 [ 0.07243088  0.14860249  1.1809999 ]
 [ 0.28244498  0.16496155  1.1096193 ]
 [ 0.43137947  0.32599595  0.9988228 ]]
[[ 0.          0.          0.70578784]
 [ 0.08611601  0.05402602  0.72427374]
 [-0.10085787  0.30955577  0.542022  ]
 [-0.05301005  0.15001297  0.13739955]
 [-0.11830822  0.24356604  0.04462963]
 [-0.08616506 -0.05425761  0.6871925 ]
 [-0.01054289  0.08757302  0.3250089 ]
 [ 0.15818761 -0.01870292  0.10984182]
 [ 0.18446998  0.09830511  0.        ]
 [-0.02814055  0.05830713  0.9242997 ]
 [-0.06603643  0.1435591   1.1739204 ]
 [-0.13756144  0.23188567  1.191499  ]
 [-0.14386271  0.22241586  1.3057213 ]
 [-0.20327497  0.09141129  1.151006  ]
 [-0.29915804  0.01744445  0.9011689 ]
 [-0.21549541  0.1670233   0.9980209 ]
 [ 0.08991595  0.14444786  1.1428807 ]
 [ 0.30029884  0.07946494  1.0839422 ]
 [ 0.47046578  0.18863267  0.9478893 ]]
[[ 0.          0.          0.67851776]
 [ 0.08700252  0.05356481  0.69813085]
 [-0.09390324  0.3266551   0.49828285]
 [-0.07952261  0.23706993  0.06610161]
 [-0.16181704  0.3343151   0.        ]
 [-0.08705536 -0.05378437  0.658786  ]
 [-0.02020199  0.06981027  0.27231678]
 [ 0.18638301 -0.11677384  0.13285124]
 [ 0.2419442  -0.02474111  0.02282155]
 [-0.02403641  0.05909705  0.89804924]
 [-0.05279976  0.15038288  1.1460376 ]
 [-0.11925763  0.24634266  1.1692624 ]
 [-0.12822595  0.2381481   1.283051  ]
 [-0.19381508  0.09951228  1.1263345 ]
 [-0.29831508  0.01116589  0.8880188 ]
 [-0.20453501  0.20344809  0.95093656]
 [ 0.10101618  0.15145034  1.1110082 ]
 [ 0.31614333  0.06670198  1.0389131 ]
 [ 0.47232848  0.12332088  0.8775891 ]]
[[ 0.          0.          0.69656944]
 [ 0.08860426  0.05716401  0.7178704 ]
 [-0.06741598  0.34479237  0.4957432 ]
 [-0.06579322  0.3044145   0.05152726]
 [-0.14940608  0.40921974  0.        ]
 [-0.08865328 -0.05737148  0.6751436 ]
 [-0.05049171  0.0736784   0.28680944]
 [ 0.19574666 -0.15839297  0.18839276]
 [ 0.26203978 -0.09190118  0.0784415 ]
 [-0.02236503  0.06486195  0.91348034]
 [-0.04981019  0.15933287  1.1601884 ]
 [-0.11667067  0.2538501   1.1937461 ]
 [-0.12154955  0.24580497  1.3063695 ]
 [-0.19214383  0.10385466  1.1419554 ]
 [-0.28808612 -0.00992802  0.906628  ]
 [-0.22272259  0.19645484  0.9170072 ]
 [ 0.10508378  0.16593334  1.1177392 ]
 [ 0.3243007   0.11337635  1.0272806 ]
 [ 0.45283356  0.18287164  0.8598313 ]]
[[ 0.          0.          0.70693773]
 [ 0.09164395  0.05218033  0.7285937 ]
 [-0.02411017  0.3613133   0.4990471 ]
 [-0.01422799  0.34742245  0.05417621]
 [-0.09431121  0.4650839   0.        ]
 [-0.09170831 -0.05240531  0.68515205]
 [-0.08058596  0.11798927  0.32676867]
 [ 0.17607218 -0.13942352  0.22995394]
 [ 0.24860135 -0.08435488  0.10272986]
 [-0.01980156  0.06672756  0.91983664]
 [-0.04227382  0.16592464  1.1638047 ]
 [-0.10233504  0.26666164  1.1976323 ]
 [-0.11096746  0.25358474  1.3117645 ]
 [-0.1886971   0.11533928  1.1455054 ]
 [-0.26413995 -0.02045217  0.9222603 ]
 [-0.22306895  0.15292321  0.85962385]
 [ 0.11101617  0.17103359  1.1141913 ]
 [ 0.3067417   0.13815007  0.9956782 ]
 [ 0.3847814   0.25150862  0.82268006]]
[[ 0.          0.          0.72759926]
 [ 0.096393    0.04833139  0.74671537]
 [ 0.0367201   0.36616468  0.49621436]
 [ 0.07273884  0.34792644  0.05981004]
 [ 0.00718431  0.47818196  0.        ]
 [-0.09646626 -0.0485881   0.7083569 ]
 [-0.14112413  0.17173523  0.39680558]
 [ 0.10618109 -0.11785513  0.27311063]
 [ 0.17564707 -0.05740577  0.12986761]
 [-0.01762463  0.07126465  0.9358513 ]
 [-0.03793813  0.16992155  1.1786739 ]
 [-0.10102898  0.26326418  1.2169809 ]
 [-0.10589558  0.24577099  1.332742  ]
 [-0.183162    0.12291938  1.1557639 ]
 [-0.23489498 -0.00519711  0.9363528 ]
 [-0.1823996   0.11554824  0.8661783 ]
 [ 0.10926946  0.18154651  1.1260662 ]
 [ 0.25373882  0.20955527  0.9748372 ]
 [ 0.2710315   0.3913379   0.84225607]]
[[ 0.          0.          0.7438159 ]
 [ 0.10027263  0.04162071  0.7602752 ]
 [ 0.12765744  0.33763975  0.47670543]
 [ 0.21555221  0.26296997  0.07434899]
 [ 0.1773375   0.39541385  0.        ]
 [-0.10038955 -0.04190591  0.7272529 ]
 [-0.19265133  0.23919816  0.5090742 ]
 [-0.00979258 -0.03235677  0.26719812]
 [ 0.02690599  0.0471707   0.1376481 ]
 [-0.01899818  0.06868091  0.95050967]
 [-0.0362809   0.16229227  1.1937736 ]
 [-0.09541707  0.25561392  1.2316225 ]
 [-0.10032532  0.23645902  1.35175   ]
 [-0.17697395  0.12000394  1.1787887 ]
 [-0.16799638 -0.05858457  1.0133679 ]
 [-0.13498364 -0.06873927  0.88730276]
 [ 0.10462934  0.19083762  1.1425701 ]
 [ 0.15901683  0.34216148  0.9536898 ]
 [ 0.09236126  0.5382453   0.93916285]]
[[ 0.          0.          0.7180264 ]
 [ 0.09680568  0.04237869  0.7286325 ]
 [ 0.20319608  0.25152665  0.39646596]
 [ 0.37271118  0.10526961  0.0969075 ]
 [ 0.3703649   0.20581257  0.        ]
 [-0.09687717 -0.04258509  0.70737165]
 [-0.22076595  0.2580881   0.54440904]
 [-0.14747533  0.12245524  0.15375829]
 [-0.1841      0.2332724   0.0649811 ]
 [-0.02501328  0.05139908  0.93134075]
 [-0.04828529  0.12754816  1.17928   ]
 [-0.115183    0.21575594  1.2125914 ]
 [-0.11488977  0.1960882   1.336771  ]
 [-0.17769054  0.06634867  1.1701574 ]
 [-0.10070891 -0.14138654  1.0964948 ]
 [-0.06162435 -0.2318908   0.94938874]
 [ 0.082582    0.17778373  1.127584  ]
 [ 0.03885932  0.36301214  0.93933886]
 [-0.04127085  0.5223103   1.0698324 ]]
[[ 0.          0.          0.6902471 ]
 [ 0.09724882  0.04219496  0.6982522 ]
 [ 0.19994791  0.210618    0.33488482]
 [ 0.3835482   0.02432412  0.10382509]
 [ 0.4070935   0.10473794  0.        ]
 [-0.09731046 -0.04235773  0.6822037 ]
 [-0.21634474  0.25566033  0.5069299 ]
 [-0.18880895  0.23168623  0.09953547]
 [-0.23712873  0.34891587  0.04455477]
 [-0.0290282   0.04366493  0.90807706]
 [-0.06280845  0.11117387  1.1567075 ]
 [-0.13584915  0.20160872  1.1853766 ]
 [-0.13623816  0.18182409  1.3103373 ]
 [-0.18872008  0.04550892  1.1460861 ]
 [-0.10360407 -0.17511767  1.1177617 ]
 [-0.05500871 -0.30530155  0.9462539 ]
 [ 0.07108928  0.16094106  1.109286  ]
 [ 0.02619644  0.35463858  0.9202528 ]
 [-0.02571073  0.5126752   1.0633518 ]]
[[ 0.          0.          0.6416538 ]
 [ 0.09783229  0.0463054   0.6463843 ]
 [ 0.15325831  0.15279314  0.23916826]
 [ 0.3267635  -0.14774448  0.12674195]
 [ 0.3649328  -0.11726785  0.02684587]
 [-0.09789592 -0.0464662   0.63689506]
 [-0.21159908  0.25382426  0.4370116 ]
 [-0.21489227  0.33214557  0.02699649]
 [-0.27335137  0.4717157   0.        ]
 [-0.02907198  0.04574853  0.85984516]
 [-0.0701586   0.11125639  1.1115206 ]
 [-0.15586816  0.19723481  1.147103  ]
 [-0.14896691  0.17083102  1.2700641 ]
 [-0.1874604   0.03629789  1.0932686 ]
 [-0.11953039 -0.18794495  1.0398952 ]
 [-0.0985451  -0.32947755  0.8556388 ]
 [ 0.06410557  0.16062522  1.0629469 ]
 [ 0.04477409  0.3491684   0.86119163]
 [-0.02617447  0.4955329   0.9728131 ]]
[[ 0.          0.          0.6473    ]
 [ 0.09845043  0.04438501  0.6484636 ]
 [ 0.1019779   0.17158726  0.2432479 ]
 [ 0.2614506  -0.18743259  0.19624928]
 [ 0.30573624 -0.19475883  0.09545076]
 [-0.09851165 -0.04456369  0.6460942 ]
 [-0.16750562  0.26715145  0.4308465 ]
 [-0.16229963  0.3901383   0.01632988]
 [-0.21914884  0.53855217  0.        ]
 [-0.03735154  0.04495443  0.8617225 ]
 [-0.0827166   0.10956419  1.111335  ]
 [-0.15811391  0.19372565  1.155251  ]
 [-0.14827952  0.16166604  1.2763015 ]
 [-0.2014727   0.04532772  1.0862312 ]
 [-0.1388356  -0.15169272  0.9670546 ]
 [-0.13433495 -0.3006606   0.795267  ]
 [ 0.06058224  0.14297187  1.0606413 ]
 [ 0.09298474  0.29570144  0.854728  ]
 [ 0.03739846  0.49867895  0.89429474]]
[[ 0.          0.          0.6946225 ]
 [ 0.09512121  0.04366261  0.6959932 ]
 [ 0.05060386  0.23155503  0.32461473]
 [ 0.20850706 -0.16408989  0.29250935]
 [ 0.25592038 -0.17557251  0.1732989 ]
 [-0.09517857 -0.04384771  0.69319177]
 [-0.13310361  0.24818455  0.4507807 ]
 [-0.10135201  0.3353099   0.03261757]
 [-0.15001446  0.48498034  0.        ]
 [-0.0362956   0.0529644   0.90573037]
 [-0.0830209   0.11623317  1.1550052 ]
 [-0.16450778  0.19129252  1.2079964 ]
 [-0.1446963   0.15547407  1.3277116 ]
 [-0.19801934  0.05557686  1.1218824 ]
 [-0.14727156 -0.11101051  0.9748614 ]
 [-0.17659359 -0.24932025  0.81002593]
 [ 0.06421836  0.1424016   1.1015921 ]
 [ 0.14254004  0.26760906  0.91935617]
 [ 0.14051902  0.48919773  0.9187859 ]]
[[ 0.          0.          0.71571916]
 [ 0.09019035  0.04416144  0.71990603]
 [-0.0194173   0.28027606  0.4294764 ]
 [ 0.13025269 -0.1143499   0.35860103]
 [ 0.16932987 -0.10759944  0.21922961]
 [-0.0902603  -0.04438557  0.7114374 ]
 [-0.09508464  0.1914422   0.44429523]
 [-0.03001644  0.2294352   0.04539794]
 [-0.06968413  0.370097    0.        ]
 [-0.03361165  0.05654526  0.92723536]
 [-0.08153059  0.10742471  1.1785877 ]
 [-0.1576125   0.18095952  1.236078  ]
 [-0.13360411  0.14244622  1.355299  ]
 [-0.19786805  0.05211329  1.1401088 ]
 [-0.18935761 -0.07167938  0.9628862 ]
 [-0.22706401 -0.16637394  0.87421584]
 [ 0.06601971  0.1297873   1.1235335 ]
 [ 0.18876958  0.21895213  0.96814275]
 [ 0.2314314   0.4312638   0.93310446]]
[[ 0.          0.          0.7131379 ]
 [ 0.08802202  0.04804956  0.7224873 ]
 [-0.09177442  0.287769    0.53050125]
 [ 0.01945318 -0.04702252  0.28825727]
 [ 0.00815923  0.00238985  0.15216273]
 [-0.08808397 -0.04831724  0.7036637 ]
 [-0.0337513   0.13864203  0.39204276]
 [ 0.08131844  0.11987823  0.07408404]
 [ 0.061072    0.259454    0.        ]
 [-0.02597698  0.06443793  0.9245142 ]
 [-0.07168637  0.12382725  1.1780359 ]
 [-0.15305737  0.19938844  1.2353694 ]
 [-0.11877516  0.16317189  1.353073  ]
 [-0.1972931   0.06585553  1.1414745 ]
 [-0.25944608 -0.03472495  0.91201836]
 [-0.22456542  0.07072353  0.96564686]
 [ 0.07965334  0.13652188  1.1245449 ]
 [ 0.258821    0.1196146   1.0183496 ]
 [ 0.36191118  0.29962087  0.9063897 ]]
[[ 0.00000000e+00  0.00000000e+00  6.75134540e-01]
 [ 8.97593275e-02  5.13982810e-02  6.90220356e-01]
 [-1.01600036e-01  3.15742701e-01  5.22405505e-01]
 [-7.05637485e-02  1.20806247e-01  1.39512777e-01]
 [-1.29779652e-01  2.18048006e-01  4.79211807e-02]
 [-8.98293853e-02 -5.16703017e-02  6.59927070e-01]
 [-2.83797830e-03  8.22539032e-02  3.05823028e-01]
 [ 1.75258473e-01 -1.91336274e-02  9.59702134e-02]
 [ 2.14256719e-01  1.04266286e-01  0.00000000e+00]
 [-2.02832781e-02  6.04836941e-02  8.90652359e-01]
 [-5.48144951e-02  1.22443587e-01  1.14590192e+00]
 [-1.34141952e-01  2.04361200e-01  1.20689094e+00]
 [-1.02390349e-01  1.74402416e-01  1.32505536e+00]
 [-1.91828668e-01  7.07930923e-02  1.10754597e+00]
 [-2.86596298e-01  9.06318426e-04  8.66265833e-01]
 [-1.99689120e-01  1.83363259e-01  9.92579579e-01]
 [ 9.72407907e-02  1.30033433e-01  1.10089970e+00]
 [ 3.00001889e-01  6.12535775e-02  1.01056385e+00]
 [ 4.33556259e-01  1.69548765e-01  8.39151263e-01]]
[[ 0.          0.          0.6476361 ]
 [ 0.09021874  0.05428181  0.6653588 ]
 [-0.08902696  0.33917588  0.4739778 ]
 [-0.1020076   0.23273835  0.06213921]
 [-0.17486927  0.33940417  0.        ]
 [-0.09029929 -0.05454972  0.6297812 ]
 [-0.01692876  0.05046543  0.24885178]
 [ 0.2040965  -0.13875467  0.12945223]
 [ 0.27630234 -0.05294842  0.03336096]
 [-0.01820982  0.06000316  0.8618881 ]
 [-0.04734449  0.12034342  1.1171651 ]
 [-0.12570727  0.19982612  1.1921148 ]
 [-0.09265658  0.16525275  1.3069738 ]
 [-0.18580517  0.06755385  1.0800033 ]
 [-0.278669   -0.00584476  0.83543575]
 [-0.1986076   0.20037037  0.94002014]
 [ 0.10210507  0.13492584  1.0676675 ]
 [ 0.3120857   0.07336101  0.9652778 ]
 [ 0.41795588  0.1427541   0.7802484 ]]
[[ 0.          0.          0.66526186]
 [ 0.09148566  0.05334367  0.6841427 ]
 [-0.04799271  0.36119395  0.47545856]
 [-0.06524552  0.3265442   0.05229819]
 [-0.13675314  0.44312438  0.        ]
 [-0.09156381 -0.05360721  0.6462412 ]
 [-0.05603465  0.04666871  0.26185432]
 [ 0.20318535 -0.21268874  0.19891012]
 [ 0.29102853 -0.16108006  0.10384881]
 [-0.01711234  0.06108248  0.8764093 ]
 [-0.04184335  0.12133008  1.1306825 ]
 [-0.11407673  0.19535059  1.217282  ]
 [-0.07814771  0.15609735  1.3265693 ]
 [-0.17984313  0.0693846   1.0929425 ]
 [-0.25572503 -0.02565709  0.8500006 ]
 [-0.19697562  0.1838837   0.8813625 ]
 [ 0.10272352  0.14114735  1.0719402 ]
 [ 0.30008897  0.10976447  0.935515  ]
 [ 0.35721317  0.20009974  0.74600494]]
[[ 0.          0.          0.70554686]
 [ 0.09238693  0.05156977  0.72445244]
 [ 0.00546521  0.3627315   0.49719107]
 [ 0.01079999  0.34681     0.07114947]
 [-0.05190736  0.47327057  0.        ]
 [-0.09247355 -0.05184736  0.68650436]
 [-0.11284592  0.07211846  0.3251738 ]
 [ 0.15332773 -0.22752598  0.27396718]
 [ 0.24208695 -0.19270897  0.1634252 ]
 [-0.0156345   0.06083667  0.9130519 ]
 [-0.03536832  0.12367111  1.1653075 ]
 [-0.10212904  0.19136703  1.2556983 ]
 [-0.0678924   0.14691466  1.3600931 ]
 [-0.17282453  0.07185313  1.1301801 ]
 [-0.21874388 -0.04499108  0.9057027 ]
 [-0.19077711  0.11795944  0.83272505]
 [ 0.10418884  0.14990914  1.098859  ]
 [ 0.26590323  0.1805222   0.9292438 ]
 [ 0.25899464  0.33792275  0.7868529 ]]
[[ 0.0000000e+00  0.0000000e+00  7.2971803e-01]
 [ 9.4278991e-02  4.9816810e-02  7.4837935e-01]
 [ 6.9532856e-02  3.4673074e-01  4.9771073e-01]
 [ 1.1100274e-01  2.8777745e-01  7.9565704e-02]
 [ 6.1513536e-02  4.2185199e-01  0.0000000e+00]
 [-9.4389513e-02 -5.0130099e-02  7.1092248e-01]
 [-1.8076682e-01  1.5123002e-01  4.2204171e-01]
 [ 8.4824383e-02 -1.4544237e-01  3.3682340e-01]
 [ 1.5915906e-01 -1.0070169e-01  2.0671064e-01]
 [-1.2926150e-02  6.2971503e-02  9.3519998e-01]
 [-2.8673917e-02  1.2220317e-01  1.1878411e+00]
 [-9.2178464e-02  1.9001198e-01  1.2759008e+00]
 [-5.8905974e-02  1.4336288e-01  1.3817848e+00]
 [-1.6372687e-01  7.4517667e-02  1.1552762e+00]
 [-1.8455207e-01 -5.7806581e-02  9.5926750e-01]
 [-1.5737088e-01  7.6393783e-04  8.3769953e-01]
 [ 1.0501056e-01  1.5687108e-01  1.1199679e+00]
 [ 1.9119772e-01  2.5304282e-01  9.2325097e-01]
 [ 1.3169020e-01  4.4276524e-01  8.6334777e-01]]
[[ 0.          0.          0.73401994]
 [ 0.09140151  0.04678157  0.74902487]
 [ 0.16647798  0.261269    0.4351211 ]
 [ 0.29819575  0.13452369  0.09990317]
 [ 0.28521693  0.24552411  0.        ]
 [-0.09151124 -0.0470773   0.718935  ]
 [-0.23297918  0.2433858   0.53658676]
 [-0.06882614  0.00619277  0.26350403]
 [-0.06199459  0.0867278   0.13456643]
 [-0.01695799  0.04550357  0.9465453 ]
 [-0.03446423  0.08372667  1.2045305 ]
 [-0.09715223  0.15388364  1.2836819 ]
 [-0.06007569  0.10325128  1.3938944 ]
 [-0.16257024  0.02706185  1.1806    ]
 [-0.1088111  -0.15843263  1.0528291 ]
 [-0.1004805  -0.2263923   0.8605876 ]
 [ 0.08853886  0.13927436  1.1388148 ]
 [ 0.04979456  0.30249968  0.94082284]
 [-0.05144009  0.41849297  1.032286  ]]
[[ 0.00000000e+00  0.00000000e+00  6.98958337e-01]
 [ 8.95639658e-02  4.69863452e-02  7.07935810e-01]
 [ 1.73121080e-01  1.61915153e-01  3.55827630e-01]
 [ 3.53331029e-01 -8.28438997e-03  1.17217660e-01]
 [ 3.75219703e-01  6.73208237e-02  0.00000000e+00]
 [-8.96407217e-02 -4.72236723e-02  6.89925492e-01]
 [-2.40573734e-01  2.40433753e-01  5.27155399e-01]
 [-1.57455206e-01  1.41288489e-01  1.46424055e-01]
 [-1.97428823e-01  2.49652833e-01  6.01617694e-02]
 [-2.56027728e-02  3.11719328e-02  9.18462336e-01]
 [-5.65671176e-02  5.14218807e-02  1.17890000e+00]
 [-1.21108115e-01  1.16591454e-01  1.25010157e+00]
 [-7.83049613e-02  6.92838430e-02  1.36580908e+00]
 [-1.76947951e-01 -1.64506435e-02  1.15982378e+00]
 [-9.33526903e-02 -2.30096966e-01  1.08536911e+00]
 [-8.18702877e-02 -2.88187742e-01  8.89412999e-01]
 [ 6.71183467e-02  1.15023702e-01  1.11503792e+00]
 [-1.12618506e-03  3.14000219e-01  9.29462731e-01]
 [-7.27174580e-02  3.91177565e-01  1.07573783e+00]]
[[ 0.00000000e+00  0.00000000e+00  6.30294561e-01]
 [ 9.39395279e-02  4.87045757e-02  6.37225509e-01]
 [ 1.53683126e-01  1.45608962e-01  2.51722336e-01]
 [ 3.44262421e-01 -1.24334276e-01  1.15572274e-01]
 [ 3.88230979e-01 -8.72148275e-02  0.00000000e+00]
 [-9.40179378e-02 -4.89288419e-02  6.23316407e-01]
 [-2.27203399e-01  2.46967509e-01  4.40499276e-01]
 [-2.01339155e-01  2.59983301e-01  4.79363203e-02]
 [-2.52770483e-01  3.88013422e-01  9.11593437e-04]
 [-2.58163363e-02  3.16647440e-02  8.51022482e-01]
 [-6.29606843e-02  5.20261526e-02  1.11161864e+00]
 [-1.39198899e-01  1.14529788e-01  1.18655598e+00]
 [-9.22109932e-02  6.41095638e-02  1.30160379e+00]
 [-1.78397968e-01 -1.85989738e-02  1.08872747e+00]
 [-9.33760032e-02 -2.22111836e-01  1.00723159e+00]
 [-8.18824619e-02 -2.94912845e-01  8.00126076e-01]
 [ 6.34815991e-02  1.13421530e-01  1.04617715e+00]
 [ 1.48785859e-02  3.20507109e-01  8.54670107e-01]
 [-6.88734949e-02  3.96457702e-01  9.89657640e-01]]
[[ 0.          0.          0.64117527]
 [ 0.09269536  0.04744898  0.64257336]
 [ 0.07238736  0.13495252  0.23779851]
 [ 0.25209448 -0.23905218  0.20724356]
 [ 0.30623823 -0.2641101   0.12269557]
 [-0.09277597 -0.04765724  0.6397289 ]
 [-0.18266332  0.26056743  0.423503  ]
 [-0.17051214  0.3403548   0.0210948 ]
 [-0.22219309  0.49157616  0.        ]
 [-0.03125294  0.03579524  0.859684  ]
 [-0.07589033  0.05934125  1.1190609 ]
 [-0.14918269  0.11658967  1.2023578 ]
 [-0.09764491  0.05985683  1.3120415 ]
 [-0.1832596  -0.00772941  1.0857806 ]
 [-0.10977498 -0.18690902  0.93356574]
 [-0.13395935 -0.26977864  0.7504667 ]
 [ 0.05674037  0.10959181  1.0500042 ]
 [ 0.06788919  0.2794026   0.838357  ]
 [-0.04372901  0.42857152  0.8910451 ]]
[[ 0.          0.          0.68804383]
 [ 0.08860161  0.05062713  0.68795264]
 [ 0.00978889  0.18432528  0.3127171 ]
 [ 0.1947844  -0.20595604  0.320341  ]
 [ 0.24949384 -0.24540591  0.23417258]
 [-0.08868335 -0.05084521  0.6880679 ]
 [-0.14569075  0.23475808  0.4506839 ]
 [-0.11238644  0.28619808  0.0401448 ]
 [-0.16015592  0.44317228  0.        ]
 [-0.0294763   0.04231133  0.9031689 ]
 [-0.07676233  0.05956513  1.1626481 ]
 [-0.14816129  0.11750364  1.2498522 ]
 [-0.0934137   0.05721796  1.3570566 ]
 [-0.17765188 -0.0058105   1.1195834 ]
 [-0.11889282 -0.15439093  0.9330585 ]
 [-0.17867336 -0.21642621  0.7993407 ]
 [ 0.06062397  0.1062516   1.0931222 ]
 [ 0.1229522   0.24068919  0.8850974 ]
 [ 0.03724374  0.43444717  0.85314775]]
[[ 0.          0.          0.7121457 ]
 [ 0.08428179  0.0549168   0.7166575 ]
 [-0.04421523  0.25100243  0.40851286]
 [ 0.1502249  -0.15137458  0.38688692]
 [ 0.1980575  -0.17268616  0.27686894]
 [-0.08435844 -0.05514054  0.7075542 ]
 [-0.12356243  0.1823261   0.44697124]
 [-0.05166084  0.2123326   0.05826527]
 [-0.1000579   0.3639754   0.        ]
 [-0.0294705   0.04745209  0.9249738 ]
 [-0.07835954  0.06508303  1.1844542 ]
 [-0.15225455  0.1193558   1.2667636 ]
 [-0.09342892  0.06225348  1.3745093 ]
 [-0.18012059 -0.0017314   1.1382194 ]
 [-0.16282693 -0.12819014  0.9355662 ]
 [-0.21787718 -0.16891135  0.83590174]
 [ 0.0569862   0.10906601  1.1159745 ]
 [ 0.15081012  0.19498159  0.9271784 ]
 [ 0.14229426  0.3849833   0.8537283 ]]
[[ 0.          0.          0.7123513 ]
 [ 0.08208244  0.05638986  0.7222896 ]
 [-0.10976726  0.2589088   0.5118104 ]
 [ 0.04788685 -0.08138102  0.3283947 ]
 [ 0.0504486  -0.06221777  0.19431013]
 [-0.08214644 -0.05665658  0.70230436]
 [-0.06060506  0.1317477   0.39177233]
 [ 0.07028328  0.14281344  0.0742377 ]
 [ 0.04156844  0.28000674  0.        ]
 [-0.0220965   0.05366047  0.9273565 ]
 [-0.06549332  0.08540207  1.1865051 ]
 [-0.1499402   0.13625681  1.2717265 ]
 [-0.08475178  0.08939618  1.3801444 ]
 [-0.17940617  0.02120647  1.1458225 ]
 [-0.23144531 -0.05510475  0.90197575]
 [-0.21621606  0.0434542   0.94536495]
 [ 0.07348035  0.11163935  1.1202359 ]
 [ 0.22884405  0.06364781  0.9812275 ]
 [ 0.26692337  0.20145674  0.8236985 ]]
[[ 0.          0.          0.66009855]
 [ 0.08434024  0.05997573  0.6756856 ]
 [-0.1269803   0.30100432  0.5190133 ]
 [-0.07389517  0.10537547  0.14115864]
 [-0.14457273  0.1819675   0.04842764]
 [-0.08440833 -0.06026149  0.6443867 ]
 [-0.00642779  0.07929283  0.29173097]
 [ 0.19993941  0.01027119  0.10414314]
 [ 0.23008582  0.13199359  0.        ]
 [-0.0188956   0.04783612  0.8787175 ]
 [-0.05217093  0.08662832  1.1393957 ]
 [-0.13967502  0.1457181   1.2275112 ]
 [-0.07587673  0.10599661  1.3370343 ]
 [-0.18512732  0.02466312  1.1026022 ]
 [-0.28724933 -0.04250497  0.8529303 ]
 [-0.20276704  0.1476588   0.9748683 ]
 [ 0.09092195  0.11229399  1.0795909 ]
 [ 0.27903533  0.05287233  0.96888465]
 [ 0.3559637   0.14636588  0.7771026 ]]
[[ 0.          0.          0.6404807 ]
 [ 0.08407155  0.05495364  0.6580325 ]
 [-0.10318568  0.32208163  0.4748047 ]
 [-0.12098245  0.24995366  0.05744934]
 [-0.2059145   0.34376723  0.        ]
 [-0.08413756 -0.05522899  0.6227916 ]
 [-0.02446249  0.05378363  0.24850783]
 [ 0.23299718 -0.12079716  0.16595119]
 [ 0.3066709  -0.04050148  0.05782366]
 [-0.01740921  0.04951727  0.85781074]
 [-0.04429024  0.08916897  1.1178973 ]
 [-0.12716478  0.14999318  1.213562  ]
 [-0.06732647  0.10683954  1.3196135 ]
 [-0.17973259  0.03250924  1.0817959 ]
 [-0.27987134 -0.03927386  0.83618045]
 [-0.2014131   0.17697135  0.9292222 ]
 [ 0.0961256   0.11919716  1.0560439 ]
 [ 0.2965386   0.0961749   0.9303303 ]
 [ 0.34648922  0.18712045  0.7351379 ]]
[[ 0.          0.          0.6640824 ]
 [ 0.08671791  0.05539034  0.68201715]
 [-0.04939187  0.35601267  0.4681893 ]
 [-0.07174048  0.3456365   0.04687047]
 [-0.15435717  0.45507205  0.        ]
 [-0.0867818  -0.05564477  0.6460046 ]
 [-0.07702196  0.0534856   0.27120334]
 [ 0.21450141 -0.18936807  0.24894351]
 [ 0.3097053  -0.1448642   0.15426809]
 [-0.01831574  0.04540783  0.8804501 ]
 [-0.04014515  0.08475363  1.1400895 ]
 [-0.11646333  0.1434341   1.2418817 ]
 [-0.06175134  0.09710407  1.3420312 ]
 [-0.17543724  0.02620181  1.1037152 ]
 [-0.251712   -0.06496885  0.8664893 ]
 [-0.21496856  0.14129846  0.867826  ]
 [ 0.09411617  0.1240865   1.0703942 ]
 [ 0.27594525  0.14526203  0.91397977]
 [ 0.28070647  0.2678089   0.7389534 ]]
[[ 0.          0.          0.7246882 ]
 [ 0.08961558  0.05363536  0.74046654]
 [-0.00271916  0.32604587  0.49414617]
 [-0.00430586  0.28292945  0.06673604]
 [-0.07335013  0.40355045  0.        ]
 [-0.0897003  -0.05390368  0.7087711 ]
 [-0.1544404   0.10197866  0.36518052]
 [ 0.15471539 -0.16324109  0.35114095]
 [ 0.24801826 -0.13194597  0.23855636]
 [-0.0154171   0.04705454  0.93838394]
 [-0.03290166  0.08070481  1.1987123 ]
 [-0.10492629  0.13925874  1.2998177 ]
 [-0.0492302   0.0897848   1.3992575 ]
 [-0.17015561  0.02183416  1.1657951 ]
 [-0.21059042 -0.09321588  0.9534037 ]
 [-0.22250718  0.00922334  0.8359501 ]
 [ 0.09562375  0.12600505  1.1213467 ]
 [ 0.2146259   0.18426597  0.9305197 ]
 [ 0.16544789  0.37383828  0.83109885]]
[[ 0.          0.          0.7634966 ]
 [ 0.09545954  0.05540324  0.7778163 ]
 [ 0.05560372  0.2919972   0.49724445]
 [ 0.10195516  0.20693088  0.0825935 ]
 [ 0.04733383  0.3368696   0.        ]
 [-0.09555331 -0.05569949  0.7490564 ]
 [-0.2100668   0.18010646  0.4735963 ]
 [ 0.07144719 -0.09985605  0.40118927]
 [ 0.13309348 -0.05569968  0.2657236 ]
 [-0.01273943  0.04792368  0.9773699 ]
 [-0.02735363  0.07663637  1.2380672 ]
 [-0.0973039   0.13599479  1.3364487 ]
 [-0.03841398  0.08286262  1.4400654 ]
 [-0.1627328   0.01672745  1.2079684 ]
 [-0.16804944 -0.13231635  1.0399519 ]
 [-0.17619997 -0.1309591   0.8729055 ]
 [ 0.09953753  0.13247669  1.1608641 ]
 [ 0.1469101   0.27020457  0.96039605]
 [ 0.06810367  0.456241    0.9488946 ]]
[[ 0.          0.          0.7570673 ]
 [ 0.09173585  0.05544616  0.7692827 ]
 [ 0.14237678  0.19485179  0.43390748]
 [ 0.3079015   0.05533379  0.10337538]
 [ 0.29542345  0.15750384  0.        ]
 [-0.0918123  -0.05572355  0.7447783 ]
 [-0.2490803   0.26154286  0.5648382 ]
 [-0.0747111   0.05067331  0.29514503]
 [-0.09128409  0.13702816  0.16634119]
 [-0.00855755  0.0372154   0.97284865]
 [-0.02271527  0.05753103  1.2346812 ]
 [-0.09553802  0.11485952  1.3197695 ]
 [-0.03694497  0.06380963  1.4316972 ]
 [-0.14553776 -0.01303321  1.2121558 ]
 [-0.07268739 -0.22386514  1.1127267 ]
 [-0.06195681 -0.26320732  0.9167151 ]
 [ 0.0916903   0.12971842  1.1601063 ]
 [ 0.0319215   0.32010365  0.9773053 ]
 [-0.04388884  0.45842272  1.0841134 ]]
[[ 0.          0.          0.7218865 ]
 [ 0.0856747   0.06257199  0.7298047 ]
 [ 0.13903952  0.10902718  0.35669905]
 [ 0.35406512 -0.0488798   0.11226541]
 [ 0.37093723  0.02329618  0.        ]
 [-0.08574318 -0.06282227  0.71392304]
 [-0.25981194  0.22573741  0.53222847]
 [-0.15468548  0.13113752  0.16563404]
 [-0.20092371  0.242677    0.07945728]
 [-0.0083707   0.02437556  0.9426823 ]
 [-0.02973624  0.03363854  1.2060413 ]
 [-0.11330602  0.08534676  1.2883434 ]
 [-0.0508635   0.0368883   1.4011266 ]
 [-0.13678308 -0.05364001  1.1857381 ]
 [-0.04967358 -0.28400475  1.1107625 ]
 [-0.04746491 -0.31350082  0.8969741 ]
 [ 0.07923642  0.11689645  1.1342344 ]
 [ 0.00836863  0.31520385  0.94914037]
 [-0.06144786  0.38022944  1.0817083 ]]
[[ 0.          0.          0.6401224 ]
 [ 0.08880191  0.06350737  0.6445744 ]
 [ 0.10263453  0.08257559  0.22986561]
 [ 0.33218992 -0.21029937  0.10942507]
 [ 0.38185775 -0.19216853  0.        ]
 [-0.08888602 -0.06374273  0.6356358 ]
 [-0.23886865  0.22752503  0.43273932]
 [-0.20334911  0.2607981   0.03937548]
 [-0.27290854  0.40531996  0.00308383]
 [-0.01064504  0.02840288  0.8626298 ]
 [-0.04021624  0.03760037  1.1258632 ]
 [-0.12673664  0.08767557  1.2123667 ]
 [-0.06225759  0.03715664  1.3224518 ]
 [-0.13929945 -0.05026105  1.1002501 ]
 [-0.05621066 -0.2651494   1.0112368 ]
 [-0.05513973 -0.32043272  0.7952032 ]
 [ 0.07167979  0.11554798  1.0531363 ]
 [ 0.02167737  0.29523462  0.8451836 ]
 [-0.07982463  0.34646457  0.9390528 ]]
[[ 0.          0.          0.66409624]
 [ 0.08660144  0.06601705  0.66442144]
 [ 0.02661633  0.10302156  0.24846873]
 [ 0.24214402 -0.2644821   0.21348438]
 [ 0.3035304  -0.2918777   0.12288719]
 [-0.08669359 -0.06625231  0.6637257 ]
 [-0.18529767  0.2316269   0.42399266]
 [-0.16035002  0.3059299   0.01898646]
 [-0.23809242  0.46434486  0.        ]
 [-0.02118393  0.03238398  0.88591146]
 [-0.06207278  0.04021478  1.148636  ]
 [-0.13728362  0.0861491   1.2398348 ]
 [-0.07165086  0.03499997  1.3468993 ]
 [-0.15494406 -0.04412302  1.1132149 ]
 [-0.09678315 -0.22049542  0.95256674]
 [-0.11481182 -0.25905344  0.76436067]
 [ 0.05624527  0.10978529  1.0736923 ]
 [ 0.07978877  0.25899738  0.8562094 ]
 [-0.0148284   0.40763384  0.85542667]]
[[ 0.          0.          0.70876026]
 [ 0.0812609   0.07080059  0.71081287]
 [-0.04459536  0.168656    0.33247834]
 [ 0.19520503 -0.19706398  0.3289068 ]
 [ 0.23828939 -0.22741324  0.22571132]
 [-0.08133924 -0.07103695  0.7066484 ]
 [-0.1528102   0.19010036  0.44418812]
 [-0.09116337  0.23103884  0.04291034]
 [-0.16575786  0.38559383  0.        ]
 [-0.0233169   0.03747785  0.92626524]
 [-0.0676389   0.03547168  1.188669  ]
 [-0.14780688  0.08059013  1.2828555 ]
 [-0.07434978  0.02572078  1.3858148 ]
 [-0.15579596 -0.0486837   1.1444635 ]
 [-0.11901736 -0.19471128  0.935307  ]
 [-0.17694601 -0.18382096  0.80055   ]
 [ 0.05404844  0.10334894  1.1137178 ]
 [ 0.12381183  0.21964957  0.91423696]
 [ 0.08461645  0.37552944  0.82715356]]
[[ 0.          0.          0.71632296]
 [ 0.07511258  0.06816494  0.7227218 ]
 [-0.11162825  0.23725736  0.43419766]
 [ 0.11582436 -0.1201106   0.3648432 ]
 [ 0.13059518 -0.12464711  0.23305812]
 [-0.07518978 -0.06840564  0.70983934]
 [-0.09893915  0.16315414  0.42454243]
 [ 0.01182589  0.21819404  0.06506002]
 [-0.04410544  0.36383352  0.        ]
 [-0.02214418  0.04524757  0.93261325]
 [-0.06696203  0.05537245  1.1940978 ]
 [-0.14875245  0.09727955  1.2844303 ]
 [-0.07717095  0.04700768  1.3880641 ]
 [-0.16081274 -0.02697283  1.147345  ]
 [-0.1744185  -0.16102774  0.93826795]
 [-0.22354873 -0.1422427   0.8641496 ]
 [ 0.05633907  0.11461651  1.1217377 ]
 [ 0.17567936  0.15998751  0.9505382 ]
 [ 0.18486449  0.3424277   0.83454496]]
[[ 0.0000000e+00  0.0000000e+00  6.8778014e-01]
 [ 7.4682795e-02  7.7153631e-02  7.0272827e-01]
 [-1.6241467e-01  2.6888564e-01  5.2328897e-01]
 [-4.5935299e-02  1.0016263e-03  2.2311842e-01]
 [-1.0886240e-01  6.2806249e-02  1.0597229e-01]
 [-7.4750677e-02 -7.7431075e-02  6.7271513e-01]
 [-1.9331310e-02  8.4390879e-02  3.3358032e-01]
 [ 1.7309293e-01  8.2739890e-02  9.9066913e-02]
 [ 1.6050424e-01  2.1516711e-01  0.0000000e+00]
 [-1.6864751e-02  3.3885524e-02  9.0800923e-01]
 [-5.2666083e-02  5.0941646e-02  1.1704315e+00]
 [-1.4499438e-01  9.3560398e-02  1.2623106e+00]
 [-7.0352606e-02  5.6211352e-02  1.3654974e+00]
 [-1.6923937e-01 -2.9378772e-02  1.1282458e+00]
 [-2.6586923e-01 -9.5640063e-02  8.8497412e-01]
 [-2.2866327e-01  8.7316811e-02  9.6413189e-01]
 [ 8.4601425e-02  1.0798979e-01  1.1090827e+00]
 [ 2.7658665e-01  1.1669728e-01  9.9033165e-01]
 [ 3.2444102e-01  2.3326865e-01  7.9914993e-01]]
[[ 0.00000000e+00  0.00000000e+00  6.30954683e-01]
 [ 7.93472305e-02  7.19673410e-02  6.47252858e-01]
 [-1.58190072e-01  2.96148688e-01  4.69562232e-01]
 [-1.35611251e-01  1.37444049e-01  7.86784887e-02]
 [-2.29579687e-01  2.22077221e-01  0.00000000e+00]
 [-7.94166327e-02 -7.22462088e-02  6.14525497e-01]
 [-1.26166660e-02  4.41822410e-02  2.47046888e-01]
 [ 2.25696355e-01 -5.34279943e-02  1.06901646e-01]
 [ 2.69900441e-01  5.37169576e-02  7.22110271e-04]
 [-1.72195286e-02  3.04854661e-02  8.52654576e-01]
 [-4.79028001e-02  4.61876988e-02  1.11477160e+00]
 [-1.36708990e-01  9.62622762e-02  1.21240211e+00]
 [-6.94845095e-02  5.75577021e-02  1.31563687e+00]
 [-1.76944822e-01 -2.61108279e-02  1.07701683e+00]
 [-2.94784427e-01 -9.39838141e-02  8.41988087e-01]
 [-2.34536946e-01  1.26169831e-01  9.26676035e-01]
 [ 9.09423530e-02  9.90015566e-02  1.05434716e+00]
 [ 2.90201098e-01  9.66383517e-02  9.38838959e-01]
 [ 3.39883626e-01  1.93876415e-01  7.39505768e-01]]
[[ 0.          0.          0.6580399 ]
 [ 0.08133773  0.0666671   0.67399836]
 [-0.11573851  0.32840663  0.45628536]
 [-0.16123496  0.2730784   0.04255235]
 [-0.2639255   0.37285933  0.        ]
 [-0.08140741 -0.06692947  0.6419404 ]
 [-0.05956455  0.01018971  0.2516156 ]
 [ 0.23557344 -0.20997924  0.20369872]
 [ 0.31967312 -0.15436125  0.10523748]
 [-0.0190149   0.03410921  0.8779534 ]
 [-0.04334725  0.05735552  1.1397151 ]
 [-0.12490699  0.109667    1.2433416 ]
 [-0.0595973   0.06730139  1.3412127 ]
 [-0.17515202 -0.00895178  1.1065112 ]
 [-0.2774998  -0.08816308  0.8731432 ]
 [-0.24704313  0.13067284  0.88190967]
 [ 0.09094331  0.10900992  1.0687084 ]
 [ 0.2792014   0.11525212  0.9240613 ]
 [ 0.29272252  0.24311554  0.7459097 ]]
[[ 0.          0.          0.69162893]
 [ 0.08330148  0.06624849  0.7093795 ]
 [-0.05692986  0.33806723  0.46282274]
 [-0.09469932  0.29393995  0.0480153 ]
 [-0.18930757  0.4115602   0.        ]
 [-0.08338999 -0.06651998  0.67373765]
 [-0.11707751  0.03210402  0.30251485]
 [ 0.19508907 -0.24091128  0.27437085]
 [ 0.28709108 -0.21191931  0.16913253]
 [-0.0154049   0.03523402  0.9099472 ]
 [-0.03428601  0.06150106  1.1720226 ]
 [-0.10971738  0.11506522  1.2769008 ]
 [-0.04628968  0.06803185  1.3720615 ]
 [-0.16505209 -0.00927037  1.1398306 ]
 [-0.23573424 -0.12029183  0.9162382 ]
 [-0.24825355  0.06893504  0.8359525 ]
 [ 0.09308924  0.12279436  1.0935864 ]
 [ 0.24706034  0.1719316   0.91636616]
 [ 0.21406412  0.35432282  0.7909173 ]]
[[ 0.          0.          0.72888386]
 [ 0.08528031  0.06677001  0.74568933]
 [-0.01398396  0.30560648  0.48887908]
 [-0.00186481  0.23459959  0.07315063]
 [-0.08838882  0.36146808  0.        ]
 [-0.08537398 -0.06705939  0.71194905]
 [-0.17419866  0.0985764   0.3812804 ]
 [ 0.12937313 -0.2041075   0.33800855]
 [ 0.20979843 -0.1773628   0.22054958]
 [-0.01596129  0.03742439  0.9449811 ]
 [-0.02986121  0.06648991  1.2072897 ]
 [-0.10100134  0.12033439  1.3133022 ]
 [-0.03598899  0.06963402  1.4092317 ]
 [-0.15891163 -0.00463459  1.1757226 ]
 [-0.20491762 -0.13251051  0.9692007 ]
 [-0.22615308 -0.03705131  0.851524  ]
 [ 0.09424355  0.13326237  1.1270416 ]
 [ 0.19654939  0.25084805  0.93386996]
 [ 0.12350434  0.4425541   0.86728376]]
[[ 0.          0.          0.7590958 ]
 [ 0.08921071  0.06860782  0.7729635 ]
 [ 0.08484731  0.22115988  0.46665123]
 [ 0.18127194  0.10560191  0.08539653]
 [ 0.11769042  0.23283917  0.        ]
 [-0.08932601 -0.06890805  0.7451407 ]
 [-0.23775089  0.21666402  0.5052601 ]
 [-0.00225383 -0.07589865  0.3529303 ]
 [ 0.01923798 -0.02546233  0.22025782]
 [-0.00730901  0.03535375  0.9769115 ]
 [-0.01879331  0.05615553  1.2410929 ]
 [-0.09314312  0.10584337  1.3397142 ]
 [-0.02339264  0.05195987  1.440978  ]
 [-0.13546163 -0.024407    1.2145565 ]
 [-0.11825095 -0.20927903  1.0593241 ]
 [-0.13839918 -0.19583344  0.89531946]
 [ 0.09246311  0.13892221  1.1616116 ]
 [ 0.0855934   0.29451862  0.9534466 ]
 [-0.00280194  0.45537573  1.0172822 ]]
[[ 0.          0.          0.71898216]
 [ 0.08296898  0.06958981  0.7279115 ]
 [ 0.12530233  0.07621664  0.364629  ]
 [ 0.3412908  -0.09525728  0.11135364]
 [ 0.34139794 -0.0197717   0.        ]
 [-0.08304346 -0.06984681  0.7100063 ]
 [-0.26392856  0.23745587  0.5212304 ]
 [-0.14864144  0.09606129  0.19172555]
 [-0.2109533   0.20259163  0.09218043]
 [-0.00356753  0.01704687  0.9390086 ]
 [-0.01694112  0.01968142  1.20266   ]
 [-0.09815711  0.06349826  1.294032  ]
 [-0.02824501  0.00788254  1.3982749 ]
 [-0.11221733 -0.07832888  1.1852793 ]
 [-0.01560704 -0.3022037   1.1152825 ]
 [-0.01209489 -0.29305604  0.9185494 ]
 [ 0.07544795  0.12015611  1.1264217 ]
 [-0.00367668  0.3035962   0.93274754]
 [-0.08626691  0.37990093  1.0692002 ]]
[[ 0.00000000e+00  0.00000000e+00  6.66635752e-01]
 [ 8.15287232e-02  6.66980147e-02  6.71713591e-01]
 [ 1.09179303e-01  2.70653069e-02  2.77149200e-01]
 [ 3.44001710e-01 -2.01909125e-01  1.23221278e-01]
 [ 3.82015884e-01 -1.64242089e-01  0.00000000e+00]
 [-8.16149265e-02 -6.69162944e-02  6.61533237e-01]
 [-2.52701432e-01  2.17020273e-01  4.60635513e-01]
 [-1.83681607e-01  2.27203578e-01  1.00418150e-01]
 [-2.54509866e-01  3.58985007e-01  4.95473742e-02]
 [-6.68192282e-04  1.23522431e-02  8.86786282e-01]
 [-1.98824294e-02  1.35000050e-02  1.15017080e+00]
 [-1.07671976e-01  5.58929443e-02  1.24181914e+00]
 [-3.75369191e-02  4.71830368e-04  1.34414196e+00]
 [-1.04163177e-01 -8.43449533e-02  1.13215089e+00]
 [ 7.43093342e-03 -2.99229741e-01  1.07758260e+00]
 [-3.12171727e-02 -3.32368225e-01  8.57466102e-01]
 [ 7.17355609e-02  1.11064643e-01  1.07450128e+00]
 [ 3.53109837e-03  2.85946280e-01  8.66260767e-01]
 [-7.81058073e-02  3.65329772e-01  9.95749056e-01]]
[[ 0.          0.          0.6181209 ]
 [ 0.07958141  0.06579915  0.619176  ]
 [ 0.05981702  0.03631482  0.20345795]
 [ 0.27833372 -0.30862805  0.15772063]
 [ 0.33378136 -0.33580387  0.07061756]
 [-0.07967897 -0.06600962  0.6170571 ]
 [-0.21173343  0.24217105  0.39552504]
 [-0.17194626  0.34398985  0.023642  ]
 [-0.25373268  0.5000272   0.        ]
 [-0.00694911  0.01813464  0.8375741 ]
 [-0.03593641  0.02108967  1.1008024 ]
 [-0.12348171  0.05896991  1.1964755 ]
 [-0.04951018  0.00310379  1.2969882 ]
 [-0.10750031 -0.0759404   1.074577  ]
 [-0.00654044 -0.28077888  0.9737513 ]
 [-0.08130009 -0.33461612  0.7698982 ]
 [ 0.05852953  0.1116268   1.0215068 ]
 [ 0.03907792  0.27130964  0.8022082 ]
 [-0.05976135  0.38206062  0.8573253 ]]
[[ 0.          0.          0.64230204]
 [ 0.07692604  0.07390678  0.64060074]
 [-0.00299329  0.10211954  0.24651042]
 [ 0.22419575 -0.2532853   0.2605446 ]
 [ 0.2787488  -0.29930592  0.17406994]
 [-0.07701275 -0.07412541  0.64398533]
 [-0.16735429  0.23346475  0.40854913]
 [-0.100767    0.3214705   0.0336172 ]
 [-0.1843096   0.4843584   0.        ]
 [-0.01384853  0.0266853   0.86103046]
 [-0.05055928  0.02801773  1.1241493 ]
 [-0.13127646  0.06823802  1.2232075 ]
 [-0.05265327  0.00849605  1.3198059 ]
 [-0.12126464 -0.0708631   1.0899918 ]
 [-0.04477937 -0.26008722  0.9434391 ]
 [-0.14943697 -0.3073153   0.7701021 ]
 [ 0.05447756  0.1139769   1.0463223 ]
 [ 0.08919819  0.24356467  0.82755446]
 [ 0.01445425  0.3783954   0.80129963]]
[[ 0.          0.          0.6492464 ]
 [ 0.070254    0.07696199  0.6530076 ]
 [-0.06747298  0.19445965  0.31504378]
 [ 0.17543164 -0.17932233  0.3324682 ]
 [ 0.22265613 -0.21756512  0.22545603]
 [-0.07032945 -0.07718358  0.6454453 ]
 [-0.1332656   0.19843972  0.39802378]
 [-0.0261787   0.28226638  0.04196155]
 [-0.10680714  0.4373153   0.        ]
 [-0.01811948  0.03219613  0.86406976]
 [-0.05931155  0.03138593  1.1262835 ]
 [-0.14020517  0.06807506  1.222992  ]
 [-0.05735967  0.01494771  1.3201089 ]
 [-0.12990461 -0.06581527  1.087638  ]
 [-0.10005369 -0.21985875  0.91134983]
 [-0.1919755  -0.24050945  0.7843825 ]
 [ 0.04615712  0.11220476  1.0487239 ]
 [ 0.11964268  0.1907497   0.84727895]
 [ 0.07075777  0.343417    0.76933396]]
[[ 0.          0.          0.6500849 ]
 [ 0.06387363  0.07508936  0.65904254]
 [-0.16039476  0.24143817  0.42651048]
 [ 0.05624442 -0.09158972  0.31084037]
 [ 0.06241684 -0.09272644  0.17389092]
 [-0.06394103 -0.07533647  0.64103943]
 [-0.05384258  0.11739549  0.35425162]
 [ 0.11898138  0.19994411  0.06963938]
 [ 0.0738883   0.34005     0.        ]
 [-0.01741559  0.03524888  0.8652257 ]
 [-0.05882138  0.04381081  1.1272354 ]
 [-0.13977322  0.07644576  1.2247236 ]
 [-0.05452803  0.03183359  1.3189044 ]
 [-0.14307186 -0.05018294  1.0877724 ]
 [-0.19094193 -0.18950638  0.8823459 ]
 [-0.24998012 -0.11140662  0.8671466 ]
 [ 0.0567924   0.11289984  1.0538685 ]
 [ 0.22058609  0.13502626  0.9113524 ]
 [ 0.22675501  0.30328372  0.7630367 ]]
[[ 0.          0.          0.6048321 ]
 [ 0.07135363  0.0792518   0.62064856]
 [-0.19490859  0.27782375  0.45598257]
 [-0.11561403  0.0551421   0.11370438]
 [-0.19847749  0.11762565  0.01892269]
 [-0.07142398 -0.07952339  0.5889002 ]
 [ 0.01681139  0.03149778  0.24865878]
 [ 0.23875108 -0.02481973  0.09906209]
 [ 0.270427    0.09811705  0.        ]
 [-0.02019525  0.02515702  0.82523805]
 [-0.05173661  0.04020226  1.0878236 ]
 [-0.12853229  0.07991314  1.1851707 ]
 [-0.04971012  0.04119134  1.2831234 ]
 [-0.16887522 -0.04707387  1.0525118 ]
 [-0.287158   -0.14487717  0.8306586 ]
 [-0.25347364  0.05293357  0.8838248 ]
 [ 0.07876471  0.10524839  1.0226585 ]
 [ 0.28266412  0.10034278  0.9172814 ]
 [ 0.3116347   0.19076988  0.71959376]]
[[ 0.          0.          0.6123515 ]
 [ 0.07260345  0.07289721  0.628354  ]
 [-0.16267884  0.29930073  0.44201517]
 [-0.16489433  0.17376935  0.05593365]
 [-0.26890433  0.24928218  0.        ]
 [-0.07267246 -0.07314025  0.5962136 ]
 [-0.00437521 -0.0154869   0.22691447]
 [ 0.26134902 -0.15874165  0.17893213]
 [ 0.3426984  -0.08520269  0.08556414]
 [-0.02167737  0.02832502  0.8324792 ]
 [-0.04869596  0.0427646   1.0941403 ]
 [-0.12155756  0.08915621  1.1972113 ]
 [-0.04710367  0.04587185  1.2904551 ]
 [-0.17154938 -0.03779215  1.0607098 ]
 [-0.28682458 -0.14623344  0.8425348 ]
 [-0.26417458  0.06533124  0.85536957]
 [ 0.07863194  0.1068728   1.0284514 ]
 [ 0.27504742  0.1142154   0.9096647 ]
 [ 0.28806406  0.20625171  0.7146683 ]]
[[ 0.          0.          0.6114837 ]
 [ 0.07296136  0.06541501  0.62984896]
 [-0.09607622  0.34700996  0.42621118]
 [-0.12513748  0.31820363  0.03672552]
 [-0.22799045  0.40953082  0.        ]
 [-0.07302519 -0.06561922  0.5929892 ]
 [-0.05788944 -0.05279261  0.21966958]
 [ 0.23956239 -0.2689997   0.24445501]
 [ 0.35024393 -0.24876243  0.18665951]
 [-0.02034139  0.03217165  0.829291  ]
 [-0.041308    0.05353731  1.0893326 ]
 [-0.10450165  0.10412931  1.195175  ]
 [-0.03691365  0.05871153  1.2837371 ]
 [-0.16293275 -0.02387324  1.0545921 ]
 [-0.25144264 -0.14909458  0.83705187]
 [-0.27201855  0.0176627   0.7720229 ]
 [ 0.07971505  0.12013873  1.0181782 ]
 [ 0.26195067  0.16812912  0.8702642 ]
 [ 0.2485057   0.31346452  0.7094769 ]]
[[ 0.0000000e+00  0.0000000e+00  6.4985561e-01]
 [ 7.6425016e-02  6.4003348e-02  6.6840565e-01]
 [-5.0096050e-02  3.3525938e-01  4.4615722e-01]
 [-6.5054998e-02  2.9604381e-01  5.0716996e-02]
 [-1.5820101e-01  4.1004908e-01  0.0000000e+00]
 [-7.6501988e-02 -6.4223468e-02  6.3118386e-01]
 [-1.1223294e-01 -8.4838271e-04  2.7676779e-01]
 [ 2.0835096e-01 -2.4701509e-01  3.2890967e-01]
 [ 3.1606662e-01 -2.4275464e-01  2.6757506e-01]
 [-1.6748015e-02  3.4583360e-02  8.6407197e-01]
 [-3.5633191e-02  5.2195847e-02  1.1235056e+00]
 [-9.7210661e-02  1.0470849e-01  1.2328246e+00]
 [-2.8662696e-02  5.5070639e-02  1.3168347e+00]
 [-1.5467100e-01 -2.7863771e-02  1.0883784e+00]
 [-2.1297294e-01 -1.7425087e-01  8.8129020e-01]
 [-2.4385510e-01 -4.5349784e-02  7.6589513e-01]
 [ 8.1833526e-02  1.2933105e-01  1.0484762e+00]
 [ 2.3088548e-01  2.2172114e-01  8.7851107e-01]
 [ 1.8609940e-01  4.0718967e-01  7.7130908e-01]]
[[ 0.          0.          0.6815115 ]
 [ 0.0825397   0.06702337  0.69926035]
 [-0.00542561  0.28952408  0.4572872 ]
 [ 0.03080287  0.20202163  0.06325948]
 [-0.05052669  0.3240216   0.        ]
 [-0.08262922 -0.0672652   0.66364914]
 [-0.17451808  0.07646289  0.35469595]
 [ 0.1536003  -0.14685354  0.38074303]
 [ 0.2304697  -0.12856764  0.29684296]
 [-0.01518929  0.03609312  0.8928607 ]
 [-0.02978117  0.05228776  1.1526594 ]
 [-0.08970657  0.10431099  1.2605056 ]
 [-0.01915383  0.04885375  1.3481073 ]
 [-0.14714484 -0.03249297  1.1185223 ]
 [-0.16257772 -0.20161065  0.93600154]
 [-0.17622958 -0.16302185  0.7908652 ]
 [ 0.08614554  0.13826025  1.076158  ]
 [ 0.17500944  0.27454984  0.88582057]
 [ 0.09804016  0.46129668  0.8522545 ]]
[[ 0.          0.          0.6899903 ]
 [ 0.08356975  0.06361093  0.7028769 ]
 [ 0.11424431  0.20616627  0.4102739 ]
 [ 0.2672491   0.07169986  0.09739608]
 [ 0.23819424  0.18068445  0.        ]
 [-0.08365618 -0.06385133  0.6770357 ]
 [-0.236253    0.24103701  0.46969116]
 [ 0.02146338  0.07478115  0.3484009 ]
 [ 0.03130417  0.13358277  0.25751787]
 [-0.00691642  0.0183454   0.8978522 ]
 [-0.02078406  0.01575634  1.1558547 ]
 [-0.08788016  0.0620659   1.2543977 ]
 [-0.01461113  0.00314963  1.3504903 ]
 [-0.12200455 -0.07543662  1.1323392 ]
 [-0.03787522 -0.2788291   1.0293831 ]
 [-0.03454742 -0.29157257  0.8335381 ]
 [ 0.07704465  0.11694929  1.0778096 ]
 [ 0.05766333  0.2960325   0.87875605]
 [-0.04024798  0.4228372   0.9806298 ]]
[[ 0.00000000e+00  0.00000000e+00  6.22399330e-01]
 [ 7.61255920e-02  6.99829459e-02  6.32633626e-01]
 [ 1.47901177e-01  1.26716509e-01  3.01022589e-01]
 [ 3.87813449e-01 -3.02054286e-02  1.16645515e-01]
 [ 4.10924613e-01  3.31457257e-02  0.00000000e+00]
 [-7.62106553e-02 -7.02003911e-02  6.12133086e-01]
 [-2.48887897e-01  2.26494268e-01  4.34005857e-01]
 [-6.18773773e-02  1.49672836e-01  1.80500627e-01]
 [-1.00455865e-01  2.43619502e-01  9.23902988e-02]
 [ 3.72557901e-04  4.51260805e-03  8.28553200e-01]
 [-1.30890682e-02 -1.06455982e-02  1.08701086e+00]
 [-8.91137719e-02  2.59898901e-02  1.18141508e+00]
 [-1.48230959e-02 -2.99405456e-02  1.27815318e+00]
 [-8.81415159e-02 -1.19051754e-01  1.06986129e+00]
 [ 2.63716578e-02 -3.37424845e-01  1.02085996e+00]
 [ 8.64179432e-03 -3.68409336e-01  8.06644857e-01]
 [ 6.72279745e-02  1.04107529e-01  1.01157832e+00]
 [ 2.63097063e-02  2.99175858e-01  8.22332263e-01]
 [-6.33696616e-02  3.35817814e-01  9.46635485e-01]]
[[ 0.0000000e+00  0.0000000e+00  5.4599464e-01]
 [ 7.5482510e-02  6.9665134e-02  5.5108511e-01]
 [ 1.1821466e-01  8.1399053e-02  1.6979697e-01]
 [ 3.6872220e-01 -1.8948430e-01  1.2840557e-01]
 [ 4.4038308e-01 -1.8731868e-01  1.8725514e-02]
 [-7.5574502e-02 -6.9847897e-02  5.4089367e-01]
 [-2.2472531e-01  2.2721654e-01  3.4736571e-01]
 [-1.3099305e-01  2.8886807e-01  3.1790197e-02]
 [-1.9590825e-01  4.2191926e-01  0.0000000e+00]
 [ 4.2803944e-03  1.3142243e-02  7.5397336e-01]
 [-1.5984971e-02 -8.6495280e-04  1.0154500e+00]
 [-1.0232902e-01  2.8732896e-02  1.1125250e+00]
 [-1.5837867e-02 -2.6360869e-02  1.2074805e+00]
 [-7.0692033e-02 -1.1280233e-01  9.8645872e-01]
 [ 3.6548838e-02 -3.3484229e-01  9.0912747e-01]
 [-2.0818017e-02 -3.7988770e-01  6.9344723e-01]
 [ 5.7962261e-02  1.0845202e-01  9.4355142e-01]
 [ 2.9598571e-02  2.8509948e-01  7.3283947e-01]
 [-8.3624214e-02  3.2330412e-01  8.0261099e-01]]
[[ 0.          0.          0.56898713]
 [ 0.07282345  0.07049475  0.5707732 ]
 [ 0.06025686  0.08990613  0.18762866]
 [ 0.28484613 -0.2818007   0.22343588]
 [ 0.3730795  -0.3196005   0.1607989 ]
 [-0.07289906 -0.07064848  0.56719416]
 [-0.16306439  0.23231141  0.3504358 ]
 [-0.10870519  0.36508867  0.00933027]
 [-0.19431716  0.52129066  0.        ]
 [-0.00353939  0.01694612  0.77801025]
 [-0.03266398  0.00327006  1.0391933 ]
 [-0.10966952  0.03145593  1.1370826 ]
 [-0.01992878 -0.02321249  1.229103  ]
 [-0.07762779 -0.104886    0.99851906]
 [ 0.01844215 -0.3002187   0.8662027 ]
 [-0.09212901 -0.32937366  0.68732333]
 [ 0.04991911  0.10201886  0.9695764 ]
 [ 0.0764108   0.25387564  0.7596059 ]
 [-0.043703    0.3448916   0.7392874 ]]
[[ 0.          0.          0.59491205]
 [ 0.06760001  0.08088218  0.5974345 ]
 [ 0.0059265   0.16360173  0.24008054]
 [ 0.25793943 -0.2091505   0.30162376]
 [ 0.3315704  -0.24528494  0.21617946]
 [-0.06765753 -0.08105049  0.59238106]
 [-0.14508414  0.17767134  0.3596723 ]
 [-0.04357228  0.26884735  0.02492404]
 [-0.13758144  0.42013794  0.        ]
 [-0.00861518  0.02024567  0.79989666]
 [-0.0396855   0.003647    1.0611753 ]
 [-0.1184485   0.03333724  1.1627386 ]
 [-0.02279423 -0.02452129  1.2524375 ]
 [-0.08771961 -0.10744348  1.0143493 ]
 [-0.0250727  -0.2918557   0.8681513 ]
 [-0.1484477  -0.30272242  0.71878743]
 [ 0.04928704  0.09955233  0.98971665]
 [ 0.10846949  0.22055835  0.79773873]
 [ 0.01597964  0.28915045  0.72633827]]
[[ 0.00000000e+00  0.00000000e+00  5.93128443e-01]
 [ 6.38556480e-02  7.59061575e-02  6.02266908e-01]
 [-8.45167190e-02  2.30530426e-01  3.21167171e-01]
 [ 1.57697782e-01 -1.35624588e-01  3.41407180e-01]
 [ 2.16864228e-01 -1.61261916e-01  2.29972243e-01]
 [-6.39253855e-02 -7.60968626e-02  5.83935916e-01]
 [-9.59898382e-02  1.29073039e-01  3.32835972e-01]
 [ 6.11456186e-02  2.34399438e-01  4.64205742e-02]
 [ 7.64831901e-04  3.72340560e-01  0.00000000e+00]
 [-1.28759369e-02  2.00184584e-02  7.99158454e-01]
 [-5.07538170e-02  1.38187408e-03  1.05824041e+00]
 [-1.22253656e-01  3.46018076e-02  1.15332305e+00]
 [-3.09080407e-02 -1.86921954e-02  1.24398947e+00]
 [-1.10894799e-01 -1.02075547e-01  1.01071823e+00]
 [-1.07360765e-01 -2.62741327e-01  8.32790852e-01]
 [-2.24409431e-01 -2.46187702e-01  7.55371094e-01]
 [ 4.83231209e-02  8.29685330e-02  9.88025427e-01]
 [ 1.78218663e-01  1.32889211e-01  8.16712677e-01]
 [ 1.29533395e-01  2.86197662e-01  7.01553404e-01]]
[[ 0.          0.          0.56136626]
 [ 0.06344643  0.07993151  0.5768864 ]
 [-0.17967924  0.24930052  0.39443114]
 [-0.0268324  -0.05464381  0.19134319]
 [-0.05583389 -0.02622259  0.07503551]
 [-0.06350262 -0.08016987  0.5457349 ]
 [-0.00565123  0.03917629  0.24059075]
 [ 0.22726125  0.06854939  0.0819352 ]
 [ 0.2327403   0.18725625  0.        ]
 [-0.0133954   0.01965927  0.77158225]
 [-0.04345842  0.01714867  1.0324235 ]
 [-0.1176604   0.05484354  1.1286311 ]
 [-0.02453982  0.00726354  1.2159564 ]
 [-0.14031953 -0.08388856  0.9877079 ]
 [-0.25069094 -0.218967    0.79627424]
 [-0.2764831  -0.04606996  0.82237005]
 [ 0.07243599  0.09086242  0.96947175]
 [ 0.2823237   0.12098637  0.8587275 ]
 [ 0.27438322  0.24193403  0.6711546 ]]
[[ 0.          0.          0.5451776 ]
 [ 0.06521089  0.07730316  0.56633765]
 [-0.1756331   0.27660644  0.40387776]
 [-0.12156476  0.08359012  0.06781405]
 [-0.20482135  0.13097697  0.        ]
 [-0.06525924 -0.07753138  0.52389693]
 [-0.00845653 -0.0135009   0.19422793]
 [ 0.28036398 -0.06227905  0.13094842]
 [ 0.34514543  0.02925861  0.04818097]
 [-0.01638805  0.01933233  0.75777787]
 [-0.03807433  0.02374068  1.0191548 ]
 [-0.10653299  0.07042575  1.1188707 ]
 [-0.0185298   0.01930797  1.2069471 ]
 [-0.15039697 -0.06811628  0.9794521 ]
 [-0.28900117 -0.20459493  0.7920934 ]
 [-0.30197808  0.02934077  0.8039274 ]
 [ 0.08109437  0.09776017  0.96029603]
 [ 0.3032171   0.11983925  0.8539011 ]
 [ 0.31682548  0.26163003  0.66513485]]
[[ 0.          0.          0.5664366 ]
 [ 0.0669265   0.07940852  0.58732784]
 [-0.15262738  0.30101275  0.4018266 ]
 [-0.15003619  0.16644171  0.0427146 ]
 [-0.24848926  0.22633743  0.        ]
 [-0.06696449 -0.07963964  0.5454192 ]
 [-0.03026349 -0.00763059  0.20181125]
 [ 0.2848019  -0.11048332  0.1722219 ]
 [ 0.35843998 -0.03709573  0.08897474]
 [-0.01813218  0.02056313  0.7762769 ]
 [-0.03838429  0.02681458  1.0370938 ]
 [-0.10201526  0.07609504  1.1435146 ]
 [-0.01674907  0.02402014  1.2282436 ]
 [-0.15010265 -0.06497318  0.99626267]
 [-0.28110036 -0.20426483  0.8068341 ]
 [-0.3297357   0.00601007  0.7671747 ]
 [ 0.07906982  0.10820365  0.9740011 ]
 [ 0.2935839   0.15645029  0.8484807 ]
 [ 0.28554767  0.29985237  0.665031  ]]
[[ 0.          0.          0.5756717 ]
 [ 0.06808263  0.0825446   0.59782636]
 [-0.13866325  0.28912765  0.40716648]
 [-0.10496196  0.17838758  0.04701257]
 [-0.20550391  0.25671607  0.        ]
 [-0.06812713 -0.08278247  0.55339795]
 [-0.06328827 -0.00264588  0.22564685]
 [ 0.26782763 -0.10980257  0.19239375]
 [ 0.3329032  -0.03336531  0.0968577 ]
 [-0.01728447  0.01884873  0.78198636]
 [-0.03680305  0.0194453   1.0405523 ]
 [-0.09991397  0.06762356  1.1482213 ]
 [-0.01311447  0.01633465  1.2299719 ]
 [-0.14594589 -0.07543895  0.9974972 ]
 [-0.24828106 -0.22436571  0.800434  ]
 [-0.3004151  -0.02398308  0.74056756]
 [ 0.07823677  0.10830534  0.9769938 ]
 [ 0.2735293   0.1890699   0.8367021 ]
 [ 0.24168193  0.3373696   0.6799642 ]]
[[ 0.          0.          0.5892828 ]
 [ 0.07085671  0.08107852  0.6085645 ]
 [-0.11273311  0.26623708  0.4227886 ]
 [-0.04071282  0.1593501   0.05630618]
 [-0.13793692  0.2545271   0.        ]
 [-0.07091707 -0.08132341  0.56988364]
 [-0.09914497  0.06414726  0.28067696]
 [ 0.23263097 -0.0546031   0.23657298]
 [ 0.2760594   0.02747461  0.12496716]
 [-0.01632091  0.01335275  0.79175365]
 [-0.03957804 -0.00215137  1.0490844 ]
 [-0.10291454  0.04941118  1.1538272 ]
 [-0.0151996  -0.00448591  1.2366514 ]
 [-0.14936271 -0.094091    1.00362   ]
 [-0.22194839 -0.24869598  0.8177413 ]
 [-0.25627673 -0.10531725  0.7312675 ]
 [ 0.07553264  0.09146675  0.98520327]
 [ 0.24854904  0.21282078  0.85084605]
 [ 0.19605157  0.39686692  0.73320955]]
[[ 0.          0.          0.6314187 ]
 [ 0.07967756  0.07603934  0.6495195 ]
 [ 0.00596397  0.20544955  0.3964414 ]
 [ 0.145161    0.05896527  0.07034814]
 [ 0.08703849  0.1686115   0.        ]
 [-0.07975568 -0.07628024  0.61322355]
 [-0.18209337  0.14485155  0.36810163]
 [ 0.07619669  0.03025052  0.25590625]
 [ 0.08137089  0.11321944  0.15648517]
 [-0.01303198  0.00595249  0.83455306]
 [-0.02886499 -0.01391947  1.0930766 ]
 [-0.09480079  0.03005075  1.1963961 ]
 [-0.00307016 -0.02443683  1.2808673 ]
 [-0.12068428 -0.1123895   1.0538312 ]
 [-0.10476933 -0.3038004   0.9036956 ]
 [-0.1486815  -0.24106397  0.75995123]
 [ 0.07486912  0.09395143  1.0275006 ]
 [ 0.16907458  0.2769672   0.8738898 ]
 [ 0.08424707  0.45570496  0.8612424 ]]
[[ 0.          0.          0.6203046 ]
 [ 0.07425045  0.07152818  0.6347043 ]
 [ 0.13144119  0.04622883  0.2807489 ]
 [ 0.38149482 -0.16913742  0.0930298 ]
 [ 0.39114967 -0.10762668  0.        ]
 [-0.07431555 -0.07170625  0.60587794]
 [-0.22762346  0.18303241  0.3642318 ]
 [-0.15944046  0.22229785  0.11460102]
 [-0.2350991   0.34069508  0.08480906]
 [ 0.00616589 -0.00649562  0.8212746 ]
 [ 0.00456833 -0.03731236  1.0760534 ]
 [-0.07272545 -0.01362431  1.1734974 ]
 [ 0.02819898 -0.0638445   1.2562762 ]
 [-0.04483296 -0.15111947  1.0417007 ]
 [ 0.06527396 -0.3690959   0.9362024 ]
 [-0.00900168 -0.3466849   0.74916345]
 [ 0.06645237  0.08138034  1.0131197 ]
 [ 0.06095482  0.25657985  0.8151467 ]
 [-0.05137894  0.32916418  0.90559804]]
[[ 0.          0.          0.5749731 ]
 [ 0.06583205  0.06248123  0.58493793]
 [ 0.13207982 -0.01156548  0.22566125]
 [ 0.3706659  -0.28247893  0.08667955]
 [ 0.4155494  -0.26476252  0.        ]
 [-0.06591001 -0.06264179  0.56500566]
 [-0.1847333   0.19867115  0.31518108]
 [-0.16209346  0.3218574   0.05535126]
 [-0.24181288  0.4518167   0.05103147]
 [ 0.01935576 -0.00684527  0.77465725]
 [ 0.02305631 -0.03685635  1.0296067 ]
 [-0.05803315 -0.01939374  1.1289175 ]
 [ 0.04624569 -0.06693286  1.2078962 ]
 [-0.01057756 -0.14642465  0.9906581 ]
 [ 0.09095067 -0.3483316   0.8550458 ]
 [-0.04797265 -0.3979622   0.6762723 ]
 [ 0.06806286  0.07330939  0.9669539 ]
 [ 0.06511594  0.23966096  0.765537  ]
 [-0.03291965  0.30310085  0.8282513 ]]
[[ 0.          0.          0.5305546 ]
 [ 0.06513967  0.06591086  0.53924364]
 [ 0.09626582  0.03877929  0.16855183]
 [ 0.32686085 -0.30554342  0.12228006]
 [ 0.39131093 -0.32998526  0.05923086]
 [-0.06520011 -0.06607684  0.5218766 ]
 [-0.1683827   0.23548034  0.29239392]
 [-0.1412642   0.3343488   0.01220471]
 [-0.22762072  0.473008    0.        ]
 [ 0.012191    0.0026443   0.7308828 ]
 [ 0.00529863 -0.02427939  0.98806626]
 [-0.07657414 -0.01311642  1.0902007 ]
 [ 0.02850913 -0.06134689  1.170074  ]
 [-0.02827487 -0.13374925  0.93911254]
 [ 0.06075659 -0.32957414  0.7813369 ]
 [-0.10641295 -0.40096295  0.63202906]
 [ 0.05931454  0.0817571   0.92644835]
 [ 0.06044632  0.23388612  0.72843146]
 [-0.04867156  0.2840165   0.73308784]]
[[ 0.0000000e+00  0.0000000e+00  5.5375040e-01]
 [ 6.4859807e-02  7.5779065e-02  5.6269556e-01]
 [ 2.9605966e-02  1.2277950e-01  2.1539342e-01]
 [ 2.6324818e-01 -2.3992980e-01  2.0831254e-01]
 [ 3.2752246e-01 -2.8421372e-01  1.6109231e-01]
 [-6.4888522e-02 -7.5943328e-02  5.4480606e-01]
 [-1.5040800e-01  1.9994026e-01  3.0244610e-01]
 [-5.6860358e-02  3.2019028e-01  2.7041793e-02]
 [-1.4737752e-01  4.6662581e-01  0.0000000e+00]
 [ 1.3311743e-03  1.4417619e-03  7.5134259e-01]
 [-1.4612206e-02 -2.9983371e-02  1.0084221e+00]
 [-9.3236461e-02 -1.6396821e-02  1.1111591e+00]
 [ 1.8830026e-02 -6.3446105e-02  1.1895770e+00]
 [-4.8972145e-02 -1.4387298e-01  9.5167965e-01]
 [-1.6360790e-02 -3.2616043e-01  7.7421248e-01]
 [-1.8058464e-01 -3.5920644e-01  6.8107498e-01]
 [ 4.8868306e-02  7.9326272e-02  9.4683534e-01]
 [ 1.0180081e-01  2.1446598e-01  7.6783037e-01]
 [ 7.6338649e-04  3.1901127e-01  7.1368647e-01]]
[[ 0.          0.          0.5814704 ]
 [ 0.05811856  0.07891643  0.59528303]
 [-0.09962848  0.18804407  0.3224575 ]
 [ 0.14574948 -0.20993285  0.30009884]
 [ 0.18239468 -0.2596391   0.22782433]
 [-0.05815161 -0.07911222  0.56762147]
 [-0.08981515  0.17150265  0.29344565]
 [ 0.04809323  0.28555185  0.0533908 ]
 [-0.02062534  0.43056452  0.        ]
 [-0.0139433   0.00468901  0.7798908 ]
 [-0.05034751 -0.02805233  1.0368028 ]
 [-0.12915276 -0.01255649  1.1376752 ]
 [-0.01899676 -0.05931294  1.2128916 ]
 [-0.10358782 -0.13144141  0.97272253]
 [-0.14115277 -0.28056175  0.78699076]
 [-0.28150314 -0.32800567  0.74531454]
 [ 0.0364077   0.06466904  0.980304  ]
 [ 0.14323199  0.1514005   0.8190868 ]
 [ 0.05496681  0.28784847  0.7124605 ]]
[[ 0.          0.          0.59048855]
 [ 0.05261795  0.07741268  0.6080985 ]
 [-0.17788588  0.20536093  0.4266988 ]
 [-0.00715123 -0.13973477  0.24767393]
 [-0.02309284 -0.1491108   0.14345974]
 [-0.05268189 -0.07767975  0.57278675]
 [-0.01962133  0.09625871  0.2804558 ]
 [ 0.16513564  0.23053902  0.08449775]
 [ 0.14750227  0.35934043  0.        ]
 [-0.01293465  0.01443845  0.7906404 ]
 [-0.05416898 -0.00149947  1.0466356 ]
 [-0.13320658  0.02544963  1.144753  ]
 [-0.02981047 -0.01776379  1.2239773 ]
 [-0.12325969 -0.10137609  0.98704636]
 [-0.21003203 -0.24875095  0.8015941 ]
 [-0.31100664 -0.16176094  0.81017363]
 [ 0.04788053  0.08123606  0.9941113 ]
 [ 0.22424152  0.16279948  0.8779804 ]
 [ 0.14898282  0.3558172   0.7824687 ]]
[[ 0.          0.          0.5587273 ]
 [ 0.05174929  0.08055468  0.58140516]
 [-0.2288796   0.24278226  0.43701643]
 [-0.143986   -0.00977966  0.13252068]
 [-0.21383739  0.02124664  0.05352181]
 [-0.05181012 -0.08082597  0.5359441 ]
 [ 0.02941224  0.02673122  0.21246159]
 [ 0.2536554   0.09782457  0.09636146]
 [ 0.29301175  0.20153406  0.        ]
 [-0.02288012  0.00774385  0.76135474]
 [-0.06506905 -0.01594055  1.015259  ]
 [-0.1469563   0.02067071  1.1093283 ]
 [-0.05534034 -0.01927328  1.1940722 ]
 [-0.15513532 -0.10443598  0.95000327]
 [-0.27610177 -0.21557215  0.7509823 ]
 [-0.3435703  -0.05338873  0.76949984]
 [ 0.05150901  0.06658584  0.975801  ]
 [ 0.265451    0.16763678  0.8865597 ]
 [ 0.21868613  0.37786204  0.84795606]]
[[ 0.0000000e+00  0.0000000e+00  5.4106712e-01]
 [ 5.1235620e-02  7.4248038e-02  5.6436610e-01]
 [-2.2685242e-01  2.8338256e-01  4.0869069e-01]
 [-2.2627965e-01  9.4021291e-02  6.1331570e-02]
 [-3.2168779e-01  1.4516309e-01  0.0000000e+00]
 [-5.1301543e-02 -7.4491754e-02  5.1765686e-01]
 [ 5.9869960e-03 -4.4404238e-02  1.6990551e-01]
 [ 2.8261659e-01 -8.2389623e-02  1.6286051e-01]
 [ 3.6269414e-01 -2.2303373e-02  9.7969025e-02]
 [-2.9449172e-02  7.4848533e-04  7.4768102e-01]
 [-7.3337056e-02 -3.6753982e-02  1.0003163e+00]
 [-1.5612715e-01  1.1955202e-02  1.0996177e+00]
 [-6.7717202e-02 -3.3857107e-02  1.1796746e+00]
 [-1.7297480e-01 -1.1328220e-01  9.3355966e-01]
 [-2.6708722e-01 -2.3174761e-01  7.1846986e-01]
 [-3.4668911e-01 -7.6075226e-02  6.5577322e-01]
 [ 4.3699022e-02  4.8712105e-02  9.6492827e-01]
 [ 2.6101393e-01  1.4570540e-01  9.0692407e-01]
 [ 2.1940756e-01  3.5145518e-01  9.7690368e-01]]
[[ 0.          0.          0.5785204 ]
 [ 0.05076429  0.06946824  0.599671  ]
 [-0.16912708  0.33643365  0.4298318 ]
 [-0.19688672  0.22574434  0.06134081]
 [-0.2887084   0.30735135  0.        ]
 [-0.05082768 -0.06967121  0.5572973 ]
 [-0.08634312 -0.08840859  0.22664434]
 [ 0.24813914 -0.26200253  0.3086762 ]
 [ 0.3673133  -0.24375239  0.27527636]
 [-0.02127806 -0.00332859  0.78834474]
 [-0.05638938 -0.03785932  1.0376452 ]
 [-0.1427627   0.01467574  1.1340377 ]
 [-0.06373627 -0.0358147   1.2119983 ]
 [-0.15167019 -0.10894582  0.97059155]
 [-0.19768038 -0.23602705  0.7507466 ]
 [-0.2783997  -0.22076912  0.5999115 ]
 [ 0.05091549  0.05213147  1.0017909 ]
 [ 0.24370563  0.18911135  0.9829427 ]
 [ 0.16190723  0.29495516  1.1048592 ]]
[[ 0.          0.          0.59866345]
 [ 0.05424958  0.0690894   0.619704  ]
 [-0.11016899  0.353744    0.4345411 ]
 [-0.12130883  0.2825523   0.07929224]
 [-0.19634044  0.3872823   0.        ]
 [-0.05431417 -0.06930518  0.5775463 ]
 [-0.1529382  -0.05999753  0.29052788]
 [ 0.22177738 -0.27565753  0.4151737 ]
 [ 0.35159692 -0.2800626   0.38842607]
 [-0.00682816 -0.02375123  0.8041141 ]
 [-0.02863736 -0.06526816  1.0506892 ]
 [-0.1261156  -0.01763183  1.1448255 ]
 [-0.04562866 -0.06654638  1.2232774 ]
 [-0.11377242 -0.13269427  0.9842397 ]
 [-0.12910049 -0.2562459   0.7727589 ]
 [-0.15493724 -0.26214033  0.6122072 ]
 [ 0.06212882  0.03562704  1.0143677 ]
 [ 0.20107582  0.19988531  1.0549217 ]
 [ 0.13838543  0.27008402  1.194093  ]]
[[ 0.          0.          0.6393236 ]
 [ 0.05996529  0.07838165  0.656951  ]
 [-0.05616574  0.28000262  0.43590415]
 [ 0.02272571  0.22553     0.11055803]
 [-0.02405302  0.33292502  0.        ]
 [-0.06003619 -0.07861383  0.6216409 ]
 [-0.2525497  -0.00401074  0.40407002]
 [ 0.13623774 -0.24546748  0.5021256 ]
 [ 0.22826058 -0.25481966  0.4618286 ]
 [ 0.01305785 -0.03337081  0.8411308 ]
 [ 0.01347101 -0.07586399  1.0900946 ]
 [-0.09317888 -0.03127795  1.174957  ]
 [-0.01406013 -0.07442755  1.2606838 ]
 [-0.05126734 -0.1554102   1.0343114 ]
 [-0.01564397 -0.27389604  0.85687464]
 [-0.01370941 -0.37292424  0.6799691 ]
 [ 0.07424326  0.03879252  1.0521498 ]
 [ 0.13402799  0.23319012  1.1357789 ]
 [ 0.06001453  0.2462216   1.2803643 ]]
[[ 0.          0.          0.6446049 ]
 [ 0.0515476   0.08313477  0.65603215]
 [ 0.03074624  0.24803188  0.37064278]
 [ 0.21028508  0.16589543  0.11854577]
 [ 0.21859297  0.23616508  0.        ]
 [-0.05163664 -0.08341087  0.63314104]
 [-0.31864238  0.03289771  0.50644106]
 [ 0.04390703 -0.18825471  0.4694661 ]
 [ 0.08197138 -0.18510476  0.414137  ]
 [ 0.03183835 -0.03353362  0.843199  ]
 [ 0.05470346 -0.07620031  1.0948331 ]
 [-0.06255059 -0.0343582   1.1837482 ]
 [ 0.02481798 -0.07300937  1.2722509 ]
 [ 0.0307833  -0.16563658  1.0378983 ]
 [ 0.10475029 -0.3025522   0.8631948 ]
 [ 0.12759009 -0.44969386  0.75699824]
 [ 0.0699857   0.05291653  1.0656674 ]
 [ 0.0053707   0.2142221   1.1381149 ]
 [-0.08928256  0.206878    1.3077178 ]]
[[ 0.          0.          0.5563116 ]
 [ 0.04643771  0.08668551  0.56302524]
 [ 0.09789179  0.18867491  0.22137034]
 [ 0.3396079   0.03270912  0.09890014]
 [ 0.3962819   0.05512178  0.        ]
 [-0.0465195  -0.08696282  0.54958946]
 [-0.37595448 -0.0100274   0.4757565 ]
 [-0.18223344 -0.15180343  0.25082234]
 [-0.21352983 -0.10753363  0.1993703 ]
 [ 0.03419307 -0.03663327  0.7545614 ]
 [ 0.06726702 -0.07383159  0.99956346]
 [-0.04854813 -0.04729855  1.0899394 ]
 [ 0.04390171 -0.08495659  1.1821141 ]
 [ 0.09190579 -0.16734393  0.9437815 ]
 [ 0.21711239 -0.3368629   0.8110998 ]
 [ 0.2701866  -0.5007217   0.8325701 ]
 [ 0.0530173   0.05763778  0.9696022 ]
 [-0.0787538   0.19244015  1.010978  ]
 [-0.26226836  0.102108    1.1035205 ]]
[[ 0.          0.          0.42498636]
 [ 0.04487277  0.08571782  0.42792165]
 [ 0.07647909  0.14509253  0.05542725]
 [ 0.33732134 -0.053514    0.06328902]
 [ 0.4289946  -0.08717352  0.        ]
 [-0.04491192 -0.08592059  0.4220569 ]
 [-0.36070794  0.03381594  0.35951132]
 [-0.3534015   0.10565278  0.06248617]
 [-0.43775052  0.19436948  0.06696853]
 [ 0.02801387 -0.04541911  0.62693155]
 [ 0.05041839 -0.08783266  0.8769318 ]
 [-0.06002558 -0.06964982  0.96057266]
 [ 0.03324656 -0.10160667  1.0581787 ]
 [ 0.0965898  -0.19206974  0.82429916]
 [ 0.20597655 -0.42717665  0.7850306 ]
 [ 0.23828113 -0.58319     0.8761746 ]
 [ 0.0313792   0.03860793  0.8382915 ]
 [-0.11020899  0.16897321  0.8021637 ]
 [-0.3064534   0.07200745  0.778532  ]]
[[ 0.          0.          0.38615072]
 [ 0.03904235  0.09043775  0.39391708]
 [ 0.01569861  0.14963743  0.02556905]
 [ 0.26020095 -0.08389369  0.08739513]
 [ 0.35448658 -0.1452269   0.04505813]
 [-0.03907035 -0.09061769  0.37839302]
 [-0.35401815  0.06470219  0.28688172]
 [-0.39774913  0.22659002  0.        ]
 [-0.50436026  0.33185416  0.02753603]
 [ 0.01897409 -0.04330802  0.59010947]
 [ 0.02595587 -0.08192495  0.84275454]
 [-0.08317083 -0.07226178  0.92084324]
 [ 0.00661059 -0.10195053  1.0229466 ]
 [ 0.07714617 -0.1881075   0.79478025]
 [ 0.15340286 -0.4259237   0.8331055 ]
 [ 0.14320746 -0.5567496   0.97171104]
 [ 0.0187731   0.03949693  0.7941406 ]
 [-0.09068967  0.18185237  0.6931908 ]
 [-0.24890497  0.08936484  0.62596774]]
[[ 0.          0.          0.43150708]
 [ 0.04062772  0.09803087  0.44413716]
 [-0.02943695  0.16766085  0.11221975]
 [ 0.20756859 -0.1019097   0.13653812]
 [ 0.29925355 -0.15664357  0.0888207 ]
 [-0.04067431 -0.0982188   0.4188856 ]
 [-0.35311547  0.06363799  0.3144194 ]
 [-0.4158605   0.24232283  0.        ]
 [-0.5213785   0.36559516  0.03784513]
 [ 0.01976034 -0.03772335  0.6329005 ]
 [ 0.02594148 -0.07643688  0.8835565 ]
 [-0.08522761 -0.06092831  0.96890664]
 [ 0.00759704 -0.09056461  1.0658549 ]
 [ 0.07354337 -0.19426556  0.8416028 ]
 [ 0.10724151 -0.41345876  0.9410138 ]
 [ 0.09317413 -0.53990006  1.0940689 ]
 [ 0.02519135  0.0515326   0.82958806]
 [-0.06246915  0.20552775  0.7132168 ]
 [-0.1986025   0.12479934  0.62380755]]
[[ 0.          0.          0.45975468]
 [ 0.02670968  0.10335408  0.47194642]
 [-0.14828265  0.13907777  0.21368241]
 [ 0.10963216 -0.10113469  0.20597854]
 [ 0.17547113 -0.1607292   0.13545644]
 [-0.02678192 -0.10356533  0.44754902]
 [-0.34291428  0.07934998  0.3315661 ]
 [-0.40276772  0.26507637  0.        ]
 [-0.5214422   0.38547152  0.01311013]
 [ 0.01360981 -0.03945896  0.6547302 ]
 [ 0.00735695 -0.07766244  0.9063028 ]
 [-0.10666247 -0.06574899  0.98160684]
 [-0.02343515 -0.09478736  1.0829339 ]
 [ 0.04086514 -0.20163554  0.86957085]
 [ 0.01087856 -0.42147127  1.0108204 ]
 [-0.02721083 -0.5232885   1.1897701 ]
 [ 0.02386944  0.05306137  0.84681666]
 [-0.00312561  0.21255606  0.7187288 ]
 [-0.04877234  0.27703524  0.6147526 ]]
[[ 0.          0.          0.44277442]
 [ 0.02459959  0.10239851  0.46222675]
 [-0.27123404  0.09941834  0.36581236]
 [-0.07847907 -0.1278018   0.23252767]
 [-0.0577826  -0.15568656  0.14271998]
 [-0.02466221 -0.10262978  0.42327547]
 [-0.31375006  0.11154366  0.31474674]
 [-0.2689945   0.34858662  0.01994377]
 [-0.3744253   0.46070117  0.        ]
 [ 0.01832742 -0.04888703  0.62758416]
 [ 0.009627   -0.09905937  0.8709293 ]
 [-0.11832091 -0.07694319  0.9407438 ]
 [-0.04787426 -0.10768849  1.0455699 ]
 [ 0.01162665 -0.21789682  0.84447026]
 [-0.10476062 -0.39304617  1.0386024 ]
 [-0.1722414  -0.48286876  1.2138307 ]
 [ 0.04945204  0.02449802  0.8150789 ]
 [ 0.06901469  0.1544419   0.6980982 ]
 [ 0.13643047  0.2579861   0.60264826]]
[[ 0.          0.          0.3642329 ]
 [ 0.03023198  0.09919413  0.38650596]
 [-0.31083015  0.08450688  0.46182397]
 [-0.36753908 -0.12040114  0.23872942]
 [-0.46055886 -0.13830349  0.20371538]
 [-0.03026854 -0.09938065  0.34190607]
 [-0.2346198   0.18152241  0.23066273]
 [-0.02514184  0.41912174  0.05143076]
 [-0.04664588  0.55419415  0.        ]
 [ 0.00953881 -0.05907589  0.5507054 ]
 [-0.0200058  -0.12375307  0.78604794]
 [-0.1605329  -0.08229721  0.82871854]
 [-0.10690814 -0.10847381  0.9388733 ]
 [-0.06366687 -0.23187752  0.76188326]
 [-0.26760653 -0.3816458   0.89396334]
 [-0.4267278  -0.42012256  1.0219725 ]
 [ 0.07223514 -0.01263654  0.74010354]
 [ 0.21552728  0.09189028  0.6600467 ]
 [ 0.36805913  0.23250276  0.6338787 ]]
[[ 0.          0.          0.28993827]
 [ 0.02942838  0.07918076  0.31126058]
 [-0.3069267   0.08827183  0.42008144]
 [-0.5454942  -0.04583055  0.2519967 ]
 [-0.658735   -0.08970242  0.297858  ]
 [-0.02944655 -0.07936148  0.2685628 ]
 [-0.16605084  0.2109748   0.18392573]
 [ 0.13039643  0.35666227  0.04899599]
 [ 0.1785687   0.48371592  0.        ]
 [-0.00153764 -0.0612856   0.48329327]
 [-0.04321904 -0.11654159  0.7200853 ]
 [-0.18585375 -0.07188049  0.74562216]
 [-0.14653443 -0.08608791  0.8546049 ]
 [-0.10292861 -0.20381303  0.6808702 ]
 [-0.33810568 -0.2807299   0.7034442 ]
 [-0.5388031  -0.23954558  0.72813433]
 [ 0.06136759 -0.01483971  0.6895592 ]
 [ 0.2567129   0.10951981  0.7100088 ]
 [ 0.36231795  0.24250486  0.7925853 ]]
[[ 0.          0.          0.281765  ]
 [ 0.03030683  0.07518771  0.30038887]
 [-0.31036258  0.08857968  0.41311204]
 [-0.6143664  -0.00675811  0.30958676]
 [-0.71227455 -0.05264822  0.3941158 ]
 [-0.03031893 -0.07535337  0.2631074 ]
 [-0.17290309  0.18456295  0.20686515]
 [ 0.09949346  0.31094164  0.0640794 ]
 [ 0.14035565  0.43006456  0.        ]
 [-0.01303437 -0.05872418  0.47994822]
 [-0.07114603 -0.1181258   0.7155603 ]
 [-0.21784526 -0.0829156   0.7288827 ]
 [-0.19764346 -0.09188402  0.836835  ]
 [-0.12282722 -0.1970276   0.6650766 ]
 [-0.3416251  -0.23710674  0.6327672 ]
 [-0.5700012  -0.21420866  0.6213764 ]
 [ 0.02540569 -0.0131959   0.69429505]
 [ 0.18417694  0.13864937  0.77574664]
 [ 0.23385465  0.28590727  0.8864651 ]]
[[ 0.          0.          0.28345984]
 [ 0.02522043  0.07681873  0.30083424]
 [-0.3256774   0.09260026  0.40346503]
 [-0.670411   -0.01611184  0.31608844]
 [-0.76827073 -0.05993403  0.4093631 ]
 [-0.0252182  -0.07697853  0.2660644 ]
 [-0.18605919  0.13578412  0.25289702]
 [ 0.04168997  0.28714716  0.06960882]
 [ 0.04732098  0.4015913   0.        ]
 [-0.01721875 -0.05308373  0.48112422]
 [-0.08825628 -0.11330879  0.7089227 ]
 [-0.23897566 -0.08655533  0.71230185]
 [-0.23225859 -0.09398979  0.8127496 ]
 [-0.13199885 -0.19167717  0.66033196]
 [-0.37023437 -0.21051864  0.5913722 ]
 [-0.6015991  -0.18410726  0.5660192 ]
 [ 0.00191211 -0.00300094  0.6983979 ]
 [ 0.09901246  0.18596435  0.8024904 ]
 [ 0.1053285   0.3216523   0.90487117]]
[[ 0.          0.          0.28369254]
 [ 0.02494683  0.08172892  0.2987755 ]
 [-0.3140887   0.1217919   0.3868698 ]
 [-0.7016351   0.05470918  0.32861802]
 [-0.8023064   0.01308499  0.4377941 ]
 [-0.02493029 -0.08185575  0.26861423]
 [-0.20303717  0.08324747  0.27161697]
 [-0.03940113  0.27911964  0.05825195]
 [-0.07547885  0.38965616  0.        ]
 [-0.03145169 -0.0610608   0.48065135]
 [-0.11365989 -0.12124497  0.69286954]
 [-0.2663199  -0.09743026  0.6773218 ]
 [-0.26218754 -0.09826893  0.77804285]
 [-0.14607543 -0.19962457  0.6449498 ]
 [-0.39658487 -0.1888964   0.5516275 ]
 [-0.63652503 -0.14553776  0.52759576]
 [-0.03278217 -0.00487468  0.6886698 ]
 [-0.01733857  0.19441926  0.79898643]
 [-0.05872053  0.26085716  0.89690155]]
[[ 0.          0.          0.2590349 ]
 [ 0.02170591  0.08701576  0.27608243]
 [-0.3033852   0.1509327   0.335231  ]
 [-0.7192133   0.12784939  0.28072375]
 [-0.80672556  0.07429506  0.3874582 ]
 [-0.02166968 -0.08713721  0.24200621]
 [-0.22762439  0.01412654  0.24200536]
 [-0.13066022  0.29243413  0.02647041]
 [-0.17783302  0.38392556  0.        ]
 [-0.0481359  -0.06216541  0.45562023]
 [-0.14406203 -0.13446674  0.6454176 ]
 [-0.28811884 -0.10935456  0.6161177 ]
 [-0.2836572  -0.10456663  0.7087809 ]
 [-0.16820543 -0.21241388  0.59973645]
 [-0.42817283 -0.15362015  0.4868955 ]
 [-0.6496739  -0.11680618  0.45555618]
 [-0.07122103 -0.01571387  0.6440828 ]
 [-0.11613062  0.19912851  0.73117316]
 [-0.21126825  0.21028256  0.82028246]]
[[ 0.          0.          0.21069118]
 [ 0.0244142   0.09254556  0.23140605]
 [-0.30008775  0.18751143  0.29446253]
 [-0.71204257  0.20195337  0.21682292]
 [-0.7961135   0.14545128  0.32965082]
 [-0.02437529 -0.09265165  0.1900147 ]
 [-0.24817008 -0.04255357  0.18404728]
 [-0.1947552   0.28550956  0.00800392]
 [-0.24734485  0.3616897   0.        ]
 [-0.05640879 -0.07263377  0.40755922]
 [-0.16406544 -0.15849465  0.58184505]
 [-0.30364785 -0.13806412  0.53686833]
 [-0.30302787 -0.13235658  0.6283933 ]
 [-0.18081586 -0.23986948  0.53795624]
 [-0.43066734 -0.18935055  0.4049312 ]
 [-0.6622119  -0.16577831  0.37644398]
 [-0.10305323 -0.03686151  0.58783185]
 [-0.17773855  0.16267627  0.6373054 ]
 [-0.3152585   0.08266178  0.70572865]]
[[ 0.          0.          0.18148401]
 [ 0.0199238   0.0981574   0.20508844]
 [-0.33429506  0.20033431  0.2751143 ]
 [-0.6900346   0.24522494  0.13039029]
 [-0.7962017   0.1964168   0.22165191]
 [-0.01986925 -0.09827182  0.1579029 ]
 [-0.26391208 -0.07191674  0.18491058]
 [-0.274558    0.27471277  0.00463566]
 [-0.33929685  0.3398458   0.        ]
 [-0.05898672 -0.0800071   0.36848056]
 [-0.17151627 -0.17249613  0.5373688 ]
 [-0.30981523 -0.1462393   0.47951183]
 [-0.31415272 -0.13122404  0.5636575 ]
 [-0.1846257  -0.2585956   0.49774006]
 [-0.43161958 -0.18429029  0.35527134]
 [-0.668884   -0.13734673  0.32879093]
 [-0.12382457 -0.04493806  0.5471679 ]
 [-0.23587754  0.16417223  0.57504964]
 [-0.3873136   0.0907284   0.6011429 ]]
[[ 0.          0.          0.14329404]
 [ 0.0104691   0.10114218  0.17399034]
 [-0.3332253   0.18784562  0.23928297]
 [-0.6425787   0.21312019  0.06135882]
 [-0.7465974   0.1588818   0.12289977]
 [-0.01041484 -0.10124349  0.11262546]
 [-0.31537476 -0.111975    0.16312392]
 [-0.34643406  0.29243416  0.        ]
 [-0.42806566  0.3369859   0.01066519]
 [-0.05935494 -0.09046577  0.3215849 ]
 [-0.17472804 -0.1980425   0.47486135]
 [-0.30328774 -0.17410146  0.39897123]
 [-0.30938566 -0.16081238  0.48911595]
 [-0.17214927 -0.27619496  0.4394179 ]
 [-0.3904509  -0.2333422   0.26672542]
 [-0.63102096 -0.1992752   0.250351  ]
 [-0.15024114 -0.08152705  0.48261398]
 [-0.33469415  0.08076894  0.46889454]
 [-0.52553797 -0.06556377  0.46984023]]
[[ 0.          0.          0.080828  ]
 [ 0.00785214  0.10392243  0.12066372]
 [-0.36335877  0.18904373  0.23029353]
 [-0.59883606  0.18109983  0.02970352]
 [-0.686442    0.13742863  0.05515401]
 [-0.0077713  -0.10402022  0.04102925]
 [-0.3462935  -0.10271499  0.11866249]
 [-0.36171323  0.31125763  0.        ]
 [-0.47074062  0.34011257  0.04273704]
 [-0.05600644 -0.10036808  0.24778828]
 [-0.1477623  -0.2281644   0.3908481 ]
 [-0.28231782 -0.20539264  0.3231963 ]
 [-0.28633747 -0.19244376  0.40917438]
 [-0.13216622 -0.29932427  0.34580946]
 [-0.34054792 -0.27880085  0.16670166]
 [-0.5953563  -0.26058367  0.1747288 ]
 [-0.14437258 -0.11717348  0.40742332]
 [-0.36786014  0.00595662  0.37638825]
 [-0.5619719  -0.14250779  0.3771795 ]]
[[ 0.          0.          0.04476322]
 [ 0.00811486  0.1070053   0.08957574]
 [-0.3788743   0.1959561   0.20126738]
 [-0.5348433   0.20511259  0.00900996]
 [-0.6341985   0.1780451   0.03660836]
 [-0.00801495 -0.10710607  0.        ]
 [-0.348962   -0.08768418  0.09265602]
 [-0.3496057   0.34645736  0.0106371 ]
 [-0.46721077  0.37074143  0.06049199]
 [-0.04767724 -0.11368021  0.20429428]
 [-0.12533301 -0.26988983  0.33464032]
 [-0.256457   -0.25782627  0.27058095]
 [-0.2471597  -0.25537813  0.36059904]
 [-0.09858095 -0.34056735  0.27544183]
 [-0.2806528  -0.36173952  0.08652811]
 [-0.553457   -0.31924444  0.14249863]
 [-0.1337132  -0.15595672  0.36410487]
 [-0.3942386  -0.04133695  0.31909806]
 [-0.567189   -0.21440753  0.32077003]]
[[ 0.          0.          0.05809869]
 [ 0.00478012  0.10551767  0.11625245]
 [-0.4063328   0.23572388  0.2009771 ]
 [-0.43065095  0.2941252   0.02704867]
 [-0.5736992   0.2834181   0.07360458]
 [-0.00468697 -0.10560386  0.        ]
 [-0.36592093 -0.05169406  0.11600348]
 [-0.3260509   0.38531727  0.06290293]
 [-0.43010968  0.40201342  0.13100381]
 [-0.01809349 -0.13534284  0.18855515]
 [-0.06777862 -0.32099018  0.31160223]
 [-0.17961589 -0.3290304   0.27325225]
 [-0.16060273 -0.33108884  0.35121363]
 [-0.03036137 -0.38272274  0.23426445]
 [-0.1898472  -0.43801704  0.03742339]
 [-0.48047662 -0.49782303  0.08888955]
 [-0.10126921 -0.21399195  0.3598497 ]
 [-0.38321215 -0.1219359   0.29461733]
 [-0.5217034  -0.31135577  0.28869545]]
[[ 0.          0.          0.06297038]
 [-0.00243386  0.09764258  0.1259853 ]
 [-0.43076384  0.22989745  0.18274418]
 [-0.426813    0.25609812  0.05273289]
 [-0.5545759   0.20951742  0.10763172]
 [ 0.00250264 -0.09771689  0.        ]
 [-0.37999833 -0.02512314  0.09441509]
 [-0.29752988  0.4285732   0.07678885]
 [-0.378776    0.43844426  0.13893265]
 [ 0.00259643 -0.1540457   0.18619588]
 [-0.02616993 -0.35716727  0.30391777]
 [-0.09932502 -0.38237593  0.27275154]
 [-0.08685029 -0.38265517  0.3377409 ]
 [ 0.01910499 -0.40115812  0.2208663 ]
 [-0.11158188 -0.46039814  0.00598214]
 [-0.36059248 -0.5951601   0.01818625]
 [-0.08091369 -0.25984257  0.3632234 ]
 [-0.3450783  -0.1629027   0.27057403]
 [-0.45780623 -0.34592944  0.2542831 ]]
[[ 0.          0.          0.09800547]
 [-0.0112595   0.07993646  0.16980149]
 [-0.43863016  0.19006777  0.22626543]
 [-0.4479267   0.23764537  0.09712338]
 [-0.5411376   0.18078557  0.10042126]
 [ 0.01132166 -0.07998417  0.02626552]
 [-0.35682932 -0.00771488  0.08195549]
 [-0.31119442  0.46003687  0.1047717 ]
 [-0.39820993  0.4547566   0.20113677]
 [ 0.02014734 -0.15917781  0.21230353]
 [ 0.02307031 -0.35937607  0.32542253]
 [-0.00696307 -0.4118392   0.2930373 ]
 [-0.01123828 -0.39160013  0.3520505 ]
 [ 0.07780606 -0.37963933  0.22788271]
 [-0.03871509 -0.45148087  0.00543779]
 [-0.26706135 -0.6267181   0.        ]
 [-0.05228212 -0.28434816  0.39771804]
 [-0.30778736 -0.20509152  0.2855959 ]
 [-0.42347586 -0.4062703   0.23033497]]
[[ 0.          0.          0.13584113]
 [-0.01517661  0.06993378  0.20550184]
 [-0.43861818  0.19724259  0.2640956 ]
 [-0.4415251   0.24433658  0.15302205]
 [-0.52880174  0.18528593  0.15372002]
 [ 0.01521927 -0.06997654  0.0662392 ]
 [-0.3585558   0.00160117  0.10945466]
 [-0.29316533  0.4632787   0.1294744 ]
 [-0.35997725  0.458804    0.20975903]
 [ 0.04304293 -0.16414618  0.23149186]
 [ 0.07736942 -0.3725654   0.33922714]
 [ 0.07838637 -0.43733197  0.30058253]
 [ 0.07132296 -0.4132545   0.35947233]
 [ 0.13665783 -0.37210107  0.23220757]
 [ 0.07239732 -0.46554333  0.        ]
 [-0.16652223 -0.63266903  0.03552669]
 [-0.00346066 -0.30881417  0.41877493]
 [-0.2612876  -0.23290758  0.29777342]
 [-0.34058252 -0.45194003  0.23390782]]
[[ 0.          0.          0.17543662]
 [-0.01689182  0.06612194  0.24824004]
 [-0.44033253  0.19086787  0.30741882]
 [-0.4247772   0.27969474  0.14999337]
 [-0.53788805  0.22891311  0.15579937]
 [ 0.01691728 -0.06617625  0.1026939 ]
 [-0.36370793 -0.00199775  0.13436532]
 [-0.27129537  0.45082307  0.15185884]
 [-0.3547544   0.44584173  0.21666539]
 [ 0.05280067 -0.16983272  0.25488687]
 [ 0.10104558 -0.39075303  0.35253233]
 [ 0.1260032  -0.4638666   0.31149477]
 [ 0.10939571 -0.43204692  0.37175557]
 [ 0.16269451 -0.37669003  0.24123693]
 [ 0.11967716 -0.48019415  0.        ]
 [-0.08420263 -0.66388327  0.02531028]
 [ 0.00992304 -0.3376582   0.43753588]
 [-0.24579243 -0.28600302  0.30914432]
 [-0.30501777 -0.5048325   0.22177589]]
[[ 0.          0.          0.20160896]
 [-0.01843764  0.05771178  0.2765892 ]
 [-0.44258624  0.18709216  0.3268932 ]
 [-0.42499077  0.26662374  0.18652521]
 [-0.52658993  0.20789942  0.1915371 ]
 [ 0.01846643 -0.05773298  0.12668897]
 [-0.37354362 -0.01029985  0.13921735]
 [-0.24773851  0.43801522  0.15385315]
 [-0.31488937  0.43237144  0.20763737]
 [ 0.06192891 -0.17309284  0.2724052 ]
 [ 0.12201399 -0.39613426  0.36176187]
 [ 0.17593977 -0.46789002  0.3255128 ]
 [ 0.15694255 -0.43314326  0.3792584 ]
 [ 0.19027853 -0.3717734   0.24285099]
 [ 0.15515909 -0.48318458  0.        ]
 [ 0.00375402 -0.6698288   0.00846303]
 [ 0.02386846 -0.35422444  0.45260307]
 [-0.22791466 -0.30825996  0.315023  ]
 [-0.26986942 -0.5183078   0.20836496]]
[[ 0.          0.          0.21627069]
 [-0.02449067  0.0462864   0.29176137]
 [-0.43884784  0.16097245  0.3280766 ]
 [-0.4805869   0.22462906  0.20033237]
 [-0.5627959   0.15701695  0.18826142]
 [ 0.02451798 -0.04631653  0.14083686]
 [-0.351817   -0.01817201  0.12803453]
 [-0.2671576   0.4440633   0.17402442]
 [-0.33459073  0.4400355   0.21653765]
 [ 0.06436114 -0.17592317  0.28100768]
 [ 0.13420165 -0.39429575  0.36598933]
 [ 0.22256416 -0.46489832  0.32937735]
 [ 0.19299394 -0.42554486  0.37782812]
 [ 0.20923582 -0.3558136   0.24548104]
 [ 0.18261376 -0.46475452  0.001688  ]
 [ 0.05312726 -0.6656594   0.        ]
 [ 0.02566253 -0.36847842  0.45973635]
 [-0.21967188 -0.33080393  0.31704745]
 [-0.25959212 -0.5265051   0.19441193]]
