[[ 0.          0.          0.8392966 ]
 [ 0.10321581  0.01240188  0.84633064]
 [ 0.0431011   0.31195617  0.50521404]
 [ 0.06428187  0.23449093  0.07541215]
 [ 0.01266564  0.35838526  0.        ]
 [-0.10328582 -0.01245234  0.8315673 ]
 [-0.02108228 -0.06285685  0.40745497]
 [ 0.20216718 -0.45785645  0.57911974]
 [ 0.33819222 -0.49717924  0.5847496 ]
 [ 0.01157451  0.15929215  1.0083741 ]
 [ 0.00725813  0.33182952  1.1652853 ]
 [-0.03257567  0.4353111   1.0928382 ]
 [-0.03921267  0.45343482  1.222785  ]
 [-0.13594463  0.31198344  1.2007387 ]
 [-0.24324942  0.11544004  1.0378442 ]
 [-0.24797812  0.16572583  0.788292  ]
 [ 0.14279968  0.28017807  1.1400537 ]
 [ 0.28876436  0.24754864  0.97333795]
 [ 0.26239806  0.31513277  0.77930313]]
[[ 0.          0.          0.82387865]
 [ 0.10791269  0.01737356  0.8335898 ]
 [ 0.07050138  0.30833083  0.49049205]
 [ 0.10002068  0.20211852  0.0741806 ]
 [ 0.04609171  0.3277499   0.        ]
 [-0.10805878 -0.01738315  0.8134995 ]
 [-0.06020471 -0.03639185  0.38584065]
 [ 0.16352808 -0.45663065  0.57732326]
 [ 0.29954302 -0.49014294  0.5600897 ]
 [ 0.00728528  0.16382284  0.9934666 ]
 [-0.00160925  0.3448137   1.1520138 ]
 [-0.04405239  0.45301002  1.0857447 ]
 [-0.0513868   0.4685213   1.2164309 ]
 [-0.14722219  0.31567603  1.1857506 ]
 [-0.2510931   0.09103356  1.055975  ]
 [-0.24717456  0.13285916  0.8423194 ]
 [ 0.14440094  0.31065392  1.1284943 ]
 [ 0.26113707  0.3356292   0.9469397 ]
 [ 0.19089538  0.4189047   0.783043  ]]
[[ 0.          0.          0.72694135]
 [ 0.11650163  0.03397769  0.74565005]
 [ 0.25837487  0.2909048   0.42077512]
 [ 0.36474887  0.02460557  0.09827548]
 [ 0.33742926  0.13672477  0.        ]
 [-0.11657032 -0.03376655  0.70778894]
 [-0.16676548  0.28109843  0.45858204]
 [ 0.01334891 -0.02397943  0.388766  ]
 [ 0.05011925  0.02711555  0.22779939]
 [-0.03117542  0.12657635  0.9182929 ]
 [-0.08066674  0.2773771   1.1069334 ]
 [-0.13146043  0.3895977   1.0599988 ]
 [-0.1425592   0.3990175   1.1879508 ]
 [-0.20401931  0.2099537   1.1370798 ]
 [-0.27049422 -0.00341892  1.3046192 ]
 [-0.21525824 -0.13860384  1.1788096 ]
 [ 0.06713985  0.29563725  1.0828723 ]
 [ 0.06025108  0.4467813   0.8479508 ]
 [-0.11162996  0.45495427  0.94164217]]
[[ 0.          0.          0.6725681 ]
 [ 0.11609873  0.03671823  0.6870554 ]
 [ 0.33088794  0.26287743  0.4243265 ]
 [ 0.47699088 -0.05648327  0.14225578]
 [ 0.47278675  0.01957214  0.        ]
 [-0.11617471 -0.03648563  0.657819  ]
 [-0.16416827  0.36016127  0.4960782 ]
 [-0.05730416  0.12330893  0.20895544]
 [-0.06599754  0.22665244  0.06475043]
 [-0.04200809  0.09710461  0.87885714]
 [-0.10284035  0.22393173  1.0827546 ]
 [-0.16837382  0.3317594   1.0412736 ]
 [-0.18403566  0.34644285  1.1653326 ]
 [-0.21013817  0.13966548  1.1110125 ]
 [-0.24723583 -0.07494473  1.2884618 ]
 [-0.22085994 -0.19497263  1.1538929 ]
 [ 0.0375426   0.2579459   1.0589039 ]
 [ 0.04397982  0.3998043   0.8206974 ]
 [-0.11553872  0.41964567  0.98458266]]
[[ 0.          0.          0.6732141 ]
 [ 0.11426751  0.0439194   0.68843424]
 [ 0.337612    0.22074345  0.43279648]
 [ 0.4972983  -0.16091609  0.24729559]
 [ 0.5320731  -0.11440897  0.06970668]
 [-0.11433977 -0.04367321  0.65792954]
 [-0.18593746  0.3489519   0.49303165]
 [-0.12447178  0.23041922  0.0926652 ]
 [-0.16739407  0.3685912   0.        ]
 [-0.04665552  0.09148577  0.88119423]
 [-0.11738288  0.21519959  1.0884261 ]
 [-0.21666491  0.31125608  1.0457001 ]
 [-0.21918666  0.32974282  1.1710329 ]
 [-0.21039066  0.1142565   1.1052985 ]
 [-0.2240481  -0.11118057  1.2503669 ]
 [-0.23390463 -0.2043412   1.0985017 ]
 [ 0.01650717  0.2580483   1.067601  ]
 [ 0.05809783  0.39020386  0.831873  ]
 [-0.09742042  0.43211642  0.9676941 ]]
[[ 0.          0.          0.67696583]
 [ 0.11615533  0.04634708  0.69275963]
 [ 0.2261188   0.04204762  0.33072224]
 [ 0.37647146 -0.40773678  0.38325983]
 [ 0.46610332 -0.4060134   0.28944921]
 [-0.11620581 -0.04618337  0.66138595]
 [-0.1881955   0.3504646   0.42701375]
 [-0.13876837  0.4328809   0.02452493]
 [-0.19918543  0.6051993   0.        ]
 [-0.05374034  0.11666469  0.8660101 ]
 [-0.13907103  0.23885483  1.060846  ]
 [-0.2649334   0.33228517  1.0328534 ]
 [-0.2718266   0.3542534   1.1660931 ]
 [-0.23393798  0.13703611  1.028095  ]
 [-0.24887642 -0.08077282  0.9548633 ]
 [-0.23300746 -0.13813314  0.76315516]
 [-0.00209285  0.26901096  1.06236   ]
 [ 0.13502017  0.31389067  0.8382297 ]
 [ 0.03664047  0.42210808  0.78165746]]
[[ 0.          0.          0.6934524 ]
 [ 0.11498658  0.05124022  0.70697826]
 [ 0.15582064  0.00961     0.3084374 ]
 [ 0.25562352 -0.48321217  0.45208526]
 [ 0.3687868  -0.51648325  0.42518622]
 [-0.11511251 -0.05112259  0.6801464 ]
 [-0.16098416  0.33657646  0.4257984 ]
 [-0.0915017   0.39097393  0.02371055]
 [-0.16079289  0.5728212   0.        ]
 [-0.05311652  0.11960304  0.8747072 ]
 [-0.14480036  0.23188552  1.0658561 ]
 [-0.27827197  0.31297186  1.0503087 ]
 [-0.2812672   0.33578202  1.1821407 ]
 [-0.2363832   0.12898144  1.0249937 ]
 [-0.24108183 -0.06513041  0.85243946]
 [-0.24755494 -0.08320018  0.63045967]
 [-0.00886217  0.25997785  1.0692985 ]
 [ 0.17059946  0.25992167  0.8726624 ]
 [ 0.16802791  0.29476678  0.7128923 ]]
[[ 0.          0.          0.6931844 ]
 [ 0.11466692  0.05646761  0.7031503 ]
 [ 0.07836729  0.0276292   0.29351434]
 [ 0.15460697 -0.4727896   0.46355045]
 [ 0.253265   -0.5183821   0.42434162]
 [-0.11481983 -0.05640736  0.6833682 ]
 [-0.1155639   0.31580868  0.40707436]
 [ 0.03087773  0.35070896  0.039505  ]
 [-0.05287507  0.53107685  0.        ]
 [-0.05911304  0.12436211  0.87721527]
 [-0.15604278  0.22855362  1.0735304 ]
 [-0.29309165  0.30444017  1.0721796 ]
 [-0.29149488  0.31813836  1.2025864 ]
 [-0.2499404   0.13070083  1.0258164 ]
 [-0.26177996 -0.02680263  0.8130435 ]
 [-0.31302506  0.03910796  0.6159377 ]
 [-0.02106524  0.25028569  1.0764444 ]
 [ 0.19223747  0.17645521  0.9575467 ]
 [ 0.30148673  0.15224533  0.77575713]]
[[ 0.          0.          0.66770643]
 [ 0.10688087  0.06499252  0.67833114]
 [-0.0468984   0.12766403  0.29315826]
 [ 0.06514165 -0.321682    0.38679564]
 [ 0.13881075 -0.33354637  0.26753712]
 [-0.10709241 -0.06503976  0.65687317]
 [-0.03528024  0.23674697  0.34456298]
 [ 0.2091187   0.25782174  0.06192261]
 [ 0.12282929  0.42812964  0.        ]
 [-0.07248166  0.11079592  0.85956764]
 [-0.17407921  0.20367146  1.0665835 ]
 [-0.29704452  0.286282    1.0782753 ]
 [-0.27977663  0.2924713   1.2112336 ]
 [-0.28553545  0.12009418  1.0172048 ]
 [-0.33634627  0.01961308  0.77078825]
 [-0.408101    0.21318682  0.72345793]
 [-0.03362313  0.20721275  1.0673301 ]
 [ 0.21809876  0.07038811  1.0787332 ]
 [ 0.41439015  0.01718609  0.9165648 ]]
[[ 0.          0.          0.6696069 ]
 [ 0.09881845  0.06412378  0.68650997]
 [-0.10159144  0.27962923  0.40433747]
 [ 0.03459811 -0.02151212  0.26167706]
 [ 0.03532278  0.0547682   0.09580696]
 [-0.09902506 -0.06426319  0.65202016]
 [ 0.08190225  0.02902201  0.36476052]
 [ 0.3370854  -0.02165991  0.11842453]
 [ 0.3016057   0.11367953  0.        ]
 [-0.07471107  0.0737913   0.8715222 ]
 [-0.1607084   0.16440207  1.086692  ]
 [-0.25327522  0.2703485   1.0798817 ]
 [-0.2368424   0.26547903  1.2164545 ]
 [-0.285841    0.11092186  1.0537035 ]
 [-0.400748    0.04973081  0.8106545 ]
 [-0.40799835  0.2580121   0.92688835]
 [-0.01932749  0.15017307  1.0847828 ]
 [ 0.21217114  0.02045941  1.1786964 ]
 [ 0.41941422 -0.04298458  1.0347655 ]]
[[ 0.0000000e+00  0.0000000e+00  6.4510971e-01]
 [ 9.7525403e-02  5.3870603e-02  6.6397941e-01]
 [-1.3313234e-01  2.7228060e-01  4.2808944e-01]
 [-1.3304932e-02  4.4092953e-02  1.3554525e-01]
 [-5.6914911e-02  1.5288669e-01  0.0000000e+00]
 [-9.7736984e-02 -5.4048169e-02  6.2543595e-01]
 [ 1.5565895e-01  2.3714721e-02  3.8053718e-01]
 [ 4.0595484e-01 -7.7243268e-02  2.1629903e-01]
 [ 4.3139088e-01  2.9659450e-02  5.8002412e-02]
 [-6.5393038e-02  6.5336406e-02  8.5325861e-01]
 [-1.3943452e-01  1.5553698e-01  1.0705680e+00]
 [-2.1839595e-01  2.7237499e-01  1.0555344e+00]
 [-2.0425326e-01  2.6509738e-01  1.1948745e+00]
 [-2.7022684e-01  1.0792285e-01  1.0492184e+00]
 [-4.1665161e-01  5.9980527e-02  8.3821595e-01]
 [-3.8142508e-01  2.3591667e-01  9.9120140e-01]
 [-2.4840236e-05  1.3325316e-01  1.0643336e+00]
 [ 2.2692159e-01 -8.2931221e-03  1.1676540e+00]
 [ 4.1712385e-01 -4.7028393e-02  1.0203923e+00]]
[[ 0.          0.          0.71443784]
 [ 0.10146432  0.02703815  0.72579855]
 [-0.05626146  0.32008305  0.48375505]
 [-0.04039073  0.2592256   0.0582763 ]
 [-0.10748476  0.39575353  0.        ]
 [-0.10167684 -0.02729478  0.7020591 ]
 [ 0.13731891 -0.01521152  0.40222958]
 [ 0.41278255 -0.23480877  0.4699961 ]
 [ 0.5283936  -0.18705815  0.38481724]
 [-0.02959986  0.09393993  0.92504406]
 [-0.07074612  0.20879379  1.1343815 ]
 [-0.12671193  0.3197351   1.09882   ]
 [-0.12229687  0.32230967  1.2358773 ]
 [-0.21164414  0.18690723  1.140722  ]
 [-0.3559621   0.10118686  0.9426152 ]
 [-0.31234205  0.28324783  0.96051353]
 [ 0.06845972  0.163544    1.1115061 ]
 [ 0.3068231   0.06132624  1.1082318 ]
 [ 0.4110667   0.08053112  0.88872963]]
[[ 0.          0.          0.7803887 ]
 [ 0.10339236  0.01554096  0.78995204]
 [ 0.00560586  0.31253278  0.4843541 ]
 [ 0.00359263  0.2664539   0.05116922]
 [-0.06082779  0.3943548   0.        ]
 [-0.10351502 -0.01572228  0.7699433 ]
 [ 0.06108777 -0.02929768  0.40119213]
 [ 0.31363368 -0.32178387  0.5966529 ]
 [ 0.4520741  -0.32158938  0.5766804 ]
 [-0.00315659  0.12947729  0.9690044 ]
 [-0.0246982   0.2737      1.1555593 ]
 [-0.07845041  0.3774123   1.1097585 ]
 [-0.07756993  0.3787013   1.2442714 ]
 [-0.16656202  0.25416738  1.1779182 ]
 [-0.3025515   0.09209308  1.0188459 ]
 [-0.3030318   0.1947192   0.82829696]
 [ 0.11442753  0.22740301  1.1297028 ]
 [ 0.3056297   0.1552442   1.0028181 ]
 [ 0.3122064   0.21047366  0.7723514 ]]
[[ 0.          0.          0.8223802 ]
 [ 0.10337171  0.01143895  0.83057666]
 [ 0.04130864  0.30462325  0.49346232]
 [ 0.04218514  0.23031247  0.06418419]
 [-0.01416492  0.3557461   0.        ]
 [-0.10348313 -0.0115323   0.8134429 ]
 [-0.00461568 -0.03920761  0.41070747]
 [ 0.2154378  -0.42154646  0.61716634]
 [ 0.35338318 -0.45008615  0.61877435]
 [ 0.0044425   0.14507744  1.002552  ]
 [-0.01067741  0.30212802  1.1765301 ]
 [-0.06013536  0.4044165   1.1231527 ]
 [-0.06475556  0.41079816  1.2552795 ]
 [-0.15395159  0.2820659   1.2045362 ]
 [-0.2775222   0.0839045   1.0595514 ]
 [-0.27377504  0.15427524  0.84046453]
 [ 0.13118693  0.2588271   1.1482136 ]
 [ 0.27584726  0.24251226  0.97560644]
 [ 0.22824821  0.3129122   0.77142787]]
[[ 0.          0.          0.79864275]
 [ 0.11008509  0.02418186  0.8110632 ]
 [ 0.10933938  0.3089295   0.46182382]
 [ 0.1336546   0.17895776  0.06503475]
 [ 0.07635972  0.3069105   0.        ]
 [-0.11027879 -0.02418453  0.785651  ]
 [-0.10695933  0.02606794  0.38651955]
 [ 0.11882704 -0.40491185  0.5782252 ]
 [ 0.24569303 -0.43357885  0.55748683]
 [-0.00426684  0.14909293  0.97891474]
 [-0.02879876  0.31537747  1.1597638 ]
 [-0.07980838  0.42744827  1.1226094 ]
 [-0.08180982  0.43115705  1.25328   ]
 [-0.17166337  0.27407527  1.176146  ]
 [-0.25746518  0.02601585  1.0865684 ]
 [-0.23707405  0.02391706  0.9251596 ]
 [ 0.12728874  0.30260813  1.1355399 ]
 [ 0.20462537  0.3918555   0.9289099 ]
 [ 0.07871154  0.4732589   0.8294053 ]]
[[ 0.          0.          0.7042189 ]
 [ 0.11556365  0.03338157  0.7186609 ]
 [ 0.29016167  0.30693346  0.42381054]
 [ 0.40270612  0.03527325  0.11489516]
 [ 0.37342393  0.14040047  0.        ]
 [-0.1156229  -0.0331596   0.6893523 ]
 [-0.1596002   0.31144792  0.45741653]
 [ 0.01608538  0.0094189   0.36945087]
 [ 0.04847305  0.06448907  0.20568407]
 [-0.02779972  0.12117977  0.8957255 ]
 [-0.07796791  0.25727987  1.0919572 ]
 [-0.13979733  0.3677516   1.0602226 ]
 [-0.14723057  0.36933145  1.1906446 ]
 [-0.19487149  0.18483466  1.1128848 ]
 [-0.22754565 -0.03693485  1.2912304 ]
 [-0.16700336 -0.16182208  1.1341903 ]
 [ 0.06567179  0.28522545  1.0660372 ]
 [ 0.05632316  0.44275308  0.8349529 ]
 [-0.11333898  0.43095624  0.96597755]]
[[ 0.          0.          0.6539295 ]
 [ 0.11556484  0.03596511  0.6645847 ]
 [ 0.35031536  0.25881153  0.42621562]
 [ 0.5003965  -0.05825159  0.1639933 ]
 [ 0.5076648   0.0057506   0.        ]
 [-0.11559172 -0.03572694  0.6430896 ]
 [-0.16480947  0.36691737  0.4842517 ]
 [-0.04918748  0.1482436   0.19750655]
 [-0.06132455  0.25747412  0.0552842 ]
 [-0.03203799  0.09450851  0.85626876]
 [-0.08931206  0.20392406  1.0684699 ]
 [-0.1789875   0.30527958  1.0429971 ]
 [-0.18077695  0.30800983  1.1732755 ]
 [-0.18651153  0.11265892  1.0856745 ]
 [-0.18719926 -0.11549503  1.2617134 ]
 [-0.1647293  -0.225102    1.1046628 ]
 [ 0.04127474  0.24584013  1.033334  ]
 [ 0.05973868  0.39671183  0.8066763 ]
 [-0.09361893  0.40450752  0.98120725]]
[[ 0.          0.          0.6446138 ]
 [ 0.11231288  0.04730768  0.65838087]
 [ 0.30294856  0.13210995  0.374654  ]
 [ 0.48411846 -0.29664958  0.3047018 ]
 [ 0.5385984  -0.27749026  0.1524409 ]
 [-0.11234982 -0.04709046  0.6309785 ]
 [-0.1835328   0.35881042  0.45808953]
 [-0.11842677  0.36004627  0.06206411]
 [-0.15316424  0.51525253  0.        ]
 [-0.04025622  0.09811874  0.84807986]
 [-0.11049247  0.21155733  1.0592594 ]
 [-0.23178226  0.3048033   1.0346336 ]
 [-0.22001305  0.3116584   1.1686815 ]
 [-0.19798115  0.10046828  1.0646532 ]
 [-0.17898631 -0.13814843  1.1603655 ]
 [-0.18237047 -0.21775182  0.984918  ]
 [ 0.01810332  0.2554022   1.0289465 ]
 [ 0.10666411  0.35815027  0.79787636]
 [-0.04219484  0.43211427  0.88846123]]
[[ 0.          0.          0.6492756 ]
 [ 0.1125594   0.04559666  0.6606794 ]
 [ 0.16990536 -0.04746559  0.27712345]
 [ 0.30346957 -0.5227347   0.40007532]
 [ 0.40735555 -0.5556026   0.36273226]
 [-0.11263952 -0.04551562  0.6381162 ]
 [-0.16042462  0.34713104  0.40292832]
 [-0.10005611  0.47042906  0.02114087]
 [-0.16318244  0.6468599   0.        ]
 [-0.04555088  0.11608736  0.83739805]
 [-0.1286636   0.22081536  1.0366243 ]
 [-0.25631016  0.3065092   1.0299445 ]
 [-0.2532091   0.32061678  1.1620464 ]
 [-0.21926266  0.12010527  1.0045611 ]
 [-0.22487049 -0.08839831  0.88139516]
 [-0.22196415 -0.11256219  0.68249017]
 [ 0.00372615  0.24999887  1.0257831 ]
 [ 0.1601392   0.27059627  0.8138986 ]
 [ 0.13230565  0.3388654   0.70721996]]
[[ 0.          0.          0.6802748 ]
 [ 0.11197454  0.05005387  0.69197935]
 [ 0.12930629 -0.0212931   0.29915756]
 [ 0.22089788 -0.50991595  0.456429  ]
 [ 0.3287502  -0.55774987  0.45911548]
 [-0.11212525 -0.05000816  0.66886264]
 [-0.13961783  0.33201474  0.41658515]
 [-0.05123743  0.4119165   0.02855802]
 [-0.1324572   0.59561235  0.        ]
 [-0.05002123  0.10759175  0.86911166]
 [-0.13898195  0.20070189  1.0752    ]
 [-0.26871583  0.2767039   1.0814075 ]
 [-0.26413977  0.28619272  1.2108198 ]
 [-0.22818184  0.10146725  1.034682  ]
 [-0.23724812 -0.08661538  0.84881353]
 [-0.258948   -0.06828369  0.64068025]
 [-0.00526774  0.22925144  1.0629156 ]
 [ 0.17629464  0.2180102   0.87829137]
 [ 0.21807702  0.25180325  0.6988448 ]]
[[ 0.          0.          0.6550165 ]
 [ 0.11161363  0.06086461  0.66409343]
 [ 0.04551077  0.02150047  0.26344323]
 [ 0.12275535 -0.47679937  0.44665438]
 [ 0.2125597  -0.53089666  0.42459196]
 [-0.11178125 -0.06088924  0.64611113]
 [-0.08614095  0.30325535  0.3870191 ]
 [ 0.08590447  0.3500017   0.04187208]
 [-0.01268014  0.53506064  0.        ]
 [-0.06036811  0.10877526  0.84726775]
 [-0.15671104  0.19355875  1.059334  ]
 [-0.28309992  0.26687214  1.0813645 ]
 [-0.27253368  0.27015758  1.2105577 ]
 [-0.25283965  0.10111803  1.0113366 ]
 [-0.2674832  -0.0489326   0.7918153 ]
 [-0.349872    0.04531429  0.64394546]
 [-0.01999539  0.21143395  1.046446  ]
 [ 0.20506439  0.11820632  0.94648916]
 [ 0.32737398  0.09751113  0.75043315]]
[[ 0.          0.          0.6376746 ]
 [ 0.10470258  0.06702915  0.6493635 ]
 [-0.06936546  0.1818375   0.29381135]
 [ 0.06418228 -0.24380693  0.36205447]
 [ 0.13608825 -0.24771178  0.2387855 ]
 [-0.10493901 -0.06713497  0.6257067 ]
 [ 0.01241625  0.19682765  0.3496005 ]
 [ 0.27712202  0.21982941  0.07584721]
 [ 0.19660577  0.39050847  0.        ]
 [-0.06891623  0.08321166  0.8429743 ]
 [-0.15959969  0.15673155  1.0684692 ]
 [-0.27029884  0.24148381  1.0901518 ]
 [-0.25538784  0.24340492  1.2209637 ]
 [-0.27610368  0.08080852  1.0248652 ]
 [-0.35190317 -0.01113424  0.7774258 ]
 [-0.4192799   0.20075342  0.80811536]
 [-0.02031749  0.15800366  1.0554322 ]
 [ 0.23002827  0.01887426  1.0745353 ]
 [ 0.40605545 -0.01998499  0.8923758 ]]
[[ 0.          0.          0.6086327 ]
 [ 0.09587997  0.05976893  0.62507814]
 [-0.12691107  0.28475398  0.3803864 ]
 [ 0.03742646  0.01899832  0.2014471 ]
 [ 0.03185889  0.10038304  0.04996228]
 [-0.09610251 -0.05996769  0.5915258 ]
 [ 0.128237    0.02196538  0.3365827 ]
 [ 0.39911792 -0.03017655  0.13969225]
 [ 0.38217792  0.0982213   0.        ]
 [-0.06245768  0.05372959  0.82158256]
 [-0.14016324  0.12134314  1.0560817 ]
 [-0.22777903  0.22989285  1.0595798 ]
 [-0.2169629   0.21951473  1.195336  ]
 [-0.26497176  0.06666315  1.0205293 ]
 [-0.4044447  -0.00999475  0.8024525 ]
 [-0.40252703  0.1773662   0.9478866 ]
 [ 0.00122903  0.11107647  1.0425247 ]
 [ 0.24357915 -0.0078384   1.121689  ]
 [ 0.41844139 -0.04885894  0.95559263]]
[[ 0.00000000e+00  0.00000000e+00  6.72772467e-01]
 [ 1.00932032e-01  3.50255705e-02  6.88993514e-01]
 [-1.04056835e-01  3.07809502e-01  4.70042169e-01]
 [-4.75317910e-02  1.98581398e-01  7.41994977e-02]
 [-1.11198142e-01  3.32152128e-01  0.00000000e+00]
 [-1.01167113e-01 -3.52885649e-02  6.55619800e-01]
 [ 1.65590793e-01 -2.62916088e-04  3.87754083e-01]
 [ 4.42216158e-01 -1.96726203e-01  3.85108292e-01]
 [ 5.25707066e-01 -1.20400667e-01  2.63737112e-01]
 [-3.75471115e-02  7.29232430e-02  8.88331532e-01]
 [-9.02046710e-02  1.57830477e-01  1.11602759e+00]
 [-1.57125711e-01  2.72755891e-01  1.11762166e+00]
 [-1.43207937e-01  2.63155341e-01  1.25255108e+00]
 [-2.29735374e-01  1.26643151e-01  1.09933758e+00]
 [-3.80244970e-01  3.38168293e-02  8.97849679e-01]
 [-3.42385948e-01  2.08010137e-01  9.80776548e-01]
 [ 5.13346903e-02  1.21386588e-01  1.09323633e+00]
 [ 2.91888893e-01  1.41943097e-02  1.12378383e+00]
 [ 4.26134080e-01  4.70798612e-02  9.18265462e-01]]
[[ 0.          0.          0.7142248 ]
 [ 0.10247168  0.02203082  0.7239127 ]
 [-0.02699417  0.341941    0.45926428]
 [-0.0401466   0.32346135  0.03287393]
 [-0.11902595  0.4558203   0.        ]
 [-0.10268474 -0.02229214  0.70358807]
 [ 0.10384782 -0.04123425  0.36028707]
 [ 0.3668248  -0.29106966  0.53695476]
 [ 0.49446374 -0.2760445   0.5031639 ]
 [-0.01404334  0.10287207  0.9184785 ]
 [-0.04284295  0.21850288  1.1308625 ]
 [-0.1043563   0.3216445   1.118823  ]
 [-0.09337191  0.31273553  1.251466  ]
 [-0.18515489  0.19745874  1.1369672 ]
 [-0.32358235  0.07020904  0.96444535]
 [-0.30890328  0.23662403  0.8574083 ]
 [ 0.09833331  0.17819029  1.1007133 ]
 [ 0.3177457   0.10703036  1.0154705 ]
 [ 0.36370307  0.14641497  0.78164315]]
[[ 0.          0.          0.75508726]
 [ 0.10215659  0.01648798  0.76481783]
 [ 0.00660961  0.33344284  0.47101238]
 [-0.00812677  0.2938791   0.04195166]
 [-0.08363059  0.42037275  0.        ]
 [-0.10233124 -0.01667428  0.7445089 ]
 [ 0.04950504 -0.02579367  0.37122405]
 [ 0.29425034 -0.32430586  0.5991157 ]
 [ 0.43067372 -0.33723617  0.59407926]
 [-0.0039321   0.12437497  0.94657785]
 [-0.02735615  0.26075733  1.1434557 ]
 [-0.08452326  0.364501    1.1177554 ]
 [-0.07730019  0.3577798   1.2503799 ]
 [-0.16895294  0.24130428  1.1597564 ]
 [-0.2997113   0.06864327  0.9989047 ]
 [-0.30465427  0.18038048  0.8053524 ]
 [ 0.1152676   0.21871924  1.1118467 ]
 [ 0.29773057  0.16503502  0.9682573 ]
 [ 0.2888417   0.2220066   0.74958026]]
[[ 0.0000000e+00  0.0000000e+00  7.8795868e-01]
 [ 1.0689614e-01  1.9372765e-02  7.9670751e-01]
 [ 5.6982853e-02  3.2840317e-01  4.7503814e-01]
 [ 4.8183065e-02  2.5368840e-01  5.7704568e-02]
 [-2.3592234e-02  3.8120115e-01  0.0000000e+00]
 [-1.0710663e-01 -1.9462399e-02  7.7852297e-01]
 [-4.2253569e-02 -9.0707242e-03  3.7108451e-01]
 [ 1.7567974e-01 -4.1095352e-01  6.0388589e-01]
 [ 3.1229892e-01 -4.4636449e-01  6.0280418e-01]
 [-7.6735020e-04  1.4442894e-01  9.6945602e-01]
 [-1.9706249e-02  3.0369699e-01  1.1562257e+00]
 [-7.5042546e-02  4.1115034e-01  1.1288770e+00]
 [-6.8624437e-02  4.0803391e-01  1.2607496e+00]
 [-1.6372550e-01  2.7179080e-01  1.1745920e+00]
 [-2.8146482e-01  5.9002936e-02  1.0391301e+00]
 [-2.7770597e-01  1.2542751e-01  8.5430932e-01]
 [ 1.2906750e-01  2.7648079e-01  1.1219549e+00]
 [ 2.5718197e-01  2.8472301e-01  9.3833202e-01]
 [ 1.8212670e-01  3.5073489e-01  7.6885903e-01]]
[[ 0.          0.          0.72227633]
 [ 0.11370805  0.037386    0.738706  ]
 [ 0.18654309  0.36341366  0.42480522]
 [ 0.2544146   0.1710121   0.07799929]
 [ 0.1845837   0.305327    0.        ]
 [-0.11385876 -0.03726384  0.70537215]
 [-0.16417763  0.17517287  0.38205788]
 [ 0.05966628 -0.16723718  0.5063947 ]
 [ 0.16744244 -0.15559912  0.43414968]
 [-0.01218877  0.14442013  0.90542614]
 [-0.05201271  0.2924925   1.1048127 ]
 [-0.12459779  0.40339515  1.1131911 ]
 [-0.1103583   0.39308208  1.2447004 ]
 [-0.18154746  0.22282875  1.0959411 ]
 [-0.23042873 -0.05547008  1.0613725 ]
 [-0.23105258 -0.07918927  0.92072225]
 [ 0.10147012  0.3112509   1.0736828 ]
 [ 0.13514055  0.44665498  0.859407  ]
 [-0.02965671  0.47015858  0.8582337 ]]
[[ 0.          0.          0.6649029 ]
 [ 0.11236274  0.03723459  0.6754796 ]
 [ 0.3162401   0.2803026   0.39338344]
 [ 0.474581   -0.01354086  0.13202232]
 [ 0.45326036  0.06438446  0.        ]
 [-0.11238398 -0.03697548  0.653969  ]
 [-0.16066158  0.3455009   0.46179295]
 [-0.0276382   0.08027378  0.26327556]
 [-0.02972241  0.17516634  0.09556144]
 [-0.01889608  0.11393231  0.859406  ]
 [-0.06866886  0.22295383  1.0625967 ]
 [-0.13848662  0.3275929   1.0830722 ]
 [-0.12410611  0.31006008  1.2091291 ]
 [-0.18495294  0.1531843   1.0566334 ]
 [-0.1643913  -0.0790863   1.2457037 ]
 [-0.09849463 -0.17965455  1.0521275 ]
 [ 0.07404286  0.25469986  1.0415851 ]
 [ 0.05404559  0.41015577  0.8234072 ]
 [-0.09730457  0.3778941   0.9958236 ]]
[[ 0.          0.          0.6315156 ]
 [ 0.10638754  0.0479973   0.6405195 ]
 [ 0.32821864  0.2103719   0.37409216]
 [ 0.540542   -0.15006405  0.22230464]
 [ 0.57583034 -0.1123175   0.05568993]
 [-0.10645866 -0.04772593  0.6223897 ]
 [-0.18416163  0.34437275  0.4605028 ]
 [-0.11799851  0.21867895  0.10107571]
 [-0.16179219  0.35591882  0.        ]
 [-0.02459767  0.09371355  0.8339679 ]
 [-0.09520155  0.20291919  1.04185   ]
 [-0.19178438  0.29386106  1.0687412 ]
 [-0.15922043  0.28054655  1.1913711 ]
 [-0.20308411  0.11755523  1.0430729 ]
 [-0.13734756 -0.134435    1.1691341 ]
 [-0.13875973 -0.22133094  1.008343  ]
 [ 0.04718544  0.23991156  1.0158436 ]
 [ 0.05800032  0.3796869   0.79487777]
 [-0.08028114  0.37705854  0.95940983]]
[[ 0.          0.          0.61914724]
 [ 0.11035743  0.05385344  0.62816346]
 [ 0.22832522  0.02190706  0.28184617]
 [ 0.43314278 -0.43761924  0.34109086]
 [ 0.5446791  -0.44410732  0.2545992 ]
 [-0.11043214 -0.05371322  0.6104103 ]
 [-0.19227454  0.34598482  0.40038195]
 [-0.15742901  0.46574205  0.01772898]
 [-0.22817159  0.6345434   0.        ]
 [-0.04088631  0.09801944  0.81763136]
 [-0.11855289  0.18864655  1.0333923 ]
 [-0.24282473  0.26850635  1.062674  ]
 [-0.22302443  0.26850796  1.1906939 ]
 [-0.21944535  0.09152415  1.0024972 ]
 [-0.17846677 -0.12152863  0.89453626]
 [-0.18253125 -0.14045547  0.7065208 ]
 [ 0.02128693  0.22402453  1.0094378 ]
 [ 0.13545313  0.2681098   0.78380865]
 [ 0.06549615  0.37907064  0.7559286 ]]
[[ 0.          0.          0.64059293]
 [ 0.1108313   0.05063068  0.6480568 ]
 [ 0.14639878 -0.02829319  0.2564002 ]
 [ 0.2808754  -0.52396846  0.38809285]
 [ 0.40372002 -0.5633615   0.36534816]
 [-0.11096178 -0.05052536  0.6334098 ]
 [-0.1647751   0.3311384   0.39887783]
 [-0.1102851   0.43656453  0.0182091 ]
 [-0.19791001  0.6176303   0.        ]
 [-0.04479025  0.10286219  0.8353325 ]
 [-0.12770465  0.18537635  1.0524285 ]
 [-0.25309962  0.25447282  1.0866373 ]
 [-0.23192364  0.25260752  1.2130301 ]
 [-0.2203649   0.09412593  1.0100679 ]
 [-0.17168942 -0.09928297  0.8256091 ]
 [-0.2104971  -0.09403384  0.6213908 ]
 [ 0.00796048  0.21549222  1.0280843 ]
 [ 0.16087548  0.23223951  0.827425  ]
 [ 0.14746608  0.29348034  0.6802275 ]]
[[ 0.          0.          0.6600206 ]
 [ 0.11090335  0.06089349  0.66780883]
 [ 0.09514052  0.02578714  0.27377966]
 [ 0.2037636  -0.4747451   0.450629  ]
 [ 0.32042485 -0.5165608   0.43610603]
 [-0.1110969  -0.06082529  0.6525062 ]
 [-0.13390112  0.31062204  0.40311718]
 [-0.03486606  0.35850918  0.03116918]
 [-0.13595736  0.5433898   0.        ]
 [-0.05293626  0.09787913  0.857762  ]
 [-0.14426407  0.16527599  1.0804459 ]
 [-0.2739994   0.22584638  1.1217854 ]
 [-0.24973351  0.22212452  1.2482771 ]
 [-0.23646268  0.0701423   1.0337242 ]
 [-0.20356    -0.09848568  0.8195656 ]
 [-0.2755102  -0.04001836  0.61892134]
 [-0.01042674  0.19440389  1.0544225 ]
 [ 0.1723291   0.15954122  0.8900957 ]
 [ 0.23681365  0.1798248   0.7020362 ]]
[[ 0.          0.          0.6268126 ]
 [ 0.09734526  0.07093635  0.6421479 ]
 [-0.06415147  0.15008582  0.27443954]
 [ 0.09209082 -0.28333277  0.3671343 ]
 [ 0.16948473 -0.28947854  0.24467212]
 [-0.09757186 -0.07097588  0.6113429 ]
 [-0.02126119  0.2143473   0.32012036]
 [ 0.22685856  0.27219346  0.05500931]
 [ 0.12908837  0.44269124  0.        ]
 [-0.05997781  0.0876992   0.8293289 ]
 [-0.15247965  0.14206836  1.0599604 ]
 [-0.27570826  0.20932537  1.1147323 ]
 [-0.22798556  0.1977477   1.2377006 ]
 [-0.25708434  0.06035963  1.006525  ]
 [-0.28561723 -0.06455994  0.7598666 ]
 [-0.37444562  0.13737696  0.72628456]
 [-0.01699015  0.15485597  1.0358353 ]
 [ 0.23550802  0.03481904  0.9860728 ]
 [ 0.39347464  0.04305612  0.7842747 ]]
[[ 0.          0.          0.59701383]
 [ 0.08820045  0.06927741  0.61580205]
 [-0.14024223  0.27571586  0.3697039 ]
 [ 0.0392794   0.00574741  0.22856775]
 [ 0.0420805   0.0823997   0.07564545]
 [-0.08842418 -0.06943698  0.57765454]
 [ 0.10815537  0.02586663  0.29428068]
 [ 0.39508292  0.01182041  0.11623812]
 [ 0.35313368  0.15212598  0.        ]
 [-0.05641793  0.04987192  0.81292534]
 [-0.13554066  0.09054565  1.0568072 ]
 [-0.24015915  0.17110428  1.1047012 ]
 [-0.19472533  0.14612472  1.2309161 ]
 [-0.2503362   0.02328268  1.0070758 ]
 [-0.34668493 -0.0855898   0.77472425]
 [-0.39300883  0.1147595   0.89238465]
 [-0.00141838  0.10108674  1.036334  ]
 [ 0.25869647 -0.0097079   1.0703709 ]
 [ 0.41460288 -0.02009314  0.87298775]]
[[ 0.          0.          0.6159755 ]
 [ 0.08690192  0.05814283  0.62955934]
 [-0.16004589  0.28578568  0.43370518]
 [-0.03180417  0.15648183  0.11736405]
 [-0.09960225  0.2799748   0.        ]
 [-0.08711138 -0.05834382  0.601603  ]
 [ 0.17696716 -0.01930079  0.336533  ]
 [ 0.46577722 -0.12202638  0.26108047]
 [ 0.5112756  -0.02848208  0.1131745 ]
 [-0.03826218  0.05297831  0.8329106 ]
 [-0.10131878  0.08912808  1.0772417 ]
 [-0.19207641  0.1785863   1.1278661 ]
 [-0.14635447  0.14758259  1.2533169 ]
 [-0.22263941  0.03508767  1.0359603 ]
 [-0.35095045 -0.07206     0.8282137 ]
 [-0.3567022   0.10093972  0.989674  ]
 [ 0.03255138  0.09073651  1.0500872 ]
 [ 0.27701837 -0.01136637  1.0916283 ]
 [ 0.41448712 -0.00264123  0.8793812 ]]
[[ 0.          0.          0.6536592 ]
 [ 0.09587196  0.04180533  0.6673271 ]
 [-0.10147721  0.3387957   0.44750634]
 [-0.10870206  0.31853282  0.03750283]
 [-0.20076627  0.45434153  0.        ]
 [-0.09614081 -0.04204128  0.6390984 ]
 [ 0.13579997 -0.03693905  0.32819358]
 [ 0.43771693 -0.21530779  0.45150077]
 [ 0.55772257 -0.17281297  0.3737011 ]
 [-0.02306899  0.08152664  0.8662772 ]
 [-0.07094967  0.13990045  1.1007775 ]
 [-0.14878508  0.22880247  1.1464664 ]
 [-0.10286424  0.20016086  1.2707765 ]
 [-0.20165747  0.09882069  1.0706278 ]
 [-0.32804012 -0.02853146  0.8912134 ]
 [-0.32482415  0.14527881  0.9352343 ]
 [ 0.06326301  0.1277203   1.0633461 ]
 [ 0.30222288  0.0512028   1.019618  ]
 [ 0.37051636  0.09362717  0.7796227 ]]
[[ 0.          0.          0.69177115]
 [ 0.09884453  0.03067968  0.70394504]
 [-0.03614357  0.35488898  0.43974274]
 [-0.08295897  0.36638024  0.02634364]
 [-0.17658302  0.49988243  0.        ]
 [-0.09909844 -0.03088451  0.67879444]
 [ 0.08111356 -0.01152039  0.33372623]
 [ 0.35736734 -0.22597757  0.56026936]
 [ 0.49073827 -0.21788275  0.5448427 ]
 [-0.013135    0.10064259  0.89430577]
 [-0.05261272  0.1859973   1.1187457 ]
 [-0.12515432  0.2730592   1.1567113 ]
 [-0.08320418  0.24871343  1.2808038 ]
 [-0.18434688  0.14916444  1.1043121 ]
 [-0.3038997  -0.01756141  0.9517608 ]
 [-0.320907    0.11611843  0.8470213 ]
 [ 0.08560856  0.17121258  1.0785446 ]
 [ 0.29170486  0.1228154   0.95148945]
 [ 0.2790625   0.18747343  0.715716  ]]
[[ 0.          0.          0.7395654 ]
 [ 0.10299432  0.0269127   0.7504755 ]
 [ 0.0111829   0.35577223  0.45595917]
 [-0.02499102  0.3418486   0.04256105]
 [-0.10972962  0.47293505  0.        ]
 [-0.10323098 -0.02702388  0.7279543 ]
 [ 0.01386281 -0.00781658  0.35219175]
 [ 0.25690287 -0.31267685  0.602275  ]
 [ 0.3846075  -0.33287442  0.61457336]
 [-0.00418162  0.12465987  0.93278337]
 [-0.0327175   0.2412777   1.146992  ]
 [-0.10230058  0.33517224  1.1771059 ]
 [-0.06715328  0.31507105  1.3011818 ]
 [-0.16900665  0.20318365  1.1436243 ]
 [-0.28547233  0.00526264  0.99886423]
 [-0.2989211   0.09663963  0.8434427 ]
 [ 0.11055976  0.22658035  1.102498  ]
 [ 0.27409476  0.21242455  0.9306957 ]
 [ 0.19625519  0.28314158  0.7229753 ]]
[[ 0.          0.          0.72597384]
 [ 0.11319689  0.05060287  0.74052113]
 [ 0.12046803  0.37724972  0.42103377]
 [ 0.15796834  0.21506813  0.05835843]
 [ 0.07609811  0.35083887  0.        ]
 [-0.11337855 -0.05050614  0.7110332 ]
 [-0.15791783  0.14829077  0.36682242]
 [ 0.06315836 -0.20317458  0.5413531 ]
 [ 0.05834615 -0.1817632   0.51423866]
 [-0.01933013  0.14533678  0.9064345 ]
 [-0.06546582  0.27647072  1.1152531 ]
 [-0.15238973  0.36239398  1.17036   ]
 [-0.10186473  0.34185848  1.2885625 ]
 [-0.19280022  0.2049895   1.094056  ]
 [-0.21125618 -0.05558722  0.9755314 ]
 [-0.18454692 -0.07189991  0.8190273 ]
 [ 0.08414118  0.2999155   1.0704405 ]
 [ 0.14602044  0.38430882  0.84599036]
 [-0.02237682  0.41607884  0.8021337 ]]
[[ 0.          0.          0.6671829 ]
 [ 0.10878596  0.0561958   0.6766255 ]
 [ 0.26127407  0.27937183  0.36969554]
 [ 0.4214255   0.01845121  0.12769747]
 [ 0.37811273  0.11219835  0.        ]
 [-0.10884221 -0.05591267  0.6575003 ]
 [-0.20634341  0.3135218   0.45470756]
 [-0.01802201  0.02902168  0.32093066]
 [-0.02473591  0.11293736  0.16051805]
 [-0.01700471  0.12331353  0.8600947 ]
 [-0.0766905   0.21894833  1.0752738 ]
 [-0.16446209  0.30206823  1.134937  ]
 [-0.10641098  0.2720387   1.2536811 ]
 [-0.1850465   0.12436473  1.0513072 ]
 [-0.15227135 -0.15374213  1.0473301 ]
 [-0.14323449 -0.16487655  0.8794812 ]
 [ 0.05475762  0.26885074  1.0379288 ]
 [ 0.04594515  0.41177994  0.8290021 ]
 [-0.13182312  0.37667504  0.9495387 ]]
[[ 0.          0.          0.6086889 ]
 [ 0.10301554  0.05589855  0.6130911 ]
 [ 0.3309499   0.24199677  0.35436141]
 [ 0.5530932  -0.06678522  0.17522031]
 [ 0.5631029  -0.02469778  0.        ]
 [-0.10303386 -0.05560864  0.60426414]
 [-0.20899928  0.32853717  0.4490513 ]
 [-0.11793825  0.14858219  0.11946824]
 [-0.16068715  0.27291095  0.00805783]
 [-0.01818768  0.09282374  0.81163526]
 [-0.07804276  0.17300797  1.0322573 ]
 [-0.17595667  0.24775764  1.0932741 ]
 [-0.11373317  0.21658516  1.2063384 ]
 [-0.17213824  0.07821524  1.021594  ]
 [-0.0973103  -0.18018988  1.1339617 ]
 [-0.070454   -0.24353215  0.96936315]
 [ 0.0429713   0.23083758  0.99052024]
 [ 0.03395232  0.37785858  0.78506243]
 [-0.10966352  0.3517394   0.9682863 ]]
[[ 0.          0.          0.5944414 ]
 [ 0.10379592  0.05967162  0.6018901 ]
 [ 0.28350228  0.09620652  0.30834085]
 [ 0.540654   -0.3120857   0.27772862]
 [ 0.6087536  -0.30402136  0.15053922]
 [-0.10383324 -0.05944939  0.5872707 ]
 [-0.2057324   0.3274336   0.41678983]
 [-0.18372667  0.37533492  0.04356319]
 [-0.26405042  0.5285603   0.        ]
 [-0.03281035  0.07753772  0.7987187 ]
 [-0.10563132  0.13912055  1.0243886 ]
 [-0.21174783  0.20031327  1.0959332 ]
 [-0.15353034  0.17455775  1.2077055 ]
 [-0.19979557  0.04610017  1.0067196 ]
 [-0.11728034 -0.17825991  1.0482147 ]
 [-0.08424004 -0.23432362  0.88105786]
 [ 0.02328022  0.1912142   0.9855515 ]
 [ 0.06903806  0.30494565  0.7697064 ]
 [-0.06233908  0.33458406  0.865927  ]]
[[ 0.0000000e+00  0.0000000e+00  5.9762627e-01]
 [ 1.0728300e-01  5.5162139e-02  6.0208762e-01]
 [ 1.7267770e-01 -3.1642348e-02  2.3403066e-01]
 [ 3.6466408e-01 -5.0675112e-01  3.5423321e-01]
 [ 4.8678899e-01 -5.3806221e-01  3.1089169e-01]
 [-1.0735743e-01 -5.5076987e-02  5.9362292e-01]
 [-1.6533253e-01  3.3203155e-01  3.7077242e-01]
 [-1.5014958e-01  4.7715843e-01  9.5104575e-03]
 [-2.3321187e-01  6.5192300e-01  0.0000000e+00]
 [-4.3918818e-02  8.1614971e-02  7.9587090e-01]
 [-1.2640761e-01  1.2635702e-01  1.0226986e+00]
 [-2.4934578e-01  1.7837238e-01  1.0929185e+00]
 [-1.9397888e-01  1.6005337e-01  1.2092972e+00]
 [-2.1133149e-01  3.2293022e-02  9.7670960e-01]
 [-1.6179802e-01 -1.5154469e-01  8.0614889e-01]
 [-1.6161454e-01 -1.1732092e-01  6.2389499e-01]
 [ 1.8971413e-04  1.7399746e-01  9.8618144e-01]
 [ 1.2548387e-01  2.1062738e-01  7.6468420e-01]
 [ 8.6788699e-02  3.0058059e-01  6.8728304e-01]]
[[ 0.          0.          0.61587393]
 [ 0.10507372  0.05702823  0.6194737 ]
 [ 0.09868318 -0.01933026  0.23164725]
 [ 0.25634754 -0.5104007   0.39192593]
 [ 0.3811704  -0.563769    0.37966275]
 [-0.10517497 -0.05696385  0.6127364 ]
 [-0.14176813  0.32073367  0.37467286]
 [-0.07924891  0.45481402  0.01625913]
 [-0.17331773  0.63353306  0.        ]
 [-0.04809296  0.08365652  0.81334317]
 [-0.13756353  0.11420906  1.042835  ]
 [-0.26302046  0.15940642  1.1167383 ]
 [-0.20542526  0.13811696  1.230216  ]
 [-0.22073102  0.02405217  0.9930594 ]
 [-0.17431262 -0.13790052  0.776436  ]
 [-0.21617272 -0.04679395  0.60238147]
 [-0.01421902  0.15703407  1.0034076 ]
 [ 0.13113116  0.1493335   0.79580563]
 [ 0.13821746  0.19615555  0.6121208 ]]
[[ 0.          0.          0.6102805 ]
 [ 0.10109156  0.06961567  0.6185379 ]
 [-0.01817407  0.06967154  0.23928684]
 [ 0.14692736 -0.42434508  0.38875526]
 [ 0.25899875 -0.4733196   0.33946654]
 [-0.10124761 -0.06960731  0.6023057 ]
 [-0.081301    0.27028596  0.32518908]
 [ 0.10043468  0.3547591   0.02965117]
 [-0.01314446  0.5295247   0.        ]
 [-0.05384083  0.08721703  0.8084206 ]
 [-0.1485225   0.11256784  1.0418729 ]
 [-0.27409372  0.15597248  1.1260111 ]
 [-0.20080328  0.12960112  1.2359682 ]
 [-0.23896095  0.0248152   0.98709667]
 [-0.23064733 -0.10932736  0.74346346]
 [-0.3205132   0.04852179  0.6472246 ]
 [-0.02547791  0.14625975  1.0026709 ]
 [ 0.18205103  0.07217532  0.8655765 ]
 [ 0.26988024  0.09609324  0.64928967]]
[[ 0.          0.          0.5713913 ]
 [ 0.08601125  0.06844091  0.5864599 ]
 [-0.13440809  0.24374089  0.31244016]
 [ 0.0538857  -0.07794219  0.26482117]
 [ 0.10758084 -0.04542261  0.13162321]
 [-0.08621859 -0.0685259   0.555992  ]
 [ 0.08538964  0.102898    0.28741392]
 [ 0.36679435  0.14769414  0.08700037]
 [ 0.29463285  0.30347565  0.        ]
 [-0.05059975  0.06089365  0.7781479 ]
 [-0.12997797  0.07865331  1.0224388 ]
 [-0.24240443  0.12779993  1.1075481 ]
 [-0.16371933  0.09608638  1.2176063 ]
 [-0.23258382  0.0064933   0.96230096]
 [-0.3041472  -0.11845002  0.7212079 ]
 [-0.387213    0.08354957  0.8104755 ]
 [-0.00980185  0.10000041  0.98693645]
 [ 0.24416043 -0.0100266   0.9660972 ]
 [ 0.37102383  0.00882153  0.74092555]]
[[ 0.          0.          0.54826486]
 [ 0.07299461  0.06439132  0.56316364]
 [-0.18573532  0.262348    0.3645048 ]
 [-0.01731455  0.12430602  0.13061535]
 [-0.06774142  0.2277705   0.        ]
 [-0.07321506 -0.0645332   0.5327146 ]
 [ 0.1814774  -0.01667857  0.2947861 ]
 [ 0.4713483  -0.0254603   0.19579464]
 [ 0.49634114  0.07388216  0.04218483]
 [-0.04128777  0.04270819  0.76432896]
 [-0.10690644  0.05679691  1.0134199 ]
 [-0.20546868  0.121059    1.0914296 ]
 [-0.13439411  0.08131045  1.2073475 ]
 [-0.21742538 -0.00765255  0.9600351 ]
 [-0.33137906 -0.12732895  0.74958944]
 [-0.3621562   0.03687167  0.9187139 ]
 [ 0.01653451  0.0738084   0.9793838 ]
 [ 0.25777423 -0.02756485  0.99982244]
 [ 0.37436718 -0.01270145  0.7716962 ]]
[[ 0.          0.          0.6048421 ]
 [ 0.08322823  0.04897278  0.620023  ]
 [-0.13056877  0.32644248  0.4207772 ]
 [-0.1176298   0.31063044  0.04691094]
 [-0.21237671  0.44077626  0.        ]
 [-0.08353062 -0.0491089   0.5888217 ]
 [ 0.1514875  -0.02099252  0.3036189 ]
 [ 0.4759277  -0.16333462  0.40935856]
 [ 0.59256166 -0.10965359  0.30786437]
 [-0.02394635  0.07035819  0.8177886 ]
 [-0.07447185  0.10939437  1.0586383 ]
 [-0.16421032  0.17926383  1.1343973 ]
 [-0.09137106  0.14039874  1.2474167 ]
 [-0.19766326  0.05929047  1.0185298 ]
 [-0.31343222 -0.08705366  0.8189436 ]
 [-0.32296664  0.08783358  0.89546824]
 [ 0.05564621  0.1133877   1.0139773 ]
 [ 0.28909028  0.03807548  0.97652495]
 [ 0.34190637  0.09168594  0.740294  ]]
[[ 0.          0.          0.650288  ]
 [ 0.08894724  0.04014562  0.6632312 ]
 [-0.06875005  0.3550412   0.41737628]
 [-0.11503774  0.3701742   0.02085155]
 [-0.21510425  0.5001075   0.        ]
 [-0.089248   -0.04030391  0.63659936]
 [ 0.09707572 -0.01174647  0.30981657]
 [ 0.3901584  -0.18898079  0.53508973]
 [ 0.52574724 -0.16686568  0.5116154 ]
 [-0.01613805  0.09069034  0.855434  ]
 [-0.05917953  0.1552931   1.0870514 ]
 [-0.14359805  0.22344556  1.1569719 ]
 [-0.07631435  0.1892795   1.2696946 ]
 [-0.18596873  0.10879922  1.0614283 ]
 [-0.28802973 -0.06905666  0.88618827]
 [-0.3176451   0.086998    0.79947805]
 [ 0.0741475   0.15592307  1.0374196 ]
 [ 0.28090265  0.10587429  0.9190363 ]
 [ 0.25810653  0.17075986  0.6817594 ]]
[[ 0.          0.          0.69226587]
 [ 0.09349048  0.03426076  0.7034861 ]
 [-0.02854843  0.35869834  0.42872393]
 [-0.07163516  0.36267525  0.02825522]
 [-0.16950828  0.49178076  0.        ]
 [-0.09376532 -0.03437893  0.6804008 ]
 [ 0.03639746 -0.01124552  0.32042515]
 [ 0.30203903 -0.25393334  0.5819981 ]
 [ 0.43581778 -0.25625825  0.5866511 ]
 [-0.01078797  0.10971044  0.88977545]
 [-0.04797274  0.19741368  1.1150291 ]
 [-0.13186786  0.2685981   1.1814213 ]
 [-0.0656859   0.23755574  1.2950733 ]
 [-0.17579877  0.1529085   1.0967295 ]
 [-0.27689713 -0.04270358  0.9304198 ]
 [-0.30558795  0.06297679  0.76514673]
 [ 0.08912456  0.19592232  1.0620177 ]
 [ 0.264456    0.1738683   0.9029367 ]
 [ 0.18160906  0.2574358   0.69684076]]
[[ 0.          0.          0.7029607 ]
 [ 0.10011166  0.04145538  0.7128043 ]
 [ 0.03753761  0.374041    0.42379943]
 [ 0.0354755   0.3375463   0.04452723]
 [-0.06609812  0.471877    0.        ]
 [-0.10036432 -0.04146675  0.6926535 ]
 [-0.06888403  0.01303133  0.3193682 ]
 [ 0.19030607 -0.31235722  0.5683985 ]
 [ 0.3137247  -0.32208854  0.5506034 ]
 [-0.01085014  0.12722954  0.89215803]
 [-0.04570246  0.2343911   1.1119947 ]
 [-0.13248715  0.30085012  1.1897417 ]
 [-0.05891331  0.26803702  1.2980604 ]
 [-0.1731446   0.17857492  1.091905  ]
 [-0.2461244  -0.03330036  0.9225955 ]
 [-0.2524935  -0.01115332  0.73373294]
 [ 0.09433033  0.24588868  1.0525326 ]
 [ 0.20253275  0.2823974   0.8626871 ]
 [ 0.0656727   0.38375735  0.75337017]]
[[ 0.          0.          0.6572838 ]
 [ 0.10699564  0.05735232  0.66439056]
 [ 0.23041064  0.3346718   0.38129228]
 [ 0.38439262  0.10508713  0.11876005]
 [ 0.32068533  0.2160244   0.        ]
 [-0.10705763 -0.05709652  0.6499173 ]
 [-0.20765424  0.2549737   0.41267937]
 [ 0.01361115 -0.03322744  0.36491132]
 [ 0.04051829  0.02946082  0.2286936 ]
 [-0.02139761  0.13089344  0.84943056]
 [-0.07280347  0.23099428  1.0705645 ]
 [-0.15687275  0.30298233  1.1461403 ]
 [-0.08662707  0.2684971   1.2555338 ]
 [-0.18801004  0.13953254  1.0433079 ]
 [-0.18640558 -0.13941811  1.0166767 ]
 [-0.14648628 -0.18299186  0.8579991 ]
 [ 0.06108055  0.27892923  1.022257  ]
 [ 0.03189526  0.42571038  0.814428  ]
 [-0.15202886  0.37396485  0.92826515]]
[[ 0.          0.          0.6101451 ]
 [ 0.10018229  0.0617001   0.61582476]
 [ 0.33083656  0.25066978  0.36470464]
 [ 0.5617229  -0.02031061  0.16216946]
 [ 0.5456491   0.0296098   0.        ]
 [-0.10014464 -0.0614099   0.6044451 ]
 [-0.21454453  0.31610724  0.44004145]
 [-0.08357091  0.12308612  0.14648971]
 [-0.12499656  0.24088517  0.02845806]
 [-0.02496418  0.09647033  0.8102117 ]
 [-0.08003762  0.15472558  1.0418389 ]
 [-0.1611776   0.22868514  1.110952  ]
 [-0.09342217  0.19078696  1.2204878 ]
 [-0.17584136  0.06639579  1.0207584 ]
 [-0.06480303 -0.19092     1.1255014 ]
 [-0.04358416 -0.22556764  0.9484918 ]
 [ 0.04143348  0.21999305  0.9945372 ]
 [ 0.00552052  0.38643885  0.7926911 ]
 [-0.13310608  0.3272338   0.9723648 ]]
[[ 0.          0.          0.5869701 ]
 [ 0.09795152  0.06341562  0.5943373 ]
 [ 0.291641    0.08414871  0.30462855]
 [ 0.5534799  -0.31244972  0.27627748]
 [ 0.61614335 -0.30423588  0.14676967]
 [-0.09794472 -0.06317119  0.57999945]
 [-0.21199584  0.29681993  0.39950436]
 [-0.19066942  0.3428319   0.03506279]
 [-0.2743495   0.48542616  0.        ]
 [-0.03013247  0.06859238  0.7881795 ]
 [-0.09218356  0.09912974  1.0236647 ]
 [-0.19682041  0.14844322  1.1054657 ]
 [-0.12470987  0.1153267   1.2115159 ]
 [-0.16719878  0.00800005  0.99552304]
 [-0.03434075 -0.20395681  1.0500138 ]
 [-0.03506581 -0.17932221  0.85751617]
 [ 0.01731363  0.1683113   0.97226167]
 [ 0.03803825  0.31023943  0.76291114]
 [-0.08694181  0.32158375  0.87495744]]
[[ 0.00000000e+00  0.00000000e+00  5.64546824e-01]
 [ 9.87303630e-02  5.85550256e-02  5.71380496e-01]
 [ 2.05411151e-01 -3.62219810e-02  2.21097708e-01]
 [ 4.10246789e-01 -4.96197343e-01  3.14975321e-01]
 [ 5.30092716e-01 -5.25574803e-01  2.65166163e-01]
 [-9.87815186e-02 -5.84150702e-02  5.58261216e-01]
 [-1.82253480e-01  2.97140211e-01  3.45273912e-01]
 [-1.92294478e-01  4.52885985e-01  0.00000000e+00]
 [-2.82450557e-01  6.11822486e-01  1.83832645e-03]
 [-3.38276476e-02  6.56051040e-02  7.65456200e-01]
 [-1.02794394e-01  8.51751268e-02  1.00105155e+00]
 [-2.18507051e-01  1.28269255e-01  1.08192170e+00]
 [-1.48016125e-01  1.01250112e-01  1.19050550e+00]
 [-1.69640034e-01 -9.76219773e-03  9.65496182e-01]
 [-6.02938756e-02 -2.08013698e-01  9.00971413e-01]
 [-1.04851380e-01 -1.39732510e-01  7.06233144e-01]
 [-2.14643776e-04  1.51565105e-01  9.50348318e-01]
 [ 8.34301561e-02  2.35728770e-01  7.27743983e-01]
 [-1.15896016e-02  3.18286657e-01  7.16624439e-01]]
[[ 0.00000000e+00  0.00000000e+00  5.98632693e-01]
 [ 1.02114990e-01  6.08612075e-02  5.99978447e-01]
 [ 1.12086862e-01 -2.31476426e-02  2.15057522e-01]
 [ 2.76653767e-01 -5.17042100e-01  3.72336507e-01]
 [ 4.05779600e-01 -5.74845910e-01  3.79228950e-01]
 [-1.02217086e-01 -6.07960299e-02  5.97839296e-01]
 [-1.49223834e-01  3.08185667e-01  3.55234057e-01]
 [-1.05989635e-01  4.45871532e-01  3.51017714e-03]
 [-2.17031240e-01  6.17542863e-01  0.00000000e+00]
 [-4.18089181e-02  7.91753829e-02  7.94440985e-01]
 [-1.22399092e-01  9.99577641e-02  1.02767098e+00]
 [-2.42036760e-01  1.38176441e-01  1.11599398e+00]
 [-1.63649917e-01  1.07495129e-01  1.22238481e+00]
 [-1.94067180e-01  4.37259674e-04  9.79185641e-01]
 [-1.45485654e-01 -1.67483240e-01  7.73774862e-01]
 [-1.91248417e-01 -5.82092702e-02  6.14154100e-01]
 [-1.35518685e-02  1.60785079e-01  9.77615118e-01]
 [ 1.09898612e-01  1.84792638e-01  7.50636399e-01]
 [ 8.32958147e-02  2.37980455e-01  6.08923793e-01]]
[[ 0.          0.          0.60902417]
 [ 0.09727966  0.07048462  0.6114464 ]
 [ 0.02354813  0.03176209  0.22516698]
 [ 0.18179852 -0.4596593   0.38555515]
 [ 0.32133198 -0.52648556  0.38712555]
 [-0.09740818 -0.07045408  0.6070599 ]
 [-0.10696507  0.27740505  0.346618  ]
 [ 0.02331229  0.3755548   0.01807243]
 [-0.10340989  0.55279875  0.        ]
 [-0.04690476  0.0794259   0.8078417 ]
 [-0.13403259  0.09075084  1.044316  ]
 [-0.25690067  0.1249066   1.1393088 ]
 [-0.16876802  0.09376353  1.243943  ]
 [-0.20811142 -0.00854033  0.9935762 ]
 [-0.18053615 -0.1550641   0.76574415]
 [-0.28554505 -0.01305838  0.6543703 ]
 [-0.02818399  0.14683676  0.99616855]
 [ 0.1386761   0.11363998  0.8017484 ]
 [ 0.16730092  0.15138665  0.62716115]]
[[ 0.          0.          0.5729246 ]
 [ 0.08121147  0.08121812  0.58177406]
 [-0.13889584  0.2131669   0.28069243]
 [ 0.08869429 -0.12967475  0.30419964]
 [ 0.15090238 -0.11832374  0.16935375]
 [-0.08138309 -0.08130375  0.56388426]
 [ 0.03946635  0.1387014   0.28890097]
 [ 0.34286547  0.2128759   0.07507992]
 [ 0.25696105  0.37268996  0.        ]
 [-0.04272337  0.06606844  0.77949035]
 [-0.11596978  0.07998884  1.0231042 ]
 [-0.22846264  0.11901528  1.1213266 ]
 [-0.13652119  0.08263808  1.222556  ]
 [-0.20702541 -0.01021057  0.96494496]
 [-0.27500638 -0.15615109  0.7365383 ]
 [-0.38353637  0.04214054  0.81001425]
 [-0.00670505  0.1226289   0.9811938 ]
 [ 0.24343209  0.05069062  0.91064954]
 [ 0.34330913  0.10457332  0.68048716]]
[[ 0.0000000e+00  0.0000000e+00  5.3479940e-01]
 [ 6.8220869e-02  7.7239111e-02  5.5043548e-01]
 [-2.1032473e-01  2.7109641e-01  3.4585828e-01]
 [-8.9517608e-04  1.1982095e-01  1.3701484e-01]
 [-4.9293131e-02  2.1651402e-01  0.0000000e+00]
 [-6.8387583e-02 -7.7399798e-02  5.1853120e-01]
 [ 1.6720353e-01 -1.7694116e-02  2.5437355e-01]
 [ 5.0030386e-01 -2.3369193e-03  1.5423048e-01]
 [ 5.1156557e-01  1.0607058e-01  1.8204272e-02]
 [-3.7236176e-02  3.9592907e-02  7.5163299e-01]
 [-9.9609748e-02  5.0038934e-02  1.0010384e+00]
 [-1.9737203e-01  1.0779816e-01  1.0851531e+00]
 [-1.2183076e-01  6.8572402e-02  1.1964144e+00]
 [-2.0558411e-01 -2.4764955e-02  9.4704628e-01]
 [-3.2577056e-01 -1.6337763e-01  7.4382466e-01]
 [-3.6270386e-01  1.4718801e-02  8.9954859e-01]
 [ 2.1049254e-02  8.4583253e-02  9.6421063e-01]
 [ 2.7262789e-01  4.2912662e-03  9.4397956e-01]
 [ 3.6562681e-01  4.2608693e-02  7.0843655e-01]]
[[ 0.          0.          0.6024358 ]
 [ 0.07818743  0.05896445  0.6152611 ]
 [-0.16368648  0.32087952  0.4170554 ]
 [-0.13204736  0.3008719   0.04380679]
 [-0.22985116  0.42471784  0.        ]
 [-0.07844397 -0.05912003  0.58881557]
 [ 0.15716204 -0.03111267  0.2859245 ]
 [ 0.5112735  -0.14683174  0.3549114 ]
 [ 0.61392987 -0.08291203  0.26336426]
 [-0.02073949  0.06372792  0.8180568 ]
 [-0.0668034   0.09574983  1.060638  ]
 [-0.15669113  0.15742606  1.1436853 ]
 [-0.07916003  0.11659229  1.2535025 ]
 [-0.18596897  0.03520268  1.0212842 ]
 [-0.30608863 -0.1243909   0.83149153]
 [-0.31911504  0.07171103  0.90297914]
 [ 0.05778314  0.11246654  1.0126631 ]
 [ 0.29063773  0.03327119  0.9519694 ]
 [ 0.3333902   0.08971001  0.7119635 ]]
[[ 0.          0.          0.6214577 ]
 [ 0.08513258  0.05411944  0.63274235]
 [-0.10011141  0.35459027  0.39846635]
 [-0.14670548  0.38155693  0.01323295]
 [-0.2579556   0.50928545  0.        ]
 [-0.08542268 -0.05427445  0.6094523 ]
 [ 0.10040291 -0.03604186  0.2691208 ]
 [ 0.43280023 -0.17871334  0.45797327]
 [ 0.5648806  -0.14693902  0.41393855]
 [-0.01332481  0.07862438  0.8304188 ]
 [-0.05354354  0.12730038  1.0660965 ]
 [-0.14671704  0.1833463   1.1483392 ]
 [-0.06873894  0.14741361  1.2560948 ]
 [-0.17490865  0.06669375  1.0363983 ]
 [-0.28428632 -0.11674389  0.8706502 ]
 [-0.315752    0.06109053  0.81322706]
 [ 0.07205779  0.14654738  1.0110207 ]
 [ 0.2737366   0.09159397  0.8796559 ]
 [ 0.2536314   0.16598818  0.64860785]]
[[ 0.          0.          0.6629037 ]
 [ 0.09043963  0.04801333  0.6724196 ]
 [-0.06162627  0.3538318   0.40677828]
 [-0.1185661   0.3829222   0.01747078]
 [-0.22872567  0.51167697  0.        ]
 [-0.09071217 -0.04813789  0.65276587]
 [ 0.04074588 -0.01777366  0.28929454]
 [ 0.34775352 -0.20610276  0.52322245]
 [ 0.48636574 -0.19186494  0.5064007 ]
 [-0.00863658  0.09658562  0.8648044 ]
 [-0.04450278  0.16797036  1.0935735 ]
 [-0.14067893  0.22505191  1.1723812 ]
 [-0.06345217  0.19238865  1.2811344 ]
 [-0.16598079  0.10787451  1.070375  ]
 [-0.2737401  -0.08744839  0.9093274 ]
 [-0.30845279  0.04491058  0.77333593]
 [ 0.08375502  0.18715775  1.0352339 ]
 [ 0.25258812  0.1565814   0.8637105 ]
 [ 0.1779314   0.24427664  0.6543822 ]]
[[ 0.          0.          0.6979518 ]
 [ 0.09738964  0.04812089  0.7064907 ]
 [ 0.00782419  0.36520016  0.41344506]
 [ 0.00237091  0.3469724   0.03830445]
 [-0.11225811  0.47439757  0.        ]
 [-0.09760836 -0.0481324   0.68896365]
 [-0.06850491  0.01736438  0.3102287 ]
 [ 0.21183884 -0.27365392  0.5361583 ]
 [ 0.35099292 -0.27956095  0.5046247 ]
 [-0.00729348  0.12402909  0.8870998 ]
 [-0.04218431  0.22168708  1.1082509 ]
 [-0.13932636  0.27994287  1.1906391 ]
 [-0.0589181   0.25012982  1.2979352 ]
 [-0.15997484  0.15592977  1.0827559 ]
 [-0.23203726 -0.05963556  0.91971326]
 [-0.26160824 -0.0170856   0.73188084]
 [ 0.08852766  0.24832383  1.0467423 ]
 [ 0.19309667  0.27628508  0.84762865]
 [ 0.0547545   0.37054306  0.7316663 ]]
[[ 0.          0.          0.6844452 ]
 [ 0.10270157  0.06907601  0.68900883]
 [ 0.20245911  0.30672637  0.37704203]
 [ 0.3816307   0.1132009   0.12097627]
 [ 0.28843877  0.21475935  0.        ]
 [-0.1027379  -0.06880013  0.67970586]
 [-0.24155182  0.22400545  0.4307563 ]
 [-0.0179316  -0.05073622  0.35442793]
 [ 0.00742064  0.00172138  0.21656257]
 [-0.01654417  0.12511513  0.87679774]
 [-0.0663013   0.21371025  1.0989494 ]
 [-0.16207603  0.27077374  1.179657  ]
 [-0.09065619  0.24107236  1.2880826 ]
 [-0.16387102  0.10471389  1.0813118 ]
 [-0.1404212  -0.18786728  1.1147288 ]
 [-0.08075582 -0.23209697  0.9472174 ]
 [ 0.04980543  0.28246385  1.0413402 ]
 [ 0.01577173  0.43135387  0.847898  ]
 [-0.17842549  0.37663785  0.9546083 ]]
[[ 0.          0.          0.6491956 ]
 [ 0.09500294  0.07968942  0.6517041 ]
 [ 0.30823487  0.22707853  0.36632997]
 [ 0.5651936  -0.0157699   0.16370314]
 [ 0.5308178   0.03702527  0.        ]
 [-0.09496562 -0.07940273  0.6468223 ]
 [-0.26312566  0.25197288  0.45909208]
 [-0.11939349  0.06543273  0.1631059 ]
 [-0.17094104  0.17100927  0.05989587]
 [-0.01365086  0.08362517  0.8540741 ]
 [-0.05607551  0.14007998  1.0887947 ]
 [-0.16982582  0.19171512  1.1618423 ]
 [-0.09532897  0.16550809  1.2711959 ]
 [-0.12402052  0.01720017  1.0821507 ]
 [-0.04243869 -0.25151986  1.1593494 ]
 [-0.01491825 -0.26354593  0.9625929 ]
 [ 0.03524885  0.233365    1.0236139 ]
 [-0.02139838  0.3707922   0.8315169 ]
 [-0.16029978  0.3024061   1.0026972 ]]
[[ 0.00000000e+00  0.00000000e+00  6.02562368e-01]
 [ 9.06288996e-02  7.89057091e-02  6.11208558e-01]
 [ 2.81843096e-01  9.04973596e-02  2.89493769e-01]
 [ 5.82596838e-01 -2.51619160e-01  2.40403324e-01]
 [ 6.38936043e-01 -2.43001878e-01  9.97872353e-02]
 [-9.06181484e-02 -7.86957666e-02  5.94427288e-01]
 [-2.51773834e-01  2.46680185e-01  3.95787776e-01]
 [-2.35372007e-01  2.71905124e-01  3.12041044e-02]
 [-3.33275616e-01  4.03895736e-01  0.00000000e+00]
 [-1.52200535e-02  5.28255105e-02  8.14657688e-01]
 [-6.12834990e-02  7.66943693e-02  1.05586922e+00]
 [-1.88401580e-01  1.18853509e-01  1.13040280e+00]
 [-1.13965079e-01  9.50468183e-02  1.23978496e+00]
 [-1.10886276e-01 -4.35799658e-02  1.04104352e+00]
 [-9.03218985e-04 -2.68985629e-01  1.05393839e+00]
 [ 1.77202076e-02 -2.17457786e-01  8.69474053e-01]
 [ 1.75437853e-02  1.71360254e-01  9.89338994e-01]
 [ 1.90051943e-02  2.99465626e-01  7.82113016e-01]
 [-1.25220865e-01  3.13511372e-01  9.03126776e-01]]
[[ 0.00000000e+00  0.00000000e+00  5.80937326e-01]
 [ 8.97053480e-02  7.02301711e-02  5.89166760e-01]
 [ 2.26276338e-01 -6.83045387e-03  2.37066180e-01]
 [ 4.96455431e-01 -4.11125004e-01  2.81156778e-01]
 [ 6.15776181e-01 -4.24410045e-01  1.91895008e-01]
 [-8.97360891e-02 -7.00632036e-02  5.73355794e-01]
 [-2.22889155e-01  2.53288448e-01  3.48076522e-01]
 [-2.42130220e-01  3.67861062e-01  3.23474407e-04]
 [-3.44505072e-01  5.10667861e-01  0.00000000e+00]
 [-2.56913677e-02  5.04075438e-02  7.87417531e-01]
 [-7.98292980e-02  6.67149425e-02  1.02712762e+00]
 [-2.06685096e-01  1.05969965e-01  1.10977721e+00]
 [-1.23179078e-01  7.83380866e-02  1.21564817e+00]
 [-1.34430185e-01 -3.95671427e-02  9.98890936e-01]
 [-1.50550716e-02 -2.29050696e-01  9.46971953e-01]
 [-1.00166127e-02 -1.68630347e-01  7.53454566e-01]
 [ 6.42596930e-03  1.50158107e-01  9.69346404e-01]
 [ 6.03115708e-02  2.66100913e-01  7.52554595e-01]
 [-8.70175362e-02  3.34830880e-01  7.76850641e-01]]
[[ 0.          0.          0.6004962 ]
 [ 0.09345292  0.07095014  0.60603034]
 [ 0.13336971 -0.00943354  0.2186875 ]
 [ 0.34880942 -0.4837789   0.34772968]
 [ 0.4937687  -0.5346638   0.3088149 ]
 [-0.09352031 -0.07085381  0.5955645 ]
 [-0.1733805   0.27712047  0.34791225]
 [-0.14043778  0.4109583   0.00603181]
 [-0.26465476  0.5757998   0.        ]
 [-0.03751746  0.06394263  0.8013211 ]
 [-0.10970488  0.07592902  1.036726  ]
 [-0.23736146  0.10936582  1.133882  ]
 [-0.14446631  0.07764757  1.2357019 ]
 [-0.16913146 -0.03528708  0.98937464]
 [-0.11007021 -0.19507384  0.7887516 ]
 [-0.1360192  -0.07096818  0.6359192 ]
 [-0.01559544  0.15586028  0.98580205]
 [ 0.101047    0.21520516  0.7596096 ]
 [ 0.05822463  0.26780397  0.639753  ]]
[[ 0.          0.          0.61498976]
 [ 0.08982761  0.07966749  0.61958957]
 [ 0.02551164  0.03483543  0.23449925]
 [ 0.23244807 -0.4469396   0.37122306]
 [ 0.37556666 -0.50541294  0.32843953]
 [-0.08992881 -0.07959263  0.6108854 ]
 [-0.13139772  0.25997034  0.34537894]
 [-0.00980207  0.364913    0.02100801]
 [-0.14431718  0.5354947   0.        ]
 [-0.04495106  0.06918508  0.81592965]
 [-0.12366177  0.07676232  1.0545458 ]
 [-0.25098062  0.10860753  1.1577855 ]
 [-0.1460219   0.07424247  1.2553453 ]
 [-0.18881206 -0.03799874  1.0027397 ]
 [-0.16337836 -0.1935667   0.7783232 ]
 [-0.26514545 -0.07385542  0.65811116]
 [-0.0306462   0.1548545   1.0047956 ]
 [ 0.12354895  0.16546755  0.80163616]
 [ 0.15165162  0.1877589   0.6401737 ]]
[[ 0.          0.          0.5729128 ]
 [ 0.070894    0.08756796  0.58255184]
 [-0.17347753  0.18619566  0.2997389 ]
 [ 0.07123579 -0.12622699  0.2911185 ]
 [ 0.12739876 -0.11415857  0.15232012]
 [-0.07104018 -0.08765261  0.5631492 ]
 [ 0.03062111  0.10985342  0.27726603]
 [ 0.3383065   0.2252301   0.0705837 ]
 [ 0.24518284  0.3850129   0.        ]
 [-0.04732111  0.05270037  0.7821684 ]
 [-0.11907417  0.06723005  1.0274518 ]
 [-0.23152527  0.10176325  1.1298039 ]
 [-0.12991272  0.06475216  1.2275212 ]
 [-0.20330393 -0.0316675   0.9690534 ]
 [-0.269168   -0.18761377  0.74445784]
 [-0.3872887  -0.00551581  0.80275923]
 [-0.01777999  0.12299562  0.9855008 ]
 [ 0.2230488   0.07757658  0.89813983]
 [ 0.3225063   0.11122857  0.6613659 ]]
[[ 0.          0.          0.5334629 ]
 [ 0.06022092  0.08157183  0.5503484 ]
 [-0.23702288  0.24652198  0.3533502 ]
 [-0.03950232  0.11158064  0.12724403]
 [-0.11032698  0.20495805  0.        ]
 [-0.06037417 -0.08174419  0.51599765]
 [ 0.16285369 -0.03228182  0.23683107]
 [ 0.513859   -0.00208747  0.14617291]
 [ 0.5244634   0.09954768  0.01266235]
 [-0.03905853  0.03810918  0.75412726]
 [-0.10288049  0.04883891  1.0040457 ]
 [-0.20257303  0.09826547  1.0958046 ]
 [-0.11347759  0.05725789  1.2012944 ]
 [-0.19782797 -0.03409201  0.9486401 ]
 [-0.30491987 -0.18392903  0.74123424]
 [-0.3526199  -0.00206935  0.8843645 ]
 [ 0.00767204  0.09344128  0.9675977 ]
 [ 0.25810292  0.01844266  0.92408925]
 [ 0.34228516  0.05678447  0.68291515]]
[[ 0.          0.          0.5709911 ]
 [ 0.06550501  0.06937286  0.5874274 ]
 [-0.19871464  0.300223    0.40090978]
 [-0.16349229  0.28912756  0.04492038]
 [-0.27995715  0.3981858   0.        ]
 [-0.06573912 -0.06952728  0.5538732 ]
 [ 0.15484399 -0.06175378  0.2456927 ]
 [ 0.526904   -0.1411494   0.30237368]
 [ 0.63469696 -0.0809595   0.20924228]
 [-0.02836678  0.05604763  0.79032886]
 [-0.08121686  0.08242947  1.0360302 ]
 [-0.17737441  0.1325441   1.1268392 ]
 [-0.0853402   0.0910449   1.2309487 ]
 [-0.18602279  0.00688294  0.9884366 ]
 [-0.29229802 -0.16800106  0.7972718 ]
 [-0.32721233  0.01520994  0.8586283 ]
 [ 0.03250252  0.11873782  0.992664  ]
 [ 0.27202255  0.0478248   0.91546804]
 [ 0.3078594   0.11172342  0.6772635 ]]
[[ 0.          0.          0.6037049 ]
 [ 0.07543044  0.06004446  0.6194345 ]
 [-0.13757321  0.33092242  0.39473343]
 [-0.18035287  0.36464295  0.0165894 ]
 [-0.30178607  0.48582435  0.        ]
 [-0.07572611 -0.0601873   0.587344  ]
 [ 0.09843177 -0.0638718   0.2447334 ]
 [ 0.44017363 -0.17680113  0.42235947]
 [ 0.58436024 -0.14449145  0.37408897]
 [-0.01959363  0.07962057  0.81618273]
 [-0.06609324  0.1281038   1.0552183 ]
 [-0.1630339   0.177598    1.1447675 ]
 [-0.07442021  0.1407941   1.2472157 ]
 [-0.17576915  0.05855808  1.016032  ]
 [-0.26283193 -0.13361178  0.8350731 ]
 [-0.30569088  0.03458945  0.78650117]
 [ 0.04976858  0.15739483  1.003601  ]
 [ 0.2501166   0.0943823   0.8729494 ]
 [ 0.22976702  0.18188623  0.64829934]]
[[ 0.          0.          0.6399952 ]
 [ 0.08419462  0.05210511  0.65423745]
 [-0.09126335  0.3423418   0.40102863]
 [-0.13516548  0.37297004  0.02012408]
 [-0.25734013  0.499863    0.        ]
 [-0.08448776 -0.052232    0.6252261 ]
 [ 0.04481235 -0.02280062  0.27118638]
 [ 0.35540152 -0.19375578  0.4966921 ]
 [ 0.5076028  -0.17331591  0.47951263]
 [-0.01434286  0.09553114  0.84576124]
 [-0.05947302  0.15833855  1.0782253 ]
 [-0.15813616  0.2089768   1.1648177 ]
 [-0.07195598  0.17654842  1.2693788 ]
 [-0.17019893  0.09060696  1.0460112 ]
 [-0.24827085 -0.1105063   0.8744264 ]
 [-0.28688145  0.02400725  0.7434167 ]
 [ 0.06050462  0.18631583  1.0221786 ]
 [ 0.22597137  0.14645478  0.8490858 ]
 [ 0.143384    0.24932009  0.6533934 ]]
[[ 0.00000000e+00  0.00000000e+00  6.79230988e-01]
 [ 9.24490392e-02  6.04380593e-02  6.90693676e-01]
 [-9.81166959e-04  3.52665991e-01  3.97486746e-01]
 [ 5.14345169e-02  3.13227713e-01  4.92712259e-02]
 [-9.14355218e-02  4.36360002e-01  0.00000000e+00]
 [-9.26124007e-02 -6.03984483e-02  6.67476237e-01]
 [-1.06466696e-01  2.47728229e-02  2.99118817e-01]
 [ 1.88446462e-01 -2.30212599e-01  5.21106005e-01]
 [ 3.21083188e-01 -2.26709470e-01  4.70446527e-01]
 [-1.59622729e-02  1.22393608e-01  8.73137593e-01]
 [-6.22664541e-02  2.11561382e-01  1.09955478e+00]
 [-1.64214551e-01  2.62446225e-01  1.19304562e+00]
 [-7.08576739e-02  2.32217968e-01  1.29272890e+00]
 [-1.65081859e-01  1.32501543e-01  1.06976163e+00]
 [-1.68216109e-01 -7.79490769e-02  8.82449567e-01]
 [-1.81166574e-01 -1.14289239e-01  6.81953192e-01]
 [ 5.83267659e-02  2.56947815e-01  1.03556538e+00]
 [ 1.32030562e-01  2.99003690e-01  8.28115106e-01]
 [-5.88466823e-02  3.68376672e-01  7.65617609e-01]]
[[ 0.          0.          0.67195576]
 [ 0.09704313  0.07691662  0.6813998 ]
 [ 0.2179652   0.31450585  0.37385103]
 [ 0.43229502  0.13498226  0.12318784]
 [ 0.33141613  0.23769575  0.        ]
 [-0.0971024  -0.07668062  0.6624924 ]
 [-0.2611183   0.1539036   0.40145355]
 [-0.03264558 -0.1344462   0.34739074]
 [-0.0017666  -0.10227028  0.26450914]
 [-0.02335949  0.11015162  0.87221026]
 [-0.07629623  0.18981099  1.1071959 ]
 [-0.18616429  0.23725063  1.196856  ]
 [-0.08169849  0.20260572  1.2913184 ]
 [-0.1594592   0.07870311  1.0880157 ]
 [-0.0822515  -0.19831745  1.077292  ]
 [-0.05709437 -0.23414053  0.90523934]
 [ 0.02617148  0.27409998  1.0474703 ]
 [-0.00581777  0.40340263  0.8358259 ]
 [-0.2027229   0.33703774  0.95160854]]
[[ 0.0000000e+00  0.0000000e+00  6.2967116e-01]
 [ 8.8140346e-02  8.2966104e-02  6.4106828e-01]
 [ 3.2372135e-01  1.9313985e-01  3.6860895e-01]
 [ 5.9821850e-01 -3.6494434e-02  1.7455995e-01]
 [ 5.7877231e-01  3.1840801e-03  0.0000000e+00]
 [-8.8079147e-02 -8.2669057e-02  6.1854374e-01]
 [-2.7693003e-01  2.2122200e-01  4.3851653e-01]
 [-1.2674545e-01  3.3208460e-02  1.6119096e-01]
 [-1.7678046e-01  1.3684779e-01  5.1752687e-02]
 [-1.3926398e-02  7.0386648e-02  8.3617699e-01]
 [-5.4927178e-02  1.1128193e-01  1.0773017e+00]
 [-1.8184230e-01  1.4937490e-01  1.1637037e+00]
 [-7.1588993e-02  1.1308175e-01  1.2559991e+00]
 [-1.0218939e-01 -1.8812150e-02  1.0654893e+00]
 [ 1.1857152e-03 -2.7039593e-01  1.0796438e+00]
 [ 2.5096662e-02 -2.6363781e-01  8.9941740e-01]
 [ 1.5253991e-02  2.1716768e-01  1.0097504e+00]
 [-2.6876748e-02  3.4744123e-01  7.9890543e-01]
 [-1.7539740e-01  3.0394325e-01  9.6660918e-01]]
[[ 0.          0.          0.5990608 ]
 [ 0.08535596  0.07709111  0.6132052 ]
 [ 0.2731292   0.05302069  0.29779953]
 [ 0.5833651  -0.29399168  0.25482878]
 [ 0.6454497  -0.30080855  0.12385345]
 [-0.0853153  -0.07684945  0.5855087 ]
 [-0.261518    0.22582412  0.39584988]
 [-0.2263039   0.25245595  0.03547621]
 [-0.31718713  0.3817139   0.        ]
 [-0.02163046  0.04868461  0.8062331 ]
 [-0.06866782  0.06689492  1.0490682 ]
 [-0.19514827  0.10111088  1.1418045 ]
 [-0.07602832  0.05882907  1.2310104 ]
 [-0.10743031 -0.05315125  1.0289087 ]
 [ 0.01735954 -0.2656106   0.9967549 ]
 [ 0.01392662 -0.18173546  0.8083771 ]
 [-0.00179034  0.16764402  0.9818028 ]
 [ 0.0022028   0.2845264   0.7627647 ]
 [-0.15749899  0.30165398  0.85050565]]
[[ 0.          0.          0.57457924]
 [ 0.08540831  0.06318469  0.58897233]
 [ 0.20964521 -0.0111599   0.23644471]
 [ 0.4334097  -0.46286792  0.3017986 ]
 [ 0.5664396  -0.5049924   0.24633512]
 [-0.08539751 -0.06302147  0.560882  ]
 [-0.20052505  0.27092263  0.3400531 ]
 [-0.18877292  0.39940947  0.01189673]
 [-0.28893465  0.54394794  0.        ]
 [-0.02212991  0.0550905   0.7788265 ]
 [-0.07180849  0.06512511  1.021095  ]
 [-0.20056903  0.09436882  1.1179912 ]
 [-0.0848      0.05600321  1.2101734 ]
 [-0.11001244 -0.04869545  0.9855296 ]
 [-0.01421499 -0.24409246  0.8796877 ]
 [-0.06958473 -0.16253194  0.70024914]
 [-0.0063762   0.15947378  0.9636034 ]
 [ 0.05241477  0.27483702  0.7376    ]
 [-0.09061214  0.32654575  0.7018268 ]]
[[ 0.          0.          0.5922873 ]
 [ 0.08451572  0.06630595  0.6028831 ]
 [ 0.11531298 -0.02243525  0.22101244]
 [ 0.2864632  -0.51881576  0.3622967 ]
 [ 0.4287945  -0.5977706   0.36050576]
 [-0.08454169 -0.06621325  0.5823116 ]
 [-0.1365068   0.27864662  0.33210853]
 [-0.045986    0.4061147   0.01964724]
 [-0.16834003  0.56682277  0.        ]
 [-0.02276362  0.07152274  0.7912459 ]
 [-0.08361581  0.07397935  1.0318782 ]
 [-0.2097714   0.10143864  1.1352549 ]
 [-0.0875553   0.06199121  1.2271214 ]
 [-0.13162403 -0.04158092  0.98487484]
 [-0.10112415 -0.21127257  0.78352344]
 [-0.1916995  -0.08061085  0.6432765 ]
 [-0.00967877  0.16198611  0.9766379 ]
 [ 0.08802948  0.22398338  0.74233454]
 [ 0.03381312  0.24163088  0.57336926]]
[[ 0.          0.          0.56681025]
 [ 0.07671837  0.08272855  0.57833767]
 [-0.04452659  0.03988698  0.22460246]
 [ 0.15364161 -0.42873666  0.3585002 ]
 [ 0.24660319 -0.4955929   0.3058149 ]
 [-0.07676164 -0.08277033  0.55562305]
 [-0.06474406  0.23008832  0.26956472]
 [ 0.20442818  0.31918913  0.05290878]
 [ 0.10754086  0.4841051   0.        ]
 [-0.02778465  0.06122282  0.7755973 ]
 [-0.08838566  0.06440175  1.0219378 ]
 [-0.21097639  0.09781837  1.1321952 ]
 [-0.08721104  0.05653971  1.2213709 ]
 [-0.15218171 -0.05594835  0.9749298 ]
 [-0.1662255  -0.21262248  0.7461354 ]
 [-0.32408243 -0.06725675  0.6883524 ]
 [-0.0031705   0.14848864  0.9676821 ]
 [ 0.15827563  0.14904846  0.7787063 ]
 [ 0.19821346  0.17428811  0.5389545 ]]
[[ 0.          0.          0.5284952 ]
 [ 0.06006142  0.08771691  0.5406487 ]
 [-0.2473005   0.19158739  0.30102408]
 [ 0.01797846 -0.05962691  0.24771184]
 [ 0.01391033 -0.04849565  0.13006529]
 [-0.06018143 -0.08787382  0.5160696 ]
 [ 0.05955111  0.05237681  0.20090237]
 [ 0.43502945  0.09852132  0.11922535]
 [ 0.44840452  0.2237288   0.        ]
 [-0.03025806  0.045829    0.7493794 ]
 [-0.08575197  0.05609113  0.99975455]
 [-0.19721128  0.09538746  1.1024315 ]
 [-0.07916684  0.05096728  1.1970387 ]
 [-0.1687799  -0.04504356  0.95100653]
 [-0.24734065 -0.22802562  0.748824  ]
 [-0.37569273 -0.03960252  0.79653174]
 [ 0.01108043  0.1205641   0.9508829 ]
 [ 0.24356554  0.05053401  0.85212004]
 [ 0.30260736  0.10231763  0.59384006]]
[[ 0.          0.          0.51510936]
 [ 0.0574576   0.08159107  0.5285646 ]
 [-0.24013889  0.29329646  0.3594353 ]
 [-0.15573142  0.2528484   0.05786815]
 [-0.2744825   0.3520962   0.        ]
 [-0.05764339 -0.08174305  0.5009996 ]
 [ 0.10346194 -0.01665854  0.1580581 ]
 [ 0.49680063 -0.07879221  0.20517844]
 [ 0.6066992  -0.01718366  0.09614477]
 [-0.01274036  0.0596382   0.73577213]
 [-0.05109301  0.08678657  0.9852286 ]
 [-0.15210168  0.13575554  1.075845  ]
 [-0.04230477  0.09302682  1.1764803 ]
 [-0.15047482 -0.00259864  0.940064  ]
 [-0.25283355 -0.19982077  0.7673087 ]
 [-0.34674472 -0.00373027  0.80114585]
 [ 0.05523232  0.13621283  0.93793297]
 [ 0.29616937  0.06395113  0.8731954 ]
 [ 0.34568554  0.12457439  0.6359517 ]]
[[ 0.          0.          0.52792335]
 [ 0.06238578  0.0744439   0.5386525 ]
 [-0.19846874  0.33050084  0.35399663]
 [-0.24241835  0.35041243  0.00625437]
 [-0.37319     0.45341128  0.        ]
 [-0.06260158 -0.07458626  0.516526  ]
 [ 0.07984213 -0.01618391  0.15291196]
 [ 0.45756048 -0.10177976  0.2603789 ]
 [ 0.5919179  -0.0580785   0.17813373]
 [-0.00669011  0.07407418  0.74223685]
 [-0.04015537  0.11586761  0.985528  ]
 [-0.13980153  0.16204906  1.07574   ]
 [-0.02845797  0.12190843  1.1745256 ]
 [-0.14043304  0.03065184  0.9440118 ]
 [-0.2401092  -0.17853446  0.7856734 ]
 [-0.33651555  0.00592344  0.75772625]
 [ 0.06733786  0.16192794  0.9370327 ]
 [ 0.2980016   0.08095574  0.8471778 ]
 [ 0.32546455  0.15607047  0.6134728 ]]
[[ 0.          0.          0.53312993]
 [ 0.06635019  0.07272966  0.54229504]
 [-0.17007935  0.34734046  0.3383978 ]
 [-0.24792108  0.39780432  0.        ]
 [-0.3765899   0.5051413   0.00671387]
 [-0.06659091 -0.07284837  0.5233131 ]
 [ 0.03589959 -0.00926295  0.15300941]
 [ 0.40530452 -0.1074356   0.28981853]
 [ 0.5466038  -0.07022825  0.2162388 ]
 [-0.0045214   0.08415145  0.74330163]
 [-0.03472891  0.14319068  0.98317456]
 [-0.13587254  0.18586063  1.0742989 ]
 [-0.02488704  0.14780319  1.1715522 ]
 [-0.13398258  0.05645472  0.94359493]
 [-0.22449782 -0.15749247  0.7860215 ]
 [-0.31689093  0.01038012  0.7144003 ]
 [ 0.07314806  0.18804947  0.93212837]
 [ 0.28613642  0.10557576  0.81771004]
 [ 0.28905022  0.18607989  0.5890173 ]]
[[ 0.00000000e+00  0.00000000e+00  5.64154983e-01]
 [ 7.51185715e-02  7.11474866e-02  5.72081327e-01]
 [-1.32238179e-01  3.44973207e-01  3.39273363e-01]
 [-1.84983552e-01  4.08920705e-01  7.80552626e-03]
 [-3.12099457e-01  5.21540642e-01  0.00000000e+00]
 [-7.53310174e-02 -7.12022334e-02  5.55634975e-01]
 [-5.34719750e-02  3.28649879e-02  1.82132423e-01]
 [ 3.15035909e-01 -8.75138938e-02  3.12834233e-01]
 [ 4.38983202e-01 -4.45983112e-02  2.31615543e-01]
 [ 8.10299069e-04  1.08634874e-01  7.65084207e-01]
 [-2.92116404e-02  1.84273303e-01  9.99178886e-01]
 [-1.36166334e-01  2.25202262e-01  1.09608090e+00]
 [-2.00720429e-02  1.86619639e-01  1.19120228e+00]
 [-1.28417045e-01  9.27874148e-02  9.62439179e-01]
 [-1.91826850e-01 -1.27009928e-01  7.99275339e-01]
 [-2.67527312e-01 -1.43596232e-02  6.73607111e-01]
 [ 8.18541050e-02  2.30221361e-01  9.44620609e-01]
 [ 2.54494101e-01  1.54924512e-01  7.86566317e-01]
 [ 2.05348387e-01  2.55835652e-01  5.79833031e-01]]
[[ 0.00000000e+00  0.00000000e+00  6.27557516e-01]
 [ 9.92173254e-02  8.25576931e-02  6.29731715e-01]
 [-4.31967080e-02  3.18515718e-01  3.51596415e-01]
 [ 1.06886320e-01  2.04410851e-01  7.02951550e-02]
 [-1.92898512e-02  3.12420905e-01  0.00000000e+00]
 [-9.92004201e-02 -8.24007690e-02  6.25124395e-01]
 [-2.81298637e-01  1.99598983e-01  3.60019594e-01]
 [ 3.79679501e-02 -2.18715370e-02  2.56235689e-01]
 [ 3.51313017e-02  6.43428266e-02  1.59513235e-01]
 [ 6.18770719e-06  1.37179255e-01  8.12464118e-01]
 [-2.59754360e-02  2.34505236e-01  1.03179002e+00]
 [-1.32379919e-01  2.79370815e-01  1.13427377e+00]
 [-1.69307142e-02  2.34126329e-01  1.22140157e+00]
 [-1.29617691e-01  1.29566818e-01  9.96624231e-01]
 [-9.51891989e-02 -8.51632580e-02  8.11738551e-01]
 [-1.04143046e-01 -6.65501356e-02  6.39550269e-01]
 [ 8.53544921e-02  2.93104529e-01  9.74727511e-01]
 [ 1.34759352e-01  3.15124363e-01  7.50074029e-01]
 [-1.20870769e-02  4.17099267e-01  6.76475644e-01]]
[[ 0.          0.          0.63849014]
 [ 0.09528451  0.09342866  0.6433985 ]
 [ 0.12784082  0.19987722  0.25801456]
 [ 0.41021946 -0.04325342  0.13059062]
 [ 0.37626725  0.01115859  0.        ]
 [-0.09526392 -0.09317509  0.6339642 ]
 [-0.31433585  0.19178692  0.43985626]
 [-0.29936552  0.11287725  0.11378992]
 [-0.43728852  0.25729108  0.06768441]
 [ 0.00216448  0.06791186  0.84399796]
 [-0.02438773  0.09062809  1.0864787 ]
 [-0.14246479  0.12956667  1.1838877 ]
 [-0.01793806  0.08234632  1.2722464 ]
 [-0.08182012 -0.03891778  1.0603948 ]
 [ 0.04669961 -0.2786948   0.9948018 ]
 [ 0.06972317 -0.2452761   0.7997642 ]
 [ 0.05065139  0.1990732   1.0198395 ]
 [ 0.04085351  0.33095154  0.82367057]
 [-0.13863605  0.36916     0.9048282 ]]
[[ 0.          0.          0.5844725 ]
 [ 0.08112544  0.08812548  0.5960563 ]
 [ 0.20221144  0.10565704  0.23385602]
 [ 0.5104338  -0.16950828  0.13009399]
 [ 0.557229   -0.15038657  0.        ]
 [-0.081101   -0.08793465  0.5735539 ]
 [-0.3055316   0.12580277  0.359204  ]
 [-0.4223879   0.22576463  0.04296207]
 [-0.5596076   0.3418242   0.06708932]
 [ 0.02177026  0.02656652  0.7956184 ]
 [ 0.01737824  0.01852325  1.0401288 ]
 [-0.09514819  0.04818445  1.1351557 ]
 [ 0.02019304  0.00487965  1.2211146 ]
 [-0.00959381 -0.1045112   1.0092044 ]
 [ 0.11661482 -0.3165458   0.92809075]
 [ 0.08206822 -0.19800866  0.7593235 ]
 [ 0.06704544  0.13668486  0.9813057 ]
 [ 0.06452556  0.27515018  0.78251606]
 [-0.09902361  0.3172052   0.8699842 ]]
[[ 0.          0.          0.55516493]
 [ 0.07926771  0.08376317  0.5660027 ]
 [ 0.20426616  0.08207482  0.19430065]
 [ 0.5217133  -0.1911304   0.1257706 ]
 [ 0.5778103  -0.1835041   0.        ]
 [-0.07921875 -0.08357529  0.54499394]
 [-0.29316115  0.12003371  0.31702772]
 [-0.42505836  0.24413952  0.00642765]
 [-0.56230134  0.35172245  0.03306115]
 [ 0.02719694  0.02304439  0.7661662 ]
 [ 0.02907364  0.00705621  1.007777  ]
 [-0.08085336  0.03403461  1.1064429 ]
 [ 0.03407553 -0.0098902   1.1901679 ]
 [ 0.00547102 -0.1131961   0.9730816 ]
 [ 0.12650554 -0.32047623  0.8791032 ]
 [ 0.06743288 -0.18761338  0.7204833 ]
 [ 0.075525    0.12532511  0.9527444 ]
 [ 0.08164616  0.27468485  0.7519038 ]
 [-0.08905447  0.32204235  0.81548196]]
[[ 0.00000000e+00  0.00000000e+00  5.90775609e-01]
 [ 7.58535638e-02  8.12651739e-02  5.96302986e-01]
 [ 1.10284746e-01  7.96743333e-02  1.81159467e-01]
 [ 4.02928829e-01 -2.27254629e-01  2.12472945e-01]
 [ 5.20214319e-01 -2.60702193e-01  1.17429584e-01]
 [-7.58372843e-02 -8.11159760e-02  5.85772574e-01]
 [-2.22199857e-01  2.03028917e-01  3.45689297e-01]
 [-2.91180015e-01  2.95498013e-01  4.79141474e-02]
 [-4.22553062e-01  4.42775428e-01  0.00000000e+00]
 [ 3.24918963e-02  2.72886604e-02  8.01217437e-01]
 [ 4.17213887e-02  2.61992216e-03  1.04312456e+00]
 [-6.54572845e-02  2.78211832e-02  1.15515220e+00]
 [ 6.72780871e-02 -2.07185149e-02  1.23127937e+00]
 [ 1.11896172e-03 -1.21776372e-01  9.94701624e-01]
 [ 4.54639941e-02 -3.16934526e-01  8.32217336e-01]
 [-1.14934869e-01 -1.53149113e-01  7.39665031e-01]
 [ 9.18485224e-02  1.21023118e-01  1.00062180e+00]
 [ 1.25011206e-01  2.92834044e-01  7.97460258e-01]
 [-5.22567183e-02  3.51421237e-01  8.08793485e-01]]
[[ 0.00000000e+00  0.00000000e+00  6.42225146e-01]
 [ 7.62488022e-02  8.70186538e-02  6.45301759e-01]
 [-1.05067775e-01  1.04288802e-01  3.25768679e-01]
 [ 1.51353747e-01 -2.56239206e-01  2.76893377e-01]
 [ 2.97470331e-01 -2.77660072e-01  1.93848670e-01]
 [-7.62711540e-02 -8.70224386e-02  6.39507234e-01]
 [-2.12331295e-01  1.96961671e-01  3.58260721e-01]
 [-3.26803029e-02  3.17834139e-01  3.80397439e-02]
 [-1.71156645e-01  4.83620107e-01  0.00000000e+00]
 [ 1.57612413e-02  3.91056985e-02  8.49937797e-01]
 [ 4.32990491e-04  1.42834187e-02  1.09270167e+00]
 [-9.14288014e-02  4.57826853e-02  1.21895361e+00]
 [ 5.75805567e-02 -8.30197334e-03  1.28250408e+00]
 [-6.74610510e-02 -1.15710318e-01  1.03668404e+00]
 [-1.57223731e-01 -2.95026302e-01  8.65568757e-01]
 [-3.14021587e-01 -8.52721483e-02  8.82795453e-01]
 [ 7.53473490e-02  1.34858876e-01  1.04992509e+00]
 [ 1.62658677e-01  3.10142368e-01  8.65393519e-01]
 [ 5.60545921e-03  3.99261951e-01  8.96554768e-01]]
[[ 0.          0.          0.6030308 ]
 [ 0.05158393  0.07537081  0.6108489 ]
 [-0.3177547   0.13623676  0.527193  ]
 [-0.19967298 -0.0992381   0.24636915]
 [-0.24055722 -0.06646439  0.11854097]
 [-0.05157338 -0.07565342  0.5948923 ]
 [ 0.05552618  0.04893446  0.19988367]
 [ 0.30657533  0.16655004  0.10970628]
 [ 0.26376304  0.28984773  0.        ]
 [ 0.00727384  0.02679622  0.82340056]
 [-0.00237432  0.03202131  1.0786294 ]
 [-0.05933167  0.08324385  1.1878426 ]
 [ 0.0721491   0.0311687   1.2654095 ]
 [-0.09459732 -0.07595909  1.0393329 ]
 [-0.2687369  -0.23435935  0.8941362 ]
 [-0.38734722 -0.05220833  0.9503248 ]
 [ 0.09214536  0.11753431  1.0120326 ]
 [ 0.20256521  0.2818748   0.8421801 ]
 [ 0.07703078  0.4040082   0.86588675]]
[[ 0.          0.          0.6863792 ]
 [ 0.0674555   0.08443178  0.68779993]
 [ 0.20350486  0.11429587  0.35413507]
 [ 0.38231933 -0.08327413  0.10757637]
 [ 0.37117106 -0.01157606  0.        ]
 [-0.06765193 -0.084426    0.68522835]
 [-0.40929848  0.01644313  0.6542779 ]
 [-0.3528603  -0.14442846  0.26922306]
 [-0.45010543 -0.05611452  0.20206195]
 [ 0.01895802  0.02033712  0.9047332 ]
 [ 0.02821318  0.02355573  1.1587832 ]
 [-0.02520497  0.0681963   1.2651589 ]
 [ 0.10631174  0.01169688  1.3419055 ]
 [-0.07594559 -0.07333943  1.1252592 ]
 [-0.2844948  -0.17018043  1.0030735 ]
 [-0.38027573 -0.02343649  1.0748783 ]
 [ 0.12592298  0.10832635  1.0974708 ]
 [ 0.22142944  0.26114756  0.9036818 ]
 [ 0.08785731  0.4119318   0.9682443 ]]
[[ 0.0000000e+00  0.0000000e+00  5.6043136e-01]
 [ 3.5764810e-02  7.4360982e-02  5.6899285e-01]
 [-3.5766906e-01  1.2541127e-01  5.1986164e-01]
 [-3.8051024e-01 -2.2639692e-02  1.0996461e-01]
 [-5.2134311e-01  3.2100976e-02  5.4580033e-02]
 [-3.5873316e-02 -7.4633017e-02  5.5130279e-01]
 [ 6.6945091e-02 -6.3600630e-02  1.8605250e-01]
 [ 4.0953183e-01 -4.7613680e-02  1.3567302e-01]
 [ 5.0454944e-01  2.1678805e-03  0.0000000e+00]
 [ 3.0916132e-02  3.0114532e-02  7.8891373e-01]
 [ 4.3372363e-02  3.2968163e-02  1.0456812e+00]
 [-4.5752525e-04  8.6794198e-02  1.1555746e+00]
 [ 1.2610897e-01  2.7614594e-02  1.2349385e+00]
 [-5.6251481e-02 -6.8113923e-02  1.0159216e+00]
 [-2.3843065e-01 -2.0697677e-01  8.6365736e-01]
 [-4.0293270e-01 -9.0925992e-02  8.3230776e-01]
 [ 1.3074738e-01  1.1029410e-01  9.6983004e-01]
 [ 2.0572704e-01  2.1170112e-01  7.5424993e-01]
 [ 1.4320947e-01  3.8658419e-01  6.6045225e-01]]
[[ 0.          0.          0.53308296]
 [ 0.03317864  0.07244138  0.5421165 ]
 [-0.3460458   0.13612616  0.4610635 ]
 [-0.31198943 -0.00608963  0.06230396]
 [-0.45547277  0.05561805  0.        ]
 [-0.03327623 -0.07271188  0.5235026 ]
 [ 0.04177991 -0.10401779  0.14724511]
 [ 0.39873487 -0.18317011  0.15712345]
 [ 0.54422843 -0.15894812  0.03957006]
 [ 0.04738879  0.0317031   0.7626021 ]
 [ 0.07094947  0.02641949  1.0189835 ]
 [ 0.02412797  0.07593507  1.1320034 ]
 [ 0.14925694  0.01518166  1.2070565 ]
 [-0.02005865 -0.06617734  0.9918125 ]
 [-0.1793136  -0.20321698  0.8190856 ]
 [-0.35811922 -0.12931025  0.7437521 ]
 [ 0.1462083   0.09638089  0.9429804 ]
 [ 0.19204341  0.15480071  0.71704185]
 [ 0.16763179  0.31469125  0.55085254]]
[[ 0.          0.          0.579036  ]
 [ 0.03215014  0.07582375  0.58909994]
 [-0.32773745  0.14206606  0.42123273]
 [-0.1286022  -0.01848418  0.10694188]
 [-0.23639771  0.04961336  0.        ]
 [-0.03226443 -0.07615559  0.56869495]
 [-0.02738217 -0.1708188   0.1937261 ]
 [ 0.26222104 -0.41176754  0.29711252]
 [ 0.43917024 -0.4282205   0.2709906 ]
 [ 0.06140413  0.01989709  0.8056436 ]
 [ 0.10304411  0.00645149  1.0595962 ]
 [ 0.05556393  0.04706943  1.1762474 ]
 [ 0.17963883 -0.01583904  1.241167  ]
 [ 0.02167782 -0.06245628  1.0307224 ]
 [-0.07963366 -0.18736643  0.849232  ]
 [-0.19389349 -0.20920113  0.77290726]
 [ 0.16896997  0.05503446  0.9909187 ]
 [ 0.18467811  0.0103482   0.7452468 ]
 [ 0.23745716  0.11356931  0.54766667]]
[[ 0.0000000e+00  0.0000000e+00  6.1187357e-01]
 [ 3.0691925e-02  6.9505416e-02  6.1632210e-01]
 [-2.7861845e-01  1.5648752e-01  3.7692791e-01]
 [-1.6267199e-02 -3.0348122e-02  1.3063815e-01]
 [-8.1307404e-02  4.4410706e-02  0.0000000e+00]
 [-3.0764492e-02 -6.9829725e-02  6.0733491e-01]
 [-4.1079395e-02 -1.6360492e-01  2.3354214e-01]
 [ 2.1741873e-01 -4.5540658e-01  3.5545325e-01]
 [ 4.0846705e-01 -4.8432916e-01  3.5975823e-01]
 [ 6.9285534e-02  1.4407873e-02  8.3505070e-01]
 [ 1.2301752e-01 -2.7978420e-03  1.0863688e+00]
 [ 7.4273318e-02  3.4697413e-02  1.2031329e+00]
 [ 2.0012434e-01 -2.8055131e-02  1.2678139e+00]
 [ 4.9562369e-02 -5.1114023e-02  1.0581647e+00]
 [ 2.6182115e-02 -1.5237607e-01  9.3079257e-01]
 [-7.3462725e-06 -1.7649129e-01  8.7834370e-01]
 [ 1.8413803e-01  3.3269644e-02  1.0192325e+00]
 [ 2.1712112e-01 -2.4056509e-02  7.7894789e-01]
 [ 3.1190628e-01  7.9706632e-02  6.0179877e-01]]
[[ 0.          0.          0.6444733 ]
 [ 0.02306858  0.06412684  0.64456576]
 [-0.19041958  0.13253266  0.3084911 ]
 [ 0.13405967 -0.03015226  0.15011814]
 [ 0.12765619  0.02188087  0.        ]
 [-0.02306264 -0.06438221  0.64446926]
 [-0.06696972 -0.15227744  0.2760445 ]
 [ 0.18928176 -0.47328085  0.36190215]
 [ 0.3588916  -0.5086129   0.36353707]
 [ 0.08318662  0.00448261  0.8629464 ]
 [ 0.1526254  -0.02296311  1.1099113 ]
 [ 0.09776263  0.01737618  1.2225523 ]
 [ 0.22779188 -0.04554677  1.2921226 ]
 [ 0.09700033 -0.05076212  1.0815578 ]
 [ 0.19537053 -0.12688312  1.0622138 ]
 [ 0.2534189  -0.18893668  1.090904  ]
 [ 0.20520218  0.00451794  1.0483998 ]
 [ 0.24856317 -0.07413678  0.86122954]
 [ 0.3767988  -0.01026513  0.7359477 ]]
[[ 0.          0.          0.6568429 ]
 [ 0.02031891  0.0594512   0.6549205 ]
 [-0.12879133  0.09089133  0.28126293]
 [ 0.20874685 -0.08619183  0.15302467]
 [ 0.23156607 -0.05801678  0.        ]
 [-0.02026141 -0.05966597  0.6589004 ]
 [-0.09240977 -0.12503177  0.30495173]
 [ 0.18555945 -0.41333097  0.3440746 ]
 [ 0.34031457 -0.4443056   0.31796837]
 [ 0.09494599  0.00239438  0.87044764]
 [ 0.17610213 -0.03205618  1.1123492 ]
 [ 0.11680998  0.01204395  1.2207384 ]
 [ 0.24910295 -0.04927778  1.2919078 ]
 [ 0.12904875 -0.05462864  1.0887209 ]
 [ 0.2863782  -0.10151029  1.1594267 ]
 [ 0.37240946 -0.19333413  1.2529263 ]
 [ 0.22312054 -0.00454438  1.0523949 ]
 [ 0.2684986  -0.05942211  0.94075525]
 [ 0.40381247  0.00197273  0.88058496]]
[[ 0.          0.          0.664318  ]
 [ 0.0292611   0.05408606  0.6586515 ]
 [-0.06857586  0.05151439  0.27252322]
 [ 0.2610711  -0.16962004  0.15126115]
 [ 0.3020206  -0.16043818  0.        ]
 [-0.02912326 -0.05429501  0.67012364]
 [-0.12399199 -0.0998854   0.32251275]
 [ 0.173083   -0.35841674  0.2804985 ]
 [ 0.2946679  -0.38194844  0.20641935]
 [ 0.10656438  0.00282931  0.87273246]
 [ 0.19874297 -0.03173146  1.1081018 ]
 [ 0.13899474  0.01194012  1.2156634 ]
 [ 0.27110696 -0.04699111  1.2870377 ]
 [ 0.1596103  -0.06142575  1.0947305 ]
 [ 0.3272081  -0.1280028   1.2654605 ]
 [ 0.39912707 -0.22190028  1.4102354 ]
 [ 0.24036358  0.00154471  1.0482615 ]
 [ 0.2784403  -0.0220184   1.0418873 ]
 [ 0.37781835  0.016866    1.0704842 ]]
[[ 0.          0.          0.66263247]
 [ 0.04514954  0.05665348  0.6554546 ]
 [-0.05693026  0.03497005  0.270115  ]
 [ 0.26029953 -0.23033765  0.15320683]
 [ 0.30813563 -0.23007846  0.        ]
 [-0.04502271 -0.05684573  0.66994405]
 [-0.15963697 -0.06295064  0.33109325]
 [ 0.14746147 -0.31975     0.22991776]
 [ 0.23653054 -0.3285368   0.11910284]
 [ 0.11145616  0.00504901  0.86641467]
 [ 0.21045068 -0.0212473   1.098439  ]
 [ 0.14716998  0.02498901  1.2053517 ]
 [ 0.27960724 -0.03035426  1.2776825 ]
 [ 0.17116469 -0.06806877  1.0944195 ]
 [ 0.30917037 -0.15807536  1.309214  ]
 [ 0.36292118 -0.20614994  1.4753495 ]
 [ 0.25270885  0.02652732  1.0373721 ]
 [ 0.27866617  0.04399469  1.1068774 ]
 [ 0.3329051   0.06941712  1.213771  ]]
[[ 0.          0.          0.6422218 ]
 [ 0.05466202  0.06569654  0.6324558 ]
 [-0.09087645  0.03560418  0.25616586]
 [ 0.21768948 -0.24871239  0.15260091]
 [ 0.26400614 -0.25827152  0.        ]
 [-0.05452047 -0.06589276  0.652108  ]
 [-0.20610632 -0.03849116  0.32254115]
 [ 0.10455844 -0.27757642  0.17115536]
 [ 0.16412255 -0.2648155   0.03191328]
 [ 0.10782273  0.00687565  0.84769666]
 [ 0.2043525  -0.01023757  1.0805769 ]
 [ 0.13305466  0.03941232  1.1840283 ]
 [ 0.26228112 -0.01185721  1.2610712 ]
 [ 0.16823894 -0.07981825  1.0844195 ]
 [ 0.24650243 -0.178361    1.3164988 ]
 [ 0.275518   -0.18497533  1.4899061 ]
 [ 0.24561828  0.05725196  1.0218815 ]
 [ 0.24366787  0.12656915  1.1541262 ]
 [ 0.25364855  0.14235467  1.3300107 ]]
[[ 0.          0.          0.6247245 ]
 [ 0.06309294  0.08334133  0.60961837]
 [-0.17808592  0.09863961  0.29772484]
 [ 0.11257347 -0.1901204   0.16953224]
 [ 0.12444964 -0.19222397  0.01478589]
 [-0.06296869 -0.0835284   0.6399336 ]
 [-0.29120153 -0.00865917  0.35558274]
 [ 0.01452043 -0.22352415  0.15190375]
 [ 0.03479998 -0.19266987  0.        ]
 [ 0.08753166  0.01763041  0.8412514 ]
 [ 0.16132912  0.01088029  1.0837524 ]
 [ 0.07181349  0.06729853  1.1738484 ]
 [ 0.19104923  0.01992697  1.2633619 ]
 [ 0.12394579 -0.0903675   1.0786088 ]
 [ 0.08843705 -0.20998079  1.3148203 ]
 [ 0.09408833 -0.16608965  1.5090196 ]
 [ 0.2018196   0.10552055  1.0290147 ]
 [ 0.13127965  0.2237786   1.231157  ]
 [ 0.07499926  0.20761669  1.451398  ]]
[[ 0.          0.          0.5999138 ]
 [ 0.06644297  0.09319544  0.57927996]
 [-0.25022352  0.1815432   0.39376235]
 [-0.0247873  -0.11170709  0.16991404]
 [-0.07699494 -0.08915615  0.0178228 ]
 [-0.06635471 -0.09339485  0.62058234]
 [-0.35504767  0.01323412  0.4252431 ]
 [-0.10178418 -0.18658698  0.14699924]
 [-0.12980404 -0.15036368  0.        ]
 [ 0.05719189  0.03364749  0.826162  ]
 [ 0.09898424  0.04437554  1.0775986 ]
 [-0.00793     0.09696168  1.1613009 ]
 [ 0.10001804  0.05828428  1.2581683 ]
 [ 0.05118428 -0.07942089  1.0643461 ]
 [-0.09666473 -0.20336759  1.275327  ]
 [-0.10975672 -0.10869664  1.4969738 ]
 [ 0.14405242  0.14788568  1.0262468 ]
 [-0.00337844  0.29557526  1.2531383 ]
 [-0.11718893  0.26754355  1.4736868 ]]
[[ 0.0000000e+00  0.0000000e+00  5.5119550e-01]
 [ 6.2239669e-02  1.0039184e-01  5.2631670e-01]
 [-2.9511225e-01  2.1836796e-01  4.5958826e-01]
 [-1.7326272e-01 -5.3880721e-02  1.3585469e-01]
 [-2.8506401e-01 -1.1357605e-02  1.9587100e-02]
 [-6.2222362e-02 -1.0057287e-01  5.7607090e-01]
 [-3.8117176e-01  1.5146114e-02  4.6577600e-01]
 [-2.1650520e-01 -1.4314377e-01  1.2345111e-01]
 [-3.0136651e-01 -9.5607281e-02  0.0000000e+00]
 [ 2.7469948e-02  4.7627330e-02  7.8115058e-01]
 [ 4.1504700e-02  7.6263487e-02  1.0343672e+00]
 [-8.0810636e-02  1.2607890e-01  1.1030949e+00]
 [ 1.3319284e-02  9.8472059e-02  1.2112865e+00]
 [-1.1898903e-03 -6.4520508e-02  1.0213801e+00]
 [-2.4778157e-01 -1.5116525e-01  1.1907732e+00]
 [-3.1385785e-01 -2.6561081e-02  1.4023504e+00]
 [ 8.2229316e-02  1.8829036e-01  9.8222816e-01]
 [-1.1709219e-01  3.5133535e-01  1.1678015e+00]
 [-2.8148058e-01  3.3564413e-01  1.3618977e+00]]
[[ 0.          0.          0.45110062]
 [ 0.05666935  0.10690546  0.4191723 ]
 [-0.30408657  0.23123841  0.44624397]
 [-0.32430816 -0.00880897  0.07956836]
 [-0.4768251   0.04971287  0.02289152]
 [-0.05670073 -0.10708051  0.48293516]
 [-0.3929153  -0.01638836  0.4442269 ]
 [-0.34478927 -0.15271369  0.0625985 ]
 [-0.47671795 -0.08426532  0.        ]
 [ 0.01076073  0.06780103  0.67745894]
 [ 0.00665498  0.12335363  0.92527556]
 [-0.12078507  0.17399895  0.9730021 ]
 [-0.03778007  0.1529789   1.0912808 ]
 [-0.02129809 -0.02683842  0.9212239 ]
 [-0.34130806 -0.05955118  1.0284663 ]
 [-0.46084887  0.09475452  1.1715868 ]
 [ 0.03829801  0.2407299   0.86209834]
 [-0.189807    0.4164836   0.9577663 ]
 [-0.41687572  0.4318205   1.0957919 ]]
[[ 0.          0.          0.36905828]
 [ 0.05099376  0.11243429  0.3338163 ]
 [-0.2987889   0.2322758   0.40438747]
 [-0.40397024  0.03003433  0.04332343]
 [-0.57001626  0.09863342  0.02345026]
 [-0.05105405 -0.11256777  0.40414068]
 [-0.40765476 -0.04693591  0.40256384]
 [-0.42706758 -0.14131686  0.02013806]
 [-0.5789895  -0.06364438  0.        ]
 [ 0.00132074  0.0762738   0.59129685]
 [-0.0130694   0.14639777  0.8333523 ]
 [-0.14164582  0.19360971  0.8742882 ]
 [-0.06247993  0.17393428  0.9945438 ]
 [-0.03773071 -0.00657162  0.8296654 ]
 [-0.3751191  -0.01789993  0.8775686 ]
 [-0.5210717   0.15705007  0.9675791 ]
 [ 0.01515625  0.26426715  0.76707864]
 [-0.21729702  0.4610086   0.8006333 ]
 [-0.47427166  0.5140258   0.890453  ]]
[[ 0.          0.          0.2682045 ]
 [ 0.02359778  0.11616527  0.2554285 ]
 [-0.32282704  0.18918349  0.33975595]
 [-0.5425514   0.0501456   0.02298024]
 [-0.71234703  0.109532    0.0505141 ]
 [-0.02367608 -0.11624269  0.28085485]
 [-0.43754083 -0.05836259  0.33966228]
 [-0.5776069  -0.04519249  0.00518137]
 [-0.73852044  0.02505836  0.        ]
 [-0.0321861   0.07286495  0.47946602]
 [-0.09743455  0.11226296  0.710775  ]
 [-0.2294401   0.15489575  0.74854624]
 [-0.16556841  0.13507909  0.8747986 ]
 [-0.11861542 -0.01406124  0.6608571 ]
 [-0.37740844 -0.01857027  0.5371629 ]
 [-0.5711105   0.15334427  0.52175105]
 [-0.06654201  0.23038843  0.67712915]
 [-0.24985698  0.45087543  0.6675901 ]
 [-0.49743092  0.5490493   0.6662309 ]]
[[ 0.          0.          0.20417151]
 [ 0.03922345  0.11214063  0.18880834]
 [-0.29090476  0.22973333  0.25733235]
 [-0.62489307  0.13146251  0.        ]
 [-0.7878889   0.20032123  0.10035317]
 [-0.03948794 -0.11215841  0.21935293]
 [-0.41921413 -0.01868114  0.30889228]
 [-0.66867375  0.00968179  0.0266729 ]
 [-0.81249964  0.0732971   0.07625729]
 [-0.01889496  0.08364594  0.42059138]
 [-0.09757148  0.19580385  0.6184007 ]
 [-0.22576451  0.251219    0.6434707 ]
 [-0.15638143  0.23069465  0.7730473 ]
 [-0.13275334  0.06479555  0.5967423 ]
 [-0.34954095  0.01255921  0.4334449 ]
 [-0.5053881   0.15900949  0.28253523]
 [-0.06413744  0.28799266  0.552418  ]
 [-0.1752142   0.41416115  0.33740044]
 [-0.28749776  0.4608396   0.18285108]]
[[ 0.          0.          0.19474828]
 [ 0.04944365  0.09879979  0.15856186]
 [-0.2975551   0.2560733   0.21030957]
 [-0.673722    0.19192709  0.        ]
 [-0.8070574   0.2657042   0.11796131]
 [-0.04960651 -0.09885439  0.23078841]
 [-0.40718955  0.01428325  0.2967419 ]
 [-0.71318793  0.06643292  0.0750704 ]
 [-0.82972765  0.12653595  0.17101017]
 [ 0.0025624   0.13008326  0.3834837 ]
 [-0.02364424  0.2691805   0.57872814]
 [-0.18097687  0.3243891   0.59699947]
 [-0.11332735  0.31845158  0.72808474]
 [-0.0388471   0.12525567  0.59380126]
 [-0.1511497  -0.00285058  0.38048148]
 [-0.19636187 -0.01509251  0.2566722 ]
 [-0.00310379  0.3391178   0.48864087]
 [-0.01820092  0.35536823  0.24142349]
 [-0.00394222  0.3736388   0.02547283]]
[[ 0.          0.          0.19448437]
 [ 0.06827388  0.09037767  0.14401859]
 [-0.26444876  0.31204787  0.18196137]
 [-0.6575911   0.25386852  0.        ]
 [-0.7869334   0.36360615  0.10419742]
 [-0.06828202 -0.0903223   0.2446146 ]
 [-0.37867677  0.06988837  0.28415754]
 [-0.69032323  0.07800028  0.04668856]
 [-0.78894067  0.15724327  0.0946817 ]
 [ 0.06397906  0.11085339  0.36766124]
 [ 0.10226217  0.24860874  0.5550261 ]
 [-0.06305829  0.3101697   0.5779618 ]
 [ 0.00738502  0.30825487  0.7014054 ]
 [ 0.0959445   0.10554513  0.59331113]
 [ 0.20889765 -0.10809252  0.4703908 ]
 [ 0.29286832 -0.22318447  0.3104257 ]
 [ 0.13675511  0.3076753   0.45784277]
 [ 0.23633812  0.2528042   0.21531586]
 [ 0.32641417  0.27388325  0.03128828]]
[[ 0.          0.          0.1811095 ]
 [ 0.06823312  0.08991119  0.12899186]
 [-0.2636488   0.33958966  0.18396907]
 [-0.64576143  0.28060472  0.        ]
 [-0.7793869   0.3937573   0.09980521]
 [-0.06819221 -0.08987682  0.23281686]
 [-0.36969608  0.09848106  0.28360844]
 [-0.6535356   0.10433257  0.0341717 ]
 [-0.7470131   0.18665442  0.07578242]
 [ 0.08927048  0.09462798  0.3452332 ]
 [ 0.15527174  0.22820282  0.52520174]
 [-0.00662825  0.29357457  0.539691  ]
 [ 0.05991449  0.291501    0.6631276 ]
 [ 0.15696138  0.08660194  0.57558316]
 [ 0.28190517 -0.13093004  0.50244325]
 [ 0.3943384  -0.2599484   0.3864554 ]
 [ 0.18309306  0.28613412  0.4256506 ]
 [ 0.28373843  0.20688781  0.19434737]
 [ 0.35851428  0.22590245  0.03750314]]
[[ 0.          0.          0.17668056]
 [ 0.06372166  0.09346146  0.12254331]
 [-0.27533412  0.33733392  0.19700316]
 [-0.6359186   0.25304976  0.        ]
 [-0.8042777   0.37604693  0.08490536]
 [-0.06363023 -0.09343149  0.2303044 ]
 [-0.38183415  0.09645164  0.2767046 ]
 [-0.57674015  0.02515011  0.01170594]
 [-0.66700155  0.10034141  0.01638862]
 [ 0.13261335  0.07617734  0.32450557]
 [ 0.24462308  0.19547364  0.4912784 ]
 [ 0.09781837  0.2683918   0.50938445]
 [ 0.17224258  0.25834125  0.6237851 ]
 [ 0.25569016  0.05589271  0.5498502 ]
 [ 0.39180225 -0.17737198  0.5734905 ]
 [ 0.5114447  -0.28731835  0.55600595]
 [ 0.26350218  0.25567216  0.3864342 ]
 [ 0.35472888  0.17021212  0.1617648 ]
 [ 0.35600016  0.20213538  0.05172071]]
[[ 0.0000000e+00  0.0000000e+00  1.4898407e-01]
 [ 5.4724433e-02  9.2318274e-02  9.0020664e-02]
 [-2.9189786e-01  3.1410074e-01  1.6520771e-01]
 [-6.4341462e-01  1.8114592e-01  9.5827878e-03]
 [-8.3256054e-01  3.0855340e-01  8.8858113e-02]
 [-5.4566685e-02 -9.2333771e-02  2.0732757e-01]
 [-3.9631861e-01  8.8080823e-02  2.6949137e-01]
 [-4.8362190e-01 -9.2548430e-02  2.1782547e-02]
 [-5.6558132e-01 -4.6000242e-02  0.0000000e+00]
 [ 1.6501561e-01  7.4896112e-02  2.7316153e-01]
 [ 3.1952113e-01  1.9587350e-01  4.1789529e-01]
 [ 1.9688621e-01  2.7366909e-01  4.5750865e-01]
 [ 2.8985301e-01  2.5099975e-01  5.5464596e-01]
 [ 3.2548296e-01  6.4688265e-02  4.8861453e-01]
 [ 4.4228029e-01 -1.7025000e-01  5.9277225e-01]
 [ 5.1364434e-01 -2.3318660e-01  6.6765028e-01]
 [ 3.3007836e-01  2.5574332e-01  3.0089724e-01]
 [ 3.4150276e-01  2.0002140e-01  7.5592965e-02]
 [ 2.4580441e-01  2.6995108e-01  5.7789683e-04]]
[[ 0.          0.          0.0926612 ]
 [ 0.02619545  0.08749279  0.02190504]
 [-0.3118065   0.23703776  0.10662775]
 [-0.7313106   0.10691976  0.04704012]
 [-0.8865162   0.20654857  0.14292946]
 [-0.02593068 -0.08765548  0.16294152]
 [-0.38612628  0.01813526  0.22853439]
 [-0.6686288  -0.24575856  0.08319995]
 [-0.9021605  -0.12315679  0.12377036]
 [ 0.19467512  0.06998195  0.17719755]
 [ 0.393234    0.1780705   0.2906926 ]
 [ 0.3236973   0.24834497  0.35308155]
 [ 0.41476804  0.22201818  0.43705124]
 [ 0.3931347   0.03896673  0.35642102]
 [ 0.32750738 -0.17434184  0.40272287]
 [ 0.29520166 -0.25717705  0.49382967]
 [ 0.38587186  0.24530515  0.16526219]
 [ 0.24229461  0.27359188  0.        ]
 [ 0.07861559  0.37787244  0.07078606]]
[[ 0.          0.          0.07778594]
 [-0.00923163  0.06999417  0.01077315]
 [-0.40768087  0.16163895  0.07820845]
 [-0.8653245   0.03433289  0.1020422 ]
 [-1.0359992   0.11509106  0.21368475]
 [ 0.00941541 -0.07031789  0.14411175]
 [-0.4406251  -0.00416347  0.23690814]
 [-0.6212455  -0.38918447  0.13720718]
 [-0.7968234  -0.37939495  0.15674302]
 [ 0.22186537  0.06965357  0.09396233]
 [ 0.45654386  0.17351308  0.13060331]
 [ 0.42446327  0.23252223  0.1960814 ]
 [ 0.53486764  0.25125897  0.21567646]
 [ 0.4394886   0.06020375  0.19396544]
 [ 0.23580235 -0.01832053  0.18909939]
 [ 0.01551651  0.01297686  0.22018194]
 [ 0.44401884  0.23523131  0.0248583 ]
 [ 0.24487364  0.36237007  0.        ]
 [ 0.14588237  0.35534737  0.11791724]]
[[ 0.          0.          0.11250088]
 [-0.0064528   0.06240764  0.04489955]
 [-0.41584122  0.15447544  0.11042891]
 [-0.8394675   0.012468    0.11578086]
 [-0.98516655  0.06413859  0.20612474]
 [ 0.00666349 -0.06275871  0.17934978]
 [-0.43804002 -0.03316125  0.26116058]
 [-0.48456305 -0.456465    0.12607983]
 [-0.6644092  -0.45102936  0.14717701]
 [ 0.23306867  0.07484277  0.1044295 ]
 [ 0.47740543  0.18718958  0.10509831]
 [ 0.45121104  0.25945964  0.15514931]
 [ 0.5543459   0.2832305   0.16047159]
 [ 0.464976    0.08173152  0.19070268]
 [ 0.27003723  0.03305089  0.22895281]
 [ 0.08713319  0.06804106  0.21596515]
 [ 0.459224    0.24372762  0.        ]
 [ 0.2508365   0.36098516  0.00673416]
 [ 0.19787885  0.3327402   0.11573711]]
[[ 0.          0.          0.13614386]
 [-0.01182143  0.05615859  0.06472339]
 [-0.36794376  0.12388235  0.12492169]
 [-0.70093703 -0.0069533   0.1141341 ]
 [-0.7973956   0.02645648  0.17451233]
 [ 0.01192951 -0.05649559  0.20686057]
 [-0.47132236 -0.04291652  0.31328166]
 [-0.48451352 -0.47227576  0.17106467]
 [-0.67206055 -0.48138893  0.21408474]
 [ 0.23470518  0.08756262  0.12379164]
 [ 0.48039353  0.21161626  0.10147992]
 [ 0.43829864  0.3032273   0.11066502]
 [ 0.5539126   0.33499706  0.11325929]
 [ 0.4608062   0.11551534  0.2086485 ]
 [ 0.20263359  0.16998282  0.23109204]
 [ 0.01029097  0.27644306  0.11790194]
 [ 0.46266338  0.2550357   0.        ]
 [ 0.25521287  0.30819556  0.01232575]
 [ 0.24235131  0.30266118  0.05242309]]
[[ 0.          0.          0.12600303]
 [-0.00981967  0.05307255  0.05304103]
 [-0.33462363  0.11406104  0.12012497]
 [-0.64347404 -0.01644571  0.0964843 ]
 [-0.74576336  0.02395754  0.15287557]
 [ 0.00992466 -0.05339193  0.19824584]
 [-0.47955918 -0.03419352  0.31907427]
 [-0.47276968 -0.45811933  0.16528141]
 [-0.6570918  -0.47202498  0.21449804]
 [ 0.22717005  0.091925    0.12043801]
 [ 0.4663679   0.22230367  0.09992802]
 [ 0.4195742   0.31875297  0.09889191]
 [ 0.5388598   0.35008252  0.09966147]
 [ 0.44277483  0.12879375  0.2128331 ]
 [ 0.16753793  0.2190161   0.21576667]
 [-0.01888274  0.34113944  0.04907762]
 [ 0.45276743  0.26197305  0.        ]
 [ 0.26148483  0.30384874  0.00876315]
 [ 0.259133    0.28818387  0.02408212]]
