[[ 0.          0.          0.79910874]
 [ 0.05385724 -0.08237097  0.7885067 ]
 [ 0.04501835 -0.069132    0.43478775]
 [-0.32727802 -0.05522889  0.68956625]
 [-0.4770567  -0.01115564  0.6703242 ]
 [-0.05387959  0.08226801  0.8096314 ]
 [ 0.14591673  0.2361269   0.49222088]
 [ 0.1961578   0.21882504  0.05175626]
 [ 0.36102477  0.26503462  0.        ]
 [ 0.05045311  0.05018315  1.010546  ]
 [ 0.11924409  0.10549033  1.2499874 ]
 [ 0.2372132   0.12473083  1.267395  ]
 [ 0.27309924  0.10475135  1.3847368 ]
 [ 0.01620007  0.20302433  1.2003812 ]
 [-0.12603706  0.3449024   1.0491527 ]
 [-0.02734929  0.50400835  0.8943165 ]
 [ 0.18994656 -0.02818248  1.2336699 ]
 [ 0.09916171 -0.2030177   1.0577765 ]
 [ 0.15178874 -0.16629541  0.90274274]]
[[ 0.          0.          0.8253579 ]
 [ 0.05701879 -0.08480058  0.81580114]
 [ 0.12391618 -0.07133463  0.47750887]
 [-0.27711734 -0.06413038  0.7012903 ]
 [-0.40812087 -0.00840509  0.66221386]
 [-0.05706073  0.08465216  0.8348359 ]
 [ 0.09444463  0.22088997  0.49939698]
 [ 0.07160781  0.17050242  0.06548518]
 [ 0.24087404  0.21928424  0.        ]
 [ 0.05428621  0.0577641   1.0337847 ]
 [ 0.12965722  0.12293309  1.268188  ]
 [ 0.24467513  0.13387847  1.2793281 ]
 [ 0.27884257  0.11559224  1.3967693 ]
 [ 0.03111762  0.22466904  1.2190645 ]
 [-0.06242634  0.3715382   1.0372527 ]
 [ 0.08678311  0.5033664   0.898536  ]
 [ 0.19496843 -0.00967422  1.2524934 ]
 [ 0.09154969 -0.17159647  1.0860984 ]
 [ 0.10144505 -0.15506963  0.94004   ]]
[[ 0.          0.          0.8247674 ]
 [ 0.04764704 -0.09780271  0.82058406]
 [ 0.30684224  0.01642251  0.5811405 ]
 [-0.0339145   0.05947152  0.58012843]
 [-0.05949511  0.1299642   0.45460692]
 [-0.04770061  0.09760369  0.8288985 ]
 [-0.00524984  0.23202077  0.47800553]
 [-0.16491704  0.17155051  0.09368593]
 [-0.0293983   0.2288431   0.        ]
 [ 0.05668589  0.05896473  1.0306674 ]
 [ 0.13496095  0.11957744  1.262357  ]
 [ 0.2469643   0.1250619   1.2678528 ]
 [ 0.2748975   0.11619347  1.3909554 ]
 [ 0.05629718  0.23970947  1.2136015 ]
 [ 0.07851883  0.3671856   0.99717265]
 [ 0.2910014   0.44226342  0.951074  ]
 [ 0.17450625 -0.02354291  1.2555621 ]
 [-0.00542061 -0.18034706  1.1826787 ]
 [-0.09428075 -0.2467795   1.0640327 ]]
[[ 0.          0.          0.70581406]
 [ 0.02787245 -0.10551446  0.70768464]
 [ 0.32620144  0.01972243  0.53081083]
 [ 0.18372732 -0.04022348  0.18176061]
 [ 0.28386688 -0.01767528  0.10726637]
 [-0.02790002  0.1053926   0.70395267]
 [-0.12709714  0.23894913  0.34877655]
 [-0.37297118  0.20046929  0.12173158]
 [-0.29766628  0.25373113  0.        ]
 [ 0.03468816  0.02129543  0.9375858 ]
 [ 0.09807381  0.04370952  1.185033  ]
 [ 0.22365053  0.04717636  1.1670787 ]
 [ 0.25973535  0.03163862  1.2977617 ]
 [ 0.07088181  0.17908308  1.1444068 ]
 [ 0.17960918  0.29295003  0.9087278 ]
 [ 0.31127602  0.20846452  1.0042206 ]
 [ 0.08461148 -0.09998345  1.188648  ]
 [-0.08765541 -0.24993494  1.2480752 ]
 [-0.18162201 -0.32935587  1.2314637 ]]
[[ 0.00000000e+00  0.00000000e+00  6.24356329e-01]
 [ 2.57336050e-02 -1.00864485e-01  6.28407001e-01]
 [ 3.25060368e-01  4.41951603e-02  4.22075748e-01]
 [ 3.35865438e-01  1.50247216e-02  4.90815043e-02]
 [ 4.73416626e-01  4.19110060e-02  1.60341859e-02]
 [-2.57630199e-02  1.00772977e-01  6.20320618e-01]
 [-1.64642125e-01  1.71439648e-01  2.38987625e-01]
 [-4.97482896e-01  7.90069699e-02  1.14269674e-01]
 [-4.80585575e-01  1.30139440e-01  0.00000000e+00]
 [ 3.50391679e-02  1.42940283e-02  8.58512640e-01]
 [ 1.00245200e-01  2.27716863e-02  1.10526025e+00]
 [ 2.21925110e-01  1.44639909e-02  1.09352708e+00]
 [ 2.49534249e-01 -2.78115273e-04  1.22407889e+00]
 [ 8.22156891e-02  1.55523896e-01  1.06879628e+00]
 [ 2.13470489e-01  2.74655938e-01  8.45672667e-01]
 [ 3.08604062e-01  1.41517967e-01  9.49739277e-01]
 [ 7.54101872e-02 -1.11989737e-01  1.10191429e+00]
 [-1.08269542e-01 -2.48512119e-01  1.15734816e+00]
 [-2.31396347e-01 -3.55549991e-01  1.15004516e+00]]
[[ 0.          0.          0.59911835]
 [ 0.02687915 -0.10537022  0.602019  ]
 [ 0.321065    0.06670131  0.37794182]
 [ 0.4033946   0.10323948  0.        ]
 [ 0.5609189   0.14113206  0.00532836]
 [-0.02690136  0.10529153  0.59623665]
 [-0.14839227  0.148112    0.18764943]
 [-0.52764064 -0.02323043  0.16155764]
 [-0.53839844  0.00245228  0.06923497]
 [ 0.04403265  0.01148571  0.8319572 ]
 [ 0.11678322  0.01393411  1.0779612 ]
 [ 0.23847629  0.00728118  1.0744214 ]
 [ 0.25567678 -0.00661463  1.2034141 ]
 [ 0.08853848  0.15065864  1.044045  ]
 [ 0.20539884  0.28141984  0.8194099 ]
 [ 0.31847864  0.14821142  0.89114285]
 [ 0.09447502 -0.11801571  1.0659441 ]
 [-0.09740589 -0.24809411  1.1111611 ]
 [-0.2100376  -0.35296762  1.0873623 ]]
[[ 0.00000000e+00  0.00000000e+00  6.19056404e-01]
 [ 3.18108872e-02 -1.02535009e-01  6.25671446e-01]
 [ 3.06277514e-01  1.28523514e-01  3.92725527e-01]
 [ 4.06981885e-01  2.16297388e-01  0.00000000e+00]
 [ 5.78867912e-01  2.61022896e-01  1.32924914e-02]
 [-3.18207443e-02  1.02461487e-01  6.12447083e-01]
 [-1.24319345e-01  1.03977799e-01  1.95830166e-01]
 [-5.24710536e-01 -1.67600095e-01  2.62030065e-01]
 [-5.80024123e-01 -1.74564481e-01  2.00981200e-01]
 [ 4.69032824e-02  8.36998224e-05  8.49493563e-01]
 [ 1.23407431e-01 -1.10181868e-02  1.09478593e+00]
 [ 2.43075177e-01 -1.62048638e-02  1.09544110e+00]
 [ 2.61168778e-01 -3.24909687e-02  1.21693552e+00]
 [ 8.11124817e-02  1.25279725e-01  1.06377614e+00]
 [ 1.44774884e-01  2.74025440e-01  8.34783971e-01]
 [ 2.98877627e-01  2.14059442e-01  8.48735571e-01]
 [ 1.06025025e-01 -1.35103941e-01  1.07258475e+00]
 [-9.04488117e-02 -2.59613693e-01  1.06724298e+00]
 [-1.80382788e-01 -3.72025311e-01  9.94392991e-01]]
[[ 0.          0.          0.66120183]
 [ 0.03241155 -0.10077279  0.6669892 ]
 [ 0.28376463  0.15224558  0.43384808]
 [ 0.32850775  0.22716185  0.01965106]
 [ 0.502042    0.2695204   0.        ]
 [-0.03243442  0.10067877  0.6553972 ]
 [-0.08281853  0.09185535  0.2317208 ]
 [-0.49785843 -0.18849118  0.35415417]
 [-0.56783366 -0.21666741  0.2822885 ]
 [ 0.0514316  -0.00408876  0.89012265]
 [ 0.12579365 -0.0261361   1.1362615 ]
 [ 0.24929604 -0.03753826  1.1388745 ]
 [ 0.26707006 -0.05329001  1.2603974 ]
 [ 0.0746705   0.11066139  1.1056557 ]
 [ 0.09966524  0.27652264  0.8823749 ]
 [ 0.24676995  0.2732308   0.8465445 ]
 [ 0.11157462 -0.14734909  1.1034361 ]
 [-0.06449477 -0.26424444  1.0421736 ]
 [-0.13270985 -0.36773995  0.9583329 ]]
[[ 0.0000000e+00  0.0000000e+00  7.0141375e-01]
 [ 3.3721611e-02 -9.9846773e-02  7.0532280e-01]
 [ 1.9077076e-01  1.4092454e-01  4.5184612e-01]
 [ 1.4342192e-01  2.2238997e-01  4.9658775e-02]
 [ 3.0510345e-01  2.7887434e-01  0.0000000e+00]
 [-3.3784844e-02  9.9731296e-02  6.9746697e-01]
 [ 5.8199115e-02  1.3675395e-01  3.2360297e-01]
 [-3.6823452e-01 -1.3147709e-01  4.8311800e-01]
 [-4.4464809e-01 -1.5594220e-01  3.8343310e-01]
 [ 5.8552299e-02  7.9233795e-03  9.2355156e-01]
 [ 1.3775761e-01 -7.7084303e-03  1.1714084e+00]
 [ 2.5820693e-01 -2.9039204e-02  1.1842895e+00]
 [ 2.7129817e-01 -4.4367552e-02  1.3039039e+00]
 [ 6.7542471e-02  1.2232235e-01  1.1329689e+00]
 [ 5.3104386e-03  2.5824913e-01  9.3055928e-01]
 [ 4.8157960e-02  3.1007367e-01  8.2429004e-01]
 [ 1.3317218e-01 -1.2832525e-01  1.1323303e+00]
 [-6.0798973e-04 -2.4059027e-01  9.8739976e-01]
 [-2.7325906e-02 -3.0548763e-01  8.4465402e-01]]
[[ 0.          0.          0.6801162 ]
 [ 0.02678093 -0.10245667  0.67690533]
 [ 0.04668278  0.07731397  0.3886837 ]
 [-0.08277869  0.17093575  0.09054768]
 [ 0.04254565  0.23417616  0.        ]
 [-0.02687477  0.10228762  0.6832381 ]
 [ 0.19267833  0.16382807  0.4186172 ]
 [-0.20001446 -0.0245204   0.4051558 ]
 [-0.19488682 -0.01349783  0.22323611]
 [ 0.05723251  0.01328743  0.9000039 ]
 [ 0.12839073 -0.01016167  1.1517336 ]
 [ 0.24672407 -0.03458396  1.1694218 ]
 [ 0.25977233 -0.04995352  1.2920153 ]
 [ 0.05440022  0.12372419  1.1143991 ]
 [-0.08507912  0.29396546  1.0177937 ]
 [-0.12052888  0.4178189   0.87686825]
 [ 0.13275301 -0.14101782  1.1066289 ]
 [ 0.05533373 -0.26931038  0.912465  ]
 [ 0.08486499 -0.30635688  0.7811974 ]]
[[ 0.          0.          0.60336703]
 [ 0.02556006 -0.10438441  0.5894668 ]
 [-0.0748716   0.03704786  0.28636265]
 [-0.273171    0.1644229   0.16896376]
 [-0.22802854  0.2410756   0.04119688]
 [-0.02564811  0.1042318   0.61714834]
 [ 0.27583233  0.19536072  0.44884267]
 [ 0.00754623  0.06173971  0.12885743]
 [ 0.13025971  0.06850481  0.        ]
 [ 0.05726341  0.02165137  0.8256227 ]
 [ 0.13163693  0.02690715  1.0803862 ]
 [ 0.2542677   0.02054527  1.0981746 ]
 [ 0.27113086  0.01324886  1.2249382 ]
 [ 0.03759916  0.14510566  1.0513586 ]
 [-0.16590229  0.291586    1.0386732 ]
 [-0.23318738  0.42501378  0.8721626 ]
 [ 0.16526036 -0.11318091  1.041183  ]
 [ 0.12983742 -0.27892303  0.8309083 ]
 [ 0.19945973 -0.19304362  0.8378837 ]]
[[ 0.          0.          0.66718024]
 [ 0.03352506 -0.09724917  0.65133166]
 [-0.0858265  -0.02930883  0.30841985]
 [-0.37591708  0.06310719  0.3561191 ]
 [-0.4070031   0.1324555   0.25502938]
 [-0.0336151   0.09713359  0.68290746]
 [ 0.24415985  0.20506264  0.48135266]
 [ 0.16143474  0.13536307  0.06574762]
 [ 0.3273357   0.14060515  0.        ]
 [ 0.05917047  0.02299526  0.88816273]
 [ 0.13147432  0.04683453  1.1394703 ]
 [ 0.25551248  0.04647493  1.1644017 ]
 [ 0.2735159   0.03497177  1.2891132 ]
 [ 0.03687028  0.15497702  1.1058781 ]
 [-0.17844889  0.29037023  1.0905263 ]
 [-0.23605925  0.43528432  0.92210734]
 [ 0.18289725 -0.09389809  1.1077971 ]
 [ 0.18007752 -0.2603954   0.8832476 ]
 [ 0.2353707  -0.15192494  0.9121517 ]]
[[ 0.          0.          0.6869508 ]
 [ 0.03985712 -0.09066331  0.6704494 ]
 [-0.05935332 -0.04754618  0.31353903]
 [-0.3995819   0.00764894  0.46594688]
 [-0.48184916  0.07226251  0.40810454]
 [-0.03991581  0.09059405  0.70334864]
 [ 0.21342824  0.23136476  0.4669714 ]
 [ 0.23198134  0.21818176  0.03386426]
 [ 0.40017414  0.22779804  0.        ]
 [ 0.05591885  0.02106239  0.90451133]
 [ 0.1291521   0.05106995  1.1513464 ]
 [ 0.2508952   0.05260032  1.1825342 ]
 [ 0.2755488   0.03868735  1.2999357 ]
 [ 0.03421361  0.15723875  1.113682  ]
 [-0.17070222  0.30040056  1.0615461 ]
 [-0.18126363  0.45426375  0.896473  ]
 [ 0.18770611 -0.08717817  1.1223723 ]
 [ 0.1685198  -0.26634562  0.9133812 ]
 [ 0.2148444  -0.1937035   0.87669754]]
[[ 0.          0.          0.7236703 ]
 [ 0.04254039 -0.09122116  0.70651793]
 [-0.00153016 -0.05650339  0.347029  ]
 [-0.37949768 -0.00648278  0.5489708 ]
 [-0.48059785  0.05021551  0.5102687 ]
 [-0.04258484  0.0911476   0.7407267 ]
 [ 0.17894556  0.24505332  0.4799653 ]
 [ 0.1955842   0.23079303  0.03687459]
 [ 0.3677519   0.24828231  0.        ]
 [ 0.05239058  0.02299374  0.9379648 ]
 [ 0.12627897  0.05619332  1.1817822 ]
 [ 0.25022566  0.05261013  1.2083704 ]
 [ 0.28000313  0.03856868  1.3238661 ]
 [ 0.03381672  0.16494381  1.1389699 ]
 [-0.142115    0.3091967   1.0427263 ]
 [-0.0907509   0.46600264  0.8880756 ]
 [ 0.1881231  -0.08372557  1.1551648 ]
 [ 0.13242227 -0.2669954   0.9653785 ]
 [ 0.17919627 -0.24119261  0.8546111 ]]
[[ 0.          0.          0.7572838 ]
 [ 0.04077457 -0.09660298  0.7411997 ]
 [ 0.11575247 -0.04990658  0.40980667]
 [-0.28228837  0.03342804  0.6156342 ]
 [-0.38453865  0.10921015  0.5449839 ]
 [-0.04084369  0.0964969   0.7732806 ]
 [ 0.12982744  0.23351306  0.49498275]
 [ 0.07365337  0.18372047  0.05700624]
 [ 0.25148642  0.19944459  0.        ]
 [ 0.0625051   0.04088938  0.96699655]
 [ 0.15119617  0.09157804  1.2074044 ]
 [ 0.2715751   0.08726209  1.2279706 ]
 [ 0.30302364  0.07191628  1.3458452 ]
 [ 0.06691708  0.20700595  1.1593155 ]
 [-0.03869361  0.3717005   1.0302317 ]
 [ 0.06092229  0.49836615  0.91513926]
 [ 0.20262253 -0.05449072  1.1850605 ]
 [ 0.11532938 -0.22646427  1.0157752 ]
 [ 0.12718955 -0.23409493  0.89601314]]
[[ 0.          0.          0.7817413 ]
 [ 0.0357006  -0.10402945  0.7729467 ]
 [ 0.26150295  0.00280225  0.5147662 ]
 [-0.09585702  0.07878913  0.6105386 ]
 [-0.14101984  0.15467577  0.47937995]
 [-0.0358021   0.10386699  0.7904613 ]
 [ 0.03944601  0.22028401  0.48045033]
 [-0.12436497  0.14148271  0.08027112]
 [ 0.03599775  0.17160332  0.        ]
 [ 0.06596012  0.03785443  0.99192   ]
 [ 0.14986229  0.0739193   1.236771  ]
 [ 0.2700724   0.0584226   1.2582784 ]
 [ 0.2893209   0.04907882  1.3793032 ]
 [ 0.08531809  0.20566642  1.1859951 ]
 [ 0.0803358   0.37827992  1.0146714 ]
 [ 0.24890788  0.46179238  0.98548317]
 [ 0.17989337 -0.07710743  1.2177961 ]
 [ 0.05455783 -0.23719375  1.0931189 ]
 [ 0.01839474 -0.28512794  0.95922273]]
[[ 0.          0.          0.7094071 ]
 [ 0.02084627 -0.10752966  0.70413154]
 [ 0.37092876  0.01143681  0.5485176 ]
 [ 0.12852457  0.01114538  0.27335432]
 [ 0.21202624  0.05059212  0.15939063]
 [-0.0209193   0.10740338  0.7146594 ]
 [-0.06929851  0.2427655   0.39336076]
 [-0.36465275  0.22904605  0.1033541 ]
 [-0.25290692  0.2620399   0.        ]
 [ 0.05327808  0.01008983  0.9318565 ]
 [ 0.12341145  0.01779926  1.182639  ]
 [ 0.23971754 -0.00201154  1.1952815 ]
 [ 0.2534027  -0.01002944  1.32384   ]
 [ 0.09702621  0.16145623  1.1366438 ]
 [ 0.20603307  0.29660112  0.93165404]
 [ 0.33151734  0.23476627  1.0207026 ]
 [ 0.11422646 -0.1294286   1.1741827 ]
 [-0.09118211 -0.25302714  1.1368346 ]
 [-0.19126615 -0.37341467  1.0587893 ]]
[[ 0.          0.          0.6114357 ]
 [ 0.01966818 -0.10969444  0.6123502 ]
 [ 0.3440261  -0.00291309  0.43964142]
 [ 0.32046402 -0.00897276  0.07787263]
 [ 0.46104604  0.0226112   0.03125197]
 [-0.01972669  0.10960101  0.61051834]
 [-0.14014839  0.19262889  0.26814437]
 [-0.49592388  0.13806841  0.10468173]
 [-0.45777333  0.18139252  0.        ]
 [ 0.03804442 -0.00256574  0.8439789 ]
 [ 0.10397444 -0.0052315   1.0951822 ]
 [ 0.22466496 -0.02106279  1.0927496 ]
 [ 0.23726308 -0.0327093   1.2176812 ]
 [ 0.09123296  0.13938874  1.0536839 ]
 [ 0.25065574  0.26443484  0.85357064]
 [ 0.33913022  0.16320369  0.9711139 ]
 [ 0.08104049 -0.14604715  1.0972583 ]
 [-0.11251421 -0.27683616  1.1412692 ]
 [-0.23702514 -0.33347     1.092361  ]]
[[ 0.          0.          0.5691189 ]
 [ 0.02042222 -0.1106268   0.5710481 ]
 [ 0.3380734   0.03316513  0.37002665]
 [ 0.42881072  0.07300913  0.0084883 ]
 [ 0.6017243   0.1119206   0.        ]
 [-0.02047282  0.11054766  0.5671941 ]
 [-0.13310045  0.14466509  0.1925143 ]
 [-0.53835595  0.02967921  0.13393655]
 [-0.54994214  0.06524628  0.047777  ]
 [ 0.03852228 -0.00405     0.8020762 ]
 [ 0.11050245 -0.0100947   1.0522184 ]
 [ 0.23336661 -0.03137958  1.057687  ]
 [ 0.23955879 -0.04357696  1.1790044 ]
 [ 0.09444314  0.13324523  1.0097638 ]
 [ 0.24519369  0.25925994  0.7997576 ]
 [ 0.3359895   0.12845722  0.89522374]
 [ 0.08658603 -0.14476278  1.0472125 ]
 [-0.10343235 -0.2630383   1.0594468 ]
 [-0.22244373 -0.31378967  1.007993  ]]
[[ 0.          0.          0.5847707 ]
 [ 0.0210095  -0.10951989  0.5894424 ]
 [ 0.31258428  0.06997204  0.37369305]
 [ 0.4289403   0.11706901  0.        ]
 [ 0.61485696  0.15870184  0.00735831]
 [-0.02104511  0.10943551  0.58010787]
 [-0.10241948  0.13784003  0.19485134]
 [-0.523417   -0.03503388  0.22142369]
 [-0.56905687 -0.02627626  0.15870625]
 [ 0.04350688 -0.00792727  0.8153399 ]
 [ 0.11921287 -0.02344599  1.0626374 ]
 [ 0.24224871 -0.04834896  1.075783  ]
 [ 0.25509584 -0.06509703  1.1997702 ]
 [ 0.0903604   0.12111133  1.0197046 ]
 [ 0.20434637  0.26802534  0.8073484 ]
 [ 0.3305508   0.18159527  0.8672224 ]
 [ 0.09608339 -0.15254161  1.0473558 ]
 [-0.11666262 -0.2587081   1.039231  ]
 [-0.22343954 -0.36672533  0.9449183 ]]
[[ 0.          0.          0.6217138 ]
 [ 0.02527613 -0.10800242  0.62844765]
 [ 0.27742356  0.11490092  0.40384778]
 [ 0.36022645  0.20652089  0.00785631]
 [ 0.54787695  0.2545157   0.        ]
 [-0.02531127  0.1078994   0.61497617]
 [-0.0451546   0.10830924  0.20901322]
 [-0.4804335  -0.13078043  0.30286002]
 [-0.564182   -0.1424877   0.24983776]
 [ 0.04841459 -0.00712448  0.8488268 ]
 [ 0.12408417 -0.02855742  1.0979166 ]
 [ 0.24568096 -0.0558548   1.1179166 ]
 [ 0.24410877 -0.071141    1.2383639 ]
 [ 0.08009306  0.11387607  1.0537637 ]
 [ 0.1288293   0.2816279   0.83756024]
 [ 0.2640897   0.25472224  0.8323696 ]
 [ 0.10640571 -0.1531206   1.0690943 ]
 [-0.11087538 -0.2295301   0.981955  ]
 [-0.15706162 -0.3752385   0.81572   ]]
[[ 0.          0.          0.6885688 ]
 [ 0.01733932 -0.10579416  0.695747  ]
 [ 0.19717802  0.10844216  0.45108384]
 [ 0.17132966  0.19226381  0.05410707]
 [ 0.33897558  0.25398716  0.        ]
 [-0.0174266   0.10563682  0.68135434]
 [ 0.09170104  0.10738048  0.3065208 ]
 [-0.3413216  -0.12109491  0.44262898]
 [-0.4214117  -0.15314463  0.36192742]
 [ 0.05657998  0.00196141  0.90957797]
 [ 0.12984364 -0.02343202  1.1600336 ]
 [ 0.24777988 -0.0608089   1.1904554 ]
 [ 0.24442583 -0.078848    1.3073744 ]
 [ 0.07867871  0.11632034  1.112893  ]
 [ 0.03827147  0.26711455  0.90716183]
 [ 0.10221051  0.31363946  0.79929256]
 [ 0.1110639  -0.14606649  1.1200755 ]
 [-0.02635215 -0.24279717  0.9412967 ]
 [-0.03818089 -0.36024985  0.7616062 ]]
[[ 0.          0.          0.6703259 ]
 [ 0.01323764 -0.1046268   0.6722004 ]
 [ 0.07382303  0.05796996  0.40007174]
 [-0.02313107  0.17337811  0.08182961]
 [ 0.11446818  0.23529628  0.        ]
 [-0.01335602  0.10442014  0.6683737 ]
 [ 0.21081108  0.10083209  0.3804477 ]
 [-0.20862284 -0.07882074  0.39741707]
 [-0.23633939 -0.08395761  0.23291618]
 [ 0.05695895  0.01102646  0.8921118 ]
 [ 0.12800553 -0.01413074  1.1456938 ]
 [ 0.24439326 -0.04470783  1.1761962 ]
 [ 0.24244334 -0.06457913  1.2933333 ]
 [ 0.06699849  0.12423357  1.0970227 ]
 [-0.05009833  0.2676365   0.96216285]
 [-0.09625407  0.3267967   0.8147794 ]
 [ 0.12164749 -0.14554155  1.1064148 ]
 [ 0.01972976 -0.25999236  0.8992028 ]
 [ 0.06125778 -0.28657222  0.7689303 ]]
[[ 0.          0.          0.58785945]
 [ 0.00522727 -0.10621114  0.5764287 ]
 [-0.05283519  0.01586494  0.27238318]
 [-0.26001477  0.12166053  0.12324318]
 [-0.207171    0.20660478  0.        ]
 [-0.00533887  0.10600059  0.5991682 ]
 [ 0.30392176  0.12816827  0.42027506]
 [ 0.02645173  0.028972    0.14251071]
 [ 0.13866368  0.02038664  0.00338024]
 [ 0.05652412  0.0056659   0.81174356]
 [ 0.12888661 -0.00428104  1.067962  ]
 [ 0.24125443 -0.02160424  1.1025864 ]
 [ 0.24721754 -0.03527409  1.2200365 ]
 [ 0.05311271  0.12645796  1.0283184 ]
 [-0.1409508   0.28722727  0.9874656 ]
 [-0.1761862   0.40466326  0.82754534]
 [ 0.14612448 -0.15005293  1.0351626 ]
 [ 0.09382045 -0.29943755  0.8081704 ]
 [ 0.18312049 -0.24435392  0.7915616 ]]
[[ 0.          0.          0.64752793]
 [ 0.01661943 -0.09837794  0.63450277]
 [-0.07187604 -0.01738474  0.29749942]
 [-0.3563302   0.0713329   0.29232526]
 [-0.387899    0.15885091  0.1863696 ]
 [-0.01673581  0.09820253  0.66042304]
 [ 0.28233272  0.15928736  0.46181476]
 [ 0.1774247   0.07730561  0.07572418]
 [ 0.32748437  0.06301498  0.        ]
 [ 0.05903625  0.01158029  0.87131   ]
 [ 0.13055332  0.02236715  1.1262599 ]
 [ 0.25059518  0.01019904  1.1680112 ]
 [ 0.25407577 -0.00376952  1.2866769 ]
 [ 0.05296196  0.14539874  1.0870191 ]
 [-0.14742255  0.2945385   1.0538945 ]
 [-0.19048744  0.43286467  0.87955385]
 [ 0.16629907 -0.12393254  1.0949886 ]
 [ 0.14012472 -0.28118685  0.8644537 ]
 [ 0.20931724 -0.18910262  0.8683641 ]]
[[ 0.          0.          0.6783986 ]
 [ 0.02205174 -0.09263457  0.6653042 ]
 [-0.06271182 -0.05261335  0.3082211 ]
 [-0.4098363  -0.00639772  0.4120633 ]
 [-0.49902862  0.06928775  0.3486953 ]
 [-0.02213639  0.09250102  0.6913707 ]
 [ 0.24871203  0.18655723  0.4609215 ]
 [ 0.26171416  0.16789895  0.04377341]
 [ 0.42309564  0.16433781  0.        ]
 [ 0.05701503  0.0183104   0.89852834]
 [ 0.12868497  0.04449701  1.1501411 ]
 [ 0.24744093  0.03307134  1.1995144 ]
 [ 0.24939606  0.01968926  1.3125348 ]
 [ 0.05440074  0.16488177  1.1055238 ]
 [-0.1336039   0.33144367  1.0415812 ]
 [-0.12812233  0.47209817  0.8675513 ]
 [ 0.16588524 -0.10010076  1.1214532 ]
 [ 0.13180184 -0.27028438  0.9065294 ]
 [ 0.2052666  -0.20140755  0.85519606]]
[[ 0.          0.          0.7125541 ]
 [ 0.02663428 -0.09268822  0.69901574]
 [ 0.00341643 -0.0598093   0.34215927]
 [-0.37196028 -0.01012948  0.505099  ]
 [-0.4874568   0.05351904  0.45811906]
 [-0.0267065   0.09256112  0.72597694]
 [ 0.21015343  0.20790282  0.4721105 ]
 [ 0.22898382  0.19872129  0.04306197]
 [ 0.39998907  0.20560497  0.        ]
 [ 0.0567584   0.02270786  0.9288173 ]
 [ 0.12823217  0.05083013  1.1786948 ]
 [ 0.24785376  0.03252608  1.2270167 ]
 [ 0.24922141  0.01943612  1.336452  ]
 [ 0.05458438  0.1685414   1.1286347 ]
 [-0.10958928  0.32628876  1.0254502 ]
 [-0.04295619  0.46982402  0.85626566]
 [ 0.168374   -0.09329718  1.1502231 ]
 [ 0.09376517 -0.26244745  0.95277476]
 [ 0.16408041 -0.2512092   0.8310449 ]]
[[ 0.          0.          0.75593615]
 [ 0.02780218 -0.09634245  0.7419789 ]
 [ 0.10726899 -0.0605762   0.39952016]
 [-0.274826    0.0096429   0.5763328 ]
 [-0.39139754  0.08216539  0.51596826]
 [-0.02789719  0.09618938  0.76978886]
 [ 0.16221169  0.21393824  0.4928684 ]
 [ 0.11312763  0.16891736  0.06768441]
 [ 0.28673667  0.18213582  0.        ]
 [ 0.05915491  0.02917328  0.96836394]
 [ 0.13585618  0.0626727   1.2172451 ]
 [ 0.2545852   0.03791654  1.2653084 ]
 [ 0.25011104  0.02762586  1.3744577 ]
 [ 0.07102527  0.18666202  1.1587025 ]
 [-0.03272323  0.35560107  1.0134814 ]
 [ 0.07251082  0.46281105  0.88245004]
 [ 0.16792932 -0.0822891   1.1899803 ]
 [ 0.06085263 -0.23960084  0.9970882 ]
 [ 0.11646712 -0.23024374  0.85901034]]
[[ 0.          0.          0.78313833]
 [ 0.02334839 -0.10743197  0.77504486]
 [ 0.27024066 -0.03231716  0.5174016 ]
 [-0.09030442  0.00903931  0.5765109 ]
 [-0.13587365  0.0885253   0.4446802 ]
 [-0.02345181  0.10721379  0.7911476 ]
 [ 0.03935979  0.2048785   0.4730597 ]
 [-0.15527296  0.12280101  0.09058321]
 [-0.00330275  0.14897084  0.        ]
 [ 0.06174547  0.03934613  0.99418616]
 [ 0.13093773  0.07167143  1.2453328 ]
 [ 0.24690473  0.0384514   1.2974308 ]
 [ 0.23326701  0.0274359   1.4148545 ]
 [ 0.0849763   0.2079432   1.1824182 ]
 [ 0.09045742  0.36591396  0.99157524]
 [ 0.26578605  0.41781458  0.9617669 ]
 [ 0.14378957 -0.07945511  1.2178098 ]
 [-0.03579959 -0.2009354   1.0641053 ]
 [-0.03375197 -0.25705945  0.93124545]]
[[ 0.          0.          0.6949315 ]
 [ 0.0110758  -0.10704604  0.692764  ]
 [ 0.3491811  -0.02732575  0.5427203 ]
 [ 0.1223447  -0.0721612   0.25595945]
 [ 0.21635175 -0.04394829  0.14151812]
 [-0.01115825  0.10687487  0.69706035]
 [-0.08885676  0.19281039  0.36120087]
 [-0.39467686  0.18317938  0.10663098]
 [-0.3082852   0.21581852  0.        ]
 [ 0.04200155  0.01685244  0.91665405]
 [ 0.09410106  0.03292003  1.17365   ]
 [ 0.20399877 -0.00407296  1.2219176 ]
 [ 0.18185818 -0.00781989  1.3451606 ]
 [ 0.08871648  0.17450917  1.1103641 ]
 [ 0.21648398  0.30569535  0.9142426 ]
 [ 0.33428103  0.24363351  1.0236442 ]
 [ 0.06651867 -0.10981286  1.1625333 ]
 [-0.18859376 -0.21912512  1.1421711 ]
 [-0.25708985 -0.2893298   1.0499314 ]]
[[ 0.          0.          0.62348187]
 [ 0.00423176 -0.10688653  0.6257015 ]
 [ 0.31149274 -0.04837689  0.45492244]
 [ 0.2791121  -0.07499111  0.09741133]
 [ 0.42172164 -0.0495801   0.04345334]
 [-0.00430048  0.10673018  0.6212426 ]
 [-0.14168009  0.16795522  0.2675195 ]
 [-0.492399    0.14019346  0.10700727]
 [-0.47387788  0.17886463  0.        ]
 [ 0.03207983  0.01728386  0.8532397 ]
 [ 0.07569651  0.02118123  1.1107707 ]
 [ 0.18986833 -0.02518588  1.1601195 ]
 [ 0.16410807 -0.02791673  1.281088  ]
 [ 0.09233607  0.15998173  1.0501175 ]
 [ 0.25139737  0.2888177   0.8593242 ]
 [ 0.31344378  0.18871689  0.9831773 ]
 [ 0.02800704 -0.11436293  1.1060455 ]
 [-0.20822541 -0.23693502  1.14921   ]
 [-0.3277871  -0.2627737   1.0418608 ]]
[[ 0.          0.          0.5577209 ]
 [ 0.00434648 -0.10893989  0.55946076]
 [ 0.30069333 -0.01234177  0.36138725]
 [ 0.37792668  0.02524841  0.00651091]
 [ 0.55278844  0.05943567  0.        ]
 [-0.00440075  0.10879056  0.5559633 ]
 [-0.11748356  0.132435    0.17625067]
 [-0.5215026   0.01752368  0.11831528]
 [-0.5536697   0.04791307  0.03985214]
 [ 0.03143133  0.01300903  0.78766215]
 [ 0.08113952  0.01089707  1.0444692 ]
 [ 0.19875607 -0.03796357  1.0971179 ]
 [ 0.16829059 -0.03749639  1.2155213 ]
 [ 0.09485804  0.15015686  0.9827928 ]
 [ 0.23854847  0.2838545   0.783561  ]
 [ 0.32917398  0.18961254  0.8765296 ]
 [ 0.02829566 -0.11606753  1.0326865 ]
 [-0.2088041  -0.23134527  1.0497092 ]
 [-0.3292821  -0.32390535  0.9277569 ]]
[[ 0.          0.          0.57209826]
 [ 0.00529968 -0.10911478  0.5762237 ]
 [ 0.28555417  0.02771568  0.36344877]
 [ 0.38889372  0.08976948  0.        ]
 [ 0.5743309   0.12890148  0.01046145]
 [-0.00534334  0.1089552   0.56795394]
 [-0.07666409  0.12464005  0.18031225]
 [-0.49375764 -0.03898174  0.20775604]
 [-0.56253123 -0.02434197  0.140524  ]
 [ 0.03337867  0.00585568  0.79955304]
 [ 0.08285958 -0.01157358  1.0553486 ]
 [ 0.19870564 -0.06050339  1.1155021 ]
 [ 0.161387   -0.05852193  1.2284849 ]
 [ 0.08922384  0.13012272  0.99120665]
 [ 0.20457831  0.27839464  0.78827924]
 [ 0.34347147  0.23306699  0.8378459 ]
 [ 0.02849384 -0.13265315  1.0369812 ]
 [-0.19732691 -0.2452389   1.0352947 ]
 [-0.32917252 -0.3724599   0.8942803 ]]
[[ 0.          0.          0.59469014]
 [ 0.00658482 -0.10987605  0.59890795]
 [ 0.26463115  0.07140562  0.38429928]
 [ 0.3161647   0.15160197  0.00820714]
 [ 0.50579697  0.19120097  0.        ]
 [-0.00664368  0.10969535  0.59044796]
 [-0.01651614  0.1048553   0.19795784]
 [-0.45020044 -0.10494339  0.27263886]
 [-0.534027   -0.11015797  0.20868194]
 [ 0.03693129  0.00191548  0.821766  ]
 [ 0.08720385 -0.02026942  1.0781305 ]
 [ 0.2083384  -0.06924695  1.1337414 ]
 [ 0.16980875 -0.07124609  1.2452657 ]
 [ 0.08198955  0.12056333  1.0167184 ]
 [ 0.15426424  0.2814042   0.81103885]
 [ 0.2945958   0.26745883  0.78554857]
 [ 0.03766317 -0.14013979  1.0513937 ]
 [-0.16926037 -0.25438875  0.9990889 ]
 [-0.28457093 -0.38684756  0.83173966]]
[[ 0.          0.          0.6547444 ]
 [ 0.00338065 -0.10267338  0.6601095 ]
 [ 0.19662149  0.07575756  0.42069334]
 [ 0.14462376  0.17091885  0.05125016]
 [ 0.31552812  0.2213934   0.        ]
 [-0.00347546  0.10247123  0.6493278 ]
 [ 0.10571211  0.09136921  0.2873567 ]
 [-0.33640376 -0.10322067  0.40716434]
 [-0.41216984 -0.12102821  0.29990917]
 [ 0.05050271  0.01298589  0.87646765]
 [ 0.10311899 -0.01341689  1.1331358 ]
 [ 0.22513983 -0.05979872  1.201119  ]
 [ 0.1816469  -0.06588328  1.3082963 ]
 [ 0.08374948  0.12498152  1.0702145 ]
 [ 0.06761829  0.27550852  0.87265676]
 [ 0.14843005  0.3259721   0.7560094 ]
 [ 0.06012715 -0.13333222  1.0922182 ]
 [-0.09987936 -0.25224328  0.9532307 ]
 [-0.15263222 -0.39067227  0.7845286 ]]
[[ 0.          0.          0.64253706]
 [-0.00284402 -0.10378826  0.64258474]
 [ 0.06787898  0.02254361  0.36046368]
 [-0.05300453  0.13910711  0.08159077]
 [ 0.08302913  0.1997481   0.        ]
 [ 0.00271085  0.10354334  0.6423845 ]
 [ 0.2364138   0.07586929  0.3869492 ]
 [-0.17114083 -0.05451655  0.35492074]
 [-0.1723306  -0.04508683  0.19287586]
 [ 0.04818953  0.01127869  0.865231  ]
 [ 0.10139413 -0.01183692  1.1241044 ]
 [ 0.22156861 -0.04965654  1.1918566 ]
 [ 0.18526298 -0.05473775  1.3000698 ]
 [ 0.06631596  0.12743229  1.0638385 ]
 [-0.02767932  0.28893998  0.92064476]
 [-0.02144271  0.36085373  0.75040585]
 [ 0.07669302 -0.14500976  1.0804627 ]
 [-0.02116841 -0.2695138   0.88182914]
 [ 0.00575477 -0.3448813   0.7766544 ]]
[[ 0.          0.          0.58930427]
 [-0.00691021 -0.10727912  0.57484734]
 [-0.05046045 -0.00188729  0.27293307]
 [-0.32015914  0.0694223   0.15542576]
 [-0.27803057  0.16200307  0.03211588]
 [ 0.00678547  0.1070314   0.6036228 ]
 [ 0.30924994  0.1262653   0.42421797]
 [ 0.10100028  0.04410619  0.11251739]
 [ 0.22891867  0.03865862  0.        ]
 [ 0.04305568  0.01176541  0.8131276 ]
 [ 0.09227929  0.00639313  1.0749018 ]
 [ 0.20707946 -0.02188885  1.1523893 ]
 [ 0.16773888 -0.02458137  1.2569897 ]
 [ 0.04398451  0.14537463  1.0256853 ]
 [-0.11530727  0.3168357   0.9498217 ]
 [-0.1155574   0.45119792  0.77106845]
 [ 0.09492558 -0.14200234  1.0314823 ]
 [ 0.05303182 -0.31855482  0.8256128 ]
 [ 0.1471008  -0.22266436  0.82493025]]
[[ 0.00000000e+00  0.00000000e+00  6.39759302e-01]
 [-7.00850040e-04 -1.04317822e-01  6.24211311e-01]
 [-6.01478964e-02 -2.59264410e-02  2.94098914e-01]
 [-3.75560135e-01  4.85387743e-02  2.82358408e-01]
 [-3.99373829e-01  1.44273251e-01  1.71039015e-01]
 [ 5.74883074e-04  1.04084365e-01  6.55163288e-01]
 [ 2.82603353e-01  1.47488102e-01  4.43289399e-01]
 [ 2.12611198e-01  5.26936054e-02  5.99082708e-02]
 [ 3.63652229e-01  3.72161269e-02  0.00000000e+00]
 [ 3.91578041e-02  1.36315227e-02  8.63048196e-01]
 [ 8.15243647e-02  1.93680525e-02  1.12553310e+00]
 [ 1.96221352e-01 -6.87855482e-03  1.21003580e+00]
 [ 1.55768245e-01 -5.07670641e-03  1.31199825e+00]
 [ 3.91886160e-02  1.55463517e-01  1.07122660e+00]
 [-1.17375910e-01  3.27877015e-01  9.78023410e-01]
 [-1.05229020e-01  4.54224169e-01  7.96591163e-01]
 [ 9.39583182e-02 -1.30212694e-01  1.08479321e+00]
 [ 7.11866915e-02 -3.12226951e-01  8.77350032e-01]
 [ 1.56599119e-01 -2.23559529e-01  8.63960266e-01]]
[[ 0.00000000e+00  0.00000000e+00  6.67544007e-01]
 [ 1.19997188e-03 -1.03924505e-01  6.50555253e-01]
 [-4.09299880e-02 -5.16102910e-02  3.13437730e-01]
 [-4.14819181e-01 -8.98545980e-03  3.76230121e-01]
 [-4.88074481e-01  8.25970769e-02  2.89498925e-01]
 [-1.31206587e-03  1.03715509e-01  6.84403956e-01]
 [ 2.50429749e-01  1.64375514e-01  4.46557999e-01]
 [ 2.62495935e-01  8.97909999e-02  3.72496843e-02]
 [ 4.28136379e-01  7.23944306e-02  0.00000000e+00]
 [ 3.61896753e-02  1.98262036e-02  8.87873888e-01]
 [ 7.72463083e-02  3.67358327e-02  1.15003896e+00]
 [ 1.86861992e-01  1.31415129e-02  1.23782790e+00]
 [ 1.47592664e-01  1.57080293e-02  1.33294296e+00]
 [ 3.73644568e-02  1.69409692e-01  1.08967459e+00]
 [-1.05920032e-01  3.31968218e-01  9.69260275e-01]
 [-8.25962424e-02  4.18276459e-01  7.91423678e-01]
 [ 9.00529176e-02 -1.17048800e-01  1.11158347e+00]
 [ 5.91199547e-02 -2.99989015e-01  9.14203107e-01]
 [ 1.34586513e-01 -2.49840274e-01  8.53101909e-01]]
[[ 0.          0.          0.7070946 ]
 [ 0.00471327 -0.10464166  0.6920805 ]
 [ 0.0240077  -0.06269372  0.3659484 ]
 [-0.38038993 -0.02233519  0.46016973]
 [-0.46359372  0.06888321  0.379174  ]
 [-0.00482782  0.10443352  0.72198457]
 [ 0.20875779  0.17450629  0.46801278]
 [ 0.20766518  0.10671151  0.04841787]
 [ 0.38295206  0.10173935  0.        ]
 [ 0.03226627  0.02004535  0.92513657]
 [ 0.07579035  0.04489601  1.1867182 ]
 [ 0.1821245   0.01633918  1.2734447 ]
 [ 0.13977158  0.02234226  1.3627303 ]
 [ 0.03901716  0.17928803  1.120775  ]
 [-0.06032586  0.35414827  0.9728844 ]
 [ 0.03902912  0.46984294  0.81543964]
 [ 0.0909331  -0.10920036  1.1509624 ]
 [ 0.02520919 -0.2833935   0.9610734 ]
 [ 0.09820727 -0.27585608  0.84543127]]
[[ 0.          0.          0.74554414]
 [ 0.00956715 -0.10804161  0.7314913 ]
 [ 0.14601183 -0.04284936  0.437899  ]
 [-0.27301496  0.00968792  0.522888  ]
 [-0.34829545  0.10338019  0.423509  ]
 [-0.00969752  0.10780293  0.759483  ]
 [ 0.15400103  0.18370476  0.48653352]
 [ 0.06296435  0.10724777  0.07249457]
 [ 0.23928085  0.11013186  0.        ]
 [ 0.03754342  0.02916756  0.95983255]
 [ 0.08574196  0.06594574  1.2203404 ]
 [ 0.19289896  0.03319925  1.3033037 ]
 [ 0.14204508  0.04049635  1.3923471 ]
 [ 0.05955615  0.20170325  1.1493495 ]
 [ 0.01575036  0.36785448  0.96710145]
 [ 0.15855473  0.4690105   0.85316557]
 [ 0.09406893 -0.08830985  1.1864445 ]
 [-0.00335097 -0.24219336  1.0016761 ]
 [ 0.01953198 -0.28184098  0.8607861 ]]
[[ 0.          0.          0.74036145]
 [ 0.00907396 -0.11303373  0.73386604]
 [ 0.29511863 -0.03864226  0.5114525 ]
 [-0.07423022 -0.06473163  0.46379003]
 [-0.08035754  0.01229283  0.31040567]
 [-0.00919892  0.11275998  0.7467654 ]
 [ 0.05199955  0.19433427  0.42497706]
 [-0.1812529   0.13433796  0.09079665]
 [-0.0407968   0.15700191  0.        ]
 [ 0.04081903  0.03780882  0.95907164]
 [ 0.07899186  0.07060635  1.2203158 ]
 [ 0.18369901  0.02985495  1.2995517 ]
 [ 0.13534927  0.04064959  1.400002  ]
 [ 0.07697229  0.20882589  1.1459129 ]
 [ 0.14440423  0.36027747  0.9482118 ]
 [ 0.30524647  0.38613617  0.9498383 ]
 [ 0.06618958 -0.08179101  1.1971388 ]
 [-0.10472026 -0.21797171  1.0564706 ]
 [-0.13517356 -0.30562252  0.91773677]]
[[ 0.          0.          0.6363141 ]
 [-0.00213627 -0.1106945   0.6364687 ]
 [ 0.31728297 -0.09730522  0.48066276]
 [ 0.17309794 -0.15474427  0.13725644]
 [ 0.29641822 -0.13631701  0.06561285]
 [ 0.00204634  0.11049855  0.6361278 ]
 [-0.0607931   0.20805341  0.28835016]
 [-0.40478474  0.21323806  0.1153025 ]
 [-0.3786828   0.2508536   0.        ]
 [ 0.01722184  0.02315648  0.86414826]
 [ 0.03776432  0.03823358  1.1249359 ]
 [ 0.14663441 -0.02240914  1.1924832 ]
 [ 0.09569612 -0.00460565  1.3019669 ]
 [ 0.08142892  0.17007896  1.0559528 ]
 [ 0.23876807  0.29245174  0.87475824]
 [ 0.31740487  0.22118545  0.9837407 ]
 [-0.02788916 -0.09482685  1.1182866 ]
 [-0.2513359  -0.23811495  1.1313573 ]
 [-0.35961303 -0.28672642  1.0287609 ]]
[[ 0.          0.          0.5630764 ]
 [-0.00577691 -0.11252442  0.5638898 ]
 [ 0.28815955 -0.10905924  0.3958568 ]
 [ 0.29918468 -0.12530363  0.02851832]
 [ 0.4549832  -0.10591459  0.01633745]
 [ 0.00571075  0.11233199  0.56224096]
 [-0.0736338   0.19267017  0.19524804]
 [-0.4480451   0.18607843  0.10622311]
 [-0.4782862   0.23292077  0.        ]
 [ 0.00521447  0.01382838  0.79280895]
 [ 0.01874219  0.01847371  1.05261   ]
 [ 0.12782106 -0.04392749  1.1186092 ]
 [ 0.07570307 -0.02404481  1.2256198 ]
 [ 0.07036788  0.14648092  0.98826885]
 [ 0.23183979  0.2625832   0.81042856]
 [ 0.3147247   0.1890969   0.90485895]
 [-0.05936715 -0.10197744  1.0450377 ]
 [-0.28286323 -0.24590385  1.0562395 ]
 [-0.41133827 -0.31957883  0.9606826 ]]
[[ 0.          0.          0.5532206 ]
 [-0.00510426 -0.1125724   0.5540184 ]
 [ 0.28526852 -0.09651469  0.37114084]
 [ 0.34127802 -0.08723056  0.        ]
 [ 0.51069075 -0.06763506  0.00628757]
 [ 0.00504477  0.11237022  0.55239725]
 [-0.05911376  0.15841006  0.16548783]
 [-0.44917595  0.12401727  0.12497771]
 [-0.49025995  0.16235644  0.0205642 ]
 [ 0.00506653  0.01216705  0.78142977]
 [ 0.01888745  0.01069161  1.041038  ]
 [ 0.13078108 -0.05238217  1.1103832 ]
 [ 0.07686291 -0.02742815  1.2162577 ]
 [ 0.06779233  0.13861942  0.9779978 ]
 [ 0.2252079   0.25366217  0.79432505]
 [ 0.33155596  0.1791307   0.85305715]
 [-0.06070659 -0.10664159  1.0269725 ]
 [-0.28090036 -0.24739301  1.0174716 ]
 [-0.4004904  -0.31716344  0.90685105]]
[[ 0.          0.          0.5727377 ]
 [-0.00635941 -0.11665405  0.57434654]
 [ 0.2693586  -0.10168374  0.3828684 ]
 [ 0.3099839  -0.09217536  0.        ]
 [ 0.4868273  -0.07479101  0.00649321]
 [ 0.00630319  0.11644542  0.5711091 ]
 [-0.01205609  0.17421076  0.17434576]
 [-0.4019993   0.1379162   0.17405695]
 [-0.4481498   0.16193381  0.05679226]
 [ 0.00813697  0.01436463  0.80149466]
 [ 0.02561718  0.01260859  1.0619866 ]
 [ 0.13890673 -0.05084002  1.1311433 ]
 [ 0.08630709 -0.0232712   1.2325423 ]
 [ 0.07450688  0.14257526  0.9990326 ]
 [ 0.20610869  0.25830445  0.80364406]
 [ 0.32793894  0.18008173  0.830377  ]
 [-0.0600303  -0.10280553  1.0451901 ]
 [-0.2822893  -0.23026708  1.0130335 ]
 [-0.3816897  -0.32001826  0.87868625]]
[[ 0.00000000e+00  0.00000000e+00  5.98262608e-01]
 [-9.16870311e-03 -1.13624051e-01  5.97954512e-01]
 [ 2.47094601e-01 -1.09585255e-01  3.94082785e-01]
 [ 2.70562530e-01 -7.74545670e-02  6.29413128e-03]
 [ 4.41343009e-01 -6.37284517e-02  0.00000000e+00]
 [ 9.08678584e-03  1.13402277e-01  5.98538697e-01]
 [ 6.31103888e-02  1.95788175e-01  2.37069905e-01]
 [-3.35273504e-01  1.69083416e-01  2.26602584e-01]
 [-3.60353112e-01  1.97289109e-01  8.90977979e-02]
 [ 9.73063894e-03  9.51778889e-03  8.26856434e-01]
 [ 2.35638916e-02  4.55379486e-04  1.08762467e+00]
 [ 1.40252739e-01 -6.05802834e-02  1.15883112e+00]
 [ 8.19040686e-02 -3.54576111e-02  1.26081204e+00]
 [ 6.80104941e-02  1.34116292e-01  1.02952874e+00]
 [ 1.82209477e-01  2.66857654e-01  8.38101506e-01]
 [ 2.82761067e-01  2.20524669e-01  8.16376686e-01]
 [-5.56432381e-02 -1.20212317e-01  1.06036758e+00]
 [-2.48491913e-01 -2.64695942e-01  9.85473692e-01]
 [-3.35777074e-01 -3.50800842e-01  8.26478958e-01]]
[[ 0.          0.          0.62799317]
 [-0.01948462 -0.10954528  0.61982846]
 [ 0.17170693 -0.08575541  0.37364626]
 [ 0.1072735  -0.00972611  0.0483042 ]
 [ 0.25510734  0.01211941  0.        ]
 [ 0.01936329  0.10929511  0.63607603]
 [ 0.21297012  0.16048343  0.3449326 ]
 [-0.17134303  0.12888783  0.2915024 ]
 [-0.14592865  0.1541898   0.14268178]
 [ 0.01896546 -0.00329924  0.84993076]
 [ 0.04096885 -0.02098027  1.1118293 ]
 [ 0.15723336 -0.07478985  1.1870474 ]
 [ 0.09817214 -0.06238174  1.2882392 ]
 [ 0.06360894  0.11964393  1.0574703 ]
 [ 0.08751454  0.29057315  0.8957571 ]
 [ 0.194613    0.35057238  0.79207945]
 [-0.01930297 -0.14870563  1.0697905 ]
 [-0.16504297 -0.29476437  0.89653504]
 [-0.19943675 -0.4352007   0.7679428 ]]
[[ 0.          0.          0.5755002 ]
 [-0.02792299 -0.11044295  0.5577625 ]
 [ 0.0468151  -0.03171214  0.28422114]
 [-0.19187284  0.07035396  0.10251081]
 [-0.10738604  0.13137674  0.        ]
 [ 0.02777894  0.11017627  0.59310293]
 [ 0.30305028  0.11159057  0.39110428]
 [ 0.11028935  0.02321225  0.0996007 ]
 [ 0.24748316  0.006293    0.01352119]
 [ 0.02538103  0.00513941  0.7982513 ]
 [ 0.0500443  -0.0024682   1.0620563 ]
 [ 0.16875365 -0.04290056  1.1383927 ]
 [ 0.11361416 -0.03357655  1.2440941 ]
 [ 0.03936595  0.1441533   1.0131667 ]
 [-0.05189165  0.34983176  0.9044713 ]
 [-0.0236879   0.43417743  0.7182829 ]
 [ 0.02301286 -0.14856246  1.0144074 ]
 [-0.04070329 -0.31517556  0.8089446 ]
 [ 0.04373564 -0.27782643  0.7839582 ]]
[[ 0.          0.          0.6082034 ]
 [-0.0211778  -0.1083168   0.5939192 ]
 [-0.0519222  -0.02105734  0.29566148]
 [-0.36917534  0.06027901  0.17579544]
 [-0.34462515  0.15502581  0.05813587]
 [ 0.02103653  0.10807037  0.62234265]
 [ 0.2903604   0.12543769  0.39546508]
 [ 0.29521418  0.01710886  0.03993648]
 [ 0.4544915  -0.01084626  0.        ]
 [ 0.00333859  0.00599661  0.8332876 ]
 [ 0.01079921  0.01040283  1.0980667 ]
 [ 0.12276475 -0.01844943  1.178378  ]
 [ 0.06959783 -0.01067501  1.2794322 ]
 [-0.01632391  0.15527782  1.0475309 ]
 [-0.14133811  0.35235497  0.9383101 ]
 [-0.07394797  0.44223154  0.75960183]
 [ 0.00999229 -0.1333338   1.0556312 ]
 [-0.00979819 -0.3071866   0.8428616 ]
 [ 0.07488754 -0.21115044  0.8625599 ]]
[[ 0.          0.          0.6432344 ]
 [-0.01780146 -0.10572407  0.63266337]
 [-0.06555183 -0.05801728  0.31771642]
 [-0.41176027  0.0018343   0.23722547]
 [-0.44822377  0.10207617  0.11771488]
 [ 0.0176612   0.10546339  0.65366155]
 [ 0.27038735  0.12663007  0.39886373]
 [ 0.30210266  0.02696359  0.042871  ]
 [ 0.46403164  0.00772434  0.        ]
 [-0.00939994  0.01234752  0.8692533 ]
 [-0.01699883  0.02384013  1.1327219 ]
 [ 0.08963108 -0.00175345  1.2187316 ]
 [ 0.03288393  0.00572467  1.3167574 ]
 [-0.04362667  0.16719487  1.0737045 ]
 [-0.13483602  0.36503994  0.93558335]
 [-0.02466924  0.46741772  0.7839331 ]
 [-0.00769632 -0.12167054  1.0990019 ]
 [-0.02040437 -0.2901677   0.88380337]
 [ 0.06543241 -0.18044919  0.88857985]]
[[ 0.00000000e+00  0.00000000e+00  6.73058212e-01]
 [-1.30977090e-02 -1.09410636e-01  6.63591743e-01]
 [-1.95516944e-02 -1.00429356e-01  3.30689549e-01]
 [-3.97893012e-01 -4.21959758e-02  2.92560786e-01]
 [-4.55485791e-01  4.74422872e-02  1.88593090e-01]
 [ 1.29545238e-02  1.09147251e-01  6.82378411e-01]
 [ 2.60745645e-01  1.40898883e-01  4.34482694e-01]
 [ 2.65496612e-01  5.22293448e-02  5.93780875e-02]
 [ 4.40710127e-01  3.74430418e-02  0.00000000e+00]
 [-1.09076779e-02  1.37891173e-02  8.96975636e-01]
 [-2.20895484e-02  2.42340565e-02  1.16098773e+00]
 [ 7.98484981e-02 -6.28829002e-04  1.25485682e+00]
 [ 1.51050510e-02  9.50950384e-03  1.34624147e+00]
 [-4.32439595e-02  1.67719543e-01  1.09524512e+00]
 [-1.05992526e-01  3.48827422e-01  9.31670845e-01]
 [ 3.38688195e-02  4.38261032e-01  8.15376759e-01]
 [-1.55907888e-02 -1.23584360e-01  1.12639344e+00]
 [-5.02225831e-02 -3.00114304e-01  9.17893589e-01]
 [ 3.86372954e-02 -2.30536059e-01  8.74893904e-01]]
[[ 0.          0.          0.70791095]
 [-0.00316633 -0.11423371  0.69833827]
 [ 0.0839693  -0.09425035  0.39554608]
 [-0.31475595 -0.0365223   0.38286647]
 [-0.38842726  0.06730166  0.26894113]
 [ 0.00301605  0.11394954  0.7173425 ]
 [ 0.22321033  0.15658897  0.4605129 ]
 [ 0.16871953  0.0608303   0.06349152]
 [ 0.34352273  0.0600847   0.        ]
 [-0.00669906  0.02121583  0.93094337]
 [-0.01458184  0.03978792  1.1956967 ]
 [ 0.08334462  0.01654655  1.2892876 ]
 [ 0.01952856  0.02252376  1.3800259 ]
 [-0.03285532  0.17920595  1.1233414 ]
 [-0.04289508  0.3292307   0.93494415]
 [ 0.1412447   0.42081133  0.8928246 ]
 [-0.00439353 -0.11114272  1.1605799 ]
 [-0.07546593 -0.2844648   0.96814805]
 [-0.03480452 -0.33282256  0.8636878 ]]
[[ 0.00000000e+00  0.00000000e+00  7.66501427e-01]
 [-3.31707299e-04 -1.14244722e-01  7.60059655e-01]
 [ 2.88289785e-01 -8.87075067e-02  5.36574841e-01]
 [-8.33661333e-02 -4.07950878e-02  4.61645186e-01]
 [-1.12230226e-01  4.70335782e-02  3.13618273e-01]
 [ 2.06157565e-04  1.13966599e-01  7.72831261e-01]
 [ 1.08241677e-01  1.78180203e-01  4.68774140e-01]
 [-3.76596749e-02  1.19911969e-01  9.32623744e-02]
 [ 1.16522141e-01  1.42467022e-01  0.00000000e+00]
 [ 9.32974648e-03  2.72084773e-02  9.85608041e-01]
 [ 1.59143507e-02  5.34279943e-02  1.24830759e+00]
 [ 1.06830247e-01  1.92647576e-02  1.33888876e+00]
 [ 4.87102494e-02  3.26021910e-02  1.42909169e+00]
 [ 2.44527310e-02  1.88568443e-01  1.17077661e+00]
 [ 1.16658926e-01  2.79268205e-01  9.45083857e-01]
 [ 2.99161464e-01  3.09425384e-01  1.02894485e+00]
 [ 5.98399341e-03 -9.58564579e-02  1.22318411e+00]
 [-1.20812789e-01 -2.56883442e-01  1.07482338e+00]
 [-1.27962530e-01 -2.82268345e-01  9.21808898e-01]]
[[ 0.          0.          0.73394924]
 [-0.00488909 -0.10966042  0.7336292 ]
 [ 0.33442062 -0.14633806  0.56656307]
 [ 0.09941109 -0.18962637  0.30146793]
 [ 0.17855108 -0.17698115  0.18318999]
 [ 0.00478198  0.10942787  0.7342111 ]
 [-0.01681323  0.19339733  0.41354352]
 [-0.23420408  0.21188411  0.13179147]
 [-0.15273488  0.25058132  0.        ]
 [ 0.01698557  0.02734828  0.9534986 ]
 [ 0.02755118  0.05742881  1.2139944 ]
 [ 0.12036349  0.00957859  1.3019861 ]
 [ 0.05736433  0.03434569  1.3996229 ]
 [ 0.0630905   0.18748719  1.1397803 ]
 [ 0.2153207   0.26422325  0.9417426 ]
 [ 0.35078448  0.25990796  1.0552839 ]
 [-0.01700686 -0.08407068  1.1986144 ]
 [-0.21942854 -0.23169248  1.1248027 ]
 [-0.26883376 -0.2560721   0.9757602 ]]
[[ 0.          0.          0.6846604 ]
 [-0.00922096 -0.110296    0.6855523 ]
 [ 0.29407054 -0.18347067  0.4909999 ]
 [ 0.19521376 -0.2329323   0.15446156]
 [ 0.33473405 -0.2329396   0.09474039]
 [ 0.00910943  0.11006935  0.6837381 ]
 [-0.05022955  0.13995883  0.3224787 ]
 [-0.3037794   0.17735586  0.15265715]
 [-0.29345718  0.2259242   0.        ]
 [-0.0018714   0.02358401  0.9086865 ]
 [-0.00360591  0.04241002  1.1711273 ]
 [ 0.09380722 -0.01676512  1.261055  ]
 [ 0.02968405  0.01393431  1.3560524 ]
 [ 0.04840193  0.16604736  1.0930765 ]
 [ 0.20662245  0.2348531   0.8853046 ]
 [ 0.32549536  0.18507922  0.95434064]
 [-0.06910209 -0.09064424  1.1585857 ]
 [-0.27386257 -0.2569085   1.1185519 ]
 [-0.35918695 -0.338115    0.99232113]]
[[ 0.00000000e+00  0.00000000e+00  6.28718615e-01]
 [-1.23913568e-02 -1.15193054e-01  6.31142378e-01]
 [ 2.98123956e-01 -1.62875205e-01  4.21139687e-01]
 [ 2.65285671e-01 -1.72794044e-01  5.94463348e-02]
 [ 4.22649324e-01 -1.58207953e-01  0.00000000e+00]
 [ 1.23001728e-02  1.14971370e-01  6.26272380e-01]
 [-2.64258161e-02  1.12543255e-01  2.30373114e-01]
 [-3.41106057e-01  1.39370352e-01  1.91579700e-01]
 [-3.74891967e-01  1.76581264e-01  5.82926273e-02]
 [-1.01431739e-03  1.52471066e-02  8.55513334e-01]
 [ 9.12448391e-04  2.58953571e-02  1.11780524e+00]
 [ 9.67725068e-02 -2.55884528e-02  1.20606232e+00]
 [ 2.68469695e-02 -1.18607283e-03  1.30068290e+00]
 [ 3.31521481e-02  1.56609774e-01  1.03648961e+00]
 [ 1.56625986e-01  2.26227954e-01  8.04841161e-01]
 [ 3.04537445e-01  1.57844275e-01  8.02107215e-01]
 [-5.47960028e-02 -1.07501596e-01  1.11049759e+00]
 [-2.64272660e-01 -2.62234777e-01  1.08087873e+00]
 [-3.38676453e-01 -3.02581847e-01  9.85573828e-01]]
[[ 0.          0.          0.6748282 ]
 [-0.00694057 -0.11550863  0.6776141 ]
 [ 0.2701089  -0.15864187  0.45668784]
 [ 0.24872023 -0.15449262  0.04661721]
 [ 0.4292482  -0.13215655  0.        ]
 [ 0.00686873  0.1152878   0.67201895]
 [ 0.00774205  0.10268468  0.2827388 ]
 [-0.3477701   0.10519436  0.31894976]
 [-0.42938542  0.13550115  0.22102568]
 [-0.01295852  0.00664878  0.89911485]
 [-0.01985435  0.00245208  1.1616585 ]
 [ 0.07928105 -0.04374111  1.2508698 ]
 [ 0.01107126 -0.02728772  1.3444774 ]
 [-0.00725937  0.14221936  1.0818999 ]
 [ 0.09553075  0.2379582   0.8523855 ]
 [ 0.25460595  0.21923947  0.7821519 ]
 [-0.06108689 -0.12852615  1.1435072 ]
 [-0.27452576 -0.28294912  1.1313456 ]
 [-0.33652455 -0.39941603  1.073111  ]]
[[ 0.          0.          0.73948544]
 [ 0.00635571 -0.11151169  0.74687976]
 [ 0.23397624 -0.11053109  0.4930398 ]
 [ 0.15263337 -0.08964825  0.07470149]
 [ 0.335384   -0.04361415  0.        ]
 [-0.00644053  0.11128779  0.7320546 ]
 [ 0.08067612  0.06348681  0.3794325 ]
 [-0.32561576 -0.01729442  0.4704088 ]
 [-0.41334695  0.01360172  0.38581055]
 [-0.01542136  0.01127674  0.95917976]
 [-0.02646488  0.00296101  1.2230065 ]
 [ 0.07322192 -0.02833486  1.312762  ]
 [ 0.0035533  -0.02707362  1.4095669 ]
 [-0.0393654   0.14737707  1.1479527 ]
 [ 0.00369772  0.2439953   0.91300654]
 [ 0.12730321  0.29309493  0.78046393]
 [-0.05409565 -0.1265294   1.1936136 ]
 [-0.2685097  -0.28568488  1.1993427 ]
 [-0.2353455  -0.43265316  1.2011026 ]]
[[ 0.00000000e+00  0.00000000e+00  7.71493971e-01]
 [ 7.46916980e-04 -1.11287594e-01  7.75043845e-01]
 [ 1.63234442e-01 -1.10986918e-01  4.79223669e-01]
 [ 4.50910851e-02 -4.56284881e-02  9.84366536e-02]
 [ 2.01347381e-01  7.62361288e-03  0.00000000e+00]
 [-8.50934535e-04  1.11057222e-01  7.67878354e-01]
 [ 1.84884265e-01  3.55376601e-02  4.59605873e-01]
 [-2.59107649e-01 -3.83875370e-02  5.07234693e-01]
 [-3.24905753e-01 -1.20742619e-02  3.98270458e-01]
 [-2.04750299e-02  1.93468779e-02  9.89864111e-01]
 [-2.96558142e-02  1.24246180e-02  1.25457025e+00]
 [ 7.08826855e-02 -1.41458511e-02  1.34274220e+00]
 [ 6.20227586e-03 -2.30320096e-02  1.44157767e+00]
 [-5.69385439e-02  1.57044023e-01  1.18437016e+00]
 [-4.52056825e-02  2.69919693e-01  9.62255120e-01]
 [ 4.91435230e-02  3.48659784e-01  7.96140194e-01]
 [-4.97603044e-02 -1.18893445e-01  1.21944809e+00]
 [-2.09305435e-01 -3.15321088e-01  1.25526929e+00]
 [-1.22454524e-01 -4.05466795e-01  1.26663709e+00]]
[[ 0.00000000e+00  0.00000000e+00  7.40941405e-01]
 [-2.96601653e-03 -1.05478019e-01  7.37424374e-01]
 [ 8.94745439e-02 -1.03326291e-01  4.21370298e-01]
 [-7.21193925e-02 -1.68244839e-02  1.23057246e-01]
 [ 4.76083271e-02  4.52540517e-02  0.00000000e+00]
 [ 2.82457471e-03  1.05200864e-01  7.44355917e-01]
 [ 2.44150817e-01  1.36288255e-02  5.05062044e-01]
 [-1.41228974e-01 -1.21865779e-01  3.97521079e-01]
 [-1.52016118e-01 -1.08938515e-01  2.70204365e-01]
 [-1.83684826e-02  2.60654539e-02  9.64444458e-01]
 [-2.47671232e-02  3.04806828e-02  1.22890031e+00]
 [ 7.71304369e-02  6.93398714e-03  1.31368959e+00]
 [ 1.43768452e-02  6.03199005e-05  1.41181922e+00]
 [-5.85706234e-02  1.67644382e-01  1.16207981e+00]
 [-8.29052031e-02  2.93615073e-01  9.43898320e-01]
 [-3.12575698e-03  4.13421690e-01  7.55731821e-01]
 [-3.16342786e-02 -1.05647862e-01  1.20028257e+00]
 [-9.61642265e-02 -3.48295689e-01  1.19995224e+00]
 [-2.19001770e-02 -3.63559544e-01  1.20836043e+00]]
[[ 0.          0.          0.61373484]
 [-0.00469765 -0.11592656  0.60456824]
 [ 0.02597985 -0.09826958  0.249803  ]
 [-0.23195103 -0.02105671  0.14378458]
 [-0.19988257  0.06250995  0.        ]
 [ 0.00454797  0.11562604  0.62276417]
 [ 0.29444313  0.03928271  0.42862496]
 [ 0.09977022 -0.1312311   0.09563494]
 [ 0.22598594 -0.15419471  0.00904608]
 [-0.01209367  0.01567823  0.8396332 ]
 [-0.01841998  0.02134117  1.1037831 ]
 [ 0.0826868   0.00687617  1.1942788 ]
 [ 0.02609265  0.00377077  1.2950802 ]
 [-0.05726817  0.16144675  1.040507  ]
 [-0.11470459  0.2934005   0.84871894]
 [-0.06077421  0.40758148  0.6661972 ]
 [-0.00151437 -0.12388816  1.0680885 ]
 [-0.02660939 -0.3269641   0.972325  ]
 [ 0.10592246 -0.2911988   0.9727043 ]]
[[ 0.          0.          0.65946907]
 [ 0.00516373 -0.11289591  0.6505654 ]
 [ 0.04568969 -0.14841291  0.28050506]
 [-0.25389218 -0.08803311  0.3217095 ]
 [-0.31196803 -0.0051091   0.20530602]
 [-0.00533486  0.11261062  0.6682415 ]
 [ 0.23317805  0.06667903  0.4119498 ]
 [ 0.2270838  -0.11047029  0.0305835 ]
 [ 0.38530898 -0.1428613   0.        ]
 [-0.0126316   0.01009808  0.88655186]
 [-0.0268211   0.01289654  1.1507297 ]
 [ 0.06577733  0.00665981  1.2478609 ]
 [ 0.00581463  0.00281137  1.3411866 ]
 [-0.06605762  0.14811426  1.0905759 ]
 [-0.11462364  0.28995565  0.9013505 ]
 [-0.00143982  0.41276854  0.7662882 ]
 [-0.00189968 -0.13123772  1.1093519 ]
 [-0.026365   -0.33036986  0.9365989 ]
 [ 0.12099347 -0.26500902  0.89034486]]
[[ 0.          0.          0.70373756]
 [ 0.00867558 -0.11123919  0.69615453]
 [ 0.08042607 -0.16972113  0.3527409 ]
 [-0.2437136  -0.15230568  0.446195  ]
 [-0.33775127 -0.06723651  0.3570489 ]
 [-0.00881496  0.11096165  0.71120167]
 [ 0.1856975   0.07410999  0.4216214 ]
 [ 0.20048416 -0.10092211  0.03098154]
 [ 0.3521216  -0.13102216  0.        ]
 [-0.01438381  0.01094787  0.9314015 ]
 [-0.03067088  0.01436156  1.1945447 ]
 [ 0.05932864  0.0119282   1.2911868 ]
 [ 0.00358494  0.00256974  1.3831549 ]
 [-0.07111344  0.15015662  1.140864  ]
 [-0.10769734  0.29499444  0.95566666]
 [ 0.04364698  0.4607303   0.8816718 ]
 [-0.00411816 -0.13217452  1.1512638 ]
 [-0.05285893 -0.31636876  0.9760752 ]
 [ 0.09332561 -0.29387385  0.8977022 ]]
[[ 0.          0.          0.7505341 ]
 [ 0.00996901 -0.11725634  0.7408155 ]
 [ 0.1704235  -0.16321108  0.46226132]
 [-0.20568176 -0.17051935  0.57092273]
 [-0.29837102 -0.08438034  0.4814888 ]
 [-0.01010587  0.11696842  0.76013565]
 [ 0.15939488  0.10068572  0.46452594]
 [ 0.12531288 -0.03247589  0.04651797]
 [ 0.29081818 -0.04735428  0.        ]
 [-0.01532315  0.0188843   0.9794326 ]
 [-0.03246531  0.02888662  1.2412114 ]
 [ 0.05898379  0.02310419  1.32915   ]
 [ 0.01377268  0.01492792  1.4220226 ]
 [-0.05913112  0.16746429  1.1915498 ]
 [-0.07844889  0.33704093  1.014841  ]
 [ 0.07812583  0.48546055  1.0089447 ]
 [-0.01410283 -0.12225187  1.2001245 ]
 [-0.06071607 -0.3009373   1.0126003 ]
 [ 0.07657832 -0.24352692  0.9290877 ]]
[[ 0.          0.          0.7615974 ]
 [ 0.00266528 -0.11926112  0.7512353 ]
 [ 0.23993298 -0.1597867   0.51685166]
 [-0.1417716  -0.17552885  0.6410675 ]
 [-0.21323419 -0.10039023  0.5107771 ]
 [-0.00279698  0.11898384  0.77184594]
 [ 0.11754619  0.07325397  0.45978785]
 [-0.03825071 -0.03889668  0.07000786]
 [ 0.10800195 -0.03587621  0.        ]
 [-0.01970793  0.01556878  0.9903194 ]
 [-0.03911095  0.02406362  1.251519  ]
 [ 0.05103264  0.00699943  1.3360212 ]
 [ 0.00631363  0.00679427  1.4247423 ]
 [-0.05075814  0.1658073   1.2049353 ]
 [-0.04043435  0.36640304  1.0729804 ]
 [ 0.11359445  0.49573594  1.1301386 ]
 [-0.0339972  -0.12544629  1.2157966 ]
 [-0.10696804 -0.30534938  1.0634538 ]
 [ 0.01185919 -0.23532489  0.99218863]]
[[ 0.0000000e+00  0.0000000e+00  7.0370746e-01]
 [-5.5299029e-03 -1.2058002e-01  6.9759446e-01]
 [ 3.0849025e-01 -2.0562330e-01  5.4775524e-01]
 [-6.7228489e-02 -2.2579348e-01  5.3359079e-01]
 [-9.2937574e-02 -1.6894466e-01  4.0067574e-01]
 [ 5.3817779e-03  1.2033428e-01  7.0973384e-01]
 [ 9.9681839e-02  9.0938717e-02  3.5825896e-01]
 [-1.7100318e-01  7.0227802e-02  1.0864353e-01]
 [-1.0581753e-01  9.1987431e-02  0.0000000e+00]
 [-3.3654362e-02  1.5785888e-02  9.3210065e-01]
 [-6.2255092e-02  1.9690543e-02  1.1899700e+00]
 [ 3.9879076e-02 -2.9426813e-03  1.2740517e+00]
 [-5.0858669e-03  6.0456991e-04  1.3611729e+00]
 [-6.0062885e-02  1.6976196e-01  1.1559677e+00]
 [-3.4790635e-03  3.8115090e-01  1.0888965e+00]
 [ 1.1226597e-01  4.2118391e-01  1.2171948e+00]
 [-7.8046575e-02 -1.2744078e-01  1.1612552e+00]
 [-1.9417901e-01 -2.9995152e-01  1.0547256e+00]
 [-7.8294605e-02 -2.2619131e-01  1.1283833e+00]]
[[ 0.          0.          0.49961284]
 [-0.00558135 -0.12098759  0.49963933]
 [ 0.29268175 -0.27991074  0.42627433]
 [ 0.17123717 -0.3074728   0.11113188]
 [ 0.30676106 -0.29117462  0.05440953]
 [ 0.00547157  0.12081378  0.4995545 ]
 [ 0.100023    0.11945939  0.11401156]
 [-0.2655891   0.037599    0.11271152]
 [-0.32155377  0.07798776  0.        ]
 [-0.03389029  0.00252861  0.72515535]
 [-0.05837438 -0.00813499  0.9841826 ]
 [ 0.05275562 -0.0551742   1.0393223 ]
 [ 0.01784956 -0.04238921  1.1488333 ]
 [-0.03969872  0.14905787  0.9615445 ]
 [ 0.12886064  0.34062102  1.037305  ]
 [ 0.25864035  0.3235559   1.1489027 ]
 [-0.10613845 -0.13834599  0.9719442 ]
 [-0.2413006  -0.34886664  1.0551496 ]
 [-0.15696618 -0.36551327  1.1667705 ]]
[[ 0.0000000e+00  0.0000000e+00  4.2166263e-01]
 [-3.5815947e-03 -1.2143414e-01  4.2243239e-01]
 [ 2.9404351e-01 -2.7736434e-01  3.3853078e-01]
 [ 3.6828306e-01 -2.7078420e-01  1.0171831e-03]
 [ 5.2770388e-01 -2.4284112e-01  1.2923002e-02]
 [ 3.4855530e-03  1.2128465e-01  4.2086115e-01]
 [ 1.4097011e-01  1.3566166e-01  4.9314857e-02]
 [-2.3052651e-01 -1.5301466e-02  8.0404341e-02]
 [-2.9958102e-01  3.0262291e-02  0.0000000e+00]
 [-2.1275291e-02 -3.4489632e-03  6.4886481e-01]
 [-2.8272465e-02 -2.1957427e-02  9.0438271e-01]
 [ 8.3980590e-02 -6.6101432e-02  9.4233805e-01]
 [ 7.0695370e-02 -5.8306932e-02  1.0559434e+00]
 [-1.8065840e-02  1.3167787e-01  8.8939446e-01]
 [ 1.6082259e-01  3.2477927e-01  9.2108077e-01]
 [ 3.3306250e-01  2.7765208e-01  1.0146928e+00]
 [-7.0403084e-02 -1.5105993e-01  8.9815152e-01]
 [-1.2954074e-01 -3.6305910e-01  1.0495226e+00]
 [-1.1382200e-02 -3.9948413e-01  1.1625144e+00]]
[[ 0.          0.          0.40211564]
 [ 0.00130859 -0.12152368  0.39912394]
 [ 0.317368   -0.25214988  0.31874323]
 [ 0.4918663  -0.21754342  0.        ]
 [ 0.6453948  -0.19518277  0.04380175]
 [-0.00141236  0.12140848  0.40506428]
 [ 0.19312161  0.15722463  0.07783777]
 [-0.15987688  0.01502272  0.07911175]
 [-0.20127505  0.06571954  0.00162345]
 [-0.01485144 -0.00984173  0.6285542 ]
 [-0.01092989 -0.03195006  0.88230795]
 [ 0.1131783  -0.07517961  0.9064257 ]
 [ 0.10699481 -0.07442051  1.0205569 ]
 [-0.00788544  0.12015039  0.87325954]
 [ 0.20848194  0.29644912  0.90366656]
 [ 0.3694026   0.23175034  0.9671076 ]
 [-0.04124416 -0.1621106   0.87262446]
 [-0.04561163 -0.3623984   1.0423703 ]
 [ 0.09963882 -0.35954243  1.1362264 ]]
[[ 0.00000000e+00  0.00000000e+00  4.36723500e-01]
 [ 4.82714921e-03 -1.17457137e-01  4.34094846e-01]
 [ 3.39505583e-01 -2.43784338e-01  3.61964405e-01]
 [ 5.88056326e-01 -2.05111563e-01  7.24275112e-02]
 [ 7.49301195e-01 -1.87325418e-01  1.34846777e-01]
 [-4.94008511e-03  1.17357954e-01  4.39304411e-01]
 [ 2.41898820e-01  1.56588420e-01  1.82717592e-01]
 [-7.38375187e-02  5.63869476e-02  9.30397511e-02]
 [-6.66217953e-02  1.15297645e-01  0.00000000e+00]
 [-5.08516328e-04 -1.52626932e-02  6.58609033e-01]
 [ 1.56415999e-02 -3.03347111e-02  9.09642816e-01]
 [ 1.41667813e-01 -5.86067736e-02  9.16729689e-01]
 [ 1.46244645e-01 -6.39548898e-02  1.03125727e+00]
 [ 1.12117678e-02  1.16097271e-01  8.96563530e-01]
 [ 2.13504419e-01  3.18544984e-01  8.85465384e-01]
 [ 3.93576503e-01  2.65647411e-01  8.85881901e-01]
 [-5.17898053e-03 -1.58471644e-01  9.00005341e-01]
 [ 4.70590144e-02 -3.51773798e-01  1.05386436e+00]
 [ 2.33738959e-01 -3.14153045e-01  1.14121938e+00]]
[[ 0.          0.          0.47529325]
 [ 0.01090502 -0.11641982  0.4665063 ]
 [ 0.37210816 -0.2005449   0.39220265]
 [ 0.710466   -0.12472326  0.14609185]
 [ 0.86118746 -0.11505656  0.25010628]
 [-0.01100981  0.11635712  0.4840254 ]
 [ 0.2796884   0.14638437  0.31989378]
 [ 0.09951054  0.09200829  0.06399819]
 [ 0.20122574  0.1362217   0.        ]
 [ 0.022284   -0.01238203  0.6895335 ]
 [ 0.06430125 -0.01476884  0.9293786 ]
 [ 0.20745441 -0.04142579  0.9232937 ]
 [ 0.22444186 -0.05433252  1.0393195 ]
 [ 0.0485194   0.12571692  0.92336553]
 [ 0.26326376  0.31650946  0.8742761 ]
 [ 0.39723706  0.30004036  0.7861983 ]
 [ 0.06562594 -0.14230478  0.9039111 ]
 [ 0.21105397 -0.3077559   1.0234824 ]
 [ 0.4313715  -0.21996388  1.0615395 ]]
[[ 0.          0.          0.3800113 ]
 [ 0.00739795 -0.11372117  0.367464  ]
 [ 0.3738296  -0.18194197  0.2786283 ]
 [ 0.74553424 -0.10138246  0.06574568]
 [ 0.88039637 -0.11236373  0.19058956]
 [-0.00744858  0.11370191  0.39251742]
 [ 0.30126765  0.16633879  0.28329533]
 [ 0.30420822  0.16953678  0.        ]
 [ 0.42241746  0.18459573  0.00684413]
 [ 0.04086219 -0.02795987  0.58731246]
 [ 0.10708028 -0.03602758  0.80655456]
 [ 0.2577249  -0.05566314  0.7812371 ]
 [ 0.283369   -0.06190696  0.8924142 ]
 [ 0.08031102  0.10407948  0.80717564]
 [ 0.21983032  0.2998016   0.7093985 ]
 [ 0.3225774   0.28305376  0.60323125]
 [ 0.10606593 -0.17207778  0.7852466 ]
 [ 0.28204918 -0.3407259   0.8061116 ]
 [ 0.50292265 -0.19612247  0.8169075 ]]
[[ 0.          0.          0.36875618]
 [ 0.01309602 -0.11577033  0.35641098]
 [ 0.3770216  -0.14389542  0.24265341]
 [ 0.7170292  -0.07492134  0.04735959]
 [ 0.85450906 -0.09249255  0.18594085]
 [-0.01311972  0.11577379  0.38105878]
 [ 0.3205485   0.18286777  0.27358174]
 [ 0.44495693  0.18849456  0.        ]
 [ 0.5858754   0.18626262  0.04509851]
 [ 0.0664991  -0.02410871  0.5698017 ]
 [ 0.16669378 -0.02153111  0.7687734 ]
 [ 0.31673217 -0.02747938  0.72873646]
 [ 0.34942883 -0.03596354  0.8424257 ]
 [ 0.10818152  0.11229643  0.77667695]
 [ 0.13797826  0.33977807  0.68411857]
 [ 0.12787467  0.35326964  0.56207603]
 [ 0.17462063 -0.15270725  0.7290493 ]
 [ 0.30969104 -0.27641386  0.6635439 ]
 [ 0.50006956 -0.1371342   0.6254188 ]]
[[ 0.          0.          0.35240525]
 [ 0.01630038 -0.11290977  0.34063783]
 [ 0.35538447 -0.13478938  0.2378964 ]
 [ 0.65725803 -0.05403674  0.0352459 ]
 [ 0.8015936  -0.07446785  0.14174932]
 [-0.01634243  0.1129177   0.36412036]
 [ 0.34234527  0.2100549   0.27891278]
 [ 0.54526085  0.26623815  0.        ]
 [ 0.7007201   0.2654916   0.06358987]
 [ 0.06897213 -0.03538194  0.54109144]
 [ 0.17742471 -0.03597507  0.7276813 ]
 [ 0.32059476 -0.03789866  0.6720579 ]
 [ 0.3733818  -0.03907877  0.77555805]
 [ 0.10242575  0.09527513  0.7432946 ]
 [ 0.05137336  0.3088421   0.6717439 ]
 [-0.01334593  0.35033292  0.52992356]
 [ 0.18932393 -0.16522817  0.677032  ]
 [ 0.29494867 -0.29198387  0.5333714 ]
 [ 0.45785838 -0.16848592  0.49075717]]
[[ 0.0000000e+00  0.0000000e+00  3.4843454e-01]
 [ 1.7478749e-02 -1.1502582e-01  3.3430910e-01]
 [ 3.8789016e-01 -1.2086907e-01  2.7062196e-01]
 [ 6.1142564e-01 -2.5454700e-02  7.0847362e-02]
 [ 7.4608588e-01 -5.0195545e-02  1.4165212e-01]
 [-1.7516650e-02  1.1502985e-01  3.6250535e-01]
 [ 3.4293377e-01  1.9868983e-01  3.2781327e-01]
 [ 5.3678113e-01  2.4774712e-01  0.0000000e+00]
 [ 7.1129453e-01  2.5467193e-01  2.6059300e-02]
 [ 6.0615472e-02 -3.7983105e-02  5.3207076e-01]
 [ 1.6079889e-01 -4.7760934e-02  7.1565425e-01]
 [ 2.9623115e-01 -4.9901515e-02  6.6961586e-01]
 [ 3.5096714e-01 -5.0203413e-02  7.6970732e-01]
 [ 8.3808698e-02  8.7234020e-02  7.4952966e-01]
 [ 6.4748526e-04  3.1857720e-01  7.1978664e-01]
 [-6.9625825e-02  4.2499202e-01  5.9254324e-01]
 [ 1.7399238e-01 -1.7230673e-01  6.5067852e-01]
 [ 2.6655084e-01 -3.1006664e-01  5.0346720e-01]
 [ 4.3089318e-01 -1.5494496e-01  4.3319950e-01]]
[[ 0.          0.          0.3032403 ]
 [ 0.02753237 -0.11225525  0.2893837 ]
 [ 0.39704168 -0.09946965  0.28656656]
 [ 0.5912204  -0.00248414  0.05740018]
 [ 0.7281253   0.00312042  0.08210456]
 [-0.02757079  0.11227114  0.31705004]
 [ 0.34929973  0.21503894  0.32763728]
 [ 0.5244279   0.3367785   0.        ]
 [ 0.68040675  0.35771477  0.01474136]
 [ 0.04370216 -0.03466666  0.47419357]
 [ 0.12240799 -0.04164612  0.6664666 ]
 [ 0.26524752 -0.05071178  0.62577486]
 [ 0.2944849  -0.03952214  0.72525144]
 [ 0.03980687  0.09422144  0.6986408 ]
 [-0.05283077  0.31709316  0.6872015 ]
 [-0.07732937  0.47855666  0.5863264 ]
 [ 0.14690045 -0.1705554   0.6073236 ]
 [ 0.23348436 -0.31443733  0.431781  ]
 [ 0.40413082 -0.14951089  0.3771425 ]]
[[ 0.0000000e+00  0.0000000e+00  2.3077893e-01]
 [ 3.7009232e-02 -1.0831085e-01  2.2071174e-01]
 [ 4.2132756e-01 -1.0522523e-01  3.2114848e-01]
 [ 5.4800820e-01  8.4344208e-02  6.0957998e-02]
 [ 6.5588027e-01  1.1947313e-01  1.0334295e-01]
 [-3.7072785e-02  1.0831605e-01  2.4080332e-01]
 [ 3.4114093e-01  2.2622909e-01  2.8818741e-01]
 [ 4.4925305e-01  3.8847405e-01  0.0000000e+00]
 [ 5.6428391e-01  4.1594109e-01  2.4297625e-02]
 [-4.9522333e-04 -4.2940319e-02  4.0139109e-01]
 [ 3.4855522e-02 -5.7687759e-02  5.9192181e-01]
 [ 1.8148670e-01 -6.7534357e-02  5.7037139e-01]
 [ 1.8577103e-01 -6.5258712e-02  6.7328125e-01]
 [-4.9046263e-02  6.9924831e-02  6.1338466e-01]
 [-1.1561698e-01  2.6509219e-01  6.0587984e-01]
 [-7.8843191e-02  4.0393469e-01  5.2407503e-01]
 [ 7.8170285e-02 -1.8088633e-01  5.2011698e-01]
 [ 1.5514338e-01 -3.1545943e-01  3.3247566e-01]
 [ 3.5268381e-01 -1.5966302e-01  3.4453097e-01]]
[[ 0.          0.          0.21476942]
 [ 0.04989284 -0.0981233   0.2049045 ]
 [ 0.4164341  -0.11998107  0.3982901 ]
 [ 0.46683055  0.08231319  0.13884574]
 [ 0.538816    0.148945    0.15074873]
 [-0.0499592   0.0980762   0.22457817]
 [ 0.34519666  0.2469752   0.3439348 ]
 [ 0.23366979  0.4197777   0.01979622]
 [ 0.3031441   0.47745702  0.        ]
 [-0.06618778 -0.02995282  0.36289787]
 [-0.1052179  -0.04757202  0.5481544 ]
 [ 0.03737215 -0.0777019   0.5740408 ]
 [-0.00844279 -0.0804058   0.6498691 ]
 [-0.17997944  0.06836829  0.5637068 ]
 [-0.12422559  0.2321611   0.54468477]
 [ 0.09107094  0.3784463   0.5418397 ]
 [-0.03303556 -0.15681703  0.47624904]
 [ 0.05165036 -0.29128665  0.31106222]
 [ 0.2374602  -0.21237232  0.3931714 ]]
[[ 0.          0.          0.21892002]
 [ 0.0417379  -0.10286872  0.20714489]
 [ 0.4213151  -0.16258207  0.35820943]
 [ 0.5083798   0.01544691  0.154471  ]
 [ 0.5989212   0.04576989  0.17841148]
 [-0.04181015  0.10284329  0.23063746]
 [ 0.36549097  0.23876919  0.3479911 ]
 [ 0.24413465  0.4171623   0.02881393]
 [ 0.31238922  0.47225946  0.        ]
 [-0.06293453 -0.04098165  0.35728568]
 [-0.09944332 -0.07690361  0.5395613 ]
 [ 0.04069356 -0.09839177  0.5589391 ]
 [ 0.00532432 -0.1008864   0.64423084]
 [-0.16170795  0.04533783  0.5695518 ]
 [-0.09605229  0.22907043  0.6037011 ]
 [ 0.022323    0.43858543  0.5871972 ]
 [-0.05048694 -0.18632862  0.46121192]
 [-0.01345119 -0.35627395  0.30401292]
 [ 0.25321913 -0.3095759   0.32060307]]
[[ 0.          0.          0.18949425]
 [ 0.02378826 -0.10307675  0.1636786 ]
 [ 0.40977484 -0.14961271  0.3042959 ]
 [ 0.55719376  0.10532221  0.15019023]
 [ 0.6662879   0.12382416  0.1907821 ]
 [-0.02388021  0.1030479   0.2152732 ]
 [ 0.37073067  0.20756276  0.33445066]
 [ 0.26711044  0.41385454  0.03445843]
 [ 0.32918513  0.45777518  0.        ]
 [-0.06388682 -0.06617123  0.3397797 ]
 [-0.10644396 -0.1316065   0.53648275]
 [ 0.0322866  -0.1744015   0.56574464]
 [-0.03004226 -0.16440088  0.6411037 ]
 [-0.13227573  0.00165504  0.5613406 ]
 [ 0.00485579  0.16728985  0.51706886]
 [ 0.17840831  0.14960673  0.46764514]
 [-0.08644309 -0.2434285   0.44856113]
 [-0.04874964 -0.41408667  0.27593917]
 [ 0.16201478 -0.3078402   0.3386944 ]]
[[ 0.          0.          0.1815046 ]
 [ 0.01114529 -0.0957548   0.13972944]
 [ 0.38395715 -0.1466909   0.26915914]
 [ 0.54985905  0.15553491  0.147093  ]
 [ 0.6582619   0.16890824  0.19918522]
 [-0.01123525  0.0957417   0.22326687]
 [ 0.35990185  0.15878068  0.3211831 ]
 [ 0.24631399  0.42415053  0.04130235]
 [ 0.30060863  0.4558084   0.        ]
 [-0.07161735 -0.09049227  0.33736008]
 [-0.12986754 -0.190443    0.54098725]
 [ 0.00683143 -0.24362113  0.5757991 ]
 [-0.06590717 -0.22485062  0.64232504]
 [-0.12273325 -0.05432957  0.5650181 ]
 [ 0.05208781  0.1113461   0.5240725 ]
 [ 0.19672754  0.07190868  0.47312933]
 [-0.13458331 -0.2891962   0.45144534]
 [-0.15329298 -0.41616666  0.24475214]
 [ 0.12656075 -0.44046205  0.28282574]]
[[ 0.          0.          0.14678678]
 [ 0.00154205 -0.09040924  0.0926052 ]
 [ 0.36524928 -0.14230281  0.2162176 ]
 [ 0.5176299   0.22954008  0.10759383]
 [ 0.5919543   0.24868992  0.15565151]
 [-0.00163397  0.0904144   0.20096672]
 [ 0.3740802   0.12467556  0.2925669 ]
 [ 0.2709449   0.42561525  0.04157072]
 [ 0.3227147   0.44953725  0.        ]
 [-0.08019719 -0.1048705   0.30042613]
 [-0.15022466 -0.21814293  0.5077199 ]
 [-0.01617203 -0.2753772   0.54314923]
 [-0.09617573 -0.25901067  0.60814965]
 [-0.11498126 -0.08427045  0.5284306 ]
 [ 0.07809505  0.05576658  0.4963129 ]
 [ 0.18519944  0.01463202  0.437097  ]
 [-0.17471084 -0.3133741   0.41663393]
 [-0.2220113  -0.40151578  0.19833073]
 [-0.02015945 -0.52381194  0.17561013]]
[[ 0.          0.          0.1504553 ]
 [-0.00572874 -0.08512905  0.08659635]
 [ 0.3538641  -0.14550874  0.17195135]
 [ 0.4590421   0.24365243  0.06470576]
 [ 0.53126705  0.23986085  0.12642223]
 [ 0.0056397   0.08511171  0.2143184 ]
 [ 0.37586346  0.07391129  0.284905  ]
 [ 0.2838996   0.39183992  0.04332256]
 [ 0.3354143   0.4094651   0.        ]
 [-0.08530466 -0.10761397  0.30270302]
 [-0.15949629 -0.22310163  0.5087615 ]
 [-0.03110255 -0.28843963  0.5395367 ]
 [-0.10555549 -0.27950007  0.606699  ]
 [-0.10437065 -0.09845877  0.5286492 ]
 [ 0.06729577  0.01865509  0.48185205]
 [ 0.19642934 -0.00485954  0.421453  ]
 [-0.19920123 -0.30564505  0.41489938]
 [-0.2931474  -0.34573537  0.17395124]
 [-0.12512642 -0.5179938   0.15018219]]
[[ 0.          0.          0.12867889]
 [-0.02400569 -0.08061407  0.05778281]
 [ 0.31229988 -0.17180267  0.07260853]
 [ 0.43160236  0.26447466  0.00200298]
 [ 0.5052643   0.2387544   0.07120878]
 [ 0.02392812  0.08057156  0.19958578]
 [ 0.40560716  0.01833551  0.27017552]
 [ 0.36893705  0.32178047  0.05079287]
 [ 0.43043882  0.32192606  0.        ]
 [-0.0840835  -0.11185513  0.28230006]
 [-0.15962154 -0.24177782  0.48678342]
 [-0.04243555 -0.31587866  0.5206567 ]
 [-0.11506673 -0.2962255   0.5856487 ]
 [-0.08380444 -0.13328692  0.5114633 ]
 [ 0.07644689 -0.08792856  0.44747347]
 [ 0.18030927 -0.21834508  0.34971544]
 [-0.21921574 -0.30012473  0.38965634]
 [-0.29635733 -0.31242365  0.15123966]
 [-0.3123973  -0.47742763  0.05568191]]
[[ 0.          0.          0.158384  ]
 [-0.03409759 -0.07636827  0.08804911]
 [ 0.28882292 -0.1256336   0.06906402]
 [ 0.433104    0.3115637   0.        ]
 [ 0.5351425   0.26332954  0.09734842]
 [ 0.03400715  0.07630954  0.22872385]
 [ 0.39193904 -0.03333805  0.2961892 ]
 [ 0.42856365  0.1885139   0.08939871]
 [ 0.50292516  0.16525787  0.05411243]
 [-0.08343833 -0.11504561  0.3085099 ]
 [-0.16133082 -0.25066462  0.5142348 ]
 [-0.06244256 -0.32575333  0.55072606]
 [-0.12625949 -0.30508024  0.6129092 ]
 [-0.07242574 -0.1509918   0.53702056]
 [ 0.09002811 -0.14822733  0.46886024]
 [ 0.18023944 -0.30344975  0.36151326]
 [-0.23482428 -0.29659548  0.41755763]
 [-0.34498823 -0.26148182  0.16859704]
 [-0.29940543 -0.44837034  0.08269927]]
[[ 0.          0.          0.19656803]
 [-0.0461996  -0.07050326  0.12289311]
 [ 0.24706823 -0.12361871  0.06046756]
 [ 0.36703417  0.3227049   0.        ]
 [ 0.43510953  0.28048745  0.10525416]
 [ 0.04609363  0.07041029  0.2702429 ]
 [ 0.3796241  -0.0812463   0.32152805]
 [ 0.43774784  0.08317611  0.11750896]
 [ 0.52478105  0.03882939  0.07643994]
 [-0.08687429 -0.11416691  0.35355282]
 [-0.17337742 -0.250148    0.56234384]
 [-0.08454119 -0.32719335  0.6073717 ]
 [-0.14113697 -0.29446363  0.66337234]
 [-0.06920382 -0.16522576  0.5852186 ]
 [ 0.07479249 -0.2054731   0.51252675]
 [ 0.16976869 -0.3807438   0.39779615]
 [-0.26095426 -0.28081745  0.46729577]
 [-0.38183236 -0.23310035  0.22135939]
 [-0.41581562 -0.4012467   0.09221752]]
[[ 0.          0.          0.22118214]
 [-0.05285656 -0.06404797  0.15103316]
 [ 0.19871166 -0.12955603  0.05033456]
 [ 0.26676413  0.33486283  0.        ]
 [ 0.32839805  0.28087386  0.09167126]
 [ 0.05274193  0.06391637  0.29133165]
 [ 0.34356314 -0.1406659   0.35302526]
 [ 0.4363351   0.02222618  0.14485195]
 [ 0.5432775  -0.01947075  0.09160994]
 [-0.0927607  -0.10668387  0.38356   ]
 [-0.18257263 -0.23168434  0.59789646]
 [-0.11086673 -0.31523973  0.64543796]
 [-0.15576777 -0.26564792  0.69720805]
 [-0.06665532 -0.16249779  0.6176975 ]
 [ 0.0640142  -0.22412096  0.5384133 ]
 [ 0.15985349 -0.38365582  0.4274736 ]
 [-0.27819327 -0.2557698   0.5072123 ]
 [-0.40250003 -0.207454    0.26098904]
 [-0.47371316 -0.35589558  0.1031833 ]]
[[ 0.          0.          0.23418486]
 [-0.06413222 -0.05885573  0.16786663]
 [ 0.11815411 -0.14896166  0.        ]
 [ 0.22501886  0.32865846  0.01602551]
 [ 0.24676561  0.2724972   0.07973514]
 [ 0.06400374  0.05869873  0.3004979 ]
 [ 0.29186946 -0.1909016   0.37572616]
 [ 0.428591   -0.0530673   0.1396242 ]
 [ 0.5491935  -0.11347362  0.09346637]
 [-0.09066951 -0.08286351  0.40817943]
 [-0.18151012 -0.19139284  0.6342244 ]
 [-0.1404318  -0.28144538  0.6866819 ]
 [-0.16140011 -0.2156958   0.7362371 ]
 [-0.05561251 -0.14727312  0.6476407 ]
 [ 0.060669   -0.24207264  0.55967057]
 [ 0.15285331 -0.45309713  0.44867352]
 [-0.28830308 -0.20722732  0.54729974]
 [-0.42345348 -0.15979171  0.30811498]
 [-0.5186478  -0.2681579   0.11975014]]
[[ 0.          0.          0.25442964]
 [-0.07413973 -0.05134206  0.19629918]
 [ 0.05316439 -0.14727089  0.        ]
 [ 0.19005439  0.33203092  0.00701684]
 [ 0.25723106  0.26833555  0.01527902]
 [ 0.07399851  0.0511611   0.3125748 ]
 [ 0.24122554 -0.23233038  0.4077829 ]
 [ 0.3933544  -0.18515998  0.12771748]
 [ 0.5173527  -0.2713958   0.10398859]
 [-0.09166053 -0.07200886  0.42996368]
 [-0.18754835 -0.17539054  0.6582476 ]
 [-0.17360693 -0.2680565   0.708076  ]
 [-0.17446911 -0.19439617  0.76005495]
 [-0.05841166 -0.14904398  0.6656505 ]
 [ 0.06507184 -0.2752334   0.5741941 ]
 [ 0.14091808 -0.48060402  0.45957157]
 [-0.29494876 -0.17281623  0.57258666]
 [-0.43544677 -0.10019726  0.33468893]
 [-0.53800356 -0.20086756  0.1464676 ]]
[[ 0.          0.          0.28630686]
 [-0.07894384 -0.04223744  0.23358595]
 [ 0.01239882 -0.12501544  0.        ]
 [ 0.16248502  0.37620518  0.03727517]
 [ 0.20993686  0.30715892  0.05874217]
 [ 0.07879671  0.04206371  0.3390485 ]
 [ 0.20234385 -0.25403735  0.4257139 ]
 [ 0.37087512 -0.20807925  0.12867787]
 [ 0.48170686 -0.3030952   0.10420319]
 [-0.09432431 -0.06784467  0.4659619 ]
 [-0.19026516 -0.16341409  0.698178  ]
 [-0.19396538 -0.25588828  0.75219536]
 [-0.18361948 -0.17728615  0.80453265]
 [-0.05817249 -0.14648715  0.700483  ]
 [ 0.05747616 -0.2811819   0.60907215]
 [ 0.12856159 -0.48591977  0.5004122 ]
 [-0.29882708 -0.15097508  0.6145034 ]
 [-0.4409094  -0.08330497  0.37816694]
 [-0.54943615 -0.16698435  0.17668423]]
[[ 0.          0.          0.31003603]
 [-0.08361942 -0.03945395  0.26211625]
 [-0.01363596 -0.11625764  0.02045456]
 [ 0.12845401  0.37016803  0.        ]
 [ 0.16260532  0.30727944  0.00368956]
 [ 0.08346337  0.03926179  0.35796526]
 [ 0.18081203 -0.2709005   0.448969  ]
 [ 0.34396353 -0.2830441   0.14024365]
 [ 0.45816636 -0.38279307  0.11208302]
 [-0.0929198  -0.05146939  0.49233758]
 [-0.18901527 -0.13706797  0.7273948 ]
 [-0.20867482 -0.22790235  0.78111315]
 [-0.18894891 -0.14460695  0.8321121 ]
 [-0.05494398 -0.13126662  0.7281205 ]
 [ 0.05412616 -0.29867336  0.633242  ]
 [ 0.12545034 -0.5121037   0.5289484 ]
 [-0.3013958  -0.11724891  0.6452662 ]
 [-0.44682845 -0.05261974  0.4115922 ]
 [-0.5604868  -0.12631011  0.20514387]]
