[[ 0.          0.          0.7903421 ]
 [ 0.0300955  -0.11502951  0.7811109 ]
 [ 0.10856643  0.0514906   0.41016117]
 [-0.11451846  0.02528059  0.06777352]
 [-0.00284522  0.11394852  0.        ]
 [-0.0302242   0.11481599  0.79949886]
 [ 0.24410914  0.1750954   0.45779616]
 [-0.12616943 -0.01157668  0.52240133]
 [-0.13597973  0.0159741   0.41872978]
 [ 0.10671677  0.03349768  0.9802637 ]
 [ 0.22886223  0.07864153  1.210171  ]
 [ 0.32402363  0.04249385  1.2604642 ]
 [ 0.2617383   0.0130046   1.317111  ]
 [ 0.13697946  0.19003382  1.1658068 ]
 [-0.00436071  0.27681863  0.98245776]
 [ 0.12298182  0.3838772   0.8294407 ]
 [ 0.26461837 -0.05200088  1.1669292 ]
 [ 0.24128973 -0.13562682  0.9270084 ]
 [ 0.34028023  0.01538241  0.76758325]]
[[ 0.          0.          0.7409851 ]
 [ 0.03309438 -0.10592708  0.7256181 ]
 [ 0.02512291  0.05733338  0.3328677 ]
 [-0.22428876  0.03674018  0.09428895]
 [-0.14146054  0.14232564  0.        ]
 [-0.03320403  0.10570794  0.756267  ]
 [ 0.28776208  0.1582571   0.49619237]
 [-0.02855013 -0.01621613  0.32844085]
 [ 0.01904959  0.01775596  0.24568552]
 [ 0.09788461  0.03029525  0.9385666 ]
 [ 0.21689254  0.08679533  1.1709323 ]
 [ 0.31293592  0.06140465  1.2078204 ]
 [ 0.25889984  0.04307419  1.2715743 ]
 [ 0.11871576  0.19116452  1.1311529 ]
 [-0.07534692  0.26883683  1.0105871 ]
 [ 0.01035497  0.3648486   0.8086455 ]
 [ 0.26768655 -0.04784292  1.1446159 ]
 [ 0.25611883 -0.1723617   0.91288626]
 [ 0.36125034  0.02091423  0.8098246 ]]
[[ 0.          0.          0.63825315]
 [ 0.04358105 -0.10056911  0.6197015 ]
 [-0.10218992 -0.01571184  0.21641573]
 [-0.4246044  -0.06187588  0.10100043]
 [-0.40965298  0.05077487  0.00837064]
 [-0.04364308  0.10039992  0.6567118 ]
 [ 0.29497075  0.19498692  0.43925214]
 [ 0.16097121  0.08486307  0.04822296]
 [ 0.29121876  0.12886232  0.        ]
 [ 0.07709496  0.02458543  0.8489547 ]
 [ 0.1766498   0.092089    1.08655   ]
 [ 0.26930612  0.07864603  1.1133325 ]
 [ 0.22133741  0.07281291  1.1752514 ]
 [ 0.06958709  0.18617815  1.0514051 ]
 [-0.15626281  0.26013082  1.005769  ]
 [-0.1230965   0.33622536  0.7721492 ]
 [ 0.25690156 -0.04060882  1.0771413 ]
 [ 0.26337254 -0.2226929   0.8845086 ]
 [ 0.3717785   0.02528337  0.8457431 ]]
[[ 0.          0.          0.6677162 ]
 [ 0.04660503 -0.09380786  0.6502965 ]
 [-0.09610233 -0.02634811  0.24898112]
 [-0.46111575 -0.10255912  0.23439166]
 [-0.49758863 -0.00306347  0.1519174 ]
 [-0.0466841   0.09364397  0.68501914]
 [ 0.26822355  0.21068665  0.45612288]
 [ 0.18424296  0.14028859  0.0428322 ]
 [ 0.31147283  0.17980891  0.        ]
 [ 0.07091253  0.03058441  0.88068926]
 [ 0.1593308   0.09594703  1.1212257 ]
 [ 0.25258002  0.08562601  1.1550481 ]
 [ 0.20823893  0.08560526  1.2156998 ]
 [ 0.05824593  0.19141838  1.0752293 ]
 [-0.14383411  0.29023343  1.016514  ]
 [-0.10358059  0.37248516  0.7989586 ]
 [ 0.2405529  -0.03950337  1.1152343 ]
 [ 0.24455357 -0.22539371  0.92462957]
 [ 0.35150352  0.02234486  0.8877289 ]]
[[ 0.          0.          0.70845413]
 [ 0.04538058 -0.09426937  0.69158787]
 [-0.02544453 -0.05483967  0.28210646]
 [-0.44626024 -0.14574566  0.3623647 ]
 [-0.5401746  -0.06769398  0.3061874 ]
 [-0.04544967  0.09411205  0.72521424]
 [ 0.22506128  0.21929939  0.4621305 ]
 [ 0.17855746  0.21373859  0.0329746 ]
 [ 0.31311208  0.2540298   0.        ]
 [ 0.06760719  0.03751703  0.9192411 ]
 [ 0.15243055  0.10684961  1.1613592 ]
 [ 0.24248931  0.09510237  1.2036868 ]
 [ 0.19613087  0.0933758   1.2612866 ]
 [ 0.05838516  0.2020061   1.1027577 ]
 [-0.10435058  0.32489088  0.9975848 ]
 [-0.0311154   0.41480148  0.80991775]
 [ 0.23320194 -0.03320485  1.1560194 ]
 [ 0.18619683 -0.22129992  0.9879447 ]
 [ 0.30482703 -0.0233386   0.87480575]]
[[ 0.          0.          0.72261244]
 [ 0.04366209 -0.09361881  0.7065544 ]
 [ 0.04233896 -0.07446292  0.31338525]
 [-0.400361   -0.15111092  0.43346053]
 [-0.49643272 -0.07442206  0.38749233]
 [-0.04374965  0.09345323  0.73856956]
 [ 0.18274838  0.239207    0.460203  ]
 [ 0.12183189  0.25216082  0.0321061 ]
 [ 0.26055345  0.28822073  0.        ]
 [ 0.0664126   0.03687489  0.9313798 ]
 [ 0.14703263  0.10596561  1.1764085 ]
 [ 0.234452    0.08921415  1.2270689 ]
 [ 0.18250604  0.08299488  1.2832654 ]
 [ 0.05771628  0.19863701  1.1085078 ]
 [-0.0799388   0.29576176  0.9726167 ]
 [ 0.02830257  0.38136867  0.8213184 ]
 [ 0.22939119 -0.03361443  1.1718514 ]
 [ 0.17481062 -0.19878943  0.9908864 ]
 [ 0.25722635 -0.04191638  0.85163766]]
[[ 0.          0.          0.7560556 ]
 [ 0.04261882 -0.10272934  0.7409198 ]
 [ 0.14552784 -0.06603867  0.3896332 ]
 [-0.32637334 -0.09937112  0.4870485 ]
 [-0.40167916 -0.0227229   0.40760836]
 [-0.04271957  0.10251173  0.7710897 ]
 [ 0.11115275  0.1970493   0.4559365 ]
 [-0.03071962  0.1857233   0.04849362]
 [ 0.11234868  0.21990669  0.        ]
 [ 0.0626129   0.01852515  0.96881455]
 [ 0.13249657  0.07165062  1.2214689 ]
 [ 0.22437234  0.05305785  1.2782211 ]
 [ 0.16442719  0.04904747  1.3352137 ]
 [ 0.05830202  0.18392563  1.1502736 ]
 [ 0.01940101  0.33434922  1.0088698 ]
 [ 0.14673443  0.42471865  0.9087095 ]
 [ 0.20711824 -0.07196602  1.2165809 ]
 [ 0.12786444 -0.20901173  1.0794579 ]
 [ 0.18182293 -0.09705313  0.9616412 ]]
[[ 0.          0.          0.73137116]
 [ 0.03854157 -0.10881698  0.72318107]
 [ 0.3158802  -0.00839263  0.4985011 ]
 [-0.07953615 -0.0717015   0.36450288]
 [-0.06048001 -0.02922538  0.25725496]
 [-0.03861395  0.10860556  0.739506  ]
 [-0.0138129   0.26666075  0.38375735]
 [-0.2507552   0.2568001   0.08595991]
 [-0.15091899  0.32509547  0.        ]
 [ 0.05853601  0.01631239  0.9467603 ]
 [ 0.12600984  0.05067706  1.200025  ]
 [ 0.22346327  0.02928352  1.2598813 ]
 [ 0.16132775  0.02841514  1.3265533 ]
 [ 0.08137698  0.17984742  1.1341538 ]
 [ 0.1660273   0.31040174  0.9420864 ]
 [ 0.31011072  0.32755858  0.9966512 ]
 [ 0.16934168 -0.09165794  1.194449  ]
 [ 0.00246058 -0.17788395  1.2158103 ]
 [ 0.00253538 -0.17092639  1.1589496 ]]
[[ 0.00000000e+00  0.00000000e+00  6.35389328e-01]
 [ 2.38421038e-02 -1.11556888e-01  6.34026825e-01]
 [ 3.32696497e-01 -2.92707235e-02  4.43055391e-01]
 [ 1.67681292e-01 -1.04668558e-01  8.00650716e-02]
 [ 2.61346459e-01 -5.96965551e-02  1.75795555e-02]
 [-2.39418522e-02  1.11397326e-01  6.36731386e-01]
 [-1.11964256e-01  2.26809099e-01  2.69976407e-01]
 [-4.28871095e-01  1.92896128e-01  1.18050814e-01]
 [-3.95504475e-01  2.47125983e-01  0.00000000e+00]
 [ 4.91281562e-02 -2.15947628e-04  8.58763099e-01]
 [ 1.15175873e-01  1.52369142e-02  1.11392105e+00]
 [ 2.25378305e-01 -2.07374096e-02  1.16510046e+00]
 [ 1.61472440e-01  6.71482086e-03  1.22786999e+00]
 [ 1.13924667e-01  1.54306114e-01  1.05383587e+00]
 [ 2.70761013e-01  2.79011667e-01  8.98686469e-01]
 [ 3.06873143e-01  1.38428777e-01  1.02100873e+00]
 [ 1.03328019e-01 -1.36004448e-01  1.11190403e+00]
 [-4.13037464e-02 -2.84632385e-01  1.02068138e+00]
 [-2.32514646e-02 -1.75521359e-01  9.61820781e-01]]
[[ 0.00000000e+00  0.00000000e+00  6.34365380e-01]
 [ 2.31875181e-02 -1.11038618e-01  6.33206367e-01]
 [ 3.12980354e-01 -2.35931426e-02  4.19074535e-01]
 [ 2.90389895e-01 -6.54296875e-02  3.32236886e-02]
 [ 4.27959383e-01 -2.00911760e-02  0.00000000e+00]
 [-2.32694596e-02  1.10885769e-01  6.35503709e-01]
 [-1.33360878e-01  1.63493022e-01  2.38416106e-01]
 [-5.25666595e-01  2.46272385e-02  1.99213743e-01]
 [-5.45511007e-01  6.26438856e-02  1.00866675e-01]
 [ 4.83991913e-02 -2.93441117e-03  8.57858181e-01]
 [ 1.14368618e-01  5.06386161e-03  1.11266017e+00]
 [ 2.30768159e-01 -3.03162932e-02  1.16791821e+00]
 [ 1.57265559e-01  7.22289085e-04  1.23263097e+00]
 [ 1.12305373e-01  1.42718136e-01  1.05541646e+00]
 [ 2.75437713e-01  2.62164831e-01  8.95368099e-01]
 [ 2.89836645e-01  9.34974849e-02  1.01626849e+00]
 [ 9.78549272e-02 -1.39040023e-01  1.10209441e+00]
 [-3.72880027e-02 -2.88950562e-01  1.03326678e+00]
 [-1.63420290e-02 -2.17530638e-01  1.01188719e+00]]
[[ 0.          0.          0.64986295]
 [ 0.02142981 -0.10715663  0.6500838 ]
 [ 0.28608966  0.00371772  0.40554586]
 [ 0.28586346 -0.00960165  0.01087868]
 [ 0.41135538  0.04460078  0.        ]
 [-0.02153163  0.10699902  0.64963293]
 [-0.08667299  0.12823886  0.24143204]
 [-0.49751508 -0.09110969  0.2929253 ]
 [-0.5563683  -0.08484522  0.2419433 ]
 [ 0.05261634 -0.00551157  0.87042075]
 [ 0.12244269 -0.00353214  1.1238122 ]
 [ 0.23529956 -0.03449237  1.1866806 ]
 [ 0.16579112 -0.00814444  1.250988  ]
 [ 0.10588765  0.13049865  1.0636792 ]
 [ 0.2167445   0.25189638  0.86280453]
 [ 0.29167196  0.09510335  0.9357346 ]
 [ 0.1108505  -0.13913003  1.0964776 ]
 [ 0.02503392 -0.2876503   0.89218646]
 [ 0.12447192 -0.18475062  0.9076193 ]]
[[ 0.          0.          0.7000793 ]
 [ 0.03367791 -0.1107668   0.70264566]
 [ 0.25119784  0.04394487  0.44995716]
 [ 0.15117186  0.00887853  0.04183334]
 [ 0.27921796  0.06891179  0.        ]
 [-0.03377533  0.11056611  0.6974715 ]
 [ 0.03734821  0.1589799   0.301536  ]
 [-0.37736338 -0.05038659  0.41880566]
 [-0.44400573 -0.04633248  0.3877375 ]
 [ 0.06616409 -0.00245282  0.91795397]
 [ 0.14925268  0.00530845  1.1717473 ]
 [ 0.25537142 -0.02256912  1.2424655 ]
 [ 0.17993426 -0.0151096   1.2992024 ]
 [ 0.09609774  0.14290166  1.1068088 ]
 [ 0.15292425  0.30280873  0.91468424]
 [ 0.29503748  0.21770917  0.9364396 ]
 [ 0.15789272 -0.12850705  1.1439754 ]
 [ 0.04766303 -0.23308     0.9841091 ]
 [ 0.08970153 -0.11135012  0.87976784]]
[[ 0.          0.          0.73295426]
 [ 0.03104685 -0.10783599  0.73166436]
 [ 0.15809146  0.01777962  0.4451413 ]
 [ 0.01055047  0.00439072  0.05533552]
 [ 0.12307113  0.0672763   0.        ]
 [-0.03118256  0.10761175  0.7341671 ]
 [ 0.13906848  0.15293097  0.3905689 ]
 [-0.28071842 -0.06184481  0.4601444 ]
 [-0.33483276 -0.03841391  0.40636504]
 [ 0.06881295  0.00182074  0.9484937 ]
 [ 0.14685401  0.00391859  1.2045336 ]
 [ 0.2456016  -0.03347301  1.2769288 ]
 [ 0.17140147 -0.0239253   1.332463  ]
 [ 0.08542011  0.13519272  1.143097  ]
 [ 0.08294129  0.2939123   0.97365254]
 [ 0.23666748  0.29315358  0.9268903 ]
 [ 0.16376525 -0.12469095  1.1644288 ]
 [ 0.12148172 -0.22993027  0.95488346]
 [ 0.23883206 -0.05478218  0.8784988 ]]
[[ 0.          0.          0.7212257 ]
 [ 0.03537545 -0.10336125  0.71363294]
 [ 0.02638861  0.01557094  0.3761978 ]
 [-0.17370647  0.03225887  0.08636385]
 [-0.09107602  0.12668133  0.        ]
 [-0.0355262   0.10309646  0.7286903 ]
 [ 0.22335851  0.11360766  0.4725795 ]
 [-0.13910386 -0.05854046  0.3092582 ]
 [-0.11755614 -0.01577646  0.21355444]
 [ 0.07130858  0.01160547  0.9347875 ]
 [ 0.16042733  0.02719566  1.1886673 ]
 [ 0.25747207 -0.00335109  1.2474356 ]
 [ 0.19084331 -0.00137711  1.3144689 ]
 [ 0.07177144  0.14811844  1.1317694 ]
 [-0.03140441  0.3049321   1.0220809 ]
 [ 0.10196567  0.36830857  0.8862072 ]
 [ 0.202939   -0.10232526  1.1599858 ]
 [ 0.19814569 -0.21893437  0.947855  ]
 [ 0.30727994 -0.0189179   0.9083764 ]]
[[ 0.          0.          0.6444565 ]
 [ 0.03486141 -0.10663859  0.6258385 ]
 [-0.0773438  -0.0036675   0.25801557]
 [-0.37548158 -0.00964281  0.14198482]
 [-0.3703819   0.10404778  0.05155498]
 [-0.0349905   0.10638463  0.66293705]
 [ 0.25191498  0.14468019  0.44496122]
 [ 0.07930189  0.03925145  0.05675328]
 [ 0.19461124  0.06378156  0.        ]
 [ 0.05308753  0.00242628  0.864473  ]
 [ 0.12686469  0.0288533   1.1221931 ]
 [ 0.22472274  0.01038092  1.178837  ]
 [ 0.16682343  0.02584887  1.2485695 ]
 [ 0.03102313  0.14521551  1.0694319 ]
 [-0.1382548   0.2816474   1.0084853 ]
 [-0.07566923  0.30472848  0.803002  ]
 [ 0.19411641 -0.10788715  1.1046427 ]
 [ 0.21279436 -0.27389115  0.8929844 ]
 [ 0.30643    -0.03156154  0.91376495]]
[[ 0.          0.          0.68368757]
 [ 0.03914438 -0.09848565  0.6649157 ]
 [-0.0793937  -0.0429588   0.28048584]
 [-0.45514756 -0.105367    0.2728996 ]
 [-0.5095899  -0.00979385  0.19929704]
 [-0.03927302  0.09824137  0.70231885]
 [ 0.24012527  0.19225171  0.46607706]
 [ 0.15804033  0.13297749  0.04904157]
 [ 0.28138322  0.16774952  0.        ]
 [ 0.0472431   0.00653984  0.90239656]
 [ 0.10896411  0.03606686  1.1609703 ]
 [ 0.2050583   0.01729363  1.2288194 ]
 [ 0.14703517  0.02922839  1.2931726 ]
 [ 0.01986568  0.14726838  1.1027335 ]
 [-0.14042032  0.2840554   1.0234962 ]
 [-0.07347488  0.34006423  0.82082033]
 [ 0.18263413 -0.09651092  1.1408685 ]
 [ 0.21632949 -0.24152371  0.91257876]
 [ 0.29779255 -0.00234623  0.93103456]]
[[ 0.          0.          0.7252413 ]
 [ 0.03662902 -0.09707298  0.70728093]
 [-0.0217564  -0.05990782  0.31542557]
 [-0.4385333  -0.1454913   0.39842176]
 [-0.5446303  -0.05689758  0.34121278]
 [-0.0367521   0.09683798  0.7430627 ]
 [ 0.19602734  0.17997351  0.4668332 ]
 [ 0.11917098  0.13854277  0.04223716]
 [ 0.25200024  0.16919142  0.        ]
 [ 0.04681836  0.01399404  0.9422847 ]
 [ 0.10752939  0.04805982  1.2016046 ]
 [ 0.20229638  0.02737445  1.280535  ]
 [ 0.14008656  0.03469628  1.3354225 ]
 [ 0.02683241  0.16389036  1.1345282 ]
 [-0.09694204  0.32268173  1.0200967 ]
 [-0.00627978  0.37470984  0.8320615 ]
 [ 0.17547235 -0.091407    1.1816428 ]
 [ 0.16304368 -0.24822626  0.963491  ]
 [ 0.25928414 -0.04737474  0.91805685]]
[[ 0.          0.          0.7490933 ]
 [ 0.03541449 -0.10199022  0.73250324]
 [ 0.06648453 -0.08137739  0.3508309 ]
 [-0.3706512  -0.15362835  0.457452  ]
 [-0.46830136 -0.07141823  0.40392512]
 [-0.03553309  0.10176083  0.7655532 ]
 [ 0.14851393  0.18885767  0.46451038]
 [ 0.03315762  0.14887303  0.04570979]
 [ 0.17316495  0.17656851  0.        ]
 [ 0.05120824  0.01859055  0.9653387 ]
 [ 0.11183137  0.05440706  1.2251652 ]
 [ 0.20581841  0.03379875  1.3086736 ]
 [ 0.14009166  0.04135072  1.3613012 ]
 [ 0.03797769  0.17163864  1.1498306 ]
 [-0.04025477  0.3230905   1.0026972 ]
 [ 0.09747613  0.39038113  0.86233306]
 [ 0.17636696 -0.08944863  1.206789  ]
 [ 0.12883213 -0.24292667  1.0056503 ]
 [ 0.21353716 -0.0748532   0.90113753]]
[[ 0.          0.          0.7616852 ]
 [ 0.03585599 -0.11158093  0.7470634 ]
 [ 0.18185705 -0.08236706  0.4121186 ]
 [-0.27699012 -0.13460432  0.46879083]
 [-0.33361626 -0.06133834  0.35715798]
 [-0.035996    0.11131789  0.7761867 ]
 [ 0.09185904  0.1929042   0.45332906]
 [-0.10294113  0.11086112  0.0667181 ]
 [ 0.01953222  0.16438138  0.        ]
 [ 0.05317206  0.0159591   0.98016125]
 [ 0.10871144  0.05006778  1.2416844 ]
 [ 0.20109889  0.0264079   1.3253039 ]
 [ 0.1284073   0.02884042  1.3810122 ]
 [ 0.04732607  0.17752874  1.1625097 ]
 [ 0.04936901  0.32103357  0.98999757]
 [ 0.18306229  0.3312791   0.90610063]
 [ 0.1671479  -0.09721527  1.224511  ]
 [ 0.09904696 -0.24040237  1.020286  ]
 [ 0.14491972 -0.1214465   0.893262  ]]
[[ 0.          0.          0.7262701 ]
 [ 0.02511196 -0.11252286  0.71626234]
 [ 0.34292346 -0.02999762  0.4864245 ]
 [-0.01126429 -0.11249435  0.2933272 ]
 [ 0.04300486 -0.07386971  0.18658268]
 [-0.02525219  0.11228164  0.736207  ]
 [-0.03917567  0.20579131  0.35627767]
 [-0.3157574   0.14499599  0.09303486]
 [-0.24525893  0.20949948  0.        ]
 [ 0.05646416  0.01570871  0.9466606 ]
 [ 0.11438822  0.04326689  1.2078142 ]
 [ 0.21278597  0.01876646  1.2884057 ]
 [ 0.13767132  0.03228456  1.352375  ]
 [ 0.08622236  0.18055362  1.1300144 ]
 [ 0.19397749  0.3098567   0.94189644]
 [ 0.308619    0.24101923  0.98789454]
 [ 0.13822432 -0.10926294  1.1948017 ]
 [-0.013902   -0.23636587  1.0571861 ]
 [ 0.0046868  -0.17448469  0.9893675 ]]
[[ 0.          0.          0.6493831 ]
 [ 0.01451907 -0.11404377  0.6447649 ]
 [ 0.31937125 -0.05610237  0.4255265 ]
 [ 0.20203325 -0.11865574  0.05509436]
 [ 0.33428076 -0.07989883  0.01095092]
 [-0.01466486  0.11385262  0.6539787 ]
 [-0.15019524  0.16590649  0.2686452 ]
 [-0.47406536  0.10566565  0.10893327]
 [-0.46253186  0.16462606  0.        ]
 [ 0.04120169  0.00792034  0.8751313 ]
 [ 0.08966319  0.01855353  1.1354442 ]
 [ 0.19520375 -0.02121562  1.2121933 ]
 [ 0.12125854  0.00188667  1.2783248 ]
 [ 0.09430925  0.15704629  1.0715098 ]
 [ 0.2583238   0.25927228  0.8952758 ]
 [ 0.29133213  0.1045697   1.0140336 ]
 [ 0.07443266 -0.13113686  1.1170115 ]
 [-0.067274   -0.29489022  0.99026316]
 [ 0.02446652 -0.21157402  0.9960093 ]]
[[ 0.          0.          0.6339005 ]
 [ 0.00917484 -0.1075524   0.6318001 ]
 [ 0.28751552 -0.04275173  0.382286  ]
 [ 0.317655   -0.05233437  0.00468421]
 [ 0.46415287 -0.0094915   0.        ]
 [-0.00933025  0.10738009  0.63598275]
 [-0.1371857   0.12647319  0.22839129]
 [-0.5425099  -0.02092788  0.18066245]
 [-0.582981    0.0112721   0.10659528]
 [ 0.03351721  0.00155263  0.8595511 ]
 [ 0.07541595  0.00319493  1.1182773 ]
 [ 0.18580262 -0.03576893  1.2007638 ]
 [ 0.11223217  0.00177056  1.2579122 ]
 [ 0.0894064   0.13340157  1.0575811 ]
 [ 0.24886313  0.21333256  0.86527574]
 [ 0.2587253   0.03332058  0.9746839 ]
 [ 0.05510997 -0.13216019  1.0892427 ]
 [ 0.01239593 -0.27704614  0.87792075]
 [ 0.11111966 -0.17586544  0.934008  ]]
[[ 0.          0.          0.6433061 ]
 [ 0.01358995 -0.10703017  0.644224  ]
 [ 0.2806977   0.01113406  0.38184297]
 [ 0.29280674  0.02128696  0.        ]
 [ 0.44251043  0.06515783  0.00259382]
 [-0.01371789  0.10685093  0.6423696 ]
 [-0.08374222  0.10200867  0.22965956]
 [-0.4951699  -0.09960797  0.26295546]
 [-0.5623712  -0.08391938  0.21463326]
 [ 0.04150757 -0.00271747  0.8685353 ]
 [ 0.09456998 -0.00525957  1.1264474 ]
 [ 0.20197211 -0.04107016  1.2100596 ]
 [ 0.12211538 -0.00754339  1.2701457 ]
 [ 0.08910322  0.12668687  1.0579996 ]
 [ 0.20907556  0.24160065  0.85199916]
 [ 0.28406706  0.07029074  0.92386484]
 [ 0.07718684 -0.13519782  1.0978289 ]
 [-0.01015823 -0.26337615  0.8875617 ]
 [ 0.06382489 -0.1846034   0.8538759 ]]
[[ 0.          0.          0.71138084]
 [ 0.02220142 -0.10860403  0.71398556]
 [ 0.23053685  0.01241314  0.43686798]
 [ 0.13888836 -0.01150215  0.03353345]
 [ 0.26924652  0.03869784  0.        ]
 [-0.02234926  0.10839658  0.7087275 ]
 [ 0.03723426  0.10722962  0.3068207 ]
 [-0.39111018 -0.0875749   0.37186664]
 [-0.46611512 -0.07528704  0.3287326 ]
 [ 0.05291616 -0.00269605  0.9341519 ]
 [ 0.11410893 -0.00444067  1.1932935 ]
 [ 0.21324718 -0.03614014  1.285934  ]
 [ 0.13341323 -0.01382995  1.3353426 ]
 [ 0.08070317  0.13318974  1.1237859 ]
 [ 0.15113696  0.2685197   0.91324925]
 [ 0.26282707  0.12000789  0.9247467 ]
 [ 0.11378855 -0.13674223  1.1616087 ]
 [ 0.04022077 -0.25834203  0.9399804 ]
 [ 0.14817517 -0.13450958  0.85117435]]
[[ 0.0000000e+00  0.0000000e+00  7.5233191e-01]
 [ 2.0946018e-02 -1.0403719e-01  7.5199288e-01]
 [ 1.4441109e-01 -8.7178051e-03  4.2785984e-01]
 [ 2.8880809e-02  3.4288764e-03  5.0580919e-02]
 [ 1.5602677e-01  5.7781100e-02  0.0000000e+00]
 [-2.1107011e-02  1.0380615e-01  7.5259030e-01]
 [ 1.4925697e-01  1.1573428e-01  3.9997935e-01]
 [-2.8864768e-01 -6.9832742e-02  4.2200854e-01]
 [-3.3732843e-01 -4.3748528e-02  3.3221355e-01]
 [ 5.9815571e-02 -3.6673248e-04  9.7274995e-01]
 [ 1.2257977e-01 -5.7768524e-03  1.2328331e+00]
 [ 2.1662334e-01 -3.9619446e-02  1.3218228e+00]
 [ 1.4001556e-01 -1.6832829e-02  1.3738670e+00]
 [ 7.5997524e-02  1.2667960e-01  1.1623312e+00]
 [ 8.4768072e-02  2.6863265e-01  9.7770464e-01]
 [ 2.4173799e-01  2.3108001e-01  9.1065693e-01]
 [ 1.3351771e-01 -1.3411790e-01  1.1957676e+00]
 [ 9.5329121e-02 -2.4895194e-01  9.6768200e-01]
 [ 2.0313543e-01 -1.2117818e-01  8.8704824e-01]]
[[ 0.0000000e+00  0.0000000e+00  7.1079367e-01]
 [ 1.9993801e-02 -1.0911046e-01  6.9895035e-01]
 [ 2.4232123e-02  1.8614858e-02  3.4910190e-01]
 [-1.5587446e-01  8.1218183e-02  8.7990463e-02]
 [-7.1351573e-02  1.7025042e-01  0.0000000e+00]
 [-2.0180956e-02  1.0883922e-01  7.2251159e-01]
 [ 2.4723524e-01  8.8110536e-02  4.7175568e-01]
 [-9.9484958e-02 -6.9646627e-02  2.3260361e-01]
 [-5.8141522e-02 -5.1316500e-02  1.3894719e-01]
 [ 5.5429786e-02 -1.0626614e-03  9.3086296e-01]
 [ 1.2389877e-01  3.3956766e-04  1.1911420e+00]
 [ 2.1693602e-01 -2.8694093e-02  1.2777332e+00]
 [ 1.4458269e-01 -1.5224278e-02  1.3305279e+00]
 [ 5.5732124e-02  1.3096401e-01  1.1252058e+00]
 [-4.0606439e-02  3.0016446e-01  9.9633485e-01]
 [ 1.0827711e-01  2.9664055e-01  8.4093785e-01]
 [ 1.6102293e-01 -1.3441634e-01  1.1648420e+00]
 [ 1.7063484e-01 -2.4395706e-01  9.1931105e-01]
 [ 2.9239336e-01 -3.7792325e-02  9.0738380e-01]]
[[ 0.00000000e+00  0.00000000e+00  6.69434786e-01]
 [ 2.08628103e-02 -1.10256828e-01  6.52216315e-01]
 [-6.39419258e-02 -1.36088133e-02  2.73980081e-01]
 [-3.69998217e-01  9.37992334e-03  1.61770582e-01]
 [-3.61510038e-01  1.16775513e-01  6.44171834e-02]
 [-2.10251287e-02  1.09985419e-01  6.86507463e-01]
 [ 2.75416017e-01  1.14747748e-01  4.54754680e-01]
 [ 1.09544575e-01  5.41567802e-04  6.45183921e-02]
 [ 2.26338744e-01  1.36172771e-02  0.00000000e+00]
 [ 4.84356955e-02 -6.47574663e-04  8.92165899e-01]
 [ 1.07646197e-01  1.50469542e-02  1.15295792e+00]
 [ 2.04761088e-01 -6.67631626e-03  1.24172449e+00]
 [ 1.37371078e-01  9.60642099e-03  1.29479861e+00]
 [ 3.26607898e-02  1.45116299e-01  1.08833325e+00]
 [-1.18650526e-01  3.04172575e-01  9.94626760e-01]
 [-3.27497721e-03  3.10126573e-01  7.96930194e-01]
 [ 1.64191365e-01 -1.27577603e-01  1.13550043e+00]
 [ 1.82085335e-01 -2.70848691e-01  9.01288152e-01]
 [ 2.87550628e-01 -4.57688272e-02  9.02993917e-01]]
[[ 0.          0.          0.6952814 ]
 [ 0.02510207 -0.10401234  0.67851585]
 [-0.06026688 -0.0512923   0.2869187 ]
 [-0.4293868  -0.06284148  0.27933416]
 [-0.47677273  0.03433189  0.19388264]
 [-0.02524236  0.10375547  0.7118972 ]
 [ 0.2585215   0.14387679  0.46208802]
 [ 0.16731104  0.06148601  0.05049956]
 [ 0.3011744   0.08305728  0.        ]
 [ 0.04645766  0.00799319  0.9162216 ]
 [ 0.10103507  0.03092393  1.1764033 ]
 [ 0.1952102   0.01203841  1.2720866 ]
 [ 0.12701146  0.01964396  1.3201947 ]
 [ 0.02804384  0.1555224   1.1060681 ]
 [-0.1083259   0.31589615  0.9952852 ]
 [ 0.02358113  0.35997853  0.80711055]
 [ 0.15988497 -0.11295938  1.1602211 ]
 [ 0.1581797  -0.27378058  0.9479657 ]
 [ 0.2655009  -0.05773316  0.8956721 ]]
[[ 0.          0.          0.7274183 ]
 [ 0.02719248 -0.09981827  0.7112353 ]
 [ 0.00438174 -0.06894037  0.32055688]
 [-0.40169984 -0.09584716  0.39098454]
 [-0.49385473 -0.0034602   0.31834847]
 [-0.0273222   0.09957828  0.74346226]
 [ 0.21912906  0.15132165  0.4667855 ]
 [ 0.12724495  0.08442736  0.0483222 ]
 [ 0.26333526  0.11170787  0.        ]
 [ 0.0441865   0.01318407  0.9470529 ]
 [ 0.09746358  0.04154468  1.2071669 ]
 [ 0.18553495  0.02286774  1.3065451 ]
 [ 0.11493398  0.02816826  1.3512305 ]
 [ 0.03341949  0.16643173  1.1289203 ]
 [-0.05742487  0.34950054  0.98394704]
 [ 0.09681633  0.39550936  0.8214493 ]
 [ 0.15352173 -0.10393265  1.1921467 ]
 [ 0.11229154 -0.25553155  0.9941431 ]
 [ 0.22497529 -0.08553775  0.8727195 ]]
[[ 0.          0.          0.75114053]
 [ 0.02719636 -0.10417013  0.73590916]
 [ 0.08100539 -0.08176434  0.3645923 ]
 [-0.350636   -0.10925579  0.43793282]
 [-0.4341858  -0.02155778  0.3571218 ]
 [-0.02732763  0.10392726  0.76623976]
 [ 0.16666575  0.14426331  0.4582802 ]
 [ 0.02966352  0.07599801  0.0491854 ]
 [ 0.16949846  0.09599316  0.        ]
 [ 0.04379778  0.01400633  0.97013205]
 [ 0.09268523  0.04553103  1.2318774 ]
 [ 0.17877057  0.02289742  1.3315156 ]
 [ 0.1063792   0.02730423  1.3769912 ]
 [ 0.03389232  0.16887474  1.1472541 ]
 [-0.01283322  0.3383586   0.97777516]
 [ 0.16002299  0.37130725  0.86046934]
 [ 0.15076183 -0.09890574  1.2153587 ]
 [ 0.10940894 -0.23023337  0.9963217 ]
 [ 0.21307823 -0.07238543  0.8699715 ]]
[[ 0.          0.          0.7600798 ]
 [ 0.02594173 -0.11292228  0.74952924]
 [ 0.2382836  -0.05699238  0.44586504]
 [-0.20563182 -0.09341472  0.44418484]
 [-0.2384355  -0.02093932  0.32568884]
 [-0.02608703  0.11265378  0.7705251 ]
 [ 0.07317765  0.1344499   0.4224643 ]
 [-0.1510148   0.05122203  0.05751866]
 [-0.04168931  0.09119004  0.        ]
 [ 0.0439516   0.0190134   0.98053694]
 [ 0.08867624  0.04942265  1.2426641 ]
 [ 0.1794613   0.02181166  1.3415627 ]
 [ 0.0984763   0.03160501  1.390363  ]
 [ 0.05215435  0.18157214  1.1559236 ]
 [ 0.0973098   0.33414215  0.9658435 ]
 [ 0.25796482  0.31425953  0.9322942 ]
 [ 0.13241461 -0.10016829  1.2297443 ]
 [ 0.06216177 -0.23928298  1.0290923 ]
 [ 0.14555457 -0.10276385  0.902048  ]]
[[ 0.          0.          0.66969985]
 [ 0.01090249 -0.11093317  0.66954696]
 [ 0.33139378 -0.08189073  0.4462089 ]
 [ 0.07550465 -0.160963    0.15280193]
 [ 0.17743315 -0.12208951  0.06457466]
 [-0.0110728   0.11072496  0.66982216]
 [-0.08969295  0.12500149  0.2778131 ]
 [-0.4051699   0.08545524  0.06909198]
 [-0.37913775  0.14312196  0.        ]
 [ 0.03899182  0.01353665  0.89516026]
 [ 0.07610442  0.03290454  1.156353  ]
 [ 0.17220835 -0.00535488  1.251317  ]
 [ 0.09138094  0.02777815  1.3050611 ]
 [ 0.08434893  0.16615868  1.0772064 ]
 [ 0.2420508   0.2553571   0.8928306 ]
 [ 0.31188518  0.13320917  0.9882384 ]
 [ 0.07755461 -0.11544475  1.1437526 ]
 [ 0.01265699 -0.23813392  0.93008435]
 [ 0.11657754 -0.08117844  0.91880757]]
[[ 0.          0.          0.6163934 ]
 [ 0.00616548 -0.10801832  0.61916906]
 [ 0.30486536 -0.06429937  0.3973233 ]
 [ 0.25034124 -0.05579686  0.03491801]
 [ 0.39896268 -0.01270813  0.00241101]
 [-0.00634127  0.10784903  0.6135994 ]
 [-0.13824713  0.11926934  0.22991759]
 [-0.49252903  0.04493374  0.08704382]
 [-0.49960297  0.09898782  0.        ]
 [ 0.02960091  0.01380353  0.8424213 ]
 [ 0.06040437  0.02785316  1.1029246 ]
 [ 0.15946345 -0.02153808  1.1946416 ]
 [ 0.08185628  0.02110785  1.249248  ]
 [ 0.0896537   0.15837127  1.0328648 ]
 [ 0.28531867  0.22967696  0.86196387]
 [ 0.28202528  0.06831193  0.98495734]
 [ 0.03697444 -0.11819586  1.0826826 ]
 [ 0.00293366 -0.26142982  0.8670498 ]
 [ 0.0678249  -0.18706875  0.9031681 ]]
[[ 0.          0.          0.60575473]
 [ 0.01083581 -0.10100182  0.6106838 ]
 [ 0.2971992  -0.03039554  0.37294924]
 [ 0.30642417 -0.00454378  0.00192213]
 [ 0.45596746  0.04637897  0.        ]
 [-0.01098438  0.10084184  0.6008192 ]
 [-0.11268284  0.07434544  0.19575879]
 [-0.5332766  -0.05671924  0.14478219]
 [-0.5798383  -0.02700818  0.09381688]
 [ 0.03107549  0.00847118  0.83109367]
 [ 0.06779236  0.01475999  1.0904641 ]
 [ 0.16874403 -0.03197843  1.1800958 ]
 [ 0.09517851  0.00754273  1.2360009 ]
 [ 0.08219266  0.14277542  1.0174901 ]
 [ 0.26014245  0.2141734   0.83115715]
 [ 0.2751401   0.03952342  0.94024605]
 [ 0.05001415 -0.12039605  1.0677768 ]
 [ 0.00526599 -0.24406548  0.83845776]
 [ 0.06593242 -0.16214754  0.85415924]]
[[ 0.          0.          0.6572869 ]
 [ 0.01784297 -0.10212127  0.66558564]
 [ 0.28466314  0.020165    0.41624886]
 [ 0.26121277  0.02969986  0.03337336]
 [ 0.42234927  0.08578283  0.        ]
 [-0.0179678   0.10194039  0.64897513]
 [-0.0570799   0.05449855  0.24405384]
 [-0.49578217 -0.11853623  0.27922907]
 [-0.57503176 -0.10258856  0.2430132 ]
 [ 0.03863619  0.0064131   0.88152266]
 [ 0.08125892  0.00381401  1.1420658 ]
 [ 0.18287376 -0.03405786  1.2375643 ]
 [ 0.09979661  0.00378597  1.2885203 ]
 [ 0.07731065  0.13688952  1.0654405 ]
 [ 0.20533809  0.23421976  0.85444194]
 [ 0.30918407  0.08874041  0.93197334]
 [ 0.0686169  -0.13010988  1.1147438 ]
 [-0.01330069 -0.23227154  0.87955546]
 [ 0.04464755 -0.18689093  0.78971124]]
[[ 0.          0.          0.6898893 ]
 [ 0.01837981 -0.10347511  0.69709426]
 [ 0.22552997  0.02078418  0.43669534]
 [ 0.11632797  0.01101017  0.04769695]
 [ 0.26406142  0.05656064  0.        ]
 [-0.01853687  0.10326661  0.6826408 ]
 [ 0.05608601  0.063968    0.30123007]
 [-0.4054188  -0.10843432  0.37131655]
 [-0.4851712  -0.10640931  0.33123457]
 [ 0.04734375 -0.00167114  0.9111892 ]
 [ 0.09794308 -0.00670826  1.1730748 ]
 [ 0.18997578 -0.04469901  1.2700635 ]
 [ 0.1077137  -0.01459455  1.3160212 ]
 [ 0.07234466  0.1336304   1.093313  ]
 [ 0.1510051   0.26798427  0.8900373 ]
 [ 0.288316    0.13899851  0.9036796 ]
 [ 0.09462146 -0.14236367  1.1444924 ]
 [ 0.03080061 -0.251501    0.908898  ]
 [ 0.13076958 -0.16290823  0.82027566]]
[[ 0.          0.          0.6963141 ]
 [ 0.01813417 -0.10268113  0.6996521 ]
 [ 0.10627012 -0.01469928  0.39445114]
 [-0.03706428  0.00375026  0.05945539]
 [ 0.08611706  0.05383521  0.        ]
 [-0.0183008   0.10243022  0.6928835 ]
 [ 0.1936506   0.08334382  0.39087877]
 [-0.25660563 -0.07207802  0.368953  ]
 [-0.29859272 -0.04770404  0.2786358 ]
 [ 0.0540176   0.00283659  0.9164392 ]
 [ 0.1108399  -0.0014801   1.1767797 ]
 [ 0.19574222 -0.03892988  1.2696759 ]
 [ 0.1178388  -0.01679754  1.316385  ]
 [ 0.06802924  0.13459289  1.0994375 ]
 [ 0.08697117  0.2960962   0.92942524]
 [ 0.26023397  0.2586927   0.8826268 ]
 [ 0.12229067 -0.13426194  1.1472323 ]
 [ 0.09750688 -0.25730377  0.9169214 ]
 [ 0.21159557 -0.11842296  0.84169894]]
[[ 0.00000000e+00  0.00000000e+00  6.18687093e-01]
 [ 1.50043070e-02 -1.08760662e-01  6.10476971e-01]
 [-6.17453866e-02 -2.52422392e-02  2.67794460e-01]
 [-3.28321099e-01 -3.48597765e-03  9.74984765e-02]
 [-2.87226349e-01  1.01673901e-01  0.00000000e+00]
 [-1.51636899e-02  1.08477920e-01  6.26748443e-01]
 [ 2.98026979e-01  1.03385851e-01  4.16280508e-01]
 [ 2.05818191e-02 -2.60671079e-02  1.15716934e-01]
 [ 1.07398532e-01 -1.02363825e-02  3.71189713e-02]
 [ 4.76611331e-02  4.90382314e-04  8.39648902e-01]
 [ 1.05110601e-01  9.97930765e-03  1.10068297e+00]
 [ 1.96467996e-01 -1.55274868e-02  1.19556618e+00]
 [ 1.21719390e-01  2.21914053e-03  1.24035168e+00]
 [ 4.00121883e-02  1.45854384e-01  1.02754629e+00]
 [-5.89504540e-02  3.34569395e-01  9.18979406e-01]
 [ 9.84761119e-02  3.36336732e-01  7.77600467e-01]
 [ 1.48405671e-01 -1.31758958e-01  1.08130884e+00]
 [ 1.67098045e-01 -2.65107632e-01  8.45939875e-01]
 [ 2.89705724e-01 -4.87106293e-02  8.23211312e-01]]
[[ 0.          0.          0.64902747]
 [ 0.01945908 -0.0972295   0.6366468 ]
 [-0.09527741 -0.04318005  0.28173226]
 [-0.46693164 -0.05575258  0.25749168]
 [-0.50761753  0.04553682  0.1762538 ]
 [-0.01959875  0.09697379  0.6612446 ]
 [ 0.28927416  0.15072274  0.4462483 ]
 [ 0.19627759  0.07394481  0.05207175]
 [ 0.32805073  0.08955944  0.        ]
 [ 0.04519068  0.00377592  0.86846733]
 [ 0.09671591  0.02372155  1.1285286 ]
 [ 0.18671289  0.00629759  1.2276175 ]
 [ 0.11275937  0.01600283  1.2703261 ]
 [ 0.03317204  0.14990187  1.0559916 ]
 [-0.09573051  0.3312044   0.9510543 ]
 [ 0.05517449  0.36094144  0.78312033]
 [ 0.14909814 -0.11538401  1.1087574 ]
 [ 0.16087729 -0.26194456  0.88148105]
 [ 0.2838245  -0.04354967  0.8451096 ]]
[[ 0.          0.          0.66919667]
 [ 0.02385984 -0.09517042  0.65728277]
 [-0.04977235 -0.06278291  0.289076  ]
 [-0.45819253 -0.09063715  0.36832863]
 [-0.54579544  0.0019576   0.32101884]
 [-0.02398762  0.09494211  0.6809665 ]
 [ 0.24805248  0.17227878  0.43781462]
 [ 0.18172415  0.10346621  0.04159749]
 [ 0.31981975  0.12075651  0.        ]
 [ 0.04553111  0.00990236  0.887706  ]
 [ 0.0968048   0.0327141   1.1473329 ]
 [ 0.18518934  0.01395512  1.252002  ]
 [ 0.11012737  0.01509494  1.2944205 ]
 [ 0.04003026  0.1608746   1.0737559 ]
 [-0.03968944  0.35997692  0.9504892 ]
 [ 0.13606745  0.4280446   0.8093661 ]
 [ 0.14833558 -0.10798424  1.1239988 ]
 [ 0.12884301 -0.25588644  0.9072519 ]
 [ 0.25396243 -0.06469117  0.8160778 ]]
[[ 0.          0.          0.68858004]
 [ 0.02510961 -0.09635668  0.6769657 ]
 [ 0.01717059 -0.07325658  0.31060582]
 [-0.40843183 -0.11794215  0.43481636]
 [-0.50447243 -0.03503445  0.41107476]
 [-0.02523179  0.09613032  0.7000652 ]
 [ 0.19988763  0.17716093  0.4343404 ]
 [ 0.09652849  0.08758748  0.04072785]
 [ 0.24026382  0.1060304   0.        ]
 [ 0.04428207  0.01295479  0.90560985]
 [ 0.09434081  0.03884903  1.1653432 ]
 [ 0.18028203  0.01848441  1.2704275 ]
 [ 0.10389554  0.0193755   1.3111876 ]
 [ 0.04342087  0.16718781  1.0863686 ]
 [-0.00340916  0.35683396  0.9311897 ]
 [ 0.19328395  0.42798308  0.8332622 ]
 [ 0.14362328 -0.10280314  1.1439024 ]
 [ 0.10361932 -0.24705254  0.92624354]
 [ 0.2301405  -0.07450249  0.80450726]]
[[ 0.          0.          0.70462847]
 [ 0.02693639 -0.10032119  0.69319195]
 [ 0.11506262 -0.06169418  0.3527419 ]
 [-0.33489072 -0.08731294  0.47910422]
 [-0.42422345  0.00238164  0.4416132 ]
 [-0.02707289  0.10008672  0.7159502 ]
 [ 0.15019947  0.17533502  0.43184245]
 [-0.00859848  0.05286056  0.04965276]
 [ 0.1310766   0.0739466   0.        ]
 [ 0.04255313  0.01895627  0.9223661 ]
 [ 0.09221721  0.05205971  1.1831656 ]
 [ 0.17770824  0.02888775  1.290945  ]
 [ 0.09818417  0.03645724  1.3265054 ]
 [ 0.04904832  0.18442398  1.0985299 ]
 [ 0.048623    0.35446808  0.9275683 ]
 [ 0.2417171   0.4028108   0.8741435 ]
 [ 0.1350947  -0.09383154  1.1639723 ]
 [ 0.08020242 -0.23617846  0.95372146]
 [ 0.2004388  -0.07016052  0.81953144]]
[[ 0.          0.          0.71438575]
 [ 0.02221246 -0.10557583  0.7063658 ]
 [ 0.29944772 -0.02222422  0.4300125 ]
 [-0.10322814 -0.06766188  0.39753497]
 [-0.11395385 -0.01325884  0.29878682]
 [-0.02236794  0.10532723  0.7223394 ]
 [-0.02252704  0.14129831  0.38508448]
 [-0.29426304  0.04205394  0.07244092]
 [-0.20211035  0.08057177  0.        ]
 [ 0.04292269  0.02176337  0.9352571 ]
 [ 0.08803573  0.04706877  1.1981609 ]
 [ 0.1729942   0.01942521  1.2994075 ]
 [ 0.09532914  0.04260302  1.3475084 ]
 [ 0.07996232  0.18384248  1.1130476 ]
 [ 0.17469431  0.3144677   0.9148944 ]
 [ 0.3028407   0.25000277  0.9746579 ]
 [ 0.09995592 -0.09961793  1.180395  ]
 [ 0.02155635 -0.21359928  0.96268237]
 [ 0.13643157 -0.05452269  0.8700016 ]]
[[ 0.          0.          0.5782809 ]
 [ 0.01099695 -0.10811417  0.57793367]
 [ 0.3184442  -0.05101462  0.34071386]
 [ 0.08087358 -0.07272196  0.08117861]
 [ 0.17695764 -0.02649462  0.00466597]
 [-0.01114943  0.10791756  0.5786209 ]
 [-0.10090253  0.12978908  0.22526658]
 [-0.4306955   0.08555487  0.08523476]
 [-0.420111    0.13594526  0.        ]
 [ 0.03305872  0.01674195  0.80224323]
 [ 0.06982562  0.03060707  1.0629399 ]
 [ 0.16316792 -0.01238787  1.1608472 ]
 [ 0.08577459  0.02673131  1.2090299 ]
 [ 0.08825877  0.16616791  0.98563796]
 [ 0.24651213  0.26739073  0.79990935]
 [ 0.2911884   0.10432917  0.9147912 ]
 [ 0.05178311 -0.11874709  1.0501792 ]
 [-0.0353431  -0.23707558  0.83030415]
 [ 0.05407199 -0.1350969   0.766335  ]]
[[ 0.          0.          0.61594224]
 [ 0.01470728 -0.10026087  0.619277  ]
 [ 0.2883375  -0.01276793  0.3844088 ]
 [ 0.23314331 -0.01988143  0.03251284]
 [ 0.37734246  0.03208369  0.        ]
 [-0.01481333  0.10008706  0.61260843]
 [-0.07781284  0.11124849  0.22857025]
 [-0.50258946 -0.0335128   0.2437022 ]
 [-0.5717506  -0.01337138  0.17500496]
 [ 0.0315975   0.01144858  0.8380137 ]
 [ 0.06657025  0.01307434  1.0984701 ]
 [ 0.1632084  -0.03101122  1.1945616 ]
 [ 0.07877288  0.01237887  1.2423474 ]
 [ 0.08330173  0.14238137  1.0217611 ]
 [ 0.22842589  0.23255393  0.81809115]
 [ 0.30500805  0.0869666   0.9138977 ]
 [ 0.03944334 -0.1242916   1.0755066 ]
 [-0.04480587 -0.2389544   0.8525016 ]
 [ 0.00821    -0.20969217  0.74729943]]
[[ 0.0000000e+00  0.0000000e+00  6.4967883e-01]
 [ 1.6883157e-02 -1.0089542e-01  6.5738320e-01]
 [ 2.5449312e-01  2.1762401e-02  4.0668857e-01]
 [ 1.6609117e-01 -1.2301147e-02  3.4335434e-02]
 [ 3.1489053e-01  3.9541841e-02  0.0000000e+00]
 [-1.6986307e-02  1.0070721e-01  6.4196932e-01]
 [ 4.7427788e-03  9.8684579e-02  2.6313442e-01]
 [-4.3046302e-01 -1.0224998e-01  3.5140660e-01]
 [-5.1624870e-01 -9.8729104e-02  3.1677932e-01]
 [ 4.5137450e-02  6.5057427e-03  8.6960685e-01]
 [ 9.3581393e-02  6.3577294e-04  1.1295133e+00]
 [ 1.8454176e-01 -3.7683427e-02  1.2294037e+00]
 [ 9.9752165e-02 -2.8319359e-03  1.2746326e+00]
 [ 8.3474219e-02  1.3809794e-01  1.0498254e+00]
 [ 1.8271267e-01  2.7777025e-01  8.4193587e-01]
 [ 3.1839469e-01  1.3297796e-01  8.8534123e-01]
 [ 7.4004382e-02 -1.3537824e-01  1.1047152e+00]
 [-1.5808370e-02 -2.4521120e-01  8.7695110e-01]
 [ 5.5709675e-02 -2.0356713e-01  7.5929797e-01]]
[[ 0.00000000e+00  0.00000000e+00  6.62815392e-01]
 [ 1.22580603e-02 -1.04318619e-01  6.69440031e-01]
 [ 1.98441148e-01 -2.88102031e-03  4.12359148e-01]
 [ 5.70314676e-02 -2.72868276e-02  4.29353118e-02]
 [ 1.95549786e-01  2.06843019e-02  0.00000000e+00]
 [-1.23839825e-02  1.04129836e-01  6.56164706e-01]
 [ 1.00253694e-01  1.05744898e-01  2.99265176e-01]
 [-3.45732421e-01 -6.59662783e-02  3.89560997e-01]
 [-4.27922785e-01 -5.72225153e-02  3.35864544e-01]
 [ 4.58281673e-02  6.69598579e-04  8.81237626e-01]
 [ 9.28577483e-02 -7.12907314e-03  1.14221454e+00]
 [ 1.78532600e-01 -4.79871631e-02  1.24573469e+00]
 [ 9.24952701e-02 -1.27062201e-02  1.28828990e+00]
 [ 7.10366368e-02  1.30899578e-01  1.06176496e+00]
 [ 1.20640598e-01  2.75716454e-01  8.65874410e-01]
 [ 2.56571859e-01  1.29908308e-01  8.61982346e-01]
 [ 7.73193836e-02 -1.45368516e-01  1.11579013e+00]
 [ 1.78848356e-02 -2.76567459e-01  8.94593656e-01]
 [ 1.00679651e-01 -2.09605128e-01  7.80125260e-01]]
[[ 0.0000000e+00  0.0000000e+00  6.5562660e-01]
 [ 1.4178053e-02 -9.9616140e-02  6.5699184e-01]
 [ 9.4471827e-02 -1.4692396e-02  3.7027496e-01]
 [-8.0820374e-02 -7.1209669e-04  6.6999495e-02]
 [ 3.3197515e-02  6.4959109e-02  0.0000000e+00]
 [-1.4306799e-02  9.9382348e-02  6.5417081e-01]
 [ 1.9506021e-01  1.1514296e-01  3.6868051e-01]
 [-2.4643004e-01 -4.8539996e-02  3.5889480e-01]
 [-2.8509933e-01 -2.9073656e-02  2.6283646e-01]
 [ 4.8228979e-02  2.6211441e-03  8.7230742e-01]
 [ 9.8582245e-02 -3.5095215e-04  1.1322668e+00]
 [ 1.8190032e-01 -3.5256803e-02  1.2298119e+00]
 [ 1.0079525e-01 -8.0130100e-03  1.2740430e+00]
 [ 6.0501684e-02  1.3251406e-01  1.0558944e+00]
 [ 4.7318988e-02  2.8406975e-01  9.0048039e-01]
 [ 2.1780723e-01  2.2176056e-01  8.4158874e-01]
 [ 1.0166699e-01 -1.3813135e-01  1.1056683e+00]
 [ 7.0193172e-02 -2.6477137e-01  8.7585914e-01]
 [ 1.5139142e-01 -1.5898961e-01  8.0839896e-01]]
[[ 0.          0.          0.56937665]
 [ 0.01551986 -0.1036136   0.5599591 ]
 [-0.06118025 -0.02405262  0.22985274]
 [-0.3447134   0.00773546  0.11653128]
 [-0.31418747  0.12156311  0.03646386]
 [-0.0156648   0.10335736  0.57865393]
 [ 0.29541212  0.1090765   0.36852068]
 [ 0.03302117 -0.05562174  0.06928539]
 [ 0.12096971 -0.0387761   0.        ]
 [ 0.03979277  0.00126939  0.78850603]
 [ 0.08925173  0.0148595   1.0495558 ]
 [ 0.18049681 -0.00745213  1.1465061 ]
 [ 0.10301256  0.01663607  1.1901696 ]
 [ 0.03309257  0.14900881  0.9768927 ]
 [-0.08981983  0.33046567  0.87668943]
 [ 0.04200517  0.26320627  0.7174822 ]
 [ 0.12763752 -0.13121372  1.027778  ]
 [ 0.15004009 -0.2623847   0.7900064 ]
 [ 0.26664042 -0.05361064  0.7947195 ]]
[[ 0.          0.          0.61108005]
 [ 0.01838564 -0.09856685  0.5999271 ]
 [-0.06856948 -0.04484975  0.25349003]
 [-0.42427272 -0.05411845  0.27093774]
 [-0.46760935  0.05522585  0.20225856]
 [-0.01852559  0.09832492  0.62208784]
 [ 0.26500833  0.11656566  0.39908218]
 [ 0.14195889 -0.03184998  0.03322685]
 [ 0.25786704 -0.02351421  0.        ]
 [ 0.04013591  0.01084079  0.8280619 ]
 [ 0.08559224  0.0330188   1.0882425 ]
 [ 0.17360628  0.01698381  1.1889379 ]
 [ 0.09628162  0.03319812  1.230091  ]
 [ 0.03246734  0.16594395  1.0127128 ]
 [-0.09042606  0.3509346   0.9078144 ]
 [ 0.05719244  0.34775567  0.75168383]
 [ 0.1288783  -0.11290115  1.0694851 ]
 [ 0.1295332  -0.2630108   0.84506285]
 [ 0.24816692 -0.05855542  0.8075205 ]]
[[ 0.          0.          0.64336294]
 [ 0.01755799 -0.09614448  0.6318641 ]
 [-0.01122363 -0.05584559  0.28528175]
 [-0.39955938 -0.06486855  0.38503787]
 [-0.48971313  0.04217136  0.33064717]
 [-0.01768051  0.09592184  0.65473974]
 [ 0.22322243  0.12645437  0.40650403]
 [ 0.10805559 -0.00555503  0.03428406]
 [ 0.23788412  0.00622922  0.        ]
 [ 0.03876924  0.01569754  0.86078674]
 [ 0.08255258  0.04366058  1.1213044 ]
 [ 0.16544908  0.02340674  1.2253214 ]
 [ 0.08815406  0.0404433   1.2643383 ]
 [ 0.03881692  0.17854995  1.0434358 ]
 [-0.04629354  0.37333044  0.90995157]
 [ 0.12267357  0.3819009   0.77666134]
 [ 0.12223701 -0.10356924  1.1013578 ]
 [ 0.09458005 -0.24967222  0.88227165]
 [ 0.20862797 -0.08435885  0.7903774 ]]
[[ 0.          0.          0.6622505 ]
 [ 0.02008279 -0.09808121  0.65096384]
 [ 0.05353346 -0.04980701  0.3174678 ]
 [-0.36074883 -0.07299832  0.42850414]
 [-0.44864827  0.03099346  0.3657869 ]
 [-0.02021404  0.0978571   0.6734221 ]
 [ 0.18498436  0.1219418   0.41436255]
 [ 0.04049705 -0.00325298  0.03927845]
 [ 0.17308739  0.01434022  0.        ]
 [ 0.03599021  0.01902451  0.8793843 ]
 [ 0.0785872   0.05467674  1.139827  ]
 [ 0.16428977  0.03242803  1.2442396 ]
 [ 0.08070627  0.04938757  1.2816111 ]
 [ 0.0384647   0.19135958  1.0549774 ]
 [-0.00443846  0.38173497  0.91252506]
 [ 0.17710185  0.3903253   0.8112416 ]
 [ 0.11727962 -0.09424198  1.1245359 ]
 [ 0.07812624 -0.2306067   0.9022318 ]
 [ 0.16999131 -0.10282309  0.7865366 ]]
[[ 0.00000000e+00  0.00000000e+00  6.69460773e-01]
 [ 2.04088315e-02 -1.08291574e-01  6.62285864e-01]
 [ 1.99828804e-01 -4.18214798e-02  3.71489227e-01]
 [-2.40223140e-01 -6.82296753e-02  4.10266101e-01]
 [-2.76117682e-01  2.54234374e-02  2.97018349e-01]
 [-2.05652378e-02  1.08015195e-01  6.76536202e-01]
 [ 1.07021071e-01  1.30732030e-01  3.72165680e-01]
 [-1.24124482e-01 -8.50319862e-04  5.66297174e-02]
 [-1.61713101e-02  3.31221819e-02  0.00000000e+00]
 [ 3.29068713e-02  2.02879310e-02  8.89104426e-01]
 [ 6.81357533e-02  5.29671311e-02  1.15150416e+00]
 [ 1.51107445e-01  2.64302492e-02  1.25756669e+00]
 [ 6.62788600e-02  5.24153709e-02  1.29598844e+00]
 [ 4.49416339e-02  1.93363547e-01  1.06438291e+00]
 [ 7.11275116e-02  3.54238510e-01  8.90969872e-01]
 [ 2.46926337e-01  3.32447052e-01  8.73059869e-01]
 [ 8.85474756e-02 -9.85890925e-02  1.13361788e+00]
 [ 3.06498036e-02 -2.28114262e-01  9.11451459e-01]
 [ 1.16952717e-01 -1.00310408e-01  7.98738599e-01]]
[[ 0.          0.          0.5851163 ]
 [ 0.01326452 -0.10997552  0.58664894]
 [ 0.31976783 -0.06003995  0.36384824]
 [ 0.03840679 -0.10955733  0.12959152]
 [ 0.12302306 -0.06253535  0.03647232]
 [-0.01341978  0.10975429  0.58355826]
 [-0.0419648   0.14565909  0.22960472]
 [-0.3596592   0.1101678   0.08686393]
 [-0.35075134  0.17085785  0.        ]
 [ 0.01876575  0.02165458  0.80934095]
 [ 0.03801366  0.04217309  1.071419  ]
 [ 0.13486558 -0.0027017   1.1724477 ]
 [ 0.04324621  0.05206853  1.2199557 ]
 [ 0.06491082  0.18006447  0.9886217 ]
 [ 0.20230745  0.29071605  0.7959453 ]
 [ 0.28627968  0.13741317  0.8957951 ]
 [ 0.01454088 -0.10707125  1.0571396 ]
 [-0.05971634 -0.2357233   0.8403434 ]
 [-0.00532676 -0.14611596  0.7417332 ]]
[[ 0.0000000e+00  0.0000000e+00  5.9687436e-01]
 [ 9.5148198e-03 -1.0563181e-01  6.0328025e-01]
 [ 3.0609453e-01 -6.5896332e-02  3.8107908e-01]
 [ 2.4132168e-01 -7.6857984e-02  4.5517862e-02]
 [ 3.8615173e-01 -2.0721078e-02  0.0000000e+00]
 [-9.6389875e-03  1.0544141e-01  5.9045297e-01]
 [-3.7004106e-02  1.3572660e-01  2.1928850e-01]
 [-4.3743521e-01  5.1162750e-02  1.8768558e-01]
 [-4.9336222e-01  9.3841642e-02  8.9041471e-02]
 [ 1.7863562e-02  2.3283795e-02  8.1876862e-01]
 [ 3.6880773e-02  3.7627816e-02  1.0811683e+00]
 [ 1.3209563e-01 -8.7217689e-03  1.1818862e+00]
 [ 3.9407786e-02  4.5878410e-02  1.2299068e+00]
 [ 6.9320053e-02  1.6619223e-01  1.0039517e+00]
 [ 2.2261648e-01  2.5360727e-01  8.0583465e-01]
 [ 3.0398685e-01  1.1839220e-01  9.0783024e-01]
 [ 7.0896000e-05 -1.0250276e-01  1.0618067e+00]
 [-9.6682005e-02 -2.4088728e-01  8.7201321e-01]
 [-6.6269353e-02 -2.1257301e-01  7.8095889e-01]]
[[ 0.00000000e+00  0.00000000e+00  6.26004815e-01]
 [ 8.31370801e-03 -1.04280077e-01  6.34145617e-01]
 [ 2.77017534e-01 -6.49969280e-02  3.93086255e-01]
 [ 2.10327446e-01 -9.23407674e-02  4.15266752e-02]
 [ 3.59950304e-01 -3.84353399e-02  0.00000000e+00]
 [-8.41824338e-03  1.04089566e-01  6.17849052e-01]
 [ 2.72694863e-02  1.28488630e-01  2.41946608e-01]
 [-3.99518907e-01  5.33580780e-04  2.56726712e-01]
 [-4.75804687e-01  4.19493914e-02  1.81311250e-01]
 [ 2.85462774e-02  2.02059299e-02  8.47740889e-01]
 [ 6.35735542e-02  3.22262347e-02  1.10971284e+00]
 [ 1.56158909e-01 -1.01920366e-02  1.21248889e+00]
 [ 6.69400170e-02  3.79788876e-02  1.26195049e+00]
 [ 7.67993405e-02  1.63799584e-01  1.02994823e+00]
 [ 2.08409086e-01  2.73030698e-01  8.29733849e-01]
 [ 3.25439245e-01  1.63569033e-01  9.09575462e-01]
 [ 3.22958231e-02 -1.05217159e-01  1.08941531e+00]
 [-8.07167590e-02 -2.50782579e-01  9.13054526e-01]
 [-5.36617786e-02 -2.26995155e-01  8.08815837e-01]]
[[ 0.          0.          0.61995304]
 [ 0.0091453  -0.10600615  0.62986857]
 [ 0.2577176  -0.06184147  0.38681743]
 [ 0.1245238  -0.07382506  0.04955983]
 [ 0.25770167 -0.02280879  0.        ]
 [-0.00927557  0.10581376  0.61001366]
 [ 0.09420087  0.16360737  0.2610815 ]
 [-0.3344255   0.03842646  0.25976554]
 [-0.38229513  0.07629898  0.16923535]
 [ 0.03475909  0.01970115  0.84039825]
 [ 0.06638152  0.03576502  1.1022512 ]
 [ 0.16007505 -0.00299639  1.2080172 ]
 [ 0.06037076  0.05414987  1.2502799 ]
 [ 0.0768364   0.16719955  1.0215609 ]
 [ 0.16384265  0.27589804  0.8245336 ]
 [ 0.28735754  0.13912971  0.8658241 ]
 [ 0.03899925 -0.10540468  1.0806341 ]
 [-0.00815073 -0.24029106  0.849734  ]
 [ 0.0571589  -0.21392868  0.7486075 ]]
[[ 0.          0.          0.61840796]
 [ 0.00643337 -0.09969192  0.62149346]
 [ 0.2061843  -0.07168937  0.34989953]
 [ 0.02620752 -0.07781309  0.06266999]
 [ 0.1337423  -0.01815569  0.        ]
 [-0.00656567  0.09949201  0.6152606 ]
 [ 0.18191959  0.15456755  0.31550732]
 [-0.26072064  0.01227528  0.26056558]
 [-0.28635246  0.05766466  0.16333106]
 [ 0.03576023  0.01102757  0.8372754 ]
 [ 0.06984719  0.02946296  1.0978729 ]
 [ 0.16000235 -0.00637484  1.1970589 ]
 [ 0.06495145  0.04126579  1.2419765 ]
 [ 0.06067969  0.1590983   1.0167897 ]
 [ 0.09840928  0.2755701   0.8408801 ]
 [ 0.22759622  0.15626758  0.83696437]
 [ 0.05635791 -0.11173028  1.0843005 ]
 [ 0.00905778 -0.29017642  0.89586776]
 [ 0.0567157  -0.20412856  0.8082401 ]]
[[ 0.          0.          0.5838562 ]
 [ 0.00908764 -0.10547243  0.5820417 ]
 [ 0.00895088 -0.06192264  0.2598656 ]
 [-0.31099996 -0.06880307  0.14246932]
 [-0.30993688  0.0431633   0.05989939]
 [-0.00922862  0.10523273  0.5855192 ]
 [ 0.28022552  0.12056318  0.35181606]
 [ 0.0612323  -0.05597317  0.05710077]
 [ 0.1719619  -0.04671496  0.        ]
 [ 0.01691056  0.02301966  0.80544883]
 [ 0.0399684   0.05851847  1.0666709 ]
 [ 0.12775889  0.03722972  1.1668994 ]
 [ 0.03940622  0.06820393  1.2060387 ]
 [-0.00464175  0.19228888  0.9822711 ]
 [-0.09119353  0.38053083  0.86481476]
 [ 0.09883486  0.36706835  0.7565398 ]
 [ 0.06993081 -0.09504855  1.0604624 ]
 [ 0.09830952 -0.27306837  0.8784347 ]
 [ 0.20278221 -0.0573338   0.8492675 ]]
[[ 0.          0.          0.6202216 ]
 [ 0.01749916 -0.09836115  0.6199135 ]
 [-0.014681   -0.03884521  0.2860669 ]
 [-0.34261936 -0.02875859  0.2361384 ]
 [-0.3733166   0.08696228  0.15936866]
 [-0.01764434  0.09812316  0.6203745 ]
 [ 0.25196368  0.10548575  0.36221325]
 [ 0.14048669 -0.08495402  0.02577782]
 [ 0.24905026 -0.07960117  0.        ]
 [ 0.010981    0.02830593  0.84017885]
 [ 0.02663935  0.07105774  1.1005845 ]
 [ 0.11276145  0.05799264  1.2041293 ]
 [ 0.02447686  0.08307481  1.2416499 ]
 [-0.02226201  0.20214453  1.0121622 ]
 [-0.11544245  0.3887302   0.90065956]
 [ 0.076766    0.42511755  0.7841962 ]
 [ 0.06880688 -0.07803506  1.098975  ]
 [ 0.0970135  -0.2476194   0.92269135]
 [ 0.20987123 -0.04026502  0.8726917 ]]
[[ 0.          0.          0.6443482 ]
 [ 0.01421636 -0.10093881  0.6476227 ]
 [ 0.02812099 -0.08472875  0.30364782]
 [-0.3226802  -0.0705201   0.2809182 ]
 [-0.38268465  0.04285097  0.21157414]
 [-0.01436361  0.10070507  0.6409244 ]
 [ 0.23018926  0.11862195  0.36734968]
 [ 0.10334946 -0.0499211   0.02935094]
 [ 0.21403682 -0.04676181  0.        ]
 [ 0.00472399  0.03199254  0.8646712 ]
 [ 0.01536366  0.08128428  1.1250237 ]
 [ 0.09710634  0.06968403  1.2349491 ]
 [ 0.00591122  0.09044647  1.271287  ]
 [-0.02704523  0.21414343  1.0307314 ]
 [-0.08008042  0.40652722  0.8972195 ]
 [ 0.11600501  0.42912453  0.80389726]
 [ 0.05242184 -0.07072774  1.126202  ]
 [ 0.05682941 -0.24039781  0.95930105]
 [ 0.1772899  -0.10428838  0.85390705]]
[[ 0.00000000e+00  0.00000000e+00  6.60422564e-01]
 [ 2.27422714e-02 -1.00470200e-01  6.65068030e-01]
 [ 1.27222151e-01 -6.30463660e-02  3.51069331e-01]
 [-2.38809600e-01 -6.75418973e-02  3.55493397e-01]
 [-3.06145698e-01  4.34952080e-02  2.81841964e-01]
 [-2.29108781e-02  1.00217566e-01  6.55637562e-01]
 [ 1.96712494e-01  1.17456779e-01  3.79932582e-01]
 [ 4.15861905e-02 -5.66251278e-02  3.81572247e-02]
 [ 1.58994943e-01 -4.17780876e-02  0.00000000e+00]
 [ 3.90010700e-03  3.84724587e-02  8.78192067e-01]
 [ 1.30466335e-02  9.21323001e-02  1.13698435e+00]
 [ 9.01791304e-02  7.75905848e-02  1.24760771e+00]
 [ 7.53402710e-04  9.46800709e-02  1.28455138e+00]
 [-2.25073248e-02  2.21621692e-01  1.03825712e+00]
 [-3.63291949e-02  4.09713149e-01  8.88650775e-01]
 [ 1.81622237e-01  4.48421389e-01  8.31492722e-01]
 [ 5.03083244e-02 -5.87872565e-02  1.13730454e+00]
 [ 6.11489564e-02 -2.21043274e-01  9.45639074e-01]
 [ 1.74755812e-01 -7.63164908e-02  8.58820140e-01]]
[[ 0.          0.          0.65660167]
 [ 0.03151505 -0.10362901  0.6692877 ]
 [ 0.2707557  -0.06390074  0.4085088 ]
 [-0.12738262 -0.13013801  0.3434527 ]
 [-0.15404569 -0.04835755  0.24138194]
 [-0.0316825   0.10334569  0.64380664]
 [ 0.08706237  0.10022828  0.3213374 ]
 [-0.1024602  -0.05917686  0.01686388]
 [-0.00202481 -0.02713025  0.        ]
 [ 0.00588511  0.0410292   0.8730123 ]
 [ 0.01123293  0.09804589  1.1306827 ]
 [ 0.07852238  0.08206475  1.2415364 ]
 [-0.00963185  0.10432976  1.2815588 ]
 [-0.00356929  0.23114344  1.0322057 ]
 [ 0.06852311  0.41695586  0.87865543]
 [ 0.28559625  0.47504503  0.9127027 ]
 [ 0.03683051 -0.05295056  1.1296252 ]
 [ 0.01924448 -0.21134135  0.94351953]
 [ 0.13082862 -0.10362323  0.8579173 ]]
[[ 0.          0.          0.6524778 ]
 [ 0.01951661 -0.10806609  0.67040586]
 [ 0.36916986 -0.09633499  0.4830327 ]
 [ 0.11990477 -0.23444372  0.18057019]
 [ 0.22889069 -0.19724905  0.09211606]
 [-0.01966813  0.1078399   0.6344999 ]
 [-0.06758333  0.13350719  0.25430882]
 [-0.3100072   0.04625946  0.05673391]
 [-0.26512575  0.08742654  0.        ]
 [-0.00380797  0.04744746  0.8725419 ]
 [-0.01700328  0.1011849   1.1309227 ]
 [ 0.04473051  0.07221085  1.2430959 ]
 [-0.04966622  0.12295038  1.2807763 ]
 [ 0.01431897  0.2245307   1.0358073 ]
 [ 0.15777554  0.2970044   0.85465807]
 [ 0.27982208  0.19012803  0.9543632 ]
 [-0.03523016 -0.04423416  1.1254206 ]
 [-0.09461688 -0.18575951  0.9298009 ]
 [-0.0550599  -0.15013625  0.834718  ]]
[[ 0.          0.          0.6271765 ]
 [ 0.0194446  -0.10760107  0.64664483]
 [ 0.36190712 -0.08498161  0.44855133]
 [ 0.23046511 -0.2176967   0.1073674 ]
 [ 0.37489086 -0.17767888  0.06024945]
 [-0.01960097  0.10737673  0.60766274]
 [-0.09878862  0.11179698  0.23103908]
 [-0.3815378   0.03659526  0.09239274]
 [-0.3791818   0.0820573   0.        ]
 [-0.01117875  0.05694753  0.84491736]
 [-0.02612682  0.1157999   1.102902  ]
 [ 0.03576637  0.08220339  1.2164685 ]
 [-0.06095967  0.13269264  1.2511475 ]
 [ 0.01004706  0.23451811  1.0116    ]
 [ 0.18007463  0.2992665   0.82901144]
 [ 0.29976958  0.19607913  0.89468867]
 [-0.05033343 -0.02566588  1.0918423 ]
 [-0.12002994 -0.1727482   0.9154661 ]
 [-0.11221325 -0.14925738  0.78672934]]
[[ 0.0000000e+00  0.0000000e+00  6.0620052e-01]
 [ 1.6261458e-02 -1.0351093e-01  6.2620950e-01]
 [ 3.3748046e-01 -6.4727619e-02  3.9109257e-01]
 [ 2.8892827e-01 -1.7482316e-01  2.9702187e-02]
 [ 4.4718733e-01 -1.2080115e-01  0.0000000e+00]
 [-1.6415164e-02  1.0330429e-01  5.8614469e-01]
 [-8.8586658e-02  9.0985566e-02  1.7740256e-01]
 [-4.4246358e-01 -7.2818965e-02  1.6691425e-01]
 [-4.6493796e-01 -4.5496345e-02  8.0032945e-02]
 [-8.4101148e-03  5.8524355e-02  8.2479078e-01]
 [-2.3730375e-02  1.1513093e-01  1.0835216e+00]
 [ 3.9836168e-02  8.7538958e-02  1.1958838e+00]
 [-4.5778602e-02  1.2966609e-01  1.2360964e+00]
 [ 6.9051981e-05  2.2811624e-01  9.8477733e-01]
 [ 1.4941762e-01  2.8988218e-01  7.8127229e-01]
 [ 2.8557685e-01  1.6874447e-01  8.0107087e-01]
 [-3.6312334e-02 -2.6010513e-02  1.0724360e+00]
 [-4.0606245e-02 -1.6540517e-01  8.6248517e-01]
 [ 8.4516853e-03 -1.4864087e-01  7.5680941e-01]]
[[ 0.          0.          0.62227136]
 [ 0.02178918 -0.10376868  0.6446017 ]
 [ 0.3091612  -0.03762838  0.39317995]
 [ 0.2810164  -0.1494165   0.02026707]
 [ 0.45105463 -0.09458292  0.        ]
 [-0.02189995  0.10356829  0.599897  ]
 [-0.07330132  0.10593286  0.20248458]
 [-0.43345106 -0.06111372  0.22442359]
 [-0.48777694 -0.03835249  0.15492252]
 [-0.01840039  0.05837955  0.8377416 ]
 [-0.03968152  0.12156132  1.0947964 ]
 [ 0.02357767  0.09266508  1.2077506 ]
 [-0.06520604  0.13466597  1.2445016 ]
 [-0.02551264  0.23505107  0.99013984]
 [ 0.1090035   0.3153966   0.78447986]
 [ 0.265572    0.26842827  0.7795955 ]
 [-0.05332552 -0.01815772  1.0886021 ]
 [-0.11202762 -0.16079752  0.89838374]
 [-0.11742407 -0.24036497  0.76737833]]
[[ 0.          0.          0.6597487 ]
 [ 0.02591688 -0.10293263  0.6902331 ]
 [ 0.2962591  -0.00403394  0.42815107]
 [ 0.25091884 -0.1377728   0.03397274]
 [ 0.41530794 -0.08027482  0.        ]
 [-0.02603602  0.1027382   0.6292274 ]
 [-0.05835153  0.10172763  0.22508278]
 [-0.4630014  -0.09008214  0.3415336 ]
 [-0.52613163 -0.09340706  0.26699692]
 [-0.02952315  0.0582265   0.8751583 ]
 [-0.06072536  0.11467034  1.1334441 ]
 [ 0.0108441   0.08986473  1.2422283 ]
 [-0.08461761  0.12023228  1.2853112 ]
 [-0.06302515  0.23230118  1.0284988 ]
 [ 0.04836532  0.3261518   0.8246497 ]
 [ 0.18364103  0.3258637   0.7975946 ]
 [-0.06744301 -0.02384928  1.1179287 ]
 [-0.11534533 -0.19918753  0.942227  ]
 [-0.15070102 -0.2987779   0.8369496 ]]
[[ 0.          0.          0.6585737 ]
 [ 0.03082734 -0.09940857  0.6885519 ]
 [ 0.26831275 -0.02108136  0.42413908]
 [ 0.17340603 -0.1678881   0.04677892]
 [ 0.32927394 -0.10710233  0.        ]
 [-0.03094231  0.09920859  0.62854016]
 [-0.0265091   0.07598919  0.24254254]
 [-0.4596557  -0.15774274  0.3971483 ]
 [-0.5439607  -0.15231061  0.32856438]
 [-0.03886861  0.06042969  0.872808  ]
 [-0.07296056  0.1213007   1.1306517 ]
 [ 0.00607366  0.10000986  1.240631  ]
 [-0.09453945  0.12270588  1.280905  ]
 [-0.08964349  0.23586172  1.024485  ]
 [-0.01905379  0.3458979   0.82522655]
 [ 0.10908875  0.40093714  0.78813857]
 [-0.07444352 -0.01614565  1.1227751 ]
 [-0.12229722 -0.20974381  0.9988659 ]
 [-0.14944237 -0.3420336   0.8974777 ]]
[[ 0.          0.          0.6194559 ]
 [ 0.03136423 -0.10045429  0.6497398 ]
 [ 0.22453558 -0.04515116  0.38677764]
 [ 0.02558616 -0.20668498  0.08939695]
 [ 0.15665475 -0.14694816  0.        ]
 [-0.03146613  0.10023844  0.58908397]
 [ 0.0466067   0.08064836  0.21816081]
 [-0.4012282  -0.18411496  0.42083794]
 [-0.47528505 -0.17835432  0.3388936 ]
 [-0.04709899  0.06923956  0.82700455]
 [-0.08110526  0.13501322  1.0846026 ]
 [ 0.00619095  0.11873448  1.1875954 ]
 [-0.0973573   0.12837702  1.2291999 ]
 [-0.12323165  0.25139934  0.9806706 ]
 [-0.11059085  0.40208074  0.8079867 ]
 [-0.04880932  0.52839786  0.7429483 ]
 [-0.0722398  -0.00215593  1.0834172 ]
 [-0.10900667 -0.2074261   1.068686  ]
 [-0.08367572 -0.25908643  1.0786977 ]]
[[ 0.          0.          0.5129502 ]
 [ 0.03239788 -0.10106989  0.5454447 ]
 [ 0.19613186 -0.06511885  0.28792703]
 [-0.06063996 -0.20144808  0.11380169]
 [ 0.02546014 -0.14437136  0.        ]
 [-0.03250239  0.10081819  0.48034084]
 [ 0.09180439  0.10586682  0.11469105]
 [-0.3440267  -0.17445135  0.28436556]
 [-0.37918434 -0.17877772  0.17048755]
 [-0.05317485  0.06388035  0.7201323 ]
 [-0.08962962  0.12366188  0.9779343 ]
 [ 0.00349139  0.10662514  1.0735762 ]
 [-0.09912026  0.11770302  1.1134562 ]
 [-0.13896778  0.24345523  0.88131523]
 [-0.17319167  0.42986086  0.7701433 ]
 [-0.15926814  0.61817455  0.7334559 ]
 [-0.07568453 -0.01213616  0.97834635]
 [-0.09196874 -0.21922627  1.0120041 ]
 [-0.03028646 -0.2203219   1.0788515 ]]
[[ 0.          0.          0.42222357]
 [ 0.02887075 -0.1059916   0.4547577 ]
 [ 0.20175293 -0.1120241   0.2285558 ]
 [-0.11817761 -0.22127202  0.15162367]
 [-0.05296245 -0.18134835  0.0263254 ]
 [-0.02897229  0.10573068  0.38955924]
 [ 0.13460734  0.12481287  0.04388541]
 [-0.27371496 -0.17156911  0.1251953 ]
 [-0.2496333  -0.17220607  0.        ]
 [-0.0490848   0.05657986  0.63030314]
 [-0.0795403   0.10417354  0.89033425]
 [ 0.0196491   0.07499528  0.9793226 ]
 [-0.0825346   0.0911625   1.0266149 ]
 [-0.12578535  0.23227826  0.8054215 ]
 [-0.17457354  0.4547025   0.7730603 ]
 [-0.21316245  0.6437705   0.7666851 ]
 [-0.06951546 -0.02851203  0.8897315 ]
 [-0.0607065  -0.22645283  1.0019557 ]
 [ 0.01582167 -0.2026512   1.1461546 ]]
[[ 0.          0.          0.47336334]
 [ 0.02889953 -0.10900205  0.5093252 ]
 [ 0.23281854 -0.16589795  0.34326568]
 [-0.12557933 -0.2949851   0.2981577 ]
 [-0.0572219  -0.2860711   0.20968509]
 [-0.02898794  0.1087726   0.4372874 ]
 [ 0.15115826  0.1041702   0.10499609]
 [-0.22769083 -0.20841998  0.11872137]
 [-0.17858051 -0.20132688  0.        ]
 [-0.03799579  0.05579808  0.6834475 ]
 [-0.05887803  0.10599509  0.9429709 ]
 [ 0.04639464  0.07168782  1.0248461 ]
 [-0.05647466  0.08925247  1.0754714 ]
 [-0.10033643  0.24092835  0.8624016 ]
 [-0.13380793  0.48182356  0.87964225]
 [-0.1542849   0.68830335  0.90662926]
 [-0.04938649 -0.02950934  0.9455416 ]
 [-0.01422738 -0.22034627  1.1090505 ]
 [ 0.07550839 -0.18938696  1.2842159 ]]
[[ 0.          0.          0.50903225]
 [ 0.03185061 -0.10953873  0.5490896 ]
 [ 0.2915943  -0.157749    0.45848414]
 [-0.0713236  -0.3312112   0.4375237 ]
 [ 0.02203867 -0.3505804   0.3298963 ]
 [-0.03192627  0.10930173  0.4688675 ]
 [ 0.18272156  0.10531804  0.16269141]
 [-0.14477119 -0.19910294  0.10474023]
 [-0.06243705 -0.17221475  0.        ]
 [-0.01938771  0.06065099  0.7220017 ]
 [-0.02459578  0.11858842  0.98054725]
 [ 0.08911167  0.07764864  1.055192  ]
 [-0.01520489  0.10075521  1.1058159 ]
 [-0.05362074  0.25408858  0.9038756 ]
 [-0.07348314  0.48448274  0.9304199 ]
 [-0.05638123  0.68537086  0.9751154 ]
 [-0.02106383 -0.01957557  0.98483527]
 [ 0.0372839  -0.21580166  1.1831691 ]
 [ 0.13440055 -0.20861912  1.3733848 ]]
[[ 0.          0.          0.49462262]
 [ 0.02663964 -0.10669615  0.5397485 ]
 [ 0.32492384 -0.18311512  0.51876634]
 [-0.02052461 -0.37566853  0.5027939 ]
 [ 0.06903994 -0.41107416  0.45957205]
 [-0.02672473  0.10647456  0.44939506]
 [ 0.22803926  0.10729875  0.1798177 ]
 [-0.06084006 -0.18527961  0.09245056]
 [ 0.0425003  -0.15743369  0.        ]
 [ 0.00177868  0.0672663   0.7058511 ]
 [ 0.01619872  0.13479888  0.9597622 ]
 [ 0.13701546  0.08773774  1.0297835 ]
 [ 0.03795186  0.12167603  1.0856026 ]
 [ 0.0038444   0.271064    0.8838761 ]
 [ 0.02198875  0.4990917   0.9023268 ]
 [ 0.10068567  0.6762574   0.9360678 ]
 [ 0.01463569 -0.0051544   0.9650842 ]
 [ 0.10264555 -0.18972594  1.162876  ]
 [ 0.21996102 -0.17749721  1.367888  ]]
[[ 0.          0.          0.47924706]
 [ 0.02556973 -0.10015819  0.5281569 ]
 [ 0.36430356 -0.1667213   0.5746084 ]
 [ 0.15801838 -0.41737422  0.50405765]
 [ 0.28565025 -0.45685354  0.4867089 ]
 [-0.02565122  0.09997459  0.43026793]
 [ 0.27378148  0.10470459  0.20203179]
 [ 0.05893335 -0.17552578  0.0655005 ]
 [ 0.18891492 -0.15236554  0.        ]
 [ 0.03531861  0.06422408  0.68320763]
 [ 0.08012392  0.14201647  0.93010676]
 [ 0.20662224  0.08977193  0.98948336]
 [ 0.11416249  0.1336044   1.0537287 ]
 [ 0.08190668  0.27594435  0.8481395 ]
 [ 0.17053765  0.48956323  0.7701167 ]
 [ 0.3179711   0.59790605  0.8463397 ]
 [ 0.06746104  0.00377753  0.9439542 ]
 [ 0.1876499  -0.20458964  1.11706   ]
 [ 0.3161922  -0.2383939   1.3109123 ]]
[[ 0.          0.          0.44066474]
 [ 0.01918497 -0.09601611  0.48952287]
 [ 0.3719917  -0.17454998  0.58041275]
 [ 0.29207903 -0.4336      0.4749254 ]
 [ 0.42750835 -0.47252172  0.4920706 ]
 [-0.01927622  0.09587687  0.3917534 ]
 [ 0.2859447   0.06565195  0.20637006]
 [ 0.12808332 -0.23427153  0.03536725]
 [ 0.27336437 -0.22880134  0.        ]
 [ 0.05124587  0.04809909  0.64355075]
 [ 0.11731467  0.11822337  0.8841937 ]
 [ 0.2557696   0.05916023  0.93319356]
 [ 0.16935997  0.1165635   0.9964396 ]
 [ 0.13508865  0.25001842  0.8128493 ]
 [ 0.26553267  0.4174247   0.8350822 ]
 [ 0.38237223  0.49166006  0.9339732 ]
 [ 0.09507217 -0.01483166  0.8984008 ]
 [ 0.255465   -0.20469466  1.0425693 ]
 [ 0.38921326 -0.21215105  1.2149609 ]]
[[ 0.          0.          0.40284884]
 [ 0.01181814 -0.09247229  0.45070463]
 [ 0.37585178 -0.19885808  0.5505908 ]
 [ 0.3860839  -0.47435418  0.40169957]
 [ 0.5175938  -0.513133    0.43789667]
 [-0.01192644  0.09238388  0.35496193]
 [ 0.29288262  0.05325481  0.2158928 ]
 [ 0.20981377 -0.28041703  0.00450522]
 [ 0.367446   -0.29428923  0.        ]
 [ 0.08257561  0.04814821  0.59846973]
 [ 0.17256922  0.12184581  0.82715875]
 [ 0.31883293  0.06084642  0.86794996]
 [ 0.23041326  0.12172511  0.93826675]
 [ 0.20327038  0.24610004  0.75879836]
 [ 0.38902137  0.30890766  0.8007236 ]
 [ 0.51860464  0.24169976  0.8539452 ]
 [ 0.144537   -0.01277849  0.8332741 ]
 [ 0.2904042  -0.22770801  0.8956171 ]
 [ 0.44716132 -0.22737479  1.0179393 ]]
[[ 0.          0.          0.3764064 ]
 [ 0.00152023 -0.08685006  0.42116058]
 [ 0.38688982 -0.2013726   0.52426916]
 [ 0.43989277 -0.49444956  0.34277213]
 [ 0.56407046 -0.5265039   0.38400874]
 [-0.00162077  0.08676378  0.331621  ]
 [ 0.30973083  0.05265053  0.21867913]
 [ 0.29758388 -0.29533407  0.        ]
 [ 0.4546566  -0.3104686   0.00981382]
 [ 0.10619535  0.04595099  0.56477284]
 [ 0.22186479  0.12389478  0.7818373 ]
 [ 0.371588    0.06240013  0.8118837 ]
 [ 0.28346306  0.12662888  0.88552463]
 [ 0.24965829  0.24123359  0.70354503]
 [ 0.41552794  0.32628232  0.6290628 ]
 [ 0.5389457   0.2319378   0.63011754]
 [ 0.18680668 -0.00539392  0.79269874]
 [ 0.35799888 -0.21623588  0.8057792 ]
 [ 0.53102183 -0.20211574  0.8876426 ]]
[[ 0.          0.          0.35773998]
 [ 0.00314147 -0.08476231  0.4040569 ]
 [ 0.39472148 -0.18380162  0.48957205]
 [ 0.4730581  -0.4695866   0.28970373]
 [ 0.5916111  -0.49758118  0.3257209 ]
 [-0.00324211  0.08469611  0.3113949 ]
 [ 0.32521284  0.06849039  0.22292545]
 [ 0.34119284 -0.2792353   0.        ]
 [ 0.4923439  -0.2904613   0.01187339]
 [ 0.11457384  0.05455157  0.5368233 ]
 [ 0.23689462  0.14105836  0.7446587 ]
 [ 0.38682002  0.08005151  0.76955795]
 [ 0.30102715  0.14517516  0.84389514]
 [ 0.26144385  0.25088972  0.6678358 ]
 [ 0.4389352   0.30566144  0.6050746 ]
 [ 0.6059321   0.19561714  0.582163  ]
 [ 0.2073758   0.01874989  0.7521372 ]
 [ 0.39139646 -0.18119654  0.7589861 ]
 [ 0.5937624  -0.17691717  0.8359601 ]]
[[ 0.          0.          0.34579307]
 [ 0.01107277 -0.08692704  0.3924701 ]
 [ 0.41109243 -0.0986697   0.49462909]
 [ 0.543429   -0.37117302  0.26231128]
 [ 0.65969455 -0.3806012   0.29835504]
 [-0.011175    0.08686815  0.29908472]
 [ 0.33242714  0.09938721  0.22643602]
 [ 0.37556732 -0.24519968  0.        ]
 [ 0.52237684 -0.25331357  0.01957542]
 [ 0.11561554  0.06387253  0.5187737 ]
 [ 0.24067277  0.1646114   0.719406  ]
 [ 0.39087534  0.10578954  0.7361374 ]
 [ 0.31013456  0.17142394  0.8102225 ]
 [ 0.25734156  0.26498118  0.640657  ]
 [ 0.42393118  0.2732262   0.54743093]
 [ 0.59579754  0.17391036  0.49547145]
 [ 0.2163535   0.04270449  0.72777176]
 [ 0.41221422 -0.15139665  0.71957004]
 [ 0.61922085 -0.11194247  0.78863484]]
[[ 0.          0.          0.32372996]
 [ 0.00825659 -0.08706601  0.3689761 ]
 [ 0.4153212  -0.06814363  0.47793806]
 [ 0.5729721  -0.3174619   0.22621828]
 [ 0.68640566 -0.32347474  0.25483507]
 [-0.00835442  0.08700223  0.27845562]
 [ 0.32735366  0.11799527  0.22105327]
 [ 0.3852979  -0.2235246   0.        ]
 [ 0.549656   -0.24677652  0.02642485]
 [ 0.12029447  0.07812707  0.48509035]
 [ 0.2511234   0.18934014  0.67564607]
 [ 0.39750224  0.13650933  0.6884643 ]
 [ 0.32203692  0.20351622  0.76137877]
 [ 0.26314712  0.27975762  0.5912821 ]
 [ 0.40944058  0.2647232   0.44919345]
 [ 0.58423734  0.16852334  0.35932475]
 [ 0.22373253  0.06864458  0.6880819 ]
 [ 0.41034976 -0.13705364  0.6685334 ]
 [ 0.6164315  -0.08095917  0.7108237 ]]
[[ 0.          0.          0.29661077]
 [ 0.00570468 -0.08372942  0.3419786 ]
 [ 0.42061722 -0.06879777  0.46050158]
 [ 0.56255496 -0.33123854  0.20459682]
 [ 0.67812675 -0.33300063  0.22658667]
 [-0.00580747  0.08366656  0.25121918]
 [ 0.32592905  0.10373958  0.19548884]
 [ 0.35766464 -0.25887552  0.        ]
 [ 0.51816213 -0.28704917  0.03734952]
 [ 0.11819571  0.0928929   0.4486042 ]
 [ 0.24961516  0.21875235  0.6304554 ]
 [ 0.39505118  0.17079097  0.638803  ]
 [ 0.3209914   0.24167198  0.71155787]
 [ 0.2545132   0.30657825  0.5443841 ]
 [ 0.40050116  0.30048645  0.3907649 ]
 [ 0.57469964  0.23133332  0.27690053]
 [ 0.22661671  0.09569335  0.6500831 ]
 [ 0.40594748 -0.12093508  0.6288247 ]
 [ 0.6112629  -0.06005654  0.64269245]]
[[ 0.          0.          0.257321  ]
 [ 0.00998141 -0.07812532  0.30908525]
 [ 0.4263757  -0.06551301  0.4049424 ]
 [ 0.50985163 -0.36236766  0.15257931]
 [ 0.62972116 -0.35894877  0.16214773]
 [-0.01007575  0.07806769  0.20553958]
 [ 0.3190388   0.09689493  0.13105686]
 [ 0.30863893 -0.30830204  0.        ]
 [ 0.44911122 -0.33377123  0.03253219]
 [ 0.11189803  0.11505659  0.39759666]
 [ 0.24172291  0.2652607   0.564841  ]
 [ 0.382703    0.22518471  0.5677963 ]
 [ 0.31322062  0.2973028   0.6405015 ]
 [ 0.22518684  0.3552276   0.48181024]
 [ 0.37156582  0.41535354  0.29260558]
 [ 0.57532173  0.3901196   0.17653614]
 [ 0.23218235  0.14385313  0.5883982 ]
 [ 0.38700056 -0.10205978  0.5774344 ]
 [ 0.5839708  -0.09959818  0.61310875]]
[[ 0.          0.          0.22870408]
 [ 0.03809104 -0.07461966  0.28675574]
 [ 0.40641198  0.00719427  0.37736797]
 [ 0.4226328  -0.31883562  0.13896567]
 [ 0.5408462  -0.28771073  0.13521811]
 [-0.03815615  0.07455042  0.1706219 ]
 [ 0.3010472   0.14010474  0.07318923]
 [ 0.19193289 -0.2672686   0.        ]
 [ 0.2942488  -0.26693693  0.02099638]
 [ 0.073319    0.15579844  0.35969758]
 [ 0.17458908  0.3432664   0.5102413 ]
 [ 0.31744206  0.31903225  0.5004079 ]
 [ 0.25157917  0.38770944  0.5703078 ]
 [ 0.11733285  0.4343491   0.43705392]
 [ 0.216958    0.5378035   0.21689378]
 [ 0.43795556  0.5501393   0.09695856]
 [ 0.20261173  0.21633571  0.5463819 ]
 [ 0.3326124  -0.0450063   0.57708645]
 [ 0.5157641  -0.07677656  0.6288897 ]]
[[ 0.          0.          0.24915051]
 [ 0.04783938 -0.06992732  0.30251172]
 [ 0.38775104  0.02082805  0.36872548]
 [ 0.36770147 -0.30435365  0.14784841]
 [ 0.48997712 -0.28102842  0.15288348]
 [-0.04789929  0.06986792  0.19576402]
 [ 0.2903778   0.15102261  0.09445579]
 [ 0.19898573 -0.23870307  0.        ]
 [ 0.29693943 -0.22867242  0.02009079]
 [ 0.05919337  0.16740164  0.3744765 ]
 [ 0.15083785  0.36661336  0.51105314]
 [ 0.28415877  0.36028862  0.4827638 ]
 [ 0.23313566  0.43213615  0.5513557 ]
 [ 0.06964828  0.4513623   0.44605988]
 [ 0.13480341  0.5699347   0.2216199 ]
 [ 0.34720635  0.59354043  0.09433135]
 [ 0.20181283  0.24468997  0.55256695]
 [ 0.34165552 -0.0042347   0.5741012 ]
 [ 0.5298651  -0.0437068   0.6008923 ]]
[[ 0.          0.          0.26563838]
 [ 0.05814711 -0.06538606  0.3221287 ]
 [ 0.41414326  0.08742489  0.36513743]
 [ 0.36056018 -0.23336214  0.1327455 ]
 [ 0.45215368 -0.1908969   0.13434784]
 [-0.05821751  0.06533125  0.2091232 ]
 [ 0.27292314  0.15962707  0.07357697]
 [ 0.10236263 -0.2306422   0.        ]
 [ 0.20806795 -0.23652136  0.02366288]
 [ 0.04337877  0.17488572  0.38844597]
 [ 0.11701556  0.38021854  0.5203208 ]
 [ 0.24990454  0.3793524   0.48844594]
 [ 0.19780524  0.44885355  0.5551766 ]
 [ 0.02599463  0.45146167  0.45728955]
 [ 0.04899164  0.56142604  0.22365105]
 [ 0.24528387  0.60776734  0.07637092]
 [ 0.18309346  0.26348126  0.55984247]
 [ 0.3374207   0.02674428  0.562529  ]
 [ 0.53950167  0.0373266   0.56292105]]
[[ 0.          0.          0.2561183 ]
 [ 0.06447142 -0.06059166  0.3128052 ]
 [ 0.41227967  0.11321026  0.33227122]
 [ 0.31576055 -0.19902018  0.09687501]
 [ 0.39156768 -0.1510452   0.09464295]
 [-0.06453653  0.0605442   0.1994022 ]
 [ 0.24769378  0.1816568   0.03220534]
 [ 0.02223481 -0.19019848  0.        ]
 [ 0.13604979 -0.20291209  0.00187165]
 [ 0.02687363  0.18620068  0.37807316]
 [ 0.08259729  0.4031405   0.50795203]
 [ 0.20772257  0.41279352  0.48413795]
 [ 0.15519378  0.47468275  0.54371667]
 [-0.020234    0.45986572  0.4462871 ]
 [-0.03802803  0.552624    0.20240709]
 [ 0.1393039   0.6290587   0.04860711]
 [ 0.1616422   0.29368     0.5439531 ]
 [ 0.30088598  0.04749858  0.54364336]
 [ 0.4927367   0.07446989  0.52444834]]
[[ 0.          0.          0.26328668]
 [ 0.06689924 -0.05123187  0.31967998]
 [ 0.40298074  0.1427426   0.32428983]
 [ 0.3167311  -0.22199965  0.11617327]
 [ 0.37765336 -0.17492482  0.09475583]
 [-0.06695418  0.05117977  0.20686387]
 [ 0.22526321  0.2055337   0.03541221]
 [ 0.02651901 -0.17500018  0.00367486]
 [ 0.11016709 -0.16912451  0.        ]
 [ 0.02043641  0.18767583  0.38520038]
 [ 0.06916162  0.40772521  0.5184066 ]
 [ 0.1926012   0.4196627   0.5014698 ]
 [ 0.1367609   0.47965956  0.5595341 ]
 [-0.04322556  0.46199048  0.45503083]
 [-0.0753777   0.5517734   0.21467969]
 [ 0.07981234  0.64809024  0.05197683]
 [ 0.15589562  0.2978927   0.5530015 ]
 [ 0.28093883  0.04812296  0.5365577 ]
 [ 0.4591146   0.06139618  0.5066885 ]]
[[ 0.          0.          0.2812431 ]
 [ 0.07202889 -0.04853219  0.33356655]
 [ 0.40803236  0.15949717  0.2950215 ]
 [ 0.2326921  -0.22164401  0.13541014]
 [ 0.30373466 -0.19588101  0.09731719]
 [-0.07208744  0.04846735  0.22888426]
 [ 0.20934474  0.22090766  0.0312883 ]
 [ 0.01531945 -0.16256408  0.01900268]
 [ 0.07897833 -0.14428636  0.        ]
 [ 0.01425093  0.18264677  0.41154334]
 [ 0.05830257  0.4021988   0.5502806 ]
 [ 0.17369314  0.4232103   0.5293716 ]
 [ 0.12298791  0.47820675  0.5901736 ]
 [-0.06400314  0.44978955  0.4879818 ]
 [-0.10794038  0.53121847  0.24610484]
 [ 0.01609325  0.6555821   0.07593516]
 [ 0.15589812  0.29758203  0.58251685]
 [ 0.26982975  0.05384725  0.5359242 ]
 [ 0.44626737  0.05464184  0.4765706 ]]
[[ 0.          0.          0.28664422]
 [ 0.07630022 -0.05029187  0.33698744]
 [ 0.41613597  0.16245994  0.27070487]
 [ 0.17518261 -0.22263825  0.13320565]
 [ 0.2505264  -0.20637771  0.08170459]
 [-0.07636534  0.05022222  0.23626062]
 [ 0.19983172  0.24110213  0.02151155]
 [ 0.01378212 -0.15986866  0.04198429]
 [ 0.07904477 -0.1406255   0.        ]
 [ 0.01260883  0.1759586   0.42115965]
 [ 0.05460443  0.39169514  0.5627948 ]
 [ 0.16558376  0.41629845  0.54232657]
 [ 0.11770624  0.46880984  0.6000746 ]
 [-0.07122827  0.4393372   0.5034517 ]
 [-0.13016167  0.52569366  0.26309976]
 [-0.01915517  0.65010726  0.08548769]
 [ 0.15548423  0.28986853  0.59229857]
 [ 0.26822424  0.05092365  0.5246491 ]
 [ 0.4535067   0.07704403  0.45139217]]
[[ 0.          0.          0.30308247]
 [ 0.08095648 -0.04672018  0.34850994]
 [ 0.42464697  0.19164877  0.26034328]
 [ 0.18989679 -0.19702709  0.13967627]
 [ 0.24887002 -0.1746923   0.08873938]
 [-0.08101796  0.04664616  0.25760803]
 [ 0.16061856  0.25062042  0.01927266]
 [ 0.01915808 -0.16401781  0.04700041]
 [ 0.08752292 -0.145693    0.        ]
 [ 0.01681753  0.16986112  0.4460206 ]
 [ 0.06045896  0.3778845   0.59628195]
 [ 0.16594486  0.4105456   0.5807659 ]
 [ 0.12118272  0.45507967  0.63939095]
 [-0.06700698  0.4248675   0.5388407 ]
 [-0.1418607   0.5129715   0.30306786]
 [-0.04147664  0.64808095  0.11874753]
 [ 0.16502576  0.2767827   0.6181854 ]
 [ 0.27139458  0.05346482  0.5344797 ]
 [ 0.45947498  0.10136561  0.4493955 ]]
[[ 0.          0.          0.31431323]
 [ 0.08320291 -0.04569261  0.3556564 ]
 [ 0.42592928  0.23240837  0.25501895]
 [ 0.26014626 -0.16269112  0.12950206]
 [ 0.31592792 -0.12490253  0.07906374]
 [-0.08326335  0.04562335  0.27291453]
 [ 0.1267241   0.27071798  0.0178133 ]
 [-0.00432377 -0.140784    0.03815097]
 [ 0.06630632 -0.12987307  0.        ]
 [ 0.02290506  0.16476825  0.46509525]
 [ 0.07319241  0.36624816  0.624217  ]
 [ 0.17589606  0.40234002  0.61772764]
 [ 0.1323301   0.4411047   0.6771268 ]
 [-0.05668937  0.41740352  0.56868696]
 [-0.13911211  0.51127386  0.3396772 ]
 [-0.04235789  0.654943    0.15224674]
 [ 0.17736338  0.26341718  0.63949335]
 [ 0.27295512  0.05261452  0.54415715]
 [ 0.46287832  0.12821569  0.45954287]]
[[ 0.0000000e+00  0.0000000e+00  3.2792893e-01]
 [ 8.6615577e-02 -4.4389393e-02  3.6716247e-01]
 [ 4.2472935e-01  2.4859694e-01  2.5725898e-01]
 [ 2.5046259e-01 -1.2969968e-01  1.1963439e-01]
 [ 3.1852114e-01 -8.5669488e-02  5.8003455e-02]
 [-8.6682156e-02  4.4311270e-02  2.8863639e-01]
 [ 9.1149770e-02  2.4756610e-01  1.6584992e-04]
 [-2.7918015e-02 -1.7184833e-01  5.1344693e-02]
 [ 4.0403180e-02 -1.6391316e-01  0.0000000e+00]
 [ 2.8261621e-02  1.6061656e-01  4.8171216e-01]
 [ 8.1453532e-02  3.5670274e-01  6.4939666e-01]
 [ 1.8543260e-01  3.9253199e-01  6.4818263e-01]
 [ 1.3742264e-01  4.2105019e-01  7.1078718e-01]
 [-4.6867818e-02  4.0925771e-01  5.9135711e-01]
 [-1.3164294e-01  5.1276356e-01  3.7038147e-01]
 [-3.5123497e-02  6.6394830e-01  1.8430340e-01]
 [ 1.8431070e-01  2.5490618e-01  6.5849292e-01]
 [ 2.7042833e-01  5.0173804e-02  5.6002736e-01]
 [ 4.6276984e-01  1.4410520e-01  4.7325778e-01]]
[[ 0.          0.          0.35415858]
 [ 0.0864943  -0.0433666   0.392049  ]
 [ 0.41530776  0.25139835  0.26881018]
 [ 0.2246803  -0.1051867   0.1221242 ]
 [ 0.2988909  -0.05994338  0.04450011]
 [-0.0865633   0.04327714  0.31620604]
 [ 0.0572492   0.22606751  0.        ]
 [-0.04384179 -0.19037585  0.08483732]
 [ 0.03037304 -0.18106839  0.00659496]
 [ 0.03373513  0.15148607  0.51216847]
 [ 0.09353648  0.3432387   0.68717754]
 [ 0.19651574  0.37543783  0.6993791 ]
 [ 0.14607254  0.39724547  0.7589977 ]
 [-0.03520802  0.39953437  0.62652093]
 [-0.11922944  0.5088735   0.40736568]
 [-0.02069256  0.66714454  0.22540972]
 [ 0.19502898  0.2393057   0.69177186]
 [ 0.27231866  0.03239468  0.59301364]
 [ 0.4572252   0.11111547  0.5023657 ]]
[[ 0.          0.          0.370847  ]
 [ 0.08913573 -0.04066595  0.40651783]
 [ 0.4144053   0.26738164  0.28791428]
 [ 0.22139332 -0.04748416  0.11317211]
 [ 0.30091116  0.01566854  0.03248096]
 [-0.08920361  0.04057076  0.33511776]
 [ 0.00901562  0.20400618  0.        ]
 [-0.05500597 -0.23228897  0.08573392]
 [ 0.01633642 -0.22990423  0.01696926]
 [ 0.03987152  0.14567542  0.5282704 ]
 [ 0.10757053  0.3321154   0.7069723 ]
 [ 0.20981705  0.3612644   0.72949076]
 [ 0.1590105   0.37984878  0.79162323]
 [-0.02457303  0.392504    0.6473786 ]
 [-0.10625988  0.5060885   0.43207315]
 [ 0.00190836  0.6770309   0.26034144]
 [ 0.20784853  0.22772413  0.709239  ]
 [ 0.2766698   0.0191402   0.61090124]
 [ 0.46185085  0.07879709  0.51816624]]
[[ 0.          0.          0.37982166]
 [ 0.09114751 -0.03924153  0.41328818]
 [ 0.40393317  0.28462332  0.2894863 ]
 [ 0.23357973 -0.01083648  0.09630513]
 [ 0.33376145  0.05359811  0.01945814]
 [-0.09121148  0.03914494  0.34629643]
 [-0.03101321  0.20386958  0.        ]
 [-0.05751968 -0.26816127  0.07730287]
 [ 0.01578897 -0.28457314  0.03608567]
 [ 0.04678016  0.13793568  0.5369946 ]
 [ 0.12143758  0.31720805  0.7193006 ]
 [ 0.21977495  0.34359246  0.75473005]
 [ 0.16575848  0.35147107  0.8145407 ]
 [-0.01221032  0.38029456  0.65949893]
 [-0.09132755  0.49513334  0.44702986]
 [ 0.03170176  0.6630224   0.28480577]
 [ 0.21863435  0.21513402  0.7175989 ]
 [ 0.281361    0.01172161  0.6190859 ]
 [ 0.47074354  0.07215678  0.5399302 ]]
[[ 0.          0.          0.38804463]
 [ 0.09162772 -0.03860797  0.41963086]
 [ 0.39375067  0.2969193   0.29937294]
 [ 0.24272546  0.03441736  0.06153524]
 [ 0.34392607  0.10551226  0.00537932]
 [-0.0916855   0.03851011  0.3564032 ]
 [-0.07171652  0.18245533  0.        ]
 [-0.07301082 -0.3126955   0.07389989]
 [-0.00169629 -0.3360988   0.04422721]
 [ 0.05431175  0.13468155  0.5442041 ]
 [ 0.13636702  0.3120405   0.7284053 ]
 [ 0.23644583  0.33423948  0.7718532 ]
 [ 0.17784566  0.33702704  0.8341365 ]
 [ 0.00369467  0.3757038   0.66769814]
 [-0.07577744  0.48900914  0.456939  ]
 [ 0.06699382  0.64891016  0.30119035]
 [ 0.23068175  0.21043152  0.7248796 ]
 [ 0.28575644  0.01344605  0.6317739 ]
 [ 0.46875203  0.0330272   0.55788064]]
[[ 0.          0.          0.39503682]
 [ 0.09103005 -0.03923748  0.42554316]
 [ 0.38659355  0.30348527  0.30575493]
 [ 0.24793157  0.0684998   0.05180097]
 [ 0.35141328  0.14769796  0.        ]
 [-0.09107706  0.03914859  0.36447713]
 [-0.09435302  0.17092769  0.00152609]
 [-0.08693232 -0.32744884  0.07313883]
 [-0.01188856 -0.35919017  0.05100721]
 [ 0.05890642  0.13167077  0.55020136]
 [ 0.14507511  0.30593812  0.73568547]
 [ 0.24544078  0.32854894  0.7856591 ]
 [ 0.18492545  0.32866567  0.8467254 ]
 [ 0.01344562  0.37026548  0.67444605]
 [-0.07031095  0.48059118  0.46611935]
 [ 0.08477543  0.6338903   0.31495118]
 [ 0.23750447  0.20250401  0.73067105]
 [ 0.28573066  0.00134572  0.64200413]
 [ 0.47929713  0.04894856  0.5775328 ]]
