[[ 0.          0.          0.6726904 ]
 [ 0.09330218  0.03943737  0.7012589 ]
 [-0.09197466  0.2968591   0.4413597 ]
 [-0.13885647  0.37199143  0.03892821]
 [-0.2103458   0.4951425   0.        ]
 [-0.09360143 -0.03957811  0.64357525]
 [ 0.08343494 -0.03506368  0.28322172]
 [ 0.3787353  -0.3616078   0.3088991 ]
 [ 0.532835   -0.3604303   0.21913028]
 [-0.0277233   0.05702692  0.8909645 ]
 [-0.06963922  0.10568479  1.1376812 ]
 [-0.10921445  0.20290405  1.1774037 ]
 [-0.09593844  0.13618147  1.2649635 ]
 [-0.2097995   0.08445513  1.1242247 ]
 [-0.3633064  -0.0265826   0.973186  ]
 [-0.35384077  0.20910476  0.90069544]
 [ 0.06355912  0.08322749  1.0796531 ]
 [ 0.30003756 -0.01996553  1.0725973 ]
 [ 0.42141676  0.0116338   0.83825827]]
[[ 0.          0.          0.7522476 ]
 [ 0.09827447  0.03819164  0.7763491 ]
 [-0.03636815  0.30081734  0.46861356]
 [-0.0349396   0.27639708  0.05447942]
 [-0.0998572   0.4015973   0.        ]
 [-0.09854323 -0.03828572  0.72777057]
 [ 0.01066418  0.02208343  0.34815562]
 [ 0.29059112 -0.35506     0.48493516]
 [ 0.46875167 -0.35922024  0.44494554]
 [-0.02021196  0.07183811  0.96853566]
 [-0.05535853  0.13554865  1.2127432 ]
 [-0.1024437   0.22337371  1.2673912 ]
 [-0.08242036  0.15216345  1.3453858 ]
 [-0.19408123  0.10738781  1.19708   ]
 [-0.32878602 -0.02495597  1.0055933 ]
 [-0.3286649   0.18409124  0.86213356]
 [ 0.07733468  0.12345108  1.149478  ]
 [ 0.28458947  0.0809629   1.0547239 ]
 [ 0.30919856  0.18245518  0.8397348 ]]
[[ 0.          0.          0.7401979 ]
 [ 0.10668823  0.0497813   0.7576041 ]
 [ 0.05869299  0.31980816  0.44010812]
 [ 0.13428295  0.18938392  0.06197608]
 [ 0.07587913  0.3177394   0.        ]
 [-0.10697694 -0.04979698  0.722671  ]
 [-0.12259386  0.05199903  0.3531061 ]
 [ 0.15337369 -0.33735532  0.5307298 ]
 [ 0.2988968  -0.3392077   0.5049534 ]
 [-0.01860822  0.07378457  0.95500624]
 [-0.0509247   0.14852107  1.199907  ]
 [-0.10533142  0.22446558  1.2732503 ]
 [-0.07761195  0.1484037   1.3418984 ]
 [-0.19265851  0.10391492  1.1854134 ]
 [-0.2858131  -0.08224082  1.0085677 ]
 [-0.2539187   0.09687953  0.88233244]
 [ 0.09085973  0.15895408  1.1300504 ]
 [ 0.21088214  0.2124473   0.9365604 ]
 [ 0.13219269  0.36568668  0.83590585]]
[[ 0.          0.          0.7023185 ]
 [ 0.10632554  0.05823431  0.7167368 ]
 [ 0.14656323  0.32666343  0.38970125]
 [ 0.27534193  0.14051199  0.08199978]
 [ 0.23269665  0.2715519   0.        ]
 [-0.1065913  -0.05816289  0.6878622 ]
 [-0.22510487  0.04375613  0.3675626 ]
 [ 0.02867287 -0.35677832  0.44379652]
 [ 0.10568649 -0.3628304   0.40419388]
 [-0.02913164  0.07625069  0.91365635]
 [-0.0663387   0.15792978  1.1587925 ]
 [-0.11707336  0.23279202  1.2314627 ]
 [-0.08974004  0.15188134  1.3064787 ]
 [-0.21096492  0.10793498  1.1466857 ]
 [-0.22112504 -0.09617782  0.96802443]
 [-0.1822328   0.08420049  0.8740059 ]
 [ 0.07891345  0.17726028  1.0874672 ]
 [ 0.1071749   0.26726633  0.84777945]
 [-0.04335582  0.3557489   0.882991  ]]
[[ 0.          0.          0.66929096]
 [ 0.10608716  0.05790585  0.6768398 ]
 [ 0.28252047  0.22286752  0.35806406]
 [ 0.47790527 -0.04699194  0.13610148]
 [ 0.47482556  0.02327698  0.        ]
 [-0.10624026 -0.05778943  0.6617458 ]
 [-0.22474054  0.2306888   0.49780023]
 [-0.1400496  -0.03289869  0.21566194]
 [-0.22127461  0.04567242  0.06322461]
 [-0.04267768  0.04106727  0.88793004]
 [-0.08756158  0.10258526  1.1328115 ]
 [-0.13499105  0.16892594  1.2005396 ]
 [-0.12908922  0.0733912   1.2450206 ]
 [-0.22301106  0.04698449  1.1509331 ]
 [-0.2501402  -0.08439168  1.0175508 ]
 [-0.20507126  0.03958201  1.0178561 ]
 [ 0.04924817  0.14093122  1.063014  ]
 [-0.00949153  0.29479173  0.8515787 ]
 [-0.17115223  0.3015247   1.0040207 ]]
[[ 0.          0.          0.6505595 ]
 [ 0.10112098  0.0568012   0.65580976]
 [ 0.2770658   0.17448032  0.3431232 ]
 [ 0.48137742 -0.14705396  0.22076997]
 [ 0.5086076  -0.11846364  0.06458378]
 [-0.10126778 -0.05661988  0.6454916 ]
 [-0.23475301  0.25818586  0.46884128]
 [-0.25803852  0.17842597  0.07488912]
 [-0.3664531   0.28997275  0.        ]
 [-0.05724101  0.02233297  0.8683369 ]
 [-0.11722794  0.06204379  1.1128271 ]
 [-0.18562591  0.11765319  1.1804821 ]
 [-0.16885793  0.03206062  1.2232952 ]
 [-0.22858687  0.01860988  1.1222095 ]
 [-0.11660148  0.0072524   0.8746889 ]
 [-0.11801168  0.04041551  0.80108404]
 [ 0.01015621  0.10668883  1.0458236 ]
 [-0.02944452  0.26092792  0.8207952 ]
 [-0.20507008  0.28396395  0.9599601 ]]
[[ 0.          0.          0.65335965]
 [ 0.09912858  0.05050661  0.657405  ]
 [ 0.17629012  0.08864927  0.26814446]
 [ 0.3519718  -0.34014052  0.32247192]
 [ 0.44219506 -0.35938936  0.22905442]
 [-0.09926169 -0.05036177  0.64974105]
 [-0.22327244  0.2951063   0.4244696 ]
 [-0.23562622  0.39162472  0.03262568]
 [-0.32629123  0.5226371   0.        ]
 [-0.06807923  0.02132311  0.867118  ]
 [-0.13762158  0.05551255  1.113967  ]
 [-0.22680008  0.09436536  1.1890466 ]
 [-0.19912505  0.02402824  1.242544  ]
 [-0.23534149  0.01195806  1.1066321 ]
 [-0.14176187 -0.0055647   0.8719978 ]
 [-0.09342399  0.03624953  0.75605214]
 [-0.01859739  0.09838673  1.0543888 ]
 [-0.00491949  0.21724772  0.79881746]
 [-0.17293671  0.31688362  0.784773  ]]
[[ 0.          0.          0.6872376 ]
 [ 0.09696872  0.04148929  0.6909213 ]
 [ 0.08426586  0.06982622  0.2725653 ]
 [ 0.2345944  -0.40640515  0.4026885 ]
 [ 0.34816825 -0.45557213  0.3683229 ]
 [-0.09716331 -0.04144115  0.68402666]
 [-0.17585313  0.30492377  0.4186552 ]
 [-0.12354779  0.42294902  0.03091741]
 [-0.20598239  0.57261384  0.        ]
 [-0.06918423  0.02909151  0.89521074]
 [-0.14190494  0.06023985  1.139528  ]
 [-0.22533691  0.09513533  1.22221   ]
 [-0.1944445   0.02244252  1.2769489 ]
 [-0.24198091  0.01680759  1.12306   ]
 [-0.19929552 -0.04105446  0.9136689 ]
 [-0.18205142  0.11500809  0.7866677 ]
 [-0.02206587  0.08774677  1.0804281 ]
 [ 0.0398736   0.14572859  0.8098021 ]
 [-0.02551861  0.2610894   0.66855395]]
[[ 0.00000000e+00  0.00000000e+00  6.65734708e-01]
 [ 7.46480450e-02  5.51683083e-02  6.75437689e-01]
 [-8.33279341e-02  1.58551574e-01  3.99054348e-01]
 [ 3.82050015e-02  1.08557105e-01  5.93563914e-02]
 [-3.99434865e-02  1.96406454e-01  0.00000000e+00]
 [-7.46518895e-02 -5.51281460e-02  6.55714214e-01]
 [ 2.97825038e-03  2.17414767e-01  3.90508860e-01]
 [ 2.07831055e-01  1.42529920e-01  3.88984323e-01]
 [ 1.51247486e-01  3.20666939e-01  8.82400870e-02]
 [-4.97871786e-02  2.99306065e-02  8.75144482e-01]
 [-1.05645820e-01  5.52252531e-02  1.11501098e+00]
 [-1.51225016e-01  9.97915864e-02  1.18851995e+00]
 [-1.35386020e-01  2.57723927e-02  1.24909019e+00]
 [-2.14714617e-01 -3.34915519e-03  1.09398746e+00]
 [-3.02811354e-01 -1.12865701e-01  8.74645591e-01]
 [-2.80895293e-01  1.04706436e-02  8.54229212e-01]
 [-5.41351736e-04  7.90606141e-02  1.05871463e+00]
 [ 1.70202225e-01  8.51711482e-02  9.14836586e-01]
 [ 2.30333269e-01  1.73403978e-01  7.18556523e-01]]
[[ 0.00000000e+00  0.00000000e+00  6.51543617e-01]
 [ 8.47120211e-02  5.99748380e-02  6.69754505e-01]
 [-1.80810899e-01  2.25460798e-01  4.89104629e-01]
 [-2.25330144e-02 -3.02819312e-02  2.82359421e-01]
 [-4.12233397e-02  3.82579863e-02  1.33448899e-01]
 [-8.48972201e-02 -6.01524860e-02  6.32887065e-01]
 [ 4.79094312e-02  1.02942765e-01  3.04921985e-01]
 [ 2.95332581e-01  9.38443840e-02  1.07122183e-01]
 [ 2.32026130e-01  2.14622319e-01  0.00000000e+00]
 [-6.15238026e-02  1.19023472e-02  8.75114739e-01]
 [-1.22878328e-01  3.58338356e-02  1.13046408e+00]
 [-1.70416519e-01  1.07399404e-01  1.20799470e+00]
 [-1.55569017e-01  1.52745843e-02  1.27184093e+00]
 [-2.51185775e-01 -2.95072794e-04  1.11931622e+00]
 [-3.85009229e-01 -3.59131396e-03  8.83732080e-01]
 [-3.39470863e-01  1.79453909e-01  1.01544273e+00]
 [ 2.92811356e-03  4.55554724e-02  1.07212937e+00]
 [ 2.68076479e-01 -1.54319406e-02  1.01767445e+00]
 [ 3.94297302e-01  3.68025303e-02  7.94212162e-01]]
[[ 0.00000000e+00  0.00000000e+00  6.29032195e-01]
 [ 8.96317959e-02  4.24297005e-02  6.49035633e-01]
 [-1.92915112e-01  1.98821902e-01  4.99848008e-01]
 [-1.65005744e-01  4.77825403e-02  1.03640735e-01]
 [-2.31708288e-01  1.49168521e-01  3.02106738e-02]
 [-8.98635462e-02 -4.27056104e-02  6.08446062e-01]
 [ 1.14188530e-01  1.04972124e-01  2.96732426e-01]
 [ 3.66209507e-01 -9.94539261e-03  1.42822444e-01]
 [ 3.69222701e-01  7.14023113e-02  0.00000000e+00]
 [-5.13240695e-02  3.90172005e-04  8.56737733e-01]
 [-9.99734476e-02  1.35121942e-02  1.11318207e+00]
 [-1.39569610e-01  9.78603959e-02  1.18419623e+00]
 [-1.23469949e-01  7.35902786e-03  1.24565864e+00]
 [-2.38289565e-01 -1.43936276e-03  1.10595691e+00]
 [-3.92729580e-01  4.23901081e-02  8.94415259e-01]
 [-3.14662874e-01  2.27105319e-01  1.03561330e+00]
 [ 2.91610602e-02  3.82277369e-03  1.06208384e+00]
 [ 2.94549912e-01 -6.11835420e-02  1.05753160e+00]
 [ 4.20311332e-01 -2.27451026e-02  8.41027379e-01]]
[[ 0.          0.          0.59422725]
 [ 0.09284419  0.0356046   0.61253935]
 [-0.17320868  0.20190369  0.444157  ]
 [-0.23295748  0.16203308  0.03210509]
 [-0.30980358  0.28381866  0.        ]
 [-0.0931609  -0.03588341  0.5752724 ]
 [ 0.12456874  0.0742341   0.2522187 ]
 [ 0.40570807 -0.11453146  0.17833602]
 [ 0.46768206 -0.05972981  0.0435124 ]
 [-0.04156712  0.0036552   0.82321656]
 [-0.08308949  0.01342532  1.0791156 ]
 [-0.12281279  0.10066944  1.1487529 ]
 [-0.10299779  0.01420927  1.2095282 ]
 [-0.22587416  0.0041064   1.0707082 ]
 [-0.39401445  0.04241201  0.8693056 ]
 [-0.3099786   0.25189644  0.97947705]
 [ 0.04886379 -0.00194135  1.0279288 ]
 [ 0.30764467 -0.06537771  1.0306091 ]
 [ 0.42037654 -0.01959638  0.80311424]]
[[ 0.          0.          0.6716308 ]
 [ 0.0979861   0.04093345  0.691848  ]
 [-0.12709278  0.2413021   0.44310912]
 [-0.19445845  0.22642088  0.03200215]
 [-0.2697866   0.35011077  0.        ]
 [-0.09834991 -0.0411789   0.65080315]
 [ 0.08451363  0.04297054  0.28804636]
 [ 0.39883417 -0.20367149  0.34398463]
 [ 0.52502507 -0.16595429  0.25020784]
 [-0.02579468  0.02978936  0.8988093 ]
 [-0.05753559  0.05480552  1.1531292 ]
 [-0.104265    0.13780248  1.2284002 ]
 [-0.0820901   0.04934508  1.2850332 ]
 [-0.20468023  0.03451836  1.1453719 ]
 [-0.37410682 -0.02427965  0.9537587 ]
 [-0.33400738  0.20949031  0.9415462 ]
 [ 0.08005446  0.04713142  1.0932362 ]
 [ 0.31678987 -0.01483032  1.036882  ]
 [ 0.38507867  0.04871538  0.79783034]]
[[ 0.          0.          0.77046406]
 [ 0.09920979  0.04554093  0.78517324]
 [-0.04889333  0.2591173   0.4685552 ]
 [-0.04462351  0.16185176  0.05291176]
 [-0.11171442  0.28489     0.        ]
 [-0.09947924 -0.04568417  0.7553888 ]
 [-0.02494679  0.06710091  0.37014458]
 [ 0.25161445 -0.2435728   0.55367935]
 [ 0.4140213  -0.22646709  0.50294995]
 [-0.00999698  0.06445184  0.9900606 ]
 [-0.03049844  0.11559498  1.2399421 ]
 [-0.08729519  0.18262815  1.3295361 ]
 [-0.05231725  0.10181296  1.3855324 ]
 [-0.17063108  0.07792929  1.2321287 ]
 [-0.30993915 -0.04041061  1.0259544 ]
 [-0.30183035  0.15817049  0.88522196]
 [ 0.09998421  0.1211637   1.1637895 ]
 [ 0.27922308  0.13746211  0.99610734]
 [ 0.23821484  0.300497    0.8229451 ]]
[[ 0.          0.          0.77026504]
 [ 0.10408363  0.05837814  0.7848886 ]
 [ 0.03016312  0.28849575  0.44919738]
 [ 0.09333283  0.14703375  0.05756193]
 [ 0.016604    0.27227283  0.        ]
 [-0.10431684 -0.05842977  0.7554433 ]
 [-0.13469848  0.07053873  0.38049334]
 [ 0.15587887 -0.2871089   0.5627093 ]
 [ 0.2901897  -0.27046347  0.49691153]
 [-0.01213463  0.07293671  0.98612624]
 [-0.03469916  0.1451636   1.2340899 ]
 [-0.08903727  0.20531964  1.3292048 ]
 [-0.05264838  0.12708485  1.3850896 ]
 [-0.1742662   0.09034139  1.2191962 ]
 [-0.2879422  -0.08502159  1.0433347 ]
 [-0.2526812   0.10312197  0.92413753]
 [ 0.10121635  0.16514415  1.1596007 ]
 [ 0.2217377   0.23421344  0.9454642 ]
 [ 0.11623247  0.39808953  0.8486137 ]]
[[ 0.          0.          0.7129589 ]
 [ 0.10661548  0.07184753  0.7249555 ]
 [ 0.17158735  0.25065875  0.36740577]
 [ 0.3269      0.03384173  0.08938938]
 [ 0.26667088  0.1438201   0.        ]
 [-0.10681017 -0.07176276  0.7008942 ]
 [-0.2702149   0.1199404   0.4447083 ]
 [-0.03703828 -0.24140155  0.38464198]
 [-0.03605565 -0.2149027   0.24262142]
 [-0.02654891  0.05811445  0.9312322 ]
 [-0.05633354  0.12406254  1.1826239 ]
 [-0.11087468  0.18240935  1.2761225 ]
 [-0.08258201  0.08957672  1.3278441 ]
 [-0.19731483  0.05502605  1.1833174 ]
 [-0.2263433  -0.13821389  1.0098628 ]
 [-0.20469064  0.03531048  0.9675704 ]
 [ 0.08004152  0.1632041   1.10368   ]
 [ 0.0803438   0.2952366   0.8726381 ]
 [-0.08667041  0.37178147  0.9397273 ]]
[[ 0.          0.          0.6796959 ]
 [ 0.09892131  0.06162681  0.6814159 ]
 [ 0.26579672  0.1734046   0.35959578]
 [ 0.4669258  -0.11195868  0.14046383]
 [ 0.45033693 -0.05495697  0.        ]
 [-0.09903226 -0.06156249  0.6780275 ]
 [-0.24592674  0.21616456  0.5180576 ]
 [-0.17771858 -0.05016303  0.20081681]
 [-0.2684031   0.02398133  0.055498  ]
 [-0.03170364  0.02831745  0.9021888 ]
 [-0.06115655  0.07806063  1.1533267 ]
 [-0.10970025  0.14988244  1.2223215 ]
 [-0.08758786  0.05613738  1.2798979 ]
 [-0.18920478  0.01421425  1.1747617 ]
 [-0.22777997 -0.10163903  1.025562  ]
 [-0.17967059  0.00667968  1.0253154 ]
 [ 0.06280849  0.12571347  1.0697796 ]
 [ 0.00525239  0.28434318  0.8631095 ]
 [-0.15327808  0.2772489   1.0138397 ]]
[[ 0.          0.          0.6310596 ]
 [ 0.09540844  0.06027526  0.63117194]
 [ 0.26037607  0.11731969  0.29465652]
 [ 0.49041247 -0.21458653  0.23177361]
 [ 0.51168007 -0.20536554  0.07443172]
 [-0.09555844 -0.06018595  0.6312567 ]
 [-0.24181283  0.22747709  0.45529285]
 [-0.2917496   0.17443833  0.06042016]
 [-0.40315294  0.2903458   0.        ]
 [-0.04319662  0.01057577  0.85381514]
 [-0.08561127  0.03800425  1.1058567 ]
 [-0.15270351  0.08964807  1.1825368 ]
 [-0.12534103  0.00279284  1.228471  ]
 [-0.19450635 -0.01170027  1.1175811 ]
 [-0.12602854 -0.0470593   0.8868202 ]
 [-0.07769164  0.00648138  0.7956289 ]
 [ 0.03176384  0.08482698  1.0322726 ]
 [-0.0179327   0.22439152  0.8081007 ]
 [-0.16952199  0.27855057  0.94091344]]
[[ 0.          0.          0.6478271 ]
 [ 0.09772463  0.03694232  0.6453325 ]
 [ 0.12715544  0.01812544  0.25463396]
 [ 0.3130866  -0.3742811   0.31137118]
 [ 0.4131922  -0.3981073   0.2416423 ]
 [-0.09799251 -0.03686504  0.6507771 ]
 [-0.21678603  0.28876507  0.40813607]
 [-0.24229336  0.38298202  0.03171378]
 [-0.3244477   0.50750244  0.        ]
 [-0.0586644   0.00211391  0.8643681 ]
 [-0.1160834   0.0203414   1.1145164 ]
 [-0.17953807  0.06101269  1.2045403 ]
 [-0.15625241 -0.01332819  1.2617652 ]
 [-0.20272936  0.00456387  1.1091896 ]
 [-0.08444805  0.07275176  0.9274883 ]
 [ 0.02576439  0.03642333  1.1983763 ]
 [-0.00732126  0.04722506  1.0494496 ]
 [ 0.02446126  0.15451153  0.7946662 ]
 [-0.13822931  0.24142331  0.7676103 ]]
[[ 0.          0.          0.69275355]
 [ 0.09572995  0.04636578  0.6902368 ]
 [ 0.01918478  0.05789563  0.2852447 ]
 [ 0.19182006 -0.4221932   0.44493768]
 [ 0.2968783  -0.46407562  0.3957249 ]
 [-0.09596188 -0.0463921   0.6956904 ]
 [-0.15414667  0.27954873  0.40747172]
 [-0.09281155  0.37027964  0.03559071]
 [-0.18401927  0.5236341   0.        ]
 [-0.05856404  0.01891153  0.9058909 ]
 [-0.11918962  0.03686062  1.1553922 ]
 [-0.19352236  0.06557167  1.2536359 ]
 [-0.159286   -0.0145545   1.2969646 ]
 [-0.21686749 -0.01040173  1.1453112 ]
 [-0.18015212 -0.05660017  0.9186772 ]
 [-0.19340451  0.06393139  0.823823  ]
 [-0.00521849  0.06691304  1.0859284 ]
 [ 0.08199529  0.09649304  0.8218156 ]
 [ 0.06031667  0.19651246  0.62607354]]
[[ 0.00000000e+00  0.00000000e+00  6.95839524e-01]
 [ 9.13740322e-02  6.33366853e-02  6.96947217e-01]
 [-9.08657014e-02  9.02414322e-02  3.45341325e-01]
 [ 1.23733371e-01 -3.60974431e-01  4.42899287e-01]
 [ 2.00500190e-01 -3.84992003e-01  3.47201526e-01]
 [-9.15867984e-02 -6.34593219e-02  6.94943786e-01]
 [-8.65533948e-02  2.15032652e-01  3.71291995e-01]
 [ 5.70192374e-02  2.83351362e-01  4.70042825e-02]
 [-4.46781814e-02  4.33883697e-01  0.00000000e+00]
 [-5.49932420e-02  2.50469595e-02  9.11738396e-01]
 [-1.13713145e-01  3.93801928e-02  1.16240382e+00]
 [-1.85748398e-01  7.20157027e-02  1.26753235e+00]
 [-1.47384837e-01 -1.40495896e-02  1.30814958e+00]
 [-2.20528215e-01 -2.06681192e-02  1.15336394e+00]
 [-2.57275850e-01 -8.70072097e-02  9.42051291e-01]
 [-2.60914147e-01  9.14462358e-02  8.75882149e-01]
 [ 1.23119354e-03  6.90631568e-02  1.09130573e+00]
 [ 1.64357185e-01  5.98021299e-02  8.70249748e-01]
 [ 2.23642960e-01  1.69566154e-01  6.58570051e-01]]
[[ 0.          0.          0.647899  ]
 [ 0.08228909  0.06392738  0.6645088 ]
 [-0.19380662  0.2117132   0.4803876 ]
 [-0.03202667 -0.04220495  0.2318803 ]
 [-0.06247926  0.02681756  0.10770398]
 [-0.08246819 -0.06415443  0.6308471 ]
 [ 0.068724    0.08403277  0.29476568]
 [ 0.3140533   0.06181997  0.11441988]
 [ 0.25978008  0.1807372   0.        ]
 [-0.05169593  0.0070695   0.8730049 ]
 [-0.10101099  0.02604315  1.1296636 ]
 [-0.15088087  0.08941412  1.2197549 ]
 [-0.1308356  -0.00737894  1.2669599 ]
 [-0.23230244 -0.01261261  1.123073  ]
 [-0.36760795 -0.02224296  0.8956889 ]
 [-0.3214118   0.16828534  1.015546  ]
 [ 0.02003267  0.03910655  1.0646143 ]
 [ 0.27606294 -0.02627596  0.9968524 ]
 [ 0.39420974  0.02999052  0.7707763 ]]
[[ 0.          0.          0.6064097 ]
 [ 0.08701137  0.04473355  0.6232946 ]
 [-0.19751775  0.19315395  0.46994746]
 [-0.17607313  0.06597778  0.06968832]
 [-0.2533366   0.17365062  0.        ]
 [-0.0872575  -0.04502103  0.5889492 ]
 [ 0.12997279  0.06962925  0.26415902]
 [ 0.4020067  -0.05337438  0.15764332]
 [ 0.42432854  0.02365476  0.02664626]
 [-0.0399171   0.00180483  0.8348355 ]
 [-0.07488875  0.01419696  1.0922848 ]
 [-0.117112    0.09169418  1.1743441 ]
 [-0.09416832 -0.00264513  1.2237587 ]
 [-0.21711144 -0.00388134  1.0892013 ]
 [-0.38200808  0.01508334  0.8851933 ]
 [-0.30439806  0.21229291  1.0057561 ]
 [ 0.05209477  0.00757977  1.0352707 ]
 [ 0.30957437 -0.05375487  1.0096345 ]
 [ 0.41685438 -0.00864415  0.78157496]]
[[ 0.          0.          0.6152467 ]
 [ 0.09220919  0.04012878  0.6321565 ]
 [-0.15373498  0.23218146  0.43664956]
 [-0.21820965  0.22442672  0.03100282]
 [-0.29905224  0.3479627   0.        ]
 [-0.09255435 -0.04039977  0.59772694]
 [ 0.11512862  0.04913709  0.25693214]
 [ 0.4340945  -0.14893493  0.2691849 ]
 [ 0.5321453  -0.10072911  0.17375875]
 [-0.02851468  0.01264106  0.84317136]
 [-0.05670059  0.02633184  1.0997767 ]
 [-0.09752385  0.10465264  1.1834633 ]
 [-0.07132688  0.01486182  1.2327406 ]
 [-0.20130593  0.00885612  1.0926936 ]
 [-0.37904578 -0.00165629  0.8945156 ]
 [-0.31194997  0.22376746  0.95445335]
 [ 0.07355262  0.01955876  1.0388906 ]
 [ 0.3193676  -0.0450446   0.9880873 ]
 [ 0.39665318  0.01842928  0.75287145]]
[[ 0.          0.          0.7070248 ]
 [ 0.09744143  0.04160428  0.72436994]
 [-0.09624153  0.24863979  0.44459566]
 [-0.14260826  0.22051215  0.03219044]
 [-0.21688086  0.34336656  0.        ]
 [-0.09777244 -0.04185919  0.68920064]
 [ 0.04552791  0.06057763  0.33082813]
 [ 0.35031176 -0.20420332  0.4651739 ]
 [ 0.49995834 -0.16778356  0.43224043]
 [-0.01331273  0.03877401  0.93097246]
 [-0.03300323  0.06776208  1.1849298 ]
 [-0.08381948  0.13531202  1.2750664 ]
 [-0.05026998  0.05126095  1.3271456 ]
 [-0.1759913   0.0339942   1.173415  ]
 [-0.3366827  -0.06143875  0.9796194 ]
 [-0.33917266  0.167741    0.8990366 ]
 [ 0.09462791  0.07030627  1.1132578 ]
 [ 0.30120733  0.03677103  0.9777899 ]
 [ 0.3047668   0.16035426  0.76307964]]
[[ 0.          0.          0.76578045]
 [ 0.09863053  0.04386171  0.77884173]
 [-0.042798    0.25806698  0.46040064]
 [-0.03658403  0.18451107  0.04652202]
 [-0.10507125  0.30831435  0.        ]
 [-0.09887893 -0.04404464  0.75241077]
 [-0.03035355  0.07013482  0.39121458]
 [ 0.24631423 -0.24401884  0.5661092 ]
 [ 0.41131228 -0.21949825  0.55627126]
 [-0.00700662  0.05755672  0.9857798 ]
 [-0.02408874  0.10255581  1.237885  ]
 [-0.08012007  0.16045654  1.3340285 ]
 [-0.04191939  0.0832004   1.3846118 ]
 [-0.16227548  0.05877519  1.2253019 ]
 [-0.303592   -0.07585061  1.0308492 ]
 [-0.29725355  0.13605103  0.90922433]
 [ 0.10326415  0.113801    1.1623751 ]
 [ 0.26650777  0.13543114  0.97063303]
 [ 0.20925185  0.30294663  0.7965833 ]]
[[ 0.          0.          0.7417352 ]
 [ 0.10787189  0.06580672  0.75712144]
 [ 0.08692704  0.30024332  0.4240082 ]
 [ 0.19363119  0.12634689  0.06281465]
 [ 0.12480877  0.252846    0.        ]
 [-0.10809818 -0.0658308   0.7262608 ]
 [-0.19304776  0.08491009  0.40259302]
 [ 0.06119008 -0.28593045  0.5058396 ]
 [ 0.1247735  -0.2607793   0.45065472]
 [-0.01817097  0.06070739  0.9603792 ]
 [-0.04204674  0.12390655  1.2117789 ]
 [-0.10255447  0.17731583  1.3101978 ]
 [-0.0642716   0.09429294  1.3642575 ]
 [-0.18525925  0.05991584  1.2005849 ]
 [-0.27488208 -0.150711    1.061286  ]
 [-0.2253253   0.05812347  0.9705905 ]
 [ 0.09715227  0.15441307  1.1351914 ]
 [ 0.16349381  0.24545616  0.89599955]
 [ 0.02588798  0.37040004  0.85959566]]
[[ 0.          0.          0.68750393]
 [ 0.1046892   0.0651269   0.6943927 ]
 [ 0.21932183  0.21633989  0.34723705]
 [ 0.41910392 -0.0201453   0.11176431]
 [ 0.38406265  0.07180792  0.        ]
 [-0.10478499 -0.06504798  0.68060184]
 [-0.24678588  0.19627815  0.46252775]
 [-0.07774825 -0.1286479   0.29345548]
 [-0.12492594 -0.08555937  0.14038062]
 [-0.02157603  0.04993573  0.90651196]
 [-0.04646821  0.10167181  1.158064  ]
 [-0.11179191  0.15750933  1.246362  ]
 [-0.07773361  0.06411457  1.2976214 ]
 [-0.18325338  0.03148511  1.1636335 ]
 [-0.17514242 -0.12159252  0.96777683]
 [-0.1506846  -0.00857036  0.9323281 ]
 [ 0.08292624  0.15078849  1.0798151 ]
 [ 0.04007912  0.29301494  0.8591287 ]
 [-0.1258387   0.30882365  0.97067887]]
[[ 0.          0.          0.6392527 ]
 [ 0.09412469  0.06410465  0.6451634 ]
 [ 0.27885824  0.172741    0.32216823]
 [ 0.524742   -0.11517811  0.17790902]
 [ 0.54141426 -0.08149981  0.01322758]
 [-0.09420101 -0.06398898  0.633546  ]
 [-0.24107581  0.22821265  0.4612945 ]
 [-0.2087931   0.08510605  0.08767253]
 [-0.31393376  0.18999055  0.        ]
 [-0.03240562  0.01276174  0.85942036]
 [-0.06593373  0.03908455  1.1102495 ]
 [-0.13427979  0.09438682  1.1880817 ]
 [-0.10187635  0.00673628  1.23492   ]
 [-0.18059324 -0.01802143  1.1269765 ]
 [-0.11795021 -0.07960913  0.91867083]
 [-0.06102831  0.00195692  0.77379966]
 [ 0.05047292  0.09258917  1.0288513 ]
 [-0.04172555  0.24353762  0.83388823]
 [-0.1674729   0.24284202  1.000614  ]]
[[ 0.          0.          0.6218933 ]
 [ 0.09441465  0.05729979  0.6268226 ]
 [ 0.22162175  0.09047729  0.2605449 ]
 [ 0.46727574 -0.28099555  0.29483193]
 [ 0.553857   -0.28441864  0.17451242]
 [-0.09454951 -0.05717785  0.61740994]
 [-0.23697692  0.26851994  0.4041308 ]
 [-0.27297544  0.36030415  0.02677357]
 [-0.38229388  0.47882205  0.        ]
 [-0.04318792  0.00617708  0.835974  ]
 [-0.08336063  0.02382678  1.0859228 ]
 [-0.17872214  0.05600244  1.1826277 ]
 [-0.13332608 -0.01257998  1.2271265 ]
 [-0.17619343 -0.03829852  1.0757575 ]
 [-0.1050254  -0.07056236  0.84572756]
 [-0.08662241  0.02319482  0.7500591 ]
 [ 0.01685635  0.08212084  1.0178936 ]
 [-0.02718137  0.2109567   0.7802806 ]
 [-0.17450964  0.2700465   0.85543627]]
[[ 0.          0.          0.65360266]
 [ 0.09286962  0.0507167   0.65642226]
 [ 0.10356365  0.06801239  0.25149646]
 [ 0.3068034  -0.38414007  0.39323133]
 [ 0.43491727 -0.42329407  0.35679042]
 [-0.0930216  -0.0507181   0.6512797 ]
 [-0.1811867   0.2957981   0.39941242]
 [-0.14773273  0.42090598  0.02831525]
 [-0.25065523  0.5627256   0.        ]
 [-0.04590958  0.00938869  0.8642789 ]
 [-0.09603843  0.02192611  1.113828  ]
 [-0.1912663   0.04909062  1.2175074 ]
 [-0.14307655 -0.01417762  1.2604539 ]
 [-0.17990725 -0.04088828  1.0941346 ]
 [-0.13819025 -0.10369673  0.86064553]
 [-0.16713475  0.01924795  0.7710185 ]
 [ 0.00300081  0.06962132  1.0529271 ]
 [ 0.03721347  0.15149094  0.79126275]
 [-0.02870828  0.26132274  0.7083426 ]]
[[ 0.          0.          0.6749357 ]
 [ 0.08697499  0.05062854  0.67509955]
 [ 0.01585914  0.06279263  0.2737287 ]
 [ 0.19788721 -0.4307766   0.44463706]
 [ 0.3283443  -0.4810355   0.41481173]
 [-0.08713999 -0.05065927  0.6752518 ]
 [-0.1391075   0.2796761   0.39092368]
 [-0.04224186  0.38586807  0.03978014]
 [-0.14660218  0.53282976  0.        ]
 [-0.04755421  0.01425937  0.8836032 ]
 [-0.10279182  0.02410275  1.1329834 ]
 [-0.19050252  0.04714596  1.23827   ]
 [-0.14908749 -0.0209679   1.2751818 ]
 [-0.18753636 -0.03347659  1.1120969 ]
 [-0.15607662 -0.10140719  0.8809439 ]
 [-0.19775176  0.03906059  0.790713  ]
 [-0.00251546  0.06058389  1.0665321 ]
 [ 0.08159202  0.09362169  0.8024456 ]
 [ 0.06475683  0.1870243   0.6217797 ]]
[[ 0.00000000e+00  0.00000000e+00  6.33846581e-01]
 [ 7.65158385e-02  7.32803568e-02  6.46612525e-01]
 [-1.37464195e-01  2.05956846e-01  3.68737400e-01]
 [ 1.11161366e-01 -1.49697930e-01  3.79334986e-01]
 [ 1.48636803e-01 -1.36590302e-01  2.38880426e-01]
 [-7.66838342e-02 -7.33858719e-02  6.21001065e-01]
 [ 4.16459888e-03  1.59626991e-01  3.01159769e-01]
 [ 2.37269849e-01  2.35060394e-01  6.97641969e-02]
 [ 1.57101870e-01  3.88434172e-01  0.00000000e+00]
 [-4.68822345e-02  8.59797001e-04  8.48906159e-01]
 [-9.35009867e-02  1.00742280e-02  1.10269785e+00]
 [-1.75322637e-01  4.09675241e-02  1.20775771e+00]
 [-1.27988338e-01 -3.61751318e-02  1.24612236e+00]
 [-2.02705622e-01 -5.72011173e-02  1.08314657e+00]
 [-2.90916085e-01 -1.38579026e-01  8.51838589e-01]
 [-3.18128616e-01  1.24240220e-02  8.68521988e-01]
 [ 1.48043968e-02  4.85461354e-02  1.03778863e+00]
 [ 2.14620098e-01  2.23731846e-02  8.78178477e-01]
 [ 2.68849105e-01  1.11844227e-01  6.48273170e-01]]
[[ 0.00000000e+00  0.00000000e+00  6.07420921e-01]
 [ 7.94161558e-02  6.57351911e-02  6.25359476e-01]
 [-2.04886347e-01  2.39123911e-01  4.57014233e-01]
 [-8.09746906e-02  5.14278114e-02  1.54822767e-01]
 [-1.30931079e-01  1.38369441e-01  4.43075895e-02]
 [-7.96361715e-02 -6.59670085e-02  5.88924944e-01]
 [ 1.22309491e-01  4.68689799e-02  2.57160574e-01]
 [ 4.22595263e-01  1.67861879e-02  1.15358055e-01]
 [ 4.14751559e-01  1.21926129e-01  0.00000000e+00]
 [-3.73771079e-02  5.96344471e-04  8.33083093e-01]
 [-7.19502419e-02  1.54833794e-02  1.09093630e+00]
 [-1.33221388e-01  8.15384984e-02  1.17722464e+00]
 [-9.80893821e-02 -2.68256664e-03  1.22700155e+00]
 [-1.98238641e-01 -3.27061117e-02  1.07962132e+00]
 [-3.51111412e-01 -6.05268180e-02  8.68931711e-01]
 [-3.26437771e-01  1.45509601e-01  9.87184644e-01]
 [ 4.26373295e-02  3.53115499e-02  1.03179920e+00]
 [ 2.99488068e-01 -2.50494480e-02  9.76932049e-01]
 [ 3.85257632e-01  1.98215693e-02  7.39856124e-01]]
[[ 0.          0.          0.59480935]
 [ 0.08892448  0.04762081  0.61223656]
 [-0.17890283  0.24750012  0.4402969 ]
 [-0.21192414  0.18734029  0.04499561]
 [-0.29192725  0.31142876  0.        ]
 [-0.08923618 -0.04788966  0.5767579 ]
 [ 0.13554993  0.03997529  0.2456114 ]
 [ 0.4552791  -0.12707818  0.2079334 ]
 [ 0.5304092  -0.06411502  0.10208777]
 [-0.02988004  0.00897323  0.82203966]
 [-0.05851585  0.02347112  1.0792737 ]
 [-0.11077264  0.09848499  1.1582832 ]
 [-0.07691829  0.01619786  1.2096283 ]
 [-0.19595519 -0.0073835   1.0700727 ]
 [-0.37647727 -0.03210208  0.88145953]
 [-0.31486118  0.19364738  0.9618597 ]
 [ 0.06502462  0.02480039  1.0238817 ]
 [ 0.318866   -0.03974161  0.991244  ]
 [ 0.3876139   0.01592712  0.75596565]]
[[ 0.          0.          0.6304088 ]
 [ 0.09042475  0.04541274  0.6499372 ]
 [-0.12802254  0.26759323  0.4170615 ]
 [-0.19708323  0.28261423  0.02729315]
 [-0.28226495  0.40464213  0.        ]
 [-0.09079371 -0.04565303  0.6103525 ]
 [ 0.09594136  0.02769271  0.25748563]
 [ 0.416839   -0.180848    0.35084572]
 [ 0.5608841  -0.14592502  0.28686726]
 [-0.01857169  0.03425336  0.8553168 ]
 [-0.04354541  0.05915827  1.1113725 ]
 [-0.0968985   0.12795055  1.1933343 ]
 [-0.06410167  0.04627806  1.2441406 ]
 [-0.17931476  0.02583998  1.1014414 ]
 [-0.3453775  -0.06963012  0.92808414]
 [-0.31524256  0.14779449  0.90061104]
 [ 0.08339788  0.06551889  1.0484031 ]
 [ 0.30993736  0.02289933  0.970911  ]
 [ 0.33655435  0.11185673  0.753366  ]]
[[ 0.          0.          0.7042942 ]
 [ 0.0930519   0.04345785  0.7221626 ]
 [-0.07947281  0.26367995  0.43927273]
 [-0.11229083  0.21238011  0.03273726]
 [-0.19621196  0.33287683  0.        ]
 [-0.09337229 -0.04364891  0.6861052 ]
 [ 0.01510428  0.0666303   0.32468268]
 [ 0.28833985 -0.2075772   0.49399802]
 [ 0.47297388 -0.18483779  0.4844889 ]
 [-0.01078169  0.05228204  0.92588323]
 [-0.03481699  0.08678275  1.1795408 ]
 [-0.09503947  0.14556754  1.2756438 ]
 [-0.05620755  0.06710052  1.3240142 ]
 [-0.1693263   0.04411864  1.167179  ]
 [-0.30633843 -0.09604172  0.9867787 ]
 [-0.3077054   0.11064662  0.88248974]
 [ 0.09196708  0.10067764  1.1086711 ]
 [ 0.27729362  0.10695487  0.9632673 ]
 [ 0.2384055   0.2627656   0.78576565]]
[[ 0.          0.          0.7281172 ]
 [ 0.09861802  0.05646251  0.74300647]
 [ 0.0034662   0.29124978  0.4268905 ]
 [ 0.05697844  0.18367016  0.04579198]
 [-0.02851006  0.30453172  0.        ]
 [-0.09889223 -0.05655205  0.7131181 ]
 [-0.10619621  0.0695394   0.3557408 ]
 [ 0.1865299  -0.2740792   0.5372414 ]
 [ 0.3440235  -0.2542786   0.5181891 ]
 [-0.00961674  0.06240815  0.94583106]
 [-0.0316388   0.11702961  1.1975732 ]
 [-0.09649874  0.16743052  1.2967434 ]
 [-0.05241963  0.09390485  1.3452871 ]
 [-0.16747239  0.058355    1.1814079 ]
 [-0.266498   -0.11870128  1.0005507 ]
 [-0.23271441  0.08078356  0.889066  ]
 [ 0.10125051  0.14535189  1.1230588 ]
 [ 0.22890468  0.22505659  0.9298015 ]
 [ 0.11551666  0.39295512  0.8303256 ]]
[[ 0.          0.          0.6677948 ]
 [ 0.10040918  0.0748689   0.67847043]
 [ 0.16160882  0.2820963   0.33684066]
 [ 0.3357743   0.07650912  0.10011011]
 [ 0.27633572  0.19042057  0.        ]
 [-0.10060517 -0.07478703  0.65712476]
 [-0.2595572   0.1074186   0.4135155 ]
 [-0.02246967 -0.24350399  0.36465627]
 [-0.00669877 -0.2247675   0.23158571]
 [-0.02042938  0.05445626  0.8870797 ]
 [-0.04893261  0.10881573  1.139781  ]
 [-0.1181733   0.1513694   1.2415963 ]
 [-0.07627558  0.06295067  1.2850567 ]
 [-0.18245426  0.03147379  1.1334519 ]
 [-0.1908484  -0.16778497  0.9688872 ]
 [-0.17389956 -0.00747243  0.93044114]
 [ 0.08076103  0.1572716   1.0647246 ]
 [ 0.08181997  0.29810023  0.8375388 ]
 [-0.10336676  0.3332972   0.9103215 ]]
[[ 0.          0.          0.6505555 ]
 [ 0.09050713  0.06854594  0.65907377]
 [ 0.27872825  0.21037492  0.3397286 ]
 [ 0.52884793 -0.03331232  0.14690602]
 [ 0.52059656  0.02901155  0.        ]
 [-0.09058978 -0.06846919  0.64226264]
 [-0.25334865  0.18717366  0.4798367 ]
 [-0.1626589  -0.04708022  0.16224933]
 [-0.24649863  0.03812909  0.02916592]
 [-0.02434177  0.00451908  0.87080055]
 [-0.04798481  0.02616167  1.1223433 ]
 [-0.11250313  0.07143456  1.2099874 ]
 [-0.07570397 -0.01180983  1.2496135 ]
 [-0.16265687 -0.05520958  1.1323485 ]
 [-0.21855375 -0.22355449  1.1510568 ]
 [-0.16934742 -0.09716079  1.0893126 ]
 [ 0.06076624  0.09333956  1.047746  ]
 [-0.01780191  0.25847006  0.8501051 ]
 [-0.17149153  0.22399324  1.0112557 ]]
[[ 0.          0.          0.60747427]
 [ 0.08794843  0.0667154   0.6141335 ]
 [ 0.23246785  0.11881991  0.26927054]
 [ 0.5181129  -0.22450566  0.26799512]
 [ 0.5876386  -0.2127476   0.12553841]
 [-0.08810329 -0.06659347  0.6013781 ]
 [-0.2562408   0.2326308   0.40178713]
 [-0.30121833  0.3033488   0.02657461]
 [-0.43096894  0.41050756  0.        ]
 [-0.03513402 -0.01556869  0.8178833 ]
 [-0.07175179 -0.01715377  1.0684475 ]
 [-0.17071173  0.01295203  1.1659012 ]
 [-0.11875668 -0.05417413  1.2205281 ]
 [-0.14933607 -0.10125837  1.0343571 ]
 [-0.10868475 -0.15658739  0.80942535]
 [-0.15042928 -0.00832954  0.821424  ]
 [ 0.01588459  0.06497487  1.0110987 ]
 [-0.02517277  0.20754895  0.784198  ]
 [-0.16650587  0.24718662  0.8410031 ]]
[[ 0.0000000e+00  0.0000000e+00  6.1235154e-01]
 [ 9.0750381e-02  5.3026043e-02  6.1237621e-01]
 [ 1.1926721e-01  7.3216081e-02  2.2603679e-01]
 [ 3.4383330e-01 -3.7742528e-01  3.4332973e-01]
 [ 4.7195101e-01 -4.1117519e-01  2.9062822e-01]
 [-9.0861887e-02 -5.3016685e-02  6.1290520e-01]
 [-2.0037872e-01  3.0723053e-01  3.7591815e-01]
 [-1.9351399e-01  4.4641966e-01  1.6244173e-02]
 [-3.0675042e-01  5.7414782e-01  0.0000000e+00]
 [-4.0310986e-02 -1.4489889e-04  8.2195157e-01]
 [-8.7127656e-02  6.7011714e-03  1.0721722e+00]
 [-1.8769731e-01  3.7325919e-02  1.1774132e+00]
 [-1.3732556e-01 -3.0059159e-02  1.2204504e+00]
 [-1.5957777e-01 -5.6086540e-02  1.0451574e+00]
 [-9.7609416e-02 -1.3038762e-01  8.5388565e-01]
 [-6.2406939e-02 -3.8509309e-02  8.3664685e-01]
 [ 3.5168827e-03  5.8561414e-02  1.0140679e+00]
 [ 3.8277648e-02  1.5133427e-01  7.5835127e-01]
 [-5.4921135e-02  2.6425284e-01  7.0406401e-01]]
[[ 0.0000000e+00  0.0000000e+00  6.4983165e-01]
 [ 8.4079534e-02  5.6882866e-02  6.4690495e-01]
 [ 5.0045233e-03  6.9765538e-02  2.5803378e-01]
 [ 2.1498793e-01 -4.1006228e-01  4.3060064e-01]
 [ 3.4695661e-01 -4.5401138e-01  3.8797140e-01]
 [-8.4224373e-02 -5.6912128e-02  6.5326113e-01]
 [-1.5338229e-01  2.8554162e-01  3.8366663e-01]
 [-6.4027697e-02  3.9995760e-01  4.2974830e-02]
 [-1.7261243e-01  5.5042619e-01  0.0000000e+00]
 [-4.4295371e-02  1.0913610e-03  8.5883993e-01]
 [-9.7507037e-02  4.5403242e-03  1.1087563e+00]
 [-1.9160704e-01  2.9643238e-02  1.2154431e+00]
 [-1.4403182e-01 -3.6055148e-02  1.2529142e+00]
 [-1.7654938e-01 -6.1701536e-02  1.0828457e+00]
 [-1.5609610e-01 -1.4271390e-01  8.6407399e-01]
 [-1.8695077e-01  8.1597865e-03  8.0479151e-01]
 [-1.7823651e-03  5.1016003e-02  1.0488392e+00]
 [ 8.0287918e-02  9.1667414e-02  7.8771716e-01]
 [ 4.6808861e-02  1.8838722e-01  6.0084248e-01]]
[[ 0.          0.          0.6055499 ]
 [ 0.07414121  0.07540922  0.61239606]
 [-0.12410438  0.16166732  0.3109699 ]
 [ 0.1361494  -0.24407862  0.39503428]
 [ 0.20811388 -0.2549484   0.27614158]
 [-0.07430057 -0.07551453  0.5988318 ]
 [-0.0357974   0.19665559  0.29882267]
 [ 0.18125202  0.30943587  0.06048554]
 [ 0.0819286   0.46046275  0.        ]
 [-0.04406773 -0.00400017  0.8191198 ]
 [-0.08866461  0.00305012  1.0717297 ]
 [-0.17135707  0.02988738  1.1813405 ]
 [-0.12074797 -0.04267269  1.2178695 ]
 [-0.18385807 -0.0726527   1.0540807 ]
 [-0.25379127 -0.17032903  0.83014226]
 [-0.28954816 -0.01462169  0.81798524]
 [ 0.01285642  0.05069506  1.0088279 ]
 [ 0.19752166  0.05427748  0.81795484]
 [ 0.23000923  0.16279447  0.59953046]]
[[ 0.00000000e+00  0.00000000e+00  5.91450810e-01]
 [ 7.44203627e-02  7.20366389e-02  6.05797052e-01]
 [-2.00499058e-01  2.49168411e-01  4.39168185e-01]
 [-5.08073829e-02  4.06716168e-02  1.79480970e-01]
 [-9.69991982e-02  1.27187461e-01  5.95501065e-02]
 [-7.46346191e-02 -7.22497925e-02  5.76598942e-01]
 [ 1.14963710e-01  4.16965187e-02  2.52652824e-01]
 [ 4.20918673e-01  2.56360173e-02  1.04785740e-01]
 [ 4.09027815e-01  1.33384317e-01  0.00000000e+00]
 [-3.39201689e-02  1.39266253e-04  8.17386746e-01]
 [-6.57674819e-02  1.44928396e-02  1.07489276e+00]
 [-1.29959852e-01  7.04333782e-02  1.16378462e+00]
 [-8.88574347e-02 -7.63392448e-03  1.20771909e+00]
 [-1.82278782e-01 -4.09520268e-02  1.06598604e+00]
 [-3.32613945e-01 -9.04226005e-02  8.59764993e-01]
 [-3.16365778e-01  1.09907925e-01  9.68986511e-01]
 [ 4.00814787e-02  4.35850322e-02  1.01223361e+00]
 [ 2.93782294e-01 -6.99096918e-03  9.39513922e-01]
 [ 3.55818450e-01  4.62614223e-02  7.02596545e-01]]
[[ 0.          0.          0.57614577]
 [ 0.08250168  0.05353564  0.5924465 ]
 [-0.19104677  0.24298748  0.43187934]
 [-0.19703941  0.17285538  0.05172008]
 [-0.2826274   0.29083994  0.        ]
 [-0.08280671 -0.05376902  0.55928856]
 [ 0.13937654  0.04299635  0.23561904]
 [ 0.47806662 -0.08244765  0.19270632]
 [ 0.5520308  -0.0151403   0.08611959]
 [-0.02606223  0.00154442  0.80313325]
 [-0.05063595  0.01121256  1.0615206 ]
 [-0.10675362  0.07958108  1.1422234 ]
 [-0.06830131  0.00301957  1.1901553 ]
 [-0.17988878 -0.02696609  1.0532222 ]
 [-0.3636619  -0.05602247  0.86568296]
 [-0.31236097  0.16759732  0.95851547]
 [ 0.06505641  0.0259113   1.0041624 ]
 [ 0.3216874  -0.01316667  0.9570548 ]
 [ 0.36336273  0.04704621  0.7204026 ]]
[[ 0.          0.          0.6006303 ]
 [ 0.08758261  0.04903748  0.61762106]
 [-0.13789576  0.26785865  0.3955921 ]
 [-0.21422502  0.28637412  0.01716095]
 [-0.30645603  0.4101995   0.        ]
 [-0.08796304 -0.04925229  0.5831417 ]
 [ 0.09990019  0.03172007  0.23590031]
 [ 0.4401395  -0.15654397  0.33545706]
 [ 0.58396816 -0.11522916  0.27106333]
 [-0.01654646  0.02214365  0.82572496]
 [-0.03669396  0.03951108  1.0827284 ]
 [-0.09602083  0.09776634  1.1693852 ]
 [-0.05576629  0.02288443  1.2130876 ]
 [-0.1663716   0.00171345  1.0739518 ]
 [-0.33993763 -0.07330132  0.8809985 ]
 [-0.31116956  0.15567714  0.8934238 ]
 [ 0.08241957  0.05526698  1.0183989 ]
 [ 0.3078497   0.02486297  0.92973554]
 [ 0.31392875  0.11794188  0.7118859 ]]
[[ 0.          0.          0.68173045]
 [ 0.09030309  0.05083479  0.69641495]
 [-0.08681998  0.27740154  0.42785147]
 [-0.11652923  0.22448245  0.03409219]
 [-0.2047779   0.34736586  0.        ]
 [-0.09064624 -0.0510221   0.66673565]
 [ 0.01803174  0.06276271  0.31315148]
 [ 0.3161106  -0.20518237  0.49460605]
 [ 0.48703313 -0.17542504  0.48410204]
 [-0.00938451  0.04429448  0.9035826 ]
 [-0.02728724  0.07608804  1.1590613 ]
 [-0.09166901  0.12760073  1.2529666 ]
 [-0.04430415  0.0556311   1.2993634 ]
 [-0.15580964  0.02421063  1.1456008 ]
 [-0.29506418 -0.10580137  0.9494115 ]
 [-0.29465395  0.09746622  0.86255217]
 [ 0.09175083  0.10081017  1.0869356 ]
 [ 0.27517438  0.12239745  0.9231656 ]
 [ 0.21057765  0.28650895  0.7655434 ]]
[[ 0.          0.          0.6924857 ]
 [ 0.09269288  0.06685849  0.70472187]
 [-0.01669611  0.297124    0.40837207]
 [ 0.0407908   0.19897506  0.04322755]
 [-0.05799559  0.32088077  0.        ]
 [-0.09295955 -0.06695548  0.6801426 ]
 [-0.1105646   0.07606044  0.34081832]
 [ 0.22103888 -0.21345612  0.5332208 ]
 [ 0.37571716 -0.17926824  0.497972  ]
 [-0.00944477  0.05572143  0.9114382 ]
 [-0.03131098  0.10731786  1.1652976 ]
 [-0.09651494  0.14922166  1.2660255 ]
 [-0.04639302  0.07947195  1.3100715 ]
 [-0.15574974  0.03822008  1.1514946 ]
 [-0.24850504 -0.13510141  0.96194917]
 [-0.22390157  0.04191916  0.84624183]
 [ 0.09281183  0.14990288  1.0920451 ]
 [ 0.21346883  0.23161225  0.88648856]
 [ 0.09072935  0.39685303  0.8140826 ]]
[[ 0.          0.          0.6518015 ]
 [ 0.09797361  0.07559677  0.6598832 ]
 [ 0.1800136   0.2856933   0.3344232 ]
 [ 0.35805088  0.09778297  0.09577125]
 [ 0.28986865  0.20855346  0.        ]
 [-0.09811413 -0.075464    0.6437503 ]
 [-0.2636996   0.15339944  0.4231467 ]
 [-0.01460447 -0.18042725  0.34987578]
 [-0.00620984 -0.1474855   0.21238503]
 [-0.01500833  0.05203161  0.86921716]
 [-0.03751127  0.10024929  1.1219786 ]
 [-0.11663222  0.13261354  1.2234275 ]
 [-0.06831497  0.05159062  1.2640257 ]
 [-0.16037548  0.01650271  1.1180259 ]
 [-0.13185129 -0.14684473  0.9247444 ]
 [-0.0633598  -0.04964793  0.8059367 ]
 [ 0.07804409  0.16225171  1.0454644 ]
 [ 0.06078056  0.301281    0.82031   ]
 [-0.11273071  0.31653807  0.9073693 ]]
[[ 0.          0.          0.6273353 ]
 [ 0.09036441  0.07253446  0.63567245]
 [ 0.28955504  0.21941206  0.3326682 ]
 [ 0.5478735  -0.01767582  0.1450755 ]
 [ 0.5324998   0.04321915  0.        ]
 [-0.09037555 -0.07241358  0.6193175 ]
 [-0.27433974  0.21898474  0.47481853]
 [-0.16990362 -0.01156452  0.14922947]
 [-0.26588815  0.07089937  0.03865379]
 [-0.01733549  0.00361095  0.8428813 ]
 [-0.0425298   0.00877863  1.0948006 ]
 [-0.12750362  0.0398072   1.195329  ]
 [-0.08208043 -0.03986663  1.2294574 ]
 [-0.13916048 -0.07289115  1.086678  ]
 [-0.04225284 -0.18043365  0.92529345]
 [ 0.03277864 -0.15826115  0.8832333 ]
 [ 0.05691502  0.08819625  1.0253423 ]
 [-0.0250933   0.26522702  0.8378744 ]
 [-0.1723392   0.21962914  0.98398745]]
[[ 0.          0.          0.59822303]
 [ 0.08400264  0.06909923  0.60493314]
 [ 0.24004349  0.11983749  0.25845572]
 [ 0.5244621  -0.21447915  0.2538788 ]
 [ 0.59446615 -0.20594746  0.12058535]
 [-0.08413436 -0.06899261  0.5920556 ]
 [-0.2613652   0.22347176  0.40750948]
 [-0.30110097  0.25704777  0.03392702]
 [-0.42905265  0.36407757  0.        ]
 [-0.02877868 -0.00813535  0.811633  ]
 [-0.06054932 -0.00487244  1.0630804 ]
 [-0.15827839  0.02254629  1.166897  ]
 [-0.10865141 -0.0435257   1.2111862 ]
 [-0.13667811 -0.09150359  1.0369203 ]
 [-0.08712094 -0.14844818  0.8032912 ]
 [-0.06840543 -0.02124532  0.7422852 ]
 [ 0.02190742  0.07792252  1.0017698 ]
 [-0.03200829  0.22664753  0.7776282 ]
 [-0.19451684  0.25292006  0.856648  ]]
[[ 0.00000000e+00  0.00000000e+00  5.92850566e-01]
 [ 8.45103264e-02  5.14533967e-02  5.95237136e-01]
 [ 1.12311512e-01  7.29575753e-02  2.19890118e-01]
 [ 3.38875413e-01 -3.64906728e-01  3.34638566e-01]
 [ 4.75475669e-01 -4.00991380e-01  2.99168617e-01]
 [-8.46637338e-02 -5.14164083e-02  5.91017365e-01]
 [-2.09628880e-01  3.01410794e-01  3.70414644e-01]
 [-2.22109556e-01  4.33219284e-01  2.28157043e-02]
 [-3.28136444e-01  5.61652243e-01  0.00000000e+00]
 [-3.83409709e-02  3.94567847e-03  8.02415013e-01]
 [-8.15637410e-02  1.01826787e-02  1.05273390e+00]
 [-1.82620883e-01  3.79537940e-02  1.15481997e+00]
 [-1.30389675e-01 -2.92094946e-02  1.20118594e+00]
 [-1.50809154e-01 -5.55666983e-02  1.02401042e+00]
 [-1.02341734e-01 -1.03152364e-01  7.76226938e-01]
 [-1.23359896e-01  9.36356187e-03  7.30979741e-01]
 [ 1.08676404e-03  6.54476583e-02  9.94456649e-01]
 [ 1.27857439e-02  1.65195137e-01  7.40938187e-01]
 [-7.93053210e-02  2.57223278e-01  6.88622534e-01]]
[[ 0.          0.          0.6152098 ]
 [ 0.08433749  0.05437853  0.6128479 ]
 [ 0.00411095  0.06903201  0.24518228]
 [ 0.21795273 -0.40774715  0.39573485]
 [ 0.35570967 -0.45136067  0.37562215]
 [-0.08450481 -0.05439875  0.6181053 ]
 [-0.15228927  0.29277503  0.36846623]
 [-0.09613815  0.4214878   0.02873516]
 [-0.19306496  0.56356746  0.        ]
 [-0.04162756  0.00186165  0.82514507]
 [-0.08936845  0.00671205  1.0760603 ]
 [-0.18572214  0.03127569  1.1820312 ]
 [-0.12923698 -0.0330767   1.2216024 ]
 [-0.16322252 -0.06453341  1.0518231 ]
 [-0.14321646 -0.1492472   0.8160703 ]
 [-0.18882096 -0.01847561  0.7603373 ]
 [-0.00184063  0.05804917  1.0147845 ]
 [ 0.06783392  0.1068946   0.76018286]
 [ 0.03495652  0.1975193   0.5818933 ]]
[[ 0.00000000e+00  0.00000000e+00  6.08716846e-01]
 [ 6.96666017e-02  8.21819007e-02  6.12564027e-01]
 [-1.55976817e-01  1.77819997e-01  3.27517092e-01]
 [ 1.11449808e-01 -2.05962673e-01  3.75587881e-01]
 [ 1.45878151e-01 -1.96601242e-01  2.47851610e-01]
 [-6.98444396e-02 -8.22996795e-02  6.04922712e-01]
 [-2.09404230e-02  1.63005829e-01  3.01116377e-01]
 [ 1.93779022e-01  2.66671330e-01  5.89059591e-02]
 [ 1.13564044e-01  4.08052385e-01  0.00000000e+00]
 [-4.34431434e-02  3.14414501e-05  8.21829677e-01]
 [-8.83156210e-02  3.83386016e-03  1.07446623e+00]
 [-1.73958898e-01  3.11931372e-02  1.18345523e+00]
 [-1.15557030e-01 -3.89407277e-02  1.21729565e+00]
 [-1.81852400e-01 -8.19928348e-02  1.05516362e+00]
 [-2.71571904e-01 -1.98698044e-01  8.36043000e-01]
 [-3.14454585e-01 -2.53407657e-02  8.42825651e-01]
 [ 6.22118637e-03  6.01756275e-02  1.00902092e+00]
 [ 1.99876994e-01  5.59900850e-02  8.34961116e-01]
 [ 2.29807913e-01  1.70819312e-01  6.05921626e-01]]
[[ 0.          0.          0.57176423]
 [ 0.06676038  0.07688864  0.5835713 ]
 [-0.21625525  0.25389388  0.4035738 ]
 [-0.05102248  0.07155129  0.16118899]
 [-0.0904173   0.15934938  0.04343522]
 [-0.06699073 -0.07708712  0.5594516 ]
 [ 0.11804745  0.03777605  0.23296249]
 [ 0.4460906   0.04982239  0.09706903]
 [ 0.43962282  0.15229738  0.        ]
 [-0.02974951 -0.00200133  0.79498047]
 [-0.0586437   0.00870934  1.0516335 ]
 [-0.12948187  0.06338006  1.139653  ]
 [-0.0836259  -0.0092628   1.1881583 ]
 [-0.16855997 -0.05588198  1.0412354 ]
 [-0.33077508 -0.1371297   0.8529221 ]
 [-0.3444582   0.06489718  0.9395122 ]
 [ 0.04127706  0.04678404  0.98559654]
 [ 0.29281026  0.00984314  0.9145409 ]
 [ 0.34311807  0.06122035  0.6710925 ]]
[[ 0.00000000e+00  0.00000000e+00  5.77387094e-01]
 [ 8.16982239e-02  5.93877546e-02  5.90717137e-01]
 [-1.88522488e-01  2.73210645e-01  4.17744130e-01]
 [-2.02370971e-01  2.20759541e-01  4.17835712e-02]
 [-2.83684850e-01  3.40334356e-01  0.00000000e+00]
 [-8.20224583e-02 -5.96034825e-02  5.63522100e-01]
 [ 1.32123172e-01  2.94944942e-02  2.29022324e-01]
 [ 4.88810033e-01 -1.05382055e-01  2.10151106e-01]
 [ 5.65399706e-01 -3.68354321e-02  1.27395183e-01]
 [-2.04367656e-02  9.27162170e-03  8.03410172e-01]
 [-4.26981673e-02  2.12192535e-02  1.06078196e+00]
 [-1.05321318e-01  8.47224593e-02  1.13990402e+00]
 [-6.36202395e-02  1.33827925e-02  1.19114566e+00]
 [-1.69177622e-01 -2.75095999e-02  1.05385721e+00]
 [-3.54497403e-01 -8.76391232e-02  8.80962133e-01]
 [-3.29325438e-01  1.46105260e-01  9.46421742e-01]
 [ 7.09713101e-02  4.21475768e-02  9.97910559e-01]
 [ 3.24055821e-01  3.59177589e-04  9.50209141e-01]
 [ 3.55353147e-01  6.43844157e-02  7.08523929e-01]]
[[ 0.          0.          0.60344666]
 [ 0.08411463  0.05628192  0.6180253 ]
 [-0.13965882  0.28029063  0.39351568]
 [-0.21436891  0.28734878  0.01859707]
 [-0.30359632  0.40720627  0.        ]
 [-0.08447985 -0.05649923  0.588397  ]
 [ 0.09453082  0.02301329  0.24145305]
 [ 0.44638288 -0.18177356  0.33932334]
 [ 0.5886451  -0.13885471  0.28878817]
 [-0.01233997  0.02651583  0.827551  ]
 [-0.03115013  0.0471074   1.0841364 ]
 [-0.0970066   0.10289407  1.168171  ]
 [-0.05159786  0.03257143  1.2159555 ]
 [-0.15714782 -0.00284147  1.076503  ]
 [-0.32893637 -0.10074484  0.9074092 ]
 [-0.32496256  0.1260497   0.88798857]
 [ 0.08353621  0.06875825  1.0161467 ]
 [ 0.3086202   0.03363648  0.9247744 ]
 [ 0.30428943  0.14037731  0.71033525]]
[[ 0.          0.          0.6880962 ]
 [ 0.08604734  0.05306058  0.7019615 ]
 [-0.08354408  0.29303855  0.43476844]
 [-0.11630654  0.23913684  0.03839874]
 [-0.1904898   0.3628625   0.        ]
 [-0.08637838 -0.05323576  0.6739178 ]
 [ 0.01117447  0.0455927   0.31356895]
 [ 0.3138703  -0.23162673  0.49573052]
 [ 0.4861139  -0.20333913  0.4811435 ]
 [-0.00489752  0.0523729   0.9082827 ]
 [-0.02277554  0.0875614   1.1629913 ]
 [-0.09430365  0.13491982  1.256634  ]
 [-0.04398435  0.0687657   1.3032584 ]
 [-0.14707656  0.03081444  1.1509423 ]
 [-0.28735545 -0.10834046  0.9693371 ]
 [-0.30409187  0.08770815  0.86720586]
 [ 0.09260448  0.11476564  1.0898596 ]
 [ 0.2745098   0.1318185   0.9293477 ]
 [ 0.21165727  0.2953733   0.77897096]]
[[ 0.          0.          0.67248416]
 [ 0.09163353  0.07243933  0.6838758 ]
 [ 0.00688128  0.32966208  0.38741434]
 [ 0.09562213  0.22596464  0.0450573 ]
 [ 0.00520323  0.3467002   0.        ]
 [-0.09185372 -0.07247159  0.66098195]
 [-0.13218279  0.07671142  0.33053982]
 [ 0.21352807 -0.21602517  0.51384425]
 [ 0.350334   -0.17876129  0.4621122 ]
 [-0.0040755   0.06298953  0.8893244 ]
 [-0.02220142  0.12191939  1.1410359 ]
 [-0.0944193   0.15824199  1.2464085 ]
 [-0.04243352  0.09103417  1.2841964 ]
 [-0.14481042  0.04373583  1.1280315 ]
 [-0.21719655 -0.14169575  0.949144  ]
 [-0.18725729  0.01455989  0.8308835 ]
 [ 0.09983551  0.16966164  1.0678339 ]
 [ 0.19934079  0.256459    0.855955  ]
 [ 0.0615354   0.39900044  0.8166083 ]]
[[ 0.          0.          0.6276778 ]
 [ 0.09417337  0.07874285  0.63088465]
 [ 0.21339417  0.24154429  0.30982405]
 [ 0.45294708  0.03533715  0.11541498]
 [ 0.40137887  0.12188661  0.        ]
 [-0.09420781 -0.0785445   0.6245611 ]
 [-0.26806527  0.22713017  0.43269444]
 [-0.04209306 -0.08000314  0.2903295 ]
 [-0.07619298 -0.04014468  0.13493001]
 [-0.01561944  0.02336918  0.83728594]
 [-0.04315702  0.04023808  1.0871605 ]
 [-0.13605675  0.06894314  1.1867049 ]
 [-0.08390468 -0.00770301  1.2314019 ]
 [-0.14827855 -0.04963264  1.0776665 ]
 [-0.01394658 -0.16737944  0.8980678 ]
 [ 0.01288147 -0.1486252   0.8616323 ]
 [ 0.0621817   0.11864123  1.0169606 ]
 [ 0.01169948  0.29899448  0.81755996]
 [-0.14560845  0.3002209   0.94490737]]
[[ 0.          0.          0.583981  ]
 [ 0.08103789  0.07858716  0.59194267]
 [ 0.28501832  0.19174916  0.28523147]
 [ 0.5850524  -0.03775239  0.14875692]
 [ 0.6089275  -0.00624114  0.        ]
 [-0.08107929 -0.07838008  0.5764552 ]
 [-0.28599197  0.22597443  0.4327759 ]
 [-0.20906594  0.08299565  0.10204059]
 [-0.30964795  0.17717949  0.0113188 ]
 [-0.01467764 -0.02446966  0.7881924 ]
 [-0.03901048 -0.04200551  1.0371207 ]
 [-0.15179178 -0.0154627   1.1371162 ]
 [-0.08784684 -0.08488035  1.180967  ]
 [-0.10306465 -0.13859773  1.0133659 ]
 [ 0.03243309 -0.25274348  0.8760105 ]
 [ 0.03714626 -0.14515544  0.83659446]
 [ 0.03580362  0.06080383  0.97840947]
 [-0.05693945  0.2503823   0.8050573 ]
 [-0.18100831  0.23713726  0.9643366 ]]
[[ 0.          0.          0.56008434]
 [ 0.07514781  0.06480832  0.56720287]
 [ 0.22537273  0.10868195  0.22508895]
 [ 0.50354886 -0.21542346  0.24658883]
 [ 0.6084404  -0.2224868   0.13472486]
 [-0.07526347 -0.06459121  0.55365527]
 [-0.2538821   0.220863    0.37716222]
 [-0.29531235  0.3256101   0.02311915]
 [-0.4049061   0.4253824   0.        ]
 [-0.0194097  -0.01674373  0.7653737 ]
 [-0.04460071 -0.02862972  1.0134498 ]
 [-0.16297346 -0.00553095  1.1114022 ]
 [-0.0821134  -0.06435883  1.1647346 ]
 [-0.08461975 -0.12379682  0.99024975]
 [ 0.02192856 -0.24648471  0.8829222 ]
 [-0.06152731 -0.07200705  0.7118702 ]
 [ 0.00432795  0.06613573  0.9497483 ]
 [-0.05554262  0.22480686  0.73510903]
 [-0.21491456  0.2664583   0.8323815 ]]
[[ 0.          0.          0.55069375]
 [ 0.08231805  0.05872112  0.5563633 ]
 [ 0.11660114  0.11671171  0.18252105]
 [ 0.3506465  -0.3167594   0.31136036]
 [ 0.48851204 -0.35947263  0.27948397]
 [-0.082403   -0.05866244  0.5456603 ]
 [-0.20028937  0.31485045  0.34826452]
 [-0.1771617   0.47444198  0.01570487]
 [-0.29015648  0.6024566   0.        ]
 [-0.02922511 -0.00546832  0.75668466]
 [-0.06287591 -0.01517853  1.0045283 ]
 [-0.17568766  0.00968462  1.1127222 ]
 [-0.09307273 -0.05538154  1.1541388 ]
 [-0.11768521 -0.10173962  0.9721731 ]
 [-0.08377004 -0.19918981  0.75781476]
 [-0.1330421  -0.06737716  0.66551495]
 [ 0.00157544  0.06099609  0.94954383]
 [-0.00137106  0.17217913  0.70347786]
 [-0.10206041  0.2667713   0.65125597]]
[[ 0.          0.          0.5849321 ]
 [ 0.07986497  0.06273193  0.586715  ]
 [-0.01361132  0.1178228   0.22835225]
 [ 0.22981179 -0.35586208  0.38713226]
 [ 0.36554432 -0.40459472  0.36436558]
 [-0.07997995 -0.06276396  0.58368134]
 [-0.13894722  0.2906796   0.34110194]
 [-0.01640497  0.4127653   0.02944589]
 [-0.12986603  0.55406016  0.        ]
 [-0.03294695 -0.0073134   0.79149   ]
 [-0.07146755 -0.01455575  1.0390478 ]
 [-0.17624009  0.01005536  1.1541178 ]
 [-0.09943457 -0.0549022   1.184983  ]
 [-0.13794082 -0.10020927  1.0097349 ]
 [-0.13982041 -0.2056441   0.787703  ]
 [-0.21414602 -0.05814022  0.74275315]
 [ 0.00189992  0.05162811  0.98227   ]
 [ 0.08053873  0.10425334  0.7330959 ]
 [ 0.04914615  0.20910075  0.55659324]]
[[ 0.          0.          0.5433377 ]
 [ 0.06764189  0.08166338  0.55111516]
 [-0.18960142  0.24881099  0.31542897]
 [ 0.0920153  -0.09602666  0.3197039 ]
 [ 0.12257539 -0.07419297  0.20180908]
 [-0.06781392 -0.08179756  0.5354434 ]
 [ 0.01971601  0.15271865  0.2353845 ]
 [ 0.29400375  0.22254732  0.06943485]
 [ 0.24118498  0.358875    0.        ]
 [-0.03250521 -0.00188126  0.7587687 ]
 [-0.06875283  0.00235528  1.0115283 ]
 [-0.15168267  0.03116661  1.1165947 ]
 [-0.09214556 -0.03359491  1.1547341 ]
 [-0.16439833 -0.08116996  0.9932606 ]
 [-0.27706075 -0.19567701  0.78471833]
 [-0.3409955  -0.02848667  0.8196956 ]
 [ 0.02204733  0.05787387  0.94436324]
 [ 0.22877061  0.05602396  0.7918906 ]
 [ 0.25986254  0.15276562  0.5654608 ]]
[[ 0.          0.          0.5201174 ]
 [ 0.05813297  0.07110217  0.5320518 ]
 [-0.24144477  0.25757307  0.376575  ]
 [-0.10211465  0.1805386   0.11083597]
 [-0.17738095  0.27483717  0.02175081]
 [-0.05834052 -0.07127237  0.5076185 ]
 [ 0.15903004  0.05679816  0.20288807]
 [ 0.5043979   0.09049922  0.12476426]
 [ 0.54233974  0.17754659  0.        ]
 [-0.02121172 -0.00940891  0.740775  ]
 [-0.04093976 -0.01273185  0.9953376 ]
 [-0.09938735  0.03857189  1.0799968 ]
 [-0.05906967 -0.03089005  1.1251692 ]
 [-0.14638552 -0.07296857  0.99227834]
 [-0.32230484 -0.14524129  0.8239102 ]
 [-0.33227974  0.0515109   0.9232607 ]
 [ 0.05285149  0.02672088  0.9277975 ]
 [ 0.3093022   0.02148038  0.8725369 ]
 [ 0.34729803  0.08380722  0.6347325 ]]
[[ 0.          0.          0.526947  ]
 [ 0.06742074  0.05853433  0.53835464]
 [-0.19790635  0.28847635  0.3724534 ]
 [-0.21550745  0.32557666  0.04186577]
 [-0.3199867   0.43927994  0.        ]
 [-0.06768452 -0.05869934  0.5149501 ]
 [ 0.15186644  0.03802159  0.19252205]
 [ 0.52187747 -0.03868967  0.2132321 ]
 [ 0.62868404  0.02352971  0.10673785]
 [-0.00728388  0.00549631  0.7472987 ]
 [-0.02044677  0.00358158  0.9996246 ]
 [-0.07484812  0.05712402  1.0810304 ]
 [-0.03771803 -0.01203001  1.1240758 ]
 [-0.13671303 -0.04240486  1.000861  ]
 [-0.32416773 -0.10868573  0.8455989 ]
 [-0.3070602   0.12071645  0.9016844 ]
 [ 0.08228132  0.02741957  0.93136835]
 [ 0.33107817  0.0110876   0.8833636 ]
 [ 0.3434266   0.0909909   0.6496776 ]]
[[ 0.          0.          0.56172013]
 [ 0.07490226  0.05651475  0.5755275 ]
 [-0.14052302  0.31865305  0.3644318 ]
 [-0.20112062  0.37309444  0.01844501]
 [-0.30571666  0.4890428   0.        ]
 [-0.07522845 -0.05667263  0.5474177 ]
 [ 0.09424054  0.02947554  0.20600069]
 [ 0.44832253 -0.13270797  0.3312916 ]
 [ 0.60335505 -0.09253612  0.27804935]
 [-0.00159785  0.02984963  0.7818215 ]
 [-0.01378774  0.04626539  1.034319  ]
 [-0.07198132  0.09401834  1.1185583 ]
 [-0.02998659  0.02706778  1.1625923 ]
 [-0.13198677 -0.0021885   1.0311606 ]
 [-0.2944702  -0.10434222  0.8598118 ]
 [-0.30092204  0.10641502  0.8170046 ]
 [ 0.09360683  0.0683074   0.9622366 ]
 [ 0.3093173   0.04101098  0.8637491 ]
 [ 0.29015252  0.16183221  0.65795016]]
[[ 0.          0.          0.6067271 ]
 [ 0.07655476  0.05771991  0.6215585 ]
 [-0.09155539  0.34871227  0.38498387]
 [-0.0976498   0.3527637   0.02176625]
 [-0.20029175  0.4648335   0.        ]
 [-0.07687283 -0.05785026  0.5915592 ]
 [ 0.01436172  0.04445311  0.24558803]
 [ 0.33136535 -0.1843941   0.42064962]
 [ 0.5101631  -0.14669722  0.41216063]
 [ 0.00455649  0.05353525  0.82380784]
 [-0.00635954  0.09326512  1.0754366 ]
 [-0.0707774   0.12921888  1.1694186 ]
 [-0.02450301  0.06393743  1.2097604 ]
 [-0.12339143  0.03474027  1.0689871 ]
 [-0.25834516 -0.10294938  0.8818655 ]
 [-0.2688775   0.07739878  0.78270763]
 [ 0.10196219  0.12175643  1.0012472 ]
 [ 0.27450222  0.11585042  0.84741116]
 [ 0.19733635  0.26269072  0.6903913 ]]
[[ 0.0000000e+00  0.0000000e+00  5.7680380e-01]
 [ 8.9811876e-02  7.4250072e-02  5.8910829e-01]
 [ 5.0485767e-02  3.9300996e-01  3.2065797e-01]
 [ 1.9168408e-01  3.1107700e-01  4.2308331e-02]
 [ 9.6424468e-02  4.3646473e-01  0.0000000e+00]
 [-8.9975819e-02 -7.4152559e-02  5.6437469e-01]
 [-1.9231194e-01  1.2397832e-01  2.9931247e-01]
 [ 1.7485170e-01 -1.4842749e-01  4.0260613e-01]
 [ 2.8289366e-01 -1.1274007e-01  3.2381067e-01]
 [ 4.9813837e-04  6.7481071e-02  7.8960729e-01]
 [-1.1455163e-02  1.3033772e-01  1.0363401e+00]
 [-8.5670173e-02  1.5358216e-01  1.1472708e+00]
 [-3.1710930e-02  8.7395966e-02  1.1785191e+00]
 [-1.2880602e-01  4.3501586e-02  1.0256040e+00]
 [-1.3579127e-01 -1.1962554e-01  8.1002045e-01]
 [-9.3067750e-02 -2.8915361e-02  7.0521325e-01]
 [ 1.0150649e-01  1.8379974e-01  9.6260840e-01]
 [ 1.6217256e-01  2.7398962e-01  7.5276303e-01]
 [-1.2851119e-02  3.5573471e-01  7.4127400e-01]]
[[ 0.          0.          0.55019164]
 [ 0.08867295  0.07767181  0.55580235]
 [ 0.24405314  0.28251678  0.25572434]
 [ 0.5192423   0.13131785  0.11419392]
 [ 0.50714713  0.21324787  0.        ]
 [-0.08859906 -0.07740599  0.5448808 ]
 [-0.2758616   0.29022878  0.40439206]
 [-0.06604435  0.12468199  0.20228013]
 [-0.14109847  0.19860673  0.08282191]
 [-0.01574258 -0.01689526  0.73920345]
 [-0.03381538 -0.03106219  0.9765741 ]
 [-0.13777381 -0.01499259  1.081543  ]
 [-0.06226462 -0.08879083  1.1188154 ]
 [-0.123438   -0.13185391  0.966128  ]
 [-0.06421823 -0.3023209   0.8392797 ]
 [ 0.02436693 -0.24791098  0.7603388 ]
 [ 0.05202176  0.06310263  0.9133631 ]
 [-0.00554622  0.25187796  0.7310053 ]
 [-0.15588081  0.280308    0.87433714]]
[[ 0.          0.          0.5101893 ]
 [ 0.07639213  0.08129284  0.5178759 ]
 [ 0.27014086  0.23843291  0.21925804]
 [ 0.588922    0.05205256  0.13285452]
 [ 0.64422023  0.08603925  0.        ]
 [-0.07635776 -0.08097194  0.50305516]
 [-0.28442794  0.26181635  0.36128488]
 [-0.22334993  0.28348318  0.06361645]
 [-0.3424887   0.3763183   0.00937933]
 [-0.01715261 -0.05032451  0.6943937 ]
 [-0.03732285 -0.08376315  0.9310669 ]
 [-0.15183005 -0.06498092  1.0301213 ]
 [-0.08070918 -0.13141626  1.0743139 ]
 [-0.08802392 -0.18545404  0.907218  ]
 [ 0.02462776 -0.36021075  0.85677576]
 [ 0.07028697 -0.18723229  0.7888825 ]
 [ 0.02438176  0.0216153   0.87740254]
 [-0.06311576  0.21180013  0.6995081 ]
 [-0.18606573  0.24779078  0.8518976 ]]
[[ 0.          0.          0.46838164]
 [ 0.06733507  0.07268947  0.47730637]
 [ 0.21240963  0.22182997  0.15086257]
 [ 0.5280344  -0.02000654  0.19091433]
 [ 0.6413349  -0.02172214  0.09580863]
 [-0.06731468 -0.07239848  0.46014577]
 [-0.24202046  0.2909402   0.31044167]
 [-0.21721333  0.47189626  0.01614124]
 [-0.34524244  0.5493548   0.        ]
 [-0.01760814 -0.03641912  0.6513906 ]
 [-0.0412463  -0.07451788  0.88605875]
 [-0.16496132 -0.05726063  0.9866635 ]
 [-0.0806592  -0.11743772  1.0359238 ]
 [-0.06727628 -0.1698813   0.8519794 ]
 [ 0.0274737  -0.33581695  0.7888727 ]
 [ 0.02738865 -0.26482767  0.76216006]
 [ 0.00156352  0.02467695  0.83747977]
 [-0.04288396  0.20365661  0.6343683 ]
 [-0.19026193  0.26663238  0.69552755]]
[[ 0.          0.          0.47213107]
 [ 0.07345099  0.07096592  0.47873437]
 [ 0.04610869  0.23377803  0.14658028]
 [ 0.34930813 -0.08111928  0.27549624]
 [ 0.49625546 -0.11084566  0.2183123 ]
 [-0.07345283 -0.07078936  0.46614832]
 [-0.1675944   0.34091806  0.2850271 ]
 [-0.07575041  0.56080973  0.02077568]
 [-0.18913913  0.6754166   0.        ]
 [-0.02676516 -0.02769686  0.6599268 ]
 [-0.0599862  -0.0607267   0.9005776 ]
 [-0.17723778 -0.03895164  1.0110657 ]
 [-0.08981556 -0.10482463  1.0541357 ]
 [-0.10732304 -0.15757337  0.86137724]
 [-0.07917599 -0.30170405  0.6700492 ]
 [-0.15488602 -0.1442937   0.6248473 ]
 [-0.00336148  0.02632034  0.8500588 ]
 [ 0.01555723  0.1297596   0.609596  ]
 [-0.08236779  0.24570549  0.48423582]]
[[ 0.          0.          0.46384737]
 [ 0.06303439  0.07832302  0.46978647]
 [-0.12833431  0.28127995  0.21547833]
 [ 0.20704173 -0.01249528  0.29391807]
 [ 0.30779696 -0.01719505  0.19814548]
 [-0.06308731 -0.07828149  0.4582024 ]
 [-0.05333605  0.26026416  0.21345273]
 [ 0.18030377  0.47306815  0.03571907]
 [ 0.09245804  0.6006614   0.        ]
 [-0.0257495  -0.03441657  0.659497  ]
 [-0.05454896 -0.05976376  0.90547514]
 [-0.15736285 -0.03863192  1.0198358 ]
 [-0.08128205 -0.10602707  1.0525358 ]
 [-0.12582429 -0.1553852   0.869437  ]
 [-0.17738946 -0.29490146  0.66966486]
 [-0.279872   -0.13223512  0.67899317]
 [ 0.01668602  0.01417342  0.85125434]
 [ 0.13346033  0.07334125  0.6385598 ]
 [ 0.09952438  0.20121977  0.44617695]]
[[ 0.00000000e+00  0.00000000e+00  4.65881348e-01]
 [ 5.18288277e-02  7.61781633e-02  4.77929354e-01]
 [-2.44596541e-01  3.36138874e-01  3.36536348e-01]
 [ 2.24012733e-02  2.46890351e-01  1.86776578e-01]
 [-2.31080353e-02  3.32183838e-01  7.78607130e-02]
 [-5.19177392e-02 -7.62756169e-02  4.53469604e-01]
 [ 1.22083172e-01  7.97567815e-02  1.54800296e-01]
 [ 4.78327513e-01  2.07096934e-01  9.13714170e-02]
 [ 4.67511773e-01  3.06144893e-01  0.00000000e+00]
 [-2.25486718e-02 -3.24677676e-02  6.71340406e-01]
 [-3.91798317e-02 -4.84044254e-02  9.18550253e-01]
 [-1.12020060e-01 -1.16122365e-02  1.01490676e+00]
 [-5.92380092e-02 -7.00998306e-02  1.05075407e+00]
 [-1.39316618e-01 -1.16807938e-01  9.01227653e-01]
 [-3.05243671e-01 -2.25638270e-01  7.42555618e-01]
 [-3.34430814e-01 -2.70251930e-02  8.32511723e-01]
 [ 5.24179786e-02  5.05328178e-04  8.56741905e-01]
 [ 2.78476030e-01  1.12147033e-02  7.48990834e-01]
 [ 2.84674674e-01  7.02454597e-02  5.08262694e-01]]
[[ 0.          0.          0.41666365]
 [ 0.05379285  0.05361101  0.4276333 ]
 [-0.21455199  0.35334045  0.31430066]
 [-0.11936107  0.46627137  0.04870528]
 [-0.22014916  0.57723016  0.        ]
 [-0.05392879 -0.05369025  0.40514788]
 [ 0.17120811  0.08028741  0.11487192]
 [ 0.5609881   0.11286104  0.12974548]
 [ 0.64268005  0.1736505   0.0283584 ]
 [-0.01046135 -0.02173154  0.62579024]
 [-0.0168068  -0.03586558  0.8696922 ]
 [-0.07051218  0.00947958  0.95341766]
 [-0.03290781 -0.05308205  0.9906113 ]
 [-0.1255357  -0.07489553  0.8675927 ]
 [-0.3161804  -0.12866792  0.7372364 ]
 [-0.26358527  0.06219393  0.8353159 ]
 [ 0.08084871 -0.02052018  0.80619884]
 [ 0.32471365 -0.03874037  0.73771465]
 [ 0.32552594  0.01460163  0.505319  ]]
[[ 0.00000000e+00  0.00000000e+00  4.30377930e-01]
 [ 6.13137297e-02  4.82089557e-02  4.40402865e-01]
 [-1.67974174e-01  3.84248853e-01  3.01322311e-01]
 [-1.50928795e-01  5.51751673e-01  1.26941502e-02]
 [-2.61470169e-01  6.63598776e-01  0.00000000e+00]
 [-6.14895411e-02 -4.82947826e-02  4.19853598e-01]
 [ 1.43529788e-01  6.97910488e-02  1.06374115e-01]
 [ 5.36048889e-01  2.64839530e-02  1.94424331e-01]
 [ 6.67278647e-01  6.56196773e-02  1.19214445e-01]
 [-5.67775802e-04 -1.21954978e-02  6.40840173e-01]
 [-3.77166830e-03 -2.60910392e-02  8.81739318e-01]
 [-5.45189753e-02  1.63358450e-02  9.68037605e-01]
 [-2.08906867e-02 -4.87869978e-02  1.00179243e+00]
 [-1.16816908e-01 -5.44184148e-02  8.81098628e-01]
 [-2.94963926e-01 -8.65316093e-02  7.54402161e-01]
 [-2.03471035e-01  8.64599347e-02  8.42648149e-01]
 [ 9.74603295e-02 -1.66996419e-02  8.15347195e-01]
 [ 3.26595843e-01 -4.17945683e-02  7.40371704e-01]
 [ 3.06038380e-01  6.14056736e-03  5.16011357e-01]]
[[ 0.          0.          0.49152642]
 [ 0.06952849  0.04955134  0.5036185 ]
 [-0.09994432  0.41186455  0.32520723]
 [-0.07582244  0.5245299   0.01242256]
 [-0.18446416  0.6351355   0.        ]
 [-0.06979619 -0.04959976  0.47906283]
 [ 0.05491948  0.07341397  0.15161264]
 [ 0.40133917 -0.09275222  0.31254148]
 [ 0.5751008  -0.0725611   0.29183722]
 [ 0.01287519  0.0296436   0.707601  ]
 [ 0.0122797   0.04435182  0.9523958 ]
 [-0.05175281  0.07188916  1.0442533 ]
 [-0.00357907  0.0104596   1.0747728 ]
 [-0.10197072 -0.00204024  0.9484519 ]
 [-0.25520706 -0.10582738  0.7830901 ]
 [-0.25818193  0.06221333  0.72049415]
 [ 0.11504675  0.06604514  0.88351333]
 [ 0.3069034   0.07517022  0.7626722 ]
 [ 0.2272426   0.16872697  0.5830518 ]]
[[ 0.          0.          0.5199235 ]
 [ 0.08270803  0.06183285  0.5326338 ]
 [-0.00865297  0.4314155   0.30425066]
 [ 0.11970672  0.4354857   0.03215194]
 [ 0.01519486  0.5571997   0.        ]
 [-0.0829111  -0.06180672  0.5070355 ]
 [-0.11725879  0.09827337  0.1999512 ]
 [ 0.23531723 -0.14535174  0.35983825]
 [ 0.38898414 -0.12444466  0.31570932]
 [ 0.01757335  0.04653385  0.734094  ]
 [ 0.01746189  0.08998239  0.97908485]
 [-0.05025436  0.11438507  1.0814917 ]
 [ 0.00289796  0.05401087  1.1078224 ]
 [-0.09806924  0.02121812  0.9691968 ]
 [-0.17811683 -0.13871558  0.77939487]
 [-0.1752719  -0.01971821  0.67229027]
 [ 0.12683304  0.12616187  0.9101027 ]
 [ 0.2374385   0.17983273  0.72753143]
 [ 0.08306597  0.25800797  0.6614062 ]]
[[ 0.          0.          0.46829355]
 [ 0.08669899  0.06993524  0.47656736]
 [ 0.20419666  0.37736544  0.20316625]
 [ 0.48344475  0.28220832  0.09039673]
 [ 0.44863585  0.38767004  0.        ]
 [-0.08664598 -0.06966027  0.46020198]
 [-0.26682425  0.26892316  0.31058142]
 [ 0.00919232  0.09166846  0.26830453]
 [-0.00568103  0.1351675   0.14510268]
 [ 0.00393446 -0.0097328   0.6565234 ]
 [ 0.00531173 -0.01579377  0.8958108 ]
 [-0.10530482 -0.0031805   0.9953955 ]
 [-0.02049957 -0.07176298  1.0394335 ]
 [-0.0892435  -0.11280254  0.8778027 ]
 [-0.07543571 -0.26158226  0.6933374 ]
 [-0.02701508 -0.11047976  0.5788703 ]
 [ 0.09406928  0.06794503  0.8338097 ]
 [ 0.06303328  0.22195649  0.6444784 ]
 [-0.09653024  0.24786443  0.73965925]]
[[ 0.          0.          0.44872424]
 [ 0.07189474  0.07613622  0.4635692 ]
 [ 0.29263532  0.2886761   0.19006658]
 [ 0.6148484   0.15653366  0.12776658]
 [ 0.6638552   0.18183643  0.        ]
 [-0.0718168  -0.0757667   0.43445432]
 [-0.290645    0.2633047   0.35069555]
 [-0.16830948  0.3012684   0.08744326]
 [-0.29265386  0.378775    0.02862078]
 [-0.00961401 -0.07689364  0.6213923 ]
 [-0.01036803 -0.12862563  0.84888303]
 [-0.12259641 -0.11070505  0.94062066]
 [-0.0301242  -0.17999426  0.98886514]
 [-0.05998826 -0.21971019  0.82642853]
 [ 0.0831646  -0.3832299   0.82454777]
 [ 0.09053256 -0.15699771  0.6997217 ]
 [ 0.05094113 -0.02567989  0.7980267 ]
 [-0.01780419  0.14595282  0.64341605]
 [-0.12315805  0.2117703   0.78217024]]
[[ 0.          0.          0.383205  ]
 [ 0.06381607  0.07335383  0.3963346 ]
 [ 0.24009311  0.24140513  0.09429318]
 [ 0.5745959   0.05479251  0.12529999]
 [ 0.68191123  0.04781824  0.02370644]
 [-0.06377444 -0.07298747  0.37080365]
 [-0.26490545  0.2777116   0.2649044 ]
 [-0.2704016   0.4818341   0.00749677]
 [-0.405626    0.5544075   0.        ]
 [-0.00871789 -0.06303201  0.5587988 ]
 [-0.01719076 -0.11330456  0.7857265 ]
 [-0.14171442 -0.09381074  0.8799707 ]
 [-0.05133224 -0.15203553  0.9353292 ]
 [-0.03263361 -0.20946468  0.7552009 ]
 [ 0.0730384  -0.3402738   0.6954302 ]
 [ 0.04700003 -0.14748314  0.5855763 ]
 [ 0.01361595 -0.00904551  0.7360962 ]
 [-0.02507392  0.1460125   0.5516219 ]
 [-0.1674119   0.23855239  0.62036836]]
[[ 0.0000000e+00  0.0000000e+00  3.8032550e-01]
 [ 7.0100047e-02  6.9934838e-02  3.9225072e-01]
 [ 1.1719933e-01  2.6989520e-01  5.3902507e-02]
 [ 4.3255526e-01  2.0168543e-02  1.6187513e-01]
 [ 5.8021212e-01 -2.1730959e-03  9.3187630e-02]
 [-7.0101857e-02 -6.9667153e-02  3.6908776e-01]
 [-2.1137810e-01  3.2878625e-01  2.3858258e-01]
 [-2.0915002e-01  5.9234142e-01  6.1559677e-04]
 [-3.3569205e-01  6.8128610e-01  0.0000000e+00]
 [-1.5193421e-02 -4.2570740e-02  5.6576174e-01]
 [-3.5363000e-02 -8.7019742e-02  7.9909450e-01]
 [-1.4895488e-01 -6.7704856e-02  9.0396172e-01]
 [-6.4707965e-02 -1.3005659e-01  9.4552040e-01]
 [-6.7769647e-02 -1.8175444e-01  7.5667822e-01]
 [-4.9586441e-02 -3.0479446e-01  5.6274927e-01]
 [-1.4099458e-01 -1.1390763e-01  5.1499039e-01]
 [ 8.4040463e-03  6.4152777e-03  7.5697219e-01]
 [ 7.4687265e-03  1.3237263e-01  5.3419107e-01]
 [-1.1998825e-01  2.2773281e-01  4.5939356e-01]]
[[ 0.          0.          0.41552347]
 [ 0.07585341  0.07426435  0.4250205 ]
 [ 0.0153819   0.30592686  0.09616715]
 [ 0.33788753  0.03444664  0.20881788]
 [ 0.48241222  0.01728287  0.13521355]
 [-0.07588099 -0.0740594   0.40657306]
 [-0.18475026  0.319223    0.2530101 ]
 [-0.11352187  0.54537153  0.01729739]
 [-0.23836997  0.6580384   0.        ]
 [-0.015526   -0.03836963  0.6053963 ]
 [-0.03504842 -0.0795249   0.8413129 ]
 [-0.13875128 -0.06205955  0.94945663]
 [-0.06153402 -0.13078618  0.98479176]
 [-0.08393133 -0.17280239  0.80368733]
 [-0.10214883 -0.28591758  0.59415555]
 [-0.20251861 -0.1302442   0.5852305 ]
 [ 0.01834923  0.00211641  0.79529077]
 [ 0.05323163  0.09224512  0.5552274 ]
 [-0.00192755  0.20038387  0.3973133 ]]
[[ 0.00000000e+00  0.00000000e+00  3.87340873e-01]
 [ 5.22773787e-02  8.06386918e-02  4.00657564e-01]
 [-1.89108968e-01  3.99042368e-01  2.51475275e-01]
 [ 1.07685491e-01  4.39150155e-01  1.31462842e-01]
 [ 5.09896129e-02  5.57619750e-01  1.16868913e-02]
 [-5.22986650e-02 -8.05759877e-02  3.73780221e-01]
 [-3.89560610e-02  2.03368053e-01  1.39198139e-01]
 [ 3.03300440e-01  2.99907118e-01  1.43498346e-01]
 [ 2.88883716e-01  3.92720789e-01  0.00000000e+00]
 [-1.88250560e-02 -5.22085726e-02  5.79433441e-01]
 [-2.46035997e-02 -8.40331316e-02  8.09774160e-01]
 [-8.25452805e-02 -5.31120598e-02  9.03958559e-01]
 [-4.01031598e-02 -1.24170005e-01  9.37209725e-01]
 [-1.32028103e-01 -1.47097111e-01  8.07006359e-01]
 [-3.07482392e-01 -1.91212982e-01  6.45294785e-01]
 [-2.99094141e-01 -4.25468683e-02  7.80249238e-01]
 [ 7.12291300e-02 -3.45476270e-02  7.46604323e-01]
 [ 2.57251561e-01  4.19795513e-04  6.10406041e-01]
 [ 2.98654020e-01  2.75432430e-02  3.74680668e-01]]
[[ 0.          0.          0.40766677]
 [ 0.05830006  0.05581238  0.4185053 ]
 [-0.17858803  0.37665242  0.26905978]
 [-0.14110592  0.5530356   0.02889901]
 [-0.26046526  0.6630521   0.        ]
 [-0.05835042 -0.05586926  0.3963077 ]
 [ 0.13014692  0.13023916  0.13385034]
 [ 0.52536446  0.1523525   0.12180042]
 [ 0.5767081   0.21309942  0.01065323]
 [ 0.01145915 -0.05986919  0.60170656]
 [ 0.03999231 -0.09630167  0.8312533 ]
 [ 0.00255592 -0.03584439  0.9055172 ]
 [ 0.03384224 -0.10961574  0.9453008 ]
 [-0.08893801 -0.12343428  0.84411573]
 [-0.29986617 -0.13674065  0.7352444 ]
 [-0.20087579  0.03198498  0.8182796 ]
 [ 0.14992052 -0.08467314  0.76341707]
 [ 0.3688729  -0.09252727  0.6818963 ]
 [ 0.40512255 -0.08522283  0.45231557]]
[[ 0.          0.          0.39054444]
 [ 0.05443906  0.04442518  0.3969205 ]
 [-0.14571774  0.37128937  0.21690394]
 [-0.19248062  0.6289419   0.00092995]
 [-0.31548518  0.7244387   0.        ]
 [-0.05451177 -0.04446687  0.3836036 ]
 [ 0.16358614  0.11807165  0.11913404]
 [ 0.5513886   0.09782867  0.13170543]
 [ 0.639362    0.14624998  0.02121499]
 [ 0.02640869 -0.05134866  0.5859401 ]
 [ 0.06662036 -0.08651915  0.8083122 ]
 [ 0.03634994 -0.02823699  0.8760114 ]
 [ 0.06403451 -0.10094222  0.91725457]
 [-0.0604669  -0.09606725  0.8288193 ]
 [-0.26205453 -0.09363627  0.737736  ]
 [-0.15260547  0.08328664  0.7549818 ]
 [ 0.17206049 -0.09093404  0.7374712 ]
 [ 0.3757354  -0.1141355   0.6548885 ]
 [ 0.40104428 -0.12205397  0.42461452]]
[[ 0.          0.          0.41155115]
 [ 0.05437533  0.0393491   0.41685015]
 [-0.09725758  0.39345747  0.21717356]
 [-0.15201741  0.6568502   0.        ]
 [-0.2686044   0.7538441   0.00622296]
 [-0.05448973 -0.03937516  0.40576416]
 [ 0.13169318  0.10478395  0.11650327]
 [ 0.52907705  0.06637105  0.19573104]
 [ 0.66656405  0.10223836  0.11258906]
 [ 0.03897645 -0.03769439  0.6123607 ]
 [ 0.08674702 -0.06329116  0.8357651 ]
 [ 0.05775256 -0.00830925  0.90855616]
 [ 0.08776713 -0.0768857   0.945868  ]
 [-0.03798005 -0.07109165  0.8602363 ]
 [-0.2222444  -0.08496907  0.75286686]
 [-0.1462904   0.09970888  0.690325  ]
 [ 0.18837143 -0.06682375  0.75622153]
 [ 0.36800456 -0.08453213  0.6403122 ]
 [ 0.34082824 -0.08107024  0.43247834]]
[[ 0.          0.          0.46135625]
 [ 0.06896172  0.04411304  0.46567947]
 [-0.05461015  0.4274856   0.26266623]
 [-0.03785062  0.6116741   0.00580257]
 [-0.1688686   0.7168479   0.        ]
 [-0.06912325 -0.04411977  0.45672297]
 [ 0.01967559  0.10839202  0.13478926]
 [ 0.36924568 -0.02098626  0.2808813 ]
 [ 0.55130607 -0.00493613  0.24208519]
 [ 0.05251453  0.00208102  0.6701672 ]
 [ 0.10111     0.00271243  0.9013343 ]
 [ 0.05841152  0.04548949  0.9842553 ]
 [ 0.09874657 -0.02320945  1.0236695 ]
 [-0.02156733 -0.02595457  0.9190537 ]
 [-0.18642342 -0.0950086   0.7812424 ]
 [-0.17926997  0.07160194  0.65592885]
 [ 0.20188417  0.01915908  0.8133302 ]
 [ 0.32315934  0.03280592  0.63874924]
 [ 0.20611781  0.0848379   0.50194055]]
[[ 0.          0.          0.43941268]
 [ 0.09296586  0.06474923  0.44025752]
 [ 0.03111548  0.40612292  0.18518564]
 [ 0.15520777  0.43475738  0.        ]
 [-0.02248201  0.55771315  0.00441384]
 [-0.09303747 -0.06476077  0.4385245 ]
 [-0.20610812  0.13402182  0.1711576 ]
 [ 0.15712589 -0.1114863   0.23739988]
 [ 0.28606242 -0.09692982  0.17853403]
 [ 0.04047948  0.01252225  0.65932953]
 [ 0.08144121  0.04170313  0.90208304]
 [ 0.02089193  0.07968813  0.98323214]
 [ 0.07250496  0.01135939  1.0272852 ]
 [-0.04839657 -0.02438879  0.9138365 ]
 [-0.2213377  -0.15760857  0.75160944]
 [-0.19720684  0.01540402  0.6304612 ]
 [ 0.18744048  0.09228989  0.8157464 ]
 [ 0.17111737  0.20730251  0.60023165]
 [ 0.00475674  0.18584248  0.58783454]]
[[ 0.          0.          0.58122784]
 [ 0.09128225  0.06746069  0.57196665]
 [ 0.29575607  0.31200793  0.29411054]
 [ 0.49617812  0.37507862  0.05459905]
 [ 0.44315463  0.5060812   0.        ]
 [-0.09131954 -0.06726822  0.5908436 ]
 [-0.34959933  0.10452326  0.48705554]
 [-0.265191   -0.11345807  0.20858642]
 [-0.3694219  -0.04458761  0.12224495]
 [ 0.02802618 -0.0185747   0.75438607]
 [ 0.05766196 -0.0478361   0.968338  ]
 [-0.02265338 -0.02535093  1.0645658 ]
 [ 0.04803073 -0.09352976  1.0982585 ]
 [-0.02506965 -0.15074986  0.96591204]
 [-0.12139414 -0.3363725   1.0757178 ]
 [-0.19859837 -0.17324325  1.0751765 ]
 [ 0.12158388  0.04730177  0.9024085 ]
 [-0.06577715  0.18027076  0.80021197]
 [-0.21335572  0.1266996   0.9700041 ]]
[[ 0.          0.          0.585458  ]
 [ 0.08616824  0.07069235  0.5785943 ]
 [ 0.3322101   0.18551631  0.25717306]
 [ 0.6107513   0.10191569  0.11371681]
 [ 0.5805568   0.18590695  0.        ]
 [-0.08619897 -0.0705003   0.59297365]
 [-0.34001064  0.12388776  0.4917876 ]
 [-0.47340572  0.09845793  0.15341002]
 [-0.6172746   0.20292926  0.13799381]
 [ 0.02746074 -0.0249994   0.76706505]
 [ 0.04864102 -0.06611732  0.99781734]
 [-0.04075093 -0.05287543  1.1016996 ]
 [ 0.0223494  -0.1153582   1.1415858 ]
 [-0.01472301 -0.16714305  0.9679166 ]
 [-0.08455378 -0.24660651  0.79557574]
 [-0.11051545 -0.11844047  0.7133528 ]
 [ 0.10357581  0.04076767  0.9326867 ]
 [-0.08651254  0.1741842   0.8122395 ]
 [-0.23772323  0.14055064  0.9578417 ]]
[[ 0.          0.          0.5020791 ]
 [ 0.08763007  0.06370648  0.49752504]
 [ 0.3189664   0.12642437  0.17321163]
 [ 0.6186299  -0.00795466  0.1089263 ]
 [ 0.6113      0.03705496  0.        ]
 [-0.08765886 -0.06356074  0.5074078 ]
 [-0.3254965   0.1715853   0.3873412 ]
 [-0.49738145  0.22164398  0.06012368]
 [-0.64035416  0.32144988  0.06171533]
 [ 0.0207686  -0.02911159  0.696198  ]
 [ 0.04217913 -0.06531045  0.9357572 ]
 [-0.03341056 -0.04015058  1.0422273 ]
 [ 0.01941956 -0.11244857  1.0870507 ]
 [-0.03574351 -0.15184993  0.9053807 ]
 [-0.08484712 -0.19736427  0.71308553]
 [-0.06243935 -0.08075144  0.6135119 ]
 [ 0.10731376  0.02964661  0.86740875]
 [-0.05256589  0.18740976  0.7101389 ]
 [-0.2296933   0.21853206  0.7972668 ]]
[[ 0.00000000e+00  0.00000000e+00  4.70264137e-01]
 [ 4.86547798e-02  4.26177308e-02  4.68444645e-01]
 [ 2.69347101e-01  1.02926224e-01  1.90920264e-01]
 [-2.61094272e-01  4.12148297e-01  1.00545287e-01]
 [-3.96437943e-01  4.74789351e-01  8.71169269e-02]
 [-4.89194766e-02 -4.24179882e-02  4.72190857e-01]
 [-2.95902789e-01  1.29779965e-01  2.96719074e-01]
 [-4.24807370e-01  1.93545640e-01  1.42042637e-02]
 [-5.35003901e-01  2.78367430e-01  0.00000000e+00]
 [ 8.02281406e-03 -2.75881737e-02  6.63173735e-01]
 [ 1.90796182e-02 -3.75729501e-02  8.94918621e-01]
 [-2.26797871e-02 -7.74919987e-04  9.87289429e-01]
 [ 4.05010395e-03 -5.77126741e-02  1.02840447e+00]
 [-2.06068456e-02 -8.46360624e-02  8.89165521e-01]
 [ 5.12022153e-02 -1.61450267e-01  9.94896472e-01]
 [ 5.29810488e-02 -1.06092215e-01  1.12175298e+00]
 [ 7.99243078e-02  2.14017928e-02  8.21680069e-01]
 [ 6.05993718e-03  1.28663540e-01  6.09262109e-01]
 [-1.68013185e-01  1.63057521e-01  5.26803076e-01]]
[[ 0.          0.          0.62200034]
 [ 0.0811967   0.02834088  0.6165579 ]
 [ 0.20077296 -0.05929118  0.26628304]
 [ 0.40847182 -0.39546883  0.38113943]
 [ 0.51539874 -0.43053272  0.35880303]
 [-0.08113974 -0.02845799  0.6281472 ]
 [-0.16589248  0.24591228  0.4047013 ]
 [-0.25959706  0.25708696  0.03087831]
 [-0.36007413  0.3816197   0.        ]
 [ 0.03792095 -0.02745745  0.8281424 ]
 [ 0.0749462  -0.05136046  1.0685418 ]
 [ 0.02603579 -0.02090794  1.1756634 ]
 [ 0.06294122 -0.09384745  1.2200809 ]
 [ 0.00985359 -0.09647104  1.0695935 ]
 [ 0.01385194 -0.18211439  1.2113636 ]
 [ 0.01453103 -0.20194644  1.3625367 ]
 [ 0.1354914  -0.01200488  0.9939351 ]
 [ 0.15595786  0.10960242  0.787704  ]
 [ 0.15238145  0.1990901   0.6411613 ]]
[[ 0.          0.          0.6749906 ]
 [ 0.07652763  0.01773924  0.67093015]
 [ 0.17288834 -0.08134526  0.31795025]
 [ 0.34287256 -0.4505919   0.44501758]
 [ 0.45968896 -0.49258134  0.44594744]
 [-0.07649951 -0.01793462  0.67967314]
 [-0.12736517  0.22248632  0.4309106 ]
 [-0.20412996  0.1760822   0.04461449]
 [-0.29082486  0.30008924  0.        ]
 [ 0.04059389 -0.03177102  0.8822852 ]
 [ 0.08273119 -0.0561361   1.1228653 ]
 [ 0.03632739 -0.02403814  1.2281917 ]
 [ 0.07286792 -0.09469819  1.275722  ]
 [ 0.01991462 -0.09375158  1.1238332 ]
 [ 0.01824714 -0.18088004  1.2966304 ]
 [ 0.01721457 -0.1948641   1.4642124 ]
 [ 0.14575002 -0.02603066  1.0504369 ]
 [ 0.21141881  0.09023687  0.85391724]
 [ 0.26428002  0.20147711  0.71612775]]
[[ 0.          0.          0.70403653]
 [ 0.07434799  0.0164736   0.70158094]
 [ 0.13403895 -0.07778394  0.34018925]
 [ 0.2885247  -0.4692623   0.48039305]
 [ 0.4039206  -0.5213232   0.49609986]
 [-0.07435123 -0.01672313  0.70705307]
 [-0.10164559  0.19451109  0.44135606]
 [-0.14487672  0.10206109  0.0556913 ]
 [-0.21772411  0.22900039  0.        ]
 [ 0.04411827 -0.0273999   0.9154148 ]
 [ 0.0856787  -0.04878718  1.1584554 ]
 [ 0.03182111 -0.01799011  1.2622149 ]
 [ 0.07190055 -0.0897541   1.3081331 ]
 [ 0.02451929 -0.08940804  1.1576596 ]
 [ 0.0038486  -0.17826882  1.3487576 ]
 [-0.01645986 -0.21125448  1.5257754 ]
 [ 0.15516101 -0.01943177  1.0910482 ]
 [ 0.26287502  0.10496683  0.9272414 ]
 [ 0.3490255   0.2199918   0.8381847 ]]
[[ 0.          0.          0.69723934]
 [ 0.07071753  0.01526751  0.694932  ]
 [ 0.06754632 -0.07988584  0.3182314 ]
 [ 0.21422613 -0.509104    0.45813477]
 [ 0.3208192  -0.5813044   0.48491305]
 [-0.07075994 -0.01557954  0.70003176]
 [-0.06292048  0.19957134  0.42435098]
 [-0.04069989  0.06202465  0.07660085]
 [-0.08843103  0.19175172  0.        ]
 [ 0.04058512 -0.02624781  0.9121604 ]
 [ 0.07765275 -0.04998192  1.157883  ]
 [ 0.01358235 -0.01698202  1.2576156 ]
 [ 0.05915833 -0.09197718  1.3009897 ]
 [ 0.0152397  -0.09092924  1.157531  ]
 [-0.02351923 -0.14589196  1.3658864 ]
 [-0.03543726 -0.13742822  1.549631  ]
 [ 0.15234467 -0.02143812  1.0988687 ]
 [ 0.3054134   0.10484987  0.99853534]
 [ 0.40326327  0.22261533  1.004527  ]]
[[ 0.00000000e+00  0.00000000e+00  6.75561666e-01]
 [ 6.90084845e-02  2.38306634e-02  6.75555468e-01]
 [ 3.38904560e-02 -4.43001986e-02  2.98905551e-01]
 [ 1.80419505e-01 -4.74462807e-01  4.48860556e-01]
 [ 2.79067576e-01 -5.45228362e-01  4.86842513e-01]
 [-6.90689534e-02 -2.41833329e-02  6.75998926e-01]
 [-6.20015711e-02  1.79217488e-01  3.99569094e-01]
 [ 1.19442549e-02  3.58889103e-02  9.39676762e-02]
 [-2.92540193e-02  1.53118372e-01  0.00000000e+00]
 [ 3.79205793e-02 -2.51637697e-02  8.92487645e-01]
 [ 7.03060329e-02 -4.43526804e-02  1.13922977e+00]
 [-8.46682116e-04 -9.00858641e-03  1.23483086e+00]
 [ 4.67954241e-02 -8.43353271e-02  1.27495301e+00]
 [ 5.15149161e-03 -9.29845273e-02  1.13783169e+00]
 [-5.14376834e-02 -1.43370092e-01  1.35073400e+00]
 [-6.94846585e-02 -1.34818912e-01  1.53207004e+00]
 [ 1.47960410e-01 -1.02981925e-02  1.08513951e+00]
 [ 3.22895229e-01  1.25258207e-01  1.02593005e+00]
 [ 4.12904739e-01  2.22564369e-01  1.08857441e+00]]
[[ 0.00000000e+00  0.00000000e+00  4.71656412e-01]
 [ 7.55510926e-02  7.81135261e-02  4.65185642e-01]
 [-1.76743880e-01  1.81183740e-01  2.02102244e-01]
 [ 5.88480979e-02 -8.00649226e-02  1.23582631e-01]
 [ 5.12708277e-02 -4.20951843e-02  0.00000000e+00]
 [-7.57166445e-02 -7.83068538e-02  4.78211462e-01]
 [-2.36347228e-01  6.50354624e-02  2.33789593e-01]
 [ 6.95010275e-02 -1.25184476e-01  2.32631743e-01]
 [ 4.68770936e-02 -9.57539380e-02  8.84345174e-03]
 [-1.00787003e-02  1.09145045e-03  7.02906549e-01]
 [-4.50863168e-02 -9.30225849e-03  9.57165241e-01]
 [-1.43846378e-01  4.33302522e-02  1.03786016e+00]
 [-9.92251337e-02 -3.51501703e-02  1.09751141e+00]
 [-1.15444228e-01 -9.82889533e-02  9.39428926e-01]
 [-2.67458707e-01 -1.29512966e-01  1.12560248e+00]
 [-3.07521105e-01 -3.94868851e-02  1.26497173e+00]
 [ 3.40358317e-02  6.16853237e-02  9.28543568e-01]
 [ 1.20502815e-01  2.21872509e-01  1.09517574e+00]
 [ 1.17273092e-01  1.62452877e-01  1.23213243e+00]]
[[ 0.0000000e+00  0.0000000e+00  4.5759216e-01]
 [ 7.9158492e-02  8.2109645e-02  4.4853264e-01]
 [-2.0081434e-01  2.4944758e-01  2.4672323e-01]
 [ 2.7297057e-02 -4.4627577e-02  1.2634149e-01]
 [ 8.5468832e-03  2.3129880e-03  0.0000000e+00]
 [-7.9369262e-02 -8.2318902e-02  4.6676418e-01]
 [-2.8894043e-01  4.4989958e-02  2.6207179e-01]
 [ 1.3881385e-02 -1.9475771e-01  1.9281265e-01]
 [-2.0851173e-02 -1.8669826e-01  1.7008096e-02]
 [-2.3382667e-02  1.2313604e-02  6.8802154e-01]
 [-7.2568819e-02  9.3577504e-03  9.3941534e-01]
 [-1.7595062e-01  6.4797103e-02  1.0175335e+00]
 [-1.3610238e-01 -1.3598502e-02  1.0805249e+00]
 [-1.4620811e-01 -8.3948016e-02  9.1724503e-01]
 [-3.2125247e-01 -1.1215055e-01  1.0817204e+00]
 [-3.7433320e-01 -1.1473894e-04  1.2253888e+00]
 [ 9.7894110e-03  8.0433518e-02  9.1385269e-01]
 [ 4.7650680e-02  2.3260385e-01  1.1237409e+00]
 [ 4.0801078e-02  1.1178911e-01  1.2446281e+00]]
[[ 0.          0.          0.4914518 ]
 [ 0.07534093  0.08716001  0.48248774]
 [-0.24393386  0.2827528   0.3460264 ]
 [-0.04552139  0.06352827  0.12197483]
 [-0.08716983  0.14714772  0.        ]
 [-0.07553462 -0.08734813  0.5005243 ]
 [-0.34230465  0.02325445  0.34521618]
 [-0.05373483 -0.22997068  0.21739644]
 [-0.11545682 -0.22418916  0.0813992 ]
 [-0.04453795  0.01776797  0.7202264 ]
 [-0.11395566  0.02410105  0.9686225 ]
 [-0.2215009   0.08535004  1.0355268 ]
 [-0.18549003  0.01108396  1.1061113 ]
 [-0.18064156 -0.07075909  0.93787503]
 [-0.3699374  -0.10079205  1.0747235 ]
 [-0.4374652   0.00986677  1.1954708 ]
 [-0.03085858  0.09854192  0.9529082 ]
 [-0.0640953   0.24828923  1.2056215 ]
 [-0.03250141  0.08891803  1.3065419 ]]
[[ 0.          0.          0.48797718]
 [ 0.0728503   0.09594199  0.4726336 ]
 [-0.25109693  0.28529406  0.44401866]
 [-0.2421394   0.17880452  0.06379399]
 [-0.35516965  0.2706492   0.        ]
 [-0.07303102 -0.09592049  0.5033801 ]
 [-0.40047276  0.06336289  0.4594    ]
 [-0.21438251 -0.12946332  0.16860008]
 [-0.28339118 -0.09240109  0.06812659]
 [-0.0716171   0.03181216  0.70651233]
 [-0.174157    0.05896577  0.9417608 ]
 [-0.31889552  0.11482683  0.96173334]
 [-0.25316888  0.06781054  1.0337149 ]
 [-0.18457812 -0.05407402  0.9284232 ]
 [-0.31549203 -0.12063956  1.1042852 ]
 [-0.18223631 -0.06935138  1.285308  ]
 [-0.12338506  0.1738626   0.92646015]
 [-0.30307448  0.38285655  0.9995012 ]
 [-0.53099644  0.37838802  1.0161073 ]]
[[ 0.          0.          0.4647485 ]
 [ 0.06554225  0.09877843  0.4470625 ]
 [-0.2594098   0.26802567  0.43924987]
 [-0.2923652   0.18822579  0.04553348]
 [-0.4142276   0.28493255  0.        ]
 [-0.06568088 -0.09874204  0.48245907]
 [-0.41237122  0.02542251  0.46205646]
 [-0.26873922 -0.13647619  0.13234699]
 [-0.34350908 -0.09678826  0.04848272]
 [-0.08205379  0.03299069  0.6784742 ]
 [-0.19479863  0.0679073   0.90627694]
 [-0.3337872   0.12845156  0.9144652 ]
 [-0.27046746  0.08795106  0.98910165]
 [-0.19586265 -0.04602244  0.9004488 ]
 [-0.31775117 -0.12312311  1.0714808 ]
 [-0.20421723 -0.07818621  1.2479501 ]
 [-0.15180363  0.182325    0.88835096]
 [-0.35287434  0.3810789   0.9335341 ]
 [-0.5932961   0.39041024  0.9293956 ]]
[[ 0.00000000e+00  0.00000000e+00  3.53356898e-01]
 [ 5.47349900e-02  1.08962558e-01  3.39774370e-01]
 [-2.87795067e-01  2.80034065e-01  3.81266654e-01]
 [-4.19188440e-01  2.89143056e-01  0.00000000e+00]
 [-5.59403956e-01  3.69496524e-01  2.01630592e-03]
 [-5.50084822e-02 -1.08930729e-01  3.67025822e-01]
 [-4.28844810e-01 -5.65476716e-04  3.97319198e-01]
 [-4.30969834e-01  7.32153654e-04  3.47801447e-02]
 [-5.21930218e-01  4.68212366e-02  1.35909915e-02]
 [-1.09997004e-01  5.87884337e-02  5.50482512e-01]
 [-2.53612459e-01  1.14188254e-01  7.52541065e-01]
 [-4.01642203e-01  1.74107373e-01  7.34011948e-01]
 [-3.34672660e-01  1.56604767e-01  8.04944754e-01]
 [-2.57402986e-01 -1.87108219e-02  7.55404174e-01]
 [-5.05452991e-01 -3.82064581e-02  6.25367522e-01]
 [-5.26618838e-01  1.36788517e-01  6.16032481e-01]
 [-2.16639996e-01  2.19580770e-01  7.21622705e-01]
 [-3.84169906e-01  3.16053867e-01  6.25075042e-01]
 [-5.83640277e-01  2.93606550e-01  5.41319668e-01]]
[[ 0.          0.          0.32406604]
 [ 0.05060576  0.10606194  0.31293076]
 [-0.29441857  0.27524608  0.3533737 ]
 [-0.4474362   0.3221454   0.        ]
 [-0.57707804  0.39680222  0.02424616]
 [-0.05088667 -0.10599421  0.33531314]
 [-0.4179708  -0.00233672  0.36216402]
 [-0.49706185  0.08427736  0.03738463]
 [-0.6036403   0.12221807  0.03970262]
 [-0.12214658  0.06829111  0.5075082 ]
 [-0.27564517  0.13794526  0.69485354]
 [-0.41213268  0.19769514  0.6717015 ]
 [-0.35400528  0.18589109  0.7410471 ]
 [-0.28272653  0.01072085  0.70249283]
 [-0.4956283   0.00605147  0.5007394 ]
 [-0.54324055  0.16853136  0.41920426]
 [-0.23583704  0.23342109  0.65569043]
 [-0.3626684   0.30068007  0.48589242]
 [-0.5263213   0.2946852   0.3414947 ]]
[[ 0.          0.          0.29850608]
 [ 0.05183657  0.10402216  0.28869343]
 [-0.2919783   0.29823697  0.32691088]
 [-0.4667182   0.3471529   0.        ]
 [-0.58314985  0.4246625   0.03801763]
 [-0.05214331 -0.10389654  0.30847132]
 [-0.41158342  0.02577654  0.33839592]
 [-0.5438958   0.13752693  0.03776667]
 [-0.653317    0.174741    0.04718071]
 [-0.12964663  0.0702159   0.47048366]
 [-0.2862739   0.15168998  0.6453463 ]
 [-0.4146063   0.20605701  0.6221002 ]
 [-0.36507073  0.19128937  0.6858423 ]
 [-0.30058438  0.02369779  0.6579832 ]
 [-0.4802097   0.01763524  0.42877224]
 [-0.5427983   0.16501825  0.2940573 ]
 [-0.23813343  0.24591699  0.59995157]
 [-0.32841226  0.3163217   0.3839401 ]
 [-0.46662867  0.31910968  0.1901635 ]]
[[ 0.          0.          0.31015062]
 [ 0.05966377  0.09198271  0.3105643 ]
 [-0.22573778  0.31473947  0.29552266]
 [-0.43323904  0.41161236  0.        ]
 [-0.5179985   0.48824686  0.05848387]
 [-0.06000755 -0.09182403  0.30978668]
 [-0.35933906  0.08226426  0.30087367]
 [-0.5069435   0.2551896   0.04743081]
 [-0.6069913   0.30064243  0.08383428]
 [-0.1102927   0.07630064  0.45488772]
 [-0.24830821  0.17222056  0.6031165 ]
 [-0.36014476  0.22300935  0.58412385]
 [-0.31893137  0.22050911  0.6503561 ]
 [-0.2694021   0.0605489   0.6134374 ]
 [-0.3974377   0.125408    0.3824164 ]
 [-0.2736301   0.04772535  0.7256501 ]
 [-0.19051632  0.2514004   0.551901  ]
 [-0.14840129  0.30421954  0.27768648]
 [-0.15203676  0.3208804   0.04331326]]
[[ 0.          0.          0.25647938]
 [ 0.05264282  0.09041882  0.263689  ]
 [-0.20873237  0.33756727  0.25827184]
 [-0.4397416   0.46551332  0.        ]
 [-0.5389048   0.5406966   0.06938878]
 [-0.05285245 -0.09009883  0.24954903]
 [-0.36288983  0.1027827   0.23343155]
 [-0.49634802  0.3488488   0.01613382]
 [-0.6087488   0.38997263  0.04939908]
 [-0.12267588  0.05367951  0.38730213]
 [-0.28669304  0.11739953  0.5127581 ]
 [-0.42012674  0.17166853  0.46673995]
 [-0.37155616  0.16267133  0.5251875 ]
 [-0.3011887   0.01133859  0.5510961 ]
 [-0.21440323 -0.13635167  0.59826446]
 [-0.01053555 -0.20086592  0.35672197]
 [-0.21449757  0.18270774  0.4680441 ]
 [-0.06331726  0.1619156   0.25145975]
 [ 0.04858911  0.11722243  0.03099543]]
[[ 0.          0.          0.23075476]
 [ 0.06050277  0.09390251  0.24405661]
 [-0.19303888  0.39861092  0.23820516]
 [-0.35289127  0.52269036  0.        ]
 [-0.44644302  0.6006795   0.04895951]
 [-0.06073168 -0.09356868  0.21773246]
 [-0.3569923   0.15463254  0.20658265]
 [-0.41736948  0.45142326  0.01612017]
 [-0.5240853   0.49495798  0.03258066]
 [-0.11669599  0.03249916  0.36558372]
 [-0.275231    0.07682729  0.4993192 ]
 [-0.43069267  0.13832802  0.46433663]
 [-0.37824848  0.1231539   0.5246749 ]
 [-0.28989744 -0.03499803  0.52442247]
 [-0.134103   -0.23595145  0.48880646]
 [ 0.04726037 -0.3278007   0.36482292]
 [-0.19491345  0.14572649  0.4626706 ]
 [-0.00555435  0.0558769   0.31951526]
 [ 0.13020414 -0.08863233  0.12223838]]
[[ 0.          0.          0.19124103]
 [ 0.06503765  0.091268    0.2072908 ]
 [-0.18882951  0.4078938   0.22188398]
 [-0.27539513  0.53241247  0.        ]
 [-0.3665588   0.61347294  0.04020014]
 [-0.06523795 -0.09093699  0.1754591 ]
 [-0.3678347   0.16340707  0.19155703]
 [-0.36906117  0.4629612   0.01577023]
 [-0.4690367   0.5066436   0.02330282]
 [-0.10697673  0.02155992  0.33507872]
 [-0.25404793  0.05878398  0.48400435]
 [-0.4161069   0.12177393  0.4628707 ]
 [-0.35992736  0.09867457  0.52169347]
 [-0.27085057 -0.05210048  0.49652553]
 [-0.12372921 -0.2533749   0.4373429 ]
 [ 0.03536364 -0.3640762   0.33764297]
 [-0.17273751  0.12308612  0.4537369 ]
 [ 0.01893149  0.02389629  0.33744872]
 [ 0.17320123 -0.11701871  0.16752566]]
[[ 0.          0.          0.11915526]
 [ 0.06803954  0.0897278   0.1371035 ]
 [-0.19676158  0.42141396  0.2282663 ]
 [-0.1874651   0.5100854   0.        ]
 [-0.2715267   0.59445786  0.02787709]
 [-0.06823961 -0.08940589  0.10146181]
 [-0.3985593   0.17304514  0.19858864]
 [-0.30980235  0.4172579   0.00875857]
 [-0.38757455  0.46941176  0.00568134]
 [-0.1039318   0.01766439  0.28096038]
 [-0.24199161  0.05102333  0.45178604]
 [-0.4014805   0.11965975  0.44197464]
 [-0.33390665  0.0903028   0.5066353 ]
 [-0.2614729  -0.05658871  0.4484765 ]
 [-0.12033279 -0.25267017  0.33740616]
 [ 0.09098896 -0.33054513  0.23619273]
 [-0.1616146   0.11598811  0.42487523]
 [ 0.01091992 -0.01291753  0.3084019 ]
 [ 0.18818063 -0.18466984  0.18334363]]
[[ 0.          0.          0.10867813]
 [ 0.06980851  0.08219604  0.13116875]
 [-0.18109578  0.41305876  0.24211264]
 [-0.10609418  0.4937654   0.01095551]
 [-0.19126207  0.5750437   0.02522713]
 [-0.0699902  -0.0818859   0.08646873]
 [-0.40059826  0.18201964  0.22604257]
 [-0.24991763  0.39143455  0.01900181]
 [-0.31749678  0.4539714   0.        ]
 [-0.09423622  0.00766914  0.27903134]
 [-0.21710642  0.03240728  0.45890048]
 [-0.3759709   0.10328966  0.45602033]
 [-0.306136    0.06684652  0.5224769 ]
 [-0.24430251 -0.06710678  0.44238463]
 [-0.11701216 -0.24489649  0.29746595]
 [ 0.07055783 -0.35278755  0.20663783]
 [-0.13643214  0.09227976  0.4394946 ]
 [ 0.024344   -0.01241449  0.31452125]
 [ 0.18415426 -0.17755279  0.21045625]]
[[ 0.          0.          0.05657214]
 [ 0.0894303   0.05840659  0.07880817]
 [-0.0972482   0.4153885   0.2864484 ]
 [ 0.11228403  0.42403725  0.04130384]
 [ 0.03803098  0.53684783  0.04659221]
 [-0.08945099 -0.05834977  0.03483238]
 [-0.42915696  0.24870732  0.25874078]
 [-0.22135305  0.40572196  0.0460546 ]
 [-0.26955914  0.4987556   0.        ]
 [-0.03634305 -0.08812842  0.20924653]
 [-0.08936797 -0.15116028  0.3818997 ]
 [-0.22289616 -0.08099708  0.4069028 ]
 [-0.16103773 -0.15780249  0.46406347]
 [-0.15997377 -0.21395291  0.3152236 ]
 [-0.24282013 -0.32294858  0.14446825]
 [-0.38630405 -0.2593093   0.15361744]
 [ 0.02099831 -0.09789866  0.39767307]
 [ 0.15061209  0.02475429  0.2889144 ]
 [ 0.05252181  0.17030987  0.26218808]]
[[ 0.          0.          0.02511609]
 [ 0.10116577  0.04359516  0.05084945]
 [-0.04599307  0.41989005  0.25776514]
 [ 0.20508355  0.35697645  0.00340444]
 [ 0.17627011  0.49180442  0.01212907]
 [-0.10120596 -0.04374807  0.        ]
 [-0.4506027   0.26835465  0.17328227]
 [-0.25525975  0.38134328  0.24951285]
 [-0.33571777  0.41167113  0.31760588]
 [ 0.01896685 -0.09852138  0.15919156]
 [ 0.00128254 -0.1975793   0.33177733]
 [-0.09266631 -0.12349266  0.40221846]
 [-0.05176963 -0.21330324  0.45225695]
 [-0.09057721 -0.23545402  0.2530547 ]
 [-0.23132576 -0.3055267   0.06572479]
 [-0.4701676  -0.16297099  0.09150025]
 [ 0.12745856 -0.14180993  0.33413827]
 [ 0.19383326  0.00740309  0.2209398 ]
 [ 0.12375911  0.16762376  0.27087802]]
[[ 0.          0.          0.06709537]
 [ 0.09289327  0.04233156  0.09636636]
 [-0.07960907  0.3739906   0.35853487]
 [ 0.22396973  0.33935443  0.08964804]
 [ 0.18835545  0.45734996  0.08327478]
 [-0.09268836 -0.04234289  0.03833152]
 [-0.44355828  0.31364095  0.16277358]
 [-0.1783284   0.32925364  0.06271043]
 [-0.22864294  0.4245259   0.        ]
 [ 0.02464628 -0.12798877  0.15631363]
 [ 0.03732634 -0.26622984  0.27238518]
 [-0.05457933 -0.20890921  0.3592461 ]
 [ 0.013987   -0.31868184  0.38250282]
 [-0.05872576 -0.30789778  0.19895783]
 [-0.22735217 -0.35566923  0.08668348]
 [-0.37173057 -0.27500367  0.17125365]
 [ 0.14252077 -0.19826631  0.2787596 ]
 [ 0.11110567  0.06587419  0.27285135]
 [-0.03110114  0.17599031  0.45243984]]
[[ 0.          0.          0.04814532]
 [ 0.07986426  0.04776075  0.09166826]
 [-0.12630731  0.3262874   0.3549178 ]
 [ 0.21700558  0.3777254   0.1031014 ]
 [ 0.12150047  0.4750966   0.17340368]
 [-0.07963271 -0.04777244  0.00527519]
 [-0.45330834  0.2838254   0.10080052]
 [-0.21092147  0.34838828  0.04014003]
 [-0.2498329   0.4208065   0.        ]
 [ 0.03098703 -0.14822859  0.11938763]
 [ 0.0455482  -0.32473445  0.2138682 ]
 [-0.0415643  -0.27341634  0.29819727]
 [ 0.03275342 -0.3843412   0.31898695]
 [-0.03352602 -0.3665415   0.12220889]
 [-0.2262151  -0.41243178  0.02667409]
 [-0.35628197 -0.35677806  0.14098004]
 [ 0.13435309 -0.24320531  0.23576885]
 [ 0.04494534  0.02554131  0.26858687]
 [-0.10742936  0.05220592  0.41424283]]
[[ 0.          0.          0.06950511]
 [ 0.04703928  0.0545308   0.13999581]
 [-0.1921505   0.24562013  0.36259836]
 [ 0.12423085  0.337897    0.13197021]
 [-0.08594841  0.4192443   0.3957007 ]
 [-0.04684009 -0.05466072  0.        ]
 [-0.4239539   0.20114964  0.02727382]
 [-0.34470147  0.29389393  0.03531468]
 [-0.36341095  0.2936713   0.04690298]
 [ 0.03815538 -0.17057073  0.11965322]
 [ 0.06305254 -0.3836766   0.19445972]
 [-0.0221695  -0.3692287   0.2756279 ]
 [ 0.05932631 -0.46705717  0.29923835]
 [ 0.02279498 -0.414534    0.0730889 ]
 [-0.17750825 -0.41696048  0.00961752]
 [-0.31159934 -0.43322444  0.15009762]
 [ 0.1063135  -0.28857088  0.2462751 ]
 [-0.06399269 -0.05738212  0.31803077]
 [-0.15693823 -0.09782104  0.37327105]]
