[[ 0.          0.          0.8159614 ]
 [ 0.10098466  0.04992546  0.82726437]
 [-0.05082391  0.31182408  0.48819065]
 [ 0.01573455  0.28942633  0.05372149]
 [-0.09095709  0.3881495   0.        ]
 [-0.10109513 -0.0499453   0.80418205]
 [-0.01209876  0.01827201  0.37058815]
 [ 0.2477411  -0.36290455  0.52260935]
 [ 0.39992005 -0.36838013  0.49075514]
 [ 0.00704369  0.09554182  1.0224785 ]
 [-0.00170213  0.19334596  1.2447989 ]
 [-0.05601184  0.2664892   1.267734  ]
 [-0.05721483  0.19171375  1.3329649 ]
 [-0.13456845  0.16118217  1.2460561 ]
 [-0.19823217  0.06423017  0.99362516]
 [-0.22709993  0.1564796   0.75929856]
 [ 0.13381076  0.18447688  1.1979685 ]
 [ 0.32929656  0.1401923   1.0324309 ]
 [ 0.303239    0.14805597  0.78722537]]
[[ 0.          0.          0.8341036 ]
 [ 0.1036154   0.05413233  0.8459693 ]
 [-0.02149002  0.290932    0.48589796]
 [ 0.06336483  0.23741019  0.05996692]
 [-0.04389817  0.33664078  0.        ]
 [-0.10374615 -0.05409792  0.82185024]
 [-0.05502281  0.04079264  0.38822705]
 [ 0.20814264 -0.34830332  0.5505692 ]
 [ 0.35863858 -0.3521502   0.506747  ]
 [ 0.00662024  0.10125357  1.0384076 ]
 [-0.00383867  0.20598471  1.2598065 ]
 [-0.0661201   0.27562416  1.2919531 ]
 [-0.06561553  0.20003009  1.3528697 ]
 [-0.13681233  0.16790456  1.2618506 ]
 [-0.19159408  0.04957423  1.0147228 ]
 [-0.21941924  0.12440103  0.7724258 ]
 [ 0.13511834  0.2055031   1.209692  ]
 [ 0.29879463  0.18997367  1.0209212 ]
 [ 0.25509018  0.20137395  0.79690534]]
[[ 0.00000000e+00  0.00000000e+00  8.35264146e-01]
 [ 1.08393349e-01  6.25446588e-02  8.45701575e-01]
 [ 8.80708918e-02  2.63340294e-01  4.51257020e-01]
 [ 2.35680401e-01  1.02560878e-01  8.04947615e-02]
 [ 1.37829006e-01  2.15490401e-01  0.00000000e+00]
 [-1.08499050e-01 -6.24168925e-02  8.24650049e-01]
 [-2.05683604e-01  8.02028477e-02  4.42567259e-01]
 [ 6.18379116e-02 -3.08165461e-01  5.27968049e-01]
 [ 1.51355356e-01 -2.93649435e-01  4.50851977e-01]
 [ 1.63190067e-04  9.32130814e-02  1.04034448e+00]
 [-2.08678693e-02  1.95479214e-01  1.26823354e+00]
 [-1.02819979e-01  2.51261890e-01  1.32395053e+00]
 [-8.81080329e-02  1.78035319e-01  1.37783027e+00]
 [-1.50417000e-01  1.41456842e-01  1.26735616e+00]
 [-1.55688673e-01 -2.11430788e-02  1.04144096e+00]
 [-1.72611952e-01 -1.97507627e-03  8.23408604e-01]
 [ 1.20286636e-01  2.19578803e-01  1.21173394e+00]
 [ 1.70614049e-01  2.99426347e-01  9.64681268e-01]
 [ 3.65222692e-02  3.51146609e-01  8.38196754e-01]]
[[ 0.          0.          0.7620281 ]
 [ 0.10543247  0.06529899  0.77043474]
 [ 0.23921417  0.22048676  0.417687  ]
 [ 0.47270674  0.01145917  0.14207983]
 [ 0.4101836   0.08918971  0.        ]
 [-0.10553777 -0.06504444  0.75356257]
 [-0.25990066  0.16430157  0.5394397 ]
 [-0.10275841 -0.16581103  0.31957752]
 [-0.14956762 -0.11701053  0.16844475]
 [-0.01592806  0.05080909  0.97470665]
 [-0.0497214   0.11719346  1.2123493 ]
 [-0.17190875  0.15244791  1.2553205 ]
 [-0.12273514  0.07283586  1.3085791 ]
 [-0.1658574   0.06663218  1.21578   ]
 [ 0.04796323 -0.06000254  1.155353  ]
 [ 0.10052663 -0.17468864  1.0972197 ]
 [ 0.08826707  0.15924007  1.156413  ]
 [ 0.01150957  0.30500188  0.9246695 ]
 [-0.19297314  0.30088523  0.997658  ]]
[[ 0.          0.          0.7149467 ]
 [ 0.10365053  0.05408355  0.7198516 ]
 [ 0.32770598  0.17330348  0.42507893]
 [ 0.56368685 -0.08335912  0.18264002]
 [ 0.572582   -0.03573221  0.        ]
 [-0.10372689 -0.05384869  0.7102149 ]
 [-0.24222034  0.21935783  0.57956064]
 [-0.20331645  0.04371062  0.17380375]
 [-0.28404248  0.13590306  0.07361054]
 [-0.01730281  0.01277094  0.933771  ]
 [-0.05141313  0.05227143  1.1808486 ]
 [-0.16770394  0.08127236  1.218195  ]
 [-0.15027627  0.01314765  1.2728834 ]
 [-0.1478011   0.01648402  1.1652167 ]
 [-0.04554673  0.07405296  0.97443783]
 [ 0.16202953 -0.01695839  1.0845842 ]
 [ 0.07375704  0.10061669  1.1431798 ]
 [-0.04368536  0.27475244  0.94095576]
 [-0.21050626  0.23595214  1.1280682 ]]
[[ 0.          0.          0.6725436 ]
 [ 0.10586117  0.05696602  0.6772014 ]
 [ 0.256167    0.0594492   0.3227416 ]
 [ 0.49566448 -0.31571788  0.25753656]
 [ 0.54812    -0.31314218  0.10878187]
 [-0.10598677 -0.05683381  0.6681934 ]
 [-0.2595377   0.24144135  0.48549938]
 [-0.26818645  0.26540884  0.04823214]
 [-0.34492975  0.4000857   0.        ]
 [-0.0305173   0.01735634  0.8933034 ]
 [-0.073879    0.04945868  1.1395744 ]
 [-0.20166618  0.07130921  1.1719042 ]
 [-0.15791205  0.01393664  1.231976  ]
 [-0.17211777 -0.02621517  1.1145848 ]
 [-0.10744058 -0.11546434  0.88344014]
 [-0.27977607 -0.07322115  1.0468522 ]
 [ 0.05441293  0.12276718  1.1116631 ]
 [-0.0441359   0.2858109   0.90306395]
 [-0.21093899  0.25319588  1.0784079 ]]
[[ 0.          0.          0.6859381 ]
 [ 0.1076652   0.05778832  0.6868422 ]
 [ 0.15550491  0.0156188   0.2929566 ]
 [ 0.3704306  -0.42859286  0.36565715]
 [ 0.48170078 -0.45945346  0.28670126]
 [-0.10775208 -0.05769543  0.685508  ]
 [-0.23345453  0.2752694   0.42707443]
 [-0.23065615  0.3859595   0.01161391]
 [-0.29914027  0.5466516   0.        ]
 [-0.03557648  0.03109051  0.90642613]
 [-0.09172818  0.07376221  1.151272  ]
 [-0.22717601  0.09235981  1.1724286 ]
 [-0.19416581  0.04431379  1.2346509 ]
 [-0.18723494  0.00237021  1.1327777 ]
 [-0.13437463 -0.09326446  0.9110331 ]
 [-0.13545679 -0.01785876  0.8024081 ]
 [ 0.03671507  0.13095993  1.1213068 ]
 [ 0.00410859  0.2400271   0.8662592 ]
 [-0.17196256  0.26571006  0.88164806]]
[[ 0.          0.          0.73427016]
 [ 0.10431054  0.05889755  0.7324897 ]
 [ 0.07431343  0.03052023  0.30563968]
 [ 0.25203967 -0.44633824  0.4454733 ]
 [ 0.38119996 -0.5112059   0.39453578]
 [-0.10446752 -0.05877776  0.7365524 ]
 [-0.18755859  0.274631    0.43017304]
 [-0.11353445  0.37182644  0.02256322]
 [-0.1942845   0.542309    0.        ]
 [-0.04230957  0.05023997  0.94814134]
 [-0.10608792  0.10200399  1.1871092 ]
 [-0.23169303  0.12167335  1.2147561 ]
 [-0.19791922  0.07450575  1.2747438 ]
 [-0.20643145  0.03694135  1.1621119 ]
 [-0.16112149 -0.06593999  0.9256284 ]
 [-0.17961112  0.00907996  0.7233521 ]
 [ 0.028925    0.14314088  1.158965  ]
 [ 0.04888865  0.19996582  0.89519244]
 [-0.06735393  0.18207988  0.71524054]]
[[ 0.          0.          0.7482885 ]
 [ 0.10140756  0.06206826  0.74647254]
 [ 0.01566749  0.05144101  0.32359993]
 [ 0.19058168 -0.41962022  0.46873856]
 [ 0.30797106 -0.48642957  0.40465164]
 [-0.10157308 -0.06195588  0.75050074]
 [-0.1457396   0.26192394  0.42720288]
 [-0.02382222  0.3370914   0.03240937]
 [-0.11562818  0.511047    0.        ]
 [-0.04374704  0.06091672  0.95871776]
 [-0.10951062  0.11422384  1.1963528 ]
 [-0.23357314  0.13133359  1.2335234 ]
 [-0.19941238  0.07729524  1.292125  ]
 [-0.21473184  0.04864022  1.1680461 ]
 [-0.18023041 -0.06320924  0.92819476]
 [-0.20948562  0.01901731  0.7088988 ]
 [ 0.02692331  0.14938593  1.165968  ]
 [ 0.0865119   0.17649609  0.9072469 ]
 [ 0.03631737  0.1560816   0.67388636]]
[[ 0.          0.          0.7293169 ]
 [ 0.09327041  0.07084376  0.73689353]
 [-0.13439591  0.20173262  0.42246425]
 [ 0.07787138 -0.16592008  0.39261478]
 [ 0.10087186 -0.16244695  0.22844172]
 [-0.09343902 -0.07081543  0.7215616 ]
 [-0.01255948  0.15806392  0.3485576 ]
 [ 0.2254551   0.22675791  0.05568111]
 [ 0.14633207  0.39555085  0.        ]
 [-0.0451531   0.05278423  0.9403504 ]
 [-0.10398988  0.10769102  1.1804898 ]
 [-0.21777445  0.13574755  1.2261882 ]
 [-0.18335643  0.07045126  1.2855287 ]
 [-0.21802963  0.04525346  1.1595049 ]
 [-0.23161465 -0.03773592  0.88787   ]
 [-0.26311386  0.08858918  0.77391934]
 [ 0.03067709  0.1255616   1.1441691 ]
 [ 0.22023606  0.04876718  0.9812257 ]
 [ 0.29108697  0.02072433  0.72727764]]
[[ 0.          0.          0.70106125]
 [ 0.08513     0.05832158  0.7137718 ]
 [-0.22907913  0.1994018   0.5175667 ]
 [-0.09664633 -0.03411341  0.17265636]
 [-0.17653602  0.02517366  0.05836701]
 [-0.08529152 -0.05855013  0.68771017]
 [ 0.13349104  0.0789265   0.33249462]
 [ 0.39642543  0.04847246  0.11746693]
 [ 0.36949664  0.17554843  0.        ]
 [-0.03853777  0.0199109   0.9238039 ]
 [-0.08458953  0.05643117  1.1731681 ]
 [-0.17435125  0.10708284  1.2113883 ]
 [-0.1633991   0.02753341  1.2755511 ]
 [-0.20908073  0.02530229  1.1521511 ]
 [-0.25105256 -0.00361672  0.87723774]
 [-0.24218965  0.16448382  0.9814818 ]
 [ 0.05463295  0.05740234  1.1426973 ]
 [ 0.32356155 -0.03164095  1.0977024 ]
 [ 0.466654   -0.05937201  0.8826914 ]]
[[ 0.          0.          0.672308  ]
 [ 0.08414555  0.05001915  0.6833517 ]
 [-0.22790852  0.18909752  0.49813098]
 [-0.17939642  0.05857867  0.06882101]
 [-0.2919751   0.13906205  0.        ]
 [-0.08433224 -0.05032634  0.66053206]
 [ 0.18619105  0.06707084  0.34337285]
 [ 0.45379105 -0.04056662  0.16316271]
 [ 0.48164344  0.05883145  0.0322538 ]
 [-0.02774723  0.0095398   0.9004444 ]
 [-0.0630155   0.03365469  1.154809  ]
 [-0.13963687  0.09576678  1.1865584 ]
 [-0.1368384   0.00968987  1.2530237 ]
 [-0.19018242  0.01438576  1.1374688 ]
 [-0.2521014   0.0118916   0.87834406]
 [-0.20946187  0.16424102  1.0363276 ]
 [ 0.07770378  0.02298227  1.1266447 ]
 [ 0.34170917 -0.0716472   1.1248283 ]
 [ 0.50041753 -0.10056953  0.9317458 ]]
[[ 0.          0.          0.65722156]
 [ 0.09110965  0.0378613   0.666366  ]
 [-0.1828601   0.22544727  0.45124984]
 [-0.20073459  0.21186921  0.01626086]
 [-0.31766403  0.3158064   0.        ]
 [-0.0913906  -0.03815614  0.64733845]
 [ 0.17464851  0.06954741  0.32647127]
 [ 0.47415483 -0.12088081  0.27564934]
 [ 0.5629669  -0.03585184  0.1672849 ]
 [-0.01784897  0.01136315  0.88635266]
 [-0.04428819  0.03398108  1.1372776 ]
 [-0.11095878  0.09749907  1.1689141 ]
 [-0.11258163  0.00663501  1.2346969 ]
 [-0.17291799  0.02697697  1.1203642 ]
 [-0.23410167  0.04996759  0.8680097 ]
 [-0.17381102  0.21874905  0.987566  ]
 [ 0.09390756  0.01249549  1.1036646 ]
 [ 0.3453039  -0.0712477   1.0850062 ]
 [ 0.47972283 -0.10330825  0.8941713 ]]
[[ 0.          0.          0.6889092 ]
 [ 0.09692406  0.0360094   0.6981679 ]
 [-0.12145281  0.26483485  0.4319047 ]
 [-0.14618856  0.30567503  0.00371534]
 [-0.2622074   0.41200197  0.        ]
 [-0.09721535 -0.03624443  0.67894506]
 [ 0.11539485  0.05789107  0.3105889 ]
 [ 0.4001407  -0.185327    0.4052961 ]
 [ 0.5314827  -0.12232506  0.34350216]
 [-0.00588533  0.03601286  0.9150217 ]
 [-0.02717354  0.07258666  1.1608438 ]
 [-0.09174435  0.13331991  1.1994859 ]
 [-0.08730863  0.04208636  1.2615652 ]
 [-0.15769956  0.06552702  1.1484342 ]
 [-0.21315323  0.05136307  0.8916969 ]
 [-0.18943739  0.217371    0.8727666 ]
 [ 0.11145523  0.05269653  1.1205186 ]
 [ 0.34312904 -0.00690112  1.0435665 ]
 [ 0.41812003 -0.01996017  0.81963575]]
[[ 0.          0.          0.7868006 ]
 [ 0.10125796  0.04194462  0.7981615 ]
 [-0.07741848  0.26673496  0.478925  ]
 [-0.04260564  0.24797255  0.04314983]
 [-0.15656206  0.35047144  0.        ]
 [-0.10145342 -0.04208431  0.77491516]
 [ 0.01804759  0.06518513  0.3684518 ]
 [ 0.27634293 -0.25475454  0.5488894 ]
 [ 0.43421608 -0.22096959  0.5130051 ]
 [ 0.00319427  0.06769043  1.0029511 ]
 [-0.01390609  0.1270529   1.239935  ]
 [-0.07900955  0.1911163   1.2839823 ]
 [-0.06904295  0.10454434  1.3465812 ]
 [-0.14525345  0.10861683  1.2357634 ]
 [-0.2041888   0.0343288   0.97865695]
 [-0.21423644  0.15481137  0.7984561 ]
 [ 0.12424959  0.11503261  1.1891564 ]
 [ 0.31935287  0.07292138  1.028556  ]
 [ 0.31135297  0.08594183  0.78518707]]
[[ 0.          0.          0.83515066]
 [ 0.10598247  0.05369092  0.8472958 ]
 [-0.01408018  0.26675138  0.48787987]
 [ 0.05773095  0.18134308  0.06193048]
 [-0.05869827  0.2868781   0.        ]
 [-0.10614361 -0.05371488  0.8226527 ]
 [-0.07320824  0.06783658  0.40462127]
 [ 0.17636237 -0.31032288  0.59441984]
 [ 0.3265482  -0.29263926  0.5395758 ]
 [ 0.00456765  0.08552623  1.0451784 ]
 [-0.00825343  0.16843867  1.2793689 ]
 [-0.07747203  0.22781718  1.3334181 ]
 [-0.05870309  0.14763337  1.3929048 ]
 [-0.13829994  0.13007206  1.2763728 ]
 [-0.18497095  0.00963736  1.0300212 ]
 [-0.1909666   0.08385605  0.80873996]
 [ 0.12879336  0.1744521   1.2224355 ]
 [ 0.27709308  0.18550143  1.0145593 ]
 [ 0.21346444  0.21482107  0.79869103]]
[[ 0.          0.          0.8067161 ]
 [ 0.10868485  0.0634018   0.81099176]
 [ 0.13496451  0.23407596  0.42276132]
 [ 0.32450956  0.0583024   0.09013784]
 [ 0.20622435  0.15800202  0.        ]
 [-0.10882063 -0.0632052   0.80232936]
 [-0.2571521   0.10241196  0.47497565]
 [-0.0321973  -0.26414862  0.471551  ]
 [ 0.0361062  -0.25557345  0.3982502 ]
 [-0.01073902  0.0713383   1.0176595 ]
 [-0.04474235  0.14118117  1.2585723 ]
 [-0.1275829   0.18594265  1.3202634 ]
 [-0.10814807  0.10150945  1.3768928 ]
 [-0.15848285  0.09931326  1.2557319 ]
 [ 0.0464837  -0.073751    1.1868389 ]
 [ 0.06641379 -0.19941686  1.177537  ]
 [ 0.09397713  0.16812485  1.2014743 ]
 [ 0.11542036  0.28481823  0.94759434]
 [-0.03509155  0.32595626  0.87567896]]
[[ 0.          0.          0.74622965]
 [ 0.10478882  0.06734782  0.7538425 ]
 [ 0.27106526  0.18691656  0.41460186]
 [ 0.51654005 -0.0317564   0.1459148 ]
 [ 0.47128296  0.03563714  0.        ]
 [-0.10484102 -0.06709094  0.73866916]
 [-0.27000672  0.20438145  0.55993307]
 [-0.1515046  -0.05061406  0.24865061]
 [-0.2170648   0.02253389  0.13619673]
 [-0.01947943  0.03697886  0.9606316 ]
 [-0.05536613  0.08085507  1.2085397 ]
 [-0.15048912  0.12237206  1.269661  ]
 [-0.12024255  0.03946465  1.3284632 ]
 [-0.1641185   0.03229234  1.205858  ]
 [ 0.05875417 -0.10039195  1.1604265 ]
 [ 0.11559671 -0.20425482  1.091499  ]
 [ 0.07895619  0.1259875   1.1498612 ]
 [-0.00668489  0.27957508  0.92740846]
 [-0.18006217  0.26318222  1.0325164 ]]
[[ 0.00000000e+00  0.00000000e+00  6.52634144e-01]
 [ 9.83258262e-02  6.73183352e-02  6.60812497e-01]
 [ 2.95598179e-01  1.54078811e-01  3.43321562e-01]
 [ 5.62230945e-01 -1.20525599e-01  1.75950974e-01]
 [ 5.79069436e-01 -9.34848785e-02  0.00000000e+00]
 [-9.83888954e-02 -6.70536458e-02  6.44669652e-01]
 [-2.82776713e-01  1.96691886e-01  4.93842334e-01]
 [-2.48793304e-01  1.04922295e-01  7.77451992e-02]
 [-3.48992825e-01  2.06922412e-01  1.03628635e-02]
 [-3.10650691e-02  2.18210667e-02  8.67836118e-01]
 [-7.53852725e-02  5.09154797e-02  1.11787736e+00]
 [-1.81287259e-01  7.67177343e-02  1.17597532e+00]
 [-1.43598944e-01  1.45611763e-02  1.24392843e+00]
 [-1.69741005e-01  5.99741936e-04  1.10364509e+00]
 [ 6.54729828e-02 -1.05592579e-01  1.04926848e+00]
 [ 1.14468887e-01 -1.52085811e-01  9.75875616e-01]
 [ 4.99604270e-02  1.10714078e-01  1.06896448e+00]
 [-7.04840571e-02  2.73939878e-01  8.65171254e-01]
 [-2.28323758e-01  2.33755469e-01  1.06220067e+00]]
[[ 0.          0.          0.6433092 ]
 [ 0.10267174  0.05713799  0.6488689 ]
 [ 0.21241194  0.06355846  0.2814973 ]
 [ 0.4675517  -0.33059153  0.28482875]
 [ 0.5520848  -0.33748984  0.15177146]
 [-0.10277173 -0.05695598  0.6381747 ]
 [-0.2669024   0.23709331  0.4375936 ]
 [-0.28374267  0.2800641   0.02185655]
 [-0.37642032  0.4053615   0.        ]
 [-0.04099298  0.01674828  0.8599088 ]
 [-0.09420566  0.03582868  1.1090058 ]
 [-0.1968086   0.0611257   1.1724774 ]
 [-0.1645585  -0.00464302  1.2354095 ]
 [-0.1915749  -0.0047881   1.0888493 ]
 [ 0.00801977 -0.08254215  1.0038769 ]
 [ 0.06517555 -0.05288574  0.9251985 ]
 [ 0.03156614  0.08909035  1.0675614 ]
 [-0.05331317  0.23662868  0.84763545]
 [-0.22147828  0.2302795   0.96878517]]
[[ 0.          0.          0.6681478 ]
 [ 0.10744156  0.05666333  0.66883713]
 [ 0.11726691  0.05043146  0.25910562]
 [ 0.34752446 -0.3930971   0.38762718]
 [ 0.47043717 -0.43566954  0.32745215]
 [-0.10757406 -0.05653865  0.6679701 ]
 [-0.22374338  0.27153113  0.39856052]
 [-0.2105524   0.39158836  0.00977075]
 [-0.29361928  0.5520739   0.        ]
 [-0.04205216  0.03633142  0.88260734]
 [-0.09388476  0.06587374  1.1315106 ]
 [-0.20233709  0.08796549  1.2087042 ]
 [-0.16231108  0.02107811  1.2610481 ]
 [-0.20307577  0.01439992  1.0985985 ]
 [-0.12210408 -0.07112682  0.8895641 ]
 [-0.09023225 -0.0059818   0.7496981 ]
 [ 0.03790697  0.11249995  1.093432  ]
 [ 0.0173502   0.22676164  0.84434354]
 [-0.1608853   0.2596949   0.7901825 ]]
[[ 0.          0.          0.71469784]
 [ 0.10363073  0.06298634  0.7127033 ]
 [ 0.01674836  0.07216913  0.2951967 ]
 [ 0.2181372  -0.39418977  0.45268282]
 [ 0.34008604 -0.4558093   0.39625818]
 [-0.10380433 -0.06288683  0.71716106]
 [-0.18075582  0.26728415  0.41492045]
 [-0.09546095  0.36743847  0.02586943]
 [-0.18486899  0.54623014  0.        ]
 [-0.04610699  0.04528704  0.925734  ]
 [-0.10522386  0.070095    1.1737559 ]
 [-0.21269894  0.08960921  1.2630477 ]
 [-0.16848801  0.0234375   1.3089031 ]
 [-0.21473162  0.0087494   1.1345127 ]
 [-0.19158392 -0.07366259  0.8791309 ]
 [-0.20970647  0.02948719  0.67886657]
 [ 0.02581044  0.11240506  1.1311185 ]
 [ 0.06001318  0.17079037  0.86882704]
 [-0.02512535  0.17381713  0.69059587]]
[[ 0.          0.          0.70526916]
 [ 0.09608547  0.07255524  0.7087769 ]
 [-0.12195432  0.15602942  0.3676838 ]
 [ 0.11835161 -0.23327795  0.42443502]
 [ 0.1843059  -0.24702016  0.3001867 ]
 [-0.09626037 -0.07251555  0.70186853]
 [-0.07155448  0.19794774  0.3548463 ]
 [ 0.130435    0.2940376   0.03899372]
 [ 0.03934658  0.4617494   0.        ]
 [-0.03985567  0.04473354  0.91599584]
 [-0.09390516  0.05956641  1.1674764 ]
 [-0.20068187  0.0852074   1.2665327 ]
 [-0.14946103  0.00945759  1.312931  ]
 [-0.20419447 -0.002244    1.1246027 ]
 [-0.22450554 -0.06286414  0.854448  ]
 [-0.2703205   0.08096939  0.7088476 ]
 [ 0.03399624  0.09527263  1.1199201 ]
 [ 0.17360277  0.07610522  0.89138776]
 [ 0.20006174  0.08172235  0.654145  ]]
[[ 0.          0.          0.6861894 ]
 [ 0.08846857  0.06623986  0.6963417 ]
 [-0.23486051  0.1955938   0.50146437]
 [-0.0531118  -0.05682132  0.2349742 ]
 [-0.12248972  0.00308841  0.11492121]
 [-0.08859977 -0.06645814  0.6755229 ]
 [ 0.10331482  0.0802606   0.3192519 ]
 [ 0.35575375  0.05266637  0.10499978]
 [ 0.31197464  0.1943183   0.        ]
 [-0.0290911   0.02087599  0.9085629 ]
 [-0.06215711  0.03477067  1.1667675 ]
 [-0.15762778  0.06582361  1.2522221 ]
 [-0.11377202 -0.01243556  1.306795  ]
 [-0.18259141 -0.01133487  1.1311148 ]
 [-0.23936598 -0.04134591  0.8623378 ]
 [-0.23120117  0.1353653   0.9265719 ]
 [ 0.0656453   0.06020939  1.1186384 ]
 [ 0.31791314 -0.00375631  1.0203743 ]
 [ 0.43099678 -0.02189626  0.7700565 ]]
[[ 0.          0.          0.63088703]
 [ 0.08156803  0.05652027  0.64196473]
 [-0.25127715  0.172301    0.47588634]
 [-0.1800468   0.00654304  0.08633566]
 [-0.28648642  0.08666611  0.00576061]
 [-0.08174121 -0.05681079  0.6190858 ]
 [ 0.16978362  0.06203276  0.30216312]
 [ 0.44767004 -0.02345455  0.13428658]
 [ 0.46183625  0.08232421  0.        ]
 [-0.01702208  0.01594405  0.857205  ]
 [-0.04043972  0.02060762  1.1160773 ]
 [-0.11999096  0.06349826  1.1959224 ]
 [-0.08472212 -0.01923978  1.2529647 ]
 [-0.16145194 -0.01018026  1.087201  ]
 [-0.22959697 -0.01889247  0.8266548 ]
 [-0.20169893  0.15085319  0.9692016 ]
 [ 0.08726981  0.0337126   1.0700794 ]
 [ 0.35410488 -0.03648019  1.0182718 ]
 [ 0.48608467 -0.04669248  0.79214746]]
[[ 0.0000000e+00  0.0000000e+00  6.4851022e-01]
 [ 8.6215012e-02  4.2382676e-02  6.5702552e-01]
 [-2.0441827e-01  2.1403585e-01  4.5336330e-01]
 [-2.3569176e-01  1.8091857e-01  2.8350592e-02]
 [-3.5421741e-01  2.8208336e-01  0.0000000e+00]
 [-8.6498387e-02 -4.2664271e-02  6.3920832e-01]
 [ 1.6047102e-01  6.5434963e-02  3.0466872e-01]
 [ 4.7110039e-01 -1.1506671e-01  2.6802486e-01]
 [ 5.6113267e-01 -3.3776641e-02  1.5433869e-01]
 [-3.3638552e-03  2.3688614e-02  8.7327218e-01]
 [-1.4886454e-02  3.3357352e-02  1.1286252e+00]
 [-8.4492654e-02  8.3773434e-02  1.2068781e+00]
 [-5.0571583e-02 -1.0718107e-03  1.2635133e+00]
 [-1.3982657e-01  1.8447012e-02  1.1021527e+00]
 [-2.1256638e-01  2.4357855e-02  8.4696794e-01]
 [-1.7540812e-01  2.1079165e-01  9.6211493e-01]
 [ 1.1193345e-01  3.1749249e-02  1.0779629e+00]
 [ 3.6850166e-01 -3.7249565e-02  1.0175719e+00]
 [ 4.7473043e-01 -4.2061001e-02  7.9723740e-01]]
[[ 0.00000000e+00  0.00000000e+00  6.78170323e-01]
 [ 9.31944549e-02  4.12448645e-02  6.85197890e-01]
 [-1.36031121e-01  2.71896183e-01  4.17577088e-01]
 [-1.82918161e-01  3.12140197e-01  0.00000000e+00]
 [-3.04753900e-01  4.14153278e-01  4.77194786e-04]
 [-9.35005993e-02 -4.14492860e-02  6.70411766e-01]
 [ 8.73867720e-02  5.75575233e-02  2.84542441e-01]
 [ 3.93973142e-01 -1.69789374e-01  4.05324608e-01]
 [ 5.36188006e-01 -1.14341855e-01  3.37982178e-01]
 [ 7.33862445e-03  4.87606078e-02  8.99588108e-01]
 [ 3.08589265e-03  8.24485421e-02  1.15008688e+00]
 [-6.15128279e-02  1.34343803e-01  1.22990763e+00]
 [-2.84097418e-02  4.78916764e-02  1.28411245e+00]
 [-1.24270067e-01  6.62465096e-02  1.13013840e+00]
 [-1.98051244e-01  4.13573384e-02  8.75186026e-01]
 [-1.89421147e-01  1.99947983e-01  8.31872582e-01]
 [ 1.30218804e-01  7.94302225e-02  1.09234333e+00]
 [ 3.51766348e-01  2.33931839e-02  9.72162366e-01]
 [ 3.91930699e-01  2.56747045e-02  7.36144125e-01]]
[[ 0.          0.          0.76840127]
 [ 0.09859085  0.04609467  0.77790195]
 [-0.09600154  0.26913083  0.4650875 ]
 [-0.07996127  0.24822778  0.03383774]
 [-0.20083022  0.34960377  0.        ]
 [-0.09881859 -0.04623299  0.7583446 ]
 [ 0.00336991  0.0674254   0.3526737 ]
 [ 0.2831794  -0.21788777  0.5378931 ]
 [ 0.4430017  -0.18321753  0.496717  ]
 [ 0.01147487  0.0721482   0.98249865]
 [ 0.00527864  0.12749255  1.2250333 ]
 [-0.05419156  0.18201342  1.3015971 ]
 [-0.02800293  0.09555125  1.3567214 ]
 [-0.12143981  0.10158771  1.2106898 ]
 [-0.19113496  0.02345976  0.9556868 ]
 [-0.2115407   0.14743847  0.78004545]
 [ 0.13536619  0.12763953  1.165063  ]
 [ 0.31920052  0.09538499  0.986241  ]
 [ 0.29643154  0.11601678  0.75143355]]
[[ 0.          0.          0.7946296 ]
 [ 0.10127498  0.06072307  0.8033968 ]
 [-0.02567287  0.2665627   0.45859718]
 [ 0.03929934  0.17191362  0.04823357]
 [-0.0863483   0.27417696  0.        ]
 [-0.10145456 -0.0607284   0.7855482 ]
 [-0.1152817   0.08411753  0.39244595]
 [ 0.16021177 -0.24490146  0.56762236]
 [ 0.30493003 -0.22182092  0.4921881 ]
 [ 0.01532917  0.08194011  1.0046341 ]
 [ 0.01337501  0.14446312  1.2495649 ]
 [-0.05075814  0.19118059  1.3452494 ]
 [-0.01284643  0.11454076  1.3953936 ]
 [-0.10909627  0.09616214  1.2297344 ]
 [-0.15582791 -0.02437401  0.9795605 ]
 [-0.16797476  0.06004715  0.7826298 ]
 [ 0.14111422  0.17177695  1.1816148 ]
 [ 0.25491446  0.21833777  0.95331454]
 [ 0.17098048  0.25921962  0.7766704 ]]
[[ 0.00000000e+00  0.00000000e+00  7.67438591e-01]
 [ 1.02082029e-01  6.93265125e-02  7.76076198e-01]
 [ 1.22066304e-01  2.37659931e-01  4.03423309e-01]
 [ 2.96330184e-01  7.05304146e-02  8.35546851e-02]
 [ 1.88846901e-01  1.79965854e-01  0.00000000e+00]
 [-1.02157384e-01 -6.92073181e-02  7.58692265e-01]
 [-2.60772139e-01  1.38229758e-01  4.86151308e-01]
 [-1.53194293e-02 -1.99950665e-01  4.54140604e-01]
 [-1.31848603e-02 -1.56761408e-01  3.13675374e-01]
 [ 6.22341782e-03  6.82168305e-02  9.79313195e-01]
 [-1.21517479e-03  1.15786552e-01  1.23014522e+00]
 [-7.47564584e-02  1.52072787e-01  1.33054304e+00]
 [-3.42485681e-02  7.65940547e-02  1.38214731e+00]
 [-1.25157535e-01  5.16809225e-02  1.21322548e+00]
 [-1.11195460e-01 -7.20938742e-02  9.81070340e-01]
 [-8.27604681e-02 -1.77049264e-02  8.34501386e-01]
 [ 1.19259760e-01  1.66626096e-01  1.15461636e+00]
 [ 1.15756214e-01  3.05037618e-01  9.20737565e-01]
 [-2.11913884e-02  3.66773307e-01  8.70352864e-01]]
[[ 0.00000000e+00  0.00000000e+00  7.14407980e-01]
 [ 9.74830464e-02  6.77901879e-02  7.15170085e-01]
 [ 2.52133876e-01  1.91482365e-01  3.82728279e-01]
 [ 5.02070844e-01 -3.93019319e-02  1.41970277e-01]
 [ 4.47084665e-01  4.18869257e-02  0.00000000e+00]
 [-9.75763202e-02 -6.76567405e-02  7.13706732e-01]
 [-2.81001538e-01  1.76029801e-01  5.65614223e-01]
 [-1.82917088e-01 -9.30010676e-02  2.58436292e-01]
 [-2.49801040e-01 -1.55205131e-02  1.31926358e-01]
 [ 5.05059585e-03  4.03288156e-02  9.32057440e-01]
 [-3.10096890e-04  6.80752695e-02  1.18800807e+00]
 [-7.68810064e-02  1.00734949e-01  1.28333020e+00]
 [-4.13594991e-02  2.34344006e-02  1.33079982e+00]
 [-1.18558034e-01  3.16956639e-03  1.17106140e+00]
 [-9.37724560e-02 -6.90720081e-02  9.22067881e-01]
 [-6.13021106e-02  5.20333648e-03  9.15094316e-01]
 [ 1.14948377e-01  1.28419191e-01  1.11225331e+00]
 [ 2.01178566e-02  2.78559119e-01  9.02932525e-01]
 [-1.40663028e-01  2.98124433e-01  1.00552833e+00]]
[[ 0.          0.          0.61910987]
 [ 0.09389104  0.06429382  0.6234542 ]
 [ 0.25931138  0.10843784  0.28354898]
 [ 0.55659425 -0.17613769  0.18862295]
 [ 0.5714382  -0.16662204  0.00597334]
 [-0.09393185 -0.06411538  0.6152432 ]
 [-0.2725365   0.19756572  0.4642496 ]
 [-0.29125184  0.16464868  0.03596479]
 [-0.38699198  0.26720858  0.        ]
 [-0.00792655  0.0180476   0.8376698 ]
 [-0.02000686  0.03174445  1.0940466 ]
 [-0.09909227  0.05389357  1.19357   ]
 [-0.0599722  -0.00841647  1.23538   ]
 [-0.12180303 -0.00832751  1.0772021 ]
 [-0.13124844  0.09793806  0.9977759 ]
 [ 0.15727638  0.03377861  1.0032597 ]
 [ 0.08353066  0.08667493  1.0325513 ]
 [-0.04844062  0.2586727   0.8509927 ]
 [-0.18890887  0.19368184  1.0587494 ]]
[[ 0.          0.          0.61497825]
 [ 0.09963264  0.05874771  0.61444056]
 [ 0.19260593  0.03277388  0.2395758 ]
 [ 0.4660266  -0.36084086  0.26134807]
 [ 0.55263096 -0.36682487  0.12345111]
 [-0.09971728 -0.05865399  0.6160347 ]
 [-0.2631999   0.22541553  0.4115052 ]
 [-0.31778994  0.3141779   0.        ]
 [-0.41636533  0.42055514  0.00522959]
 [-0.02051361  0.00429992  0.8342722 ]
 [-0.04032698  0.0147852   1.0901563 ]
 [-0.12397265  0.04086894  1.1920388 ]
 [-0.08564565 -0.02587765  1.2381092 ]
 [-0.14329135 -0.01890987  1.0641701 ]
 [-0.07009003  0.05831213  0.87442434]
 [ 0.12020396  0.04512265  0.9262275 ]
 [ 0.07108021  0.06739786  1.031564  ]
 [-0.02862477  0.22362831  0.82091135]
 [-0.1950247   0.21315607  0.9698583 ]]
[[ 0.          0.          0.6574791 ]
 [ 0.1020457   0.06217521  0.65652215]
 [ 0.08137671  0.04378408  0.24695972]
 [ 0.31299847 -0.41846597  0.37415302]
 [ 0.4508971  -0.45923918  0.31277096]
 [-0.1021858  -0.06209501  0.6589308 ]
 [-0.23043057  0.26142353  0.39591217]
 [-0.23106009  0.38904703  0.00549465]
 [-0.31983286  0.5478548   0.        ]
 [-0.02753273  0.02935304  0.8726367 ]
 [-0.06092155  0.04326347  1.1263461 ]
 [-0.15428689  0.06715769  1.2324686 ]
 [-0.10209081 -0.00327766  1.27848   ]
 [-0.1695452  -0.01401594  1.0859814 ]
 [-0.11218165 -0.06827515  0.8576919 ]
 [-0.10395512  0.06153778  0.73411554]
 [ 0.05877055  0.09816787  1.0757582 ]
 [ 0.03859872  0.20335063  0.82239556]
 [-0.1115607   0.2059624   0.78333414]]
[[ 0.          0.          0.71506417]
 [ 0.09821776  0.06516451  0.71356875]
 [-0.02536235  0.06983817  0.30861792]
 [ 0.2005308  -0.38826942  0.44009846]
 [ 0.337991   -0.437082    0.36300594]
 [-0.09834823 -0.06506586  0.7169992 ]
 [-0.18375161  0.26290053  0.4183059 ]
 [-0.10916214  0.35413912  0.02928513]
 [-0.20773876  0.52874744  0.        ]
 [-0.02937803  0.04402953  0.92708457]
 [-0.07172234  0.05603677  1.1802708 ]
 [-0.1650294   0.07848001  1.2920797 ]
 [-0.11081068  0.00946766  1.3346572 ]
 [-0.17991462 -0.00585547  1.1338855 ]
 [-0.16025427 -0.08333281  0.87807393]
 [-0.1993214   0.04281378  0.6854928 ]
 [ 0.05060753  0.10214707  1.1266501 ]
 [ 0.08384912  0.15201019  0.8588111 ]
 [ 0.00234978  0.16131817  0.69657826]]
[[ 0.          0.          0.7130364 ]
 [ 0.08885986  0.07449797  0.71730846]
 [-0.17108849  0.16609412  0.42036477]
 [ 0.08156842 -0.18510872  0.39970076]
 [ 0.12357321 -0.18923476  0.25402713]
 [-0.08900952 -0.07449199  0.7087436 ]
 [-0.0525135   0.18855815  0.3617031 ]
 [ 0.153977    0.26942226  0.05129004]
 [ 0.06439149  0.43690076  0.        ]
 [-0.02079232  0.04380363  0.92678607]
 [-0.05401441  0.05562162  1.1818498 ]
 [-0.15402207  0.08402157  1.2925885 ]
 [-0.0920563   0.01333165  1.338793  ]
 [-0.1650852  -0.01147315  1.1412442 ]
 [-0.20332003 -0.08242206  0.8702479 ]
 [-0.26229453  0.06990512  0.74267465]
 [ 0.06611405  0.09776464  1.1228054 ]
 [ 0.20803283  0.08596951  0.89736545]
 [ 0.23214543  0.12669255  0.6718894 ]]
[[ 0.00000000e+00  0.00000000e+00  6.84727430e-01]
 [ 7.75147304e-02  7.25800842e-02  6.93258762e-01]
 [-2.69492000e-01  1.72907248e-01  5.25422156e-01]
 [-1.25284165e-01 -4.37749624e-02  1.99295908e-01]
 [-2.22864449e-01  2.14863420e-02  8.61716270e-02]
 [-7.76207596e-02 -7.28208795e-02  6.75535917e-01]
 [ 1.16668239e-01  6.41098619e-02  3.11883569e-01]
 [ 4.03007507e-01  4.59993482e-02  1.08940363e-01]
 [ 3.67572904e-01  1.72606468e-01  0.00000000e+00]
 [-7.08562508e-03  2.31002420e-02  9.07433629e-01]
 [-1.98765062e-02  3.15463841e-02  1.16764474e+00]
 [-1.09728396e-01  6.46793842e-02  1.26084900e+00]
 [-5.50760478e-02 -1.27017498e-03  1.32084894e+00]
 [-1.37114555e-01 -2.19602287e-02  1.13430667e+00]
 [-2.18452796e-01 -4.87128794e-02  8.73115063e-01]
 [-2.20376194e-01  1.39670759e-01  9.40029383e-01]
 [ 9.93223935e-02  6.83950782e-02  1.10947335e+00]
 [ 3.45715702e-01  8.63239169e-03  9.99012172e-01]
 [ 4.33426917e-01  1.35862567e-02  7.48377264e-01]]
[[ 0.          0.          0.62617946]
 [ 0.07546311  0.05770427  0.63155174]
 [-0.2644324   0.15981476  0.47454166]
 [-0.251863    0.04765755  0.05741864]
 [-0.37687555  0.1359773   0.        ]
 [-0.07561104 -0.05797882  0.61999714]
 [ 0.17858246  0.05587116  0.28845686]
 [ 0.48822248 -0.03596002  0.14182517]
 [ 0.522125    0.06473017  0.01339108]
 [ 0.00555443  0.01872733  0.85075057]
 [ 0.00389852  0.02167153  1.1099513 ]
 [-0.06976874  0.06743205  1.19348   ]
 [-0.02657512 -0.00586081  1.2563653 ]
 [-0.11626118 -0.01265001  1.0845759 ]
 [-0.21317326 -0.01701386  0.8345786 ]
 [-0.17984128  0.15534252  0.9614538 ]
 [ 0.1264464   0.04315975  1.053565  ]
 [ 0.37991703 -0.01441652  0.98986936]
 [ 0.4808445  -0.01254898  0.75073606]]
[[ 0.          0.          0.62240994]
 [ 0.08179404  0.04302277  0.6253346 ]
 [-0.21337748  0.21574189  0.41657048]
 [-0.28771597  0.23151547  0.00878513]
 [-0.416826    0.33017457  0.        ]
 [-0.08206469 -0.04327773  0.6186836 ]
 [ 0.14530295  0.0592806   0.26138833]
 [ 0.4778725  -0.1046631   0.26512155]
 [ 0.58917916 -0.03326598  0.1632885 ]
 [ 0.01222488  0.0290689   0.8451084 ]
 [ 0.01660515  0.0398702   1.0998472 ]
 [-0.04979704  0.0864765   1.1843657 ]
 [-0.01072565  0.00519103  1.2381561 ]
 [-0.1064173   0.01921028  1.0772958 ]
 [-0.19975746  0.01196326  0.8300761 ]
 [-0.16339622  0.19975048  0.923373  ]
 [ 0.13765119  0.04641795  1.0407665 ]
 [ 0.3740668  -0.01748675  0.95921606]
 [ 0.44916236 -0.01489767  0.72376883]]
[[ 0.00000000e+00  0.00000000e+00  6.57239139e-01]
 [ 8.71606693e-02  4.69148681e-02  6.60520792e-01]
 [-1.55842513e-01  2.70994157e-01  4.04064059e-01]
 [-2.22539783e-01  3.14980924e-01  0.00000000e+00]
 [-3.49694014e-01  4.13062096e-01  6.42538071e-04]
 [-8.74516591e-02 -4.71025407e-02  6.53228462e-01]
 [ 7.80416727e-02  5.43106496e-02  2.63921797e-01]
 [ 4.07462239e-01 -1.39043480e-01  3.82644206e-01]
 [ 5.54106712e-01 -8.76761377e-02  3.19834173e-01]
 [ 1.61312148e-02  4.87212539e-02  8.77895892e-01]
 [ 2.03815345e-02  7.88364410e-02  1.13040709e+00]
 [-4.32949215e-02  1.25008225e-01  1.21424699e+00]
 [-5.37570938e-03  4.34117317e-02  1.27027345e+00]
 [-1.01141155e-01  5.27108610e-02  1.11090910e+00]
 [-1.85312182e-01  1.55459344e-02  8.63383949e-01]
 [-1.75404131e-01  1.80802941e-01  8.28747392e-01]
 [ 1.41447455e-01  8.88930857e-02  1.06747031e+00]
 [ 3.56365025e-01  3.99299860e-02  9.43229437e-01]
 [ 3.76756847e-01  5.01556993e-02  6.98723912e-01]]
[[ 0.          0.          0.7626119 ]
 [ 0.09451512  0.05377199  0.77153057]
 [-0.09745041  0.26673406  0.45773146]
 [-0.10219359  0.22359353  0.0355289 ]
 [-0.22931787  0.3237146   0.        ]
 [-0.09475014 -0.05387266  0.7531538 ]
 [-0.01690235  0.08175033  0.35877627]
 [ 0.28430426 -0.18408488  0.54519475]
 [ 0.45299378 -0.1494391   0.498967  ]
 [ 0.01774528  0.07150254  0.97619903]
 [ 0.01981695  0.12578014  1.2225547 ]
 [-0.0417477   0.17410344  1.3073168 ]
 [-0.00418059  0.0931915   1.3619692 ]
 [-0.10075571  0.08445266  1.2075758 ]
 [-0.17147449 -0.01291002  0.9565639 ]
 [-0.19881457  0.1159144   0.7900432 ]
 [ 0.14214298  0.143303    1.1551523 ]
 [ 0.3118176   0.13010955  0.96707904]
 [ 0.25614306  0.15894735  0.74013585]]
[[ 0.0000000e+00  0.0000000e+00  7.8481078e-01]
 [ 1.0184588e-01  6.5528385e-02  7.9075271e-01]
 [-1.5040845e-02  2.7668899e-01  4.5035309e-01]
 [ 5.8184188e-02  1.7265797e-01  5.2833200e-02]
 [-6.7652524e-02  2.8015530e-01  0.0000000e+00]
 [-1.0200244e-01 -6.5516159e-02  7.7859735e-01]
 [-1.5249619e-01  9.6331537e-02  4.0177321e-01]
 [ 1.5659605e-01 -2.1284947e-01  5.6171739e-01]
 [ 2.9700941e-01 -1.8043151e-01  4.7803017e-01]
 [ 1.7277841e-02  7.5130835e-02  9.9573982e-01]
 [ 1.9963674e-02  1.3680398e-01  1.2427942e+00]
 [-5.0808966e-02  1.7375642e-01  1.3454661e+00]
 [ 1.2152642e-03  1.0490489e-01  1.3864808e+00]
 [-9.7641125e-02  7.6904953e-02  1.2260346e+00]
 [-1.3559976e-01 -5.3457528e-02  9.8388731e-01]
 [-1.4031023e-01  3.4529835e-02  8.1979239e-01]
 [ 1.4138250e-01  1.7694104e-01  1.1714747e+00]
 [ 2.3387565e-01  2.3679319e-01  9.3439054e-01]
 [ 1.3530347e-01  2.9778796e-01  7.6889282e-01]]
[[ 0.          0.          0.7394102 ]
 [ 0.09950705  0.07553478  0.7466614 ]
 [ 0.16456811  0.21578586  0.38771152]
 [ 0.37495196  0.01477772  0.10396373]
 [ 0.2840002   0.11787295  0.        ]
 [-0.09961582 -0.07536337  0.732165  ]
 [-0.30960453  0.14536494  0.5452981 ]
 [-0.08769686 -0.1730223   0.36700654]
 [-0.13794161 -0.12638223  0.22235715]
 [ 0.00645302  0.05198771  0.95356464]
 [ 0.0014591   0.09507906  1.2081004 ]
 [-0.07838686  0.12096429  1.3088384 ]
 [-0.02973899  0.0500837   1.3578246 ]
 [-0.11081339  0.02430722  1.193514  ]
 [-0.02875113 -0.04537484  1.0073354 ]
 [ 0.12119547 -0.05213073  1.0836129 ]
 [ 0.11369833  0.1572794   1.131145  ]
 [ 0.0764855   0.29637516  0.9008328 ]
 [-0.12058315  0.3782459   0.9150555 ]]
[[ 0.00000000e+00  0.00000000e+00  6.99325800e-01]
 [ 9.52639580e-02  7.94752240e-02  7.02647328e-01]
 [ 2.75726974e-01  1.56500876e-01  3.75520170e-01]
 [ 5.51165402e-01 -7.12643266e-02  1.58490777e-01]
 [ 5.07132113e-01 -1.62476897e-02  0.00000000e+00]
 [-9.53030661e-02 -7.92599916e-02  6.96214199e-01]
 [-3.22189778e-01  1.48870766e-01  5.80143094e-01]
 [-2.44056791e-01 -4.62945104e-02  2.05168396e-01]
 [-3.46155107e-01  4.65089679e-02  1.05140984e-01]
 [ 5.06250560e-03  2.22522020e-02  9.16014254e-01]
 [ 5.61312214e-03  4.39336300e-02  1.17305851e+00]
 [-8.55629593e-02  6.40813112e-02  1.27015698e+00]
 [-2.71216258e-02 -2.64942646e-04  1.31530249e+00]
 [-9.25034136e-02 -3.25555801e-02  1.16259766e+00]
 [ 6.17053583e-02 -1.20939866e-01  1.03366387e+00]
 [ 1.55326664e-01 -9.71815735e-02  1.04188859e+00]
 [ 1.08885854e-01  1.20721728e-01  1.09819102e+00]
 [-1.21223927e-02  2.79014885e-01  8.98163021e-01]
 [-1.91228271e-01  2.83924520e-01  1.06133938e+00]]
[[ 0.          0.          0.62636423]
 [ 0.09093083  0.07762496  0.6309711 ]
 [ 0.2505745   0.07888982  0.26960635]
 [ 0.5649271  -0.2227019   0.18614787]
 [ 0.5857035  -0.21345663  0.03288388]
 [-0.09096793 -0.0774642   0.6222079 ]
 [-0.3165493   0.17004625  0.46720842]
 [-0.35560882  0.14344233  0.04712719]
 [-0.4783491   0.2599212   0.        ]
 [-0.0039501   0.00395533  0.8425571 ]
 [-0.01141311  0.00885454  1.0984682 ]
 [-0.10718887  0.02808732  1.201863  ]
 [-0.044378   -0.03187901  1.2429345 ]
 [-0.10229503 -0.06003705  1.078864  ]
 [ 0.03536464 -0.12007666  0.9452008 ]
 [ 0.12420955 -0.04969221  0.95082176]
 [ 0.0882632   0.08861193  1.0364285 ]
 [-0.04653507  0.24304661  0.84308946]
 [-0.20375744  0.21841872  1.0284553 ]]
[[ 0.          0.          0.6181992 ]
 [ 0.09356871  0.06887423  0.6184761 ]
 [ 0.16655213  0.03318787  0.22745085]
 [ 0.44670963 -0.36376858  0.2667796 ]
 [ 0.55095387 -0.38087544  0.15018728]
 [-0.09364287 -0.06875652  0.6184812 ]
 [-0.2870872   0.2104331   0.40724504]
 [-0.36001933  0.30247754  0.01407939]
 [-0.47007322  0.4269675   0.        ]
 [-0.01567679  0.00744244  0.8358599 ]
 [-0.03543965  0.00967181  1.0902305 ]
 [-0.1335151   0.03032452  1.196351  ]
 [-0.07496065 -0.0322625   1.2387874 ]
 [-0.12551472 -0.04903311  1.067699  ]
 [ 0.01578324 -0.09848958  0.9321304 ]
 [ 0.08127837 -0.00553256  0.90775716]
 [ 0.06594673  0.07999185  1.0328374 ]
 [-0.02385317  0.22388436  0.816131  ]
 [-0.19195724  0.23517436  0.91410464]]
[[ 0.          0.          0.657173  ]
 [ 0.09767427  0.06785581  0.6563101 ]
 [ 0.05790269  0.0663017   0.24243313]
 [ 0.3004313  -0.39201498  0.3712737 ]
 [ 0.43695557 -0.43893737  0.305408  ]
 [-0.09779772 -0.06774782  0.6585935 ]
 [-0.23745704  0.24803582  0.3970758 ]
 [-0.24810809  0.379224    0.01264954]
 [-0.34344673  0.5331547   0.        ]
 [-0.02114925  0.02018949  0.87448597]
 [-0.04716972  0.03110722  1.1286788 ]
 [-0.14636344  0.05199486  1.2385832 ]
 [-0.08290532 -0.01441598  1.2784525 ]
 [-0.14428191 -0.03427532  1.0948592 ]
 [-0.07868103 -0.09764546  0.8897164 ]
 [-0.03912596 -0.00642435  0.7414321 ]
 [ 0.06117974  0.09570429  1.0762919 ]
 [ 0.03278473  0.19611661  0.82362247]
 [-0.1287443   0.21123588  0.748367  ]]
[[ 0.          0.          0.69742054]
 [ 0.09163258  0.07861041  0.6956073 ]
 [-0.07642129  0.12019238  0.31319213]
 [ 0.19608086 -0.3089365   0.44049987]
 [ 0.29044086 -0.34220523  0.3168885 ]
 [-0.09175638 -0.0785317   0.6995732 ]
 [-0.16191292  0.22058591  0.382469  ]
 [-0.05171515  0.32177624  0.03663605]
 [-0.15933496  0.4921554   0.        ]
 [-0.01848534  0.03522111  0.913142  ]
 [-0.04844008  0.04017398  1.1671107 ]
 [-0.14998715  0.062401    1.2813957 ]
 [-0.07729844 -0.00399113  1.3165076 ]
 [-0.15181243 -0.0355067   1.1300548 ]
 [-0.15029326 -0.11639886  0.87672085]
 [-0.18990466  0.04202977  0.70916814]
 [ 0.06363437  0.10076958  1.108561  ]
 [ 0.11503293  0.14149368  0.8514757 ]
 [ 0.04729928  0.18563184  0.6466424 ]]
[[ 0.          0.          0.67198724]
 [ 0.07795034  0.08184569  0.6748268 ]
 [-0.21495572  0.215386    0.4315685 ]
 [ 0.0467018  -0.08151263  0.34155202]
 [ 0.03522412 -0.05528742  0.17952949]
 [-0.078073   -0.08192526  0.66890115]
 [ 0.00768422  0.12324159  0.3161647 ]
 [ 0.25848338  0.19625881  0.0674845 ]
 [ 0.17498937  0.3508487   0.        ]
 [-0.00497371  0.02980958  0.8911319 ]
 [-0.01822605  0.0390912   1.1486202 ]
 [-0.11632064  0.06232011  1.2573018 ]
 [-0.05133376 -0.0014205   1.3015206 ]
 [-0.12659672 -0.03557536  1.1169121 ]
 [-0.19503516 -0.10700273  0.8533772 ]
 [-0.25771934  0.06544471  0.8020168 ]
 [ 0.09243916  0.09159964  1.0872529 ]
 [ 0.2701647   0.06436037  0.89940023]
 [ 0.28801394  0.10014482  0.63940346]]
[[ 0.          0.          0.6587361 ]
 [ 0.07522546  0.07261238  0.6634133 ]
 [-0.27847344  0.19101477  0.49383342]
 [-0.15767948 -0.00553951  0.15335435]
 [-0.26581046  0.06403857  0.04915553]
 [-0.07532882 -0.07286414  0.65332425]
 [ 0.14675337  0.03419939  0.30491912]
 [ 0.45687956  0.00493008  0.11831051]
 [ 0.43926588  0.1194486   0.        ]
 [ 0.0081333   0.0179866   0.8831372 ]
 [ 0.00893954  0.02354303  1.1429265 ]
 [-0.07996897  0.05415577  1.2363644 ]
 [-0.02741585 -0.01157475  1.2922873 ]
 [-0.10646594 -0.03095126  1.116836  ]
 [-0.20361535 -0.06013931  0.86067724]
 [-0.20784757  0.12363994  0.95450026]
 [ 0.12454109  0.06252477  1.08245   ]
 [ 0.36711144  0.00472778  0.98559576]
 [ 0.45155513  0.00529527  0.7319083 ]]
[[ 0.          0.          0.6381338 ]
 [ 0.07360932  0.05649158  0.641867  ]
 [-0.26047838  0.18775451  0.46236265]
 [-0.26485968  0.10546258  0.05607992]
 [-0.39614365  0.19696039  0.        ]
 [-0.07378424 -0.05671959  0.633565  ]
 [ 0.17374937  0.05207166  0.2992266 ]
 [ 0.50857073 -0.05242515  0.19380763]
 [ 0.574348    0.03502685  0.07303971]
 [ 0.01701552  0.02430442  0.8614316 ]
 [ 0.02573078  0.03084904  1.1185726 ]
 [-0.0509205   0.07164198  1.207114  ]
 [-0.00652473 -0.0025602   1.26116   ]
 [-0.0919516  -0.00534415  1.099551  ]
 [-0.20082769 -0.02553578  0.8509265 ]
 [-0.1751166   0.15448144  0.9654298 ]
 [ 0.14236829  0.05232897  1.0561262 ]
 [ 0.38209677 -0.01850736  0.98081917]
 [ 0.4652468  -0.01089582  0.7336757 ]]
[[ 0.0000000e+00  0.0000000e+00  6.3397318e-01]
 [ 7.8618027e-02  4.9627863e-02  6.3658351e-01]
 [-2.0074928e-01  2.4760500e-01  4.0927559e-01]
 [-2.7874124e-01  2.8498447e-01  4.5697689e-03]
 [-4.1503459e-01  3.8177311e-01  0.0000000e+00]
 [-7.8894116e-02 -4.9838420e-02  6.3053828e-01]
 [ 1.1849550e-01  4.5098275e-02  2.6410466e-01]
 [ 4.5685399e-01 -1.2141320e-01  3.1513909e-01]
 [ 5.8566356e-01 -6.1341166e-02  2.2474468e-01]
 [ 1.9109149e-02  3.7671208e-02  8.5608083e-01]
 [ 3.1134484e-02  5.8875561e-02  1.1097643e+00]
 [-3.5933681e-02  9.8549783e-02  1.1960996e+00]
 [ 8.1429295e-03  2.2032559e-02  1.2498891e+00]
 [-8.7797992e-02  2.9010326e-02  1.0934287e+00]
 [-1.8873636e-01 -2.1140277e-04  8.4747028e-01]
 [-1.7113565e-01  1.8787189e-01  8.9233303e-01]
 [ 1.4535527e-01  7.3654085e-02  1.0415175e+00]
 [ 3.6905530e-01  2.0595133e-02  9.3449110e-01]
 [ 4.0833431e-01  3.7104487e-02  6.9198036e-01]]
[[ 0.          0.          0.6968034 ]
 [ 0.08851499  0.05764106  0.7005747 ]
 [-0.14395465  0.27638936  0.42068917]
 [-0.19666839  0.2945308   0.00970322]
 [-0.3365615   0.39478365  0.        ]
 [-0.08877113 -0.05780492  0.6923749 ]
 [ 0.02683951  0.0505231   0.30047646]
 [ 0.34855217 -0.17842853  0.449746  ]
 [ 0.5063323  -0.13207439  0.4025048 ]
 [ 0.02143215  0.05644068  0.9149606 ]
 [ 0.03095664  0.09766144  1.16512   ]
 [-0.0315445   0.13959026  1.2509227 ]
 [ 0.0143153   0.0641886   1.3068385 ]
 [-0.08698916  0.0534589   1.1513803 ]
 [-0.17413306 -0.02010506  0.90722334]
 [-0.19200319  0.1431983   0.8162748 ]
 [ 0.14588732  0.12026539  1.095922  ]
 [ 0.3382307   0.0948194   0.9325144 ]
 [ 0.3136671   0.11459299  0.69807893]]
[[ 0.          0.          0.78528947]
 [ 0.09287484  0.06515861  0.7910025 ]
 [-0.07317768  0.26386684  0.4523481 ]
 [-0.07758833  0.2084263   0.03915006]
 [-0.21664041  0.31317478  0.        ]
 [-0.09305312 -0.06522053  0.77913964]
 [-0.08257306  0.07683638  0.38541424]
 [ 0.22468686 -0.21170121  0.5686231 ]
 [ 0.391575   -0.181128    0.51850545]
 [ 0.02570116  0.07347885  0.995872  ]
 [ 0.03817094  0.13055795  1.2420243 ]
 [-0.02794385  0.16634631  1.335027  ]
 [ 0.02173071  0.09869009  1.3884714 ]
 [-0.07669065  0.07271084  1.228169  ]
 [-0.14335267 -0.04087715  0.979611  ]
 [-0.17277992  0.07556583  0.79949564]
 [ 0.15066656  0.16713682  1.1653504 ]
 [ 0.28242445  0.19826387  0.947943  ]
 [ 0.19964397  0.24218136  0.75871694]]
[[ 0.          0.          0.78650594]
 [ 0.10097066  0.07635422  0.7837842 ]
 [ 0.07367326  0.24554035  0.41778395]
 [ 0.20362037  0.11097932  0.07587582]
 [ 0.07393298  0.23228163  0.        ]
 [-0.1010637  -0.0762075   0.78914267]
 [-0.29444024  0.11737627  0.49228504]
 [-0.01584194 -0.22221008  0.48126578]
 [ 0.05095357 -0.1999402   0.3815343 ]
 [ 0.01846764  0.06915352  0.9960292 ]
 [ 0.02698176  0.1353383   1.2439953 ]
 [-0.05676961  0.15738267  1.353321  ]
 [ 0.01165709  0.09601134  1.3871794 ]
 [-0.08044863  0.07011548  1.2369688 ]
 [-0.04477474  0.04364203  1.0287378 ]
 [ 0.14879516  0.02588025  1.138784  ]
 [ 0.13652228  0.19300848  1.1616267 ]
 [ 0.14472994  0.30868313  0.9084922 ]
 [-0.03780624  0.39384118  0.83694553]]
[[ 0.          0.          0.74081695]
 [ 0.09676231  0.08046935  0.74255466]
 [ 0.22354001  0.16699256  0.40799388]
 [ 0.44606727 -0.03904533  0.12486416]
 [ 0.3644303   0.04771441  0.        ]
 [-0.09675647 -0.08025828  0.7392046 ]
 [-0.331189    0.15668282  0.5839734 ]
 [-0.18739443 -0.12901086  0.30061325]
 [-0.28385997 -0.06029665  0.17323375]
 [ 0.02029498  0.04294877  0.9539779 ]
 [ 0.03212956  0.07629508  1.2080058 ]
 [-0.06113483  0.09724748  1.309825  ]
 [ 0.00631241  0.03000069  1.3559462 ]
 [-0.07180763 -0.01485115  1.2015159 ]
 [ 0.05400148 -0.1566139   1.0813406 ]
 [ 0.14778286 -0.15720768  1.048777  ]
 [ 0.13121796  0.15402791  1.1257286 ]
 [ 0.02735053  0.32268     0.9353995 ]
 [-0.16115394  0.35698798  1.0297391 ]]
[[ 0.          0.          0.67889833]
 [ 0.09242843  0.08343762  0.680766  ]
 [ 0.26197076  0.12562506  0.34046397]
 [ 0.5610186  -0.11135125  0.15739584]
 [ 0.54834545 -0.07258636  0.        ]
 [-0.09241355 -0.08323315  0.6774242 ]
 [-0.33967906  0.1330783   0.5345837 ]
 [-0.34172356  0.02037638  0.13176799]
 [-0.46648824  0.1282222   0.0652343 ]
 [ 0.01180017  0.01369132  0.89207244]
 [ 0.02011969  0.02584359  1.1473136 ]
 [-0.07639393  0.04193318  1.2520869 ]
 [-0.00779799 -0.01688874  1.2949524 ]
 [-0.0717334  -0.06372818  1.1320823 ]
 [ 0.05882403 -0.19931525  1.0260563 ]
 [ 0.13076538 -0.12803264  0.97791755]
 [ 0.11442888  0.11342812  1.0730667 ]
 [-0.03768271  0.26894513  0.90349185]
 [-0.1849361   0.24592745  1.0830156 ]]
[[ 0.00000000e+00  0.00000000e+00  6.07992411e-01]
 [ 9.17555839e-02  7.59652704e-02  6.11793041e-01]
 [ 2.02320158e-01  6.39067590e-02  2.22988516e-01]
 [ 5.13307750e-01 -2.81774193e-01  2.07625180e-01]
 [ 5.86495578e-01 -2.83855855e-01  7.17235804e-02]
 [-9.18027759e-02 -7.58191943e-02  6.04785800e-01]
 [-3.19560289e-01  1.72433242e-01  4.16676223e-01]
 [-4.07083929e-01  2.28566766e-01  1.90178752e-02]
 [-5.35636783e-01  3.51238668e-01  0.00000000e+00]
 [-1.27920974e-03  8.08492303e-04  8.23664010e-01]
 [-4.58645076e-03 -1.32524967e-03  1.07771051e+00]
 [-1.00826755e-01  1.63851380e-02  1.18608928e+00]
 [-3.29354368e-02 -4.15152311e-02  1.23033130e+00]
 [-8.92819017e-02 -7.44235814e-02  1.05070317e+00]
 [ 9.98159498e-03 -1.28390074e-01  9.07030642e-01]
 [ 8.46242309e-02 -1.55001879e-03  8.75374019e-01]
 [ 8.41481388e-02  8.46202374e-02  1.01714909e+00]
 [-4.89423871e-02  2.35545442e-01  8.25226426e-01]
 [-2.02331811e-01  2.11647451e-01  9.67148304e-01]]
[[ 0.00000000e+00  0.00000000e+00  6.05338037e-01]
 [ 9.04985219e-02  7.39160702e-02  6.07925653e-01]
 [ 1.00814007e-01  6.41540289e-02  2.00300395e-01]
 [ 3.81779015e-01 -3.55504155e-01  2.90206909e-01]
 [ 5.12362659e-01 -3.81828576e-01  2.03032076e-01]
 [-9.05724466e-02 -7.38218203e-02  6.03351116e-01]
 [-2.74926603e-01  2.19507068e-01  3.70408088e-01]
 [-3.40322077e-01  3.66811633e-01  0.00000000e+00]
 [-4.54090655e-01  5.05644083e-01  1.92165375e-04]
 [-9.66251269e-03  1.11728907e-02  8.21788192e-01]
 [-2.14259848e-02  1.54193342e-02  1.07657731e+00]
 [-1.23983979e-01  3.30344439e-02  1.18619728e+00]
 [-4.86790091e-02 -2.34865546e-02  1.23029375e+00]
 [-1.06450453e-01 -6.19559288e-02  1.04523432e+00]
 [-7.26005435e-02 -1.13909304e-01  8.08829963e-01]
 [-4.00995463e-02  2.82024145e-02  7.03056514e-01]
 [ 6.89482689e-02  9.72099304e-02  1.01665592e+00]
 [ 1.06378049e-02  2.24591881e-01  7.81462908e-01]
 [-1.73927277e-01  2.43728071e-01  7.88698912e-01]]
[[ 0.          0.          0.66420484]
 [ 0.09015527  0.07500015  0.66177195]
 [ 0.00778347  0.09075582  0.26119128]
 [ 0.2685185  -0.36373565  0.39314395]
 [ 0.407704   -0.40635478  0.3149342 ]
 [-0.09027549 -0.07490551  0.66713476]
 [-0.2257947   0.23013136  0.39280123]
 [-0.22317755  0.35381722  0.01311719]
 [-0.32933503  0.51397526  0.        ]
 [-0.01395486  0.02454692  0.880924  ]
 [-0.03178534  0.03342637  1.1353583 ]
 [-0.13477233  0.0515188   1.2461168 ]
 [-0.05707423 -0.00435275  1.2873333 ]
 [-0.1208497  -0.04721797  1.102689  ]
 [-0.10456748 -0.10445382  0.8361161 ]
 [-0.14361903  0.01224911  0.6804223 ]
 [ 0.06415522  0.10673177  1.0732157 ]
 [ 0.06201908  0.1869015   0.8163461 ]
 [-0.07891874  0.20448132  0.7013914 ]]
[[ 0.00000000e+00  0.00000000e+00  6.98653519e-01]
 [ 7.88821802e-02  9.03521329e-02  7.01405525e-01]
 [-1.65761322e-01  1.80906713e-01  3.82480025e-01]
 [ 1.45725757e-01 -1.68298528e-01  4.26334590e-01]
 [ 1.95947975e-01 -1.85788423e-01  2.94592947e-01]
 [-7.90193528e-02 -9.02967155e-02  6.96039081e-01]
 [-1.13791317e-01  1.89101443e-01  3.63717169e-01]
 [ 4.57205735e-02  3.01074862e-01  4.30242419e-02]
 [-6.41087443e-02  4.72550333e-01  0.00000000e+00]
 [-1.26049742e-02  3.26067060e-02  9.15933013e-01]
 [-3.35645005e-02  3.88719440e-02  1.17126942e+00]
 [-1.37885496e-01  6.11233711e-02  1.28221035e+00]
 [-5.70569932e-02 -1.02311373e-03  1.32221866e+00]
 [-1.31695822e-01 -4.97990847e-02  1.13904572e+00]
 [-1.49317846e-01 -1.32529795e-01  8.69209409e-01]
 [-2.35556513e-01  2.81488001e-02  7.34896302e-01]
 [ 7.04351664e-02  1.10902965e-01  1.10772300e+00]
 [ 1.69181734e-01  1.42478198e-01  8.71376276e-01]
 [ 1.44926012e-01  1.89565867e-01  6.76976264e-01]]
[[ 0.          0.          0.6970087 ]
 [ 0.06303547  0.0916496   0.70483917]
 [-0.29087925  0.21013933  0.5120133 ]
 [-0.08133237 -0.02065328  0.24597406]
 [-0.17047358  0.03372991  0.11690652]
 [-0.06307129 -0.09183655  0.68867636]
 [ 0.07007339  0.06913257  0.31113422]
 [ 0.35278353  0.12010729  0.09615791]
 [ 0.26900804  0.26210675  0.        ]
 [-0.00152431  0.02186711  0.9174289 ]
 [-0.00361114  0.03695047  1.1767168 ]
 [-0.09671733  0.0559178   1.2749778 ]
 [-0.02200011  0.0046795   1.3306    ]
 [-0.10646579 -0.04748923  1.1486251 ]
 [-0.1972234  -0.11700848  0.8899022 ]
 [-0.24307197  0.08091611  0.9193746 ]
 [ 0.09762365  0.10152507  1.1114665 ]
 [ 0.31218523  0.07044989  0.95682895]
 [ 0.3537863   0.0832499   0.691247  ]]
[[ 0.          0.          0.64586025]
 [ 0.05875961  0.08202149  0.65375984]
 [-0.2966847   0.19009754  0.47301635]
 [-0.24496788  0.07084224  0.10373706]
 [-0.38030493  0.15137893  0.02911085]
 [-0.05883561 -0.08224727  0.637175  ]
 [ 0.15083964  0.03625378  0.28241143]
 [ 0.48512363  0.02221924  0.13282424]
 [ 0.47483194  0.13059843  0.        ]
 [ 0.00896786  0.01682335  0.86741996]
 [ 0.01564079  0.02913529  1.1259627 ]
 [-0.06738639  0.05454761  1.2163548 ]
 [-0.00303037 -0.00201988  1.2734463 ]
 [-0.08751322 -0.03969669  1.106964  ]
 [-0.19490093 -0.09504357  0.85764736]
 [-0.21573614  0.0986239   0.95733047]
 [ 0.117919    0.08404681  1.0603882 ]
 [ 0.36012626  0.04722947  0.9486388 ]
 [ 0.4212215   0.05785751  0.690787  ]]
[[ 0.0000000e+00  0.0000000e+00  6.2482089e-01]
 [ 6.2213581e-02  6.8376139e-02  6.3084865e-01]
 [-2.6117700e-01  2.2005963e-01  4.2040795e-01]
 [-3.2558876e-01  2.2655448e-01  2.1387637e-02]
 [-4.6482170e-01  3.1388599e-01  0.0000000e+00]
 [-6.2387966e-02 -6.8591796e-02  6.1792433e-01]
 [ 1.2943295e-01  4.5799315e-02  2.5337589e-01]
 [ 5.0560534e-01 -5.1307559e-02  2.1243861e-01]
 [ 5.9017175e-01  2.4855733e-02  9.2670381e-02]
 [ 1.6721524e-02  3.4239694e-02  8.4452266e-01]
 [ 3.0493578e-02  5.6676984e-02  1.0982411e+00]
 [-4.5102507e-02  8.9412153e-02  1.1884677e+00]
 [ 1.5968930e-02  2.5909960e-02  1.2426058e+00]
 [-7.5191081e-02  7.6153874e-04  1.0816015e+00]
 [-1.8932983e-01 -6.2558547e-02  8.4574926e-01]
 [-1.9761080e-01  1.3872841e-01  9.2122334e-01]
 [ 1.3066953e-01  9.6843064e-02  1.0301347e+00]
 [ 3.6032739e-01  4.7104359e-02  9.0915740e-01]
 [ 4.0058601e-01  7.3437534e-02  6.5666282e-01]]
[[ 0.0000000e+00  0.0000000e+00  6.3802683e-01]
 [ 6.6250227e-02  6.5082222e-02  6.4310658e-01]
 [-1.9824007e-01  2.7536505e-01  3.9473909e-01]
 [-2.7638152e-01  3.2217348e-01  8.8411570e-04]
 [-4.0933824e-01  4.1349092e-01  0.0000000e+00]
 [-6.6460669e-02 -6.5264933e-02  6.3211834e-01]
 [ 7.0182055e-02  4.5883387e-02  2.4087059e-01]
 [ 4.4751060e-01 -9.5280319e-02  3.0388364e-01]
 [ 5.7690394e-01 -3.8766921e-02  2.1284670e-01]
 [ 2.3518961e-02  4.8233628e-02  8.5620213e-01]
 [ 4.3086141e-02  8.8609099e-02  1.1070197e+00]
 [-3.3559397e-02  1.1832142e-01  1.1977347e+00]
 [ 3.1023547e-02  5.4477930e-02  1.2500390e+00]
 [-6.3901126e-02  3.2508403e-02  1.0950471e+00]
 [-1.5709431e-01 -4.8850417e-02  8.6179560e-01]
 [-1.9627702e-01  1.4100516e-01  8.3519292e-01]
 [ 1.4180486e-01  1.2497723e-01  1.0320297e+00]
 [ 3.3978337e-01  8.7295771e-02  8.7543511e-01]
 [ 3.3404860e-01  1.1422197e-01  6.3046813e-01]]
[[ 0.          0.          0.71903396]
 [ 0.0764892   0.0695207   0.7231518 ]
 [-0.14325777  0.27895617  0.42700005]
 [-0.16463147  0.2732162   0.01930529]
 [-0.30412656  0.3667809   0.        ]
 [-0.07667922 -0.06964795  0.7142824 ]
 [-0.01828037  0.05615458  0.3133537 ]
 [ 0.34025848 -0.14636797  0.45432597]
 [ 0.4951644  -0.09829235  0.38590622]
 [ 0.02748101  0.06362328  0.93276894]
 [ 0.04415874  0.11587399  1.1810939 ]
 [-0.02845773  0.14471221  1.276112  ]
 [ 0.03534766  0.0820114   1.3253379 ]
 [-0.061713    0.04783863  1.1704288 ]
 [-0.14323959 -0.06821592  0.931055  ]
 [-0.20159611  0.08543818  0.798601  ]
 [ 0.14348844  0.15871316  1.1023962 ]
 [ 0.29941258  0.15487733  0.90220284]
 [ 0.24012157  0.17719404  0.685362  ]]
[[ 0.          0.          0.7391727 ]
 [ 0.08564381  0.08162118  0.73894304]
 [-0.0315799   0.27992383  0.4084369 ]
 [ 0.05901306  0.21756965  0.04831439]
 [-0.08026481  0.32569236  0.        ]
 [-0.08572024 -0.08157094  0.7390848 ]
 [-0.19558111  0.09666996  0.39849085]
 [ 0.18003839 -0.14562231  0.47427616]
 [ 0.28335333 -0.09957039  0.36923698]
 [ 0.03190547  0.07253437  0.9473037 ]
 [ 0.04868327  0.13334599  1.1924851 ]
 [-0.03106113  0.15066725  1.3034761 ]
 [ 0.03501719  0.10159177  1.3402905 ]
 [-0.05108707  0.0443821   1.1789145 ]
 [-0.07846627 -0.0487341   0.91178495]
 [-0.1356113   0.04912232  0.7542598 ]
 [ 0.14533828  0.20309484  1.1095963 ]
 [ 0.19138224  0.30108064  0.8899866 ]
 [ 0.06961779  0.3786222   0.75274837]]
[[ 0.          0.          0.7158388 ]
 [ 0.0931499   0.07980569  0.7165625 ]
 [ 0.1562791   0.20367555  0.37727123]
 [ 0.35453987  0.03732014  0.09236205]
 [ 0.2682154   0.15158713  0.        ]
 [-0.09314127 -0.07960683  0.71522284]
 [-0.33069652  0.15515625  0.5252421 ]
 [-0.09032497 -0.11684337  0.32576343]
 [-0.17283568 -0.05996192  0.20286399]
 [ 0.02777758  0.05400005  0.92587465]
 [ 0.04435377  0.08819169  1.1808655 ]
 [-0.05594759  0.10362929  1.2874393 ]
 [ 0.02552957  0.05494875  1.3372686 ]
 [-0.04169179 -0.02173421  1.1568229 ]
 [-0.03946655 -0.15826151  0.93410486]
 [ 0.00572182 -0.02576335  0.8289942 ]
 [ 0.12068035  0.18548828  1.1009665 ]
 [ 0.03471408  0.32621244  0.90032125]
 [-0.16709247  0.3474964   0.93486404]]
[[ 0.          0.          0.6827858 ]
 [ 0.08869496  0.0888309   0.68348134]
 [ 0.25875652  0.15145603  0.3589175 ]
 [ 0.5358095  -0.0625515   0.14853656]
 [ 0.50546753 -0.00434393  0.        ]
 [-0.08858842 -0.08858889  0.6824689 ]
 [-0.35286897  0.14024231  0.53327906]
 [-0.288114    0.0127461   0.15339655]
 [-0.41470093  0.11471364  0.0857414 ]
 [ 0.02742091  0.01589201  0.8927809 ]
 [ 0.05079375  0.02053422  1.1487575 ]
 [-0.05797976  0.03089464  1.2509532 ]
 [ 0.03980213 -0.01560885  1.2985177 ]
 [-0.00922444 -0.09404948  1.1194116 ]
 [ 0.10709143 -0.29572785  1.0332937 ]
 [ 0.15045637 -0.13000147  0.90673625]
 [ 0.10903404  0.13147593  1.0815642 ]
 [-0.04343873  0.2722581   0.9104066 ]
 [-0.20944941  0.24033946  1.0716075 ]]
[[ 0.          0.          0.5982429 ]
 [ 0.08641774  0.08360415  0.5994745 ]
 [ 0.2251747   0.1151318   0.23826587]
 [ 0.56006956 -0.16750574  0.17782947]
 [ 0.6085813  -0.15746462  0.03754002]
 [-0.08632489 -0.08338443  0.5975746 ]
 [-0.33135772  0.15848042  0.41520154]
 [-0.3681621   0.18762028  0.02738833]
 [-0.49680853  0.29726627  0.        ]
 [ 0.01950201  0.00142993  0.80698884]
 [ 0.03470888 -0.00859275  1.0597659 ]
 [-0.07057717  0.00163358  1.1611267 ]
 [ 0.02150227 -0.04387301  1.2146878 ]
 [-0.01980524 -0.11146069  1.0282267 ]
 [ 0.12221439 -0.2748891   0.92849207]
 [ 0.13458821 -0.10473034  0.8071817 ]
 [ 0.09061876  0.099067    0.99675995]
 [-0.05935957  0.229381    0.8248962 ]
 [-0.20994988  0.18329516  0.9894912 ]]
[[ 0.          0.          0.5763703 ]
 [ 0.08335947  0.07910975  0.58186686]
 [ 0.15393978  0.08815357  0.19347745]
 [ 0.4729762  -0.26490933  0.22729516]
 [ 0.5792198  -0.27790314  0.11789691]
 [-0.08327782 -0.07890949  0.5714576 ]
 [-0.29265624  0.18884633  0.35477185]
 [-0.32620347  0.35475233  0.        ]
 [-0.44900978  0.4650307   0.00410277]
 [ 0.01353195 -0.00365624  0.7864846 ]
 [ 0.02285861 -0.01547417  1.0386715 ]
 [-0.08581647 -0.00296336  1.1420863 ]
 [ 0.00226049 -0.05022621  1.1933844 ]
 [-0.03107048 -0.1109404   1.0088466 ]
 [ 0.09421453 -0.24852824  0.856816  ]
 [ 0.06260139 -0.07386947  0.7285478 ]
 [ 0.07943648  0.08544147  0.9779288 ]
 [-0.02194802  0.22972795  0.7785302 ]
 [-0.19668734  0.2357735   0.869513  ]]
[[ 0.          0.          0.6118422 ]
 [ 0.08435689  0.08542989  0.615102  ]
 [ 0.04958969  0.12637189  0.20749524]
 [ 0.35933304 -0.25484365  0.30262157]
 [ 0.47172195 -0.28486776  0.18803483]
 [-0.08433758 -0.08523424  0.6090758 ]
 [-0.21983153  0.23459077  0.3537411 ]
 [-0.17363924  0.43108234  0.00754368]
 [-0.2986929   0.56011635  0.        ]
 [ 0.00641511  0.0057041   0.823267  ]
 [ 0.00838403 -0.00139585  1.0762542 ]
 [-0.09923415  0.01282328  1.1863412 ]
 [-0.01010452 -0.03877681  1.2295926 ]
 [-0.06029573 -0.10291222  1.0398967 ]
 [-0.00716089 -0.20196623  0.80497444]
 [-0.01789759 -0.02627675  0.6909807 ]
 [ 0.07960521  0.09640723  1.0174601 ]
 [ 0.03936308  0.2148254   0.7802171 ]
 [-0.15648484  0.25239116  0.7327112 ]]
[[ 0.00000000e+00  0.00000000e+00  6.32455826e-01]
 [ 6.47394285e-02  1.02135085e-01  6.37896419e-01]
 [-1.70113981e-01  2.20007867e-01  3.03387523e-01]
 [ 1.73670053e-01 -3.37554216e-02  3.20149630e-01]
 [ 1.99692249e-01 -3.52833867e-02  1.59667850e-01]
 [-6.47962391e-02 -1.02010608e-01  6.27099812e-01]
 [-9.82512832e-02  1.72163576e-01  3.02296430e-01]
 [ 1.24081016e-01  3.43322963e-01  4.95901704e-02]
 [ 2.12203264e-02  4.94903386e-01  0.00000000e+00]
 [-4.43795696e-04  1.94456279e-02  8.47285628e-01]
 [-1.12707429e-02  1.57929659e-02  1.10173965e+00]
 [-1.11548424e-01  3.03461552e-02  1.21637404e+00]
 [-3.06954011e-02 -2.56865621e-02  1.25247478e+00]
 [-8.90074372e-02 -9.01544988e-02  1.06480551e+00]
 [-1.14778340e-01 -1.92435056e-01  8.05281281e-01]
 [-2.11864710e-01  2.06297562e-02  7.41258502e-01]
 [ 6.83132932e-02  1.08172238e-01  1.03797817e+00]
 [ 1.24855310e-01  1.79784358e-01  7.97772110e-01]
 [ 4.89090197e-02  2.75539160e-01  6.07544601e-01]]
[[ 0.          0.          0.6081046 ]
 [ 0.0504332   0.09867103  0.6212897 ]
 [-0.3090762   0.23393229  0.41476086]
 [-0.10819134  0.10706025  0.14880794]
 [-0.21713376  0.1801854   0.04378939]
 [-0.05048569 -0.09881821  0.59437704]
 [ 0.05465512  0.05433944  0.21870124]
 [ 0.39789808  0.1180433   0.1026597 ]
 [ 0.3616513   0.2373029   0.        ]
 [ 0.00334443  0.0193028   0.8305904 ]
 [ 0.00402592  0.03626314  1.0895201 ]
 [-0.08666449  0.04968697  1.1900587 ]
 [-0.01705907  0.00184643  1.2382016 ]
 [-0.08519401 -0.05753645  1.0579088 ]
 [-0.18907428 -0.14462668  0.8135822 ]
 [-0.2554458   0.07391036  0.877452  ]
 [ 0.09230055  0.11562872  1.0261542 ]
 [ 0.28427362  0.0944126   0.8534111 ]
 [ 0.2921733   0.12530075  0.5941497 ]]
[[ 0.00000000e+00  0.00000000e+00  5.76142013e-01]
 [ 5.60774654e-02  8.43591243e-02  5.85821629e-01]
 [-2.86749125e-01  2.58330017e-01  3.93679559e-01]
 [-2.79749155e-01  2.61446297e-01  2.04043388e-02]
 [-4.27799284e-01  3.51954490e-01  0.00000000e+00]
 [-5.61632589e-02 -8.45295489e-02  5.65632343e-01]
 [ 1.14534333e-01  4.71486449e-02  1.97138220e-01]
 [ 5.10609508e-01  9.39846039e-04  1.53330386e-01]
 [ 5.76076865e-01  8.58212411e-02  3.25611234e-02]
 [ 1.79863945e-02  2.65748799e-02  7.95566380e-01]
 [ 3.33943591e-02  4.85430658e-02  1.05093729e+00]
 [-4.94632944e-02  7.01215267e-02  1.14523697e+00]
 [ 1.24960113e-02  1.38809681e-02  1.19439673e+00]
 [-6.43117055e-02 -2.78353393e-02  1.02747595e+00]
 [-1.91327721e-01 -1.15025192e-01  7.99817622e-01]
 [-2.20787674e-01  9.46753323e-02  8.84591758e-01]
 [ 1.26390457e-01  1.08876914e-01  9.86243367e-01]
 [ 3.42905045e-01  6.85654432e-02  8.49223077e-01]
 [ 3.71040940e-01  8.56857821e-02  5.96701264e-01]]
[[ 0.          0.          0.5711857 ]
 [ 0.05394665  0.07744056  0.57859474]
 [-0.2779372   0.2599162   0.37561336]
 [-0.31400973  0.31354773  0.        ]
 [-0.46046388  0.39568815  0.00734293]
 [-0.05406234 -0.07762239  0.5629563 ]
 [ 0.10672338  0.04168826  0.18621966]
 [ 0.5031011  -0.02773437  0.18273905]
 [ 0.59573823  0.04010165  0.06520283]
 [ 0.02277482  0.03205772  0.7890942 ]
 [ 0.04272275  0.05848801  1.0419531 ]
 [-0.0397566   0.08070207  1.1371391 ]
 [ 0.02358183  0.02494425  1.184324  ]
 [-0.05313613 -0.01499045  1.0202082 ]
 [-0.18107212 -0.11002018  0.8015958 ]
 [-0.21361558  0.10277918  0.8570163 ]
 [ 0.1320094   0.11385518  0.9765622 ]
 [ 0.34238577  0.07389289  0.8379777 ]
 [ 0.3722873   0.10109395  0.5850893 ]]
[[ 0.          0.          0.58205426]
 [ 0.05533846  0.07647023  0.58844227]
 [-0.2423178   0.29232484  0.37223452]
 [-0.27534235  0.36699837  0.        ]
 [-0.41650754  0.44859678  0.01253301]
 [-0.05546541 -0.0766212   0.5749267 ]
 [ 0.0578737   0.05433515  0.18546829]
 [ 0.45709616 -0.0394479   0.2246472 ]
 [ 0.5673406   0.02210239  0.11590904]
 [ 0.0275934   0.04198918  0.7985221 ]
 [ 0.05140137  0.08022362  1.0497214 ]
 [-0.03217898  0.09829539  1.1480364 ]
 [ 0.03489102  0.04486716  1.1938012 ]
 [-0.04309526 -0.00253528  1.0300341 ]
 [-0.15306321 -0.1224685   0.82330024]
 [-0.2138092   0.08400939  0.80523056]
 [ 0.13844955  0.13914958  0.9801688 ]
 [ 0.329022    0.11251181  0.82138896]
 [ 0.32809794  0.13954127  0.5710791 ]]
[[ 0.          0.          0.630368  ]
 [ 0.06248236  0.08130721  0.6367404 ]
 [-0.18219826  0.30261016  0.37592646]
 [-0.17297122  0.36941248  0.00918925]
 [-0.31606963  0.45577687  0.        ]
 [-0.06259692 -0.08135311  0.6234053 ]
 [-0.03787819  0.06523758  0.2214548 ]
 [ 0.36434764 -0.07209581  0.27161637]
 [ 0.47117943 -0.00518852  0.15396023]
 [ 0.03425957  0.05685049  0.84050286]
 [ 0.05764028  0.10600856  1.0883772 ]
 [-0.02855627  0.11665171  1.1954849 ]
 [ 0.04487325  0.0696969   1.2400284 ]
 [-0.03039012  0.00842261  1.0674385 ]
 [-0.1151209  -0.14592418  0.8573017 ]
 [-0.19898012  0.03238621  0.7574699 ]
 [ 0.14102611  0.17518336  1.0130749 ]
 [ 0.2914199   0.1853413   0.81478316]
 [ 0.23382929  0.20693293  0.58817047]]
[[ 0.0000000e+00  0.0000000e+00  6.5491939e-01]
 [ 8.7101296e-02  9.1180831e-02  6.5695328e-01]
 [-2.7970076e-02  2.7752978e-01  3.4572217e-01]
 [ 1.7459355e-01  1.9906566e-01  7.2859585e-02]
 [ 4.4481099e-02  3.0382225e-01  0.0000000e+00]
 [-8.6933129e-02 -9.0991676e-02  6.5280759e-01]
 [-2.8414455e-01  1.4867862e-01  3.6266199e-01]
 [ 6.1542310e-02 -3.4556448e-02  2.2597992e-01]
 [ 6.7007340e-02  3.7951410e-02  1.1348510e-01]
 [ 3.0580450e-02  6.3431293e-02  8.6045718e-01]
 [ 5.1043045e-02  1.2179765e-01  1.1072447e+00]
 [-4.0067852e-02  1.3758522e-01  1.2267451e+00]
 [ 3.8783319e-02  8.6857200e-02  1.2522004e+00]
 [-2.4842951e-02  2.7927756e-04  1.0901754e+00]
 [ 6.1731756e-02 -2.4025843e-01  9.9106473e-01]
 [ 9.8284304e-02 -3.1403512e-01  9.5488077e-01]
 [ 1.2911814e-01  2.1288949e-01  1.0257881e+00]
 [ 1.3252531e-01  3.2708457e-01  7.9312193e-01]
 [-2.7300104e-02  4.0184665e-01  7.3119307e-01]]
[[ 0.00000000e+00  0.00000000e+00  6.45007908e-01]
 [ 8.65134150e-02  8.94782990e-02  6.51924193e-01]
 [ 1.69881627e-01  1.86036333e-01  2.85341144e-01]
 [ 4.76880252e-01  3.73899937e-04  1.13678396e-01]
 [ 3.89598727e-01  7.59618282e-02  0.00000000e+00]
 [-8.63818154e-02 -8.91897455e-02  6.38453484e-01]
 [-3.47289503e-01  1.45446837e-01  4.32882786e-01]
 [-2.64333665e-01  8.85400176e-02  1.00502431e-01]
 [-3.59569252e-01  1.98087543e-01  4.22313809e-02]
 [ 3.91394868e-02  1.43511593e-02  8.45685482e-01]
 [ 7.32313097e-02  1.12850368e-02  1.09650815e+00]
 [-3.05256397e-02  2.34503150e-02  1.21231961e+00]
 [ 6.29227459e-02 -2.79000401e-02  1.24581981e+00]
 [ 2.05678158e-02 -1.10475451e-01  1.06149793e+00]
 [ 1.86282665e-01 -3.04699838e-01  9.29113388e-01]
 [ 1.31415129e-01 -1.24137565e-01  8.07440877e-01]
 [ 1.19871885e-01  1.26260996e-01  1.02746081e+00]
 [-3.43129188e-02  2.50471681e-01  8.60344231e-01]
 [-2.27447271e-01  2.21572340e-01  9.59538519e-01]]
[[ 0.          0.          0.5988099 ]
 [ 0.07759121  0.07639505  0.606662  ]
 [ 0.24918546  0.09956646  0.27217394]
 [ 0.54496324 -0.13547534  0.1316047 ]
 [ 0.552543   -0.09830147  0.        ]
 [-0.07742435 -0.07615448  0.59156203]
 [-0.33926186  0.12251741  0.3729276 ]
 [-0.4126127   0.1991426   0.02643532]
 [-0.51912344  0.28837004  0.02302963]
 [ 0.05317886 -0.00359617  0.7967498 ]
 [ 0.10070124 -0.02362201  1.0423639 ]
 [-0.00528584 -0.01539099  1.1527698 ]
 [ 0.09385028 -0.05004007  1.1909757 ]
 [ 0.09715928 -0.12464458  0.9983749 ]
 [ 0.23700252 -0.30166727  0.89846146]
 [ 0.1973855  -0.10084921  0.82147163]
 [ 0.10398293  0.08264762  0.9909935 ]
 [-0.0920614   0.17473736  0.872025  ]
 [-0.20954093  0.10974127  1.0350878 ]]
[[ 0.          0.          0.55878407]
 [ 0.06975207  0.06853098  0.56839806]
 [ 0.23779172  0.08381665  0.2191397 ]
 [ 0.5473045  -0.17669189  0.15361363]
 [ 0.5953828  -0.16437167  0.03275365]
 [-0.06957954 -0.06830427  0.5498461 ]
 [-0.32233644  0.13077217  0.32067233]
 [-0.41839367  0.279434    0.        ]
 [-0.52749425  0.36201584  0.00708991]
 [ 0.05124128 -0.01103282  0.75492644]
 [ 0.09672126 -0.03982013  0.9963408 ]
 [-0.00123632 -0.03626227  1.1137314 ]
 [ 0.093704   -0.06343639  1.1473274 ]
 [ 0.09606948 -0.12928951  0.94926727]
 [ 0.23235327 -0.29327393  0.83964   ]
 [ 0.18326259 -0.10420392  0.79226583]
 [ 0.09482091  0.05666748  0.9489677 ]
 [-0.09929505  0.13981792  0.83227164]
 [-0.1981048   0.08563992  0.99434847]]
[[ 0.          0.          0.55928075]
 [ 0.07191785  0.05552725  0.56602913]
 [ 0.16016364  0.07440609  0.16634011]
 [ 0.4433304  -0.28749847  0.22223884]
 [ 0.55814904 -0.30980766  0.13448012]
 [-0.07179218 -0.05535518  0.5531539 ]
 [-0.25841495  0.20542496  0.31024736]
 [-0.3399549   0.38532734  0.00234723]
 [-0.4215753   0.48963082  0.        ]
 [ 0.0481815  -0.0067303   0.7561854 ]
 [ 0.09246399 -0.04067764  0.9987133 ]
 [ 0.00226667 -0.03493506  1.1201339 ]
 [ 0.1015927  -0.06501776  1.1545494 ]
 [ 0.07957984 -0.12061018  0.9485024 ]
 [ 0.18187597 -0.2586195   0.8004161 ]
 [ 0.04803325 -0.04703927  0.7837728 ]
 [ 0.09814443  0.04807785  0.951823  ]
 [-0.0344175   0.17534432  0.78826296]
 [-0.19391221  0.1670799   0.91350996]]
[[ 0.          0.          0.55050826]
 [ 0.05913041  0.04077325  0.5481348 ]
 [-0.01649691  0.07961366  0.14379835]
 [ 0.21230733 -0.33894497  0.21755204]
 [ 0.38469678 -0.37970573  0.18341994]
 [-0.05905589 -0.04062082  0.5533732 ]
 [-0.18280986  0.19246206  0.27602893]
 [-0.14291137  0.40347105  0.        ]
 [-0.18417948  0.5128311   0.01148427]
 [ 0.05099031  0.01286235  0.75786376]
 [ 0.0929739  -0.00877675  1.0048046 ]
 [ 0.01497425  0.00254309  1.124085  ]
 [ 0.10858987 -0.04240596  1.1557957 ]
 [ 0.06478892 -0.08510023  0.95913017]
 [ 0.18663752 -0.23988637  0.77859294]
 [-0.16003235 -0.10728784  0.78194225]
 [ 0.11855951  0.06652734  0.94916433]
 [ 0.04198712  0.20574796  0.744891  ]
 [-0.15515378  0.1976915   0.83683044]]
[[ 0.          0.          0.67195445]
 [ 0.04005959  0.08678528  0.6800253 ]
 [-0.32731885  0.16117008  0.47254243]
 [ 0.00131135 -0.05076033  0.33434922]
 [ 0.02904753 -0.05418631  0.21104735]
 [-0.04003464 -0.08692169  0.66379976]
 [-0.0104435   0.13104913  0.31705764]
 [ 0.17439911  0.3274432   0.04597175]
 [ 0.120353    0.45432043  0.        ]
 [ 0.04277213  0.01553659  0.8838309 ]
 [ 0.08239569  0.01130223  1.1362364 ]
 [ 0.01289194  0.03734219  1.2656085 ]
 [ 0.09778161 -0.02022845  1.2949553 ]
 [-0.00605683 -0.09548712  1.0921944 ]
 [-0.18228632 -0.19792065  0.92067873]
 [-0.26069337 -0.02116796  1.0593519 ]
 [ 0.1492452   0.10284737  1.0783291 ]
 [ 0.18309471  0.23299308  0.88198453]
 [ 0.10139698  0.4006729   0.8806087 ]]
[[ 0.          0.          0.7045764 ]
 [ 0.03100525  0.07349508  0.712793  ]
 [-0.39985186  0.10195465  0.63364136]
 [-0.3301336  -0.05405185  0.23199663]
 [-0.43545836 -0.01766777  0.1539855 ]
 [-0.03097091 -0.07382995  0.69579715]
 [ 0.13333718  0.04225066  0.32257277]
 [ 0.4082257   0.1437254   0.09325391]
 [ 0.39576632  0.236413    0.        ]
 [ 0.0460532   0.00490271  0.91690683]
 [ 0.09558678 -0.00373745  1.1707006 ]
 [ 0.02536832  0.02223581  1.2863735 ]
 [ 0.0973054  -0.02398163  1.3240349 ]
 [-0.00578888 -0.07422996  1.141682  ]
 [-0.1979452  -0.1365583   0.97536695]
 [-0.2056669   0.0523921   1.1232083 ]
 [ 0.1754646   0.05430505  1.1046379 ]
 [ 0.2959033   0.05045268  0.91816026]
 [ 0.36956242  0.16246215  0.77899086]]
[[ 0.          0.          0.654197  ]
 [ 0.02568957  0.06143724  0.66275924]
 [-0.40755802  0.11255196  0.6013425 ]
 [-0.45790702 -0.0332163   0.17317015]
 [-0.5745385   0.00478178  0.13560236]
 [-0.02572495 -0.06180771  0.6450219 ]
 [ 0.13943657  0.02432233  0.26059145]
 [ 0.45638138  0.08837807  0.08846307]
 [ 0.48320293  0.1603862   0.        ]
 [ 0.05202141  0.00233537  0.86798716]
 [ 0.10350718 -0.01131132  1.1194217 ]
 [ 0.03152732  0.01860857  1.2294252 ]
 [ 0.10076228 -0.03153807  1.2699846 ]
 [ 0.0044412  -0.06838     1.0896769 ]
 [-0.19169211 -0.11911707  0.91456664]
 [-0.2162231   0.06813973  1.025265  ]
 [ 0.18499988  0.03898427  1.0604297 ]
 [ 0.33762044  0.06172228  0.9065369 ]
 [ 0.41639256  0.20192781  0.8221033 ]]
[[ 0.          0.          0.54901767]
 [ 0.02545238  0.07082407  0.55877024]
 [-0.39573634  0.15860653  0.50615263]
 [-0.5051898   0.07294035  0.07349378]
 [-0.6552831   0.1198864   0.07687569]
 [-0.02549643 -0.07123996  0.5387021 ]
 [ 0.07710154 -0.0212687   0.12114933]
 [ 0.4387017  -0.02827045  0.06895623]
 [ 0.4981439   0.01577616  0.        ]
 [ 0.05206798 -0.00724643  0.76727235]
 [ 0.09571655 -0.02466661  1.0200673 ]
 [ 0.01531828  0.00304651  1.1225257 ]
 [ 0.08784014 -0.04843211  1.1658665 ]
 [ 0.00290716 -0.08925143  0.979307  ]
 [-0.17560807 -0.13619322  0.775535  ]
 [-0.27444786  0.03607142  0.7861116 ]
 [ 0.18380937  0.04112837  0.9731409 ]
 [ 0.3859361   0.12584692  0.88069797]
 [ 0.4247234   0.31207448  0.91158503]]
[[ 0.          0.          0.4706631 ]
 [ 0.01892659  0.07681636  0.48331764]
 [-0.4017386   0.1789514   0.43626517]
 [-0.47488055  0.12965429  0.00114432]
 [-0.640764    0.16620329  0.        ]
 [-0.01902941 -0.07722438  0.4574942 ]
 [-0.01220682 -0.06511432  0.04014006]
 [ 0.3485816  -0.13858402  0.075008  ]
 [ 0.44754556 -0.10569257  0.00656477]
 [ 0.05296847 -0.01070786  0.6928229 ]
 [ 0.0916917  -0.02917328  0.947587  ]
 [ 0.00255013  0.00203675  1.0446    ]
 [ 0.08166419 -0.05128324  1.0898901 ]
 [ 0.01026917 -0.09581289  0.9007776 ]
 [-0.13678956 -0.15259132  0.6792764 ]
 [-0.28239554 -0.04647334  0.60871124]
 [ 0.17316508  0.03752136  0.9103023 ]
 [ 0.39052874  0.14496571  0.87489295]
 [ 0.4682322   0.30745894  0.9731684 ]]
[[ 0.          0.          0.48341227]
 [ 0.01089964  0.07891808  0.49696195]
 [-0.40250042  0.1928857   0.44860756]
 [-0.44124722  0.1511367   0.01338267]
 [-0.6128085   0.18806297  0.        ]
 [-0.01098419 -0.07932818  0.46941042]
 [-0.07067032 -0.08718702  0.06356448]
 [ 0.2769861  -0.20656353  0.12140816]
 [ 0.406606   -0.18655843  0.04766458]
 [ 0.05048502 -0.01077771  0.7076721 ]
 [ 0.08407505 -0.03143772  0.9638369 ]
 [-0.00861028  0.00212032  1.0583491 ]
 [ 0.07068717 -0.05104727  1.1042017 ]
 [ 0.01561135 -0.09575874  0.9126601 ]
 [-0.10867222 -0.1678007   0.6846738 ]
 [-0.2627871  -0.11436766  0.57444197]
 [ 0.15525907  0.03058687  0.9313523 ]
 [ 0.36015603  0.12772822  0.9313134 ]
 [ 0.44233346  0.24939883  1.0723672 ]]
[[ 0.00000000e+00  0.00000000e+00  5.32301426e-01]
 [-2.13950872e-04  1.12309888e-01  5.59272826e-01]
 [-4.22217995e-01  1.98062226e-01  4.98598218e-01]
 [-2.97827452e-01  1.31445616e-01  8.63993168e-02]
 [-4.62802708e-01  1.61801517e-01  0.00000000e+00]
 [ 1.37619674e-04 -1.12540871e-01  5.05188525e-01]
 [-3.03482592e-01 -5.99696338e-02  2.63228804e-01]
 [ 2.94765234e-02 -1.58817708e-01  2.17562497e-01]
 [ 1.24530181e-01 -1.87258780e-01  1.08132035e-01]
 [ 3.85254920e-02 -1.53122842e-02  7.61503100e-01]
 [ 5.72171211e-02 -2.44867504e-02  1.02033162e+00]
 [-6.77797645e-02  1.21824145e-02  1.09629750e+00]
 [ 2.82968320e-02 -3.00491452e-02  1.15504706e+00]
 [ 5.96054271e-02 -1.32293731e-01  9.73069787e-01]
 [ 1.18893713e-01 -4.00165260e-01  9.49906647e-01]
 [ 2.29338706e-02 -5.10281622e-01  1.05346513e+00]
 [ 8.56290087e-02  7.47321248e-02  1.00051022e+00]
 [ 2.17834771e-01  1.67267799e-01  1.14142752e+00]
 [ 1.65947378e-01  2.19852209e-01  1.19039726e+00]]
[[ 0.          0.          0.51826096]
 [-0.00477748  0.12084194  0.5463528 ]
 [-0.44953942  0.17206997  0.4937456 ]
 [-0.2528221   0.1116735   0.11476141]
 [-0.38772517  0.12899661  0.        ]
 [ 0.00478476 -0.12098543  0.49012333]
 [-0.37750494 -0.05916664  0.34753013]
 [-0.04625115 -0.06984198  0.1926356 ]
 [-0.0422935  -0.07708639  0.04012665]
 [ 0.03722367 -0.0142096   0.74747646]
 [ 0.0545154  -0.01850054  1.0063484 ]
 [-0.09228897  0.02791476  1.0796521 ]
 [ 0.01508904 -0.01291454  1.1384029 ]
 [ 0.08899216 -0.1420789   0.96176755]
 [ 0.14203683 -0.42429185  0.97750086]
 [ 0.07916364 -0.5184802   1.0731537 ]
 [ 0.054814    0.09905002  0.9917227 ]
 [ 0.09114432  0.22417814  1.0891886 ]
 [ 0.06644442  0.20079368  1.1779609 ]]
[[ 0.00000000e+00  0.00000000e+00  4.63733166e-01]
 [ 1.01082027e-03  1.22444339e-01  4.79314864e-01]
 [-4.15007412e-01  1.88876867e-01  4.75049734e-01]
 [-2.00276077e-01  4.73995805e-02  1.28308564e-01]
 [-3.13143790e-01  5.28642833e-02  1.65524781e-02]
 [-8.83542001e-04 -1.22451365e-01  4.48404193e-01]
 [-4.32160318e-01 -7.52225667e-02  4.69102144e-01]
 [-3.00795913e-01 -2.16363668e-02  8.30384791e-02]
 [-4.23928261e-01  2.04074085e-02  0.00000000e+00]
 [ 1.46244308e-02 -7.83117115e-03  6.95048273e-01]
 [ 1.00723337e-02  8.10453296e-03  9.56255078e-01]
 [-1.40265122e-01  5.29773235e-02  1.00193942e+00]
 [-3.92106697e-02  2.93827653e-02  1.06274927e+00]
 [ 7.68537968e-02 -1.09867394e-01  9.29353833e-01]
 [ 2.11918890e-01 -3.50892812e-01  9.08711255e-01]
 [ 3.51497829e-01 -4.76564676e-01  9.58348274e-01]
 [-1.60009563e-02  1.24666393e-01  9.30788875e-01]
 [-1.89693540e-01  2.61000812e-01  1.04895067e+00]
 [-3.23812634e-01  2.04656065e-01  1.23722494e+00]]
[[ 0.          0.          0.40793374]
 [-0.00233953  0.12343466  0.41970226]
 [-0.4097129   0.16435304  0.43441856]
 [-0.24942191 -0.03083745  0.07636264]
 [-0.3624154  -0.03543913  0.        ]
 [ 0.0023865  -0.12345883  0.39649284]
 [-0.4234888  -0.09388714  0.4388558 ]
 [-0.45239174 -0.03905895  0.02152362]
 [-0.595978    0.0011597   0.00313631]
 [ 0.00712701  0.00247903  0.6404711 ]
 [-0.00548863  0.03310978  0.8996228 ]
 [-0.1545173   0.07460934  0.9302707 ]
 [-0.06215368  0.05168939  0.9950594 ]
 [ 0.06744137 -0.08512825  0.8915626 ]
 [ 0.21114409 -0.33498022  0.9228325 ]
 [ 0.32554942 -0.4345086   1.0511487 ]
 [-0.03581053  0.14447057  0.86493206]
 [-0.24933127  0.2763035   0.9507166 ]
 [-0.4269718   0.21567869  1.1165417 ]]
[[ 0.          0.          0.37237057]
 [-0.00354683  0.12077148  0.38149834]
 [-0.40374446  0.1442966   0.42240754]
 [-0.30600265 -0.05570549  0.05047008]
 [-0.425354   -0.06020841  0.        ]
 [ 0.00351332 -0.12080877  0.36356926]
 [-0.41583252 -0.11356325  0.41567138]
 [-0.54576135 -0.0625211   0.0256165 ]
 [-0.6915585  -0.03085595  0.04966739]
 [ 0.00133968  0.01269722  0.6057248 ]
 [-0.01780688  0.05740872  0.8623289 ]
 [-0.16284496  0.0987007   0.8821597 ]
 [-0.08067614  0.07984227  0.9499891 ]
 [ 0.05697987 -0.06108567  0.86694723]
 [ 0.17095616 -0.3304144   0.94102013]
 [ 0.23557848 -0.40827784  1.1089352 ]
 [-0.04985747  0.16290534  0.816087  ]
 [-0.284413    0.27857643  0.87886035]
 [-0.48268998  0.22331154  1.0263929 ]]
[[ 0.          0.          0.32899183]
 [-0.00402973  0.11833118  0.3394504 ]
 [-0.38983536  0.14499532  0.41085106]
 [-0.35688984 -0.01827168  0.02955437]
 [-0.48854977 -0.01812193  0.        ]
 [ 0.00394689 -0.11834994  0.31884602]
 [-0.4068582  -0.12546837  0.39578134]
 [-0.6014643  -0.04433019  0.05217838]
 [-0.7399633  -0.02441438  0.10821992]
 [-0.00775922  0.01651016  0.56422174]
 [-0.03374264  0.07584423  0.81734896]
 [-0.1725149   0.11775878  0.82445025]
 [-0.09808946  0.10489464  0.8917911 ]
 [ 0.03616063 -0.04446399  0.8328108 ]
 [ 0.09449148 -0.31460714  0.9462172 ]
 [ 0.10223313 -0.36204508  1.1300439 ]
 [-0.06402422  0.17705062  0.7641967 ]
 [-0.3138864   0.2692895   0.8015619 ]
 [-0.5267105   0.20712543  0.9198591 ]]
[[ 0.00000000e+00  0.00000000e+00  2.81409234e-01]
 [-3.62634659e-03  1.15071207e-01  2.92307436e-01]
 [-3.77953231e-01  1.45937011e-01  3.88994336e-01]
 [-4.31584746e-01  2.84400582e-02  0.00000000e+00]
 [-5.73658586e-01  2.92316079e-02  6.25848770e-04]
 [ 3.50537896e-03 -1.15117408e-01  2.70811051e-01]
 [-4.01447654e-01 -1.19366042e-01  3.64906132e-01]
 [-6.37520313e-01 -2.11920887e-02  8.98156464e-02]
 [-7.61744559e-01 -1.39831007e-02  1.72836393e-01]
 [-1.97830088e-02  1.68293715e-02  5.15306711e-01]
 [-5.41912168e-02  8.37054849e-02  7.64601707e-01]
 [-1.84470922e-01  1.27958864e-01  7.62426496e-01]
 [-1.14966765e-01  1.18099630e-01  8.29501390e-01]
 [ 2.28209049e-03 -3.89523506e-02  7.86558867e-01]
 [-2.96187140e-02 -2.97122478e-01  9.21702385e-01]
 [-8.88334662e-02 -3.16970885e-01  1.10330057e+00]
 [-7.57562220e-02  1.82206959e-01  7.08279312e-01]
 [-3.28329384e-01  2.70939499e-01  7.13115692e-01]
 [-5.53100586e-01  2.01836556e-01  7.95820236e-01]]
[[ 0.          0.          0.27217114]
 [-0.00494463  0.11066943  0.28259218]
 [-0.36925727  0.150401    0.3832925 ]
 [-0.51314676  0.05400798  0.        ]
 [-0.6572486   0.05424508  0.03042212]
 [ 0.00480732 -0.11075624  0.26201952]
 [-0.3903931  -0.11749844  0.36282623]
 [-0.6551893  -0.03239059  0.14793563]
 [-0.7618718  -0.03386925  0.24168351]
 [-0.03367195  0.01565802  0.502472  ]
 [-0.07815862  0.08081058  0.74769753]
 [-0.20133337  0.12674665  0.7373698 ]
 [-0.13500994  0.11884499  0.80640066]
 [-0.03235737 -0.04135227  0.7670628 ]
 [-0.15737358 -0.26200002  0.8923976 ]
 [-0.26939583 -0.25650305  1.0524901 ]
 [-0.09422722  0.17458323  0.6932732 ]
 [-0.34423625  0.2637403   0.6697339 ]
 [-0.57685053  0.18336904  0.7215456 ]]
[[ 0.          0.          0.25741616]
 [-0.00368436  0.10944141  0.2675287 ]
 [-0.3647249   0.15937889  0.3550039 ]
 [-0.58504176  0.07346542  0.        ]
 [-0.7225387   0.07023712  0.05363199]
 [ 0.00352267 -0.10956252  0.24755304]
 [-0.38046998 -0.10942084  0.3438577 ]
 [-0.65358746 -0.02630059  0.18631262]
 [-0.747504   -0.03059822  0.27962607]
 [-0.0469263   0.00580765  0.48146045]
 [-0.10115278  0.06131926  0.72067773]
 [-0.22361663  0.10930791  0.70391357]
 [-0.15956786  0.10163009  0.77445734]
 [-0.06440378 -0.06139868  0.7327579 ]
 [-0.25788364 -0.22812709  0.82075465]
 [-0.3956874  -0.18154061  0.9463997 ]
 [-0.11285087  0.15667373  0.6720716 ]
 [-0.35321933  0.24033743  0.6221033 ]
 [-0.5859255   0.14463013  0.6515707 ]]
[[ 0.          0.          0.24028559]
 [-0.00481026  0.10590003  0.24908677]
 [-0.3678034   0.15400995  0.32230273]
 [-0.6390315   0.06869997  0.        ]
 [-0.7657945   0.06046988  0.06799336]
 [ 0.00462602 -0.10605838  0.23170297]
 [-0.3718229  -0.10868591  0.32215425]
 [-0.6530205  -0.04731018  0.20493938]
 [-0.74075544 -0.05444393  0.29462117]
 [-0.0538395   0.00332455  0.45952684]
 [-0.11580163  0.05242252  0.69364387]
 [-0.24079365  0.10022566  0.67251927]
 [-0.17864978  0.09285516  0.745075  ]
 [-0.08149093 -0.06974339  0.6991954 ]
 [-0.309094   -0.19168639  0.7398605 ]
 [-0.47231483 -0.1320458   0.8307216 ]
 [-0.12509096  0.14980248  0.65050733]
 [-0.35285762  0.23104429  0.5756671 ]
 [-0.579255    0.12460464  0.5879825 ]]
[[ 0.          0.          0.2212763 ]
 [-0.00627455  0.10434888  0.22825581]
 [-0.37372565  0.15368946  0.29059985]
 [-0.67952675  0.07183192  0.        ]
 [-0.79695994  0.05860732  0.07480545]
 [ 0.00607464 -0.10452863  0.21448332]
 [-0.36819333 -0.10332747  0.30349192]
 [-0.65722203 -0.0598466   0.21635766]
 [-0.74101657 -0.06847347  0.30469233]
 [-0.0576062   0.00204381  0.43678093]
 [-0.12621549  0.04448944  0.6651526 ]
 [-0.2553991   0.09285623  0.6395417 ]
 [-0.19291852  0.08648425  0.71244323]
 [-0.0916845  -0.07650414  0.66610783]
 [-0.34019744 -0.16490304  0.65138316]
 [-0.52400935 -0.08554798  0.7108636 ]
 [-0.13558668  0.14189833  0.6267036 ]
 [-0.35434735  0.19936353  0.5285445 ]
 [-0.57152665  0.08424157  0.525254  ]]
[[ 0.          0.          0.2013565 ]
 [-0.00833805  0.10397761  0.20825395]
 [-0.37708235  0.16631082  0.2606602 ]
 [-0.7120667   0.06823367  0.        ]
 [-0.8233566   0.05105433  0.07835108]
 [ 0.00811685 -0.10416603  0.19458489]
 [-0.36440212 -0.11113447  0.2836787 ]
 [-0.6645628  -0.08339664  0.21126586]
 [-0.74885297 -0.09539413  0.29694834]
 [-0.05743504  0.001801    0.41122526]
 [-0.12974623  0.03950024  0.6346837 ]
 [-0.2647059   0.09323105  0.60968924]
 [-0.2003437   0.08849186  0.6824045 ]
 [-0.08949761 -0.08145097  0.6285614 ]
 [-0.34708965 -0.12781106  0.5202261 ]
 [-0.5730164  -0.03988707  0.5447699 ]
 [-0.14332244  0.13784611  0.60024565]
 [-0.34963644  0.18692464  0.47455218]
 [-0.5742743   0.07646349  0.4549887 ]]
[[ 0.          0.          0.18825698]
 [-0.00879568  0.10266569  0.19464836]
 [-0.37634176  0.17137751  0.25437632]
 [-0.71339935  0.08344886  0.        ]
 [-0.8241861   0.06813268  0.07966074]
 [ 0.00857116 -0.10285287  0.181909  ]
 [-0.36358246 -0.11294112  0.2771282 ]
 [-0.67101026 -0.0970685   0.2041102 ]
 [-0.7557546  -0.11080989  0.28822073]
 [-0.05450878  0.00852852  0.39597768]
 [-0.12615496  0.04933527  0.6176486 ]
 [-0.26287818  0.10211217  0.59304625]
 [-0.19832903  0.09911776  0.66497165]
 [-0.08384374 -0.07105932  0.61005867]
 [-0.34247994 -0.09875366  0.4822789 ]
 [-0.5725977  -0.00399393  0.49144447]
 [-0.14067036  0.14616537  0.58356416]
 [-0.34533677  0.18599972  0.4525634 ]
 [-0.56939924  0.07430263  0.42276627]]
[[ 0.          0.          0.18800896]
 [-0.01006068  0.10472599  0.19519617]
 [-0.37421113  0.1843997   0.26316997]
 [-0.7080637   0.10652372  0.        ]
 [-0.8222802   0.09496471  0.08265087]
 [ 0.00983284 -0.10488276  0.1807833 ]
 [-0.36255974 -0.11019021  0.28406504]
 [-0.66910625 -0.08945359  0.20199454]
 [-0.7584387  -0.10698852  0.2830129 ]
 [-0.05266441  0.0068633   0.3947956 ]
 [-0.12061301  0.04925579  0.6181338 ]
 [-0.2600371   0.10336736  0.597072  ]
 [-0.19158426  0.10036004  0.66914546]
 [-0.07735241 -0.07086125  0.60973674]
 [-0.33165616 -0.07605588  0.46076903]
 [-0.5646821   0.02160949  0.45043203]
 [-0.13692492  0.14728463  0.584219  ]
 [-0.34100643  0.17173235  0.44121265]
 [-0.5526483   0.05227834  0.3967436 ]]
[[ 0.          0.          0.1797533 ]
 [-0.00937176  0.11141898  0.18964621]
 [-0.3889591   0.22275513  0.3016939 ]
 [-0.67793465  0.17490736  0.        ]
 [-0.807698    0.17501299  0.09193538]
 [ 0.00920649 -0.11150331  0.16967241]
 [-0.37665558 -0.12053066  0.34171224]
 [-0.67648625 -0.10098153  0.18890688]
 [-0.7833058  -0.127274    0.2646606 ]
 [-0.03457533  0.01467489  0.38392308]
 [-0.0854973   0.06593063  0.6122825 ]
 [-0.23468947  0.11604908  0.6031343 ]
 [-0.15882051  0.10858053  0.67361414]
 [-0.03212094 -0.06402177  0.60587215]
 [-0.27511063 -0.06300566  0.43567026]
 [-0.47977746  0.03258473  0.4411896 ]
 [-0.11057201  0.16518536  0.5739436 ]
 [-0.30785936  0.20306689  0.4065237 ]
 [-0.51902974  0.08315933  0.3513419 ]]
[[ 0.          0.          0.13799477]
 [-0.00239363  0.11830514  0.13732302]
 [-0.37925848  0.32068032  0.3208297 ]
 [-0.4852544   0.32505932  0.        ]
 [-0.63302755  0.35864156  0.05627467]
 [ 0.00242712 -0.11830743  0.1380955 ]
 [-0.39000988 -0.10587853  0.38365722]
 [-0.5687405  -0.13658997  0.10165197]
 [-0.69151187 -0.12755212  0.11570761]
 [ 0.05925687  0.05656886  0.32240182]
 [ 0.10247027  0.1423114   0.5404419 ]
 [-0.05241762  0.18727827  0.57170117]
 [ 0.04712991  0.16615295  0.638562  ]
 [ 0.14981073 -0.00201747  0.5269938 ]
 [-0.01417923 -0.01186547  0.29583696]
 [-0.17548518  0.01707737  0.35344285]
 [ 0.07209209  0.24261627  0.49040547]
 [-0.09208664  0.31917918  0.2559073 ]
 [-0.3336961   0.23035133  0.21627569]]
[[ 0.          0.          0.09316266]
 [ 0.0080329   0.10647195  0.0594699 ]
 [-0.328539    0.3428622   0.30965784]
 [-0.34324017  0.19225965  0.        ]
 [-0.48540986  0.24833968  0.0246307 ]
 [-0.00777665 -0.10648529  0.12622312]
 [-0.3713428  -0.07790986  0.33267394]
 [-0.4445408  -0.20655775  0.03217518]
 [-0.5894971  -0.15155149  0.00732672]
 [ 0.13197476  0.06825973  0.242731  ]
 [ 0.25630337  0.16192764  0.43244904]
 [ 0.12884702  0.21064967  0.5071391 ]
 [ 0.22914396  0.18630311  0.5687079 ]
 [ 0.27882016  0.01963902  0.40955853]
 [ 0.1775881   0.0048009   0.1516156 ]
 [ 0.04113933 -0.03560041  0.0612657 ]
 [ 0.23071453  0.26355302  0.36638695]
 [ 0.08694012  0.36079252  0.12569961]
 [-0.12771457  0.36004704  0.06726134]]
[[ 0.          0.          0.10278937]
 [-0.00662784  0.09981908  0.06403624]
 [-0.3253016   0.32618457  0.35266072]
 [-0.32129472  0.03026596  0.05027127]
 [-0.4478463   0.06272749  0.04418245]
 [ 0.00687584 -0.09988825  0.14085767]
 [-0.3652558  -0.11669415  0.3537918 ]
 [-0.43491364 -0.35233787  0.05655494]
 [-0.57528096 -0.33620033  0.03626385]
 [ 0.16645652  0.06631248  0.21655102]
 [ 0.3296713   0.16198674  0.36963668]
 [ 0.22000052  0.20564729  0.4669673 ]
 [ 0.32529     0.18870911  0.5183131 ]
 [ 0.35070547  0.02378443  0.34643498]
 [ 0.24143147 -0.02424104  0.10834527]
 [ 0.09004922 -0.13298722  0.        ]
 [ 0.2965612   0.26682588  0.30078918]
 [ 0.15433064  0.3798646   0.07691094]
 [-0.06567636  0.41837046  0.03935128]]
[[ 0.          0.          0.1181978 ]
 [-0.01214507  0.09580698  0.07765886]
 [-0.32360595  0.3039148   0.34169352]
 [-0.2686945   0.03839964  0.08498035]
 [-0.3579235   0.06001718  0.02587546]
 [ 0.0124286  -0.09593923  0.1580692 ]
 [-0.37246865 -0.18382592  0.35944432]
 [-0.4257375  -0.5107058   0.09013379]
 [-0.5498732  -0.53212535  0.09314144]
 [ 0.19913228  0.06948546  0.17060508]
 [ 0.4048528   0.18361633  0.26902714]
 [ 0.3202016   0.21684104  0.37954772]
 [ 0.42207515  0.21017694  0.4183389 ]
 [ 0.42811182  0.04152715  0.25924215]
 [ 0.29140735 -0.11550653  0.21898885]
 [ 0.18984994 -0.23250778  0.26450017]
 [ 0.35793656  0.28190815  0.19801056]
 [ 0.22094545  0.40442783  0.        ]
 [-0.04482263  0.44963512  0.00880054]]
[[ 0.          0.          0.17002858]
 [-0.02269385  0.08841938  0.12895942]
 [-0.36397988  0.28945896  0.33200717]
 [-0.26118845  0.07070262  0.10175748]
 [-0.26028484  0.05252689  0.03463428]
 [ 0.02297755 -0.08852626  0.2104921 ]
 [-0.3923818  -0.20593543  0.38295007]
 [-0.47120324 -0.5808245   0.18249734]
 [-0.5974829  -0.6146337   0.16511954]
 [ 0.20906672  0.07171939  0.18890645]
 [ 0.421409    0.17723548  0.25391638]
 [ 0.3388794   0.21829255  0.36942697]
 [ 0.44651717  0.21054375  0.39469534]
 [ 0.44437775  0.04714756  0.22765754]
 [ 0.361445   -0.05029073  0.039822  ]
 [ 0.24095783 -0.18949956  0.        ]
 [ 0.38136905  0.28017855  0.19451632]
 [ 0.26427007  0.46340483  0.04764156]
 [-0.01533669  0.49900675  0.14093931]]
