[[ 0.00000000e+00  0.00000000e+00  6.94839478e-01]
 [ 1.06802955e-01  5.09177260e-02  7.10465074e-01]
 [ 2.37662852e-01  3.53509307e-01  4.20088828e-01]
 [ 4.35139805e-01  3.33923042e-01  9.27393436e-02]
 [ 3.56937766e-01  4.41061467e-01  0.00000000e+00]
 [-1.06875435e-01 -5.06210737e-02  6.79150879e-01]
 [-2.26788580e-01  2.96029389e-01  5.66745579e-01]
 [-1.30027130e-01  1.39398575e-01  1.50529861e-01]
 [-1.72396839e-01  2.28446245e-01  2.58061886e-02]
 [-2.35273242e-02  4.71739620e-02  9.06031847e-01]
 [-6.32894114e-02  1.20031774e-01  1.14180160e+00]
 [-1.42871976e-01  1.62481755e-01  1.19884515e+00]
 [-1.37290075e-01  7.10352659e-02  1.23713160e+00]
 [-1.96446806e-01  7.94635713e-02  1.12704206e+00]
 [-1.55061007e-01 -4.94673252e-02  9.46456909e-01]
 [-1.13025844e-01  5.91088384e-02  8.51180673e-01]
 [ 8.66723657e-02  1.50049746e-01  1.09849322e+00]
 [-1.74053013e-04  2.45647997e-01  8.39800000e-01]
 [-2.19500154e-01  2.99576044e-01  8.81178737e-01]]
[[ 0.          0.          0.66480434]
 [ 0.10386544  0.05767925  0.67780465]
 [ 0.26508984  0.34424755  0.38735315]
 [ 0.5019878   0.3038182   0.11234987]
 [ 0.45003048  0.40326288  0.        ]
 [-0.10397011 -0.05743192  0.6518432 ]
 [-0.24954188  0.2707464   0.5597349 ]
 [-0.19365227  0.17864504  0.11927068]
 [-0.26254773  0.2665573   0.01527995]
 [-0.03272035  0.04038793  0.87915516]
 [-0.07897007  0.10562241  1.1183134 ]
 [-0.16292757  0.14885044  1.1604043 ]
 [-0.15061462  0.06027544  1.2056608 ]
 [-0.20931256  0.05850169  1.1112268 ]
 [-0.2557544  -0.05450806  0.98632   ]
 [-0.24164277  0.10349193  0.9732604 ]
 [ 0.06784975  0.14867008  1.0809393 ]
 [-0.04294614  0.27342802  0.8498677 ]
 [-0.21838683  0.30000708  0.9850878 ]]
[[ 0.          0.          0.6154286 ]
 [ 0.10468943  0.06109287  0.62237865]
 [ 0.25880313  0.27584684  0.28231275]
 [ 0.50326455  0.09175903  0.18695801]
 [ 0.5260639   0.13972896  0.05106205]
 [-0.10483281 -0.0609162   0.60873604]
 [-0.24483722  0.25690424  0.49367398]
 [-0.27400398  0.3509153   0.05478805]
 [-0.36709046  0.44946635  0.        ]
 [-0.03158283  0.03063506  0.83173484]
 [-0.08485724  0.06872922  1.0738369 ]
 [-0.20129937  0.10523745  1.1087081 ]
 [-0.17813449  0.03267646  1.1675224 ]
 [-0.18509495  0.00441679  1.0492026 ]
 [-0.1317198  -0.11352761  0.8485111 ]
 [-0.2804905  -0.0391255   0.9863018 ]
 [ 0.04934926  0.13261771  1.0484254 ]
 [-0.02087194  0.26961613  0.82535183]
 [-0.1541898   0.28619152  0.997918  ]]
[[ 0.          0.          0.61175394]
 [ 0.10765372  0.05929819  0.6215845 ]
 [ 0.19573839  0.2576247   0.26116765]
 [ 0.43772876  0.03342319  0.2511291 ]
 [ 0.47448793  0.06330273  0.13552937]
 [-0.10775451 -0.05915841  0.60222787]
 [-0.22602224  0.2931958   0.43407226]
 [-0.2638893   0.46553615  0.0262112 ]
 [-0.35674357  0.56475455  0.        ]
 [-0.04363618  0.04120098  0.82564527]
 [-0.11011292  0.09062779  1.0604565 ]
 [-0.2341358   0.12166411  1.0804117 ]
 [-0.21093231  0.04591841  1.1360804 ]
 [-0.22312206  0.04074007  1.0446428 ]
 [-0.17649955 -0.09348962  0.8692122 ]
 [-0.259347    0.00574258  0.85576475]
 [ 0.0376149   0.12947124  1.040946  ]
 [ 0.0602333   0.21036498  0.7892269 ]
 [-0.06734926  0.31436598  0.8340391 ]]
[[ 0.          0.          0.6577118 ]
 [ 0.1078684   0.05670714  0.6680724 ]
 [ 0.10650229  0.24218471  0.29599953]
 [ 0.32021227 -0.03092054  0.28220665]
 [ 0.35608283 -0.00881642  0.14980328]
 [-0.10797682 -0.05655171  0.64755166]
 [-0.18732134  0.29188704  0.42272913]
 [-0.18763542  0.4924708   0.02916306]
 [-0.27367938  0.6104342   0.        ]
 [-0.0455384   0.05997722  0.86504585]
 [-0.1190069   0.12395537  1.0916429 ]
 [-0.23898837  0.15612343  1.118959  ]
 [-0.21937418  0.07655489  1.1732914 ]
 [-0.23566502  0.07981533  1.0698597 ]
 [-0.15721627 -0.04356763  0.86636055]
 [-0.17666987  0.05418782  0.73144966]
 [ 0.03720595  0.14722121  1.0765857 ]
 [ 0.12217397  0.15293102  0.82387835]
 [ 0.07586606  0.28748694  0.7256142 ]]
[[ 0.00000000e+00  0.00000000e+00  7.33373761e-01]
 [ 1.00982994e-01  6.28518611e-02  7.44190276e-01]
 [-1.47199482e-02  2.83263147e-01  4.31001693e-01]
 [ 1.46442637e-01 -3.50118279e-02  2.99909353e-01]
 [ 1.63571239e-01  1.12168193e-02  1.45328760e-01]
 [-1.01101600e-01 -6.27404302e-02  7.22489417e-01]
 [-1.23229682e-01  2.39017159e-01  4.24763560e-01]
 [-2.90103257e-02  4.10555929e-01  4.95465994e-02]
 [-9.52362120e-02  5.51698565e-01  0.00000000e+00]
 [-4.05772775e-02  7.39377737e-02  9.35799539e-01]
 [-1.05669200e-01  1.55551076e-01  1.15629077e+00]
 [-2.17078000e-01  1.83256149e-01  1.20088875e+00]
 [-1.97496057e-01  1.07115984e-01  1.25518131e+00]
 [-2.27366030e-01  1.01855099e-01  1.13330269e+00]
 [-1.87682346e-01  8.40052962e-04  8.91916871e-01]
 [-2.00762630e-01  1.41667977e-01  7.00921893e-01]
 [ 4.80526388e-02  1.71533316e-01  1.13497674e+00]
 [ 1.96620584e-01  1.16237074e-01  9.20912504e-01]
 [ 2.82029927e-01  1.93477064e-01  7.19119191e-01]]
[[ 0.          0.          0.6952306 ]
 [ 0.08615513  0.06285765  0.7143892 ]
 [-0.13361841  0.32472384  0.5352516 ]
 [-0.04290882  0.07825354  0.22240573]
 [-0.08339523  0.15432227  0.08124012]
 [-0.08627127 -0.06292991  0.67560685]
 [ 0.002451    0.18620591  0.36054534]
 [ 0.211439    0.31107798  0.0776912 ]
 [ 0.15360168  0.44732505  0.        ]
 [-0.03925013  0.04798952  0.90540457]
 [-0.09027866  0.11885136  1.1382079 ]
 [-0.18334171  0.15714431  1.1922786 ]
 [-0.16801643  0.08185375  1.2463279 ]
 [-0.21934676  0.07712263  1.1178346 ]
 [-0.26717645  0.01580818  0.85622585]
 [-0.27198786  0.22483194  0.8146343 ]
 [ 0.05785369  0.11829773  1.1085172 ]
 [ 0.28193292  0.00644284  1.0150411 ]
 [ 0.46561432 -0.01128437  0.82918775]]
[[ 0.          0.          0.6437565 ]
 [ 0.08035992  0.05630928  0.66710126]
 [-0.18406445  0.31231844  0.5501018 ]
 [-0.16703823  0.18768954  0.15184739]
 [-0.24793154  0.26965368  0.04106617]
 [-0.08047037 -0.05654541  0.6197788 ]
 [ 0.08174123  0.15107846  0.311905  ]
 [ 0.34033924  0.20384279  0.11164606]
 [ 0.33320206  0.32424074  0.        ]
 [-0.0386813   0.007817    0.8640118 ]
 [-0.08292094  0.04294008  1.112665  ]
 [-0.15299824  0.09852067  1.1533594 ]
 [-0.1474126   0.01821661  1.212127  ]
 [-0.21783462  0.02373078  1.0939587 ]
 [-0.31446248  0.00957772  0.8395814 ]
 [-0.27288833  0.20946705  0.948853  ]
 [ 0.06543085  0.03340092  1.0856633 ]
 [ 0.3242479  -0.07783532  1.0580257 ]
 [ 0.5410428  -0.12574098  0.9093062 ]]
[[ 0.          0.          0.5772408 ]
 [ 0.08105291  0.05219905  0.60193825]
 [-0.18738627  0.30923435  0.4940898 ]
 [-0.20788589  0.28497556  0.07549274]
 [-0.29671538  0.38462022  0.        ]
 [-0.08118586 -0.05246611  0.55188376]
 [ 0.08799461  0.13009864  0.23262432]
 [ 0.38013142  0.11812216  0.12092006]
 [ 0.42223537  0.23111236  0.00377089]
 [-0.03478533 -0.00481099  0.8002383 ]
 [-0.07482332  0.02145779  1.0482517 ]
 [-0.13685292  0.08466011  1.0788159 ]
 [-0.13567068  0.00346577  1.1393247 ]
 [-0.21172306  0.01353881  1.0327852 ]
 [-0.32700688  0.01618136  0.78886265]
 [-0.2529458   0.18780804  0.93986   ]
 [ 0.07247364  0.00758299  1.0246892 ]
 [ 0.32968926 -0.12137786  1.0085764 ]
 [ 0.5472312  -0.16574699  0.86865115]]
[[ 0.          0.          0.55124986]
 [ 0.08454491  0.05297238  0.5734386 ]
 [-0.1567151   0.3400751   0.44831645]
 [-0.19871372  0.42619586  0.03844917]
 [-0.29047784  0.5308378   0.        ]
 [-0.08473278 -0.05320756  0.5284    ]
 [ 0.05526033  0.09473011  0.18759045]
 [ 0.3787306  -0.00794634  0.16685712]
 [ 0.4676173   0.08201331  0.0616523 ]
 [-0.02836552  0.0037425   0.7746936 ]
 [-0.06370281  0.03962511  1.0192046 ]
 [-0.12758037  0.09720808  1.0435988 ]
 [-0.12419011  0.01941258  1.1037205 ]
 [-0.20000689  0.02885956  1.0091429 ]
 [-0.3155957   0.0100534   0.7751477 ]
 [-0.22867948  0.19868919  0.90089417]
 [ 0.08193969  0.02977186  0.992389  ]
 [ 0.32450247 -0.11060923  0.9521953 ]
 [ 0.5152652  -0.13499096  0.79205495]]
[[ 0.          0.          0.60616136]
 [ 0.08932514  0.06261853  0.62761396]
 [-0.08968422  0.3831622   0.42656648]
 [-0.1176382   0.52316505  0.0263859 ]
 [-0.20683509  0.6300293   0.        ]
 [-0.08959829 -0.06275605  0.5840843 ]
 [-0.0261798   0.06161007  0.21070266]
 [ 0.30595043 -0.12552583  0.22328994]
 [ 0.42556894 -0.05333847  0.12765625]
 [-0.01591754  0.04386714  0.8233572 ]
 [-0.04274191  0.11985996  1.0571635 ]
 [-0.11618657  0.17064974  1.0846164 ]
 [-0.10523778  0.09982938  1.1504676 ]
 [-0.17818317  0.0821867   1.0541546 ]
 [-0.26864678 -0.00942728  0.83597964]
 [-0.22078443  0.21209818  0.8005531 ]
 [ 0.10221063  0.11914518  1.0196292 ]
 [ 0.3155313  -0.02012697  0.91113913]
 [ 0.4265158   0.00723484  0.69217825]]
[[ 0.          0.          0.6738446 ]
 [ 0.09438345  0.06743937  0.6941996 ]
 [-0.02748586  0.39367056  0.44594687]
 [-0.02389     0.4954906   0.03605723]
 [-0.11192739  0.6116913   0.        ]
 [-0.09459915 -0.06748509  0.6529032 ]
 [-0.09596106  0.10592318  0.290531  ]
 [ 0.21884465 -0.13873988  0.26899076]
 [ 0.33344245 -0.06505799  0.16613287]
 [-0.00963928  0.07218087  0.88059366]
 [-0.03493505  0.17151242  1.1040199 ]
 [-0.1167836   0.21148008  1.144205  ]
 [-0.10285965  0.14083773  1.2109332 ]
 [-0.16613388  0.11709195  1.0970925 ]
 [-0.2341305  -0.00372097  0.8722514 ]
 [-0.2276274   0.169817    0.7303149 ]
 [ 0.10720614  0.17671293  1.0627592 ]
 [ 0.28127253  0.06968701  0.8956235 ]
 [ 0.3249607   0.18082488  0.6753614 ]]
[[ 0.00000000e+00  0.00000000e+00  7.19806910e-01]
 [ 1.04347631e-01  6.08700849e-02  7.36061692e-01]
 [ 9.40892845e-02  4.00733083e-01  4.50164437e-01]
 [ 1.80898950e-01  4.77939337e-01  6.00714087e-02]
 [ 9.32432488e-02  6.00160241e-01  0.00000000e+00]
 [-1.04528464e-01 -6.07455224e-02  7.03246832e-01]
 [-1.84475422e-01  2.20419720e-01  4.33349192e-01]
 [ 6.43417686e-02 -7.98459053e-02  2.68215656e-01]
 [ 1.34358168e-01 -2.49720812e-02  1.44809484e-01]
 [-1.00549161e-02  7.84198046e-02  9.20759439e-01]
 [-3.08341235e-02  1.86658561e-01  1.14399576e+00]
 [-1.14500433e-01  2.25102782e-01  1.20099592e+00]
 [-9.71206725e-02  1.47277772e-01  1.26183736e+00]
 [-1.65669829e-01  1.29467845e-01  1.13414216e+00]
 [-1.93298995e-01  1.16422772e-04  8.99434865e-01]
 [-1.64039284e-01  1.66525096e-01  7.40345716e-01]
 [ 1.10988490e-01  1.98273391e-01  1.09413028e+00]
 [ 1.69957206e-01  1.43259853e-01  8.45277727e-01]
 [ 1.06579646e-01  3.44267040e-01  7.20200241e-01]]
[[ 0.          0.          0.6951659 ]
 [ 0.10641637  0.0565483   0.7068942 ]
 [ 0.22852547  0.35731927  0.41338447]
 [ 0.43519968  0.35096171  0.09698999]
 [ 0.3748353   0.45998833  0.        ]
 [-0.10655129 -0.05624415  0.683383  ]
 [-0.24372637  0.2844914   0.5637441 ]
 [-0.15963134  0.117374    0.16044539]
 [-0.21178216  0.20534804  0.04563117]
 [-0.02210759  0.04403409  0.9061458 ]
 [-0.05719157  0.10886753  1.1460178 ]
 [-0.13862613  0.14853656  1.2057006 ]
 [-0.1266593   0.05808038  1.254516  ]
 [-0.18427645  0.06115174  1.134486  ]
 [-0.08350696 -0.08568007  0.9543786 ]
 [-0.07779187  0.02415514  0.8684206 ]
 [ 0.08734235  0.14637536  1.0972914 ]
 [ 0.01413327  0.25954157  0.8585067 ]
 [-0.16731268  0.3304553   0.93002325]]
[[ 0.          0.          0.6593646 ]
 [ 0.10097381  0.05852268  0.67040086]
 [ 0.2719005   0.3224346   0.37837774]
 [ 0.52010274  0.30863667  0.11719733]
 [ 0.49198896  0.39856598  0.        ]
 [-0.10107876 -0.05819584  0.64839715]
 [-0.2411415   0.23895808  0.54814684]
 [-0.24272367  0.20996106  0.10811996]
 [-0.32225585  0.3059739   0.02542037]
 [-0.03048003  0.01884542  0.8735634 ]
 [-0.07369468  0.05321261  1.1190199 ]
 [-0.1451989   0.10334229  1.1681008 ]
 [-0.13658237  0.01291192  1.2201838 ]
 [-0.18272752  0.0184699   1.1109666 ]
 [ 0.03162189 -0.1060158   1.00581   ]
 [-0.03255785 -0.0803557   0.96422577]
 [ 0.06378839  0.10029235  1.0739758 ]
 [-0.04371369  0.2431652   0.8669933 ]
 [-0.19239587  0.24816263  1.0249269 ]]
[[ 0.0000000e+00  0.0000000e+00  5.9371871e-01]
 [ 1.0095155e-01  6.6111602e-02  6.0453808e-01]
 [ 2.4868843e-01  2.6820749e-01  2.6286751e-01]
 [ 5.2795911e-01  1.6186514e-01  1.5498888e-01]
 [ 5.4784095e-01  2.0965999e-01  3.5022914e-02]
 [-1.0104814e-01 -6.5852776e-02  5.8326584e-01]
 [-2.4655992e-01  2.3255394e-01  4.5621037e-01]
 [-2.9841483e-01  3.6320165e-01  4.0409446e-02]
 [-4.0336019e-01  4.5235544e-01  0.0000000e+00]
 [-3.3680961e-02  1.5855327e-02  8.0938154e-01]
 [-8.4273726e-02  4.7318399e-02  1.0526904e+00]
 [-1.9196895e-01  7.9620481e-02  1.0940719e+00]
 [-1.7047784e-01 -8.6337328e-04  1.1508582e+00]
 [-1.8018381e-01 -1.1600077e-02  1.0410128e+00]
 [-6.2930971e-02 -1.8775636e-01  1.0305188e+00]
 [-1.6231442e-02 -1.5935460e-01  9.2946821e-01]
 [ 4.3052357e-02  1.0930437e-01  1.0190139e+00]
 [-4.5182541e-02  2.4676625e-01  8.1841815e-01]
 [-1.6522396e-01  2.3681897e-01  9.8731512e-01]]
[[ 0.          0.          0.56505203]
 [ 0.10571059  0.05657158  0.5710148 ]
 [ 0.15110043  0.22424456  0.1965068 ]
 [ 0.39139953 -0.05019507  0.2489214 ]
 [ 0.45981956 -0.04031536  0.17048424]
 [-0.10578614 -0.05646747  0.55950826]
 [-0.20455092  0.30425063  0.38490158]
 [-0.2503904   0.53835094  0.01260263]
 [-0.3468457   0.64639246  0.        ]
 [-0.04563071  0.029221    0.77647364]
 [-0.10803771  0.06010434  1.0170437 ]
 [-0.21697749  0.09377477  1.0618277 ]
 [-0.1953386   0.0168699   1.1205866 ]
 [-0.21853836  0.02272803  0.995284  ]
 [-0.13991758 -0.07890414  0.8040367 ]
 [-0.12535438 -0.02757967  0.70314753]
 [ 0.03301077  0.09550878  0.9843806 ]
 [ 0.05518817  0.1742636   0.7324269 ]
 [-0.05458531  0.27849486  0.75449586]]
[[ 0.          0.          0.6135572 ]
 [ 0.10515967  0.0542424   0.6187944 ]
 [ 0.08402006  0.21319668  0.242491  ]
 [ 0.30901265 -0.0999043   0.30045474]
 [ 0.38768604 -0.10387149  0.21631542]
 [-0.10526064 -0.05415639  0.6086711 ]
 [-0.17398939  0.30995047  0.39156193]
 [-0.17712018  0.54289526  0.02263975]
 [-0.2564988   0.6753643   0.        ]
 [-0.04351207  0.0469972   0.8218442 ]
 [-0.10668695  0.08546263  1.059253  ]
 [-0.2188454   0.11163735  1.1118834 ]
 [-0.19815245  0.03339416  1.1652311 ]
 [-0.22288066  0.04590341  1.033732  ]
 [-0.1418711  -0.045792    0.8193638 ]
 [-0.13142389  0.03486301  0.68688613]
 [ 0.03933856  0.11191711  1.0265582 ]
 [ 0.11022007  0.1472581   0.7706278 ]
 [ 0.05725362  0.29361647  0.6981233 ]]
[[ 0.          0.          0.66210425]
 [ 0.09904397  0.06254815  0.67018735]
 [-0.02095114  0.2361258   0.34860185]
 [ 0.20379135 -0.08584696  0.35166937]
 [ 0.26778004 -0.07598352  0.23546457]
 [-0.09918639 -0.06244789  0.654188  ]
 [-0.12360393  0.27112967  0.38477367]
 [-0.05006802  0.50159556  0.03480148]
 [-0.12250504  0.6464509   0.        ]
 [-0.03776797  0.05571941  0.8696339 ]
 [-0.09436649  0.1046412   1.1100754 ]
 [-0.20718959  0.12463146  1.1814393 ]
 [-0.17819278  0.04450309  1.228241  ]
 [-0.21762586  0.05480847  1.0869815 ]
 [-0.1719554  -0.04087946  0.844417  ]
 [-0.19109863  0.11146255  0.70635056]
 [ 0.05263788  0.12786642  1.0725217 ]
 [ 0.17119357  0.11611374  0.837048  ]
 [ 0.20360678  0.24584079  0.6853729 ]]
[[ 0.          0.          0.6515436 ]
 [ 0.08356123  0.06320368  0.6664667 ]
 [-0.15165034  0.3266418   0.51743126]
 [-0.01593396  0.0764479   0.26774105]
 [-0.03165747  0.15063265  0.1192168 ]
 [-0.08363289 -0.06326972  0.63627654]
 [ 0.01309811  0.19185032  0.3331289 ]
 [ 0.23923825  0.40053678  0.06296885]
 [ 0.18442899  0.5458026   0.        ]
 [-0.03812842  0.02491787  0.8631252 ]
 [-0.08173992  0.06012806  1.1114082 ]
 [-0.18231654  0.08575493  1.1955397 ]
 [-0.14737675  0.00587136  1.2394114 ]
 [-0.2107974   0.02051333  1.0804513 ]
 [-0.257778   -0.01137319  0.8141355 ]
 [-0.26700145  0.19660592  0.8311476 ]
 [ 0.05567177  0.0713526   1.0674207 ]
 [ 0.25194946  0.01568341  0.9646433 ]
 [ 0.39388788  0.10273728  0.82214665]]
[[ 0.          0.          0.6038785 ]
 [ 0.07919803  0.05760127  0.6239535 ]
 [-0.20367575  0.31084207  0.54040396]
 [-0.17307904  0.1861723   0.15150735]
 [-0.2506703   0.28012618  0.04201722]
 [-0.07928224 -0.05782268  0.5831901 ]
 [ 0.09132509  0.15687369  0.28260672]
 [ 0.37715334  0.2576982   0.09976637]
 [ 0.3851667   0.38608953  0.        ]
 [-0.03509643 -0.00176814  0.8215749 ]
 [-0.07347707  0.01587647  1.0767139 ]
 [-0.16075191  0.05410433  1.1505665 ]
 [-0.13256179 -0.02446938  1.2032984 ]
 [-0.20492932 -0.01017416  1.0428073 ]
 [-0.3050866  -0.00717844  0.7878344 ]
 [-0.27045897  0.17034546  0.94098717]
 [ 0.0679189   0.0213345   1.039157  ]
 [ 0.3163759  -0.0554226   0.9752376 ]
 [ 0.49553037 -0.05708401  0.78642297]]
[[ 0.0000000e+00  0.0000000e+00  5.4226893e-01]
 [ 7.9837970e-02  5.2196000e-02  5.6188774e-01]
 [-1.9085515e-01  3.2526463e-01  4.6687987e-01]
 [-2.2185454e-01  3.3315372e-01  6.3791543e-02]
 [-3.1269044e-01  4.4475478e-01  0.0000000e+00]
 [-7.9995245e-02 -5.2418351e-02  5.2198851e-01]
 [ 9.3648657e-02  1.4466065e-01  2.0650655e-01]
 [ 4.0931326e-01  1.6348803e-01  1.1719066e-01]
 [ 4.7400314e-01  2.7557811e-01  1.5864551e-02]
 [-2.8474458e-02  9.0341270e-04  7.6070189e-01]
 [-6.3967526e-02  1.8523932e-02  1.0138357e+00]
 [-1.5033695e-01  5.9893489e-02  1.0833058e+00]
 [-1.2920472e-01 -2.4676919e-02  1.1361972e+00]
 [-1.9465923e-01 -8.0823898e-05  9.8192430e-01]
 [-3.0626053e-01  8.8655204e-03  7.3758066e-01]
 [-2.4929315e-01  1.7116782e-01  9.1310149e-01]
 [ 7.6509282e-02  2.0037651e-02  9.7825986e-01]
 [ 3.3127135e-01 -7.3187470e-02  9.1083407e-01]
 [ 5.0039828e-01 -7.7475660e-02  7.0890129e-01]]
[[ 0.          0.          0.54535717]
 [ 0.08282772  0.05403752  0.56379205]
 [-0.14983115  0.35863215  0.41924524]
 [-0.20653895  0.47814882  0.02658558]
 [-0.29929733  0.5911907   0.        ]
 [-0.08307448 -0.05421852  0.52626264]
 [ 0.05281724  0.0961943   0.18307394]
 [ 0.3873528   0.02736646  0.16608739]
 [ 0.49979037  0.11868674  0.08187431]
 [-0.01825524  0.01568474  0.7620548 ]
 [-0.0498896   0.03803277  1.0121207 ]
 [-0.13822085  0.06683058  1.0873759 ]
 [-0.11375853 -0.01204729  1.1379988 ]
 [-0.17685108  0.01266375  0.98184884]
 [-0.2835905  -0.00731322  0.7411741 ]
 [-0.2220788   0.1782678   0.88164127]
 [ 0.08573443  0.04493749  0.9708495 ]
 [ 0.32375306 -0.05204105  0.864699  ]
 [ 0.4411467  -0.03176606  0.6375713 ]]
[[ 0.          0.          0.6136187 ]
 [ 0.08836006  0.06118669  0.63122857]
 [-0.05618484  0.40182248  0.41450515]
 [-0.0824284   0.55043435  0.02650124]
 [-0.17127177  0.6721193   0.        ]
 [-0.08860967 -0.06127028  0.5954363 ]
 [-0.04887787  0.05588505  0.22313586]
 [ 0.27015433 -0.13299584  0.24707484]
 [ 0.41145086 -0.06821465  0.18071657]
 [-0.00581481  0.05457371  0.82394457]
 [-0.02928508  0.10798985  1.0669765 ]
 [-0.12047651  0.12597752  1.1562505 ]
 [-0.08220705  0.05475676  1.2050002 ]
 [-0.1519817   0.05928066  1.0406958 ]
 [-0.22705936 -0.02895771  0.7950554 ]
 [-0.21226597  0.17504276  0.7419329 ]
 [ 0.09947451  0.12515053  1.0129232 ]
 [ 0.27415153  0.05530287  0.8243892 ]
 [ 0.278747    0.15478891  0.59945995]]
[[ 0.0000000e+00  0.0000000e+00  6.7819041e-01]
 [ 9.5263168e-02  6.7875721e-02  6.9463968e-01]
 [ 1.4958844e-02  4.0371338e-01  4.3838921e-01]
 [ 5.0197408e-02  5.1797271e-01  4.0889919e-02]
 [-3.9920300e-02  6.4482862e-01  0.0000000e+00]
 [-9.5451772e-02 -6.7841053e-02  6.6137356e-01]
 [-1.3192099e-01  9.6038818e-02  3.1093684e-01]
 [ 1.6139701e-01 -1.6307873e-01  3.0462041e-01]
 [ 2.8827804e-01 -1.0688773e-01  2.2004217e-01]
 [ 3.8392842e-04  6.5892279e-02  8.8502169e-01]
 [-1.9142024e-02  1.2863743e-01  1.1231480e+00]
 [-1.0760693e-01  1.4589888e-01  1.2204480e+00]
 [-6.7894682e-02  7.2252929e-02  1.2650492e+00]
 [-1.4274217e-01  6.4990252e-02  1.0953250e+00]
 [-1.9070682e-01 -3.4016743e-02  8.4507728e-01]
 [-1.8518727e-01  1.4772876e-01  7.1757364e-01]
 [ 1.0830496e-01  1.5703157e-01  1.0618091e+00]
 [ 2.1154019e-01  1.3270897e-01  8.1706101e-01]
 [ 1.4198199e-01  2.8597194e-01  6.3210273e-01]]
[[ 0.          0.          0.67773724]
 [ 0.10098957  0.06452087  0.6952224 ]
 [ 0.16434687  0.38316     0.4021569 ]
 [ 0.33274084  0.4722043   0.06709117]
 [ 0.2441806   0.60044724  0.        ]
 [-0.10113478 -0.0642753   0.66012055]
 [-0.24195623  0.22661392  0.4726463 ]
 [-0.03350849 -0.02020574  0.25196373]
 [-0.01639735  0.04798782  0.115861  ]
 [-0.00693409  0.04841165  0.88696307]
 [-0.02702959  0.09658062  1.1334624 ]
 [-0.11066245  0.11408937  1.234341  ]
 [-0.08035946  0.02907592  1.2684884 ]
 [-0.1581099   0.03148124  1.1084177 ]
 [-0.1471025  -0.07409617  0.8699199 ]
 [-0.15483314  0.10424011  0.75526494]
 [ 0.10358939  0.14260897  1.072319  ]
 [ 0.06930578  0.21941032  0.8190037 ]
 [-0.10067053  0.33350015  0.8229306 ]]
[[ 0.          0.          0.6548926 ]
 [ 0.09469012  0.06585677  0.6675962 ]
 [ 0.23919928  0.32960752  0.37061173]
 [ 0.49297845  0.31626448  0.10993409]
 [ 0.43992692  0.40917146  0.        ]
 [-0.09476659 -0.06558215  0.6423022 ]
 [-0.27270788  0.25910646  0.5508392 ]
 [-0.18983407  0.143145    0.15802711]
 [-0.24934566  0.23081467  0.04129553]
 [-0.02283236  0.02104647  0.86967444]
 [-0.05357352  0.04946402  1.1207901 ]
 [-0.13399796  0.06659031  1.2053831 ]
 [-0.10518621 -0.01690501  1.2419198 ]
 [-0.16902019 -0.00790745  1.1014507 ]
 [-0.08856917 -0.12572758  0.89489317]
 [-0.05833865 -0.01850596  0.79501605]
 [ 0.07065278  0.1099093   1.0675106 ]
 [-0.04787892  0.24171531  0.8502388 ]
 [-0.20706159  0.22603422  0.99272454]]
[[ 0.0000000e+00  0.0000000e+00  6.0008848e-01]
 [ 9.3069859e-02  6.4847648e-02  6.1070353e-01]
 [ 2.5769091e-01  2.9203379e-01  2.9717609e-01]
 [ 5.3361762e-01  2.2152361e-01  1.4924550e-01]
 [ 5.3419769e-01  2.7581134e-01  2.9528141e-04]
 [-9.3156412e-02 -6.4578854e-02  5.8971810e-01]
 [-2.6685297e-01  2.2866364e-01  4.8869035e-01]
 [-2.6865694e-01  2.7060536e-01  7.5893998e-02]
 [-3.5525507e-01  3.6095172e-01  0.0000000e+00]
 [-2.7467534e-02  1.5759468e-03  8.1697965e-01]
 [-6.3482761e-02  9.4070733e-03  1.0683836e+00]
 [-1.5279949e-01  3.0385017e-02  1.1466289e+00]
 [-1.2108022e-01 -4.8259139e-02  1.1867523e+00]
 [-1.6180302e-01 -3.8854629e-02  1.0485018e+00]
 [ 4.7642551e-03 -1.1487724e-01  8.5508478e-01]
 [-4.4029564e-02 -9.2975751e-02  8.3749360e-01]
 [ 5.3813852e-02  7.2828472e-02  1.0225499e+00]
 [-7.1617320e-02  2.1924841e-01  8.2808340e-01]
 [-1.7621249e-01  1.6688183e-01  1.0129423e+00]]
[[ 0.          0.          0.5409817 ]
 [ 0.09834276  0.05939852  0.55028784]
 [ 0.17557412  0.21388371  0.18728408]
 [ 0.44450396 -0.03360987  0.22339836]
 [ 0.518461   -0.01848596  0.13892847]
 [-0.09847178 -0.05926748  0.5320789 ]
 [-0.24056187  0.2647763   0.37158194]
 [-0.28410265  0.4945429   0.01417911]
 [-0.38186073  0.59194595  0.        ]
 [-0.04360937  0.00288707  0.75272566]
 [-0.09076819  0.00701529  1.0002671 ]
 [-0.18734458  0.02936816  1.0796741 ]
 [-0.14557852 -0.04622096  1.1305509 ]
 [-0.19886027 -0.03701058  0.97419333]
 [-0.12249887 -0.11999685  0.74714077]
 [-0.24625811 -0.05184951  0.8199745 ]
 [ 0.03471898  0.06348014  0.9556967 ]
 [ 0.00618098  0.20419481  0.73053604]
 [-0.11299028  0.25595403  0.8634807 ]]
[[ 0.          0.          0.5736683 ]
 [ 0.10182072  0.05312674  0.57957613]
 [ 0.05589473  0.20207693  0.22597593]
 [ 0.2981583  -0.12073177  0.30916816]
 [ 0.39407948 -0.13446444  0.26484302]
 [-0.10191141 -0.05303799  0.568221  ]
 [-0.17988625  0.31154874  0.3579318 ]
 [-0.17043689  0.5636174   0.01764965]
 [-0.2523213   0.70210886  0.        ]
 [-0.04046689  0.01834251  0.7833492 ]
 [-0.08792247  0.02634013  1.0312834 ]
 [-0.18476197  0.05064201  1.1286519 ]
 [-0.14789388 -0.03451449  1.170069  ]
 [-0.20375493 -0.01433685  1.0014356 ]
 [-0.13111669 -0.08176321  0.771232  ]
 [-0.14980629  0.0014204   0.66784835]
 [ 0.04362861  0.0642291   0.98188365]
 [ 0.10387496  0.13607666  0.72468084]
 [ 0.02834053  0.25762722  0.6560451 ]]
[[ 0.          0.          0.6211697 ]
 [ 0.09753577  0.05891827  0.6299695 ]
 [-0.04553065  0.22205661  0.3197053 ]
 [ 0.2039637  -0.11992472  0.3827519 ]
 [ 0.2946771  -0.12955034  0.3176018 ]
 [-0.09763709 -0.05883357  0.61270463]
 [-0.14338762  0.2816316   0.35943997]
 [-0.07033646  0.50103843  0.03148627]
 [-0.1517179   0.6567515   0.        ]
 [-0.03820794  0.02241059  0.83013296]
 [-0.08604218  0.03008142  1.0800146 ]
 [-0.18492547  0.05182379  1.1834463 ]
 [-0.13943776 -0.02695143  1.2264594 ]
 [-0.20221758 -0.02029994  1.0422447 ]
 [-0.14989418 -0.08155248  0.79123527]
 [-0.21051064  0.00237552  0.673318  ]
 [ 0.04260836  0.0692932   1.0260412 ]
 [ 0.14655684  0.11209764  0.7766478 ]
 [ 0.12313266  0.24614441  0.60295475]]
[[ 0.0000000e+00  0.0000000e+00  6.1275977e-01]
 [ 7.5633720e-02  7.0177980e-02  6.3027394e-01]
 [-1.7923874e-01  2.9896331e-01  4.7285241e-01]
 [ 1.8691923e-02  3.7862897e-02  3.1478882e-01]
 [ 2.7160797e-02  8.2475871e-02  1.8736362e-01]
 [-7.5685397e-02 -7.0253886e-02  5.9500009e-01]
 [-4.3864548e-04  2.0852196e-01  3.0442423e-01]
 [ 2.2741263e-01  4.2066446e-01  6.0245454e-02]
 [ 1.6146883e-01  5.7622129e-01  0.0000000e+00]
 [-3.2880511e-02  1.0203078e-02  8.2502216e-01]
 [-6.9947764e-02  1.9449919e-02  1.0792724e+00]
 [-1.6456285e-01  3.6104858e-02  1.1821182e+00]
 [-1.1770922e-01 -2.8618217e-02  1.2236853e+00]
 [-1.8433008e-01 -3.0926406e-02  1.0418018e+00]
 [-2.4690375e-01 -6.2749848e-02  7.7333570e-01]
 [-2.8456959e-01  9.2816889e-02  8.1073284e-01]
 [ 5.1404446e-02  5.4489583e-02  1.0261453e+00]
 [ 2.6691800e-01  4.7565386e-02  8.7630492e-01]
 [ 3.7394202e-01  1.4088652e-01  6.6134477e-01]]
[[ 0.          0.          0.5741701 ]
 [ 0.06744877  0.06148158  0.59473675]
 [-0.23631558  0.26340067  0.5205107 ]
 [-0.17229018  0.14105985  0.15293255]
 [-0.2549094   0.22500291  0.04957289]
 [-0.0674983  -0.06169629  0.5530042 ]
 [ 0.09421553  0.1512227   0.26060387]
 [ 0.40011907  0.29883525  0.10226488]
 [ 0.39857718  0.42839524  0.        ]
 [-0.03096415 -0.01796016  0.79248273]
 [-0.06035064 -0.01969829  1.0496938 ]
 [-0.15168932  0.00417912  1.1393317 ]
 [-0.10958417 -0.0643546   1.1845386 ]
 [-0.18001768 -0.05320486  1.0187584 ]
 [-0.29299438 -0.03105389  0.7662073 ]
 [-0.262492    0.11770788  0.936098  ]
 [ 0.06296873  0.00489372  1.0005437 ]
 [ 0.31617826 -0.03143266  0.91177994]
 [ 0.46317685 -0.0173537   0.68464816]]
[[ 0.0000000e+00  0.0000000e+00  5.2267063e-01]
 [ 7.1645096e-02  5.7808243e-02  5.4288983e-01]
 [-2.2281864e-01  2.7247298e-01  4.5501989e-01]
 [-2.4815220e-01  3.1640425e-01  5.7288677e-02]
 [-3.5185355e-01  4.2292362e-01  0.0000000e+00]
 [-7.1778327e-02 -5.8004409e-02  5.0179237e-01]
 [ 9.3961932e-02  1.3589202e-01  1.9244060e-01]
 [ 4.3474007e-01  1.8148836e-01  1.3093171e-01]
 [ 5.0234389e-01  2.9242212e-01  1.9856453e-02]
 [-2.7432963e-02 -1.8268585e-02  7.4176407e-01]
 [-5.4216631e-02 -2.0914465e-02  9.9796957e-01]
 [-1.4512236e-01  6.9880486e-03  1.0857677e+00]
 [-1.0167432e-01 -6.8449795e-02  1.1300392e+00]
 [-1.7738238e-01 -4.9378067e-02  9.6887499e-01]
 [-2.9645544e-01 -2.6504532e-02  7.2461510e-01]
 [-2.3794430e-01  1.1699024e-01  9.0462506e-01]
 [ 7.2998062e-02  1.1144578e-03  9.5040429e-01]
 [ 3.2388306e-01 -4.5629680e-02  8.6065608e-01]
 [ 4.4862467e-01 -1.5870318e-02  6.2878650e-01]]
[[ 0.          0.          0.52654135]
 [ 0.0777429   0.05942129  0.54515815]
 [-0.144245    0.3781582   0.39190203]
 [-0.20204753  0.53862303  0.01656532]
 [-0.30447036  0.6534767   0.        ]
 [-0.07799493 -0.05955886  0.50727504]
 [ 0.0340394   0.08706695  0.16145834]
 [ 0.38279358  0.03169003  0.18118909]
 [ 0.5072151   0.11752051  0.10459018]
 [-0.01597044  0.01121783  0.7427876 ]
 [-0.03991843  0.02516946  0.9959449 ]
 [-0.12933052  0.04381496  1.0904438 ]
 [-0.08429365 -0.02931827  1.1349573 ]
 [-0.16110203 -0.01300582  0.96747404]
 [-0.2688962  -0.04259096  0.7224822 ]
 [-0.22151542  0.15763518  0.8151618 ]
 [ 0.08391885  0.05124825  0.9402827 ]
 [ 0.30173707 -0.00153959  0.7988658 ]
 [ 0.35007817  0.07721097  0.5643612 ]]
[[ 0.          0.          0.6042515 ]
 [ 0.08313079  0.06635071  0.6211609 ]
 [-0.06787387  0.40365472  0.40246126]
 [-0.09284335  0.562434    0.02666336]
 [-0.1869868   0.68506557  0.        ]
 [-0.08341007 -0.06639995  0.5868312 ]
 [-0.06829084  0.05336919  0.22779152]
 [ 0.26853052 -0.10173225  0.2716881 ]
 [ 0.41957068 -0.03619492  0.20970458]
 [-0.00522055  0.03816053  0.81780785]
 [-0.02850632  0.0657135   1.0684713 ]
 [-0.12091479  0.07785255  1.1694148 ]
 [-0.0672553   0.01404428  1.2184224 ]
 [-0.14359945  0.01067874  1.0384526 ]
 [-0.22297773 -0.06590217  0.7900355 ]
 [-0.22793528  0.13967773  0.71899146]
 [ 0.08890249  0.10092157  1.0033538 ]
 [ 0.24857935  0.08170626  0.79711664]
 [ 0.2111031   0.1975032   0.5911505 ]]
[[ 0.00000000e+00  0.00000000e+00  6.66931450e-01]
 [ 9.20642316e-02  7.23955706e-02  6.80151463e-01]
 [ 1.55456662e-02  4.03463453e-01  4.22177136e-01]
 [ 5.52615374e-02  5.27964532e-01  4.18149829e-02]
 [-3.86882722e-02  6.55528307e-01  0.00000000e+00]
 [-9.22755525e-02 -7.23349825e-02  6.53426528e-01]
 [-1.63098201e-01  9.85201001e-02  3.37840885e-01]
 [ 1.50787562e-01 -1.33487582e-01  3.48198980e-01]
 [ 2.79049635e-01 -7.66525269e-02  2.57131249e-01]
 [-6.99590892e-04  4.93675470e-02  8.79843056e-01]
 [-1.84359252e-02  8.80059004e-02  1.13014829e+00]
 [-1.09230429e-01  1.01800442e-01  1.23537087e+00]
 [-5.21240458e-02  3.24109197e-02  1.27769661e+00]
 [-1.38063014e-01  1.98872387e-02  1.09853125e+00]
 [-1.91621363e-01 -5.98234087e-02  8.44157517e-01]
 [-1.82141125e-01  1.10319287e-01  6.95753217e-01]
 [ 1.01456344e-01  1.34105414e-01  1.06069589e+00]
 [ 1.77207530e-01  1.66039020e-01  8.07063043e-01]
 [ 7.28449076e-02  3.21299881e-01  6.78312540e-01]]
[[ 0.0000000e+00  0.0000000e+00  6.7862308e-01]
 [ 1.0168941e-01  6.8440385e-02  6.9155753e-01]
 [ 1.7258038e-01  3.7697583e-01  3.9879543e-01]
 [ 3.5762456e-01  4.5480955e-01  8.1475258e-02]
 [ 2.6339450e-01  5.7909471e-01  0.0000000e+00]
 [-1.0180299e-01 -6.8172008e-02  6.6559035e-01]
 [-2.6091909e-01  2.2965898e-01  4.9698287e-01]
 [-3.4847729e-02 -1.1389703e-02  2.8108662e-01]
 [-3.5457410e-02  5.4416478e-02  1.4363533e-01]
 [-4.8551299e-03  3.4490779e-02  8.9073581e-01]
 [-2.0104893e-02  6.7304343e-02  1.1432453e+00]
 [-1.0276602e-01  8.1493855e-02  1.2410009e+00]
 [-6.8143532e-02 -1.2215972e-03  1.2845201e+00]
 [-1.4714816e-01 -1.8983185e-03  1.1217562e+00]
 [-9.8957062e-02 -9.0008602e-02  8.7512457e-01]
 [-6.8917811e-02  2.6380442e-02  7.9022366e-01]
 [ 1.0525345e-01  1.2686932e-01  1.0768814e+00]
 [ 3.0936748e-02  2.2655159e-01  8.4150714e-01]
 [-1.4076550e-01  2.8246599e-01  8.8425171e-01]]
[[ 0.          0.          0.6628799 ]
 [ 0.0928596   0.07294167  0.6712362 ]
 [ 0.25205097  0.30675918  0.3728443 ]
 [ 0.5198833   0.28801653  0.12748104]
 [ 0.47050396  0.371974    0.        ]
 [-0.09289044 -0.07265235  0.6545998 ]
 [-0.2804392   0.23363146  0.54675215]
 [-0.18969703  0.13788569  0.16306502]
 [-0.25708216  0.22468647  0.05037981]
 [-0.00957064  0.0020584   0.87837005]
 [-0.02673744  0.00854981  1.1325088 ]
 [-0.11990868  0.02484405  1.2177682 ]
 [-0.07573054 -0.04899693  1.2647669 ]
 [-0.1264165  -0.05797026  1.1118778 ]
 [ 0.04234934 -0.1269941   0.89535224]
 [ 0.01346419 -0.12019733  0.8667332 ]
 [ 0.08232076  0.08517826  1.0723614 ]
 [-0.04720727  0.22949365  0.88250613]
 [-0.1800354   0.14798722  1.0330868 ]]
[[ 0.          0.          0.6040966 ]
 [ 0.09213163  0.07346518  0.6127061 ]
 [ 0.23976974  0.2681651   0.27991495]
 [ 0.5550835   0.1831783   0.16381145]
 [ 0.5612309   0.22832906  0.01200765]
 [-0.09218607 -0.07319142  0.59576744]
 [-0.27769047  0.20535398  0.46792808]
 [-0.27808154  0.25480738  0.06676173]
 [-0.37014347  0.35028112  0.        ]
 [-0.01431799 -0.01676692  0.8193494 ]
 [-0.03527427 -0.02764258  1.0711844 ]
 [-0.1374141  -0.00713217  1.1575599 ]
 [-0.08662715 -0.07564151  1.2077782 ]
 [-0.12390549 -0.09228203  1.046752  ]
 [ 0.04573239 -0.14429864  0.83518547]
 [ 0.01091605 -0.16921525  0.8277701 ]
 [ 0.06733292  0.05685043  1.0177648 ]
 [-0.04914564  0.20396575  0.8251339 ]
 [-0.15608084  0.1262939   0.99242   ]]
[[ 0.          0.          0.54552406]
 [ 0.09600094  0.06278533  0.55067337]
 [ 0.12092385  0.20623776  0.18312788]
 [ 0.40660548 -0.07286537  0.22868276]
 [ 0.5088463  -0.07542902  0.16074124]
 [-0.09606827 -0.06265426  0.54089713]
 [-0.2260581   0.2748456   0.35118964]
 [-0.2515312   0.5175113   0.00631106]
 [-0.36789632  0.6340383   0.        ]
 [-0.03394714 -0.00652264  0.75586325]
 [-0.07062492 -0.01393872  1.0061626 ]
 [-0.1657404   0.00614834  1.1027992 ]
 [-0.11901304 -0.06582642  1.1532328 ]
 [-0.17169963 -0.06768182  0.97979   ]
 [-0.09810128 -0.1256889   0.74897426]
 [-0.0997758  -0.05327367  0.6445945 ]
 [ 0.04111036  0.04785877  0.9476631 ]
 [ 0.05415325  0.17107245  0.7047787 ]
 [-0.07683939  0.27278644  0.72487116]]
[[ 0.          0.          0.5922878 ]
 [ 0.09244117  0.06087165  0.5976782 ]
 [-0.00656038  0.18682545  0.24253291]
 [ 0.26521304 -0.13124907  0.31542164]
 [ 0.37047958 -0.13991693  0.2509948 ]
 [-0.09253879 -0.0607859   0.5873394 ]
 [-0.17516151  0.27411866  0.35209805]
 [-0.14218089  0.5251911   0.02130538]
 [-0.24482828  0.67353207  0.        ]
 [-0.03593625  0.00168878  0.7997652 ]
 [-0.07949904 -0.00901276  1.0494277 ]
 [-0.17562717  0.01010519  1.1582379 ]
 [-0.12705769 -0.06238782  1.2023419 ]
 [-0.18447676 -0.06597093  1.0166874 ]
 [-0.12540624 -0.12401983  0.7633456 ]
 [-0.1704617  -0.01085936  0.6331151 ]
 [ 0.03626948  0.04459161  0.9902891 ]
 [ 0.11929668  0.11398637  0.73825276]
 [ 0.06923795  0.26107687  0.5923876 ]]
[[ 0.          0.          0.6301089 ]
 [ 0.07928757  0.06860656  0.6395957 ]
 [-0.14836332  0.19783059  0.35250226]
 [ 0.12796581 -0.10059175  0.3493834 ]
 [ 0.18263741 -0.09826764  0.23763338]
 [-0.07938366 -0.06856555  0.6207833 ]
 [-0.08370981  0.24033114  0.33145887]
 [ 0.03764662  0.48681214  0.04133612]
 [-0.05188471  0.64799124  0.        ]
 [-0.03330597  0.01127267  0.8369214 ]
 [-0.0780459  -0.001932    1.0890015 ]
 [-0.1692295   0.01308781  1.2003151 ]
 [-0.11802757 -0.05053204  1.2451108 ]
 [-0.17895138 -0.06431693  1.0517262 ]
 [-0.16924308 -0.12690303  0.78562576]
 [-0.25267082  0.01518185  0.7085053 ]
 [ 0.0361416   0.05122209  1.0267588 ]
 [ 0.19917852  0.08727336  0.8115828 ]
 [ 0.2529588   0.23433653  0.6013483 ]]
[[ 0.          0.          0.5972374 ]
 [ 0.06159118  0.07466552  0.6180634 ]
 [-0.2525438   0.22594446  0.4991205 ]
 [-0.10130151  0.04690301  0.21485174]
 [-0.17495483  0.11329347  0.09233934]
 [-0.06161689 -0.07486474  0.5759412 ]
 [ 0.07427619  0.14427117  0.27552918]
 [ 0.3473252   0.3458404   0.0900774 ]
 [ 0.30651098  0.4897014   0.        ]
 [-0.02825152 -0.02308518  0.81271404]
 [-0.0544965  -0.03331465  1.0698289 ]
 [-0.14723901 -0.017138    1.1683509 ]
 [-0.096095   -0.07323653  1.215746  ]
 [-0.16453333 -0.08736828  1.031632  ]
 [-0.26655915 -0.10597622  0.7743287 ]
 [-0.29155764  0.06945336  0.885039  ]
 [ 0.06012892  0.01341152  1.019164  ]
 [ 0.31227022  0.01156756  0.90796274]
 [ 0.43592447  0.07440794  0.6761917 ]]
[[ 0.          0.          0.56571746]
 [ 0.05919695  0.06655897  0.58576924]
 [-0.26314437  0.22484374  0.5026568 ]
 [-0.21702284  0.16228044  0.12645116]
 [-0.32573777  0.25429985  0.03388071]
 [-0.0592578  -0.06679832  0.5450682 ]
 [ 0.11511686  0.12455985  0.24944848]
 [ 0.4301703   0.25628817  0.11472401]
 [ 0.44318998  0.37637296  0.        ]
 [-0.02307583 -0.02798399  0.78462434]
 [-0.04618461 -0.04321349  1.0434442 ]
 [-0.13538542 -0.02131444  1.1351025 ]
 [-0.0895675  -0.08211166  1.1857228 ]
 [-0.15715186 -0.08747879  1.0053872 ]
 [-0.28586927 -0.08866616  0.7648525 ]
 [-0.27087212  0.0687395   0.92249596]
 [ 0.07004775 -0.00483879  0.99766505]
 [ 0.3254997  -0.02200913  0.90855676]
 [ 0.44955808  0.00952771  0.66968143]]
[[ 0.          0.          0.5085114 ]
 [ 0.0702823   0.06380532  0.52515864]
 [-0.20403996  0.31956017  0.40076792]
 [-0.26271546  0.44968873  0.0246954 ]
 [-0.38268268  0.56206745  0.        ]
 [-0.0704774  -0.06397233  0.4912433 ]
 [ 0.0691428   0.08616132  0.15466523]
 [ 0.4221692   0.07538897  0.15621257]
 [ 0.52811605  0.16736019  0.06818134]
 [-0.01963926 -0.01117478  0.72683805]
 [-0.04488505 -0.01797983  0.98302424]
 [-0.13270497 -0.00120431  1.0761914 ]
 [-0.08606574 -0.0654583   1.1240096 ]
 [-0.16161342 -0.05860952  0.9502095 ]
 [-0.28982168 -0.09415956  0.71508807]
 [-0.24227822  0.09534732  0.829762  ]
 [ 0.07691352  0.0145461   0.9306178 ]
 [ 0.31193203 -0.02240607  0.8187643 ]
 [ 0.38276523  0.04680676  0.5831058 ]]
[[ 0.          0.          0.5487827 ]
 [ 0.07571389  0.07079953  0.5647794 ]
 [-0.12385973  0.38718456  0.3656336 ]
 [-0.19324142  0.56164926  0.0052501 ]
 [-0.31120795  0.6807361   0.        ]
 [-0.07597816 -0.07088982  0.53222936]
 [-0.00635638  0.03926513  0.17052653]
 [ 0.34752578 -0.05145511  0.21291044]
 [ 0.48982647  0.02530369  0.14063784]
 [-0.00960183  0.01569168  0.7657012 ]
 [-0.03082903  0.02604923  1.0208617 ]
 [-0.12177649  0.03501618  1.1200737 ]
 [-0.06719323 -0.02439356  1.1705337 ]
 [-0.14384976 -0.03010669  0.9908389 ]
 [-0.24355951 -0.10263538  0.7515316 ]
 [-0.23852742  0.11056852  0.7285764 ]
 [ 0.08311006  0.06540653  0.9561318 ]
 [ 0.27058125  0.04251277  0.785668  ]
 [ 0.26692006  0.14707352  0.57379055]]
[[ 0.00000000e+00  0.00000000e+00  6.30195737e-01]
 [ 8.35481733e-02  7.55182952e-02  6.47227943e-01]
 [-4.89833802e-02  3.87457371e-01  3.97628993e-01]
 [-6.69443011e-02  5.16788602e-01  2.69820690e-02]
 [-1.82376862e-01  6.44636273e-01  0.00000000e+00]
 [-8.37948769e-02 -7.55129680e-02  6.12771451e-01]
 [-1.01978354e-01  5.39775193e-02  2.65830070e-01]
 [ 2.35653341e-01 -1.24341071e-01  2.92929590e-01]
 [ 3.77999365e-01 -5.71656227e-02  2.21450776e-01]
 [-1.11853704e-03  4.32336479e-02  8.43449175e-01]
 [-2.17043012e-02  6.82578683e-02  1.09664059e+00]
 [-1.10704929e-01  7.95989037e-02  1.20321083e+00]
 [-5.00143841e-02  2.02532411e-02  1.25225854e+00]
 [-1.33690000e-01 -1.66773796e-03  1.06397867e+00]
 [-2.06488729e-01 -1.01669729e-01  8.22408140e-01]
 [-2.23509371e-01  9.19622630e-02  6.94053531e-01]
 [ 9.15961415e-02  1.15615904e-01  1.02576590e+00]
 [ 2.16364071e-01  1.27424985e-01  7.97000170e-01]
 [ 1.34353399e-01  2.58897424e-01  6.27090216e-01]]
[[ 0.00000000e+00  0.00000000e+00  6.79912329e-01]
 [ 9.20233727e-02  7.76308626e-02  6.95921123e-01]
 [ 8.78207460e-02  3.75170171e-01  4.06752050e-01]
 [ 1.90880239e-01  4.84827876e-01  5.93028069e-02]
 [ 6.93826824e-02  6.20773554e-01  0.00000000e+00]
 [-9.21641141e-02 -7.74794221e-02  6.63716376e-01]
 [-2.17051923e-01  1.30829886e-01  3.88407350e-01]
 [ 8.61202180e-02 -1.02790534e-01  3.05748999e-01]
 [ 1.68129206e-01 -4.78683114e-02  2.04038590e-01]
 [ 4.03705984e-04  3.86379212e-02  8.90783668e-01]
 [-1.32673346e-02  6.73789680e-02  1.14319026e+00]
 [-9.45036858e-02  8.30824375e-02  1.25238609e+00]
 [-4.89732698e-02  1.28248930e-02  1.29647779e+00]
 [-1.31384909e-01 -1.34968162e-02  1.11492920e+00]
 [-1.53958261e-01 -1.31100386e-01  8.80325139e-01]
 [-1.59041986e-01  6.07935786e-02  7.41364837e-01]
 [ 1.01839133e-01  1.30748421e-01  1.07030559e+00]
 [ 1.20661974e-01  2.10530356e-01  8.14124823e-01]
 [-2.14888752e-02  3.57112974e-01  7.86463141e-01]]
[[ 0.00000000e+00  0.00000000e+00  6.74813628e-01]
 [ 9.23232362e-02  7.49863237e-02  6.82076633e-01]
 [ 2.30233729e-01  2.83585072e-01  3.73935848e-01]
 [ 4.76428300e-01  2.60378182e-01  1.10544205e-01]
 [ 4.09699589e-01  3.58543128e-01  0.00000000e+00]
 [-9.23274532e-02 -7.47125894e-02  6.67762339e-01]
 [-2.63417989e-01  2.45785698e-01  5.11852264e-01]
 [-1.11791909e-01  9.68088210e-02  1.96630776e-01]
 [-1.82299644e-01  1.75975949e-01  7.22348690e-02]
 [-4.06277739e-03  8.19984078e-03  8.89057398e-01]
 [-1.70043744e-02  1.58068538e-02  1.14239430e+00]
 [-1.01437658e-01  2.25349665e-02  1.24224806e+00]
 [-5.41137233e-02 -4.88580465e-02  1.28073096e+00]
 [-1.15526333e-01 -7.79139996e-02  1.12378144e+00]
 [-6.93608746e-02 -2.46979475e-01  9.57116008e-01]
 [ 7.60640949e-04 -1.46165118e-01  7.84534812e-01]
 [ 8.03679302e-02  1.03032947e-01  1.07588995e+00]
 [-2.25684047e-02  2.28482619e-01  8.53866100e-01]
 [-1.81510136e-01  1.75874203e-01  9.75771666e-01]]
[[ 0.          0.          0.61912847]
 [ 0.08842801  0.07218087  0.62651086]
 [ 0.26389194  0.25676143  0.31828493]
 [ 0.57117283  0.16625825  0.15609038]
 [ 0.57249635  0.2064189   0.        ]
 [-0.08842435 -0.07191676  0.6122036 ]
 [-0.2561338   0.20239615  0.47086602]
 [-0.21834713  0.21223319  0.07970518]
 [-0.3143388   0.30740288  0.00190681]
 [-0.00374768 -0.02399781  0.8308186 ]
 [-0.01557512 -0.04236612  1.0816112 ]
 [-0.10390347 -0.03388935  1.1743257 ]
 [-0.05297889 -0.10187924  1.2130263 ]
 [-0.08833675 -0.12801036  1.0647918 ]
 [ 0.03467074 -0.3300656   1.024611  ]
 [ 0.08138591 -0.22080931  0.8477527 ]
 [ 0.06622149  0.05105662  1.0258186 ]
 [-0.04413603  0.20091641  0.8228545 ]
 [-0.15438795  0.14176756  0.9875059 ]]
[[ 0.          0.          0.56167734]
 [ 0.08510008  0.06342807  0.56964403]
 [ 0.19059066  0.17586672  0.21764418]
 [ 0.4988227  -0.06561667  0.21397454]
 [ 0.5722108  -0.06532976  0.11311167]
 [-0.08510098 -0.06321311  0.55438185]
 [-0.24032128  0.23414999  0.3763781 ]
 [-0.25100797  0.43903416  0.02661264]
 [-0.3612315   0.5415405   0.        ]
 [-0.01480858 -0.02972887  0.76972175]
 [-0.03554173 -0.056766    1.0174651 ]
 [-0.13607232 -0.04612881  1.1170437 ]
 [-0.07557588 -0.10813767  1.1593901 ]
 [-0.0940612  -0.13039258  0.996555  ]
 [ 0.04281928 -0.31107208  0.94495946]
 [ 0.04378371 -0.20852982  0.76189685]
 [ 0.03376791  0.02910781  0.96018344]
 [-0.01073715  0.18156283  0.73853004]
 [-0.13348137  0.19750309  0.84370214]]
[[ 0.          0.          0.5666387 ]
 [ 0.08145584  0.05667317  0.5692882 ]
 [ 0.08601823  0.12171674  0.19851351]
 [ 0.35578346 -0.20825028  0.26411203]
 [ 0.46844018 -0.23827243  0.21030763]
 [-0.08148537 -0.05655418  0.5646486 ]
 [-0.20055288  0.26783592  0.3484713 ]
 [-0.20197177  0.514735    0.01990283]
 [-0.3071127   0.64213926  0.        ]
 [-0.0227328  -0.01857574  0.77490765]
 [-0.0540629  -0.04733339  1.0232589 ]
 [-0.15413436 -0.03597182  1.1318085 ]
 [-0.09348898 -0.09899098  1.1701865 ]
 [-0.11680122 -0.11136007  0.99894184]
 [ 0.01413098 -0.26192847  0.876173  ]
 [-0.04863496 -0.16269277  0.7072671 ]
 [ 0.02450166  0.02550495  0.9646163 ]
 [ 0.05814131  0.14986975  0.71777534]
 [-0.026035    0.25335398  0.6983921 ]]
[[ 0.          0.          0.592289  ]
 [ 0.07646262  0.06465102  0.59718716]
 [-0.07361082  0.14887565  0.2666636 ]
 [ 0.19935897 -0.20553955  0.3341691 ]
 [ 0.3076889  -0.23215947  0.26761973]
 [-0.07654476 -0.06460919  0.5878551 ]
 [-0.14305256  0.26110488  0.33288425]
 [-0.05057624  0.51871675  0.03168672]
 [-0.1552363   0.67259485  0.        ]
 [-0.03096593 -0.0053867   0.80014205]
 [-0.07173699 -0.0258477   1.0501944 ]
 [-0.17011327 -0.0129137   1.1646582 ]
 [-0.10517256 -0.07519674  1.2029212 ]
 [-0.15240368 -0.09457028  1.0174904 ]
 [-0.10082525 -0.19442736  0.78618443]
 [-0.1890477  -0.06602961  0.66735315]
 [ 0.02166949  0.03920838  0.98781824]
 [ 0.12912175  0.11209309  0.7385467 ]
 [ 0.10498626  0.27072838  0.573598  ]]
[[ 0.0000000e+00  0.0000000e+00  5.8462775e-01]
 [ 5.7148181e-02  8.3172627e-02  5.9893471e-01]
 [-2.1434155e-01  2.2099079e-01  3.7921953e-01]
 [ 4.4597071e-02 -2.1283895e-02  3.0158094e-01]
 [ 6.8730667e-02  1.8300712e-03  1.7219663e-01]
 [-5.7245828e-02 -8.3240040e-02  5.7024175e-01]
 [ 9.2373788e-04  1.7659184e-01  2.7602309e-01]
 [ 2.2924216e-01  4.2943633e-01  5.2519858e-02]
 [ 1.5308714e-01  5.8446729e-01  0.0000000e+00]
 [-2.9948331e-02 -7.4518919e-03  7.9370862e-01]
 [-6.3690677e-02 -2.2836059e-02  1.0467401e+00]
 [-1.5515499e-01 -1.5163362e-02  1.1571929e+00]
 [-9.0374574e-02 -6.1581373e-02  1.1991823e+00]
 [-1.5337235e-01 -1.0049400e-01  1.0125556e+00]
 [-2.0317885e-01 -1.8497986e-01  7.5721747e-01]
 [-2.8904521e-01 -2.5214255e-02  7.5708598e-01]
 [ 3.3800796e-02  4.4463456e-02  9.8369312e-01]
 [ 2.5087824e-01  8.8806137e-02  8.2331127e-01]
 [ 3.1619483e-01  2.2664934e-01  6.0646677e-01]]
[[ 0.          0.          0.55655843]
 [ 0.0498919   0.07638805  0.5761723 ]
 [-0.2769688   0.24301885  0.47184402]
 [-0.14518163  0.14619073  0.15976691]
 [-0.22736725  0.22587171  0.05125713]
 [-0.04995476 -0.07661182  0.5363995 ]
 [ 0.12062399  0.09507409  0.24452889]
 [ 0.45114464  0.25926     0.10165086]
 [ 0.44708997  0.3839224   0.        ]
 [-0.02746298 -0.02658607  0.77198327]
 [-0.05259388 -0.0407587   1.0283012 ]
 [-0.13245668 -0.03152525  1.1253356 ]
 [-0.08171812 -0.08010995  1.1734214 ]
 [-0.15403315 -0.1016075   0.99835646]
 [-0.2780695  -0.15802294  0.76472247]
 [-0.29491815  0.02124193  0.8726007 ]
 [ 0.05193905  0.01265389  0.9727958 ]
 [ 0.31743872  0.01294836  0.8907602 ]
 [ 0.41749832  0.08325443  0.6545523 ]]
[[ 0.          0.          0.51185197]
 [ 0.05564204  0.06840204  0.52907836]
 [-0.26321167  0.25873512  0.4245453 ]
 [-0.2563409   0.31990534  0.05500621]
 [-0.37271598  0.42345947  0.        ]
 [-0.05576922 -0.06861394  0.49404356]
 [ 0.13397473  0.07444772  0.18610954]
 [ 0.49779624  0.13137102  0.15214884]
 [ 0.576244    0.24117988  0.04005063]
 [-0.02488509 -0.03029387  0.72795534]
 [-0.04809752 -0.04682484  0.98286796]
 [-0.12456059 -0.03436393  1.07706   ]
 [-0.08201218 -0.09479988  1.1220502 ]
 [-0.15597245 -0.09614646  0.9555113 ]
 [-0.29928136 -0.14534247  0.740675  ]
 [-0.2811916   0.04647043  0.84586763]
 [ 0.06219272 -0.00161067  0.930726  ]
 [ 0.31589574 -0.01079383  0.8562781 ]
 [ 0.3948018   0.05115672  0.6168915 ]]
[[ 0.0000000e+00  0.0000000e+00  5.0147289e-01]
 [ 6.7003809e-02  6.7334130e-02  5.1647711e-01]
 [-1.7591119e-01  3.6405459e-01  3.5463771e-01]
 [-2.3877195e-01  5.2062273e-01  1.0419488e-03]
 [-3.5529417e-01  6.3271219e-01  0.0000000e+00]
 [-6.7272685e-02 -6.7500070e-02  4.8596036e-01]
 [ 6.4131036e-02  2.7397633e-02  1.4723051e-01]
 [ 4.1161615e-01 -3.8608164e-02  2.1695757e-01]
 [ 5.5293709e-01  3.5844892e-02  1.5700343e-01]
 [-1.4344182e-02  2.3195148e-03  7.1789157e-01]
 [-3.8750142e-02 -4.5338273e-03  9.6990752e-01]
 [-1.1667751e-01  9.1314316e-05  1.0670235e+00]
 [-7.0438206e-02 -5.7550848e-02  1.1105840e+00]
 [-1.4729275e-01 -5.6722045e-02  9.4239324e-01]
 [-2.7030790e-01 -1.4061938e-01  7.1838665e-01]
 [-2.7898201e-01  6.4757884e-02  7.0898664e-01]
 [ 7.1136065e-02  3.8168401e-02  9.0788502e-01]
 [ 2.8417078e-01  1.3153985e-02  7.7213186e-01]
 [ 2.9725888e-01  9.9378146e-02  5.4019326e-01]]
[[ 0.          0.          0.5559015 ]
 [ 0.07236695  0.06888972  0.57111794]
 [-0.10976902  0.3903513   0.36693448]
 [-0.14733604  0.5489611   0.01030576]
 [-0.2662235   0.6728521   0.        ]
 [-0.07267474 -0.06900657  0.540294  ]
 [-0.00968136  0.01532978  0.19826207]
 [ 0.31592557 -0.12783688  0.29508048]
 [ 0.4794103  -0.06301695  0.26838717]
 [-0.00660323  0.01961227  0.7704148 ]
 [-0.03284907  0.01635042  1.0214505 ]
 [-0.11324735  0.02158749  1.1261053 ]
 [-0.05957505 -0.03616804  1.1643498 ]
 [-0.13853653 -0.04007456  0.99313366]
 [-0.23010495 -0.14045464  0.764299  ]
 [-0.27449954  0.04924891  0.6642479 ]
 [ 0.07465389  0.06218648  0.9541409 ]
 [ 0.24095237  0.05272067  0.7698779 ]
 [ 0.20558806  0.16624543  0.56509894]]
[[ 0.          0.          0.626455  ]
 [ 0.08162113  0.07137288  0.64197665]
 [-0.03488222  0.39116305  0.4012761 ]
 [-0.01701537  0.512002    0.03222698]
 [-0.14281368  0.63956314  0.        ]
 [-0.08186813 -0.0714046   0.610692  ]
 [-0.10286218  0.04698917  0.2841533 ]
 [ 0.22376746 -0.14696126  0.38330886]
 [ 0.37951028 -0.08541086  0.35216334]
 [-0.00135762  0.03721681  0.83907676]
 [-0.02609349  0.04759929  1.090313  ]
 [-0.10570395  0.05689871  1.2008821 ]
 [-0.04615999 -0.00321037  1.2404966 ]
 [-0.1336441  -0.01892009  1.0594018 ]
 [-0.19837135 -0.121106    0.8209538 ]
 [-0.21559301  0.05139766  0.6889397 ]
 [ 0.08453184  0.09967998  1.0172316 ]
 [ 0.19072954  0.12671408  0.7871261 ]
 [ 0.09592085  0.25215375  0.637786  ]]
[[ 0.          0.          0.6461489 ]
 [ 0.0933042   0.07678951  0.6588074 ]
 [ 0.13735393  0.39633134  0.38902795]
 [ 0.30228174  0.49717012  0.07069439]
 [ 0.18214732  0.6304432   0.        ]
 [-0.09339389 -0.07661495  0.6334823 ]
 [-0.24574545  0.130948    0.38188058]
 [ 0.03645915 -0.13509718  0.31081933]
 [ 0.09193304 -0.09594914  0.24970558]
 [-0.00362053  0.03570679  0.85417485]
 [-0.02083448  0.06261617  1.1050863 ]
 [-0.10107848  0.07393897  1.2148788 ]
 [-0.04913012  0.00334418  1.2550702 ]
 [-0.13207169 -0.02507916  1.0761042 ]
 [-0.12452662 -0.13284874  0.84358096]
 [-0.06611821  0.00610463  0.7266786 ]
 [ 0.08747589  0.13692862  1.0337901 ]
 [ 0.05925063  0.22599733  0.7798873 ]
 [-0.1276204   0.2935515   0.81476134]]
[[ 0.00000000e+00  0.00000000e+00  6.37953639e-01]
 [ 8.67509320e-02  7.66875148e-02  6.46394849e-01]
 [ 2.65836656e-01  2.87363440e-01  3.53178501e-01]
 [ 5.62439144e-01  2.41546780e-01  1.32421434e-01]
 [ 5.17172575e-01  3.10665250e-01  0.00000000e+00]
 [-8.66839439e-02 -7.64126480e-02  6.29885018e-01]
 [-2.67856658e-01  2.34968588e-01  4.74888712e-01]
 [-1.10931844e-01  9.85544622e-02  1.70068473e-01]
 [-1.82881549e-01  1.73808336e-01  4.82987761e-02]
 [-5.92980417e-04 -1.13394111e-02  8.43924165e-01]
 [-1.12578981e-02 -2.38085985e-02  1.09254956e+00]
 [-9.27420557e-02 -1.89330578e-02  1.19316578e+00]
 [-4.01681475e-02 -8.83954763e-02  1.22779727e+00]
 [-8.40673447e-02 -1.21595085e-01  1.07794881e+00]
 [ 4.43428010e-02 -3.23661625e-01  1.02166605e+00]
 [ 9.84639823e-02 -2.20935896e-01  8.52973580e-01]
 [ 6.74029663e-02  7.57035613e-02  1.02934861e+00]
 [-2.14588344e-02  2.38711447e-01  8.34902585e-01]
 [-1.61602169e-01  1.99811339e-01  9.82632518e-01]]
[[ 0.          0.          0.5836025 ]
 [ 0.0787794   0.0739568   0.5939089 ]
 [ 0.25716883  0.2378031   0.27475294]
 [ 0.59967804  0.13090786  0.20233238]
 [ 0.6279324   0.15948516  0.04797304]
 [-0.07874151 -0.07367282  0.5738926 ]
 [-0.2716096   0.19568522  0.41673258]
 [-0.21106774  0.24661067  0.06976348]
 [-0.29739547  0.3403705   0.        ]
 [-0.00401304 -0.03057627  0.7859491 ]
 [-0.01588145 -0.0637452   1.0309827 ]
 [-0.10956158 -0.0623008   1.1329875 ]
 [-0.04825381 -0.11820152  1.1704198 ]
 [-0.0625557  -0.15236965  1.010374  ]
 [ 0.07081693 -0.3439646   0.9778176 ]
 [ 0.10149851 -0.21984884  0.80529654]
 [ 0.04092745  0.03602591  0.97432697]
 [-0.0365584   0.20350774  0.7772286 ]
 [-0.15042657  0.18122369  0.92145795]]
[[ 0.          0.          0.53724706]
 [ 0.07920176  0.05605296  0.54453707]
 [ 0.15900984  0.15921983  0.19110006]
 [ 0.44230032 -0.15701008  0.26086366]
 [ 0.56223774 -0.17317683  0.19942692]
 [-0.07917047 -0.05590989  0.5307593 ]
 [-0.2120977   0.25514278  0.32909596]
 [-0.22930855  0.48073924  0.01495165]
 [-0.33878982  0.59308726  0.        ]
 [-0.01445524 -0.02702709  0.73858225]
 [-0.0378282  -0.06919029  0.98126984]
 [-0.13320002 -0.06152385  1.0896585 ]
 [-0.06883423 -0.1168775   1.1262615 ]
 [-0.07904044 -0.14142537  0.9500332 ]
 [ 0.05213274 -0.294991    0.85119516]
 [-0.00220398 -0.17511794  0.6743742 ]
 [ 0.01667764  0.01796237  0.9301011 ]
 [ 0.02907952  0.17089137  0.70810866]
 [-0.0955756   0.26337916  0.7246993 ]]
[[ 0.00000000e+00  0.00000000e+00  5.52006364e-01]
 [ 7.40458220e-02  5.38845770e-02  5.55925488e-01]
 [ 7.71825165e-02  1.25045761e-01  1.97328448e-01]
 [ 3.25159848e-01 -2.38926426e-01  2.84859359e-01]
 [ 4.65468168e-01 -2.69051194e-01  2.47141063e-01]
 [-7.40748793e-02 -5.37703894e-02  5.48851132e-01]
 [-1.60907462e-01  2.64903396e-01  3.12152416e-01]
 [-1.47641897e-01  5.22191107e-01  1.30478144e-02]
 [-2.66747147e-01  6.51936352e-01  0.00000000e+00]
 [-1.28208371e-02 -8.40920210e-03  7.50825047e-01]
 [-3.94758955e-02 -4.85300720e-02  9.94683743e-01]
 [-1.36785924e-01 -4.13498282e-02  1.10786748e+00]
 [-6.55341819e-02 -9.39120650e-02  1.14433837e+00]
 [-8.52243751e-02 -1.17929846e-01  9.57904160e-01]
 [ 2.35813484e-02 -2.56384343e-01  8.06091428e-01]
 [-1.01770952e-01 -1.25791818e-01  6.33275270e-01]
 [ 1.91384424e-02  3.06459069e-02  9.42011237e-01]
 [ 8.44523609e-02  1.65009513e-01  7.13777721e-01]
 [-5.28618693e-05  2.88297415e-01  6.29698753e-01]]
[[ 0.          0.          0.5619122 ]
 [ 0.06064674  0.07146176  0.57020473]
 [-0.11372195  0.1691163   0.25850734]
 [ 0.13875654 -0.20032115  0.31890646]
 [ 0.24826866 -0.21052903  0.23927337]
 [-0.06074902 -0.07144426  0.5540622 ]
 [-0.0604496   0.22435296  0.2718659 ]
 [ 0.07489218  0.48893738  0.0260905 ]
 [-0.04416084  0.6362365   0.        ]
 [-0.02178828 -0.01151206  0.75678647]
 [-0.05555347 -0.04922262  1.0015407 ]
 [-0.15050285 -0.04330099  1.1160204 ]
 [-0.07724115 -0.09677505  1.1546615 ]
 [-0.12128447 -0.13007936  0.96121925]
 [-0.11144152 -0.2365485   0.73477423]
 [-0.2578125  -0.05074546  0.6690165 ]
 [ 0.01877206  0.0316045   0.9439653 ]
 [ 0.18482083  0.13731827  0.74871534]
 [ 0.16666685  0.28536114  0.5553668 ]]
[[ 0.          0.          0.5333417 ]
 [ 0.05122558  0.08541105  0.55166954]
 [-0.22943836  0.30778298  0.3789544 ]
 [-0.02610815  0.09330851  0.24931687]
 [-0.03998843  0.15191713  0.11814511]
 [-0.05133706 -0.0855623   0.514758  ]
 [ 0.05909056  0.0661746   0.20830566]
 [ 0.34435427  0.23650318  0.06857699]
 [ 0.31129545  0.3750827   0.        ]
 [-0.02080411 -0.02027996  0.7374833 ]
 [-0.0472136  -0.04540375  0.98454916]
 [-0.13782884 -0.04646236  1.0859494 ]
 [-0.07057711 -0.09133857  1.126303  ]
 [-0.13915774 -0.12062052  0.94906735]
 [-0.2499773  -0.2211416   0.7245375 ]
 [-0.34020203 -0.00815704  0.78346205]
 [ 0.04864141  0.02417371  0.93033147]
 [ 0.29059556  0.06952874  0.8143965 ]
 [ 0.325412    0.17043614  0.5725845 ]]
[[ 0.          0.          0.47400025]
 [ 0.04982866  0.08246387  0.49553895]
 [-0.2631685   0.29486063  0.37262875]
 [-0.16593903  0.28201136  0.08106926]
 [-0.24942121  0.37835044  0.        ]
 [-0.04994853 -0.08269862  0.4519781 ]
 [ 0.10109937  0.03441054  0.15386438]
 [ 0.47603765  0.12629339  0.10200611]
 [ 0.5357951   0.24180669  0.01314497]
 [-0.01949606 -0.03552568  0.6839449 ]
 [-0.03929756 -0.06304964  0.93263435]
 [-0.12030756 -0.05664235  1.025318  ]
 [-0.06696445 -0.11582279  1.0669272 ]
 [-0.14399399 -0.12500575  0.90606844]
 [-0.30273402 -0.21121827  0.718759  ]
 [-0.3509821   0.01338705  0.80457544]
 [ 0.06615448 -0.00236323  0.8855424 ]
 [ 0.32605845  0.01626891  0.8112273 ]
 [ 0.37442958  0.09761588  0.56466794]]
[[ 0.          0.          0.46806455]
 [ 0.0551849   0.07909736  0.48860484]
 [-0.23346496  0.32491457  0.3532922 ]
 [-0.22002271  0.41353893  0.03250211]
 [-0.3257721   0.517233    0.        ]
 [-0.05536713 -0.07931066  0.44703707]
 [ 0.07506587  0.03509676  0.14585957]
 [ 0.47103757  0.04838732  0.15485284]
 [ 0.5797853   0.14769846  0.07848242]
 [-0.01817494 -0.03741713  0.67538583]
 [-0.03501589 -0.06133872  0.92114025]
 [-0.1136611  -0.05647922  1.0133936 ]
 [-0.06247848 -0.11770219  1.0550942 ]
 [-0.1424753  -0.12182829  0.8961575 ]
 [-0.3067366  -0.21311852  0.72018   ]
 [-0.36404097  0.01634014  0.76137626]
 [ 0.07067087 -0.00449476  0.87227184]
 [ 0.31347674 -0.00207183  0.77843046]
 [ 0.33850935  0.07697648  0.52884454]]
[[ 0.          0.          0.46400708]
 [ 0.05945066  0.07956459  0.48398668]
 [-0.19928917  0.35907698  0.33437526]
 [-0.211258    0.49104184  0.00861281]
 [-0.32778913  0.59851736  0.        ]
 [-0.05964501 -0.07976072  0.44356972]
 [ 0.04260564  0.03341615  0.14234796]
 [ 0.43004668 -0.00288129  0.16932032]
 [ 0.5569973   0.09113583  0.09807873]
 [-0.01328838 -0.02642339  0.66920424]
 [-0.03101792 -0.04835019  0.9121834 ]
 [-0.10839431 -0.04793233  1.0086143 ]
 [-0.05524071 -0.10439339  1.0484436 ]
 [-0.1360523  -0.11191916  0.88619065]
 [-0.29218084 -0.2140878   0.7115128 ]
 [-0.36656028  0.01330829  0.70595425]
 [ 0.0721885   0.00841233  0.8592864 ]
 [ 0.29672268  0.01071113  0.74104476]
 [ 0.3010882   0.10472728  0.49725887]]
[[ 0.00000000e+00  0.00000000e+00  4.74063754e-01]
 [ 6.45730197e-02  8.30397159e-02  4.92611170e-01]
 [-1.55856520e-01  3.85229647e-01  3.23937058e-01]
 [-1.56817317e-01  5.34837544e-01  0.00000000e+00]
 [-2.85171926e-01  6.50007963e-01  3.25083733e-04]
 [-6.47691786e-02 -8.31925943e-02  4.55126524e-01]
 [-1.00189950e-02  3.49068940e-02  1.49096221e-01]
 [ 3.75359297e-01 -2.90730894e-02  1.75308049e-01]
 [ 5.02195537e-01  6.77890778e-02  1.06798589e-01]
 [-9.48254019e-03 -1.86403841e-02  6.74030483e-01]
 [-3.12807821e-02 -4.16904688e-02  9.13027406e-01]
 [-1.10361256e-01 -4.51938510e-02  1.01550364e+00]
 [-5.51922917e-02 -9.78602171e-02  1.05676150e+00]
 [-1.35154158e-01 -1.11629128e-01  8.85047793e-01]
 [-2.69676447e-01 -2.17715189e-01  7.01527238e-01]
 [-3.53979766e-01  7.21843541e-03  6.51438475e-01]
 [ 7.09994659e-02  1.90340281e-02  8.57048035e-01]
 [ 2.69314170e-01  3.83999050e-02  7.10814893e-01]
 [ 2.43301749e-01  1.44008592e-01  4.79857266e-01]]
[[ 0.          0.          0.5320897 ]
 [ 0.08138978  0.08453858  0.54782987]
 [-0.03004473  0.3885361   0.32715714]
 [ 0.07718824  0.49211287  0.02142525]
 [-0.06804624  0.615605    0.        ]
 [-0.08145674 -0.08451709  0.5162121 ]
 [-0.1491782   0.144671    0.23683906]
 [ 0.2138655   0.01058239  0.17672288]
 [ 0.26009107  0.11623758  0.08941355]
 [-0.0022165   0.02253811  0.7250693 ]
 [-0.01991605  0.02657223  0.95764637]
 [-0.10008784  0.02836925  1.0712485 ]
 [-0.04418559 -0.03133667  1.1100186 ]
 [-0.12474766 -0.0644601   0.9297092 ]
 [-0.17139904 -0.21882425  0.7163733 ]
 [-0.21844216 -0.01636934  0.6070092 ]
 [ 0.0841611   0.10046655  0.8996165 ]
 [ 0.20803213  0.1948508   0.6980316 ]
 [ 0.09703798  0.34389022  0.5959848 ]]
[[ 0.          0.          0.5679027 ]
 [ 0.07983959  0.08190713  0.5809747 ]
 [ 0.19215131  0.25851536  0.27567273]
 [ 0.47868192  0.22173801  0.08766747]
 [ 0.38810843  0.30834556  0.        ]
 [-0.07979143 -0.08164711  0.5553047 ]
 [-0.26879096  0.20945133  0.34436953]
 [-0.14682719  0.23850122  0.08090484]
 [-0.2585122   0.3534025   0.02167338]
 [ 0.00204527 -0.01250872  0.7582108 ]
 [-0.0068861  -0.04916808  0.9931062 ]
 [-0.09804958 -0.05095005  1.104501  ]
 [-0.02804885 -0.11301115  1.1254541 ]
 [-0.06576851 -0.15434355  0.9632745 ]
 [ 0.06244262 -0.35626623  0.8744706 ]
 [ 0.04151098 -0.20220739  0.7218719 ]
 [ 0.0592057   0.06471661  0.9426654 ]
 [ 0.04885222  0.25058055  0.75231594]
 [-0.11662802  0.24740519  0.8380681 ]]
[[ 0.          0.          0.49570587]
 [ 0.07253321  0.06722961  0.51239085]
 [ 0.27095097  0.20066595  0.22507864]
 [ 0.5896121   0.11742485  0.11837646]
 [ 0.57381964  0.16960377  0.01027575]
 [-0.07239965 -0.06695686  0.4797826 ]
 [-0.2278195   0.19509232  0.2643185 ]
 [-0.26494074  0.40964702  0.00967088]
 [-0.38042676  0.50895375  0.        ]
 [ 0.01062482 -0.06787062  0.6726475 ]
 [ 0.01705372 -0.1426813   0.89563745]
 [-0.0816073  -0.15986499  1.0005325 ]
 [-0.00509172 -0.19512177  1.0246636 ]
 [-0.00523955 -0.22624211  0.86167467]
 [ 0.14061707 -0.38584924  0.7754558 ]
 [ 0.08474067 -0.24903607  0.63012326]
 [ 0.05097795 -0.03848431  0.85356903]
 [ 0.01866883  0.13032734  0.66826457]
 [-0.10667063  0.13941938  0.78436315]]
[[ 0.0000000e+00  0.0000000e+00  4.7081989e-01]
 [ 6.7094013e-02  5.6005232e-02  4.8632997e-01]
 [ 2.6177159e-01  1.7203958e-01  1.8320116e-01]
 [ 5.7366115e-01  1.9521683e-02  1.5695930e-01]
 [ 6.0380948e-01  4.5867413e-02  6.0584873e-02]
 [-6.6948690e-02 -5.5768855e-02  4.5614216e-01]
 [-1.9963133e-01  2.2504400e-01  2.3745032e-01]
 [-2.6600569e-01  4.8295322e-01  0.0000000e+00]
 [-3.7612760e-01  5.7933849e-01  2.0179152e-04]
 [ 1.2285881e-02 -6.3249424e-02  6.4954543e-01]
 [ 1.9663133e-02 -1.4411637e-01  8.7071204e-01]
 [-7.6422721e-02 -1.6005445e-01  9.7769821e-01]
 [ 1.7807633e-04 -1.9565898e-01  1.0045309e+00]
 [ 2.1198615e-03 -2.1559575e-01  8.3169556e-01]
 [ 1.4685985e-01 -3.5480720e-01  7.2074234e-01]
 [ 5.9082180e-02 -2.1093953e-01  5.8091301e-01]
 [ 4.3973364e-02 -4.7743976e-02  8.3120918e-01]
 [ 1.9531168e-02  1.1944498e-01  6.3945073e-01]
 [-8.8111058e-02  1.5550908e-01  7.2624898e-01]]
[[ 0.          0.          0.48172158]
 [ 0.06723434  0.04461414  0.49376372]
 [ 0.18519172  0.11765534  0.14929429]
 [ 0.41553906 -0.21570767  0.21628013]
 [ 0.5193585  -0.24289978  0.19030604]
 [-0.06715415 -0.04451079  0.47049427]
 [-0.1608344   0.27055588  0.26246178]
 [-0.18758273  0.5240281   0.00232434]
 [-0.27637494  0.64708304  0.        ]
 [ 0.01066317 -0.05138305  0.66369236]
 [ 0.015213   -0.13030416  0.8900075 ]
 [-0.06715825 -0.13440439  1.0053583 ]
 [ 0.00675038 -0.17279232  1.0404863 ]
 [-0.00203697 -0.19411378  0.84031594]
 [ 0.09164278 -0.31338316  0.65073943]
 [-0.0972873  -0.17734957  0.55917794]
 [ 0.03636313 -0.03990969  0.8517667 ]
 [ 0.06909621  0.11237556  0.65422475]
 [ 0.00306587  0.20319095  0.6189865 ]]
[[ 0.          0.          0.51348877]
 [ 0.06409617  0.08141635  0.5299318 ]
 [-0.04133743  0.40506303  0.27318296]
 [ 0.07637454  0.50534904  0.01778722]
 [-0.01620239  0.6336262   0.        ]
 [-0.06429634 -0.08152548  0.49707723]
 [-0.12936638  0.02298063  0.1774674 ]
 [ 0.21339855 -0.18641518  0.3110655 ]
 [ 0.3570219  -0.15351081  0.33609658]
 [-0.00408232  0.00266381  0.70038056]
 [-0.04093159 -0.05704087  0.9307409 ]
 [-0.11090207 -0.05981681  1.0503564 ]
 [-0.0467739  -0.10105291  1.0775089 ]
 [-0.11194384 -0.12762696  0.87461495]
 [-0.1715162  -0.2194958   0.62500554]
 [-0.29305875 -0.03766093  0.6565299 ]
 [ 0.04201262  0.02792117  0.8845818 ]
 [ 0.149734    0.11402401  0.6944139 ]
 [ 0.08810812  0.22819132  0.52436465]]
[[ 0.          0.          0.5127853 ]
 [ 0.0420939   0.07550119  0.5355917 ]
 [-0.25820833  0.2872632   0.40967   ]
 [-0.02862047  0.09276707  0.23325455]
 [-0.0471568   0.17548917  0.12776098]
 [-0.04223309 -0.07565995  0.48979256]
 [ 0.06580156  0.09620768  0.21140808]
 [ 0.355001    0.3007456   0.02816993]
 [ 0.36133996  0.3967388   0.        ]
 [-0.0342878  -0.03152604  0.695995  ]
 [-0.08451469 -0.07949767  0.9262431 ]
 [-0.16859224 -0.06988803  1.0361173 ]
 [-0.11006545 -0.12817788  1.0722997 ]
 [-0.17649758 -0.15107831  0.8850055 ]
 [-0.30964258 -0.27370623  0.7052413 ]
 [-0.41489482 -0.09516993  0.78984445]
 [ 0.01397361 -0.01038274  0.88534606]
 [ 0.24880788  0.06709808  0.76527977]
 [ 0.18486284  0.21497396  0.57385695]]
[[ 0.0000000e+00  0.0000000e+00  4.6602443e-01]
 [ 3.8223393e-02  7.6202959e-02  4.9055746e-01]
 [-3.0780286e-01  2.9856569e-01  4.2275590e-01]
 [-1.8290158e-01  1.9233638e-01  1.1840150e-01]
 [-2.5899953e-01  2.9368430e-01  3.8017452e-02]
 [-3.8399808e-02 -7.6452740e-02  4.4117349e-01]
 [ 1.1918092e-01  2.6433706e-02  1.5041670e-01]
 [ 4.4521129e-01  1.7613000e-01  3.2069236e-02]
 [ 4.5821041e-01  2.5375259e-01  0.0000000e+00]
 [-3.8787015e-02 -5.3804472e-02  6.4663428e-01]
 [-9.3679883e-02 -1.1625764e-01  8.7388635e-01]
 [-1.8700236e-01 -9.8271281e-02  9.7123408e-01]
 [-1.3170305e-01 -1.5883067e-01  1.0187606e+00]
 [-1.9165121e-01 -1.8054862e-01  8.2547367e-01]
 [-3.5831094e-01 -2.7602887e-01  6.5024871e-01]
 [-4.5286906e-01 -8.9187756e-02  7.5606716e-01]
 [ 1.5805887e-02 -5.0885171e-02  8.4031856e-01]
 [ 2.8229973e-01 -2.1287799e-04  7.5255322e-01]
 [ 2.2972098e-01  1.2781532e-01  6.0136330e-01]]
[[ 0.          0.          0.42041352]
 [ 0.03644252  0.07023789  0.44182092]
 [-0.30909622  0.3042973   0.37652194]
 [-0.30260816  0.33841786  0.04979303]
 [-0.4147215   0.4441384   0.        ]
 [-0.03664491 -0.07053369  0.3986032 ]
 [ 0.1266113  -0.01230806  0.09668902]
 [ 0.47272193  0.02075204  0.07842299]
 [ 0.54006845  0.0901165   0.03776082]
 [-0.04148222 -0.05918929  0.6043423 ]
 [-0.10008807 -0.12927544  0.82918245]
 [-0.19309302 -0.11029986  0.9183086 ]
 [-0.1434168  -0.17488757  0.97063696]
 [-0.19611195 -0.17760634  0.7765135 ]
 [-0.34860465 -0.26097983  0.5811275 ]
 [-0.4513706  -0.08125438  0.61902535]
 [ 0.01133429 -0.07590511  0.8048215 ]
 [ 0.27990025 -0.01433617  0.74643624]
 [ 0.2533083   0.19984856  0.73966575]]
[[ 0.          0.          0.4402233 ]
 [ 0.03871432  0.07268763  0.4599855 ]
 [-0.27552837  0.31883413  0.35570645]
 [-0.32390067  0.400625    0.02884185]
 [-0.4359777   0.5035981   0.        ]
 [-0.03897104 -0.07300399  0.420089  ]
 [ 0.07767746 -0.06863472  0.11812088]
 [ 0.41311508 -0.13427272  0.18793532]
 [ 0.5088142  -0.07468551  0.16802296]
 [-0.03356894 -0.04826592  0.63508236]
 [-0.09103751 -0.12109005  0.8618092 ]
 [-0.18327743 -0.10733154  0.9530144 ]
 [-0.13275649 -0.17044303  1.0012903 ]
 [-0.18017091 -0.16677074  0.8006542 ]
 [-0.285422   -0.24897477  0.57184434]
 [-0.38417447 -0.09307908  0.5170914 ]
 [ 0.01622571 -0.06944928  0.84298694]
 [ 0.26350397  0.01735404  0.79724157]
 [ 0.20587683  0.20140848  0.9149919 ]]
[[ 0.          0.          0.4891582 ]
 [ 0.04181508  0.0600319   0.5051137 ]
 [-0.21227956  0.36441937  0.35972542]
 [-0.2504722   0.4653482   0.03000197]
 [-0.3428688   0.5678811   0.        ]
 [-0.04207713 -0.06034469  0.47296715]
 [ 0.03579839 -0.06377211  0.18328339]
 [ 0.32784972 -0.28191137  0.29098052]
 [ 0.4814912  -0.23980366  0.30889338]
 [-0.02054407 -0.03726095  0.68118393]
 [-0.07290332 -0.11715636  0.9064244 ]
 [-0.158418   -0.09849644  1.0088925 ]
 [-0.1082415  -0.16674644  1.0448798 ]
 [-0.15399972 -0.15261269  0.83733773]
 [-0.22670801 -0.22245263  0.59306955]
 [-0.3060443  -0.09538223  0.49954557]
 [ 0.02591255 -0.06904194  0.8929069 ]
 [ 0.22943518  0.04150185  0.87455165]
 [ 0.17109062  0.1669519   1.0498164 ]]
[[ 0.          0.          0.55489665]
 [ 0.05403818  0.06008053  0.5638969 ]
 [-0.0943172   0.35042936  0.3432439 ]
 [-0.06218225  0.4220031   0.01018864]
 [-0.14973205  0.5113466   0.        ]
 [-0.05436133 -0.06026585  0.545891  ]
 [-0.1198373  -0.02203232  0.26354298]
 [ 0.1820314  -0.3245276   0.4131222 ]
 [ 0.36949036 -0.306268    0.4674551 ]
 [ 0.00306109 -0.0233757   0.74257374]
 [-0.02656692 -0.09318867  0.9689243 ]
 [-0.10393009 -0.06173164  1.0784274 ]
 [-0.04727493 -0.12478048  1.1186655 ]
 [-0.07936302 -0.12659174  0.9051272 ]
 [-0.03545745 -0.13022646  0.7250619 ]
 [-0.04986982 -0.16602698  1.0659902 ]
 [ 0.04614498 -0.03807867  0.9476429 ]
 [ 0.12418341  0.03381094  1.0371884 ]
 [ 0.05618338  0.0151732   1.2258236 ]]
[[ 0.          0.          0.6358443 ]
 [ 0.0663069   0.07044145  0.6385553 ]
 [ 0.07976551  0.33874422  0.37015122]
 [ 0.26555124  0.35677746  0.09213454]
 [ 0.27683437  0.4557606   0.        ]
 [-0.06619383 -0.0704049   0.6335269 ]
 [-0.30400264 -0.00732687  0.4848568 ]
 [-0.00296687 -0.33198607  0.42193747]
 [ 0.08397809 -0.33207437  0.4114756 ]
 [ 0.03873077 -0.02886705  0.8330132 ]
 [ 0.05471626 -0.08166623  1.0745009 ]
 [-0.05615227 -0.05040625  1.1613505 ]
 [ 0.01245275 -0.09862015  1.2092874 ]
 [ 0.04390827 -0.15793435  1.0104599 ]
 [ 0.1344445  -0.24043998  0.79738903]
 [ 0.18562058 -0.31010625  0.7016534 ]
 [ 0.0714516   0.01546025  1.0646551 ]
 [-0.02870578  0.11690104  1.1746488 ]
 [-0.12610796  0.02171999  1.3970377 ]]
[[ 0.0000000e+00  0.0000000e+00  5.7848758e-01]
 [ 6.1545972e-02  7.5091064e-02  5.8090019e-01]
 [ 1.6365504e-01  2.7478158e-01  2.7626187e-01]
 [ 4.3148112e-01  2.0472139e-01  1.0077456e-01]
 [ 4.7148579e-01  2.6281470e-01  0.0000000e+00]
 [-6.1482802e-02 -7.4915759e-02  5.7662624e-01]
 [-3.5202327e-01 -6.5590441e-04  5.3058308e-01]
 [-2.0385171e-01 -2.4930823e-01  2.6014158e-01]
 [-2.0251837e-01 -1.9878879e-01  2.0525378e-01]
 [ 5.6306645e-02 -2.1271318e-02  7.7573204e-01]
 [ 9.5362395e-02 -7.1848929e-02  1.0208923e+00]
 [-1.8274281e-02 -6.1885566e-02  1.1121283e+00]
 [ 6.4650759e-02 -8.2365841e-02  1.1473949e+00]
 [ 1.3580225e-01 -1.3561016e-01  9.5607185e-01]
 [ 2.5856328e-01 -1.9814377e-01  7.6180303e-01]
 [ 3.3006269e-01 -3.4224731e-01  7.5114030e-01]
 [ 5.7726480e-02  2.0916432e-02  1.0106763e+00]
 [-1.2922212e-01  6.4401060e-02  1.0757377e+00]
 [-2.7614433e-01  4.9949288e-02  1.2582029e+00]]
[[ 0.0000000e+00  0.0000000e+00  4.2870668e-01]
 [ 5.4688249e-02  7.3118314e-02  4.2725056e-01]
 [ 1.6390657e-01  2.1989609e-01  1.1039373e-01]
 [ 4.4252360e-01  5.1278919e-02  7.1037740e-02]
 [ 5.2767831e-01  4.4009924e-02  0.0000000e+00]
 [-5.4749720e-02 -7.2911963e-02  4.3102562e-01]
 [-3.4970245e-01  8.1389397e-04  4.1585889e-01]
 [-4.0805435e-01 -6.6980034e-02  4.8795938e-02]
 [-4.8125765e-01  1.7960846e-02  3.0630410e-02]
 [ 4.5248270e-02 -3.0080199e-02  6.2229794e-01]
 [ 8.3468616e-02 -7.9681575e-02  8.6451727e-01]
 [-2.0313077e-02 -8.2923561e-02  9.5650601e-01]
 [ 6.5681472e-02 -8.9181960e-02  9.9707973e-01]
 [ 1.4670926e-01 -1.3138863e-01  8.0728745e-01]
 [ 2.7748898e-01 -2.3413056e-01  6.9575989e-01]
 [ 3.5163945e-01 -3.5242119e-01  7.9867744e-01]
 [ 2.5464026e-02 -5.7523847e-03  8.4277040e-01]
 [-1.7317104e-01  7.6832473e-03  8.3207726e-01]
 [-3.6538750e-01  4.6905577e-02  8.7019163e-01]]
[[ 0.0000000e+00  0.0000000e+00  3.7514940e-01]
 [ 4.4422485e-02  7.0195824e-02  3.7856823e-01]
 [ 8.9041770e-02  1.6310601e-01  4.5081407e-02]
 [ 3.2641822e-01 -7.7401608e-02  9.4021082e-02]
 [ 4.3667644e-01 -1.1211419e-01  7.6071024e-02]
 [-4.4555381e-02 -7.0059657e-02  3.7276399e-01]
 [-3.4488922e-01  5.7481863e-03  3.2265651e-01]
 [-5.1662964e-01  4.8714221e-02  0.0000000e+00]
 [-6.2604296e-01  1.2602368e-01  1.6193867e-02]
 [ 3.0773625e-02 -3.4683630e-02  5.6720585e-01]
 [ 5.8040082e-02 -7.6904774e-02  8.0960190e-01]
 [-4.2471703e-02 -8.6479098e-02  9.0212309e-01]
 [ 4.2413410e-02 -8.8755012e-02  9.5055735e-01]
 [ 1.2713802e-01 -1.3401958e-01  7.6753849e-01]
 [ 2.3970902e-01 -2.9076684e-01  7.4449492e-01]
 [ 2.6823109e-01 -4.0605292e-01  9.2715394e-01]
 [-8.0106221e-04 -1.0651350e-03  7.7327943e-01]
 [-1.5383956e-01  5.6236506e-02  6.7844880e-01]
 [-3.0896473e-01  7.5793654e-02  6.0960883e-01]]
[[ 0.          0.          0.3873277 ]
 [ 0.03892756  0.07036862  0.39489067]
 [-0.01641219  0.14040263  0.0821169 ]
 [ 0.20654026 -0.12464845  0.14702016]
 [ 0.31815743 -0.16456588  0.15547103]
 [-0.03911794 -0.07032701  0.38081414]
 [-0.32319093  0.05840708  0.2899622 ]
 [-0.52329105  0.16220148  0.        ]
 [-0.6436473   0.24511936  0.03988248]
 [ 0.02233398 -0.03114079  0.57645506]
 [ 0.04100865 -0.05733129  0.81803787]
 [-0.06474707 -0.06398597  0.91629326]
 [ 0.02306155 -0.07204002  0.95991623]
 [ 0.10212366 -0.12341544  0.7961397 ]
 [ 0.15672073 -0.30821738  0.88018274]
 [ 0.15230447 -0.3719735   1.1061352 ]
 [-0.00509426  0.02129677  0.76351136]
 [-0.09375052  0.13229902  0.607074  ]
 [-0.19832757  0.17395906  0.47094446]]
[[ 0.0000000e+00  0.0000000e+00  4.4729623e-01]
 [ 2.5960650e-02  7.4318573e-02  4.5543003e-01]
 [-1.8514666e-01  1.2784441e-01  2.3142171e-01]
 [ 8.2968533e-02 -1.0799408e-01  2.1926907e-01]
 [ 1.7071828e-01 -1.3919288e-01  2.0450112e-01]
 [-2.6185231e-02 -7.4349895e-02  4.3999889e-01]
 [-3.1355193e-01  8.5014611e-02  3.0567205e-01]
 [-4.6509111e-01  2.3316044e-01  0.0000000e+00]
 [-5.8853340e-01  3.2448590e-01  3.3326238e-02]
 [ 1.5204448e-02 -3.0275598e-02  6.3203615e-01]
 [ 2.1438707e-02 -4.5035213e-02  8.7086546e-01]
 [-9.7117871e-02 -4.6345562e-02  9.6749008e-01]
 [-6.9935820e-03 -6.1589837e-02  1.0125805e+00]
 [ 6.1242744e-02 -1.2466398e-01  8.6731124e-01]
 [ 1.7076328e-02 -3.2513410e-01  1.0521904e+00]
 [-2.7601615e-02 -3.4273183e-01  1.2815888e+00]
 [ 3.7331879e-04  3.2071829e-02  7.9812145e-01]
 [ 9.8459162e-03  1.5752900e-01  5.9902334e-01]
 [-5.8946908e-03  2.7850148e-01  4.2348766e-01]]
[[ 0.          0.          0.5021644 ]
 [ 0.0253973   0.08631726  0.512631  ]
 [-0.3290019   0.11215188  0.48129117]
 [-0.07387026 -0.03155771  0.26703042]
 [-0.07290289 -0.03175694  0.1732409 ]
 [-0.02553964 -0.08649394  0.492017  ]
 [-0.29887265  0.09592162  0.35338604]
 [-0.27871907  0.22628415  0.00998759]
 [-0.37683126  0.32780623  0.        ]
 [ 0.02052605 -0.03168069  0.69053197]
 [ 0.03166613 -0.03753966  0.9287209 ]
 [-0.10674025 -0.02915964  1.0194165 ]
 [-0.01771962 -0.06715661  1.0603471 ]
 [ 0.02999068 -0.12518892  0.9367502 ]
 [-0.11390879 -0.31044993  1.1243432 ]
 [-0.16858238 -0.2798851   1.2861326 ]
 [ 0.05993934  0.03090554  0.84785193]
 [ 0.15132771  0.13828143  0.6599332 ]
 [ 0.2701189   0.26578394  0.48045218]]
[[ 0.          0.          0.4678977 ]
 [ 0.03748333  0.09225386  0.4866706 ]
 [-0.32792252  0.13115701  0.6054777 ]
 [-0.37139    -0.01888245  0.2443776 ]
 [-0.4653688   0.0460961   0.18486947]
 [-0.037563   -0.09256519  0.4489745 ]
 [-0.22862586  0.14681901  0.3058428 ]
 [-0.00521393  0.25269985  0.0477407 ]
 [-0.02094969  0.36143565  0.        ]
 [ 0.02626547 -0.05732358  0.65813124]
 [ 0.04115786 -0.08175528  0.89115834]
 [-0.10402192 -0.06846482  0.95633376]
 [-0.03120745 -0.12984854  1.0054779 ]
 [-0.01626398 -0.15434328  0.8957583 ]
 [-0.230696   -0.28044426  1.0178281 ]
 [-0.36893627 -0.27061433  1.1340065 ]
 [ 0.12610687 -0.02999797  0.83015263]
 [ 0.3089336   0.03803344  0.70340765]
 [ 0.49235058  0.16170152  0.5946297 ]]
[[ 0.          0.          0.36898258]
 [ 0.03704535  0.07737516  0.39128253]
 [-0.29546738  0.12883681  0.56049275]
 [-0.55841255 -0.01206563  0.26561436]
 [-0.6610752   0.04214843  0.2795032 ]
 [-0.03714595 -0.07773985  0.3464551 ]
 [-0.16816902  0.13495925  0.21392906]
 [ 0.13796379  0.22786975  0.05074278]
 [ 0.18480526  0.33670896  0.        ]
 [ 0.02252969 -0.07144664  0.55674547]
 [ 0.02622116 -0.11766538  0.7790298 ]
 [-0.11473994 -0.11210775  0.8183244 ]
 [-0.05168062 -0.17812774  0.8757603 ]
 [-0.04768456 -0.17914505  0.76557326]
 [-0.2943948  -0.28888905  0.78963256]
 [-0.46885067 -0.27285072  0.834146  ]
 [ 0.12821259 -0.07465979  0.74993265]
 [ 0.3499694  -0.01034173  0.7182973 ]
 [ 0.510849    0.13048297  0.7428677 ]]
[[ 0.          0.          0.29652935]
 [ 0.02973452  0.07366756  0.32067746]
 [-0.2791667   0.12423906  0.49871194]
 [-0.6407198   0.00702878  0.31015265]
 [-0.7331959   0.03500938  0.38250583]
 [-0.02988264 -0.07406746  0.27218634]
 [-0.13682798  0.08407331  0.17491406]
 [ 0.17584671  0.15325129  0.05176704]
 [ 0.25932154  0.23615906  0.        ]
 [ 0.00735885 -0.07297157  0.4856199 ]
 [-0.00606477 -0.13163462  0.703645  ]
 [-0.13527796 -0.12707025  0.7243589 ]
 [-0.0839821  -0.1888245   0.7881371 ]
 [-0.07279746 -0.18484539  0.6704545 ]
 [-0.30129734 -0.26144296  0.62419593]
 [-0.41704267 -0.1688905   0.6330937 ]
 [ 0.09445383 -0.08836207  0.6934659 ]
 [ 0.31687713  0.01839492  0.7359239 ]
 [ 0.42247826  0.13659036  0.84895533]]
[[ 0.          0.          0.27094996]
 [ 0.02049851  0.06935951  0.2960592 ]
 [-0.27559295  0.11234951  0.47360092]
 [-0.65626717 -0.005321    0.3239473 ]
 [-0.73897374  0.00879478  0.41589326]
 [-0.02065263 -0.06976009  0.24569453]
 [-0.13791755  0.04079605  0.16976637]
 [ 0.17024544  0.12356973  0.05125642]
 [ 0.2651354   0.19747788  0.        ]
 [-0.00113032 -0.07352027  0.45959938]
 [-0.02129726 -0.13308176  0.673272  ]
 [-0.14790235 -0.13288441  0.6858531 ]
 [-0.10362959 -0.19257146  0.75198376]
 [-0.07872249 -0.18542586  0.6357437 ]
 [-0.29389238 -0.2542879   0.56819767]
 [-0.3993129  -0.1827636   0.56285244]
 [ 0.068096   -0.09035641  0.6687858 ]
 [ 0.27147356  0.02584493  0.72529376]
 [ 0.3592964   0.14894599  0.8522934 ]]
[[ 0.          0.          0.02425361]
 [ 0.04198476  0.08641358  0.04899342]
 [-0.20692062  0.22688621  0.23165864]
 [-0.5871974   0.16767228  0.13769615]
 [-0.6315178   0.17878482  0.2518121 ]
 [-0.0423698  -0.08671173  0.        ]
 [-0.28706658 -0.03198966  0.12625246]
 [-0.5034826   0.2326012   0.12274483]
 [-0.5264933   0.26438713  0.21411659]
 [-0.03082583 -0.06610522  0.21677607]
 [-0.0863984  -0.12007773  0.43545502]
 [-0.19494909 -0.08410361  0.43192014]
 [-0.16406438 -0.13280487  0.5083832 ]
 [-0.12110476 -0.18470167  0.37622088]
 [-0.32664245 -0.20590574  0.2310607 ]
 [-0.5376932  -0.12786001  0.12913314]
 [-0.0140203  -0.05359688  0.4510748 ]
 [ 0.06074664  0.05043346  0.56717104]
 [ 0.01144441  0.08588767  0.7105206 ]]
[[ 0.          0.          0.21707144]
 [-0.0069317   0.08159132  0.23670897]
 [-0.26650307  0.1497164   0.41231856]
 [-0.67460847  0.01033625  0.34659344]
 [-0.71970165 -0.00336421  0.47135103]
 [ 0.00683558 -0.08176775  0.19746923]
 [-0.17277327 -0.01197296  0.28944173]
 [ 0.01552173  0.2556329   0.06810965]
 [ 0.00865707  0.31227392  0.        ]
 [-0.02715646 -0.07084705  0.39464724]
 [-0.08584684 -0.13917145  0.58516353]
 [-0.23524287 -0.12893482  0.5529858 ]
 [-0.19430158 -0.17113611  0.6268649 ]
 [-0.06237982 -0.21697308  0.54914755]
 [-0.31786153 -0.16156103  0.41470888]
 [-0.5065648  -0.10371333  0.34178957]
 [-0.06929487 -0.0550124   0.59544253]
 [-0.06809662  0.05871356  0.647041  ]
 [-0.09176493  0.13679868  0.6321312 ]]
[[ 0.          0.          0.13751282]
 [ 0.00410959  0.09571333  0.16080636]
 [-0.24850518  0.26764333  0.29224795]
 [-0.57083154  0.3048556   0.25005022]
 [-0.517307    0.31800553  0.15197444]
 [-0.00443699 -0.09563617  0.11427829]
 [-0.2771549  -0.07132122  0.20387194]
 [-0.2883481   0.19469237  0.        ]
 [-0.37651935  0.23434931  0.01823623]
 [-0.06540858 -0.07717161  0.29697636]
 [-0.16063605 -0.14658296  0.44797695]
 [-0.29279697 -0.11975151  0.39862502]
 [-0.24202555 -0.1520904   0.46318877]
 [-0.1273191  -0.23306274  0.43716198]
 [-0.3545502  -0.20612     0.27055174]
 [-0.5895684  -0.14261678  0.24024078]
 [-0.15583119 -0.05014288  0.46419525]
 [-0.3222688   0.04799783  0.40050995]
 [-0.47753334  0.00632949  0.3483405 ]]
[[ 0.          0.          0.0883393 ]
 [ 0.01784175  0.11311527  0.11378405]
 [-0.23412496  0.2891879   0.19906715]
 [-0.43515468  0.29851365  0.        ]
 [-0.5214102   0.32397902  0.016992  ]
 [-0.01818209 -0.11298609  0.06328312]
 [-0.35454273 -0.02774779  0.1238208 ]
 [-0.57879174  0.27996793  0.065819  ]
 [-0.65340227  0.28561383  0.12668282]
 [-0.08663559 -0.05131129  0.23420975]
 [-0.19173595 -0.09190403  0.3770235 ]
 [-0.3137265  -0.0471205   0.32742527]
 [-0.24562375 -0.0639638   0.38457572]
 [-0.1693528  -0.18492201  0.37604216]
 [-0.41687965 -0.12261324  0.22162114]
 [-0.6307043  -0.07516474  0.17168966]
 [-0.18135452  0.0115653   0.37974212]
 [-0.38754416  0.06232834  0.2904364 ]
 [-0.6025006   0.03451583  0.20409891]]
[[ 0.          0.          0.07167853]
 [ 0.01652706  0.11542855  0.10379618]
 [-0.2596769   0.2955697   0.1814844 ]
 [-0.47488964  0.33074006  0.        ]
 [-0.5784651   0.3519153   0.01709346]
 [-0.01682398 -0.11529371  0.03986837]
 [-0.35698575 -0.05008699  0.10389969]
 [-0.50676304  0.3227528   0.0303288 ]
 [-0.5908899   0.33503914  0.08205225]
 [-0.09234208 -0.07685724  0.20651954]
 [-0.20448752 -0.14428042  0.33954018]
 [-0.32026497 -0.10708363  0.2837129 ]
 [-0.25473082 -0.12930377  0.34050506]
 [-0.17250869 -0.234986    0.32980806]
 [-0.41175514 -0.19333771  0.16927756]
 [-0.6495633  -0.17325279  0.1303718 ]
 [-0.20040128 -0.03608957  0.3617009 ]
 [-0.40879565  0.01738633  0.25739378]
 [-0.62167716 -0.04907333  0.1703289 ]]
[[ 0.          0.          0.07001514]
 [ 0.01495603  0.11060782  0.10391723]
 [-0.28537264  0.28602988  0.17498311]
 [-0.46827412  0.35939133  0.        ]
 [-0.58244336  0.37433404  0.01595493]
 [-0.01520488 -0.11047824  0.03635932]
 [-0.367251   -0.07030634  0.1007772 ]
 [-0.47733867  0.3435391   0.03241351]
 [-0.57226074  0.35076743  0.08105994]
 [-0.08900647 -0.08479034  0.19876292]
 [-0.19740498 -0.16223657  0.32493928]
 [-0.30999738 -0.12965581  0.26737645]
 [-0.2476768  -0.14975734  0.32114205]
 [-0.16263531 -0.24795376  0.31128234]
 [-0.3905699  -0.2065916   0.14877382]
 [-0.6423516  -0.19055775  0.11925472]
 [-0.19892924 -0.05560412  0.3564988 ]
 [-0.40963885  0.00483869  0.2432279 ]
 [-0.61733675 -0.08193249  0.16221708]]
[[ 0.          0.          0.04624388]
 [ 0.0133006   0.10962778  0.08575865]
 [-0.3085885   0.276335    0.1698861 ]
 [-0.45499516  0.34616384  0.        ]
 [-0.5804083   0.3594529   0.01734315]
 [-0.01353274 -0.10952194  0.00701565]
 [-0.38557568 -0.09266643  0.08736035]
 [-0.45510507  0.3206087   0.01731795]
 [-0.5570643   0.33300522  0.06657206]
 [-0.07979664 -0.0966837   0.16832152]
 [-0.1806096  -0.1882619   0.28713256]
 [-0.2931081  -0.1632972   0.2257518 ]
 [-0.23457283 -0.17862138  0.28381038]
 [-0.14238924 -0.26636672  0.26379982]
 [-0.35412934 -0.25309289  0.08963439]
 [-0.62573445 -0.24668223  0.08115244]
 [-0.18646722 -0.08594988  0.32940292]
 [-0.41185716 -0.03546308  0.21483943]
 [-0.60970056 -0.1512882   0.13907799]]
[[ 0.          0.          0.05426595]
 [ 0.00813924  0.1106317   0.10880646]
 [-0.34950098  0.23829778  0.25356758]
 [-0.36613923  0.3132018   0.05893666]
 [-0.47194815  0.3261136   0.03094649]
 [-0.00833602 -0.11062723  0.        ]
 [-0.40617296 -0.13073385  0.10491947]
 [-0.38127208  0.28933585  0.05846241]
 [-0.5007069   0.29767925  0.1374774 ]
 [-0.0445919  -0.11942569  0.17914273]
 [-0.11496448 -0.23740344  0.29959518]
 [-0.23133375 -0.20764142  0.2446141 ]
 [-0.17815292 -0.22729753  0.3005314 ]
 [-0.07369962 -0.31426397  0.25771278]
 [-0.25690702 -0.3434818   0.06628669]
 [-0.5723063  -0.34267214  0.11673567]
 [-0.12512851 -0.12928967  0.35385013]
 [-0.36333776 -0.06006594  0.25679967]
 [-0.53752613 -0.2121132   0.22707298]]
[[ 0.          0.          0.05617167]
 [ 0.00591636  0.11288629  0.11261414]
 [-0.36712033  0.24493963  0.2553408 ]
 [-0.33574292  0.26987642  0.07334487]
 [-0.46650213  0.28346908  0.07186475]
 [-0.0060176  -0.11290576  0.        ]
 [-0.39979154 -0.11902877  0.12541837]
 [-0.32733262  0.28247315  0.09122595]
 [-0.44385988  0.3073636   0.16319144]
 [-0.02527768 -0.11940559  0.18035027]
 [-0.07454845 -0.24236046  0.30009797]
 [-0.19114406 -0.22135499  0.25697976]
 [-0.13399836 -0.24448766  0.3156368 ]
 [-0.02586042 -0.3149194   0.24797033]
 [-0.17049278 -0.36131334  0.04405154]
 [-0.4916342  -0.34869307  0.14163052]
 [-0.08887194 -0.13394776  0.3564477 ]
 [-0.34957206 -0.07048148  0.26974285]
 [-0.49102    -0.24266008  0.26265138]]
[[ 0.00000000e+00  0.00000000e+00  6.48589134e-02]
 [ 3.36952507e-04  1.10816903e-01  1.30127862e-01]
 [-4.09181178e-01  2.21934006e-01  2.34490946e-01]
 [-3.33326519e-01  2.01203257e-01  9.34686512e-02]
 [-4.94570494e-01  2.07369566e-01  1.39961481e-01]
 [-3.36885452e-04 -1.10919394e-01  0.00000000e+00]
 [-4.12180543e-01 -1.26909107e-01  1.21062875e-01]
 [-2.88146585e-01  2.61966199e-01  1.17760330e-01]
 [-3.96432161e-01  2.89182156e-01  2.04050303e-01]
 [-1.16776675e-04 -1.35611042e-01  1.77760690e-01]
 [-2.20417306e-02 -2.92204797e-01  2.87614167e-01]
 [-1.24528721e-01 -2.98798352e-01  2.70905644e-01]
 [-7.31094256e-02 -3.14504892e-01  3.19419801e-01]
 [ 3.29279453e-02 -3.48613411e-01  2.10516110e-01]
 [-9.94434059e-02 -4.11307335e-01  9.25511122e-03]
 [-3.95657688e-01 -4.80648667e-01  7.59756565e-02]
 [-5.37400767e-02 -1.84536099e-01  3.57167065e-01]
 [-3.20889682e-01 -1.03780106e-01  2.78232455e-01]
 [-4.34610963e-01 -3.00436199e-01  2.80296743e-01]]
[[ 0.          0.          0.06777781]
 [-0.00646443  0.0858501   0.13608742]
 [-0.3866935   0.23405093  0.16568696]
 [-0.32752752  0.05789676  0.2759659 ]
 [-0.38464212 -0.0065417   0.34059966]
 [ 0.00651989 -0.08603252  0.        ]
 [-0.36481738 -0.08212167  0.06093973]
 [-0.13643369  0.3063966   0.08667707]
 [-0.17131382  0.30864525  0.18252158]
 [ 0.04401559 -0.12181681  0.1774455 ]
 [ 0.07144484 -0.27238482  0.2824931 ]
 [ 0.00586846 -0.3130671   0.2966582 ]
 [ 0.05054414 -0.32174623  0.3265512 ]
 [ 0.14005771 -0.2979036   0.19754353]
 [ 0.03078768 -0.3782044   0.00518018]
 [-0.20777485 -0.53718704  0.02151787]
 [-0.00059986 -0.19941616  0.35948318]
 [-0.2775691  -0.1318691   0.26502404]
 [-0.38394883 -0.35707515  0.24461275]]
[[ 0.          0.          0.14942011]
 [-0.01244704  0.08112849  0.22938477]
 [-0.4315182   0.20147821  0.26123565]
 [-0.5092459   0.22154668  0.17711017]
 [-0.62725675  0.17264509  0.20681119]
 [ 0.01259804 -0.08125412  0.06986697]
 [-0.37754363 -0.09028012  0.07527278]
 [-0.33990476  0.39177796  0.1742253 ]
 [-0.41732663  0.39350682  0.26621127]
 [ 0.07838881 -0.11283618  0.23483849]
 [ 0.14996767 -0.26323527  0.31963825]
 [ 0.21056673 -0.30242527  0.3016162 ]
 [ 0.1951457  -0.30230975  0.33482176]
 [ 0.2240665  -0.24933119  0.2116689 ]
 [ 0.14891875 -0.34935385  0.        ]
 [-0.04100101 -0.54650795  0.00297305]
 [ 0.0616262  -0.22288418  0.42299747]
 [-0.18788104 -0.14667895  0.30619127]
 [-0.23436117 -0.3343442   0.20324203]]
[[ 0.          0.          0.19860852]
 [-0.01757735  0.06680346  0.28011596]
 [-0.43182993  0.15742514  0.29500616]
 [-0.5228274   0.22817534  0.1695688 ]
 [-0.62037045  0.16675371  0.17388943]
 [ 0.01780411 -0.06687992  0.11750866]
 [-0.37684524 -0.07837488  0.08688721]
 [-0.3141719   0.42600182  0.16956702]
 [-0.3695438   0.41170847  0.24907464]
 [ 0.08541059 -0.12129835  0.2697845 ]
 [ 0.1702846  -0.28062713  0.3404264 ]
 [ 0.27454966 -0.32461467  0.31452125]
 [ 0.23103777 -0.326202    0.35167843]
 [ 0.24881625 -0.23432715  0.23314622]
 [ 0.20344937 -0.32644308  0.01397333]
 [ 0.04785547 -0.554821    0.        ]
 [ 0.07005519 -0.26393148  0.4507128 ]
 [-0.16452456 -0.20260319  0.31170273]
 [-0.17106463 -0.38103354  0.18165278]]
[[ 0.          0.          0.21088523]
 [-0.0204455   0.05777384  0.28972706]
 [-0.4255638   0.15141337  0.3029358 ]
 [-0.53527343  0.20811825  0.15530454]
 [-0.62602097  0.13988619  0.15107921]
 [ 0.02070095 -0.05782883  0.1324105 ]
 [-0.36364996 -0.0602605   0.08986077]
 [-0.3028339   0.43120256  0.15779948]
 [-0.35378373  0.40911335  0.22653234]
 [ 0.09185562 -0.12045491  0.27838433]
 [ 0.18762618 -0.27496955  0.34565175]
 [ 0.31189793 -0.32214475  0.31725883]
 [ 0.26022977 -0.31776565  0.35729736]
 [ 0.2660501  -0.21661979  0.24052039]
 [ 0.24397844 -0.30254984  0.01428834]
 [ 0.10439366 -0.5432452   0.        ]
 [ 0.08377296 -0.26898783  0.4560492 ]
 [-0.14332393 -0.20906907  0.30848992]
 [-0.13073047 -0.38066548  0.16597787]]
