[[ 0.          0.          0.6809181 ]
 [ 0.03187441 -0.11246458  0.67302614]
 [ 0.3057539   0.10577941  0.40960422]
 [ 0.34882098  0.15594655  0.0113368 ]
 [ 0.5386944   0.2075069   0.        ]
 [-0.0319453   0.11237517  0.6888047 ]
 [-0.12593132  0.10256836  0.32654905]
 [-0.5335281  -0.14620984  0.5411998 ]
 [-0.6359714  -0.16538617  0.51682526]
 [ 0.05555706 -0.00149032  0.89815927]
 [ 0.12817577 -0.00816011  1.1522985 ]
 [ 0.231523   -0.02606851  1.2358953 ]
 [ 0.15157738 -0.05091614  1.2882096 ]
 [ 0.07461949  0.12599385  1.092988  ]
 [ 0.13303883  0.25401425  0.8564087 ]
 [ 0.2959274   0.19569272  0.8528461 ]
 [ 0.14124534 -0.13492048  1.1085217 ]
 [ 0.03905784 -0.20099172  0.9038472 ]
 [ 0.17621398 -0.2057092   0.8359499 ]]
[[ 0.          0.          0.7163414 ]
 [ 0.03498591 -0.11124566  0.7102974 ]
 [ 0.26506093  0.07274696  0.43734217]
 [ 0.22403073  0.08233863  0.03064358]
 [ 0.40246922  0.14380032  0.        ]
 [-0.03507256  0.11110938  0.7223605 ]
 [-0.04562061  0.14364153  0.36208135]
 [-0.43749666 -0.10670918  0.6007703 ]
 [-0.53942513 -0.12721354  0.5586513 ]
 [ 0.05692491 -0.00280708  0.9335886 ]
 [ 0.128275   -0.00783005  1.1888465 ]
 [ 0.23376875 -0.03173351  1.2726313 ]
 [ 0.15324965 -0.05597538  1.324192  ]
 [ 0.06534023  0.12535098  1.1285506 ]
 [ 0.08556431  0.25644672  0.8927765 ]
 [ 0.23516144  0.23564216  0.85267705]
 [ 0.14653558 -0.1370526   1.1429963 ]
 [ 0.05996254 -0.20038512  0.92673105]
 [ 0.1841653  -0.19927374  0.84476346]]
[[ 0.          0.          0.7185267 ]
 [ 0.01978636 -0.11601665  0.70465875]
 [ 0.09394367  0.01944378  0.37555528]
 [-0.09960955  0.02480358  0.09368134]
 [ 0.03127659  0.08684933  0.        ]
 [-0.01993867  0.11576495  0.7322839 ]
 [ 0.1648584   0.16949053  0.42118138]
 [-0.20513901  0.01656273  0.47377592]
 [-0.19618213  0.05053046  0.27773103]
 [ 0.05896772  0.00139914  0.9314027 ]
 [ 0.120855   -0.00275993  1.1917915 ]
 [ 0.21471387 -0.02712655  1.2794306 ]
 [ 0.13792609 -0.05086726  1.3351066 ]
 [ 0.04312796  0.11591426  1.1398063 ]
 [-0.06835827  0.2291567   0.9555783 ]
 [-0.04237857  0.29671553  0.7854355 ]
 [ 0.15600155 -0.13229918  1.1405251 ]
 [ 0.16996351 -0.23520538  0.8991055 ]
 [ 0.32075515 -0.10761645  0.94846404]]
[[ 0.          0.          0.7094376 ]
 [ 0.01853007 -0.10830296  0.69321394]
 [ 0.02348805  0.01066825  0.3569603 ]
 [-0.18824747  0.05511522  0.10687321]
 [-0.07143556  0.13076252  0.        ]
 [-0.01867842  0.1080731   0.72556275]
 [ 0.205879    0.12074819  0.4457496 ]
 [-0.16921651 -0.03771186  0.35884556]
 [-0.18154424 -0.00696176  0.22221923]
 [ 0.04954904  0.00257355  0.92275935]
 [ 0.10626845 -0.00530759  1.184607  ]
 [ 0.20538352 -0.02696902  1.2650716 ]
 [ 0.13301145 -0.0373432   1.3272874 ]
 [ 0.02537801  0.11257941  1.1350716 ]
 [-0.11420752  0.24799052  0.9891552 ]
 [-0.14823642  0.23863693  0.76600385]
 [ 0.14567809 -0.13199496  1.1293284 ]
 [ 0.19012642 -0.24584696  0.89058423]
 [ 0.33919975 -0.0858338   0.9850962 ]]
[[ 0.          0.          0.6606816 ]
 [ 0.02091104 -0.10232058  0.63877714]
 [-0.10683588  0.00221351  0.31090927]
 [-0.38377118 -0.03280875  0.20047331]
 [-0.367705    0.05440778  0.07235813]
 [-0.0210293   0.10209048  0.68245494]
 [ 0.26258022  0.20002405  0.47892177]
 [ 0.07519362  0.12855867  0.12490344]
 [ 0.20271662  0.14896452  0.        ]
 [ 0.03678837 -0.00259128  0.88054323]
 [ 0.07643188  0.00388432  1.1437352 ]
 [ 0.16587202 -0.01434445  1.2210188 ]
 [ 0.09510647 -0.02524459  1.279111  ]
 [-0.01195335  0.11482751  1.0992098 ]
 [-0.20135951  0.23894462  0.9877464 ]
 [-0.2160218   0.25870737  0.73968583]
 [ 0.14399692 -0.12774426  1.1016761 ]
 [ 0.21608526 -0.2548833   0.86901927]
 [ 0.31372523 -0.03679505  0.97153085]]
[[ 0.00000000e+00  0.00000000e+00  6.85642958e-01]
 [ 2.50833407e-02 -9.32776779e-02  6.62815571e-01]
 [-1.15723304e-01 -2.63794661e-02  3.13329518e-01]
 [-4.58309710e-01 -7.39077330e-02  3.42852235e-01]
 [-5.08165181e-01  1.25798583e-02  2.38756478e-01]
 [-2.51990259e-02  9.30530205e-02  7.08332539e-01]
 [ 2.47506022e-01  2.28318334e-01  4.72392738e-01]
 [ 1.50517553e-01  1.60440177e-01  6.99580908e-02]
 [ 2.82653153e-01  1.82464778e-01  0.00000000e+00]
 [ 3.07991914e-02  1.00955367e-03  9.05470610e-01]
 [ 6.23465553e-02  4.46242094e-03  1.16790843e+00]
 [ 1.52480453e-01 -1.12137794e-02  1.25354862e+00]
 [ 8.64390433e-02 -2.07009315e-02  1.30926347e+00]
 [-2.55203620e-02  1.12178683e-01  1.11803508e+00]
 [-2.04442590e-01  2.49783754e-01  9.97268438e-01]
 [-1.90830141e-01  2.98065156e-01  7.67729580e-01]
 [ 1.37298197e-01 -1.22773170e-01  1.12458432e+00]
 [ 2.04934448e-01 -2.52389342e-01  8.91281843e-01]
 [ 3.21523875e-01 -2.90375650e-02  9.54234719e-01]]
[[ 0.          0.          0.6997191 ]
 [ 0.03270719 -0.09029116  0.6776519 ]
 [-0.0875524  -0.02575654  0.31707215]
 [-0.45261294 -0.10256745  0.4353762 ]
 [-0.5472059  -0.02620083  0.37414557]
 [-0.03280082  0.09008108  0.7216555 ]
 [ 0.23129146  0.25870287  0.46558934]
 [ 0.19025567  0.2225492   0.04602659]
 [ 0.33455855  0.24609065  0.        ]
 [ 0.02992964  0.00239746  0.92146623]
 [ 0.06102851  0.00748733  1.1836766 ]
 [ 0.14518785 -0.00737715  1.2766963 ]
 [ 0.07987338 -0.017021    1.3262458 ]
 [-0.02765943  0.11499858  1.1273242 ]
 [-0.18777004  0.2577873   0.98629034]
 [-0.12926236  0.32919165  0.7927339 ]
 [ 0.14109176 -0.12182826  1.1429671 ]
 [ 0.17549154 -0.25829023  0.91443163]
 [ 0.3124355  -0.03968924  0.9122052 ]]
[[ 0.          0.          0.72182786]
 [ 0.03793647 -0.08854189  0.7003729 ]
 [-0.01690465 -0.0360786   0.33446693]
 [-0.41423005 -0.11558706  0.49701932]
 [-0.53188694 -0.05168507  0.45733723]
 [-0.0380246   0.08834097  0.7431571 ]
 [ 0.19943649  0.2696511   0.47688583]
 [ 0.14468609  0.24378264  0.05462313]
 [ 0.29274493  0.27265912  0.        ]
 [ 0.02908028  0.00847384  0.9430964 ]
 [ 0.05888766  0.01921523  1.2055984 ]
 [ 0.14250785  0.00264871  1.2987199 ]
 [ 0.07558163 -0.00566781  1.3468225 ]
 [-0.02660266  0.1278089   1.1432621 ]
 [-0.14087021  0.27963263  0.9821881 ]
 [-0.01826389  0.37654328  0.834042  ]
 [ 0.14031163 -0.11391854  1.1664984 ]
 [ 0.14686203 -0.25264975  0.94108236]
 [ 0.280633   -0.04771975  0.88400096]]
[[ 0.          0.          0.7422824 ]
 [ 0.03885038 -0.09287477  0.7231126 ]
 [ 0.08317694 -0.04200679  0.3671274 ]
 [-0.35326678 -0.10202941  0.5420078 ]
 [-0.4660085  -0.02874485  0.47983974]
 [-0.0389697   0.09265584  0.76133007]
 [ 0.1256912   0.23010653  0.46670148]
 [ 0.02512439  0.18806505  0.06525779]
 [ 0.17926186  0.20694679  0.        ]
 [ 0.03001926  0.00895169  0.9634682 ]
 [ 0.0581976   0.02283877  1.2256322 ]
 [ 0.13784413  0.00625259  1.3196971 ]
 [ 0.06667185 -0.0123232   1.3693773 ]
 [-0.02345258  0.13311481  1.1574156 ]
 [-0.08736986  0.27806312  0.96938825]
 [ 0.07658243  0.34935406  0.8667894 ]
 [ 0.13754693 -0.111186    1.1912011 ]
 [ 0.12431313 -0.24145354  0.9675794 ]
 [ 0.22481075 -0.06162241  0.87677836]]
[[ 0.00000000e+00  0.00000000e+00  7.55558968e-01]
 [ 4.21902984e-02 -1.00760229e-01  7.38884211e-01]
 [ 2.34636575e-01 -2.23129988e-04  4.28326517e-01]
 [-2.36906901e-01 -6.76963925e-02  5.39129376e-01]
 [-2.84261554e-01 -7.25388527e-03  4.33064282e-01]
 [-4.23243344e-02  1.00495711e-01  7.72144020e-01]
 [ 1.00889429e-02  1.72012120e-01  4.34736192e-01]
 [-1.84342474e-01  1.20203495e-01  7.12515712e-02]
 [-5.64701855e-02  1.46640480e-01  0.00000000e+00]
 [ 3.34762074e-02  1.37095898e-02  9.74764824e-01]
 [ 6.58400357e-02  3.33763957e-02  1.23701191e+00]
 [ 1.47988498e-01  1.12451315e-02  1.33106673e+00]
 [ 7.03471899e-02 -5.49936295e-03  1.38452971e+00]
 [-4.73297387e-03  1.51801944e-01  1.16432405e+00]
 [ 1.33269355e-02  2.82185704e-01  9.58850503e-01]
 [ 1.91134825e-01  3.25454921e-01  9.51878905e-01]
 [ 1.40000701e-01 -1.01861537e-01  1.20701289e+00]
 [ 8.52812231e-02 -1.95431784e-01  9.98196959e-01]
 [ 1.24261707e-01 -1.11432485e-01  9.06066656e-01]]
[[ 0.          0.          0.66286856]
 [ 0.03211151 -0.10635667  0.65122044]
 [ 0.33546144  0.01278697  0.4308979 ]
 [ 0.0196417  -0.10665005  0.15629387]
 [ 0.1217999  -0.07670468  0.01593828]
 [-0.03223353  0.10613811  0.67449254]
 [-0.14825246  0.15778083  0.34825534]
 [-0.4479345   0.16272     0.11694604]
 [-0.379435    0.1983509   0.        ]
 [ 0.02503809  0.00238846  0.88268983]
 [ 0.05596497  0.01023099  1.1440256 ]
 [ 0.15198088 -0.01239395  1.2326344 ]
 [ 0.07182552 -0.03229153  1.291251  ]
 [ 0.02122818  0.13889045  1.0743015 ]
 [ 0.15740103  0.25301996  0.8791487 ]
 [ 0.25098294  0.15399498  1.0091972 ]
 [ 0.0883079  -0.133594    1.1228445 ]
 [-0.06511547 -0.22066644  0.9357551 ]
 [-0.08250985 -0.16407186  0.8340055 ]]
[[ 0.          0.          0.681171  ]
 [ 0.03278568 -0.10832135  0.6727148 ]
 [ 0.33016282  0.03096381  0.44815677]
 [ 0.19405508 -0.05637091  0.06660736]
 [ 0.3500746  -0.01155645  0.        ]
 [-0.03286663  0.10814291  0.68961215]
 [-0.19440326  0.11014064  0.34942642]
 [-0.5715508   0.03506473  0.26701438]
 [-0.57945347  0.06108254  0.15424138]
 [ 0.02303974 -0.00564635  0.9041042 ]
 [ 0.06416933 -0.00723457  1.1644166 ]
 [ 0.16599485 -0.02703869  1.2470026 ]
 [ 0.0874348  -0.0462541   1.3060846 ]
 [ 0.02895734  0.12447137  1.0974817 ]
 [ 0.17196228  0.23110184  0.8916912 ]
 [ 0.26399523  0.13432801  1.019471  ]
 [ 0.08057272 -0.1461026   1.13913   ]
 [-0.10948592 -0.21758327  0.9848795 ]
 [-0.1138117  -0.20957977  0.8351136 ]]
[[ 0.0000000e+00  0.0000000e+00  6.6195214e-01]
 [ 3.3669837e-02 -1.0647318e-01  6.5626252e-01]
 [ 3.1641203e-01  6.1129212e-02  4.2456937e-01]
 [ 2.4926868e-01  5.2724481e-03  3.4119546e-02]
 [ 4.1545022e-01  5.6871295e-02  0.0000000e+00]
 [-3.3717312e-02  1.0632399e-01  6.6764653e-01]
 [-1.7785883e-01  5.3251773e-02  2.9642528e-01]
 [-5.9230679e-01 -1.2774457e-01  3.5372341e-01]
 [-6.5869749e-01 -1.1916268e-01  2.9915172e-01]
 [ 3.1256236e-02 -8.5183978e-04  8.8369721e-01]
 [ 8.0702327e-02 -1.0962665e-02  1.1423565e+00]
 [ 1.8466668e-01 -2.9797077e-02  1.2241290e+00]
 [ 1.0433841e-01 -4.4712186e-02  1.2811487e+00]
 [ 4.1639097e-02  1.2018120e-01  1.0765257e+00]
 [ 1.4234848e-01  2.3630755e-01  8.5279578e-01]
 [ 2.7457088e-01  1.4898090e-01  9.1975993e-01]
 [ 8.7888256e-02 -1.4204702e-01  1.1122456e+00]
 [-8.9348458e-02 -2.2060624e-01  9.5138383e-01]
 [-6.1579004e-02 -2.7101660e-01  7.8767943e-01]]
[[ 0.00000000e+00  0.00000000e+00  6.74471021e-01]
 [ 3.32440212e-02 -1.05357327e-01  6.73233688e-01]
 [ 2.77939379e-01  5.03260791e-02  4.29276884e-01]
 [ 1.84567019e-01  6.04569912e-04  2.79756784e-02]
 [ 3.58390689e-01  4.07152772e-02  0.00000000e+00]
 [-3.33182886e-02  1.05175018e-01  6.75701380e-01]
 [-9.70045030e-02  8.91759694e-02  2.98403889e-01]
 [-5.19322395e-01 -1.44792467e-01  4.32719231e-01]
 [-6.09402478e-01 -1.53051764e-01  4.10335481e-01]
 [ 3.97715680e-02 -1.40111148e-03  8.94608498e-01]
 [ 9.48449969e-02 -9.10645723e-03  1.15299964e+00]
 [ 1.97062969e-01 -3.05355787e-02  1.23686004e+00]
 [ 1.15879916e-01 -4.02432084e-02  1.29055262e+00]
 [ 4.60503064e-02  1.23200148e-01  1.08695602e+00]
 [ 1.07976250e-01  2.61738658e-01  8.61552894e-01]
 [ 2.49336496e-01  1.86596245e-01  8.70624602e-01]
 [ 1.02772564e-01 -1.38488501e-01  1.11607027e+00]
 [-7.22878426e-03 -2.16505021e-01  8.94406617e-01]
 [ 2.34424025e-02 -2.37305462e-01  7.76520133e-01]]
[[ 0.00000000e+00  0.00000000e+00  6.97668970e-01]
 [ 3.02106887e-02 -1.03947461e-01  6.97191715e-01]
 [ 2.38671780e-01  4.60983217e-02  4.52029586e-01]
 [ 8.47402364e-02 -6.67595863e-03  5.24034500e-02]
 [ 2.43743241e-01  3.95226479e-02  0.00000000e+00]
 [-3.02970931e-02  1.03757657e-01  6.98122144e-01]
 [-1.23198442e-02  9.47106779e-02  3.26758295e-01]
 [-4.42258239e-01 -1.34723485e-01  4.90934372e-01]
 [-5.25918365e-01 -1.66990668e-01  4.63406801e-01]
 [ 4.61985916e-02 -8.05065036e-04  9.14419055e-01]
 [ 1.02129757e-01 -8.77568126e-03  1.17323363e+00]
 [ 2.01182276e-01 -3.97632718e-02  1.26304913e+00]
 [ 1.16208404e-01 -4.91398573e-02  1.31235838e+00]
 [ 4.51472551e-02  1.21875554e-01  1.10714710e+00]
 [ 6.59092739e-02  2.53947377e-01  8.86844158e-01]
 [ 1.74982294e-01  2.18666077e-01  8.58502865e-01]
 [ 1.07561231e-01 -1.38282329e-01  1.13243628e+00]
 [ 6.21703267e-03 -2.13650063e-01  9.21987772e-01]
 [ 6.96241558e-02 -2.47339532e-01  7.90663183e-01]]
[[ 0.00000000e+00  0.00000000e+00  7.01907396e-01]
 [ 2.41640136e-02 -1.03304401e-01  6.96731627e-01]
 [ 1.36651725e-01 -5.90538979e-03  4.24342275e-01]
 [-6.54774904e-02 -1.29857659e-02  5.92959523e-02]
 [ 7.65626058e-02  3.32328081e-02  0.00000000e+00]
 [-2.42892131e-02  1.03077106e-01  7.07023978e-01]
 [ 1.21087864e-01  1.19492754e-01  3.76696408e-01]
 [-3.09985727e-01 -8.52936506e-02  4.95633125e-01]
 [-3.74673635e-01 -8.17249417e-02  4.26065832e-01]
 [ 4.89135981e-02 -4.21160460e-03  9.20322180e-01]
 [ 1.02846093e-01 -1.52870715e-02  1.17894268e+00]
 [ 2.01796025e-01 -4.70396280e-02  1.26409137e+00]
 [ 1.20864213e-01 -5.06536961e-02  1.31738067e+00]
 [ 3.81764248e-02  1.12090290e-01  1.11863899e+00]
 [ 4.91410494e-04  2.48630136e-01  9.19125319e-01]
 [ 6.18352294e-02  3.12659889e-01  8.56040418e-01]
 [ 1.17288560e-01 -1.43126100e-01  1.13060415e+00]
 [ 6.23459965e-02 -2.51561999e-01  9.07323122e-01]
 [ 1.54145658e-01 -1.96614012e-01  8.61347437e-01]]
[[ 0.          0.          0.6884372 ]
 [ 0.01732339 -0.10508347  0.6734023 ]
 [-0.04577809 -0.01611102  0.3613964 ]
 [-0.298777    0.00337684  0.11542606]
 [-0.20161808  0.0730015   0.        ]
 [-0.01747256  0.10479872  0.7033591 ]
 [ 0.22989824  0.11157592  0.44161487]
 [-0.12415965 -0.04127222  0.25801435]
 [-0.08441767 -0.012052    0.13484484]
 [ 0.04092958 -0.0067407   0.9071562 ]
 [ 0.08739901 -0.0179719   1.1701306 ]
 [ 0.17887674 -0.04561943  1.2503743 ]
 [ 0.10680875 -0.03952891  1.3119638 ]
 [ 0.00696281  0.10272101  1.1195798 ]
 [-0.1486654   0.2327506   0.97791934]
 [-0.15309331  0.28524244  0.7572572 ]
 [ 0.12684852 -0.14776126  1.1200154 ]
 [ 0.16861382 -0.26881623  0.8903383 ]
 [ 0.2745929  -0.0668809   0.9748638 ]]
[[ 0.00000000e+00  0.00000000e+00  6.55498028e-01]
 [ 1.58333331e-02 -1.01716071e-01  6.33978248e-01]
 [-1.33220330e-01  3.94764543e-03  3.22458565e-01]
 [-4.43589211e-01 -5.43981791e-04  2.34211504e-01]
 [-4.40198272e-01  9.41538215e-02  1.04917884e-01]
 [-1.59504861e-02  1.01451479e-01  6.76899314e-01]
 [ 2.42510438e-01  1.77343503e-01  4.48622584e-01]
 [ 7.98882544e-02  5.41335940e-02  6.94777369e-02]
 [ 2.05682337e-01  6.04328513e-02  0.00000000e+00]
 [ 3.02252416e-02 -4.33421135e-03  8.79555464e-01]
 [ 6.29583672e-02 -4.95535135e-03  1.14476705e+00]
 [ 1.55025661e-01 -2.89493799e-02  1.22099304e+00]
 [ 8.29037875e-02 -2.05215216e-02  1.28081870e+00]
 [-1.99612454e-02  1.15932882e-01  1.09783125e+00]
 [-2.08549947e-01  2.52812445e-01  9.82004404e-01]
 [-1.98379815e-01  3.14475030e-01  7.50499487e-01]
 [ 1.24648720e-01 -1.36486948e-01  1.10566533e+00]
 [ 1.95285171e-01 -2.64665186e-01  8.74895513e-01]
 [ 2.87195146e-01 -3.69065404e-02  9.66199040e-01]]
[[ 0.0000000e+00  0.0000000e+00  6.7614675e-01]
 [ 1.8877350e-02 -9.3589149e-02  6.5449929e-01]
 [-1.3723584e-01 -4.0317237e-02  3.1032693e-01]
 [-5.1270461e-01 -7.7064782e-02  3.4352708e-01]
 [-5.7299137e-01  1.2223333e-02  2.4094379e-01]
 [-1.8984139e-02  9.3351446e-02  6.9767106e-01]
 [ 2.4325363e-01  2.1830726e-01  4.5150021e-01]
 [ 1.6478860e-01  1.3853562e-01  4.6822488e-02]
 [ 2.9625666e-01  1.5262109e-01  0.0000000e+00]
 [ 3.0227784e-02 -2.6866794e-05  8.9719605e-01]
 [ 5.9669159e-02  4.5580864e-03  1.1606603e+00]
 [ 1.5001863e-01 -1.7985463e-02  1.2430925e+00]
 [ 8.1399679e-02 -1.1645019e-02  1.3039207e+00]
 [-1.9666404e-02  1.2077090e-01  1.1074204e+00]
 [-1.9919306e-01  2.5851315e-01  9.6815598e-01]
 [-1.5144700e-01  3.3939761e-01  7.4691921e-01]
 [ 1.2463826e-01 -1.2560329e-01  1.1203870e+00]
 [ 1.7968443e-01 -2.5993794e-01  8.9147866e-01]
 [ 2.8506118e-01 -3.1958207e-02  9.4416839e-01]]
[[ 0.          0.          0.69331706]
 [ 0.02466416 -0.09269936  0.6723447 ]
 [-0.09515866 -0.05421346  0.31436878]
 [-0.5021026  -0.13624808  0.44067577]
 [-0.60071754 -0.06077337  0.36183092]
 [-0.02475187  0.0924779   0.7141694 ]
 [ 0.22408122  0.25794128  0.46185142]
 [ 0.1795372   0.20383424  0.04039466]
 [ 0.32801938  0.22657734  0.        ]
 [ 0.03163954  0.0100318   0.913482  ]
 [ 0.06290701  0.02301297  1.176252  ]
 [ 0.15104502  0.00176984  1.2658155 ]
 [ 0.0800091   0.00345033  1.3200822 ]
 [-0.0127541   0.13794613  1.1153734 ]
 [-0.16292173  0.28122836  0.9612925 ]
 [-0.0648908   0.3744514   0.76897895]
 [ 0.1279155  -0.1115416   1.1377234 ]
 [ 0.1446001  -0.25048468  0.9114933 ]
 [ 0.2727318  -0.03189242  0.9060799 ]]
[[ 0.          0.          0.7152754 ]
 [ 0.029959   -0.09420978  0.69652915]
 [-0.00274019 -0.05491054  0.3407565 ]
 [-0.42362535 -0.11618453  0.5190011 ]
 [-0.5249607  -0.04245761  0.45189217]
 [-0.03006143  0.09398463  0.7338916 ]
 [ 0.18262064  0.2452395   0.47439992]
 [ 0.10494322  0.1925906   0.05190265]
 [ 0.2580897   0.2150662   0.        ]
 [ 0.0334218   0.01313634  0.9338592 ]
 [ 0.06491785  0.02901474  1.1965623 ]
 [ 0.15349378  0.01041526  1.2892498 ]
 [ 0.07656395  0.00241512  1.339748  ]
 [-0.00927026  0.14509791  1.1272013 ]
 [-0.10919744  0.2950506   0.95762604]
 [ 0.03794646  0.40000063  0.81727076]
 [ 0.13322312 -0.10752356  1.1615927 ]
 [ 0.11556038 -0.24928771  0.94282746]
 [ 0.23157638 -0.06734003  0.87097675]]
[[ 0.00000000e+00  0.00000000e+00  7.42524922e-01]
 [ 3.27508822e-02 -1.02962151e-01  7.25632727e-01]
 [ 1.24267638e-01 -4.90810871e-02  3.99480909e-01]
 [-3.19158524e-01 -7.55414963e-02  5.72957873e-01]
 [-3.95507574e-01  7.82194734e-03  4.48150367e-01]
 [-3.28752622e-02  1.02702454e-01  7.59286821e-01]
 [ 8.61344635e-02  1.83873162e-01  4.63734418e-01]
 [-5.79958707e-02  9.61647630e-02  6.18330240e-02]
 [ 9.85444710e-02  1.23734355e-01  0.00000000e+00]
 [ 3.68186161e-02  1.82159543e-02  9.61100459e-01]
 [ 6.78488761e-02  3.87197435e-02  1.22483015e+00]
 [ 1.59116998e-01  1.72306299e-02  1.31699347e+00]
 [ 7.56677091e-02  1.75851583e-03  1.36842227e+00]
 [ 8.73655081e-04  1.58824503e-01  1.15173841e+00]
 [-2.96646804e-02  2.96915621e-01  9.55456138e-01]
 [ 1.53378665e-01  3.81828636e-01  8.84137392e-01]
 [ 1.30862027e-01 -1.01733714e-01  1.19236028e+00]
 [ 8.23712647e-02 -2.31723651e-01  9.77062106e-01]
 [ 1.17546096e-01 -1.12847596e-01  8.77411246e-01]]
[[ 0.          0.          0.7273845 ]
 [ 0.03781163 -0.1060545   0.7161949 ]
 [ 0.3088326  -0.01132464  0.45561558]
 [-0.13318911 -0.08709532  0.43023884]
 [-0.14561364 -0.02566969  0.30211213]
 [-0.03794011  0.10578822  0.7384872 ]
 [-0.04092849  0.1836918   0.40995717]
 [-0.2974797   0.14447773  0.0823558 ]
 [-0.17078918  0.1778009   0.        ]
 [ 0.03196513  0.01752269  0.94233775]
 [ 0.06571598  0.04106131  1.204542  ]
 [ 0.16141877  0.01145923  1.2954953 ]
 [ 0.07774584  0.00416905  1.3527472 ]
 [ 0.01900402  0.16419551  1.1252856 ]
 [ 0.09822078  0.27707675  0.90395415]
 [ 0.28620067  0.2899036   0.9648921 ]
 [ 0.11219032 -0.10013822  1.1777112 ]
 [-0.00783191 -0.20316376  0.97703516]
 [-0.06159576 -0.14230257  0.86897624]]
[[ 0.          0.          0.6491878 ]
 [ 0.03179394 -0.10665502  0.64169824]
 [ 0.35436445  0.00555874  0.4436674 ]
 [ 0.12037258 -0.09222335  0.11194021]
 [ 0.25426045 -0.05638039  0.        ]
 [-0.03188951  0.10644024  0.65665174]
 [-0.1516571   0.17257477  0.33330077]
 [-0.49399853  0.14101198  0.14150423]
 [-0.4541719   0.17240915  0.02499855]
 [ 0.02103853  0.00845574  0.8686324 ]
 [ 0.05248836  0.01117477  1.1294438 ]
 [ 0.15852676 -0.01908016  1.2075548 ]
 [ 0.07626358 -0.02302378  1.2729844 ]
 [ 0.03853486  0.14459625  1.0577617 ]
 [ 0.1947321   0.24111149  0.864321  ]
 [ 0.28122076  0.14857227  1.0003058 ]
 [ 0.05510727 -0.13449532  1.1120813 ]
 [-0.15140952 -0.24082127  1.0038701 ]
 [-0.14326696 -0.14427614  0.82775587]]
[[ 0.00000000e+00  0.00000000e+00  6.33475363e-01]
 [ 2.84397304e-02 -1.04607806e-01  6.27555430e-01]
 [ 3.49534988e-01  3.71330082e-02  4.17620480e-01]
 [ 2.72550404e-01  2.28543878e-02  5.02083302e-02]
 [ 4.32149827e-01  6.88454509e-02  0.00000000e+00]
 [-2.85004303e-02  1.04435205e-01  6.39379442e-01]
 [-1.66229427e-01  1.05693191e-01  2.91074425e-01]
 [-5.61155856e-01  1.26343966e-03  2.07694203e-01]
 [-5.84951043e-01  2.49780118e-02  1.03559196e-01]
 [ 2.16520317e-02  6.41652942e-03  8.51787448e-01]
 [ 6.04951605e-02  1.05163455e-03  1.11130857e+00]
 [ 1.69340193e-01 -3.28916311e-02  1.19016457e+00]
 [ 8.24031234e-02 -3.64376307e-02  1.25312710e+00]
 [ 4.84377742e-02  1.34580612e-01  1.04138434e+00]
 [ 1.94576055e-01  2.27107778e-01  8.31981778e-01]
 [ 2.89055347e-01  1.27496272e-01  9.63157833e-01]
 [ 4.98734266e-02 -1.36414975e-01  1.08833468e+00]
 [-1.77002549e-01 -2.26761580e-01  9.99355495e-01]
 [-1.47062540e-01 -1.97837129e-01  8.10084224e-01]]
[[ 0.          0.          0.6125475 ]
 [ 0.02577289 -0.10429239  0.608742  ]
 [ 0.33119303  0.07571313  0.39245045]
 [ 0.29181695  0.11736009  0.02550274]
 [ 0.460207    0.16299379  0.        ]
 [-0.02582978  0.1041269   0.6163507 ]
 [-0.11293739  0.07812396  0.24185878]
 [-0.53178966 -0.09951386  0.29365566]
 [-0.59777004 -0.10675475  0.21775842]
 [ 0.03028574  0.00530624  0.8326139 ]
 [ 0.07633054 -0.0074451   1.0907729 ]
 [ 0.18377109 -0.04092908  1.1740901 ]
 [ 0.09644213 -0.04294729  1.2347119 ]
 [ 0.05251835  0.1281164   1.0219189 ]
 [ 0.1565007   0.24844341  0.79493105]
 [ 0.31141767  0.201805    0.8746589 ]
 [ 0.06537287 -0.13764098  1.0574715 ]
 [-0.11042132 -0.226244    0.90105116]
 [-0.08352152 -0.25362504  0.75797164]]
[[ 0.          0.          0.62629616]
 [ 0.02100037 -0.10388599  0.6268421 ]
 [ 0.30028838  0.08589603  0.39955896]
 [ 0.2113348   0.13223445  0.03331882]
 [ 0.3899943   0.16849995  0.        ]
 [-0.02107492  0.10371439  0.6257419 ]
 [-0.05031339  0.04509619  0.23883915]
 [-0.48917624 -0.1482904   0.3558685 ]
 [-0.57091975 -0.18175077  0.30489594]
 [ 0.03892629  0.00426507  0.8444207 ]
 [ 0.08556607 -0.01243415  1.1021928 ]
 [ 0.19033812 -0.04600155  1.1888835 ]
 [ 0.10713999 -0.04212952  1.2414981 ]
 [ 0.05574903  0.12358177  1.0333357 ]
 [ 0.12233908  0.26768458  0.8070558 ]
 [ 0.28636393  0.26167646  0.8110597 ]
 [ 0.07444383 -0.14206856  1.0644336 ]
 [-0.04522084 -0.22554727  0.85739756]
 [-0.02637184 -0.28461793  0.7460849 ]]
[[ 0.          0.          0.6492104 ]
 [ 0.01696204 -0.10394678  0.64821976]
 [ 0.23003817  0.05784443  0.4148714 ]
 [ 0.07295353  0.10096693  0.05992597]
 [ 0.2306892   0.14777839  0.        ]
 [-0.01706457  0.10374045  0.6501633 ]
 [ 0.08271672  0.0888319   0.29676577]
 [-0.38064283 -0.0998148   0.43193936]
 [-0.44288057 -0.13425344  0.35057607]
 [ 0.04688659  0.00400013  0.86568403]
 [ 0.09797068 -0.00852001  1.1243875 ]
 [ 0.20217378 -0.04823774  1.2110472 ]
 [ 0.11550924 -0.04265493  1.2648503 ]
 [ 0.05655897  0.12712449  1.0580965 ]
 [ 0.06982446  0.26675424  0.84116703]
 [ 0.20438567  0.3278303   0.801435  ]
 [ 0.08966614 -0.14075765  1.0796843 ]
 [-0.02225263 -0.25325328  0.8915421 ]
 [ 0.02366218 -0.3422618   0.7832136 ]]
[[ 0.00000000e+00  0.00000000e+00  6.57151103e-01]
 [ 6.04734570e-03 -1.09503269e-01  6.47875488e-01]
 [ 6.94283247e-02  4.50050831e-03  3.66707087e-01]
 [-1.48192108e-01  8.77285898e-02  8.64998698e-02]
 [-1.02660470e-02  1.44052863e-01  0.00000000e+00]
 [-6.18762895e-03  1.09243661e-01  6.66327178e-01]
 [ 2.46089011e-01  1.12363905e-01  3.79226327e-01]
 [-1.61879927e-01 -7.52151012e-04  3.69773805e-01]
 [-1.59866467e-01  2.35378742e-03  2.34535724e-01]
 [ 5.42289391e-02  1.02144331e-02  8.73365223e-01]
 [ 1.07223183e-01 -3.25816870e-03  1.13378167e+00]
 [ 2.07068369e-01 -3.95063758e-02  1.21942472e+00]
 [ 1.28351867e-01 -2.86661386e-02  1.27621472e+00]
 [ 4.88396250e-02  1.24960154e-01  1.07499373e+00]
 [-5.91166914e-02  2.33110219e-01  8.90832067e-01]
 [ 1.33189559e-03  3.48177165e-01  7.24282026e-01]
 [ 1.17097467e-01 -1.38388485e-01  1.08023381e+00]
 [ 1.15671411e-01 -2.74137557e-01  8.57685924e-01]
 [ 2.00031996e-01 -1.85851008e-01  8.91015947e-01]]
[[ 0.          0.          0.6180362 ]
 [ 0.00290202 -0.10392288  0.59608734]
 [-0.13178392 -0.03045237  0.27979988]
 [-0.4499455  -0.00322819  0.19550735]
 [-0.41927853  0.08501798  0.05277759]
 [-0.00303078  0.10367428  0.6398519 ]
 [ 0.30759177  0.16958688  0.42708603]
 [ 0.11348596  0.10533893  0.10063887]
 [ 0.2519598   0.11043692  0.        ]
 [ 0.03834347  0.00795862  0.8379204 ]
 [ 0.07476354  0.00487116  1.1030738 ]
 [ 0.17337254 -0.02390569  1.1871741 ]
 [ 0.09669168 -0.01636463  1.2484363 ]
 [ 0.00573636  0.13157055  1.0514239 ]
 [-0.14389911  0.28473592  0.9161787 ]
 [-0.10289267  0.38074523  0.7073649 ]
 [ 0.11834589 -0.13324234  1.0554755 ]
 [ 0.1776579  -0.29006732  0.8428211 ]
 [ 0.28813976 -0.07591388  0.9228469 ]]
[[ 0.00000000e+00  0.00000000e+00  6.48305535e-01]
 [ 8.43921304e-03 -9.69909653e-02  6.27659917e-01]
 [-1.15122110e-01 -3.67146134e-02  2.97279656e-01]
 [-4.60932374e-01  5.30779362e-04  3.31677943e-01]
 [-5.01148105e-01  9.22203660e-02  2.04138517e-01]
 [-8.55915621e-03  9.67592895e-02  6.68804467e-01]
 [ 2.88120806e-01  1.78451777e-01  4.43936735e-01]
 [ 1.91023320e-01  1.21794403e-01  5.08828759e-02]
 [ 3.53020668e-01  1.17694914e-01  0.00000000e+00]
 [ 3.48465666e-02  8.74526799e-03  8.67357969e-01]
 [ 6.68557510e-02  1.08006597e-02  1.13088620e+00]
 [ 1.64189219e-01 -1.57769322e-02  1.21979189e+00]
 [ 8.80168378e-02 -8.77118111e-03  1.27482367e+00]
 [ 3.10800597e-03  1.33746713e-01  1.07482398e+00]
 [-1.42976791e-01  2.79589027e-01  9.31759357e-01]
 [-6.97785169e-02  3.91098440e-01  7.35228181e-01]
 [ 1.16582125e-01 -1.30215496e-01  1.08789539e+00]
 [ 1.62854642e-01 -2.98433483e-01  8.83423507e-01]
 [ 2.92816281e-01 -7.84034133e-02  9.22863722e-01]]
[[ 0.00000000e+00  0.00000000e+00  6.67449951e-01]
 [ 1.45597607e-02 -9.41300020e-02  6.47956014e-01]
 [-5.51111326e-02 -2.68253088e-02  3.09562624e-01]
 [-4.26620930e-01  6.81340694e-04  4.44760442e-01]
 [-5.21045506e-01  9.45196748e-02  3.56915176e-01]
 [-1.46753564e-02  9.39176604e-02  6.86794817e-01]
 [ 2.57844508e-01  2.03133807e-01  4.45105255e-01]
 [ 1.83348447e-01  1.55533910e-01  3.98702621e-02]
 [ 3.48985523e-01  1.53304875e-01  0.00000000e+00]
 [ 3.35095972e-02  8.95355642e-03  8.86180878e-01]
 [ 6.46899045e-02  1.25049949e-02  1.14800107e+00]
 [ 1.61027059e-01 -1.27482414e-02  1.24302709e+00]
 [ 8.45233500e-02 -9.02420282e-03  1.29056525e+00]
 [ 7.79887289e-03  1.35307670e-01  1.08702755e+00]
 [-1.11058056e-01  2.87482888e-01  9.27718401e-01]
 [ 1.05059743e-02  4.06573355e-01  7.57764578e-01]
 [ 1.13966495e-01 -1.28843814e-01  1.10745203e+00]
 [ 1.28710121e-01 -2.92005062e-01  9.02661622e-01]
 [ 2.68366516e-01 -1.06283553e-01  8.76766562e-01]]
[[ 0.0000000e+00  0.0000000e+00  6.8853152e-01]
 [ 1.7625164e-02 -9.7561225e-02  6.7043561e-01]
 [ 2.7207214e-02 -4.2339325e-02  3.3484632e-01]
 [-3.6995745e-01 -3.3168405e-02  5.0472510e-01]
 [-4.6685588e-01  5.0310686e-02  4.2429242e-01]
 [-1.7738100e-02  9.7341806e-02  7.0648295e-01]
 [ 2.0848781e-01  2.0651206e-01  4.5375258e-01]
 [ 9.8440424e-02  1.6225812e-01  5.5789113e-02]
 [ 2.7007675e-01  1.6707253e-01  0.0000000e+00]
 [ 3.1468898e-02  1.2521118e-02  9.0588999e-01]
 [ 6.2366545e-02  2.1706313e-02  1.1676953e+00]
 [ 1.5891325e-01 -2.7222633e-03  1.2617728e+00]
 [ 7.5975448e-02 -1.0116696e-03  1.3078895e+00]
 [ 8.3688498e-03  1.4611539e-01  1.1000487e+00]
 [-4.7214925e-02  3.0451494e-01  9.2205328e-01]
 [ 1.2682605e-01  4.1679999e-01  8.0856478e-01]
 [ 1.1191392e-01 -1.2100288e-01  1.1307514e+00]
 [ 8.2090437e-02 -2.7861488e-01  9.2751044e-01]
 [ 2.1327618e-01 -1.3123123e-01  8.3640552e-01]]
[[ 0.          0.          0.69024825]
 [ 0.02074029 -0.10471907  0.6734941 ]
 [ 0.14980304 -0.03432569  0.36291352]
 [-0.2785073  -0.00954193  0.5250922 ]
 [-0.35685366  0.07573581  0.4205578 ]
 [-0.02087294  0.10448667  0.706871  ]
 [ 0.14128652  0.21351823  0.433259  ]
 [-0.027614    0.14673078  0.06776887]
 [ 0.14050907  0.15733683  0.        ]
 [ 0.03491228  0.01948066  0.90694344]
 [ 0.06697015  0.03510034  1.1696197 ]
 [ 0.1663965   0.00662464  1.2649676 ]
 [ 0.08090893  0.0128563   1.3092062 ]
 [ 0.02700752  0.16559398  1.0951738 ]
 [ 0.03792395  0.32107916  0.9031881 ]
 [ 0.2229357   0.40743673  0.8539643 ]
 [ 0.10596023 -0.10972726  1.1335016 ]
 [ 0.05746363 -0.26085567  0.92312646]
 [ 0.12835386 -0.14663929  0.8244135 ]]
[[ 0.          0.          0.69040006]
 [ 0.02096321 -0.1067686   0.67691755]
 [ 0.32121137 -0.01189521  0.42448854]
 [-0.11517561 -0.05284056  0.40982467]
 [-0.12827851  0.00440314  0.2946593 ]
 [-0.02108489  0.1065166   0.7037967 ]
 [-0.00136191  0.19179678  0.3857308 ]
 [-0.25362855  0.16435191  0.07991964]
 [-0.12624684  0.19336438  0.        ]
 [ 0.03586447  0.02702881  0.90577716]
 [ 0.07462949  0.05005246  1.1669383 ]
 [ 0.17513715  0.01716435  1.26022   ]
 [ 0.09373561  0.02977931  1.3152936 ]
 [ 0.05546059  0.18239653  1.0879793 ]
 [ 0.15213491  0.29798475  0.8753097 ]
 [ 0.3281225   0.31083703  0.9387622 ]
 [ 0.09109268 -0.09616151  1.137005  ]
 [-0.05383437 -0.21928464  0.9473122 ]
 [-0.04393434 -0.15759945  0.83291507]]
[[ 0.          0.          0.60970354]
 [ 0.01358576 -0.10938804  0.6034889 ]
 [ 0.3626023   0.02037209  0.40702328]
 [ 0.15189761 -0.00548369  0.10698545]
 [ 0.2983545   0.03233564  0.00850284]
 [-0.0136787   0.10917874  0.6158941 ]
 [-0.12391098  0.14319724  0.29110152]
 [-0.47710127  0.11804092  0.13813162]
 [-0.45465314  0.14809722  0.        ]
 [ 0.02421631  0.0146066   0.82760096]
 [ 0.05512242  0.01356605  1.0894703 ]
 [ 0.16003226 -0.0280357   1.1770523 ]
 [ 0.07390235 -0.01194382  1.2363688 ]
 [ 0.06676814  0.15255088  1.0142277 ]
 [ 0.21412343  0.2460782   0.81921333]
 [ 0.3020753   0.16350627  0.9445075 ]
 [ 0.028479   -0.13099337  1.0681264 ]
 [-0.2035254  -0.22851665  0.9782019 ]
 [-0.15118235 -0.20191206  0.78966606]]
[[ 0.          0.          0.6000767 ]
 [ 0.01220763 -0.10379781  0.59702337]
 [ 0.3523603   0.05644433  0.3962054 ]
 [ 0.29306996  0.0899778   0.04585296]
 [ 0.46681994  0.13203168  0.        ]
 [-0.01227577  0.10360342  0.6031153 ]
 [-0.09271841  0.101612    0.2311058 ]
 [-0.50383097 -0.00351328  0.22356588]
 [-0.55195886  0.00808147  0.106608  ]
 [ 0.02490027  0.01640342  0.81634235]
 [ 0.05833417  0.00166795  1.0769359 ]
 [ 0.16719578 -0.04653382  1.1630398 ]
 [ 0.08249015 -0.02057558  1.2230126 ]
 [ 0.07233099  0.1338493   1.004596  ]
 [ 0.20215842  0.23232225  0.7916456 ]
 [ 0.30135465  0.15268582  0.87313706]
 [ 0.01726814 -0.12896222  1.0482769 ]
 [-0.1966281  -0.22687413  0.9328958 ]
 [-0.15322986 -0.28942204  0.7505051 ]]
[[ 0.          0.          0.5954858 ]
 [ 0.00973968 -0.10297056  0.595422  ]
 [ 0.32026368  0.09360398  0.3860494 ]
 [ 0.28475425  0.17676982  0.02944642]
 [ 0.46813908  0.21288767  0.        ]
 [-0.00980077  0.10280813  0.5955453 ]
 [-0.0365736   0.08674106  0.21528402]
 [-0.4644608  -0.08795804  0.2806865 ]
 [-0.5439132  -0.09540161  0.21597236]
 [ 0.02987157  0.01224259  0.8146694 ]
 [ 0.06602176 -0.01150298  1.0734751 ]
 [ 0.17501085 -0.059524    1.1600692 ]
 [ 0.09548749 -0.02893341  1.2148294 ]
 [ 0.06959087  0.1220867   1.0081203 ]
 [ 0.15918072  0.24728376  0.7882617 ]
 [ 0.30368692  0.20985593  0.8002449 ]
 [ 0.02525611 -0.13521028  1.0360223 ]
 [-0.1453315  -0.23420042  0.8771173 ]
 [-0.10377948 -0.3567334   0.72101647]]
[[ 0.00000000e+00  0.00000000e+00  6.27450883e-01]
 [ 8.29679519e-03 -1.05286568e-01  6.28740847e-01]
 [ 2.73914993e-01  7.44742751e-02  4.06275600e-01]
 [ 1.61483020e-01  1.38096958e-01  4.97329235e-02]
 [ 3.44764113e-01  1.74791873e-01  0.00000000e+00]
 [-8.39379802e-03  1.05101444e-01  6.26136005e-01]
 [ 8.33219886e-02  1.26130730e-01  2.70519674e-01]
 [-3.72852981e-01 -4.32901978e-02  3.72726619e-01]
 [-4.39623684e-01 -7.72818327e-02  2.97468901e-01]
 [ 3.72885466e-02  8.09067488e-03  8.44553113e-01]
 [ 7.44729787e-02 -1.70876086e-02  1.10345042e+00]
 [ 1.81353167e-01 -6.55654371e-02  1.19355106e+00]
 [ 9.78964418e-02 -3.82490754e-02  1.24242592e+00]
 [ 6.64552003e-02  1.22714281e-01  1.03890955e+00]
 [ 1.14960238e-01  2.51204252e-01  8.20819974e-01]
 [ 2.45724007e-01  2.70456284e-01  7.78327703e-01]
 [ 4.08644304e-02 -1.47160798e-01  1.05894363e+00]
 [-6.30239174e-02 -2.66353458e-01  8.52999628e-01]
 [ 1.12396479e-03 -3.46002102e-01  7.60623515e-01]]
[[ 0.00000000e+00  0.00000000e+00  6.38355792e-01]
 [ 3.05825472e-03 -1.04219735e-01  6.33582115e-01]
 [ 1.64651588e-01  4.76226360e-02  3.68619174e-01]
 [-6.23256341e-03  1.38949215e-01  7.53435493e-02]
 [ 1.55005366e-01  1.81493968e-01  0.00000000e+00]
 [-3.17101553e-03  1.04001075e-01  6.43059850e-01]
 [ 2.10429668e-01  1.26837537e-01  3.53066981e-01]
 [-2.46599764e-01  8.35925341e-04  3.79128546e-01]
 [-2.64758289e-01 -9.76225734e-03  2.59578973e-01]
 [ 3.81612629e-02  6.24026358e-03  8.55673134e-01]
 [ 7.63354301e-02 -1.55501366e-02  1.11534119e+00]
 [ 1.82469517e-01 -6.11788630e-02  1.20037889e+00]
 [ 1.01204649e-01 -3.19679379e-02  1.25125241e+00]
 [ 5.31972386e-02  1.19175166e-01  1.05389690e+00]
 [ 3.10051888e-02  2.58783191e-01  8.59439433e-01]
 [ 1.43375412e-01  3.72433692e-01  7.63864279e-01]
 [ 5.75568676e-02 -1.51459247e-01  1.06617272e+00]
 [-8.15241039e-03 -2.99175322e-01  8.66600454e-01]
 [ 5.89801967e-02 -3.79705787e-01  8.32056880e-01]]
[[ 0.          0.          0.58878756]
 [-0.00725375 -0.1094999   0.57202965]
 [-0.02810267  0.02288446  0.2685365 ]
 [-0.2850783   0.1171335   0.12215626]
 [-0.20132351  0.201821    0.        ]
 [ 0.00712915  0.10927779  0.6054254 ]
 [ 0.32809502  0.13003513  0.39962876]
 [ 0.02774037  0.04375836  0.1491859 ]
 [ 0.14715329  0.0370633   0.03283751]
 [ 0.03316525  0.00406274  0.8069591 ]
 [ 0.06710798 -0.00589833  1.0711777 ]
 [ 0.16869774 -0.03983545  1.1553168 ]
 [ 0.09214593 -0.01269633  1.2081066 ]
 [ 0.02192025  0.12997824  1.0177873 ]
 [-0.08681887  0.30421907  0.8676009 ]
 [-0.01960459  0.38473853  0.6671357 ]
 [ 0.08202408 -0.15178257  1.0242989 ]
 [ 0.10161906 -0.33386087  0.82713807]
 [ 0.21174553 -0.18576992  0.900928  ]]
[[ 0.00000000e+00  0.00000000e+00  6.16454184e-01]
 [-6.20552525e-03 -1.02964312e-01  5.96243024e-01]
 [-8.47825333e-02 -1.23207867e-02  2.87191451e-01]
 [-3.96834999e-01  8.08083713e-02  2.75349379e-01]
 [-4.02925342e-01  1.81024462e-01  1.51032209e-01]
 [ 6.09492697e-03  1.02754898e-01  6.36517942e-01]
 [ 3.14193487e-01  1.53169528e-01  4.24457252e-01]
 [ 1.89105809e-01  1.04374290e-01  6.93971515e-02]
 [ 3.49951029e-01  8.77419710e-02  0.00000000e+00]
 [ 2.60938033e-02  9.30339098e-04  8.36133718e-01]
 [ 5.32168821e-02  5.03715873e-03  1.09983075e+00]
 [ 1.52792811e-01 -2.42564678e-02  1.18697715e+00]
 [ 7.58494586e-02 -1.38634443e-03  1.23508239e+00]
 [ 5.66466153e-03  1.37498677e-01  1.04755616e+00]
 [-1.22561336e-01  3.03379297e-01  8.99494290e-01]
 [-2.02606767e-02  4.20623153e-01  7.18183160e-01]
 [ 8.59333724e-02 -1.44083619e-01  1.05879140e+00]
 [ 1.15431577e-01 -3.29512626e-01  8.67352426e-01]
 [ 2.15069503e-01 -1.68383583e-01  9.02943492e-01]]
[[ 0.0000000e+00  0.0000000e+00  6.4899832e-01]
 [ 1.1049807e-03 -9.7462669e-02  6.3052469e-01]
 [-3.9454855e-02 -2.9303253e-02  3.0667713e-01]
 [-3.8279009e-01  5.9618860e-02  4.2626309e-01]
 [-4.6057081e-01  1.5849635e-01  3.3016717e-01]
 [-1.2114495e-03  9.7261347e-02  6.6732728e-01]
 [ 2.8028131e-01  1.8115580e-01  4.3420690e-01]
 [ 2.2763628e-01  1.2813425e-01  4.0846825e-02]
 [ 3.9618790e-01  1.1166936e-01  0.0000000e+00]
 [ 2.4601031e-02  4.6948195e-03  8.6759490e-01]
 [ 4.9410332e-02  1.3806254e-02  1.1292497e+00]
 [ 1.4430144e-01 -1.3552189e-02  1.2211499e+00]
 [ 6.8580121e-02  6.3771605e-03  1.2665997e+00]
 [ 7.0967972e-03  1.4530230e-01  1.0713814e+00]
 [-9.3281150e-02  3.1651074e-01  9.0707999e-01]
 [ 5.7377622e-02  4.4818285e-01  7.6412606e-01]
 [ 8.7600045e-02 -1.3314465e-01  1.0904913e+00]
 [ 7.7182978e-02 -3.1162459e-01  8.9777946e-01]
 [ 1.8909481e-01 -2.0175232e-01  8.7039888e-01]]
[[ 0.          0.          0.6905959 ]
 [ 0.00515649 -0.10419627  0.674066  ]
 [ 0.05857894 -0.04732355  0.35352555]
 [-0.3305683   0.02410011  0.5064995 ]
 [-0.42249     0.11040036  0.43453315]
 [-0.00524877  0.10400634  0.70700836]
 [ 0.22803693  0.17866535  0.44712806]
 [ 0.13109691  0.11415327  0.04645932]
 [ 0.3120525   0.10586309  0.        ]
 [ 0.02233376  0.01516375  0.9092166 ]
 [ 0.04839121  0.0328517   1.17164   ]
 [ 0.14658935  0.00339121  1.2659968 ]
 [ 0.06487803  0.02886361  1.307004  ]
 [ 0.0174713   0.16816226  1.10731   ]
 [-0.04920365  0.32472602  0.9237088 ]
 [ 0.13379249  0.43153682  0.82896245]
 [ 0.07408044 -0.1188201   1.1369855 ]
 [ 0.03308848 -0.27512237  0.93234104]
 [ 0.10333897 -0.26338255  0.8512808 ]]
[[ 0.          0.          0.71522874]
 [ 0.00731596 -0.1084687   0.70061564]
 [ 0.15516618 -0.03566879  0.41591403]
 [-0.24712674  0.03257385  0.5335512 ]
 [-0.32644522  0.12025696  0.4380491 ]
 [-0.00743072  0.10825338  0.7297243 ]
 [ 0.19055188  0.18874402  0.45403442]
 [ 0.02290345  0.1132443   0.06880218]
 [ 0.19743237  0.10898334  0.        ]
 [ 0.02383676  0.01829019  0.9334786 ]
 [ 0.04890474  0.03061461  1.1963701 ]
 [ 0.14824465 -0.00197059  1.2871728 ]
 [ 0.06231857  0.02107322  1.3308995 ]
 [ 0.02383335  0.16931257  1.1283367 ]
 [ 0.00474097  0.3260235   0.93992764]
 [ 0.20154122  0.40946305  0.8934102 ]
 [ 0.06614774 -0.12108761  1.1609612 ]
 [-0.01188938 -0.26766607  0.9555637 ]
 [ 0.04084726 -0.23775154  0.85097677]]
[[ 0.          0.          0.69926643]
 [ 0.00396109 -0.11579072  0.68817234]
 [ 0.30673984 -0.05179136  0.46123257]
 [-0.09526999 -0.01745054  0.42735803]
 [-0.08481811  0.02384302  0.30598938]
 [-0.00405891  0.1155598   0.710276  ]
 [ 0.10501303  0.20338444  0.3895129 ]
 [-0.18350917  0.20316932  0.09830695]
 [-0.04886706  0.22047323  0.        ]
 [ 0.01956042  0.02207038  0.91939545]
 [ 0.03499805  0.02860633  1.1833127 ]
 [ 0.14460498 -0.01402748  1.2649856 ]
 [ 0.05648856  0.027439    1.3209703 ]
 [ 0.04198287  0.16608948  1.1138059 ]
 [ 0.10126448  0.29489177  0.9039214 ]
 [ 0.2744438   0.3035453   0.9617547 ]
 [ 0.02059161 -0.11902833  1.1517696 ]
 [-0.13321988 -0.23845594  0.9769129 ]
 [-0.15719101 -0.2453993   0.83201367]]
[[ 0.0000000e+00  0.0000000e+00  6.1745071e-01]
 [ 1.1741631e-03 -1.1371143e-01  6.1444408e-01]
 [ 3.3121446e-01 -9.0492576e-02  4.1910046e-01]
 [ 1.1217101e-01 -9.0269923e-02  1.3393629e-01]
 [ 2.3837632e-01 -6.1731577e-02  5.5514336e-02]
 [-1.2657195e-03  1.1351554e-01  6.2042385e-01]
 [ 5.6303632e-02  1.5728226e-01  2.5861025e-01]
 [-3.3240747e-01  1.6537982e-01  1.2902889e-01]
 [-2.9949889e-01  1.9276723e-01  0.0000000e+00]
 [ 1.5323525e-02  1.6478211e-02  8.3893961e-01]
 [ 3.0215314e-02  1.0186106e-02  1.1024214e+00]
 [ 1.4778128e-01 -4.5944095e-02  1.1779314e+00]
 [ 5.6084197e-02  2.4989843e-03  1.2389131e+00]
 [ 6.5681241e-02  1.4639592e-01  1.0370712e+00]
 [ 1.7997262e-01  2.6211208e-01  8.2629883e-01]
 [ 2.9343951e-01  1.9599313e-01  9.3113112e-01]
 [-2.5707671e-02 -1.2505606e-01  1.0764012e+00]
 [-2.4994859e-01 -2.1472842e-01  9.6432912e-01]
 [-2.0288838e-01 -2.5418508e-01  7.7421463e-01]]
[[ 0.          0.          0.5965315 ]
 [-0.00267135 -0.11443688  0.5951798 ]
 [ 0.2857028  -0.1067856   0.39623308]
 [ 0.21133569 -0.09361488  0.03394371]
 [ 0.3732673  -0.06132734  0.        ]
 [ 0.00258809  0.11420987  0.5978526 ]
 [ 0.12609595  0.1585011   0.23052603]
 [-0.2900833   0.13954306  0.17004892]
 [-0.26382917  0.1530087   0.03934979]
 [ 0.01934068  0.01485249  0.8186195 ]
 [ 0.03984758  0.00670278  1.0816224 ]
 [ 0.15980251 -0.04994392  1.1582301 ]
 [ 0.06972641  0.0017755   1.2197533 ]
 [ 0.07719147  0.14441675  1.0189588 ]
 [ 0.17319761  0.27757996  0.8027383 ]
 [ 0.32468385  0.2763718   0.87353915]
 [-0.02545507 -0.12479448  1.0521275 ]
 [-0.23293051 -0.22644852  0.908604  ]
 [-0.19716471 -0.3273073   0.73120564]]
[[ 0.00000000e+00  0.00000000e+00  6.07932508e-01]
 [-4.73055989e-03 -1.16464555e-01  6.07243538e-01]
 [ 2.59716362e-01 -1.13067210e-01  3.90258193e-01]
 [ 1.77980885e-01 -9.46831703e-02  3.32476497e-02]
 [ 3.39218557e-01 -7.20053315e-02  0.00000000e+00]
 [ 4.63577732e-03  1.16232589e-01  6.08586192e-01]
 [ 1.71497121e-01  1.63966119e-01  2.60193706e-01]
 [-2.32688516e-01  1.52981579e-01  1.88053042e-01]
 [-1.72581017e-01  1.64712816e-01  5.65843582e-02]
 [ 2.52074990e-02  1.56581104e-02  8.29131186e-01]
 [ 4.82086837e-02 -7.37011433e-05  1.09201908e+00]
 [ 1.62693352e-01 -5.58543801e-02  1.17708337e+00]
 [ 7.13679492e-02 -2.45887041e-03  1.23476863e+00]
 [ 7.58665204e-02  1.40313685e-01  1.03160334e+00]
 [ 1.45272583e-01  2.80151218e-01  8.11458111e-01]
 [ 3.07775438e-01  2.86357611e-01  8.26335430e-01]
 [-1.24134421e-02 -1.28745109e-01  1.05384016e+00]
 [-1.98645115e-01 -2.28767663e-01  8.80756855e-01]
 [-1.41741201e-01 -3.40188682e-01  7.13587284e-01]]
[[ 0.          0.          0.63024   ]
 [-0.01495161 -0.11582129  0.62337375]
 [ 0.22497034 -0.12462275  0.39642233]
 [ 0.07523864 -0.09360611  0.05900818]
 [ 0.2339988  -0.07669681  0.        ]
 [ 0.01484347  0.11557932  0.6370535 ]
 [ 0.21478991  0.18481201  0.31941843]
 [-0.15660709  0.20896035  0.20509848]
 [-0.07066105  0.2198889   0.05974281]
 [ 0.02380208  0.01448369  0.84903383]
 [ 0.04313102  0.00384513  1.1126652 ]
 [ 0.15422583 -0.04516077  1.2029262 ]
 [ 0.06475242  0.0097779   1.25862   ]
 [ 0.06607967  0.14276278  1.0503222 ]
 [ 0.12237055  0.28208452  0.8416584 ]
 [ 0.24425137  0.29890582  0.8227582 ]
 [-0.01312957 -0.13085899  1.0735956 ]
 [-0.17262986 -0.25139374  0.8835882 ]
 [-0.13272317 -0.37569177  0.75375324]]
[[ 0.0000000e+00  0.0000000e+00  5.9197009e-01]
 [-1.3061307e-02 -1.1108431e-01  5.8252567e-01]
 [ 1.5912038e-01 -4.8254162e-02  3.3538935e-01]
 [-4.6533771e-02  6.3092411e-03  9.4413579e-02]
 [ 9.0437464e-02  4.9926460e-02  0.0000000e+00]
 [ 1.2943085e-02  1.1083026e-01  6.0131824e-01]
 [ 2.6197645e-01  1.5361354e-01  3.4061044e-01]
 [-7.5224027e-02  6.5888196e-02  1.3655290e-01]
 [ 1.9853856e-02  6.9779217e-02  4.7072887e-02]
 [ 2.4311658e-02  1.0045677e-02  8.0967987e-01]
 [ 4.0824406e-02  4.0638447e-04  1.0724695e+00]
 [ 1.4558902e-01 -4.3687999e-02  1.1665237e+00]
 [ 5.5376016e-02  5.3580999e-03  1.2159625e+00]
 [ 4.2617105e-02  1.3801694e-01  1.0113821e+00]
 [ 3.2369569e-02  3.0947873e-01  8.3742541e-01]
 [ 1.6842687e-01  3.7455693e-01  7.3050714e-01]
 [ 7.0121922e-03 -1.4133728e-01  1.0306909e+00]
 [-9.4256401e-02 -2.9524174e-01  8.3750856e-01]
 [-3.4480177e-02 -3.8655165e-01  7.9289043e-01]]
[[ 0.          0.          0.59588265]
 [-0.01098673 -0.11075062  0.5851034 ]
 [-0.03106165 -0.02824515  0.29127014]
 [-0.32595113  0.03864256  0.16728532]
 [-0.27163386  0.12985754  0.0571543 ]
 [ 0.01086613  0.1105047   0.6065234 ]
 [ 0.301665    0.14010538  0.34866482]
 [ 0.21978718  0.00309682  0.03164595]
 [ 0.37264383 -0.02586204  0.        ]
 [ 0.01021652  0.01014623  0.8170944 ]
 [ 0.01324053  0.01662111  1.0822325 ]
 [ 0.10244133 -0.00656098  1.1849478 ]
 [ 0.01562409  0.03071922  1.2292428 ]
 [-0.00989767  0.15753794  1.0182053 ]
 [-0.11395845  0.32740432  0.86692005]
 [ 0.0589036   0.4372554   0.72992307]
 [ 0.02075513 -0.13159809  1.0458258 ]
 [ 0.01183787 -0.32521972  0.8537275 ]
 [ 0.10900451 -0.21928428  0.8820989 ]]
[[ 0.          0.          0.59916586]
 [-0.00319897 -0.10613345  0.5909816 ]
 [-0.06592356 -0.08300349  0.28217724]
 [-0.38843086 -0.0410676   0.22060305]
 [-0.39409274  0.06034771  0.10910046]
 [ 0.00309173  0.10589172  0.607206  ]
 [ 0.29125038  0.14923072  0.33360115]
 [ 0.28272882  0.04152215  0.01538801]
 [ 0.4342963   0.01855576  0.        ]
 [-0.00294441  0.01621091  0.8195706 ]
 [-0.0078849   0.03352797  1.0837975 ]
 [ 0.0739156   0.01834887  1.1925387 ]
 [-0.01111725  0.04259622  1.2334136 ]
 [-0.0417962   0.16702276  1.010014  ]
 [-0.12510014  0.33027387  0.84673953]
 [ 0.07379349  0.42313775  0.7361957 ]
 [ 0.01483962 -0.11300111  1.0557661 ]
 [ 0.01105624 -0.31847623  0.877205  ]
 [ 0.10452579 -0.1957607   0.8661736 ]]
[[ 0.0000000e+00  0.0000000e+00  6.1932462e-01]
 [ 2.2104383e-03 -1.0849351e-01  6.1102617e-01]
 [-1.3946056e-02 -1.2069467e-01  2.7540186e-01]
 [-3.7315300e-01 -8.5943103e-02  2.7808031e-01]
 [-4.1985321e-01  7.9807341e-03  1.9492641e-01]
 [-2.3286119e-03  1.0825528e-01  6.2749171e-01]
 [ 2.9071787e-01  1.7655806e-01  3.5774460e-01]
 [ 2.6787657e-01  8.4098339e-02  1.7911673e-02]
 [ 4.2892310e-01  6.6624224e-02  0.0000000e+00]
 [-9.1415383e-03  2.1359846e-02  8.3922780e-01]
 [-2.4511367e-02  4.3210894e-02  1.1033207e+00]
 [ 6.0503479e-02  2.5104523e-02  1.2135570e+00]
 [-2.6538804e-02  4.8417091e-02  1.2592615e+00]
 [-4.8077583e-02  1.7856723e-01  1.0195085e+00]
 [-8.8311464e-02  3.3355045e-01  8.3530378e-01]
 [ 1.2650236e-01  4.0499359e-01  7.7717495e-01]
 [-5.7522207e-04 -1.0907820e-01  1.0785915e+00]
 [-6.1954930e-03 -3.0611894e-01  8.9663762e-01]
 [ 9.1794029e-02 -2.4124688e-01  8.3325589e-01]]
[[ 0.          0.          0.6490992 ]
 [ 0.01577325 -0.11048716  0.64327514]
 [ 0.09373263 -0.112499    0.30593312]
 [-0.26718152 -0.14887482  0.30174494]
 [-0.29534298 -0.06101659  0.2151457 ]
 [-0.01591582  0.11023586  0.6547953 ]
 [ 0.24444199  0.15506084  0.3723127 ]
 [ 0.15831436  0.05534786  0.0163427 ]
 [ 0.32035464  0.05358475  0.        ]
 [-0.00825617  0.02646983  0.8690134 ]
 [-0.02440277  0.05085668  1.1326728 ]
 [ 0.06116499  0.03243476  1.2423201 ]
 [-0.02886492  0.05660999  1.2887046 ]
 [-0.04281668  0.18863451  1.044138  ]
 [-0.00301152  0.33289456  0.86265284]
 [ 0.21372929  0.42244524  0.8702013 ]
 [ 0.00240884 -0.10337049  1.1078334 ]
 [-0.00641565 -0.2871589   0.91166806]
 [ 0.07767886 -0.2761437   0.86030006]]
[[ 0.          0.          0.66863143]
 [ 0.02124013 -0.11467791  0.6738639 ]
 [ 0.29432514 -0.17169562  0.43967158]
 [ 0.16292799 -0.35620975  0.16779053]
 [ 0.29608354 -0.3171344   0.12288547]
 [-0.02136964  0.11448999  0.6633601 ]
 [ 0.02206578  0.17592523  0.29640928]
 [-0.18237215  0.08224785  0.03685391]
 [-0.05498498  0.09500736  0.        ]
 [ 0.00572916  0.04988486  0.8866431 ]
 [-0.00949183  0.07500404  1.1492642 ]
 [ 0.06549508  0.03951871  1.2608174 ]
 [-0.0230754   0.08778626  1.3062583 ]
 [ 0.03892494  0.19723585  1.0693032 ]
 [ 0.2338063   0.19826362  0.88580203]
 [ 0.33177307  0.10302663  1.0049787 ]
 [-0.05248739 -0.06961328  1.1205564 ]
 [-0.15794349 -0.26180592  0.96174335]
 [-0.05553413 -0.21954477  0.9115099 ]]
[[ 0.          0.          0.6656185 ]
 [ 0.01903113 -0.11463935  0.6705108 ]
 [ 0.33050233 -0.15332851  0.45863894]
 [ 0.15130907 -0.27240717  0.19304067]
 [ 0.26798534 -0.24373457  0.15161693]
 [-0.0191467   0.11445844  0.660681  ]
 [-0.02859814  0.1675407   0.28365833]
 [-0.23648176  0.09603685  0.04025126]
 [-0.10703988  0.10013193  0.        ]
 [ 0.00189625  0.04269943  0.88846177]
 [-0.02226936  0.06396753  1.1498528 ]
 [ 0.05457286  0.02553862  1.2630317 ]
 [-0.03600483  0.08139777  1.3047435 ]
 [ 0.0397739   0.17626435  1.0727811 ]
 [ 0.23660536  0.1747616   0.9025153 ]
 [ 0.32548267  0.08218536  0.9941057 ]
 [-0.07991164 -0.07011095  1.1210905 ]
 [-0.22010091 -0.2553941   1.0115861 ]
 [-0.1465372  -0.27257714  0.9064425 ]]
[[ 0.          0.          0.6723438 ]
 [ 0.01007205 -0.10524188  0.67573166]
 [ 0.30159026 -0.18343666  0.45989802]
 [ 0.3939182  -0.2947346   0.1559853 ]
 [ 0.54546016 -0.27397034  0.1745072 ]
 [-0.0101654   0.10509034  0.668921  ]
 [-0.04337282  0.18737261  0.30835727]
 [-0.2981676   0.15603054  0.14240295]
 [-0.26982498  0.19336802  0.        ]
 [-0.00397364  0.04411641  0.8874508 ]
 [-0.01857302  0.07040888  1.1487961 ]
 [ 0.05535228  0.02665716  1.26282   ]
 [-0.02492969  0.0910725   1.3014411 ]
 [ 0.06023582  0.1668796   1.0731547 ]
 [ 0.24291205  0.1434266   0.8884499 ]
 [ 0.32261887 -0.01489866  0.91365826]
 [-0.1014066  -0.04762682  1.1194277 ]
 [-0.2921759  -0.20620412  1.0332637 ]
 [-0.14857152 -0.21096489  0.95943296]]
[[ 0.          0.          0.617543  ]
 [ 0.00463423 -0.10222777  0.62191683]
 [ 0.2853007  -0.15654366  0.39057577]
 [ 0.4338507  -0.25055656  0.09585857]
 [ 0.5793952  -0.23622763  0.14596331]
 [-0.00473994  0.10207167  0.6131422 ]
 [-0.06280431  0.11615711  0.22520423]
 [-0.35010087  0.05849159  0.14099795]
 [-0.32378313  0.08061928  0.        ]
 [ 0.00262792  0.04721908  0.8374469 ]
 [-0.00998352  0.06639376  1.097963  ]
 [ 0.05349178  0.02346224  1.215818  ]
 [-0.02185346  0.07675892  1.2522249 ]
 [ 0.0663939   0.1592421   1.0228641 ]
 [ 0.23381636  0.13972554  0.82157207]
 [ 0.31050146 -0.03570105  0.79370904]
 [-0.09422904 -0.04848754  1.0661258 ]
 [-0.25785762 -0.2019932   0.95743364]
 [-0.15050876 -0.26244748  0.9034225 ]]
[[ 0.0000000e+00  0.0000000e+00  5.5652314e-01]
 [ 7.1868673e-03 -1.0418078e-01  5.6263900e-01]
 [ 2.7925032e-01 -1.3678002e-01  3.0206549e-01]
 [ 4.3095881e-01 -2.2138631e-01  0.0000000e+00]
 [ 5.9466147e-01 -1.9600537e-01  5.2992582e-02]
 [-7.2933286e-03  1.0402076e-01  5.5038631e-01]
 [-5.9419081e-02  1.4646086e-01  1.5253711e-01]
 [-3.7144536e-01  6.5570295e-02  1.1562449e-01]
 [-3.6543363e-01  8.8269442e-02  1.6912818e-03]
 [-1.0558609e-03  4.7866076e-02  7.7621406e-01]
 [-1.9593097e-02  6.5897584e-02  1.0360885e+00]
 [ 4.0806249e-02  2.7061641e-02  1.1519005e+00]
 [-3.8608566e-02  7.2934568e-02  1.1924040e+00]
 [ 4.8888408e-02  1.6611731e-01  9.6157765e-01]
 [ 2.1532276e-01  1.6306898e-01  7.5754994e-01]
 [ 2.9625779e-01  6.3910037e-03  6.8318123e-01]
 [-9.7048670e-02 -5.1653415e-02  9.9888301e-01]
 [-2.4827769e-01 -2.3327428e-01  8.9990139e-01]
 [-1.4853632e-01 -3.0690297e-01  8.6315060e-01]]
[[ 0.          0.          0.6117366 ]
 [-0.00222232 -0.10381184  0.6217253 ]
 [ 0.2528305  -0.09039266  0.35968748]
 [ 0.38967383 -0.07745498  0.        ]
 [ 0.58593726 -0.05778641  0.04881144]
 [ 0.00212582  0.10368364  0.6017466 ]
 [-0.02019143  0.05425692  0.20258325]
 [-0.39893126 -0.09801054  0.24023896]
 [-0.40950775 -0.11534902  0.22706825]
 [-0.0070255   0.03511497  0.8301138 ]
 [-0.02831471  0.0475263   1.0907592 ]
 [ 0.02558846  0.00575292  1.20205   ]
 [-0.04712054  0.05272543  1.252933  ]
 [ 0.03088167  0.15648666  1.0059631 ]
 [ 0.15964572  0.17392215  0.7834164 ]
 [ 0.22016539  0.06152799  0.6672488 ]
 [-0.09874482 -0.07687053  1.05372   ]
 [-0.14242333 -0.32184613  0.98945117]
 [-0.05317538 -0.3547927   1.0301776 ]]
[[ 0.          0.          0.68980193]
 [-0.00380325 -0.11027274  0.6770579 ]
 [ 0.16526677 -0.1658451   0.33406466]
 [-0.23232588 -0.12193915  0.43002376]
 [-0.3111028  -0.0251675   0.4068159 ]
 [ 0.00367834  0.11002935  0.7024307 ]
 [ 0.20349708  0.11411336  0.43306664]
 [ 0.07334799  0.02448732  0.04067314]
 [ 0.23108143  0.01012248  0.        ]
 [-0.03654306  0.03753783  0.9059589 ]
 [-0.07387538  0.07460505  1.1676533 ]
 [-0.00899961  0.06450427  1.2877216 ]
 [-0.09474774  0.07923162  1.322562  ]
 [-0.06456392  0.20241928  1.0707095 ]
 [-0.0393599   0.3105508   0.8447567 ]
 [ 0.07144684  0.40359554  0.69299984]
 [-0.08092967 -0.07808739  1.1499279 ]
 [-0.08432111 -0.33769858  1.1206048 ]
 [-0.00807177 -0.32448226  1.2179013 ]]
[[ 0.00000000e+00  0.00000000e+00  7.24438429e-01]
 [-5.56252897e-03 -1.04426324e-01  7.22938836e-01]
 [ 9.38289016e-02 -7.29213953e-02  3.96277964e-01]
 [-5.18219993e-02 -1.50212646e-02  9.83723402e-02]
 [ 8.44144225e-02  4.88095880e-02  0.00000000e+00]
 [ 5.40921837e-03  1.04191206e-01  7.25838304e-01]
 [ 2.73524642e-01  3.49252820e-02  4.70544428e-01]
 [-1.05370253e-01  4.46376204e-03  4.35217768e-01]
 [-8.66043493e-02  8.97619128e-03  3.22520047e-01]
 [-4.13489267e-02  3.23334783e-02  9.39014018e-01]
 [-6.98999465e-02  7.19302893e-02  1.20239341e+00]
 [-1.42164528e-04  5.69015741e-02  1.30529451e+00]
 [-8.12402368e-02  8.65699053e-02  1.35473824e+00]
 [-8.62700343e-02  1.98826313e-01  1.09957540e+00]
 [-9.25015807e-02  3.04989219e-01  8.82412672e-01]
 [ 4.39346731e-02  4.14276212e-01  7.14294672e-01]
 [-8.75109732e-02 -7.17317760e-02  1.19509876e+00]
 [-2.51390189e-02 -3.37631226e-01  1.20541191e+00]
 [-1.20465457e-02 -3.05766791e-01  1.30586267e+00]]
[[ 0.          0.          0.5769783 ]
 [-0.01304223 -0.1147688   0.56402314]
 [-0.02842648 -0.09591255  0.199213  ]
 [-0.33772713 -0.02117637  0.1181331 ]
 [-0.301705    0.07306847  0.        ]
 [ 0.01290468  0.11447453  0.5897868 ]
 [ 0.33960524  0.01612858  0.4191566 ]
 [ 0.1303463  -0.07657477  0.07702228]
 [ 0.26539874 -0.09727639  0.0106625 ]
 [-0.05977491  0.01876472  0.79459506]
 [-0.10651687  0.05372062  1.0548297 ]
 [-0.01748583  0.04360509  1.1491184 ]
 [-0.10274294  0.06539196  1.206272  ]
 [-0.13723676  0.18350184  0.9550288 ]
 [-0.2192725   0.29762375  0.7489852 ]
 [-0.11367676  0.45188332  0.614249  ]
 [-0.08512617 -0.09487858  1.0516684 ]
 [ 0.0207496  -0.33952576  1.0358722 ]
 [ 0.08282067 -0.20234919  1.1130471 ]]
[[ 0.          0.          0.56839216]
 [ 0.00553675 -0.09911954  0.55618584]
 [-0.05542478 -0.12865719  0.17638338]
 [-0.41894817 -0.15299606  0.22065654]
 [-0.49681407 -0.06741673  0.17275563]
 [-0.0056406   0.09883659  0.5804598 ]
 [ 0.3038535   0.0666829   0.3872258 ]
 [ 0.34589064 -0.05555111  0.        ]
 [ 0.49531543 -0.08319807  0.01380062]
 [-0.05400033  0.02316387  0.7859897 ]
 [-0.10596636  0.05472893  1.0443208 ]
 [-0.0284352   0.06691295  1.1450543 ]
 [-0.10726589  0.07101619  1.1969439 ]
 [-0.15088336  0.17909166  0.9495924 ]
 [-0.25355944  0.30339044  0.7580191 ]
 [-0.14929333  0.49881163  0.74603707]
 [-0.0611374  -0.08629352  1.0372386 ]
 [ 0.02417101 -0.31299675  0.93543005]
 [ 0.15522842 -0.18473178  0.9368985 ]]
[[ 0.          0.          0.5858777 ]
 [ 0.00617092 -0.0949397   0.5771523 ]
 [-0.04898586 -0.15255666  0.198405  ]
 [-0.39669764 -0.23617959  0.28079712]
 [-0.5047901  -0.152962    0.25951368]
 [-0.00626433  0.09468327  0.59448284]
 [ 0.29409862  0.07634038  0.36890364]
 [ 0.38046682 -0.05547673  0.        ]
 [ 0.5251392  -0.09770852  0.03815746]
 [-0.05441353  0.02102792  0.8040812 ]
 [-0.10610017  0.04999527  1.0628896 ]
 [-0.03285819  0.06531405  1.1657879 ]
 [-0.11006568  0.05972052  1.2162998 ]
 [-0.16000274  0.17242342  0.97316086]
 [-0.26145524  0.320485    0.7959729 ]
 [-0.15829563  0.50615954  0.85937333]
 [-0.05464502 -0.08784646  1.0536433 ]
 [ 0.00411702 -0.3008343   0.91658497]
 [ 0.13850316 -0.23868774  0.87896425]]
[[ 0.          0.          0.6121705 ]
 [ 0.00987219 -0.0944715   0.60417944]
 [ 0.01225254 -0.1781426   0.24749428]
 [-0.3416079  -0.25864857  0.3884419 ]
 [-0.46084914 -0.18460679  0.40214893]
 [-0.00995548  0.09426478  0.62005836]
 [ 0.29307228  0.08814728  0.3965389 ]
 [ 0.3472827  -0.04737592  0.        ]
 [ 0.49860865 -0.08505803  0.02624112]
 [-0.0584642   0.02534071  0.8274425 ]
 [-0.11577375  0.05129248  1.0861344 ]
 [-0.03838523  0.05463868  1.1893401 ]
 [-0.11487481  0.05483788  1.236259  ]
 [-0.1695513   0.17444587  1.0018842 ]
 [-0.27658737  0.3578893   0.8613851 ]
 [-0.17245936  0.5189738   0.97025484]
 [-0.0617057  -0.08483878  1.072103  ]
 [-0.0396101  -0.2871159   0.91595554]
 [ 0.09165443 -0.27884623  0.83422005]]
[[ 0.          0.          0.64813405]
 [ 0.00919474 -0.10215592  0.64611167]
 [ 0.10602477 -0.19899434  0.33927262]
 [-0.30074987 -0.2701148   0.45904493]
 [-0.39599937 -0.1904166   0.45705158]
 [-0.00928239  0.10194233  0.6500491 ]
 [ 0.2922719   0.13085413  0.42701966]
 [ 0.25710115 -0.01323402  0.01459104]
 [ 0.41173813 -0.02852809  0.        ]
 [-0.06064291  0.02822798  0.8642424 ]
 [-0.120179    0.0593757   1.1206822 ]
 [-0.03538971  0.06665462  1.21522   ]
 [-0.11755469  0.06668526  1.263674  ]
 [-0.16610879  0.19046298  1.0476173 ]
 [-0.27970663  0.4020511   0.9759921 ]
 [-0.15737301  0.5385412   1.1286118 ]
 [-0.08446451 -0.08024728  1.1018273 ]
 [-0.12544957 -0.26166725  0.9497225 ]
 [-0.00928195 -0.2508215   0.9033981 ]]
[[ 0.          0.          0.6889151 ]
 [ 0.00777195 -0.12065692  0.70133704]
 [ 0.2915718  -0.27897     0.55128485]
 [-0.09671597 -0.32519802  0.4946344 ]
 [-0.09044535 -0.2760244   0.38048878]
 [-0.00783965  0.1204489   0.6763943 ]
 [ 0.23701286  0.12239909  0.40740323]
 [-0.00288884  0.06272829  0.07895452]
 [ 0.11669372  0.07593971  0.        ]
 [-0.06454687  0.04233557  0.89238375]
 [-0.12840652  0.07098487  1.1483682 ]
 [-0.03274091  0.06231213  1.2349242 ]
 [-0.12402821  0.07741153  1.2920301 ]
 [-0.15248698  0.21505988  1.0958506 ]
 [-0.19832286  0.45660162  1.1400185 ]
 [-0.06966773  0.6188577   1.2741203 ]
 [-0.1357255  -0.06708166  1.122765  ]
 [-0.3276018  -0.21432391  1.1633793 ]
 [-0.28882945 -0.2655962   1.3021028 ]]
[[ 0.          0.          0.5872449 ]
 [ 0.00128502 -0.11828608  0.60316646]
 [ 0.2796072  -0.41573757  0.5362363 ]
 [ 0.16629234 -0.5845114   0.3269753 ]
 [ 0.24874204 -0.56948805  0.30432022]
 [-0.00136431  0.11812302  0.5712535 ]
 [ 0.23971978  0.19708453  0.2506135 ]
 [-0.12765309  0.19196701  0.12007344]
 [-0.08607872  0.23774469  0.        ]
 [-0.06483345  0.04544997  0.7987486 ]
 [-0.1265356   0.06271875  1.0557356 ]
 [-0.0159087   0.02649456  1.1228682 ]
 [-0.10290547  0.06152588  1.1865897 ]
 [-0.11799064  0.20952475  1.0095699 ]
 [-0.01530515  0.42874682  1.0416288 ]
 [ 0.09268619  0.55175877  1.2217053 ]
 [-0.15973987 -0.06581473  1.0254544 ]
 [-0.24801981 -0.29630908  1.086469  ]
 [-0.22030371 -0.23649585  1.2175409 ]]
[[ 0.          0.          0.51872337]
 [ 0.00519459 -0.11676292  0.5358402 ]
 [ 0.26138598 -0.36512572  0.50885266]
 [ 0.44279575 -0.51086956  0.34036672]
 [ 0.54698175 -0.48644635  0.4043802 ]
 [-0.00524031  0.11666197  0.50154984]
 [ 0.24574977  0.2258121   0.17681229]
 [-0.12583306  0.13291314  0.1069831 ]
 [-0.11521471  0.19212645  0.        ]
 [-0.04842539  0.02724704  0.73525465]
 [-0.09018888  0.02832532  0.99159014]
 [ 0.02307849 -0.01149935  1.0457628 ]
 [-0.05849352  0.02800626  1.1052566 ]
 [-0.07700591  0.16916981  0.95666873]
 [ 0.05629089  0.30237526  1.1234732 ]
 [ 0.12005192  0.29152113  1.2888052 ]
 [-0.12550679 -0.08215848  0.9619928 ]
 [-0.23846593 -0.20574048  1.0192249 ]
 [-0.22228742 -0.2256056   1.1846068 ]]
[[ 0.          0.          0.5261923 ]
 [ 0.00918089 -0.10974017  0.54312617]
 [ 0.26977667 -0.35657078  0.5075013 ]
 [ 0.5027304  -0.52308893  0.38907015]
 [ 0.6027405  -0.4963237   0.46678025]
 [-0.00921348  0.10964948  0.50918925]
 [ 0.2613086   0.22451508  0.20734885]
 [-0.09868029  0.13683164  0.1035803 ]
 [-0.06442933  0.20290092  0.        ]
 [-0.03651052  0.03087813  0.7464815 ]
 [-0.06788491  0.03954554  1.0010481 ]
 [ 0.0486197  -0.00260821  1.0366167 ]
 [-0.03120849  0.0380165   1.0987914 ]
 [-0.05381873  0.17747027  0.96784353]
 [ 0.10718475  0.32220703  1.0745559 ]
 [ 0.2303189   0.4108141   1.2173203 ]
 [-0.10529761 -0.07426137  0.9791503 ]
 [-0.16220304 -0.2594296   1.0898352 ]
 [-0.14082268 -0.26988992  1.2243505 ]]
[[ 0.          0.          0.5368557 ]
 [ 0.00814833 -0.10984809  0.5527292 ]
 [ 0.30557668 -0.29752254  0.54819304]
 [ 0.6104198  -0.40703994  0.45255488]
 [ 0.7071142  -0.39514154  0.5730477 ]
 [-0.00817455  0.1097986   0.52091885]
 [ 0.29591173  0.21261215  0.26908907]
 [-0.03839185  0.16545957  0.10747841]
 [ 0.030516    0.22548926  0.        ]
 [-0.02524029  0.02644779  0.7578937 ]
 [-0.04506239  0.04050896  1.0112226 ]
 [ 0.0712255   0.00595751  1.035842  ]
 [ 0.00821549  0.04744291  1.0952303 ]
 [-0.03791051  0.17235091  0.9770987 ]
 [ 0.122332    0.26255733  1.0940946 ]
 [ 0.24297711  0.29965258  1.2265742 ]
 [-0.07184941 -0.08085126  0.9927929 ]
 [-0.10023052 -0.25846514  1.0824202 ]
 [-0.06364882 -0.27748552  1.2404336 ]]
[[ 0.00000000e+00  0.00000000e+00  5.45235872e-01]
 [ 4.65773791e-03 -1.10219136e-01  5.58385789e-01]
 [ 3.34704608e-01 -2.57319480e-01  5.92041194e-01]
 [ 6.98190808e-01 -3.48300576e-01  4.86200809e-01]
 [ 7.99183369e-01 -3.54448974e-01  6.13043368e-01]
 [-4.68108803e-03  1.10189691e-01  5.32030463e-01]
 [ 3.22669625e-01  1.95901409e-01  3.59288573e-01]
 [ 9.37980860e-02  1.97211832e-01  8.73484313e-02]
 [ 2.10676938e-01  2.53224939e-01  0.00000000e+00]
 [-1.39902625e-02  1.80392861e-02  7.64556766e-01]
 [-2.14612707e-02  3.18738818e-02  1.01130140e+00]
 [ 9.76521298e-02 -5.09619713e-04  1.01350117e+00]
 [ 4.43578437e-02  4.80141640e-02  1.07389534e+00]
 [-5.01144677e-03  1.63312823e-01  9.82038379e-01]
 [ 1.77970871e-01  3.03477108e-01  1.06111073e+00]
 [ 2.68792689e-01  3.47008765e-01  1.16259027e+00]
 [-5.35712987e-02 -9.44845676e-02  9.94903564e-01]
 [-2.80217826e-02 -3.08032364e-01  1.08821714e+00]
 [ 6.28162026e-02 -3.42225730e-01  1.21413183e+00]]
[[ 0.00000000e+00  0.00000000e+00  4.86837089e-01]
 [ 3.17972153e-03 -1.14307910e-01  4.95198816e-01]
 [ 3.96128982e-01 -1.63011283e-01  5.69463491e-01]
 [ 8.16373527e-01 -1.08696744e-01  4.39181149e-01]
 [ 9.26479042e-01 -1.14644602e-01  5.78594863e-01]
 [-3.22147459e-03  1.14308596e-01  4.78431880e-01]
 [ 3.43544722e-01  1.62492424e-01  3.64209116e-01]
 [ 2.60749817e-01  2.03110933e-01  2.44902968e-02]
 [ 3.97133291e-01  2.38990009e-01  0.00000000e+00]
 [-5.67084271e-03 -8.46597552e-03  7.01700211e-01]
 [ 9.82200727e-05 -8.28823447e-03  9.37855422e-01]
 [ 1.31093845e-01 -3.58540118e-02  9.20882642e-01]
 [ 7.82563239e-02  1.15112960e-02  9.83833015e-01]
 [ 1.40225142e-02  1.21494055e-01  9.08701181e-01]
 [ 1.87939838e-01  2.18523800e-01  9.90835130e-01]
 [ 2.61443853e-01  2.33227015e-01  1.06757927e+00]
 [-1.82568301e-02 -1.34585023e-01  9.22214866e-01]
 [ 6.25164211e-02 -2.92104244e-01  9.26215470e-01]
 [ 1.82976365e-01 -3.57571781e-01  1.02529478e+00]]
[[ 0.          0.          0.450032  ]
 [ 0.00111428 -0.11285847  0.45143545]
 [ 0.41221362 -0.13096613  0.54262173]
 [ 0.80883557 -0.03688671  0.36976212]
 [ 0.92728347 -0.03981069  0.5277369 ]
 [-0.00115024  0.11285001  0.4485817 ]
 [ 0.34750557  0.15171643  0.36860028]
 [ 0.36157912  0.18426213  0.01092505]
 [ 0.5172286   0.2132147   0.        ]
 [-0.0062444  -0.01633194  0.6578015 ]
 [ 0.00577026 -0.02151957  0.882697  ]
 [ 0.14534086 -0.05076194  0.86225563]
 [ 0.08451565 -0.01257882  0.93129444]
 [ 0.01803656  0.11152896  0.85688186]
 [ 0.15764564  0.26458588  0.7959845 ]
 [ 0.26543003  0.32251856  0.8336676 ]
 [-0.02195524 -0.14799044  0.859494  ]
 [ 0.03303975 -0.3612591   0.8586825 ]
 [ 0.14750904 -0.4152562   0.9179888 ]]
[[ 0.0000000e+00  0.0000000e+00  4.4142777e-01]
 [ 5.1092207e-03 -1.1489327e-01  4.4279337e-01]
 [ 4.1840398e-01 -1.4674245e-01  5.3921348e-01]
 [ 7.6482356e-01 -4.4936672e-02  3.1665868e-01]
 [ 8.9523822e-01 -4.0810987e-02  4.4821751e-01]
 [-5.1520839e-03  1.1485170e-01  4.4001192e-01]
 [ 3.7508959e-01  1.6822296e-01  3.7291929e-01]
 [ 4.0518022e-01  2.2939610e-01  0.0000000e+00]
 [ 5.7360309e-01  2.5557432e-01  6.7940354e-03]
 [-7.9087410e-03 -2.7666450e-02  6.4113188e-01]
 [-7.8473985e-04 -3.7885308e-02  8.6377746e-01]
 [ 1.4799428e-01 -6.2672973e-02  8.4523970e-01]
 [ 8.4372565e-02 -3.0522555e-02  9.1344655e-01]
 [-5.8478042e-03  9.4467580e-02  8.3227098e-01]
 [ 7.8785941e-02  2.4397156e-01  7.4365956e-01]
 [ 2.1998604e-01  3.9322403e-01  7.1624702e-01]
 [-1.0517307e-02 -1.6313258e-01  8.3673000e-01]
 [-1.2474433e-02 -3.3024749e-01  7.1332264e-01]
 [ 8.5942656e-02 -4.5509106e-01  7.3509061e-01]]
[[ 0.00000000e+00  0.00000000e+00  4.10750091e-01]
 [ 5.09030372e-03 -1.14724979e-01  4.10196096e-01]
 [ 4.25628632e-01 -1.10571995e-01  5.28680801e-01]
 [ 7.36275911e-01  1.47044659e-04  2.92703688e-01]
 [ 8.68503690e-01  1.05274618e-02  4.08739656e-01]
 [-5.14499843e-03  1.14674650e-01  4.11256045e-01]
 [ 3.90908778e-01  1.68406934e-01  3.87853146e-01]
 [ 4.19195473e-01  1.88114792e-01  0.00000000e+00]
 [ 5.87519169e-01  2.10104018e-01  5.82656264e-03]
 [-1.61608942e-02 -1.62671804e-02  6.08054459e-01]
 [-1.16422828e-02 -1.13438070e-02  8.30644608e-01]
 [ 1.42067552e-01 -3.30981612e-02  8.15554857e-01]
 [ 7.47199059e-02  5.89460135e-04  8.83148789e-01]
 [-2.07721815e-02  1.14924192e-01  7.97814429e-01]
 [ 1.85845569e-02  2.56176114e-01  6.90046549e-01]
 [ 1.08330168e-01  4.26776677e-01  6.54120684e-01]
 [-1.96173582e-02 -1.40902996e-01  8.01667333e-01]
 [ 2.86489278e-02 -3.42967570e-01  7.09079504e-01]
 [ 1.00698411e-01 -4.77188170e-01  6.55527413e-01]]
[[ 0.          0.          0.35216498]
 [ 0.00556856 -0.1137817   0.34714776]
 [ 0.45097458 -0.11060026  0.46613088]
 [ 0.6551206  -0.00350727  0.2144073 ]
 [ 0.77785456  0.00206424  0.29896563]
 [-0.00561507  0.11369553  0.35713634]
 [ 0.40224093  0.13269287  0.34865615]
 [ 0.4264713   0.18026179  0.        ]
 [ 0.5726417   0.19165727  0.01102579]
 [-0.03619421 -0.03093751  0.5334636 ]
 [-0.04496515 -0.04388127  0.7590571 ]
 [ 0.11281328 -0.07335034  0.7652628 ]
 [ 0.03136665 -0.04135689  0.834306  ]
 [-0.06146713  0.09356248  0.7263191 ]
 [-0.07243645  0.2688811   0.6161408 ]
 [-0.01567717  0.53292155  0.5480966 ]
 [-0.05384754 -0.16999704  0.71240366]
 [-0.13618977 -0.3475986   0.5606972 ]
 [-0.12003391 -0.53873765  0.5472232 ]]
[[ 0.00000000e+00  0.00000000e+00  3.03042591e-01]
 [ 3.43475491e-04 -1.10864691e-01  2.95496076e-01]
 [ 4.72658873e-01 -1.36358410e-01  3.74864638e-01]
 [ 4.60384846e-01  5.03811240e-03  1.46451175e-01]
 [ 5.64457655e-01  2.82008499e-02  1.59912109e-01]
 [-4.31783497e-04  1.10720456e-01  3.10523719e-01]
 [ 4.42163050e-01  8.47136900e-02  3.27187240e-01]
 [ 3.46886098e-01  1.17786288e-01  2.38127708e-02]
 [ 4.50454265e-01  1.28320903e-01  0.00000000e+00]
 [-7.01704323e-02 -2.40210742e-02  4.73834604e-01]
 [-1.06648684e-01 -4.38436270e-02  6.96651101e-01]
 [ 4.53406721e-02 -7.88977444e-02  7.32977092e-01]
 [-3.89991179e-02 -4.59921658e-02  7.98688591e-01]
 [-1.18621126e-01  9.97077823e-02  6.65175676e-01]
 [-1.49382710e-01  3.19403052e-01  5.58304310e-01]
 [-6.19441271e-02  5.86769998e-01  5.26213109e-01]
 [-1.17203698e-01 -1.64310053e-01  6.37906790e-01]
 [-1.83899879e-01 -3.29678208e-01  4.73294973e-01]
 [-2.24527776e-01 -4.98726636e-01  4.28740978e-01]]
[[ 0.00000000e+00  0.00000000e+00  2.99755484e-01]
 [-5.61371446e-04 -1.05253167e-01  2.88655490e-01]
 [ 4.64954376e-01 -1.19470015e-01  3.40519488e-01]
 [ 3.84943247e-01  1.07250355e-01  1.41724333e-01]
 [ 4.66343194e-01  1.55055672e-01  1.21470869e-01]
 [ 4.69222665e-04  1.05097830e-01  3.10787022e-01]
 [ 4.36688393e-01  3.39522585e-02  3.13527346e-01]
 [ 3.14928472e-01  9.84079540e-02  4.98809814e-02]
 [ 4.28284883e-01  1.12299472e-01  0.00000000e+00]
 [-9.07296389e-02 -2.56367624e-02  4.65125084e-01]
 [-1.50499433e-01 -5.39757013e-02  6.84919477e-01]
 [-2.08190456e-03 -9.09151137e-02  7.29670584e-01]
 [-9.18169022e-02 -6.32800758e-02  7.91483641e-01]
 [-1.55266941e-01  8.36429596e-02  6.58762217e-01]
 [-1.80956632e-01  2.89171159e-01  5.25614321e-01]
 [-6.97053373e-02  5.34673750e-01  5.05285501e-01]
 [-1.58016130e-01 -1.68242335e-01  6.16643906e-01]
 [-2.07366899e-01 -3.15132320e-01  4.22136068e-01]
 [-2.32835770e-01 -3.87821406e-01  3.87835473e-01]]
[[ 0.          0.          0.2792303 ]
 [-0.00147691 -0.10274536  0.26388788]
 [ 0.43864202 -0.11793303  0.3233381 ]
 [ 0.49243212  0.06723103  0.11121961]
 [ 0.60470694  0.09946017  0.11263272]
 [ 0.0013834   0.10261444  0.2945124 ]
 [ 0.4542498   0.04217874  0.30211756]
 [ 0.4143896   0.11728391  0.03420526]
 [ 0.5371849   0.12144244  0.        ]
 [-0.08117916 -0.03535926  0.4328184 ]
 [-0.14303184 -0.06579378  0.64456165]
 [-0.00669675 -0.10579693  0.6908209 ]
 [-0.09497925 -0.0797475   0.7564807 ]
 [-0.13827743  0.07245657  0.6258453 ]
 [-0.11164722  0.25296962  0.48512483]
 [ 0.04745854  0.4587702   0.4769285 ]
 [-0.16110802 -0.17825569  0.57597125]
 [-0.22332354 -0.34148538  0.39779943]
 [-0.16924554 -0.46401188  0.35818872]]
[[ 0.          0.          0.20452727]
 [-0.01192141 -0.08331632  0.16924536]
 [ 0.4087205  -0.11204123  0.22182405]
 [ 0.54270345  0.13855386  0.08371304]
 [ 0.63234985  0.15003248  0.09283321]
 [ 0.01184526  0.0832089   0.23977101]
 [ 0.41778734 -0.03883799  0.2552196 ]
 [ 0.51073873  0.0343283   0.01510862]
 [ 0.6207832   0.00740765  0.        ]
 [-0.09984498 -0.07268699  0.34113795]
 [-0.20226021 -0.152454    0.5419755 ]
 [-0.08941822 -0.20752612  0.6026475 ]
 [-0.17099176 -0.1748881   0.6610337 ]
 [-0.15401903 -0.02555829  0.5428589 ]
 [-0.03477009  0.14388156  0.43409973]
 [ 0.16175249  0.26675415  0.45568264]
 [-0.23252368 -0.23619166  0.45181042]
 [-0.30466124 -0.3798114   0.2808094 ]
 [-0.2909531  -0.5273876   0.23559965]]
[[ 0.          0.          0.15183172]
 [-0.01870427 -0.06882062  0.10313961]
 [ 0.38387433 -0.09383627  0.14426354]
 [ 0.5128109   0.172551    0.05458829]
 [ 0.5793924   0.16923693  0.07312712]
 [ 0.01862708  0.06874321  0.2005126 ]
 [ 0.39883593 -0.08822899  0.2152073 ]
 [ 0.5555265  -0.08475617  0.00927342]
 [ 0.64467525 -0.12959817  0.        ]
 [-0.11040438 -0.08541614  0.27935845]
 [-0.22933054 -0.18846469  0.47361135]
 [-0.14598495 -0.24999166  0.5411563 ]
 [-0.21123543 -0.210188    0.59288883]
 [-0.15499195 -0.08618605  0.49321243]
 [ 0.00437099  0.01897432  0.39316002]
 [ 0.17750648  0.07656944  0.39431047]
 [-0.27279574 -0.24809743  0.372481  ]
 [-0.3485685  -0.3889324   0.18181527]
 [-0.3757205  -0.60084146  0.10499868]]
[[ 0.          0.          0.11386284]
 [-0.02519761 -0.05917837  0.0558458 ]
 [ 0.3583379   0.00542031  0.07454187]
 [ 0.48580647  0.35324612  0.        ]
 [ 0.53157556  0.3534121   0.02084529]
 [ 0.02511365  0.05911171  0.17189047]
 [ 0.4047222  -0.1135454   0.16753939]
 [ 0.5876497  -0.14543575  0.00216879]
 [ 0.66970074 -0.18982074  0.0051211 ]
 [-0.11794478 -0.07867909  0.23638012]
 [-0.24639449 -0.18234806  0.41608503]
 [-0.19906682 -0.25183344  0.47639033]
 [-0.24411267 -0.20849483  0.525046  ]
 [-0.15524045 -0.10093632  0.44533035]
 [ 0.01408325 -0.03155433  0.351246  ]
 [ 0.19221863 -0.01440623  0.3278748 ]
 [-0.30192274 -0.21913674  0.30902565]
 [-0.37514067 -0.319998    0.10139236]
 [-0.4179386  -0.5272661   0.00488505]]
[[ 0.          0.          0.19487777]
 [-0.01661221 -0.02590359  0.14156148]
 [ 0.3162243   0.0843772   0.0618047 ]
 [ 0.35971513  0.41255558  0.02048391]
 [ 0.37321925  0.40391815  0.        ]
 [ 0.01652232  0.02584487  0.24820724]
 [ 0.4119466  -0.13231012  0.2000909 ]
 [ 0.6608908  -0.15332071  0.20026942]
 [ 0.7625289  -0.19041133  0.17908058]
 [-0.1359266  -0.06450555  0.3068483 ]
 [-0.28881386 -0.16623582  0.46917617]
 [-0.31090665 -0.21852082  0.5167988 ]
 [-0.3092823  -0.18044874  0.5606359 ]
 [-0.1989191  -0.1297745   0.5001974 ]
 [-0.02612047 -0.16886763  0.37880376]
 [ 0.1089725  -0.14359051  0.26161802]
 [-0.3432556  -0.16488904  0.3608691 ]
 [-0.4132426  -0.21285269  0.11162761]
 [-0.5319738  -0.37609547  0.02325943]]
[[ 0.          0.          0.28355458]
 [-0.02137077 -0.00469105  0.24148412]
 [ 0.28294486  0.16234653  0.11421724]
 [ 0.37963137  0.41501614  0.03061733]
 [ 0.37533867  0.39700782  0.        ]
 [ 0.02129998  0.00460006  0.32563052]
 [ 0.39994133 -0.11639982  0.23042543]
 [ 0.6324928  -0.14993183  0.33653986]
 [ 0.7772963  -0.18138252  0.32494324]
 [-0.14934711 -0.04514171  0.3786186 ]
 [-0.31586123 -0.13285159  0.5301507 ]
 [-0.3769858  -0.16005625  0.5679464 ]
 [-0.3415106  -0.12911281  0.6163441 ]
 [-0.23042677 -0.12786254  0.5479611 ]
 [-0.07012039 -0.1868759   0.41110444]
 [ 0.05923336 -0.11809985  0.26623124]
 [-0.3671422  -0.10553475  0.42513195]
 [-0.44479984 -0.13938713  0.17208844]
 [-0.53899944 -0.2873795   0.0860891 ]]
[[ 0.          0.          0.34491307]
 [-0.02705695  0.0103183   0.30877188]
 [ 0.22019121  0.13019381  0.13095787]
 [ 0.23411909  0.3512313   0.04012734]
 [ 0.21736065  0.3188448   0.        ]
 [ 0.02696994 -0.01041017  0.38105783]
 [ 0.35741818 -0.14145026  0.23455222]
 [ 0.6048787  -0.15259737  0.41273046]
 [ 0.76601744 -0.2048557   0.40450913]
 [-0.16151069 -0.04986472  0.4326533 ]
 [-0.34884027 -0.13960792  0.57584727]
 [-0.42579108 -0.15564421  0.61230016]
 [-0.3795424  -0.12735489  0.66507775]
 [-0.25907105 -0.15625122  0.5929618 ]
 [-0.11026865 -0.23069263  0.4443354 ]
 [-0.02186958 -0.15796566  0.29741755]
 [-0.4016109  -0.09057666  0.47026458]
 [-0.47814465 -0.10904269  0.2107487 ]
 [-0.59767973 -0.27290618  0.1291362 ]]
[[ 0.          0.          0.38988513]
 [-0.02922752  0.02574095  0.35737988]
 [ 0.16033876  0.16210254  0.1645571 ]
 [ 0.24684891  0.38932946  0.02249074]
 [ 0.22371656  0.3541216   0.        ]
 [ 0.02913646 -0.02581895  0.42239258]
 [ 0.2935557  -0.19482723  0.23308894]
 [ 0.5627528  -0.26734447  0.43831423]
 [ 0.6936308  -0.32856667  0.44168925]
 [-0.16828166 -0.031885    0.47627026]
 [-0.36864886 -0.09868634  0.61305827]
 [-0.45763686 -0.1084245   0.6544485 ]
 [-0.40501446 -0.07491896  0.7020263 ]
 [-0.2783385  -0.13663706  0.6298733 ]
 [-0.14665766 -0.19785167  0.47346762]
 [-0.0704003  -0.09368888  0.29511923]
 [-0.42159522 -0.03411134  0.5081883 ]
 [-0.5026256  -0.03757931  0.25195375]
 [-0.65078735 -0.15607283  0.11959696]]
[[ 0.00000000e+00  0.00000000e+00  4.24092591e-01]
 [-2.22289041e-02  4.83338088e-02  4.04454023e-01]
 [ 1.10984892e-01  2.20483780e-01  1.65732145e-01]
 [ 1.48402378e-01  4.04388964e-01  7.08110332e-02]
 [ 1.28689855e-01  4.08579528e-01  0.00000000e+00]
 [ 2.21198723e-02 -4.84474003e-02  4.43734139e-01]
 [ 2.12925375e-01 -1.89261556e-01  2.09581763e-01]
 [ 5.05809546e-01 -2.90156513e-01  4.41911250e-01]
 [ 6.27664685e-01 -3.48127276e-01  4.01198417e-01]
 [-1.69315487e-01 -1.04492903e-03  5.17240644e-01]
 [-3.72726321e-01 -3.40961069e-02  6.58083677e-01]
 [-4.77503240e-01 -2.18230784e-02  7.09673882e-01]
 [-4.11013067e-01  5.05715609e-04  7.53150880e-01]
 [-2.97319055e-01 -1.01505712e-01  6.68006301e-01]
 [-1.79162145e-01 -1.69078857e-01  4.66720462e-01]
 [-1.71214521e-01 -1.07931465e-01  2.54842222e-01]
 [-4.13637221e-01  5.69578558e-02  5.60890555e-01]
 [-5.02934396e-01  8.13215747e-02  3.04881394e-01]
 [-6.44897580e-01 -5.17878234e-02  1.75695926e-01]]
[[ 0.0000000e+00  0.0000000e+00  4.3025839e-01]
 [-9.4479844e-03  6.2588185e-02  4.2265934e-01]
 [ 8.2629479e-02  2.8732324e-01  1.6696829e-01]
 [ 1.7174217e-01  3.8993403e-01  8.4557325e-02]
 [ 1.3054822e-01  4.2528686e-01  0.0000000e+00]
 [ 9.3544535e-03 -6.2719189e-02  4.3785208e-01]
 [ 1.3851050e-01 -1.8918848e-01  1.8505776e-01]
 [ 4.3810940e-01 -3.0357745e-01  3.9841729e-01]
 [ 5.6892741e-01 -3.6028126e-01  3.5522786e-01]
 [-1.7759964e-01  1.4751837e-02  5.2702105e-01]
 [-3.8842660e-01  7.2398782e-04  6.7370319e-01]
 [-5.0146961e-01  3.0130386e-02  7.2714078e-01]
 [-4.3237197e-01  3.2553166e-02  7.7510107e-01]
 [-3.3404100e-01 -8.2124710e-02  6.6476035e-01]
 [-2.3051338e-01 -1.3829340e-01  4.3749100e-01]
 [-1.8136787e-01 -7.9868972e-02  2.3088802e-01]
 [-4.0810758e-01  1.0402918e-01  5.8692724e-01]
 [-5.0370538e-01  1.4940086e-01  3.3623546e-01]
 [-6.6168225e-01  1.4645100e-02  2.0563477e-01]]
[[ 0.          0.          0.39899865]
 [ 0.02277511  0.08517431  0.41305724]
 [ 0.00925179  0.33842525  0.14407048]
 [ 0.22537576  0.25849947  0.13457993]
 [ 0.21585293  0.3213219   0.        ]
 [-0.02287069 -0.08537231  0.38493976]
 [-0.0415607  -0.16695237  0.04988709]
 [ 0.29086542 -0.31626725  0.23352188]
 [ 0.37513492 -0.3540446   0.13006052]
 [-0.18226442  0.03847754  0.50856924]
 [-0.3921861   0.05127317  0.67051005]
 [-0.5161111   0.08751014  0.7292768 ]
 [-0.44658372  0.07424194  0.7834518 ]
 [-0.37533897 -0.05700496  0.6322283 ]
 [-0.28591356 -0.10283049  0.36367235]
 [-0.28637642 -0.07266644  0.1429823 ]
 [-0.38150722  0.16521108  0.60118073]
 [-0.507476    0.21147531  0.36819857]
 [-0.6899742   0.09129415  0.22738934]]
[[ 0.          0.          0.44984952]
 [ 0.03124704  0.07721673  0.46937844]
 [ 0.03829601  0.39026567  0.23052318]
 [ 0.20590778  0.2997049   0.12021881]
 [ 0.17694902  0.37942353  0.        ]
 [-0.03133444 -0.0774036   0.43030426]
 [-0.04699522 -0.1486505   0.09216723]
 [ 0.25221696 -0.4062179   0.28292507]
 [ 0.34815967 -0.4603829   0.23113999]
 [-0.17602246  0.05262663  0.5651015 ]
 [-0.37685353  0.08351257  0.73445475]
 [-0.50199354  0.13152465  0.79691005]
 [-0.4324475   0.10657331  0.8490467 ]
 [-0.3822143  -0.0219301   0.6890791 ]
 [-0.32387346 -0.07574906  0.41580987]
 [-0.342952   -0.01795217  0.19498977]
 [-0.34757492  0.19448848  0.67270994]
 [-0.46311986  0.25508407  0.4421931 ]
 [-0.6592529   0.13517079  0.32480502]]
[[ 0.          0.          0.43433297]
 [ 0.04278274  0.08109003  0.46180013]
 [ 0.03544553  0.38584787  0.23828404]
 [ 0.20758975  0.2551749   0.1425935 ]
 [ 0.18026188  0.34845102  0.        ]
 [-0.04287779 -0.08130573  0.4068346 ]
 [-0.07976    -0.10556474  0.04213569]
 [ 0.20114106 -0.31618676  0.23735234]
 [ 0.26647794 -0.35222104  0.12796295]
 [-0.17171696  0.05824539  0.562062  ]
 [-0.3635986   0.09769535  0.7422718 ]
 [-0.4911515   0.15239719  0.80915904]
 [-0.4210273   0.11726195  0.86430013]
 [-0.38930136 -0.00983229  0.685977  ]
 [-0.3366817  -0.08105459  0.41592923]
 [-0.35519478 -0.03693101  0.19278859]
 [-0.31728917  0.20834377  0.6850248 ]
 [-0.4342261   0.26720938  0.44959593]
 [-0.64318806  0.13995054  0.34668976]]
[[ 0.          0.          0.44092658]
 [ 0.05232508  0.07549149  0.47326252]
 [ 0.0564323   0.39022672  0.2782026 ]
 [ 0.22171623  0.22530869  0.14511448]
 [ 0.19594781  0.32708043  0.        ]
 [-0.05243124 -0.07572111  0.40854794]
 [-0.09465744 -0.05791256  0.03031373]
 [ 0.16199732 -0.3145147   0.21704823]
 [ 0.21943343 -0.34943378  0.11241803]
 [-0.16480121  0.06270984  0.5778274 ]
 [-0.34406692  0.11739728  0.76318777]
 [-0.4745221   0.17867422  0.8350252 ]
 [-0.40248108  0.1323705   0.8851189 ]
 [-0.39045256  0.01553482  0.7060052 ]
 [-0.3379314  -0.06130438  0.43314648]
 [-0.34562835 -0.03231283  0.20796713]
 [-0.278333    0.2235166   0.71335816]
 [-0.38734642  0.28561562  0.47403628]
 [-0.6158492   0.17355855  0.38116705]]
[[ 0.          0.          0.45992106]
 [ 0.06178839  0.0676406   0.49590895]
 [ 0.08611123  0.4073546   0.32618594]
 [ 0.22618704  0.23477396  0.14622909]
 [ 0.19482076  0.34558475  0.        ]
 [-0.06190185 -0.06786843  0.42388922]
 [-0.09770714 -0.02613285  0.04717854]
 [ 0.13326678 -0.32510138  0.20632017]
 [ 0.1921134  -0.36129814  0.12316853]
 [-0.15611896  0.06835182  0.6027446 ]
 [-0.325205    0.13173908  0.7938961 ]
 [-0.45694584  0.19645554  0.87072587]
 [-0.38408658  0.14065304  0.91891295]
 [-0.3863702   0.03384298  0.7322295 ]
 [-0.34271175 -0.05230352  0.46126047]
 [-0.34063238 -0.01823653  0.24340066]
 [-0.24336371  0.23443794  0.7516151 ]
 [-0.34425056  0.31347144  0.51932526]
 [-0.5852066   0.20886669  0.4400175 ]]
[[ 0.          0.          0.45720053]
 [ 0.06626759  0.06381349  0.49546522]
 [ 0.10223098  0.42366642  0.3435366 ]
 [ 0.22917789  0.25478834  0.14459866]
 [ 0.19543499  0.36965543  0.        ]
 [-0.06639244 -0.06404129  0.41888422]
 [-0.10381988 -0.01226616  0.04003829]
 [ 0.11218588 -0.32721984  0.20048493]
 [ 0.16792661 -0.36110514  0.12377757]
 [-0.14770246  0.07438953  0.60232174]
 [-0.31120786  0.14231294  0.7958571 ]
 [-0.44353503  0.20923269  0.8735142 ]
 [-0.37112248  0.14976004  0.9212311 ]
 [-0.38163742  0.04772896  0.7308227 ]
 [-0.34645593 -0.04283711  0.46210185]
 [-0.34486768 -0.00603977  0.25432426]
 [-0.2185365   0.24077535  0.7589625 ]
 [-0.3176027   0.3331214   0.5313036 ]
 [-0.5646837   0.23689607  0.47216702]]
