[[ 0.          0.          0.58056486]
 [ 0.03125858 -0.09000622  0.57284176]
 [ 0.3617385   0.07593751  0.4644214 ]
 [ 0.3703063   0.00824308  0.06928122]
 [ 0.5469053   0.02531195  0.        ]
 [-0.03122371  0.09016141  0.58874035]
 [-0.23708418  0.21904333  0.31713638]
 [-0.64036536  0.13512096  0.2664291 ]
 [-0.71035945  0.19963796  0.14707023]
 [ 0.05160086  0.03539972  0.793779  ]
 [ 0.07858572 -0.00949362  1.039583  ]
 [ 0.18840563 -0.02613524  1.1139252 ]
 [ 0.14113073 -0.01296455  1.2300394 ]
 [ 0.05539804  0.13019833  1.0008295 ]
 [ 0.29756314  0.24433586  0.9155279 ]
 [ 0.38191253  0.1947613   1.0980258 ]
 [ 0.07784002 -0.11983618  1.0014238 ]
 [-0.12333401 -0.14548528  1.053612  ]
 [-0.13934758 -0.10189378  0.9397666 ]]
[[ 0.          0.          0.5725771 ]
 [ 0.03343967 -0.10255291  0.56282985]
 [ 0.3545586   0.09008172  0.3855096 ]
 [ 0.44404015  0.04332089  0.02026194]
 [ 0.62307036  0.0589565   0.        ]
 [-0.03348421  0.10265785  0.5829749 ]
 [-0.19015513  0.19611862  0.27542645]
 [-0.6206238   0.01210594  0.39455056]
 [-0.70678735  0.07193409  0.36467054]
 [ 0.06229018  0.02483281  0.78401446]
 [ 0.10032036 -0.02690795  1.0283579 ]
 [ 0.20939022 -0.05280983  1.1044213 ]
 [ 0.17170121 -0.04715991  1.2157917 ]
 [ 0.078826    0.11501437  0.9943165 ]
 [ 0.27154747  0.25592944  0.856028  ]
 [ 0.4069981   0.20585418  0.957349  ]
 [ 0.10098572 -0.14241332  0.97941935]
 [-0.06644667 -0.17896892  0.9547395 ]
 [-0.0986791  -0.14261143  0.8428811 ]]
[[ 0.          0.          0.6065452 ]
 [ 0.03018326 -0.11310577  0.59489906]
 [ 0.33640516  0.10395344  0.38388166]
 [ 0.42782372  0.08106005  0.01436436]
 [ 0.6212505   0.10536945  0.        ]
 [-0.03022198  0.11317821  0.6188052 ]
 [-0.1282762   0.16016518  0.2865507 ]
 [-0.54297346 -0.06389597  0.4800783 ]
 [-0.64266694 -0.03255902  0.5166981 ]
 [ 0.07470576  0.02271755  0.8181585 ]
 [ 0.12816986 -0.02089164  1.062398  ]
 [ 0.23391557 -0.05071306  1.1408644 ]
 [ 0.1978536  -0.06184208  1.2442708 ]
 [ 0.10733599  0.12454396  1.0289402 ]
 [ 0.242169    0.27749622  0.83965   ]
 [ 0.43064603  0.26125693  0.83838433]
 [ 0.12384546 -0.14631164  1.0146551 ]
 [-0.04276955 -0.19390224  0.90385556]
 [-0.07711538 -0.22955534  0.76002705]]
[[ 0.          0.          0.6801789 ]
 [ 0.02552809 -0.12970544  0.6699208 ]
 [ 0.2926448   0.10686594  0.41572234]
 [ 0.25940168  0.09135914  0.0439623 ]
 [ 0.47011083  0.12171924  0.        ]
 [-0.02554733  0.12972815  0.69100213]
 [-0.02665126  0.14173645  0.32834053]
 [-0.45783222 -0.1316719   0.56064653]
 [-0.57361794 -0.12730262  0.609559  ]
 [ 0.08451197  0.02198964  0.88920546]
 [ 0.1529827  -0.00992626  1.1344032 ]
 [ 0.25580794 -0.0420664   1.216646  ]
 [ 0.21939471 -0.06578469  1.314905  ]
 [ 0.11655085  0.13806105  1.1017809 ]
 [ 0.18223557  0.28592628  0.8737232 ]
 [ 0.33668733  0.31402975  0.71389514]
 [ 0.15677145 -0.1515415   1.0827878 ]
 [ 0.02156392 -0.24016565  0.88704985]
 [ 0.08829364 -0.25074834  0.7089498 ]]
[[ 0.          0.          0.6640129 ]
 [ 0.01766133 -0.1359292   0.64854413]
 [ 0.22405842  0.128524    0.3624791 ]
 [ 0.10711683  0.16670603  0.05823535]
 [ 0.32629567  0.20133674  0.        ]
 [-0.01773685  0.13588418  0.67994523]
 [ 0.06324229  0.09971443  0.31246096]
 [-0.38661653 -0.15695041  0.5223913 ]
 [-0.5194843  -0.14474967  0.5540358 ]
 [ 0.08300596  0.02663146  0.87530684]
 [ 0.14780241 -0.00583038  1.1242957 ]
 [ 0.24934535 -0.04893401  1.217309  ]
 [ 0.21396533 -0.08362168  1.3073262 ]
 [ 0.10491951  0.14225292  1.0872996 ]
 [ 0.11535129  0.3019368   0.86563885]
 [ 0.20863809  0.36049956  0.6258657 ]
 [ 0.15628003 -0.15454629  1.0733286 ]
 [ 0.08008088 -0.26129764  0.83129287]
 [ 0.20065808 -0.29901618  0.6895661 ]]
[[ 0.          0.          0.5603524 ]
 [ 0.00180446 -0.11867815  0.53820896]
 [-0.05702646  0.07049488  0.27750528]
 [-0.29677093  0.22189835  0.11382434]
 [-0.15916547  0.28594136  0.        ]
 [-0.00190711  0.11852163  0.58206224]
 [ 0.34191453  0.12201151  0.41170532]
 [ 0.04827517  0.07551172  0.19116479]
 [ 0.13527763  0.12597904  0.04624969]
 [ 0.06819575 -0.01197051  0.7832209 ]
 [ 0.1324597  -0.04593524  1.036024  ]
 [ 0.22971992 -0.08665007  1.1121812 ]
 [ 0.19027092 -0.0960573   1.218422  ]
 [ 0.07417002  0.07639518  0.9940341 ]
 [-0.08505553  0.20990849  0.90483534]
 [-0.17304826  0.3122446   0.72177476]
 [ 0.17257935 -0.18050703  0.9955834 ]
 [ 0.23367882 -0.33481523  0.76712734]
 [ 0.38661426 -0.15595552  0.86533576]]
[[ 0.          0.          0.5625708 ]
 [ 0.0101525  -0.11110386  0.53843343]
 [-0.14890292  0.09814034  0.31482506]
 [-0.44190246  0.23938264  0.2585357 ]
 [-0.40204656  0.34496233  0.14708465]
 [-0.01024066  0.11084566  0.58610564]
 [ 0.35874808  0.13676965  0.42950517]
 [ 0.32755962  0.12406155  0.06910384]
 [ 0.4991577   0.13827819  0.        ]
 [ 0.05066104 -0.02335589  0.79128826]
 [ 0.10498044 -0.05456495  1.0457371 ]
 [ 0.20499894 -0.08633655  1.1103661 ]
 [ 0.16874984 -0.09644914  1.2224574 ]
 [ 0.02448094  0.05314544  1.004703  ]
 [-0.18701348  0.15936172  0.9780426 ]
 [-0.2732956   0.29392096  0.79791385]
 [ 0.16664766 -0.1774787   1.018477  ]
 [ 0.3067468  -0.32557046  0.84069854]
 [ 0.4089424  -0.12849078  0.975829  ]]
[[ 0.0000000e+00  0.0000000e+00  5.6511915e-01]
 [ 2.3109801e-02 -1.0856051e-01  5.4341853e-01]
 [-1.3908279e-01  9.0857595e-02  3.0340394e-01]
 [-4.7764802e-01  2.1494895e-01  3.5281426e-01]
 [-4.9556547e-01  3.4981099e-01  2.9617953e-01]
 [-2.3108661e-02  1.0822080e-01  5.8621174e-01]
 [ 3.4598279e-01  2.0265269e-01  3.9946014e-01]
 [ 4.0815112e-01  1.9102815e-01  2.7778924e-02]
 [ 5.8249444e-01  2.1329448e-01  0.0000000e+00]
 [ 4.2499531e-02 -1.3472602e-02  7.9250503e-01]
 [ 8.6130977e-02 -4.0214002e-02  1.0452355e+00]
 [ 1.8220691e-01 -7.1625888e-02  1.1132343e+00]
 [ 1.4786297e-01 -8.4400415e-02  1.2230930e+00]
 [-2.9821694e-04  6.3308239e-02  1.0025371e+00]
 [-2.1052969e-01  1.5831465e-01  9.5203578e-01]
 [-2.5696117e-01  2.7492774e-01  7.7055717e-01]
 [ 1.5652868e-01 -1.5723830e-01  1.0165589e+00]
 [ 3.0754709e-01 -2.9337919e-01  8.4503531e-01]
 [ 4.3263483e-01 -9.3385369e-02  9.4359058e-01]]
[[ 0.00000000e+00  0.00000000e+00  6.13991737e-01]
 [ 2.63411254e-02 -1.06114127e-01  5.94460428e-01]
 [-1.04890801e-01  5.90450317e-02  3.12603623e-01]
 [-4.60175067e-01  1.43123239e-01  4.65922952e-01]
 [-5.22949398e-01  2.89933980e-01  4.54438120e-01]
 [-2.62895375e-02  1.05749838e-01  6.33028328e-01]
 [ 3.25971067e-01  2.41654873e-01  4.08952773e-01]
 [ 3.63972008e-01  2.18582928e-01  3.07192802e-02]
 [ 5.41605830e-01  2.39377767e-01  0.00000000e+00]
 [ 4.08303887e-02  6.72197342e-03  8.37162435e-01]
 [ 8.32930654e-02 -1.33575499e-02  1.08748496e+00]
 [ 1.77675784e-01 -4.84208465e-02  1.16044593e+00]
 [ 1.42575294e-01 -6.00645542e-02  1.26751041e+00]
 [ 9.64403152e-05  9.18095112e-02  1.03868067e+00]
 [-1.74271181e-01  2.02923864e-01  9.33420956e-01]
 [-1.51575446e-01  3.13992530e-01  7.46980071e-01]
 [ 1.50689125e-01 -1.31989062e-01  1.05879164e+00]
 [ 2.64864504e-01 -2.91144043e-01  8.66078138e-01]
 [ 4.39923763e-01 -1.13267705e-01  8.79340947e-01]]
[[ 0.          0.          0.6812345 ]
 [ 0.03084027 -0.10606933  0.66088414]
 [-0.0315658  -0.00344092  0.32304558]
 [-0.40649155 -0.00259419  0.5302669 ]
 [-0.5018559   0.15051964  0.561766  ]
 [-0.03076129  0.10575227  0.7012844 ]
 [ 0.2876952   0.27573174  0.43206155]
 [ 0.23560256  0.25429165  0.05544567]
 [ 0.41077515  0.28175738  0.        ]
 [ 0.04117746  0.02820431  0.8965897 ]
 [ 0.08797073  0.02273944  1.1422012 ]
 [ 0.18481714 -0.0136596   1.2269341 ]
 [ 0.15702702 -0.02257305  1.3342751 ]
 [ 0.01101189  0.1370782   1.0865618 ]
 [-0.0836564   0.2732616   0.91318834]
 [ 0.04386177  0.3599717   0.7441629 ]
 [ 0.14681321 -0.10413951  1.1161201 ]
 [ 0.21876484 -0.28404427  0.9146337 ]
 [ 0.40540776 -0.1543172   0.8135617 ]]
[[ 0.          0.          0.6426923 ]
 [ 0.03057712 -0.11543125  0.61997366]
 [ 0.09516858 -0.05114919  0.27603114]
 [-0.30995047 -0.06576878  0.48775214]
 [-0.410357    0.0742965   0.5003109 ]
 [-0.03043902  0.11523324  0.6653202 ]
 [ 0.23776999  0.34611848  0.3840393 ]
 [ 0.10120125  0.35254776  0.06898296]
 [ 0.27355996  0.38939005  0.        ]
 [ 0.0512218   0.04077537  0.85108733]
 [ 0.10862322  0.04806677  1.097194  ]
 [ 0.20133841  0.01248878  1.1863142 ]
 [ 0.17235371  0.00569892  1.2898623 ]
 [ 0.04166643  0.17622513  1.0437508 ]
 [ 0.02720191  0.30969727  0.8140321 ]
 [ 0.22184494  0.36187437  0.720486  ]
 [ 0.15633504 -0.08417165  1.0674447 ]
 [ 0.1721518  -0.27194384  0.8627089 ]
 [ 0.32095814 -0.16110596  0.7000672 ]]
[[ 0.00000000e+00  0.00000000e+00  5.84550381e-01]
 [ 3.26111093e-02 -1.19775608e-01  5.67952096e-01]
 [ 3.50266635e-01  1.19354874e-02  3.83359611e-01]
 [-3.44464593e-02 -6.20687008e-02  2.85063684e-01]
 [ 3.30577567e-02 -2.58583128e-02  1.62669331e-01]
 [-3.23686227e-02  1.19879976e-01  6.01212740e-01]
 [ 4.12121117e-02  4.23694760e-01  3.09374928e-01]
 [-2.36737996e-01  4.75594252e-01  1.26235753e-01]
 [-1.06627405e-01  5.16530931e-01  0.00000000e+00]
 [ 5.82104586e-02  2.55823433e-02  7.90933490e-01]
 [ 1.12795934e-01  1.78759396e-02  1.04042053e+00]
 [ 2.19657928e-01  1.44910812e-03  1.12681103e+00]
 [ 1.86486959e-01 -2.13019848e-02  1.23327494e+00]
 [ 7.34326914e-02  1.61532879e-01  9.89886343e-01]
 [ 2.34487906e-01  2.70600379e-01  7.87117720e-01]
 [ 3.96151781e-01  2.17026845e-01  8.90107572e-01]
 [ 1.35073826e-01 -1.27061903e-01  1.00787795e+00]
 [ 9.74595547e-04 -1.86161488e-01  8.45216453e-01]
 [ 5.78091741e-02 -2.02891007e-02  7.11758435e-01]]
[[ 0.          0.          0.57524115]
 [ 0.03085712 -0.113608    0.57103145]
 [ 0.40661022  0.07509723  0.44056302]
 [ 0.24355042 -0.01360396  0.09630933]
 [ 0.40880775  0.01497585  0.        ]
 [-0.03073305  0.11381394  0.5798087 ]
 [-0.13343588  0.3529913   0.29965064]
 [-0.50462955  0.36545599  0.20186609]
 [-0.4906875   0.40987486  0.05962473]
 [ 0.04980637  0.02979834  0.7895192 ]
 [ 0.09065314  0.0053584   1.0380564 ]
 [ 0.20761704 -0.02124429  1.116961  ]
 [ 0.16693816 -0.02659589  1.224123  ]
 [ 0.07382382  0.15385544  0.9956136 ]
 [ 0.28895414  0.22908321  0.85915834]
 [ 0.38462177  0.20462519  1.0305002 ]
 [ 0.0831522  -0.12778631  1.009325  ]
 [-0.10695328 -0.1650711   0.96714413]
 [-0.1078086  -0.04578011  0.83404255]]
[[ 0.          0.          0.5784329 ]
 [ 0.02685035 -0.11027251  0.572476  ]
 [ 0.3714937   0.08570571  0.40456188]
 [ 0.44865888  0.07828996  0.03131241]
 [ 0.6283506   0.09660798  0.        ]
 [-0.02685864  0.11044949  0.58499396]
 [-0.16858903  0.2238537   0.2653525 ]
 [-0.61909646  0.12244295  0.33684075]
 [-0.6825527   0.16908482  0.25296193]
 [ 0.05137452  0.0272058   0.79378015]
 [ 0.08873361 -0.01220882  1.0405406 ]
 [ 0.20551683 -0.05958673  1.1164914 ]
 [ 0.16968232 -0.05078393  1.2250956 ]
 [ 0.09247067  0.12942761  0.99683905]
 [ 0.2779556   0.22811571  0.8364518 ]
 [ 0.38279232  0.20643353  0.95781624]
 [ 0.06094823 -0.13172084  1.0050659 ]
 [-0.10961498 -0.16433927  0.9250283 ]
 [-0.10217588 -0.10258271  0.7891495 ]]
[[ 0.00000000e+00  0.00000000e+00  5.90474248e-01]
 [ 2.68497467e-02 -1.19458526e-01  5.80392778e-01]
 [ 3.40903848e-01  1.03515297e-01  3.71717423e-01]
 [ 4.34083492e-01  9.37429070e-02  2.00666189e-02]
 [ 6.26395345e-01  1.28412843e-01  0.00000000e+00]
 [-2.68806443e-02  1.19539469e-01  6.01162136e-01]
 [-9.90173817e-02  1.85383767e-01  2.58132577e-01]
 [-5.34666538e-01 -1.12518668e-03  4.45215464e-01]
 [-6.46669567e-01  3.22379246e-02  4.59161639e-01]
 [ 6.83609769e-02  2.02544034e-02  8.02841008e-01]
 [ 1.19004741e-01 -2.16268301e-02  1.04837942e+00]
 [ 2.28896528e-01 -7.11380243e-02  1.12656748e+00]
 [ 1.91239268e-01 -7.56112337e-02  1.22667670e+00]
 [ 1.07140943e-01  1.24298096e-01  1.01037693e+00]
 [ 2.39479259e-01  2.54508376e-01  7.99379051e-01]
 [ 4.11734968e-01  2.70368874e-01  8.14696848e-01]
 [ 1.07601196e-01 -1.48100138e-01  1.00421548e+00]
 [-3.04524638e-02 -1.82748556e-01  8.24849725e-01]
 [ 1.22369453e-02 -1.85064971e-01  6.64228439e-01]]
[[ 0.          0.          0.6273483 ]
 [ 0.02582922 -0.1287233   0.61323553]
 [ 0.31755373  0.13262415  0.389633  ]
 [ 0.30913195  0.16991216  0.04345053]
 [ 0.5180565   0.21484295  0.        ]
 [-0.02583575  0.12875943  0.6419943 ]
 [-0.01074251  0.14882703  0.2754008 ]
 [-0.42678472 -0.09744613  0.4986766 ]
 [-0.55738765 -0.0968281   0.5410356 ]
 [ 0.07987304  0.02144417  0.8370389 ]
 [ 0.14517125 -0.011197    1.0826303 ]
 [ 0.24788705 -0.05936816  1.166584  ]
 [ 0.2062507  -0.07571107  1.2621799 ]
 [ 0.11979929  0.13476288  1.0430014 ]
 [ 0.19053006  0.27231294  0.8127578 ]
 [ 0.3247574   0.3110934   0.66406155]
 [ 0.14110006 -0.14667153  1.0382078 ]
 [ 0.01985483 -0.20848541  0.8035495 ]
 [ 0.12887162 -0.21541429  0.6479615 ]]
[[ 0.          0.          0.6120834 ]
 [ 0.01116089 -0.13585404  0.59943587]
 [ 0.2162707   0.12633578  0.32043985]
 [ 0.09147267  0.2566377   0.06791729]
 [ 0.29996642  0.29059356  0.        ]
 [-0.01115798  0.13583493  0.6249757 ]
 [ 0.14932859  0.13755216  0.27750766]
 [-0.28320423 -0.03631058  0.46460792]
 [-0.33797738 -0.0355739   0.3707029 ]
 [ 0.08670852  0.02376258  0.8236523 ]
 [ 0.14965564 -0.01464367  1.0721852 ]
 [ 0.2553266  -0.06803706  1.1650862 ]
 [ 0.21191517 -0.0827837   1.2615343 ]
 [ 0.11174123  0.13153285  1.0214853 ]
 [ 0.10874753  0.28532714  0.7980581 ]
 [ 0.19966665  0.37321702  0.5733221 ]
 [ 0.15655752 -0.16054085  1.0280411 ]
 [ 0.09772721 -0.25119725  0.77385014]
 [ 0.28120217 -0.18281388  0.6791773 ]]
[[ 0.00000000e+00  0.00000000e+00  5.54835320e-01]
 [ 1.50565058e-04 -1.19930945e-01  5.37817001e-01]
 [-5.01006320e-02  5.62706590e-02  2.69254595e-01]
 [-3.01668584e-01  2.19153374e-01  1.07600987e-01]
 [-1.62698507e-01  2.80128926e-01  0.00000000e+00]
 [-2.73734331e-04  1.19774818e-01  5.71497262e-01]
 [ 3.35809082e-01  1.26541615e-01  3.80402714e-01]
 [ 3.20413932e-02  7.39502311e-02  2.01245070e-01]
 [ 1.15325756e-01  1.13308340e-01  5.39891720e-02]
 [ 6.59755617e-02 -4.90255654e-03  7.77275443e-01]
 [ 1.26280636e-01 -3.42325866e-02  1.03040373e+00]
 [ 2.24830046e-01 -8.13839734e-02  1.11268353e+00]
 [ 1.81442648e-01 -8.74441862e-02  1.22012234e+00]
 [ 7.14266673e-02  8.73223245e-02  9.82415974e-01]
 [-9.42902863e-02  2.12610692e-01  8.78774405e-01]
 [-1.30797982e-01  3.33803177e-01  6.62662506e-01]
 [ 1.61880240e-01 -1.70168668e-01  9.93578315e-01]
 [ 2.16518790e-01 -3.28639895e-01  7.69630790e-01]
 [ 3.89929414e-01 -1.55713215e-01  8.39298368e-01]]
[[ 0.          0.          0.554422  ]
 [ 0.00464395 -0.11383394  0.5335186 ]
 [-0.15483405  0.08326426  0.2940828 ]
 [-0.46492624  0.2401147   0.24962181]
 [-0.42275482  0.3456712   0.14870378]
 [-0.00471501  0.11354779  0.5747578 ]
 [ 0.36540103  0.13959172  0.41460216]
 [ 0.34063053  0.14108801  0.07213637]
 [ 0.51374584  0.15408581  0.        ]
 [ 0.0465484  -0.0175465   0.7843019 ]
 [ 0.09758645 -0.04166439  1.0398668 ]
 [ 0.19448179 -0.07459137  1.1126726 ]
 [ 0.15220684 -0.08223534  1.2213991 ]
 [ 0.02583922  0.0669283   0.9972987 ]
 [-0.19022676  0.17677712  0.95664024]
 [-0.25093865  0.3107839   0.76434153]
 [ 0.15234911 -0.16581756  1.0140593 ]
 [ 0.29621089 -0.3292417   0.8446472 ]
 [ 0.4167804  -0.1399802   0.96327657]]
[[ 0.          0.          0.55293334]
 [ 0.0141194  -0.1089028   0.5322311 ]
 [-0.15423802  0.06226677  0.27321768]
 [-0.49117333  0.1867433   0.3594681 ]
 [-0.5189053   0.3199346   0.29782823]
 [-0.01413     0.10856239  0.5730809 ]
 [ 0.34477264  0.19829817  0.385311  ]
 [ 0.4409758   0.19871286  0.02254254]
 [ 0.6231278   0.21340275  0.        ]
 [ 0.03636789 -0.01114833  0.77921325]
 [ 0.07778184 -0.03264424  1.0324607 ]
 [ 0.17148088 -0.06583226  1.1028425 ]
 [ 0.12990406 -0.08012539  1.208917  ]
 [ 0.00249317  0.0716393   0.9887133 ]
 [-0.20359364  0.16393706  0.9285703 ]
 [-0.2336624   0.28660542  0.7470735 ]
 [ 0.13888264 -0.15260872  1.0059268 ]
 [ 0.29587665 -0.30241722  0.8427552 ]
 [ 0.42616206 -0.10703725  0.92218626]]
[[ 0.          0.          0.5936451 ]
 [ 0.01874813 -0.10871579  0.57655674]
 [-0.11559977  0.03881723  0.28615808]
 [-0.46687543  0.12123645  0.4499516 ]
 [-0.53332675  0.2676001   0.42771327]
 [-0.01869877  0.10834262  0.6102638 ]
 [ 0.32707766  0.24146345  0.3913423 ]
 [ 0.39742455  0.23047     0.02006119]
 [ 0.5828087   0.2436204   0.        ]
 [ 0.03383828  0.00722733  0.8167081 ]
 [ 0.07148971 -0.0103339   1.0681816 ]
 [ 0.16482933 -0.0479472   1.1440166 ]
 [ 0.12161028 -0.06179339  1.2471921 ]
 [-0.00301275  0.09804171  1.0186523 ]
 [-0.16561756  0.20833853  0.919628  ]
 [-0.11298096  0.33352563  0.7454548 ]
 [ 0.13221309 -0.13148391  1.0422884 ]
 [ 0.2521577  -0.29488683  0.8600634 ]
 [ 0.43552268 -0.1268897   0.87457263]]
[[ 0.          0.          0.6673185 ]
 [ 0.02565289 -0.10957073  0.6514484 ]
 [-0.03265734 -0.00874233  0.31552297]
 [-0.3952033  -0.00439838  0.54976   ]
 [-0.49479425  0.15064108  0.56755257]
 [-0.02556304  0.10922734  0.6829041 ]
 [ 0.29539657  0.2766519   0.42814326]
 [ 0.24490358  0.26160973  0.05278748]
 [ 0.42705172  0.28167033  0.        ]
 [ 0.04073019  0.02849424  0.88400877]
 [ 0.08722037  0.02122152  1.1327091 ]
 [ 0.18054646 -0.01372945  1.2158108 ]
 [ 0.14179084 -0.01869112  1.3227472 ]
 [ 0.01665143  0.13834351  1.0784037 ]
 [-0.08216313  0.2734388   0.9179071 ]
 [ 0.06198293  0.3574587   0.7496797 ]
 [ 0.13952929 -0.10582781  1.1052355 ]
 [ 0.20270646 -0.28772202  0.9042542 ]
 [ 0.4034928  -0.16881697  0.8023766 ]]
[[ 0.          0.          0.63584036]
 [ 0.02803454 -0.124009    0.617195  ]
 [ 0.14628322 -0.06813505  0.3031237 ]
 [-0.28149843 -0.06816822  0.50422525]
 [-0.36681852  0.06824373  0.47436982]
 [-0.02789653  0.12383728  0.65443486]
 [ 0.23109376  0.35059416  0.37149134]
 [ 0.05988884  0.37223575  0.07579541]
 [ 0.2370223   0.39981276  0.        ]
 [ 0.05322924  0.03643431  0.8456241 ]
 [ 0.11248972  0.04449141  1.0940208 ]
 [ 0.20671743  0.00817239  1.182854  ]
 [ 0.16640937  0.00225133  1.2843281 ]
 [ 0.05291057  0.17733687  1.038151  ]
 [ 0.06260514  0.30758286  0.80487585]
 [ 0.27809852  0.34407255  0.74241656]
 [ 0.15023834 -0.0981873   1.0680349 ]
 [ 0.12587528 -0.28205675  0.867735  ]
 [ 0.2699815  -0.15755272  0.7293131 ]]
[[ 0.00000000e+00  0.00000000e+00  6.10423803e-01]
 [ 2.50700265e-02 -1.20914698e-01  5.99753141e-01]
 [ 3.67898643e-01  4.37438488e-04  4.41717386e-01]
 [ 6.96291029e-03 -1.03051156e-01  2.49238849e-01]
 [ 1.23717204e-01 -1.00950360e-01  1.08636200e-01]
 [-2.48566270e-02  1.21042795e-01  6.21213317e-01]
 [-6.02065027e-03  3.96721959e-01  3.12015980e-01]
 [-3.07935596e-01  4.58748102e-01  1.39208466e-01]
 [-2.04366863e-01  4.90885854e-01  0.00000000e+00]
 [ 5.36666363e-02  2.37159580e-02  8.21126342e-01]
 [ 1.02524221e-01  1.43142641e-02  1.07057524e+00]
 [ 2.11748242e-01 -4.02098894e-03  1.14866042e+00]
 [ 1.64569065e-01 -1.92511678e-02  1.25510693e+00]
 [ 8.13636854e-02  1.59036577e-01  1.01993370e+00]
 [ 2.62905359e-01  2.44002312e-01  8.23554993e-01]
 [ 3.94064516e-01  1.99004680e-01  9.57435250e-01]
 [ 1.05763957e-01 -1.28013551e-01  1.04516470e+00]
 [-5.79988845e-02 -1.88704833e-01  9.19424832e-01]
 [-4.75599663e-03 -2.78135687e-02  7.84397602e-01]]
[[ 0.          0.          0.5722666 ]
 [ 0.02109761 -0.11241245  0.5702924 ]
 [ 0.39752463  0.04585263  0.4498781 ]
 [ 0.26313233 -0.04202992  0.09095412]
 [ 0.4275764  -0.01915413  0.        ]
 [-0.02096199  0.1126098   0.5746681 ]
 [-0.15575767  0.32178205  0.27808845]
 [-0.53273547  0.34614545  0.19335946]
 [-0.5586676   0.39920896  0.05849707]
 [ 0.03978958  0.03171852  0.7919136 ]
 [ 0.07513028  0.0139026   1.0418347 ]
 [ 0.19273756 -0.02326626  1.1138544 ]
 [ 0.16031383 -0.02277553  1.2237641 ]
 [ 0.08297177  0.1517536   0.9874321 ]
 [ 0.29761463  0.1913333   0.83503526]
 [ 0.37219805  0.16206789  1.0018785 ]
 [ 0.04052521 -0.1112172   1.0247047 ]
 [-0.17120573 -0.1432777   0.9742121 ]
 [-0.16315363 -0.07159467  0.82619977]]
[[ 0.          0.          0.56819075]
 [ 0.01630005 -0.11016566  0.5634372 ]
 [ 0.37192652  0.05436334  0.40031174]
 [ 0.44131374  0.0362066   0.0214839 ]
 [ 0.625383    0.04802376  0.        ]
 [-0.01628269  0.11035574  0.5736229 ]
 [-0.15298548  0.21686143  0.23869655]
 [-0.60345197  0.12701605  0.29492667]
 [-0.68765736  0.19234899  0.2289958 ]
 [ 0.04848334  0.03149302  0.7831254 ]
 [ 0.08273396 -0.00283635  1.0307609 ]
 [ 0.1999762  -0.06453118  1.1097473 ]
 [ 0.16866103 -0.0510909   1.2168553 ]
 [ 0.11146096  0.12862706  0.97656083]
 [ 0.2732779   0.19717936  0.7893332 ]
 [ 0.37309852  0.1620042   0.87316644]
 [ 0.02729049 -0.11899573  1.0013512 ]
 [-0.15004952 -0.17346999  0.8937716 ]
 [-0.14189865 -0.13789396  0.7302391 ]]
[[ 0.          0.          0.571998  ]
 [ 0.02094731 -0.11957517  0.56359065]
 [ 0.34349984  0.08493856  0.36113092]
 [ 0.43639612  0.09035578  0.01122993]
 [ 0.63823134  0.1131109   0.        ]
 [-0.02094151  0.11964907  0.58109   ]
 [-0.06349982  0.17745319  0.23663867]
 [-0.5150342   0.00899342  0.39514172]
 [-0.6450484   0.06765244  0.41916525]
 [ 0.06593569  0.02345888  0.78540444]
 [ 0.11435391 -0.01861393  1.0321424 ]
 [ 0.22467178 -0.07672369  1.1197072 ]
 [ 0.18991786 -0.07816142  1.2160325 ]
 [ 0.11680876  0.1229454   0.9907475 ]
 [ 0.23594137  0.2382749   0.77263546]
 [ 0.42096937  0.24467716  0.74928236]
 [ 0.0840634  -0.14729804  0.9886891 ]
 [-0.05488294 -0.2203598   0.80161387]
 [-0.00515816 -0.23411784  0.64208794]]
[[ 0.          0.          0.6102779 ]
 [ 0.01413813 -0.13338016  0.6025963 ]
 [ 0.30277342  0.10747267  0.37757134]
 [ 0.2848423   0.17091694  0.03963411]
 [ 0.49974513  0.20668918  0.        ]
 [-0.01411961  0.1333828   0.61853516]
 [ 0.05453997  0.13375072  0.26585248]
 [-0.4061077  -0.08442253  0.46873435]
 [-0.5465299  -0.0570676   0.50223005]
 [ 0.07715476  0.02010703  0.8221693 ]
 [ 0.13758612 -0.01856962  1.0688219 ]
 [ 0.24608108 -0.07529524  1.1567993 ]
 [ 0.20453572 -0.08655256  1.2516325 ]
 [ 0.12356382  0.13104516  1.0296252 ]
 [ 0.1761296   0.26085702  0.8010794 ]
 [ 0.31245053  0.28351367  0.6477889 ]
 [ 0.12028354 -0.16106546  1.0217488 ]
 [ 0.01745553 -0.2555103   0.794299  ]
 [ 0.14138813 -0.25527346  0.64643896]]
[[ 0.          0.          0.5872319 ]
 [ 0.00134569 -0.13698845  0.57630605]
 [ 0.1772061   0.12055491  0.30422527]
 [ 0.03741547  0.2786888   0.07310855]
 [ 0.2430164   0.32205293  0.        ]
 [-0.00138664  0.13689822  0.598416  ]
 [ 0.22156784  0.08521713  0.28352094]
 [-0.2383374  -0.04615749  0.40574184]
 [-0.32410723 -0.04066247  0.33857757]
 [ 0.07789399  0.01529221  0.80424154]
 [ 0.13877968 -0.02382806  1.0534291 ]
 [ 0.24302821 -0.07721931  1.1492188 ]
 [ 0.19498613 -0.09120941  1.2449036 ]
 [ 0.11326808  0.12806982  1.0122707 ]
 [ 0.07363161  0.30859992  0.83226496]
 [ 0.16445836  0.41549903  0.6073387 ]
 [ 0.13344896 -0.17506966  1.0085956 ]
 [ 0.10758105 -0.30995798  0.7675093 ]
 [ 0.3169729  -0.24843946  0.71454144]]
[[ 0.          0.          0.5206564 ]
 [-0.00878083 -0.11859225  0.5031165 ]
 [-0.1035893   0.06623176  0.23821706]
 [-0.36341697  0.25635132  0.12785846]
 [-0.2544481   0.3311776   0.00501853]
 [ 0.00865112  0.1183938   0.537755  ]
 [ 0.3742221   0.10476848  0.3609424 ]
 [ 0.14721182  0.09795222  0.13384515]
 [ 0.2750366   0.11854729  0.        ]
 [ 0.05806512 -0.01619647  0.7473242 ]
 [ 0.11714152 -0.04330087  1.0018296 ]
 [ 0.21145982 -0.08612141  1.0805857 ]
 [ 0.17153709 -0.09620798  1.186473  ]
 [ 0.06698881  0.07557636  0.9602546 ]
 [-0.12684803  0.2029494   0.8795589 ]
 [-0.1865694   0.3044718   0.6625643 ]
 [ 0.14839906 -0.1758196   0.96655506]
 [ 0.23792237 -0.34733933  0.76375806]
 [ 0.4015873  -0.1834706   0.8781853 ]]
[[ 0.          0.          0.54270756]
 [-0.00160597 -0.11381921  0.52306336]
 [-0.1483611   0.0696733   0.27010643]
 [-0.4837064   0.24523996  0.2847616 ]
 [-0.47107112  0.36701745  0.18929687]
 [ 0.00156155  0.11354087  0.5618119 ]
 [ 0.38255373  0.13085559  0.39160275]
 [ 0.37037486  0.16523838  0.06305486]
 [ 0.5498291   0.17943043  0.        ]
 [ 0.04450049 -0.01996173  0.77120054]
 [ 0.09340663 -0.04736763  1.0264354 ]
 [ 0.18858647 -0.07867262  1.098534  ]
 [ 0.14835362 -0.08786815  1.2068846 ]
 [ 0.02892382  0.06178668  0.9848491 ]
 [-0.18549174  0.17905861  0.92211765]
 [-0.22185051  0.3042397   0.72366893]
 [ 0.14172773 -0.17142233  0.9962051 ]
 [ 0.27631247 -0.33160916  0.82015187]
 [ 0.42073143 -0.15259263  0.9308593 ]]
[[ 0.          0.          0.5741576 ]
 [ 0.00813393 -0.10452983  0.55642956]
 [-0.133036    0.04564182  0.28082448]
 [-0.48942494  0.16880476  0.41845673]
 [-0.5467651   0.31773585  0.37445065]
 [-0.00809975  0.10419341  0.5913691 ]
 [ 0.34574813  0.1937086   0.38081276]
 [ 0.42139938  0.19868267  0.02471542]
 [ 0.6041379   0.20885679  0.        ]
 [ 0.03524525 -0.01171347  0.7989509 ]
 [ 0.0754347  -0.03695944  1.0512924 ]
 [ 0.16675596 -0.07521477  1.1295002 ]
 [ 0.12179789 -0.08331269  1.2321097 ]
 [ 0.007263    0.0709506   1.0054107 ]
 [-0.17067996  0.1976147   0.90531063]
 [-0.14758795  0.31961912  0.7154348 ]
 [ 0.12873682 -0.15634668  1.0213387 ]
 [ 0.24660474 -0.30975795  0.83406925]
 [ 0.42271033 -0.1450326   0.8717221 ]]
[[ 0.          0.          0.63999856]
 [ 0.01554625 -0.1053443   0.6242508 ]
 [-0.06212883 -0.00204569  0.3100742 ]
 [-0.4317931   0.04936324  0.51318926]
 [-0.52421665  0.21256092  0.5224036 ]
 [-0.01546017  0.10498242  0.65537846]
 [ 0.30903122  0.22468382  0.4028936 ]
 [ 0.30388084  0.22523448  0.03868538]
 [ 0.48977226  0.2393181   0.        ]
 [ 0.03838309  0.00448355  0.8642041 ]
 [ 0.08214448 -0.01256034  1.1151196 ]
 [ 0.1748246  -0.05708879  1.1991715 ]
 [ 0.12895486 -0.05381316  1.3030899 ]
 [ 0.01754612  0.10077822  1.0602646 ]
 [-0.09505194  0.24135289  0.91388047]
 [ 0.01338461  0.3373543   0.7465275 ]
 [ 0.12996969 -0.13609698  1.0884213 ]
 [ 0.19741967 -0.30549273  0.8897187 ]
 [ 0.3976906  -0.17241132  0.82249534]]
[[ 0.          0.          0.63567245]
 [ 0.01565664 -0.11817258  0.6152463 ]
 [ 0.07216607 -0.06737131  0.28757674]
 [-0.30785173 -0.05486077  0.5116759 ]
 [-0.42054898  0.10288303  0.50596267]
 [-0.01548902  0.11794582  0.65600973]
 [ 0.2685509   0.3118233   0.37619162]
 [ 0.12342933  0.3480701   0.07154977]
 [ 0.31692925  0.3585673   0.        ]
 [ 0.04311808  0.02468222  0.85313344]
 [ 0.09456916  0.02061418  1.1043519 ]
 [ 0.19036385 -0.03057343  1.1924826 ]
 [ 0.1450204  -0.0241195   1.2932369 ]
 [ 0.04488727  0.15259346  1.0429456 ]
 [ 0.05046699  0.29796094  0.8251848 ]
 [ 0.2422674   0.32272315  0.7422632 ]
 [ 0.12544078 -0.11496088  1.0804839 ]
 [ 0.12730363 -0.294353    0.86466414]
 [ 0.2833221  -0.17187646  0.73508894]]
[[ 0.          0.          0.5961762 ]
 [ 0.01470245 -0.12250779  0.5804921 ]
 [ 0.322401   -0.06223705  0.36382627]
 [-0.09038179 -0.08800289  0.36590564]
 [-0.06838787 -0.04080212  0.22634137]
 [-0.01441681  0.12260432  0.6119041 ]
 [ 0.07521005  0.39553437  0.31423897]
 [-0.17794892  0.47293183  0.11727628]
 [-0.03291681  0.5109192   0.        ]
 [ 0.04978944  0.01840806  0.8038628 ]
 [ 0.10068682  0.01228464  1.054576  ]
 [ 0.21016675 -0.03947514  1.1389574 ]
 [ 0.1619044  -0.04211956  1.2425196 ]
 [ 0.08550614  0.15471947  1.0024505 ]
 [ 0.24324334  0.25276637  0.77614355]
 [ 0.3967889   0.1854121   0.874301  ]
 [ 0.10058424 -0.13296762  1.0242573 ]
 [-0.02654849 -0.1926069   0.826388  ]
 [ 0.02131514 -0.03670139  0.70543116]]
[[ 0.00000000e+00  0.00000000e+00  5.52867115e-01]
 [ 6.84948266e-03 -1.18300870e-01  5.49612045e-01]
 [ 4.06025678e-01  5.86071610e-03  4.25880045e-01]
 [ 1.50719389e-01 -5.79044819e-02  1.21826470e-01]
 [ 3.04325223e-01 -3.72502804e-02  0.00000000e+00]
 [-6.67377934e-03  1.18563935e-01  5.56470633e-01]
 [-1.07898623e-01  3.40085298e-01  2.60690570e-01]
 [-4.40055966e-01  4.24483925e-01  1.36890113e-01]
 [-4.14892137e-01  4.59826171e-01  1.10730529e-02]
 [ 3.18023413e-02  3.52199376e-02  7.65816092e-01]
 [ 5.66928983e-02  2.84962952e-02  1.01739001e+00]
 [ 1.79277182e-01 -3.25413644e-02  1.08984733e+00]
 [ 1.43322110e-01 -1.91329718e-02  1.20088887e+00]
 [ 9.50326771e-02  1.61760271e-01  9.56827641e-01]
 [ 2.91404486e-01  1.68285385e-01  7.74559200e-01]
 [ 3.57120305e-01  1.06933385e-01  9.43919361e-01]
 [-5.93516976e-04 -1.00954264e-01  9.98816073e-01]
 [-1.97730914e-01 -1.49253070e-01  9.26751554e-01]
 [-1.44254208e-01 -3.52033973e-02  7.76588261e-01]]
[[ 0.          0.          0.55640095]
 [ 0.00435978 -0.11502536  0.55469704]
 [ 0.3768229   0.03389347  0.40433046]
 [ 0.41695392  0.04838213  0.03634721]
 [ 0.6020808   0.05310172  0.        ]
 [-0.00426172  0.11527969  0.5587413 ]
 [-0.10698745  0.24588278  0.21427292]
 [-0.54549325  0.21824424  0.25890884]
 [-0.63223416  0.2781188   0.16779998]
 [ 0.03946514  0.03205983  0.7705451 ]
 [ 0.06885654  0.01035506  1.0185426 ]
 [ 0.1879893  -0.06200099  1.0991774 ]
 [ 0.15396813 -0.03948247  1.2028189 ]
 [ 0.11934968  0.13270289  0.95700455]
 [ 0.2801714   0.15697485  0.76092553]
 [ 0.38237536  0.10059017  0.8714284 ]
 [-0.00428103 -0.10172263  0.99627995]
 [-0.17006944 -0.14749071  0.87322617]
 [-0.13549696 -0.08312892  0.7229252 ]]
[[ 0.          0.          0.5485853 ]
 [ 0.00724227 -0.12017219  0.5445444 ]
 [ 0.34838265  0.06941801  0.34854215]
 [ 0.4470247   0.09933671  0.00787443]
 [ 0.64570165  0.10095721  0.        ]
 [-0.00721141  0.12030966  0.5532884 ]
 [-0.03829     0.19542922  0.20311594]
 [-0.50862944  0.0753352   0.33710247]
 [-0.636764    0.14462823  0.31830192]
 [ 0.05768368  0.02557661  0.75824213]
 [ 0.09770635 -0.00882375  1.0059876 ]
 [ 0.21191546 -0.07667965  1.097033  ]
 [ 0.1692123  -0.05792689  1.1924442 ]
 [ 0.12568101  0.12492421  0.95164704]
 [ 0.25227302  0.21059449  0.7253988 ]
 [ 0.4288038   0.19508004  0.7275559 ]
 [ 0.04730101 -0.1327045   0.9679254 ]
 [-0.06467465 -0.19650806  0.734479  ]
 [-0.01337019 -0.20454028  0.62098426]]
[[ 0.          0.          0.5725975 ]
 [ 0.0016914  -0.13138038  0.566111  ]
 [ 0.32939923  0.08687706  0.35386285]
 [ 0.35107964  0.17593214  0.02885419]
 [ 0.5691422   0.19006556  0.        ]
 [-0.00162005  0.13146849  0.57966524]
 [ 0.07965618  0.15021639  0.22537908]
 [-0.40643123  0.01470987  0.40033138]
 [-0.5383253   0.05855306  0.3805975 ]
 [ 0.07077698  0.02073249  0.7816813 ]
 [ 0.12286519 -0.01508239  1.029563  ]
 [ 0.23226087 -0.08052632  1.126628  ]
 [ 0.18221924 -0.07012928  1.2197714 ]
 [ 0.1423674   0.12785375  0.9791496 ]
 [ 0.2270298   0.25185037  0.7374103 ]
 [ 0.37766162  0.27726555  0.61663353]
 [ 0.08028381 -0.15756714  0.98913205]
 [-0.01881784 -0.26128805  0.7526329 ]
 [ 0.10467789 -0.25094128  0.6202598 ]]
[[ 0.          0.          0.5598849 ]
 [-0.01594446 -0.12895775  0.5466918 ]
 [ 0.16982606  0.07445215  0.27129424]
 [ 0.0282679   0.2960273   0.0716005 ]
 [ 0.22866328  0.33060613  0.        ]
 [ 0.01595956  0.12894522  0.5731975 ]
 [ 0.30071467  0.0897574   0.28500992]
 [-0.14213419  0.04202656  0.31329095]
 [-0.15606931  0.05940861  0.18575466]
 [ 0.0706287   0.00731328  0.7738082 ]
 [ 0.12581173 -0.022131    1.0232991 ]
 [ 0.22819746 -0.08607137  1.1271844 ]
 [ 0.1684904  -0.08115405  1.2168431 ]
 [ 0.11997949  0.11862734  0.96385396]
 [ 0.110874    0.27446     0.76523525]
 [ 0.17799342  0.3881689   0.54646385]
 [ 0.10804734 -0.17533365  0.9867021 ]
 [ 0.07987647 -0.318813    0.7424981 ]
 [ 0.30290514 -0.24153876  0.7114408 ]]
[[ 0.          0.          0.5085026 ]
 [-0.02845636 -0.11455856  0.48947823]
 [-0.08801885  0.06700411  0.2242977 ]
 [-0.32221764  0.31521177  0.14154178]
 [-0.2142396   0.382318    0.02214503]
 [ 0.02835882  0.11440194  0.5271046 ]
 [ 0.40355372  0.07069956  0.35537386]
 [ 0.21143886  0.10389784  0.11179888]
 [ 0.37089887  0.10587314  0.        ]
 [ 0.05765623 -0.02353422  0.7300452 ]
 [ 0.11273597 -0.0546869   0.98413265]
 [ 0.20604022 -0.11166856  1.0665541 ]
 [ 0.15659404 -0.10320556  1.1679815 ]
 [ 0.08355943  0.07162634  0.9405135 ]
 [-0.07649793  0.22524697  0.84533215]
 [-0.1079663   0.32239068  0.61077344]
 [ 0.12821835 -0.19222322  0.94899076]
 [ 0.21019748 -0.3706429   0.74657625]
 [ 0.3998866  -0.2280049   0.84971815]]
[[ 0.          0.          0.5286045 ]
 [-0.02248371 -0.11112393  0.508698  ]
 [-0.1350354   0.07275596  0.25460243]
 [-0.44153988  0.28731906  0.25928366]
 [-0.4091817   0.39181417  0.16374713]
 [ 0.02246857  0.11089895  0.5480007 ]
 [ 0.41601238  0.1113953   0.3812502 ]
 [ 0.40961215  0.15647858  0.05555463]
 [ 0.595713    0.15414688  0.        ]
 [ 0.04506528 -0.02654722  0.7488972 ]
 [ 0.09385392 -0.05362526  1.0015588 ]
 [ 0.18358997 -0.09680906  1.0814309 ]
 [ 0.13583487 -0.0927906   1.1849227 ]
 [ 0.04854984  0.06132641  0.95374566]
 [-0.13440637  0.19859752  0.8834209 ]
 [-0.13422273  0.3066182   0.66355574]
 [ 0.12378429 -0.1846548   0.97286105]
 [ 0.24283704 -0.3527655   0.79177904]
 [ 0.41191757 -0.19050756  0.8978168 ]]
[[ 0.          0.          0.548558  ]
 [-0.01285055 -0.10780207  0.53233474]
 [-0.12230228  0.02735189  0.24827108]
 [-0.46013108  0.20447442  0.3702973 ]
 [-0.5078361   0.3382757   0.3116492 ]
 [ 0.0129125   0.10752508  0.5643245 ]
 [ 0.38209856  0.18081915  0.36657688]
 [ 0.43306726  0.21575242  0.03136015]
 [ 0.6207725   0.22214308  0.        ]
 [ 0.04056897 -0.00757954  0.7687707 ]
 [ 0.08566806 -0.02472335  1.0198604 ]
 [ 0.1728433  -0.06845832  1.103396  ]
 [ 0.1218556  -0.06786686  1.2032084 ]
 [ 0.0344841   0.08490551  0.965201  ]
 [-0.12204841  0.20814168  0.85880554]
 [-0.06142314  0.30608842  0.65984976]
 [ 0.12092951 -0.15286142  0.9957375 ]
 [ 0.20649108 -0.3299405   0.80793035]
 [ 0.40174156 -0.1846258   0.8401482 ]]
[[ 0.          0.          0.60202026]
 [-0.00411448 -0.10607773  0.58478314]
 [-0.05536299 -0.02209023  0.27358192]
 [-0.4039738   0.05772664  0.4757821 ]
 [-0.49834168  0.21737169  0.4713769 ]
 [ 0.00425173  0.10578012  0.61897814]
 [ 0.3311244   0.23607333  0.3776963 ]
 [ 0.2994132   0.26763365  0.05389059]
 [ 0.48902828  0.28147894  0.        ]
 [ 0.03852815  0.01493771  0.8228537 ]
 [ 0.08109896  0.00349545  1.0743768 ]
 [ 0.17007071 -0.04654914  1.1608335 ]
 [ 0.12341265 -0.04150045  1.2579677 ]
 [ 0.03679002  0.12036294  1.0144206 ]
 [-0.0503829   0.25820422  0.85010594]
 [ 0.09367958  0.32109308  0.6869354 ]
 [ 0.11069492 -0.12503645  1.052834  ]
 [ 0.15028766 -0.3116186   0.86045253]
 [ 0.35454994 -0.21289383  0.79166293]]
[[ 0.          0.          0.60412943]
 [ 0.00821717 -0.12105956  0.5859855 ]
 [ 0.09395081 -0.08952743  0.2607662 ]
 [-0.31636178 -0.04483271  0.46880016]
 [-0.40860304  0.09901302  0.45714653]
 [-0.00805334  0.12092329  0.62225664]
 [ 0.25753787  0.3306843   0.34027022]
 [ 0.07384166  0.3973658   0.07755834]
 [ 0.25979295  0.42344183  0.        ]
 [ 0.03771335  0.02982391  0.82022905]
 [ 0.08321729  0.03004387  1.0719987 ]
 [ 0.17437238 -0.02335972  1.1638868 ]
 [ 0.12664352 -0.0168696   1.2600894 ]
 [ 0.05239395  0.16447988  1.0108025 ]
 [ 0.09845583  0.29697385  0.77566993]
 [ 0.3034815   0.2849491   0.72733694]
 [ 0.09906448 -0.10911882  1.0467042 ]
 [ 0.0519895  -0.28691766  0.8479011 ]
 [ 0.21885806 -0.16780646  0.7314571 ]]
[[ 0.          0.          0.5561248 ]
 [ 0.00349724 -0.12346571  0.547556  ]
 [ 0.3197335  -0.09770653  0.349858  ]
 [-0.0800865  -0.08509402  0.32905364]
 [-0.0585803  -0.03672218  0.19960174]
 [-0.0032123   0.1235628   0.564846  ]
 [ 0.07668308  0.38926288  0.24045074]
 [-0.2102691   0.5192449   0.11597908]
 [-0.10047901  0.58513886  0.        ]
 [ 0.03275912  0.02188337  0.7620368 ]
 [ 0.06669609  0.01535106  1.0121083 ]
 [ 0.16963658 -0.05310804  1.0985395 ]
 [ 0.11485331 -0.04531199  1.1931853 ]
 [ 0.08472815  0.15234488  0.9524722 ]
 [ 0.25639158  0.24081582  0.7383696 ]
 [ 0.4089781   0.15235324  0.85425156]
 [ 0.03783427 -0.12710157  0.9907611 ]
 [-0.0577745  -0.21288435  0.7663672 ]
 [ 0.04304943 -0.06799211  0.6642316 ]]
[[ 0.          0.          0.5239547 ]
 [-0.0016403  -0.12272762  0.525779  ]
 [ 0.4174499  -0.03852434  0.41324174]
 [ 0.22631592 -0.06765845  0.08475378]
 [ 0.38136345 -0.03754449  0.        ]
 [ 0.00183889  0.12297849  0.5226062 ]
 [-0.03666881  0.3135529   0.16789562]
 [-0.41612315  0.42477804  0.14316285]
 [-0.4593463   0.47579274  0.04103684]
 [ 0.0263552   0.03176463  0.74094355]
 [ 0.05330874  0.03564689  0.99078274]
 [ 0.17197242 -0.03200188  1.0641942 ]
 [ 0.13292314 -0.00955343  1.1594036 ]
 [ 0.10203256  0.15906787  0.91963255]
 [ 0.28221434  0.1670416   0.72132504]
 [ 0.37912965  0.08541462  0.8818594 ]
 [-0.01647484 -0.08500943  0.9915689 ]
 [-0.19566216 -0.13370535  0.9172776 ]
 [-0.14499801 -0.03588627  0.74638677]]
[[ 0.00000000e+00  0.00000000e+00  5.07960916e-01]
 [-2.71833315e-03 -1.17620274e-01  5.06350577e-01]
 [ 3.81958485e-01 -2.62286067e-02  3.89208972e-01]
 [ 4.08309370e-01 -2.35259533e-04  2.74315476e-02]
 [ 5.88151217e-01  2.78788805e-03  0.00000000e+00]
 [ 2.89129466e-03  1.17830969e-01  5.10196328e-01]
 [-4.30872142e-02  2.41808236e-01  1.42447472e-01]
 [-4.66383636e-01  2.62818873e-01  1.80878401e-01]
 [-5.73140502e-01  3.42917591e-01  1.06610268e-01]
 [ 3.03138886e-02  2.93095261e-02  7.22382009e-01]
 [ 5.69692329e-02  1.43272579e-02  9.70622420e-01]
 [ 1.70942008e-01 -5.56555092e-02  1.05115902e+00]
 [ 1.37150615e-01 -3.08555961e-02  1.15024996e+00]
 [ 1.10428840e-01  1.32101506e-01  9.02293026e-01]
 [ 2.57426202e-01  1.58700645e-01  6.87627017e-01]
 [ 4.01397169e-01  9.68200266e-02  7.86364734e-01]
 [-2.04941370e-02 -9.44088995e-02  9.55370307e-01]
 [-1.96025699e-01 -1.43158868e-01  8.38397563e-01]
 [-1.41606882e-01 -8.84494036e-02  6.75973535e-01]]
[[ 0.          0.          0.49943846]
 [-0.00491969 -0.12472078  0.49340358]
 [ 0.36053467  0.00313544  0.3230926 ]
 [ 0.4487174   0.07805991  0.00125885]
 [ 0.6424239   0.06721216  0.        ]
 [ 0.00507538  0.12482291  0.50610435]
 [ 0.08836729  0.20089675  0.12627226]
 [-0.37263924  0.18575996  0.2231609 ]
 [-0.490605    0.2690175   0.15945256]
 [ 0.0523034   0.02633537  0.7054874 ]
 [ 0.0891542  -0.00891095  0.9509883 ]
 [ 0.19654745 -0.07281998  1.0468583 ]
 [ 0.15093401 -0.05702925  1.1415179 ]
 [ 0.12809554  0.11786407  0.88740325]
 [ 0.23431057  0.19525366  0.6455894 ]
 [ 0.41706133  0.19080415  0.60334873]
 [ 0.02820962 -0.12798202  0.9166722 ]
 [-0.07709138 -0.20095447  0.67941463]
 [ 0.01431038 -0.17852128  0.5345816 ]]
[[ 0.          0.          0.55903965]
 [-0.01578246 -0.12873453  0.5518153 ]
 [ 0.32765278  0.01511657  0.33050412]
 [ 0.33335245  0.15732771  0.0370295 ]
 [ 0.5353296   0.176629    0.        ]
 [ 0.01591375  0.12879258  0.5666741 ]
 [ 0.23365861  0.11286327  0.21089959]
 [-0.23571289  0.1264648   0.25729403]
 [-0.31272078  0.18431404  0.15313572]
 [ 0.06417242  0.02294663  0.76632   ]
 [ 0.11094531 -0.01011735  1.0120562 ]
 [ 0.21635023 -0.07528549  1.1179531 ]
 [ 0.15524393 -0.06369877  1.2000194 ]
 [ 0.13858841  0.11925265  0.9463687 ]
 [ 0.18346886  0.22217464  0.6952534 ]
 [ 0.29536277  0.32753253  0.52498585]
 [ 0.06029347 -0.14418793  0.98259485]
 [-0.01783288 -0.26312312  0.74677   ]
 [ 0.15944916 -0.23296669  0.62617564]]
[[ 0.00000000e+00  0.00000000e+00  5.14927745e-01]
 [-2.79316176e-02 -1.23619124e-01  5.03370881e-01]
 [ 1.23887956e-01  2.13234127e-02  2.30632424e-01]
 [-9.62479115e-02  2.58183897e-01  7.90569782e-02]
 [ 6.49078637e-02  3.05403352e-01  0.00000000e+00]
 [ 2.79055461e-02  1.23515256e-01  5.26293039e-01]
 [ 3.89017433e-01  7.26326406e-02  3.12533170e-01]
 [ 7.44668469e-02  7.28135109e-02  1.45081669e-01]
 [ 1.57615542e-01  1.07206523e-01  1.63661242e-02]
 [ 4.79409769e-02  9.22846794e-03  7.31127262e-01]
 [ 9.01785493e-02 -5.24938107e-04  9.84608054e-01]
 [ 1.74830481e-01 -5.60752749e-02  1.09093583e+00]
 [ 1.16220862e-01 -4.61918116e-02  1.17558038e+00]
 [ 8.22610706e-02  1.27501875e-01  9.14989352e-01]
 [ 2.43169814e-03  2.83793569e-01  7.49996424e-01]
 [-4.23181057e-03  3.87646407e-01  5.13760328e-01]
 [ 7.70099461e-02 -1.48210853e-01  9.61369872e-01]
 [ 9.81864035e-02 -3.32772702e-01  7.50491500e-01]
 [ 3.46703798e-01 -2.41156459e-01  7.62337923e-01]]
[[ 0.          0.          0.5209938 ]
 [-0.03316234 -0.11201634  0.5065249 ]
 [-0.08426289  0.06062803  0.24367926]
 [-0.3975054   0.3004542   0.19524074]
 [-0.3251875   0.3782156   0.10277987]
 [ 0.0330305   0.11181969  0.5349285 ]
 [ 0.4153024   0.06753014  0.3564809 ]
 [ 0.46869415  0.07580692  0.04786104]
 [ 0.65692854  0.07189721  0.        ]
 [ 0.01681782 -0.01834643  0.73434013]
 [ 0.04042322 -0.0239706   0.9879494 ]
 [ 0.1121785  -0.06060377  1.0824933 ]
 [ 0.05613067 -0.05322546  1.1687839 ]
 [ 0.00411998  0.093963    0.9222127 ]
 [-0.16605633  0.25094402  0.8399678 ]
 [-0.17345765  0.3383162   0.61048603]
 [ 0.06538281 -0.16245848  0.9759836 ]
 [ 0.18092054 -0.35261708  0.8108238 ]
 [ 0.3736229  -0.21529517  0.90310407]]
[[ 0.00000000e+00  0.00000000e+00  4.94598120e-01]
 [-2.37665921e-02 -9.75608230e-02  4.85285074e-01]
 [-1.33157164e-01  7.56969154e-02  2.55346119e-01]
 [-4.52698767e-01  2.80418038e-01  2.41363287e-01]
 [-4.42962945e-01  3.92069221e-01  1.56005174e-01]
 [ 2.36475840e-02  9.73731875e-02  5.03346205e-01]
 [ 3.95877302e-01  1.15239814e-01  3.17062795e-01]
 [ 5.72514594e-01  1.14797354e-01  2.67967284e-02]
 [ 7.60349035e-01  1.13135397e-01  0.00000000e+00]
 [-1.64597202e-03 -4.11024690e-03  7.08763361e-01]
 [ 4.78503294e-04  1.03625655e-03  9.59710479e-01]
 [ 6.64080530e-02 -2.03015804e-02  1.05569243e+00]
 [ 7.00059440e-03 -2.19907165e-02  1.13541639e+00]
 [-4.55561280e-02  1.07091576e-01  8.87651205e-01]
 [-2.04979211e-01  2.46972769e-01  8.00299644e-01]
 [-1.60997242e-01  3.33112955e-01  5.86648405e-01]
 [ 4.02514040e-02 -1.27562940e-01  9.55070555e-01]
 [ 1.67768210e-01 -3.07594031e-01  8.08193684e-01]
 [ 3.50268185e-01 -1.60572946e-01  8.87627542e-01]]
[[ 0.          0.          0.50939316]
 [-0.01683138 -0.09138126  0.50242025]
 [-0.13706675  0.03701289  0.26133943]
 [-0.47593546  0.22070159  0.2986184 ]
 [-0.5113377   0.3526373   0.22782245]
 [ 0.01675448  0.09117649  0.5158085 ]
 [ 0.37241027  0.15341371  0.32267225]
 [ 0.5436491   0.15063542  0.04404628]
 [ 0.72797394  0.16139889  0.        ]
 [-0.01657154  0.00973359  0.72566277]
 [-0.02811454  0.03006616  0.9750876 ]
 [ 0.03660629  0.01081407  1.0758452 ]
 [-0.02983662  0.00961643  1.1505555 ]
 [-0.07343054  0.12789482  0.89453   ]
 [-0.19384363  0.26611102  0.77809393]
 [-0.09428127  0.35276073  0.59016204]
 [ 0.01466028 -0.09436992  0.97702265]
 [ 0.13217956 -0.27565974  0.8289268 ]
 [ 0.3324082  -0.14918396  0.88375306]]
[[ 0.          0.          0.5595193 ]
 [ 0.00334537 -0.10991871  0.5640692 ]
 [-0.02372303 -0.0339317   0.27060556]
 [-0.41407728  0.06068975  0.36823285]
 [-0.47681314  0.19805735  0.33863044]
 [-0.00338496  0.10976261  0.5545956 ]
 [ 0.32045662  0.23185289  0.3514287 ]
 [ 0.35442525  0.2712134   0.05226809]
 [ 0.53420603  0.29440182  0.        ]
 [-0.01835068  0.05870555  0.7718424 ]
 [-0.0326551   0.11275157  1.014322  ]
 [ 0.03396489  0.09389168  1.1229261 ]
 [-0.04377723  0.1005401   1.201648  ]
 [-0.05955181  0.22188121  0.91003644]
 [-0.04260652  0.32370162  0.70538706]
 [ 0.17065495  0.36248687  0.6222383 ]
 [-0.00496391 -0.02497891  1.0299368 ]
 [ 0.02077149 -0.23172213  0.8684741 ]
 [ 0.24648291 -0.15509927  0.84340715]]
[[ 0.          0.          0.60416776]
 [ 0.02269489 -0.12681064  0.61463374]
 [ 0.26204282 -0.09117508  0.36291516]
 [-0.16130756 -0.08676746  0.35969654]
 [-0.19720595  0.00651464  0.25637898]
 [-0.02261419  0.12685484  0.59347206]
 [ 0.21074374  0.308255    0.3791547 ]
 [ 0.07480538  0.3953063   0.07678205]
 [ 0.25505704  0.40844882  0.        ]
 [ 0.01646258  0.08680236  0.7985389 ]
 [ 0.027684    0.1741794   1.0308027 ]
 [ 0.09751357  0.14955175  1.1447384 ]
 [ 0.00336424  0.17403841  1.2189887 ]
 [ 0.03055912  0.2926299   0.93347317]
 [ 0.1813547   0.2988758   0.73324156]
 [ 0.37001088  0.30247086  0.80774915]
 [ 0.02736856  0.01882929  1.0489361 ]
 [-0.01982583 -0.14647062  0.8341397 ]
 [ 0.17926002 -0.13224441  0.9104152 ]]
[[ 0.0000000e+00  0.0000000e+00  6.3899946e-01]
 [ 1.9159630e-02 -1.2611574e-01  6.4958864e-01]
 [ 3.4996480e-01 -1.4318579e-01  4.7831309e-01]
 [ 1.0147506e-01 -3.5567170e-01  2.1957317e-01]
 [ 2.2303349e-01 -3.4569725e-01  1.4927489e-01]
 [-1.9045129e-02  1.2631620e-01  6.2861615e-01]
 [-8.3383083e-02  3.6606386e-01  3.6763081e-01]
 [-3.0101991e-01  3.7343371e-01  1.4587408e-01]
 [-2.3968726e-01  4.3828323e-01  0.0000000e+00]
 [-7.4328482e-04  7.5951770e-02  8.2265043e-01]
 [-2.4261326e-02  1.2813056e-01  1.0577508e+00]
 [ 4.7612213e-02  9.3225479e-02  1.1686401e+00]
 [-4.7060579e-02  1.2283665e-01  1.2384676e+00]
 [ 4.2970244e-02  2.2543681e-01  9.8600733e-01]
 [ 2.4709755e-01  1.3108028e-01  8.5691953e-01]
 [ 3.3871245e-01  1.1512026e-01  1.0508202e+00]
 [-1.0647918e-01  1.4407963e-02  1.0659420e+00]
 [-2.4637486e-01 -1.2345591e-01  9.4150519e-01]
 [-2.5641692e-01 -2.0955747e-01  1.0848629e+00]]
[[ 0.          0.          0.5795814 ]
 [ 0.01318664 -0.11965603  0.58947253]
 [ 0.3385147  -0.14658955  0.42824948]
 [ 0.26917917 -0.3547026   0.09992987]
 [ 0.42920762 -0.3465135   0.0809423 ]
 [-0.01306114  0.11989346  0.5702866 ]
 [-0.12329817  0.31052753  0.26399896]
 [-0.4272369   0.3388171   0.14609742]
 [-0.44218993  0.40357846  0.        ]
 [-0.00762622  0.06542997  0.7740208 ]
 [-0.03204314  0.1017471   1.0134819 ]
 [ 0.04254224  0.06277758  1.1184018 ]
 [-0.04305756  0.09603423  1.1953378 ]
 [ 0.04803712  0.17646202  0.9515985 ]
 [ 0.24732211  0.06886008  0.8283811 ]
 [ 0.30783522  0.03662583  1.0050241 ]
 [-0.12247321  0.02246019  0.9975667 ]
 [-0.31242493 -0.07769248  0.9662075 ]
 [-0.39796126 -0.13012287  1.1038636 ]]
[[ 0.          0.          0.4901199 ]
 [ 0.0116328  -0.1111905   0.5004977 ]
 [ 0.31760412 -0.14962521  0.34515554]
 [ 0.3465863  -0.33967328  0.00806949]
 [ 0.5108379  -0.3407309   0.01156011]
 [-0.01154136  0.11135341  0.48049504]
 [-0.1495747   0.22998439  0.15553191]
 [-0.48848903  0.23739496  0.12227088]
 [-0.5358325   0.29091752  0.        ]
 [-0.00935271  0.05910999  0.68761134]
 [-0.04034987  0.07974505  0.92687905]
 [ 0.03029531  0.04039001  1.0336103 ]
 [-0.04942898  0.07599497  1.1091157 ]
 [ 0.04048258  0.14494559  0.8630599 ]
 [ 0.22253962  0.04599068  0.72757447]
 [ 0.31179762  0.01526833  0.8663702 ]
 [-0.12624751  0.0177573   0.90916884]
 [-0.31123477 -0.05799231  0.9186691 ]
 [-0.4053227  -0.08451366  1.09077   ]]
[[ 0.          0.          0.49828774]
 [ 0.01758669 -0.09944943  0.50878435]
 [ 0.31360823 -0.08834654  0.3419733 ]
 [ 0.43631798 -0.2539163   0.        ]
 [ 0.6101676  -0.2572189   0.01350021]
 [-0.01752305  0.09951016  0.48861662]
 [-0.12717414  0.15923491  0.1495899 ]
 [-0.4954206   0.08426967  0.23385578]
 [-0.58313143  0.13763748  0.17568997]
 [-0.00737221  0.05544694  0.6997257 ]
 [-0.04222791  0.06579044  0.9428625 ]
 [ 0.02247282  0.03168768  1.0551555 ]
 [-0.04776358  0.06206071  1.1290393 ]
 [ 0.02419487  0.12572241  0.86724156]
 [ 0.16764486  0.09095493  0.6871215 ]
 [ 0.32203838  0.0791285   0.70988333]
 [-0.10699656  0.01248056  0.9331447 ]
 [-0.25857288 -0.06127229  1.0232854 ]
 [-0.32177472 -0.06010824  1.2314857 ]]
[[ 0.0000000e+00  0.0000000e+00  5.3200436e-01]
 [ 2.5222264e-02 -9.4631284e-02  5.4171443e-01]
 [ 3.0583405e-01 -2.2895232e-02  3.4292048e-01]
 [ 4.5925319e-01 -1.7368865e-01  0.0000000e+00]
 [ 6.3937783e-01 -1.6551197e-01  7.0250034e-04]
 [-2.5210269e-02  9.4609037e-02  5.2306259e-01]
 [-6.4801998e-02  9.1865838e-02  1.7733982e-01]
 [-4.3933743e-01 -5.9995279e-02  3.2253981e-01]
 [-5.4646575e-01 -1.0381445e-02  3.1736690e-01]
 [-1.0094885e-02  5.1276445e-02  7.3510718e-01]
 [-4.4471085e-02  6.1564356e-02  9.7825509e-01]
 [ 2.1790858e-02  3.9698422e-02  1.0939143e+00]
 [-4.8345596e-02  5.5296183e-02  1.1675795e+00]
 [ 3.9789826e-04  1.2718752e-01  8.8920426e-01]
 [ 9.9468306e-02  1.5057345e-01  6.7601275e-01]
 [ 2.3379585e-01  1.8763123e-01  5.6935215e-01]
 [-8.5302673e-02 -2.8862953e-03  9.8370409e-01]
 [-2.0433620e-01 -9.0502918e-02  1.1518877e+00]
 [-2.3382652e-01 -8.8978410e-02  1.3584208e+00]]
[[ 0.          0.          0.59058625]
 [ 0.0273376  -0.09712596  0.6029875 ]
 [ 0.28386438  0.0075576   0.36998844]
 [ 0.4085821  -0.1517303   0.01642513]
 [ 0.59154326 -0.1305542   0.        ]
 [-0.02738695  0.0970343   0.5788177 ]
 [-0.00216173  0.02655196  0.2424627 ]
 [-0.3845893  -0.1319179   0.40339932]
 [-0.4846937  -0.09273461  0.39990485]
 [-0.01873374  0.04934208  0.7946551 ]
 [-0.05516516  0.06452349  1.0371082 ]
 [ 0.01303462  0.05492234  1.1516392 ]
 [-0.06085309  0.06001997  1.2268012 ]
 [-0.03201009  0.1378349   0.9356344 ]
 [ 0.01914408  0.19852383  0.7120247 ]
 [ 0.098135    0.28014502  0.5465724 ]
 [-0.07564333 -0.01108485  1.0569814 ]
 [-0.15135673 -0.08416748  1.2806349 ]
 [-0.15451264 -0.07378256  1.4913654 ]]
[[ 0.          0.          0.64526993]
 [ 0.02430912 -0.09618797  0.6609001 ]
 [ 0.24550581  0.01888466  0.39871794]
 [ 0.32185483 -0.13544947  0.03299183]
 [ 0.49827182 -0.10066909  0.        ]
 [-0.02438036  0.09604203  0.6300964 ]
 [ 0.079708   -0.0349575   0.33978403]
 [-0.3241992  -0.16186655  0.4608415 ]
 [-0.4013648  -0.13993654  0.40891033]
 [-0.02826136  0.04868951  0.84818137]
 [-0.07205842  0.06846058  1.0895195 ]
 [-0.00254838  0.06287783  1.2064419 ]
 [-0.08239821  0.05828291  1.2784734 ]
 [-0.07081181  0.14882869  0.9803653 ]
 [-0.07199425  0.23591587  0.772887  ]
 [-0.02886185  0.36255294  0.605214  ]
 [-0.07580922 -0.0194186   1.1197616 ]
 [-0.11196421 -0.0979591   1.3830469 ]
 [-0.10495858 -0.08852965  1.6005574 ]]
[[ 0.          0.          0.72229224]
 [ 0.01289117 -0.10386775  0.7366093 ]
 [ 0.14366868  0.02735472  0.43812832]
 [ 0.09551747 -0.13042766  0.07580048]
 [ 0.2511426  -0.05942428  0.        ]
 [-0.01307892  0.10372867  0.7079553 ]
 [ 0.2319678  -0.0818326   0.54313654]
 [-0.14561713 -0.17759836  0.48858276]
 [-0.11383624 -0.18521154  0.3692215 ]
 [-0.04754862  0.03993393  0.92799634]
 [-0.10495575  0.07208779  1.1675297 ]
 [-0.02855268  0.07299     1.2807164 ]
 [-0.10797292  0.05970097  1.3563619 ]
 [-0.13548392  0.1707089   1.0593634 ]
 [-0.21082896  0.30611086  0.89897436]
 [-0.24084428  0.49282295  0.766445  ]
 [-0.08377917 -0.04058951  1.2033222 ]
 [-0.05780799 -0.15674323  1.4751437 ]
 [-0.02760687 -0.17557937  1.6957462 ]]
[[ 0.00000000e+00  0.00000000e+00  6.91372752e-01]
 [-1.02351233e-03 -1.08180806e-01  6.98295653e-01]
 [ 5.04860580e-02  5.24518192e-02  4.18144017e-01]
 [-1.17655084e-01 -6.78007007e-02  1.08880401e-01]
 [-2.27336306e-03  4.29570675e-04  0.00000000e+00]
 [ 6.32531941e-04  1.07968166e-01  6.84123039e-01]
 [ 2.98575759e-01 -1.08419232e-01  6.22339368e-01]
 [ 6.15092963e-02 -3.04821461e-01  3.56450677e-01]
 [ 2.01996505e-01 -3.58560681e-01  2.77568996e-01]
 [-6.87163472e-02  2.95042396e-02  9.03660238e-01]
 [-1.36569992e-01  6.55650795e-02  1.14666760e+00]
 [-4.82923388e-02  6.33429289e-02  1.24427962e+00]
 [-1.20219588e-01  6.10163212e-02  1.33280253e+00]
 [-1.83324248e-01  1.77531719e-01  1.05426931e+00]
 [-3.19982111e-01  3.25525910e-01  9.47546721e-01]
 [-3.91370714e-01  5.26173353e-01  9.03905869e-01]
 [-1.02378041e-01 -6.72951639e-02  1.16951919e+00]
 [-2.91715786e-02 -2.26760060e-01  1.37149882e+00]
 [ 6.04034364e-02 -2.48518884e-01  1.57299507e+00]]
[[ 0.00000000e+00  0.00000000e+00  5.83781838e-01]
 [-1.56871229e-03 -1.04960717e-01  5.86618543e-01]
 [ 1.06083378e-02  6.84442967e-02  3.34360689e-01]
 [-2.54763067e-01 -4.89066541e-02  1.20009512e-01]
 [-1.81156039e-01  2.63276696e-02  0.00000000e+00]
 [ 1.15414709e-03  1.04644544e-01  5.80473423e-01]
 [ 3.28263760e-01 -8.02577436e-02  5.65334201e-01]
 [ 2.96631038e-01 -3.55364025e-01  2.68720329e-01]
 [ 4.70193148e-01 -3.90666366e-01  2.51499146e-01]
 [-7.62712285e-02  2.45636106e-02  8.02021325e-01]
 [-1.48364574e-01  5.43664098e-02  1.04645884e+00]
 [-5.80663905e-02  4.51045632e-02  1.14044988e+00]
 [-1.26675516e-01  4.59182262e-02  1.23319316e+00]
 [-2.06649482e-01  1.71124578e-01  9.76848781e-01]
 [-3.65733385e-01  3.35335553e-01  9.45188820e-01]
 [-4.28575218e-01  5.25206923e-01  9.66555536e-01]
 [-1.07101806e-01 -8.59652162e-02  1.05335283e+00]
 [-4.18066978e-03 -2.82337725e-01  1.18243885e+00]
 [ 1.39430553e-01 -2.80338109e-01  1.34757912e+00]]
[[ 0.          0.          0.38888782]
 [ 0.00377822 -0.09641939  0.3903588 ]
 [ 0.02744744  0.06086555  0.18639418]
 [-0.31324494 -0.03224576  0.1005967 ]
 [-0.28365475  0.06352741  0.        ]
 [-0.00421507  0.0960452   0.3869659 ]
 [ 0.33398816 -0.05486645  0.38002506]
 [ 0.47594452 -0.36154     0.17805456]
 [ 0.62190354 -0.39461508  0.22149773]
 [-0.0693183   0.01835546  0.6152436 ]
 [-0.13584389  0.03242782  0.8616359 ]
 [-0.04913019  0.02095437  0.95347434]
 [-0.10748596  0.02156347  1.048435  ]
 [-0.19720095  0.14651597  0.81371385]
 [-0.34264547  0.3226264   0.85721546]
 [-0.37677145  0.4940527   0.9465068 ]
 [-0.09155677 -0.09844595  0.8478023 ]
 [ 0.03909315 -0.2927666   0.8961968 ]
 [ 0.23752391 -0.27768713  1.0023465 ]]
[[ 0.          0.          0.24992105]
 [ 0.00690509 -0.08630859  0.25389948]
 [ 0.03429102  0.0202263   0.09386551]
 [-0.346691   -0.08856978  0.06965229]
 [-0.3529441   0.01011884  0.        ]
 [-0.00736074  0.08589746  0.24550316]
 [ 0.34110758 -0.02924046  0.26033387]
 [ 0.54680604 -0.34078062  0.11695305]
 [ 0.67008686 -0.37323186  0.19746384]
 [-0.06186467  0.0142055   0.4777458 ]
 [-0.12455048  0.02253336  0.72466147]
 [-0.04032644  0.01304972  0.8148204 ]
 [-0.09429826  0.00969511  0.90882146]
 [-0.18204907  0.12858105  0.6846973 ]
 [-0.291108    0.3002648   0.7675345 ]
 [-0.31223574  0.4429307   0.89909387]
 [-0.0811657  -0.09738535  0.69492286]
 [ 0.04950167 -0.29666242  0.68792534]
 [ 0.25170684 -0.3024584   0.7587702 ]]
[[ 0.          0.          0.20217533]
 [ 0.00471249 -0.08046801  0.20729232]
 [ 0.04683232  0.01336116  0.06794311]
 [-0.33658478 -0.09929949  0.05649962]
 [-0.34882227  0.00884773  0.        ]
 [-0.00515955  0.0800595   0.19666353]
 [ 0.3382212  -0.02178506  0.2167866 ]
 [ 0.5697604  -0.32494077  0.09102386]
 [ 0.68313897 -0.35536668  0.18595198]
 [-0.05861995  0.01222135  0.43119332]
 [-0.12000406  0.01528394  0.6785859 ]
 [-0.03754128  0.0037961   0.7677023 ]
 [-0.08735659  0.00371844  0.8608456 ]
 [-0.16822729  0.12300634  0.64104456]
 [-0.25041962  0.30049905  0.74371064]
 [-0.2707852   0.42970705  0.8897565 ]
 [-0.08204459 -0.10098368  0.64132094]
 [ 0.03865026 -0.30641705  0.6105815 ]
 [ 0.23640406 -0.3263806   0.66519046]]
[[ 0.0000000e+00  0.0000000e+00  6.7680269e-02]
 [-2.0839956e-02 -9.4450936e-02  9.1867186e-02]
 [ 1.7305470e-01 -2.3066129e-01  6.8716019e-02]
 [ 3.7426388e-01 -5.6986463e-01  0.0000000e+00]
 [ 4.7142541e-01 -5.4560888e-01  5.3399026e-02]
 [ 2.0574627e-02  9.4020844e-02  4.3566085e-02]
 [ 3.4769022e-01 -3.8998358e-02  1.3057983e-01]
 [ 5.4887450e-01 -4.0726668e-01  4.1117698e-02]
 [ 6.4167869e-01 -4.4249669e-01  1.3974603e-01]
 [-1.4077701e-02  2.1636292e-02  2.9565504e-01]
 [-3.7023190e-02  9.5796883e-03  5.4819274e-01]
 [ 5.3859256e-02 -7.9960227e-03  6.3678813e-01]
 [-4.9386173e-04  5.4792762e-03  7.3009109e-01]
 [-4.6227381e-02  1.2529510e-01  5.3043354e-01]
 [-4.4176206e-02  2.3501933e-01  7.6315928e-01]
 [-7.2823167e-02  2.5334060e-01  9.2956519e-01]
 [-4.3411501e-02 -1.0675907e-01  4.8278099e-01]
 [ 9.8987818e-03 -3.2609016e-01  3.7041524e-01]
 [ 1.7449149e-01 -3.6362010e-01  3.7892765e-01]]
[[ 0.          0.          0.1678251 ]
 [-0.02874864 -0.10211278  0.19981869]
 [ 0.23852155 -0.1820009   0.27129912]
 [ 0.05223675 -0.23170099  0.0412087 ]
 [ 0.15645534 -0.1690107   0.        ]
 [ 0.02849661  0.10194653  0.13567328]
 [ 0.38533682 -0.00169514  0.19622609]
 [ 0.6745364  -0.34047836  0.12108259]
 [ 0.74999136 -0.37511498  0.24559107]
 [ 0.01179831  0.03581543  0.39280078]
 [ 0.00988107  0.02352774  0.64508724]
 [ 0.12311817 -0.017268    0.7324245 ]
 [ 0.08072463  0.0090279   0.82945013]
 [ 0.03818119  0.14631057  0.626953  ]
 [ 0.15547518  0.1859799   0.85608053]
 [ 0.14825252  0.11966383  1.0776348 ]
 [-0.03661544 -0.09278715  0.5829459 ]
 [-0.06824549 -0.27768844  0.41675475]
 [-0.01650485 -0.3456066   0.41003537]]
[[ 0.          0.          0.14098364]
 [-0.03149218 -0.10410544  0.17192218]
 [ 0.2405206  -0.20181009  0.28201023]
 [ 0.08451864 -0.26496717  0.0450615 ]
 [ 0.19931343 -0.21996707  0.        ]
 [ 0.0312731   0.1039817   0.10986497]
 [ 0.3953828   0.00345704  0.16522613]
 [ 0.69556594 -0.3232679   0.10910204]
 [ 0.76820505 -0.35626024  0.24076885]
 [ 0.01253002  0.03482133  0.36407745]
 [ 0.01383111  0.01985133  0.6162081 ]
 [ 0.13028316 -0.02608025  0.6980818 ]
 [ 0.08823154  0.00120139  0.7972165 ]
 [ 0.05644443  0.14023739  0.6077479 ]
 [ 0.20987275  0.16060305  0.82008284]
 [ 0.22260842  0.06484914  1.0354763 ]
 [-0.04963273 -0.08712339  0.5556663 ]
 [-0.10796823 -0.24975313  0.3706904 ]
 [-0.08573139 -0.3232567   0.35886547]]
[[ 0.          0.          0.10173143]
 [-0.03579003 -0.111628    0.12840888]
 [ 0.22733569 -0.24129455  0.27300036]
 [ 0.23235989 -0.35114282  0.01397707]
 [ 0.35982665 -0.32600868  0.        ]
 [ 0.03571319  0.11153011  0.07501778]
 [ 0.41209286  0.02801058  0.13572504]
 [ 0.7012187  -0.2735428   0.07673741]
 [ 0.7936224  -0.30637076  0.20935324]
 [ 0.01960921  0.02443989  0.3260188 ]
 [ 0.03285716  0.005229    0.57808447]
 [ 0.14971367 -0.04564095  0.6479005 ]
 [ 0.10237245 -0.01624197  0.7476987 ]
 [ 0.09801452  0.11559141  0.5636591 ]
 [ 0.27321684  0.09228945  0.7033756 ]
 [ 0.3627372  -0.04319239  0.89598656]
 [-0.0559572  -0.09086922  0.5280866 ]
 [-0.17757815 -0.22568282  0.35653526]
 [-0.22970445 -0.2982172   0.27913165]]
[[ 0.          0.          0.09368263]
 [-0.03842405 -0.11315583  0.11537623]
 [ 0.23331606 -0.29147372  0.212548  ]
 [ 0.45546442 -0.45354393  0.02864443]
 [ 0.5730088  -0.44427535  0.11868206]
 [ 0.03846312  0.11307984  0.07218943]
 [ 0.42158824  0.04558374  0.13649996]
 [ 0.689902   -0.1779154   0.        ]
 [ 0.82027364 -0.21636105  0.11910412]
 [ 0.01235769  0.0248913   0.30872166]
 [ 0.01740327 -0.0034937   0.5558771 ]
 [ 0.13516651 -0.06038553  0.6283459 ]
 [ 0.10524829 -0.03530949  0.72352487]
 [ 0.09706397  0.08875158  0.5320929 ]
 [ 0.24638185  0.00545898  0.55748636]
 [ 0.36358517 -0.09839416  0.60886455]
 [-0.08555961 -0.06468475  0.49619466]
 [-0.27491087 -0.14602438  0.3736689 ]
 [-0.43249556 -0.17363971  0.3056056 ]]
[[ 0.          0.          0.11037907]
 [-0.04041839 -0.11487702  0.1271192 ]
 [ 0.24623266 -0.30452126  0.2081773 ]
 [ 0.50211096 -0.44341233  0.05246717]
 [ 0.61538553 -0.44599214  0.15271503]
 [ 0.04048667  0.11485945  0.09383613]
 [ 0.44026437  0.06365693  0.16269356]
 [ 0.6947627  -0.10844216  0.        ]
 [ 0.82887983 -0.15459523  0.10219423]
 [-0.00105792  0.03332974  0.31425828]
 [-0.00758426  0.01171136  0.5599982 ]
 [ 0.10853854 -0.04906374  0.6374502 ]
 [ 0.0764056  -0.01922393  0.7290994 ]
 [ 0.07692931  0.09555724  0.533069  ]
 [ 0.23255931  0.00124899  0.5361825 ]
 [ 0.36622307 -0.09393883  0.56120634]
 [-0.11619527 -0.04317662  0.4997342 ]
 [-0.31955725 -0.10211425  0.40009013]
 [-0.4923737  -0.12441188  0.3518054 ]]
[[ 0.          0.          0.12489539]
 [-0.05185535 -0.11990909  0.13410953]
 [ 0.2758636  -0.3238442   0.22563553]
 [ 0.5033002  -0.40923852  0.05897176]
 [ 0.634151   -0.4273025   0.13466315]
 [ 0.05186504  0.12002776  0.11582141]
 [ 0.4547322   0.05080458  0.20896882]
 [ 0.63827527 -0.0708912   0.        ]
 [ 0.778153   -0.13123268  0.07164031]
 [-0.03604256  0.05531582  0.31245166]
 [-0.07296576  0.07128984  0.5505533 ]
 [ 0.03938074  0.00970817  0.6350524 ]
 [-0.00505263  0.044384    0.725984  ]
 [ 0.02387153  0.1526224   0.5181265 ]
 [ 0.22308566  0.07590476  0.49111038]
 [ 0.40540045 -0.02528369  0.5014853 ]
 [-0.19100606  0.01347554  0.49142942]
 [-0.41855896 -0.0407593   0.43330067]
 [-0.59758294 -0.07401985  0.4409349 ]]
[[ 0.          0.          0.08116498]
 [-0.06565212 -0.11881953  0.08751182]
 [ 0.26683757 -0.36125705  0.25919166]
 [ 0.40017152 -0.42967585  0.05122917]
 [ 0.53374606 -0.4561889   0.08302223]
 [ 0.06552243  0.11901829  0.07485408]
 [ 0.44848377 -0.00515237  0.25291225]
 [ 0.5265558  -0.10132614  0.        ]
 [ 0.6483012  -0.16664281  0.04051916]
 [-0.07526232  0.08933142  0.24564144]
 [-0.15027113  0.15457958  0.4619676 ]
 [-0.04949811  0.09979224  0.56043035]
 [-0.10357405  0.13942188  0.6414204 ]
 [-0.04642855  0.23286492  0.42638993]
 [ 0.18357693  0.17364234  0.3817591 ]
 [ 0.38682663  0.06747496  0.3966756 ]
 [-0.2661249   0.08525094  0.4019171 ]
 [-0.49031502 -0.00561541  0.4172291 ]
 [-0.65794355 -0.06128442  0.4885446 ]]
[[ 0.          0.          0.01033103]
 [-0.07376324 -0.11224562  0.0161183 ]
 [ 0.21842974 -0.37262678  0.30922073]
 [ 0.28743222 -0.47388032  0.03734943]
 [ 0.39788926 -0.50599545  0.04461434]
 [ 0.07353565  0.11240564  0.00440539]
 [ 0.41710076 -0.05469243  0.2612731 ]
 [ 0.45399892 -0.18754062  0.        ]
 [ 0.5374125  -0.24991664  0.02639315]
 [-0.12563981  0.12040209  0.13955086]
 [-0.24653357  0.24007136  0.31528252]
 [-0.16412891  0.19692492  0.4234318 ]
 [-0.23115408  0.24439996  0.4867425 ]
 [-0.14380524  0.32178608  0.2769648 ]
 [ 0.11954984  0.28398734  0.24449706]
 [ 0.31419778  0.14718965  0.30403775]
 [-0.34543997  0.14590263  0.26560077]
 [-0.5010676  -0.02891886  0.38140473]
 [-0.6530145  -0.16274214  0.5066127 ]]
[[ 0.          0.          0.00749933]
 [-0.07423206 -0.10792404  0.01479318]
 [ 0.16447294 -0.3584385   0.3662558 ]
 [ 0.25480074 -0.47376558  0.06741225]
 [ 0.3509633  -0.49611968  0.06479644]
 [ 0.07400518  0.10804249  0.        ]
 [ 0.37967885 -0.08130851  0.2831282 ]
 [ 0.44669563 -0.2511912   0.03713207]
 [ 0.51649237 -0.31605697  0.07307935]
 [-0.15178649  0.13434193  0.09671027]
 [-0.29970366  0.27991873  0.22824752]
 [-0.23378032  0.25285703  0.3499825 ]
 [-0.31098133  0.30266422  0.39368933]
 [-0.21006203  0.36633337  0.18132874]
 [ 0.06296355  0.3272214   0.17533237]
 [ 0.23945643  0.16979611  0.2757498 ]
 [-0.3769853   0.16635269  0.18795374]
 [-0.43695116 -0.05572209  0.35561997]
 [-0.5652472  -0.20117843  0.49776936]]
[[ 0.          0.          0.01359265]
 [-0.06756478 -0.10970634  0.0269959 ]
 [ 0.11889264 -0.35257027  0.38329184]
 [ 0.25968593 -0.5288743   0.12363113]
 [ 0.36746734 -0.5464606   0.15510206]
 [ 0.06729449  0.10976486  0.        ]
 [ 0.36338824 -0.08660585  0.27644974]
 [ 0.5046066  -0.3037392   0.07345507]
 [ 0.55968475 -0.35980076  0.15323322]
 [-0.16162059  0.14688784  0.07118682]
 [-0.33118302  0.30367923  0.16741693]
 [-0.28317162  0.30234006  0.2917149 ]
 [-0.36202693  0.34666663  0.32205355]
 [-0.2591645   0.3929243   0.10954912]
 [ 0.03006934  0.3524391   0.11546253]
 [ 0.16632675  0.1668435   0.2451031 ]
 [-0.38328898  0.1751361   0.14017944]
 [-0.37621057 -0.0601725   0.25960374]
 [-0.4378221  -0.22538473  0.41282654]]
[[ 0.          0.          0.0206341 ]
 [-0.05931792 -0.11032559  0.04118538]
 [ 0.10827962 -0.35021698  0.35805464]
 [ 0.29700375 -0.6092116   0.2026034 ]
 [ 0.4063183  -0.611789    0.27877045]
 [ 0.05904081  0.11029253  0.        ]
 [ 0.36199647 -0.09770272  0.21787661]
 [ 0.59133315 -0.35988384  0.10916811]
 [ 0.6396523  -0.40464482  0.21458058]
 [-0.16280942  0.1443541   0.06292915]
 [-0.33999348  0.30438662  0.14580701]
 [-0.30750054  0.31217283  0.27340937]
 [-0.38653743  0.35142714  0.29800326]
 [-0.28002626  0.398219    0.08205114]
 [ 0.00750759  0.34691364  0.09935968]
 [ 0.1407097   0.16604361  0.23486775]
 [-0.37463886  0.17294216  0.12762164]
 [-0.29663318 -0.07470416  0.19405429]
 [-0.25121242 -0.20550852  0.33943725]]
[[ 0.          0.          0.02494772]
 [-0.05429979 -0.10832329  0.04993948]
 [ 0.11612526 -0.36776042  0.31558686]
 [ 0.34782684 -0.64814925  0.29379267]
 [ 0.4397298  -0.6409311   0.41408098]
 [ 0.05404338  0.10818881  0.        ]
 [ 0.35801274 -0.11810171  0.1725322 ]
 [ 0.6414834  -0.4115943   0.15485136]
 [ 0.6993561  -0.46099505  0.28914315]
 [-0.15339616  0.13997051  0.08041051]
 [-0.32392672  0.29033938  0.17958604]
 [-0.29539728  0.30076957  0.31132394]
 [-0.37182793  0.3329963   0.3336715 ]
 [-0.271612    0.3888163   0.11416586]
 [ 0.00854171  0.33116513  0.14355077]
 [ 0.14807945  0.14249429  0.26789078]
 [-0.34790283  0.15876353  0.16388862]
 [-0.2317085  -0.1017355   0.19549721]
 [-0.12918036 -0.24987757  0.3178702 ]]
[[ 0.          0.          0.02656423]
 [-0.05493021 -0.10717229  0.05324218]
 [ 0.12921804 -0.37477174  0.28662544]
 [ 0.38750064 -0.6631919   0.33811086]
 [ 0.4742514  -0.6526164   0.48601657]
 [ 0.05469215  0.1069513   0.        ]
 [ 0.3519101  -0.13835773  0.16587119]
 [ 0.6587387  -0.456911    0.185472  ]
 [ 0.72336423 -0.5147879   0.3374552 ]
 [-0.1443936   0.13450964  0.10293467]
 [-0.30682313  0.2732135   0.22439371]
 [-0.27663797  0.28330982  0.3570047 ]
 [-0.35159904  0.31192654  0.3807435 ]
 [-0.25566334  0.37409702  0.15845956]
 [ 0.02677462  0.31888795  0.18691798]
 [ 0.16495556  0.12087023  0.30792648]
 [-0.32870573  0.14069083  0.20642194]
 [-0.19993669 -0.12168594  0.21538621]
 [-0.07157035 -0.27857715  0.32451272]]
[[ 0.          0.          0.02742209]
 [-0.05568347 -0.10784069  0.0550115 ]
 [ 0.13892025 -0.37798744  0.27863663]
 [ 0.4167694  -0.6645119   0.35326612]
 [ 0.49829215 -0.656775    0.507523  ]
 [ 0.05546097  0.10758491  0.        ]
 [ 0.34984043 -0.1468599   0.1723337 ]
 [ 0.6672591  -0.47566533  0.20145893]
 [ 0.7366867  -0.5404686   0.3567639 ]
 [-0.14058778  0.12896046  0.11595588]
 [-0.29879948  0.25862023  0.24923538]
 [-0.26457503  0.26591083  0.3829888 ]
 [-0.34292513  0.29381752  0.40735567]
 [-0.2444573   0.36335433  0.18440773]
 [ 0.03960613  0.3075714   0.2068065 ]
 [ 0.17655657  0.10681099  0.32825094]
 [-0.32336837  0.12595436  0.22556596]
 [-0.18733841 -0.13444716  0.22832236]
 [-0.04867035 -0.28525278  0.3342474 ]]
[[ 0.          0.          0.02636846]
 [-0.05676332 -0.10903592  0.05291717]
 [ 0.15229678 -0.37836808  0.27221712]
 [ 0.44780946 -0.66143703  0.36035302]
 [ 0.52697337 -0.6534819   0.5182899 ]
 [ 0.05654596  0.10876305  0.        ]
 [ 0.3460468  -0.15833244  0.18434942]
 [ 0.6697947  -0.49709335  0.21350679]
 [ 0.74761057 -0.56936413  0.3788813 ]
 [-0.13266933  0.12224202  0.12980992]
 [-0.28272998  0.24019605  0.27737632]
 [-0.24368268  0.24105728  0.41201934]
 [-0.32524496  0.27004057  0.4386064 ]
 [-0.22922772  0.34852418  0.21474001]
 [ 0.05667669  0.29267764  0.22941235]
 [ 0.19196163  0.09083414  0.34941903]
 [-0.30957896  0.1055941   0.24737301]
 [-0.1758444  -0.15383169  0.2370454 ]
 [-0.03374508 -0.30970594  0.33943427]]
[[ 0.          0.          0.02527661]
 [-0.0574793  -0.10882381  0.05074643]
 [ 0.15851566 -0.38195083  0.26256022]
 [ 0.46290243 -0.66508085  0.35089707]
 [ 0.54644525 -0.6595366   0.5134115 ]
 [ 0.05727352  0.1085317   0.        ]
 [ 0.34024525 -0.16430135  0.1922333 ]
 [ 0.6750494  -0.49299395  0.21848816]
 [ 0.75629556 -0.5667815   0.38958716]
 [-0.12515771  0.11421289  0.14148298]
 [-0.2673787   0.22015779  0.30231854]
 [-0.22402745  0.21403551  0.4360277 ]
 [-0.3073939   0.24399254  0.46636647]
 [-0.21426934  0.3321495   0.24158272]
 [ 0.07414181  0.278697    0.2463302 ]
 [ 0.20553744  0.07635716  0.36584526]
 [-0.29566783  0.0859569   0.2665199 ]
 [-0.16466215 -0.16935045  0.24400488]
 [-0.01906296 -0.32115766  0.34654775]]
[[ 0.          0.          0.02537269]
 [-0.05618893 -0.10925523  0.05095413]
 [ 0.16697234 -0.37684062  0.2582281 ]
 [ 0.47922027 -0.66063845  0.34132284]
 [ 0.5640626  -0.6576088   0.5044536 ]
 [ 0.055988    0.10896157  0.        ]
 [ 0.340392   -0.15746348  0.20048705]
 [ 0.67951554 -0.48482543  0.21987852]
 [ 0.7643531  -0.5590411   0.3919422 ]
 [-0.11807752  0.10999416  0.15183637]
 [-0.25453168  0.20568848  0.32300007]
 [-0.20682284  0.19592392  0.45761597]
 [-0.29267895  0.22661915  0.49122214]
 [-0.20205837  0.31839547  0.26393855]
 [ 0.08297069  0.26250327  0.2597872 ]
 [ 0.21507907  0.06131339  0.37669432]
 [-0.28383768  0.07144928  0.28109455]
 [-0.15400797 -0.1823166   0.25163049]
 [-0.00920757 -0.3336802   0.35213283]]
[[ 0.          0.          0.0251046 ]
 [-0.05712306 -0.1106921   0.05040738]
 [ 0.16615805 -0.38387707  0.25452453]
 [ 0.48856556 -0.6545932   0.3304792 ]
 [ 0.572966   -0.6508849   0.49642837]
 [ 0.05693151  0.1104008   0.        ]
 [ 0.3408308  -0.1566162   0.2044258 ]
 [ 0.684126   -0.48196244  0.21863447]
 [ 0.77051914 -0.5557265   0.39470088]
 [-0.11293091  0.10579976  0.15954912]
 [-0.24326664  0.19669747  0.33843273]
 [-0.19386011  0.18314403  0.47210616]
 [-0.28011554  0.21583012  0.50842977]
 [-0.1916152   0.31139335  0.28027904]
 [ 0.09313281  0.25863564  0.27002108]
 [ 0.22343454  0.05440271  0.3851875 ]
 [-0.27303407  0.06278124  0.29326856]
 [-0.1481928  -0.19273533  0.25702184]
 [-0.00356481 -0.34490782  0.36031806]]
