[[ 0.          0.          0.5652689 ]
 [ 0.03662943 -0.09897542  0.56497884]
 [ 0.3733961   0.08250912  0.35836226]
 [ 0.5159615   0.18645376  0.01089537]
 [ 0.68241847  0.229673    0.        ]
 [-0.03654788  0.09900808  0.5660981 ]
 [-0.20104161  0.01804394  0.2128883 ]
 [-0.6364984  -0.20266351  0.3015495 ]
 [-0.7696105  -0.15469477  0.2983694 ]
 [ 0.08371182  0.01148777  0.7778884 ]
 [ 0.16380386 -0.03240943  1.0198977 ]
 [ 0.27744776 -0.09433392  1.0701625 ]
 [ 0.26563656 -0.08762085  1.1849054 ]
 [ 0.1187678   0.09105346  0.9854889 ]
 [ 0.1707359   0.26620013  0.776535  ]
 [ 0.35799205  0.24992435  0.7830161 ]
 [ 0.16097422 -0.14461994  0.9771883 ]
 [ 0.00137707 -0.18772262  0.7535326 ]
 [ 0.00463793 -0.20116556  0.6285329 ]]
[[ 0.          0.          0.621807  ]
 [ 0.0339218  -0.10946326  0.6174565 ]
 [ 0.3465054   0.11095282  0.39283398]
 [ 0.4078744   0.20393908  0.0255909 ]
 [ 0.5940871   0.24973556  0.        ]
 [-0.03386174  0.10946491  0.6266568 ]
 [-0.14677224  0.01354027  0.26268163]
 [-0.57698345 -0.25188774  0.3742206 ]
 [-0.71274436 -0.21129808  0.3857255 ]
 [ 0.08857337  0.01891947  0.8311374 ]
 [ 0.1731748  -0.02632356  1.0714772 ]
 [ 0.291618   -0.09706882  1.1276115 ]
 [ 0.27759635 -0.08842927  1.2441912 ]
 [ 0.12813413  0.1038394   1.0396098 ]
 [ 0.1178316   0.2868827   0.83818066]
 [ 0.2747582   0.41198504  0.7468991 ]
 [ 0.16289097 -0.15160307  1.0221374 ]
 [ 0.02256276 -0.2147548   0.78148293]
 [ 0.05864368 -0.25653246  0.625649  ]]
[[ 0.          0.          0.6271036 ]
 [ 0.0236026  -0.12045614  0.61896944]
 [ 0.27118027  0.15179616  0.37149665]
 [ 0.18583372  0.25896809  0.04906988]
 [ 0.38520965  0.30729693  0.        ]
 [-0.02357677  0.1203759   0.63553953]
 [-0.00811577 -0.01210937  0.271511  ]
 [-0.4282111  -0.3103159   0.40036702]
 [-0.55662537 -0.29504272  0.42190564]
 [ 0.09392723  0.02451451  0.833088  ]
 [ 0.1827341  -0.02048063  1.0739448 ]
 [ 0.30749744 -0.09093341  1.1436372 ]
 [ 0.2859419  -0.08479214  1.2585704 ]
 [ 0.13095404  0.11222899  1.0453038 ]
 [ 0.01053619  0.2914233   0.9025274 ]
 [ 0.00751069  0.48723847  0.73614526]
 [ 0.17240104 -0.1564925   1.0196363 ]
 [ 0.06565899 -0.26310503  0.7696524 ]
 [ 0.20490518 -0.25294212  0.631521  ]]
[[ 0.          0.          0.5436556 ]
 [ 0.00912137 -0.10626655  0.5298344 ]
 [ 0.02715761  0.0995543   0.26783225]
 [-0.1606322   0.26438826  0.08722082]
 [-0.03018022  0.34973532  0.        ]
 [-0.00919851  0.10612311  0.55710495]
 [ 0.2718734   0.05736119  0.36578125]
 [-0.01848306 -0.06439599  0.24656689]
 [ 0.01223746 -0.00822619  0.10558859]
 [ 0.07794258  0.01410791  0.76049817]
 [ 0.15268278 -0.01785874  1.0098441 ]
 [ 0.27268177 -0.06857693  1.0876005 ]
 [ 0.24377921 -0.06342536  1.2045653 ]
 [ 0.07796823  0.09731752  0.9702548 ]
 [-0.12725842  0.23470479  0.95526046]
 [-0.20366684  0.4365694   0.8105025 ]
 [ 0.17984575 -0.15412939  0.95115584]
 [ 0.17126954 -0.3022676   0.71653426]
 [ 0.35578212 -0.1627725   0.72260106]]
[[ 0.          0.          0.51751786]
 [ 0.01956763 -0.09995355  0.49973375]
 [-0.05940806  0.10600717  0.2413306 ]
 [-0.33382213  0.23003015  0.21862477]
 [-0.3306029   0.35035256  0.12704661]
 [-0.01961978  0.09968646  0.5346967 ]
 [ 0.31976098  0.10641652  0.40925205]
 [ 0.28081495  0.12745851  0.08019578]
 [ 0.43599522  0.1477929   0.        ]
 [ 0.05907043  0.00408125  0.73960805]
 [ 0.12652795 -0.01168501  0.9902995 ]
 [ 0.2404533  -0.04662853  1.0634172 ]
 [ 0.20806393 -0.04817981  1.181149  ]
 [ 0.02360883  0.09048918  0.94860566]
 [-0.22782266  0.18519053  0.9705904 ]
 [-0.33063966  0.35212773  0.82476455]
 [ 0.18759859 -0.14292908  0.9481458 ]
 [ 0.24890569 -0.3019494   0.7393191 ]
 [ 0.41525528 -0.12617663  0.826262  ]]
[[ 0.          0.          0.5431099 ]
 [ 0.02971057 -0.10046992  0.52858585]
 [-0.06787994  0.09100664  0.23592669]
 [-0.4104577   0.18413085  0.32677555]
 [-0.46596932  0.32058266  0.27779055]
 [-0.02967425  0.10017642  0.5570419 ]
 [ 0.309969    0.20547429  0.39315367]
 [ 0.39926344  0.29272372  0.02392524]
 [ 0.5756203   0.3037033   0.        ]
 [ 0.0431486   0.00775284  0.76588744]
 [ 0.10367133  0.01203927  1.0156826 ]
 [ 0.20836355 -0.01466888  1.087996  ]
 [ 0.17511255 -0.01742643  1.2014838 ]
 [-0.00605708  0.11538503  0.9618131 ]
 [-0.24624372  0.20213899  0.9333431 ]
 [-0.28502756  0.36262047  0.77599514]
 [ 0.17602162 -0.11877546  0.9868697 ]
 [ 0.22062173 -0.27899438  0.7794809 ]
 [ 0.3731771  -0.08565423  0.8290602 ]]
[[ 0.00000000e+00  0.00000000e+00  5.70895016e-01]
 [ 3.09221894e-02 -1.05056398e-01  5.55283129e-01]
 [-2.78174654e-02  5.59358299e-02  2.50097990e-01]
 [-4.06097591e-01  1.20347150e-01  4.05034840e-01]
 [-4.78942335e-01  2.65723914e-01  3.90685737e-01]
 [-3.08421478e-02  1.04780644e-01  5.86040795e-01]
 [ 2.84695417e-01  2.58220613e-01  3.80180299e-01]
 [ 3.86793822e-01  3.86123776e-01  1.70742869e-02]
 [ 5.69823861e-01  3.96396369e-01  0.00000000e+00]
 [ 3.95519547e-02  2.00437605e-02  7.92131066e-01]
 [ 1.04526706e-01  4.51373160e-02  1.03955460e+00]
 [ 2.06059039e-01  2.47900486e-02  1.11113310e+00]
 [ 1.65204629e-01  2.04595327e-02  1.21942925e+00]
 [-6.61037862e-04  1.52340055e-01  9.75845039e-01]
 [-2.22352892e-01  2.26271272e-01  8.77623498e-01]
 [-1.91756845e-01  3.81518424e-01  6.93885565e-01]
 [ 1.71945870e-01 -9.33597386e-02  1.02113676e+00]
 [ 1.80351704e-01 -2.61623859e-01  8.17642272e-01]
 [ 3.27017128e-01 -7.23373592e-02  7.91139722e-01]]
[[ 0.          0.          0.6031525 ]
 [ 0.03389843 -0.10714606  0.5895516 ]
 [ 0.04192896 -0.01622349  0.26950496]
 [-0.3931132  -0.00752746  0.46246022]
 [-0.49112397  0.13774693  0.46918237]
 [-0.03376861  0.1069501   0.6164576 ]
 [ 0.23560694  0.30393982  0.37325415]
 [ 0.29083756  0.43947786  0.0282042 ]
 [ 0.46805117  0.44711226  0.        ]
 [ 0.04146177  0.03944284  0.81686914]
 [ 0.11279956  0.08388638  1.0577838 ]
 [ 0.21219672  0.06958288  1.1352341 ]
 [ 0.17575032  0.07142061  1.2480719 ]
 [ 0.01538022  0.19748384  0.9877273 ]
 [-0.13747978  0.28467768  0.82090557]
 [-0.01769283  0.4044177   0.631606  ]
 [ 0.17186597 -0.0567773   1.0466254 ]
 [ 0.13522601 -0.21710527  0.8649442 ]
 [ 0.27007765 -0.03924017  0.7465594 ]]
[[ 0.          0.          0.5947382 ]
 [ 0.03938404 -0.11478492  0.58419156]
 [ 0.22822505 -0.04699564  0.30727237]
 [-0.23869395 -0.11479163  0.36777112]
 [-0.30449873 -0.00590709  0.28497735]
 [-0.03915308  0.11484437  0.60519457]
 [ 0.12703139  0.41477603  0.33121324]
 [ 0.07710826  0.54676193  0.055525  ]
 [ 0.2503783   0.56169343  0.        ]
 [ 0.05281196  0.05522367  0.7940298 ]
 [ 0.12628245  0.11408532  1.0315211 ]
 [ 0.22348589  0.10872203  1.1195626 ]
 [ 0.19486235  0.10748231  1.2352881 ]
 [ 0.04856611  0.23821065  0.9542895 ]
 [ 0.06035874  0.3419499   0.72904134]
 [ 0.2905896   0.42179543  0.67228276]
 [ 0.16802245 -0.03895187  1.0206879 ]
 [ 0.04607704 -0.16960174  0.82970774]
 [ 0.13349889  0.00624486  0.7015915 ]]
[[ 0.          0.          0.51029533]
 [ 0.02865246 -0.1138972   0.506791  ]
 [ 0.41500914  0.060082    0.40359375]
 [ 0.13896516 -0.00848597  0.15627527]
 [ 0.25145388  0.02828601  0.01244256]
 [-0.02837754  0.11409805  0.51397926]
 [-0.04430103  0.3890869   0.2543694 ]
 [-0.27433604  0.50801283  0.11899558]
 [-0.2051225   0.53878677  0.        ]
 [ 0.04468051  0.01107159  0.7153039 ]
 [ 0.10084204  0.02055389  0.9597028 ]
 [ 0.21114124 -0.00643909  1.0373325 ]
 [ 0.16267048 -0.00627762  1.143084  ]
 [ 0.06765444  0.15924272  0.8969951 ]
 [ 0.24445647  0.25742176  0.72570527]
 [ 0.4161923   0.24523127  0.8383658 ]
 [ 0.10134076 -0.13155094  0.9505172 ]
 [-0.09585326 -0.26137584  0.9615993 ]
 [-0.1003808  -0.13104054  0.90427333]]
[[ 0.          0.          0.53832257]
 [ 0.02055766 -0.11343892  0.537984  ]
 [ 0.3918231   0.01745932  0.42463857]
 [ 0.2952959  -0.02383947  0.07966971]
 [ 0.44890046  0.01081336  0.        ]
 [-0.02027067  0.11365199  0.53898984]
 [-0.08844596  0.35399184  0.27146685]
 [-0.36514032  0.49005628  0.22389334]
 [-0.37966532  0.53439766  0.09877101]
 [ 0.03820661  0.00843906  0.7418802 ]
 [ 0.08894534  0.00834593  0.98502964]
 [ 0.20505136 -0.03110409  1.0553696 ]
 [ 0.16401657 -0.01896185  1.1689601 ]
 [ 0.08057098  0.14750564  0.92593074]
 [ 0.26252866  0.23866597  0.77328074]
 [ 0.40869442  0.22972906  0.9227054 ]
 [ 0.0614673  -0.13265526  0.9732831 ]
 [-0.16728604 -0.2543721   1.0363903 ]
 [-0.16258755 -0.15881985  0.9447359 ]]
[[ 0.          0.          0.5247539 ]
 [ 0.02517556 -0.11612603  0.52295715]
 [ 0.38777006  0.08397314  0.37322778]
 [ 0.48777968  0.10671806  0.01475072]
 [ 0.6665145   0.135375    0.        ]
 [-0.02503755  0.11620316  0.52710766]
 [-0.09083165  0.20599061  0.19884947]
 [-0.47195348  0.17301455  0.3162433 ]
 [-0.56296724  0.2267076   0.25522947]
 [ 0.05313272 -0.00452891  0.73174083]
 [ 0.10963349 -0.04054514  0.970189  ]
 [ 0.23260552 -0.09642604  1.0382029 ]
 [ 0.20411177 -0.08160347  1.1533251 ]
 [ 0.09070408  0.09516147  0.92763877]
 [ 0.1904211   0.24156284  0.74723715]
 [ 0.3834246   0.29098305  0.8096435 ]
 [ 0.08611012 -0.17652065  0.94052255]
 [-0.10719682 -0.30087277  0.9086749 ]
 [-0.11321307 -0.2672786   0.8209038 ]]
[[ 0.          0.          0.5474293 ]
 [ 0.02305594 -0.12086117  0.5462948 ]
 [ 0.3591811   0.12254047  0.36103958]
 [ 0.45833096  0.19435412  0.01875854]
 [ 0.6451286   0.23538387  0.        ]
 [-0.02301474  0.12087068  0.54911524]
 [-0.06273112  0.11908525  0.19623938]
 [-0.47956592 -0.05232058  0.36784026]
 [-0.5980567  -0.01930258  0.3637146 ]
 [ 0.06853838  0.00640216  0.7599667 ]
 [ 0.13566332 -0.03939578  1.0002586 ]
 [ 0.25945467 -0.11396176  1.0644239 ]
 [ 0.22514947 -0.09989309  1.1733122 ]
 [ 0.10953734  0.09817883  0.9674442 ]
 [ 0.12415345  0.27230138  0.7605874 ]
 [ 0.30800104  0.39280778  0.6857779 ]
 [ 0.11039945 -0.17553842  0.9613234 ]
 [-0.06534275 -0.28981793  0.79940635]
 [-0.03365861 -0.3185984   0.6391377 ]]
[[ 0.          0.          0.57356644]
 [ 0.01212515 -0.12231934  0.5708779 ]
 [ 0.29179978  0.17406708  0.36568224]
 [ 0.2860003   0.26885852  0.04883802]
 [ 0.47594965  0.32920355  0.        ]
 [-0.01208605  0.12229873  0.57661545]
 [ 0.05100436  0.0462454   0.21346873]
 [-0.3653881  -0.19939837  0.38783213]
 [-0.4846792  -0.18919736  0.3864993 ]
 [ 0.07048119  0.01840568  0.7835089 ]
 [ 0.13575386 -0.02939382  1.0254289 ]
 [ 0.26549673 -0.10654041  1.0984225 ]
 [ 0.2332173  -0.09489065  1.210636  ]
 [ 0.11008614  0.11079744  0.98737454]
 [ 0.04466406  0.28404695  0.7975451 ]
 [ 0.1246292   0.47111553  0.6171699 ]
 [ 0.10746197 -0.1671871   0.9792447 ]
 [-0.02534896 -0.268613    0.7456297 ]
 [ 0.11432281 -0.27956986  0.5870805 ]]
[[ 0.0000000e+00  0.0000000e+00  5.1032054e-01]
 [-1.8561631e-04 -1.1247794e-01  5.0087941e-01]
 [ 1.0247113e-01  1.3359861e-01  2.6707003e-01]
 [-5.5410519e-02  3.2994556e-01  7.9471827e-02]
 [ 1.0867286e-01  4.0107071e-01  0.0000000e+00]
 [ 1.4439225e-04  1.1240099e-01  5.1957548e-01]
 [ 2.5935307e-01  4.7951043e-02  2.9906917e-01]
 [-6.8296954e-02 -6.2971860e-02  2.9647219e-01]
 [-5.2149374e-02 -5.0718188e-02  1.5724641e-01]
 [ 7.1413063e-02  9.5768273e-03  7.2385514e-01]
 [ 1.3698724e-01 -2.3257136e-02  9.7102058e-01]
 [ 2.5447503e-01 -8.1919998e-02  1.0608122e+00]
 [ 2.1551019e-01 -7.1976602e-02  1.1733409e+00]
 [ 8.6234212e-02  1.0188073e-01  9.2447388e-01]
 [-8.8581070e-02  2.4873334e-01  8.5407424e-01]
 [-1.7126840e-01  4.4225276e-01  6.8324971e-01]
 [ 1.3893616e-01 -1.6716301e-01  9.1684425e-01]
 [ 1.1417791e-01 -3.1808069e-01  6.8343997e-01]
 [ 3.2823807e-01 -2.0826358e-01  6.7057258e-01]]
[[ 0.00000000e+00  0.00000000e+00  4.65681285e-01]
 [ 2.90379673e-03 -1.03919350e-01  4.48044360e-01]
 [-4.19863909e-02  1.13494560e-01  2.11532742e-01]
 [-2.79586196e-01  3.06482792e-01  1.21658862e-01]
 [-2.12071657e-01  4.02581185e-01  2.23638713e-02]
 [-3.02011892e-03  1.03740126e-01  4.82761055e-01]
 [ 3.44500184e-01  7.75251985e-02  3.55669111e-01]
 [ 2.16157854e-01  1.06407344e-01  1.03730172e-01]
 [ 3.62815499e-01  1.19431853e-01  0.00000000e+00]
 [ 6.39264137e-02  3.23444605e-04  6.83829308e-01]
 [ 1.33021802e-01 -1.19062066e-02  9.35149908e-01]
 [ 2.42624968e-01 -4.94766235e-02  1.01531959e+00]
 [ 2.01838538e-01 -4.46162820e-02  1.13118017e+00]
 [ 5.08286953e-02  9.93420482e-02  8.85089517e-01]
 [-1.87116742e-01  2.16203451e-01  8.76716197e-01]
 [-2.94076174e-01  3.99410129e-01  7.24011600e-01]
 [ 1.72692075e-01 -1.53498501e-01  8.94432724e-01]
 [ 2.05811322e-01 -3.36012393e-01  6.89090073e-01]
 [ 3.95154953e-01 -1.81053758e-01  7.72047997e-01]]
[[ 0.          0.          0.4855557 ]
 [ 0.01430234 -0.09972958  0.47045866]
 [-0.07841463  0.08672096  0.198039  ]
 [-0.4101043   0.23225544  0.24615523]
 [-0.41824973  0.35317755  0.18614882]
 [-0.01433443  0.09945488  0.50006455]
 [ 0.3328642   0.14116633  0.3656756 ]
 [ 0.43929428  0.26364756  0.02682334]
 [ 0.61550504  0.27108428  0.        ]
 [ 0.04424486 -0.0098758   0.7050167 ]
 [ 0.10702658 -0.00954452  0.9533461 ]
 [ 0.20739666 -0.03803989  1.0296848 ]
 [ 0.16009265 -0.0384323   1.1373432 ]
 [ 0.01063475  0.09365398  0.8959255 ]
 [-0.24310654  0.18479791  0.873214  ]
 [-0.3034939   0.36633706  0.7148677 ]
 [ 0.16532265 -0.14424706  0.93057704]
 [ 0.21840784 -0.32586858  0.7363391 ]
 [ 0.37491268 -0.14393574  0.8199785 ]]
[[ 0.          0.          0.51786745]
 [ 0.02605436 -0.10082436  0.50206935]
 [-0.06834872  0.05433443  0.20746583]
 [-0.44214857  0.14210226  0.3376455 ]
 [-0.50156486  0.27660516  0.31257275]
 [-0.02598325  0.1005319   0.5331013 ]
 [ 0.30191845  0.19678856  0.3473193 ]
 [ 0.44191045  0.32973585  0.00869191]
 [ 0.6203004   0.33016908  0.        ]
 [ 0.04519154  0.01747793  0.73421806]
 [ 0.11167128  0.04170415  0.97900826]
 [ 0.21060938  0.01882857  1.0519285 ]
 [ 0.17263103  0.0206936   1.1650798 ]
 [ 0.01323666  0.14673978  0.9119427 ]
 [-0.21324915  0.23117673  0.8251686 ]
 [-0.21008521  0.38693598  0.6414655 ]
 [ 0.17298123 -0.09577572  0.9564706 ]
 [ 0.18412703 -0.279143    0.7628163 ]
 [ 0.3426931  -0.09378576  0.78885454]]
[[ 0.          0.          0.5633106 ]
 [ 0.03049833 -0.10488188  0.5486849 ]
 [-0.00665278  0.01490918  0.23858479]
 [-0.4027065   0.05178487  0.4098147 ]
 [-0.4843763   0.19754997  0.41470203]
 [-0.03033731  0.1046386   0.57757616]
 [ 0.27285096  0.26636717  0.35389417]
 [ 0.3653792   0.4080932   0.02425146]
 [ 0.54500455  0.41541502  0.        ]
 [ 0.04410552  0.04180723  0.7701361 ]
 [ 0.11356523  0.08632478  1.0085683 ]
 [ 0.21786296  0.06816995  1.0847547 ]
 [ 0.18444434  0.07394034  1.203685  ]
 [ 0.02196591  0.19903952  0.93324447]
 [-0.14158803  0.27876076  0.7709743 ]
 [-0.0425394   0.4010577   0.57514167]
 [ 0.16689172 -0.05766934  0.9893005 ]
 [ 0.12316823 -0.23464642  0.8080801 ]
 [ 0.26926985 -0.08012042  0.7284876 ]]
[[ 0.          0.          0.566588  ]
 [ 0.03081802 -0.11373318  0.559091  ]
 [ 0.1901131  -0.03847954  0.26675406]
 [-0.27359873 -0.07417935  0.3786754 ]
 [-0.36127096  0.04762985  0.32192498]
 [-0.03055737  0.11376435  0.5739381 ]
 [ 0.18456072  0.39102075  0.31925148]
 [ 0.16360614  0.576348    0.06089944]
 [ 0.34377182  0.5773929   0.        ]
 [ 0.05382148  0.05920736  0.7612257 ]
 [ 0.13240668  0.1226458   0.9908334 ]
 [ 0.23552829  0.10695457  1.0772622 ]
 [ 0.20467183  0.11468256  1.194742  ]
 [ 0.0531786   0.24349624  0.9044353 ]
 [ 0.02959916  0.30144602  0.6814061 ]
 [ 0.2442995   0.3891906   0.58220875]
 [ 0.17157468 -0.02841678  0.98723483]
 [ 0.05005637 -0.17627814  0.8213169 ]
 [ 0.13928226 -0.02675685  0.6847796 ]]
[[ 0.          0.          0.49714696]
 [ 0.02264854 -0.11698262  0.4901571 ]
 [ 0.40313137  0.05023061  0.37565383]
 [ 0.0719783  -0.01595756  0.19470063]
 [ 0.15707114  0.0328804   0.05184662]
 [-0.02233445  0.11722211  0.50422734]
 [ 0.0119102   0.4090063   0.24184239]
 [-0.19280902  0.56304073  0.11453474]
 [-0.10323122  0.6017859   0.        ]
 [ 0.04812545  0.02223834  0.68766135]
 [ 0.11106853  0.03940025  0.9192201 ]
 [ 0.22243887  0.00328171  1.0062054 ]
 [ 0.18303856  0.0095768   1.1164223 ]
 [ 0.08945009  0.17791516  0.851492  ]
 [ 0.25261372  0.2770193   0.67691016]
 [ 0.45703685  0.30721253  0.77747023]
 [ 0.09339075 -0.11912894  0.91083753]
 [-0.1178968  -0.26045722  0.9368385 ]
 [-0.11527805 -0.14795072  0.8538194 ]]
[[ 0.          0.          0.5137511 ]
 [ 0.01566558 -0.11609766  0.5083944 ]
 [ 0.39968902  0.02459787  0.4138962 ]
 [ 0.25276446 -0.04060674  0.09060681]
 [ 0.40751928 -0.00949556  0.        ]
 [-0.01536822  0.11633138  0.519431  ]
 [-0.05451763  0.37810615  0.24203402]
 [-0.32716173  0.54060864  0.1990993 ]
 [-0.33092886  0.5815334   0.07419398]
 [ 0.04058789  0.00981084  0.71013546]
 [ 0.09551154  0.00886309  0.9472632 ]
 [ 0.21009523 -0.03468183  1.0265856 ]
 [ 0.17149682 -0.02294129  1.1397383 ]
 [ 0.09788387  0.14829963  0.8850267 ]
 [ 0.26878476  0.23419133  0.7274643 ]
 [ 0.43557897  0.24872637  0.8767502 ]
 [ 0.05263764 -0.13280591  0.9344554 ]
 [-0.18149316 -0.24406439  0.99286234]
 [-0.15283129 -0.15165484  0.8868606 ]]
[[ 0.          0.          0.490663  ]
 [ 0.01396158 -0.11658737  0.48623642]
 [ 0.3897211   0.05308648  0.36331472]
 [ 0.4271539   0.03917158  0.03121394]
 [ 0.59906113  0.05933979  0.        ]
 [-0.01374005  0.11674988  0.4955927 ]
 [-0.06805764  0.27717966  0.18870503]
 [-0.40627402  0.37193525  0.2693988 ]
 [-0.4785416   0.4192174   0.19378868]
 [ 0.04841483  0.00329141  0.6923365 ]
 [ 0.1011277  -0.02621844  0.9280492 ]
 [ 0.22176549 -0.08721375  1.0026718 ]
 [ 0.1891697  -0.07076931  1.115592  ]
 [ 0.10946779  0.10817224  0.8778049 ]
 [ 0.22746924  0.22983068  0.7042145 ]
 [ 0.40149283  0.24986833  0.8171174 ]
 [ 0.05079588 -0.15783378  0.90598214]
 [-0.19969347 -0.2587161   0.9133549 ]
 [-0.15264611 -0.20517358  0.77006906]]
[[ 0.          0.          0.5229343 ]
 [ 0.01832172 -0.11584771  0.51942617]
 [ 0.37599632  0.09911211  0.3491189 ]
 [ 0.4690948   0.14417505  0.02234834]
 [ 0.64704657  0.17552987  0.        ]
 [-0.01816531  0.11591916  0.5270041 ]
 [-0.0535088   0.16798033  0.18365616]
 [-0.4603283   0.0922015   0.30920017]
 [-0.5818988   0.14558452  0.27811712]
 [ 0.06133917  0.00139277  0.7255947 ]
 [ 0.1235771  -0.04248902  0.96056676]
 [ 0.24806103 -0.10913011  1.0331006 ]
 [ 0.21591341 -0.09116113  1.1476095 ]
 [ 0.11720844  0.09008813  0.9184186 ]
 [ 0.1617209   0.24412818  0.7201258 ]
 [ 0.3689687   0.30521187  0.72409   ]
 [ 0.08216447 -0.17040351  0.9282566 ]
 [-0.15496399 -0.260823    0.8554187 ]
 [-0.12101208 -0.23775116  0.694733  ]]
[[ 0.          0.          0.5485245 ]
 [ 0.00674458 -0.124915    0.5444027 ]
 [ 0.29832384  0.16232593  0.3496892 ]
 [ 0.3006006   0.26791105  0.04642093]
 [ 0.49566317  0.31905806  0.        ]
 [-0.00666669  0.12493231  0.5530351 ]
 [ 0.08826922  0.06368282  0.19586444]
 [-0.3487361  -0.10195708  0.35814625]
 [-0.46458882 -0.08109519  0.32674724]
 [ 0.07390865  0.02441187  0.7462956 ]
 [ 0.13914892 -0.02738959  0.98110956]
 [ 0.2725683  -0.10222724  1.0605197 ]
 [ 0.23169513 -0.08036906  1.175919  ]
 [ 0.12724528  0.11421368  0.9418251 ]
 [ 0.08185115  0.28976464  0.75577426]
 [ 0.17348018  0.47700858  0.586822  ]
 [ 0.09881718 -0.1634178   0.9284965 ]
 [-0.04499793 -0.26358473  0.70462227]
 [ 0.08992013 -0.27243942  0.5709623 ]]
[[ 0.          0.          0.50133246]
 [-0.00939833 -0.11701895  0.48899078]
 [ 0.13066873  0.13843554  0.2540155 ]
 [-0.00600091  0.34968936  0.06938726]
 [ 0.16964805  0.4072637   0.        ]
 [ 0.00939742  0.11693908  0.513572  ]
 [ 0.25846764  0.01442401  0.28137448]
 [-0.09181389 -0.0730767   0.28935507]
 [-0.08563107 -0.06959632  0.17033038]
 [ 0.07698505  0.00819749  0.70984894]
 [ 0.14917344 -0.03143755  0.9533631 ]
 [ 0.2733655  -0.09778985  1.0408037 ]
 [ 0.2337519  -0.08335376  1.1533427 ]
 [ 0.10931423  0.10147774  0.9117158 ]
 [-0.05771138  0.24512386  0.80774826]
 [-0.12034613  0.45058674  0.6345473 ]
 [ 0.13439539 -0.17763196  0.8956873 ]
 [ 0.07681087 -0.32642332  0.66194427]
 [ 0.29370707 -0.26901108  0.645038  ]]
[[ 0.0000000e+00  0.0000000e+00  4.4082755e-01]
 [-5.2889921e-03 -1.0370428e-01  4.2460459e-01]
 [-2.7352735e-02  1.2314847e-01  1.8578824e-01]
 [-2.6122743e-01  3.3408147e-01  1.0055685e-01]
 [-1.9299999e-01  4.2589441e-01  0.0000000e+00]
 [ 5.1759332e-03  1.0355397e-01  4.5650184e-01]
 [ 3.4541321e-01  6.0753196e-02  3.4176201e-01]
 [ 2.2750580e-01  1.0586622e-01  1.0764882e-01]
 [ 3.8151214e-01  1.1419341e-01  1.3765693e-04]
 [ 6.6352233e-02 -3.1515956e-03  6.5594965e-01]
 [ 1.3821745e-01 -1.9557238e-02  9.0543014e-01]
 [ 2.4860173e-01 -6.4757884e-02  9.8563921e-01]
 [ 2.0817228e-01 -5.6802094e-02  1.1020286e+00]
 [ 6.5717295e-02  9.7554028e-02  8.5633975e-01]
 [-1.5934727e-01  2.2017291e-01  8.3118385e-01]
 [-2.5208300e-01  4.0622550e-01  6.7736638e-01]
 [ 1.6587621e-01 -1.6451794e-01  8.6085200e-01]
 [ 1.8582973e-01 -3.5162681e-01  6.5574110e-01]
 [ 3.8142499e-01 -2.0935698e-01  7.3486471e-01]]
[[ 0.          0.          0.45100987]
 [ 0.00137456 -0.09962547  0.43714875]
 [-0.04808562  0.11306673  0.18509504]
 [-0.3663333   0.31075397  0.21099868]
 [-0.3768043   0.43636936  0.12307596]
 [-0.00142148  0.09943172  0.46427327]
 [ 0.34231022  0.10361502  0.3410641 ]
 [ 0.4132058   0.21600138  0.04104939]
 [ 0.5934912   0.21141508  0.        ]
 [ 0.05555616 -0.00301093  0.6653888 ]
 [ 0.12759978  0.00172824  0.91136056]
 [ 0.23349644 -0.03355396  0.99069756]
 [ 0.19151738 -0.02909935  1.1045948 ]
 [ 0.04296115  0.10847318  0.85513896]
 [-0.19051263  0.20758998  0.8256676 ]
 [-0.24638543  0.3997742   0.66975117]
 [ 0.16974938 -0.1390183   0.88074815]
 [ 0.1890674  -0.3317607   0.6941483 ]
 [ 0.3755469  -0.17038208  0.765646  ]]
[[ 0.          0.          0.47843307]
 [ 0.0129305  -0.10188179  0.46509767]
 [-0.03735165  0.06903297  0.18339509]
 [-0.41884255  0.18493515  0.3037809 ]
 [-0.48854923  0.32506502  0.26872176]
 [-0.01283969  0.10163921  0.49123603]
 [ 0.3232478   0.2054669   0.31713337]
 [ 0.46609485  0.35037854  0.00405043]
 [ 0.6467252   0.3448513   0.        ]
 [ 0.05268413  0.01912977  0.68679595]
 [ 0.13079499  0.04814216  0.92427385]
 [ 0.23138386  0.01469338  1.0020037 ]
 [ 0.19485588  0.01611406  1.1152658 ]
 [ 0.04359695  0.15409517  0.85964483]
 [-0.17709854  0.22643664  0.763715  ]
 [-0.16630638  0.37951705  0.5783073 ]
 [ 0.17399935 -0.09336042  0.9014318 ]
 [ 0.14782873 -0.2822463   0.7248231 ]
 [ 0.32982638 -0.1130932   0.70696867]]
[[ 0.00000000e+00  0.00000000e+00  5.37254095e-01]
 [ 1.70956627e-02 -1.07597597e-01  5.24162352e-01]
 [-4.59680893e-03 -5.31673431e-05  2.21930891e-01]
 [-4.03606415e-01  6.27644807e-02  3.80752921e-01]
 [-4.85838950e-01  2.08329171e-01  3.73811275e-01]
 [-1.69497244e-02  1.07390486e-01  5.49921930e-01]
 [ 2.83369333e-01  2.50832200e-01  3.32531512e-01]
 [ 3.86407316e-01  4.15857881e-01  1.13834143e-02]
 [ 5.69304168e-01  4.12032962e-01  0.00000000e+00]
 [ 4.86456007e-02  3.80597413e-02  7.38729000e-01]
 [ 1.26789331e-01  8.48228037e-02  9.72496390e-01]
 [ 2.31599346e-01  5.20092845e-02  1.05174506e+00]
 [ 1.97956353e-01  6.09601736e-02  1.16829324e+00]
 [ 4.29771580e-02  1.98712617e-01  9.00628448e-01]
 [-1.23406827e-01  2.74543136e-01  7.44805574e-01]
 [-3.03150415e-02  3.99072409e-01  5.57220221e-01]
 [ 1.65007889e-01 -6.26285672e-02  9.51172709e-01]
 [ 9.95354056e-02 -2.40725338e-01  7.75449753e-01]
 [ 2.48389840e-01 -1.02971196e-01  6.72659993e-01]]
[[ 0.          0.          0.5477195 ]
 [ 0.02859807 -0.11493228  0.53783965]
 [ 0.23255071 -0.06020814  0.27598074]
 [-0.20866647 -0.11282991  0.37964445]
 [-0.2810467  -0.00202276  0.31807703]
 [-0.02829321  0.11499661  0.5575095 ]
 [ 0.17608424  0.4127896   0.3025098 ]
 [ 0.12425312  0.6011819   0.05846015]
 [ 0.31014466  0.5930544   0.        ]
 [ 0.05692358  0.05578996  0.7380335 ]
 [ 0.13944127  0.11927497  0.96733123]
 [ 0.24679485  0.09038103  1.0507565 ]
 [ 0.22459707  0.10230994  1.1693115 ]
 [ 0.07741968  0.24801812  0.8789742 ]
 [ 0.09484591  0.32040602  0.66488445]
 [ 0.31907624  0.37197375  0.60017216]
 [ 0.16001213 -0.03830966  0.9603764 ]
 [ 0.0040632  -0.16797465  0.7934878 ]
 [ 0.08366717 -0.01934524  0.6711422 ]]
[[ 0.          0.          0.46749368]
 [ 0.01442216 -0.11577658  0.46489045]
 [ 0.40303558  0.01537051  0.37824774]
 [ 0.09821105 -0.034935    0.17883968]
 [ 0.20008907 -0.00262907  0.04506263]
 [-0.01411754  0.11603981  0.4703007 ]
 [-0.01151207  0.4078223   0.22229302]
 [-0.21895501  0.58766454  0.11592922]
 [-0.13881612  0.61975724  0.        ]
 [ 0.0427075   0.01995371  0.65651405]
 [ 0.1025521   0.0388352   0.8878139 ]
 [ 0.2148039  -0.00540403  0.97224224]
 [ 0.18298563 -0.00197631  1.0824008 ]
 [ 0.10881512  0.17656648  0.8140354 ]
 [ 0.2685317   0.26423347  0.6471982 ]
 [ 0.4547634   0.28466672  0.75739217]
 [ 0.05238052 -0.11609018  0.88536936]
 [-0.16580144 -0.24961936  0.918735  ]
 [-0.1593729  -0.14439271  0.81534994]]
[[ 0.          0.          0.46626338]
 [ 0.00552262 -0.1144532   0.46573684]
 [ 0.39729762  0.00697979  0.3990762 ]
 [ 0.30339792 -0.02863529  0.07224232]
 [ 0.4614275  -0.00562668  0.        ]
 [-0.00524258  0.11469001  0.4672125 ]
 [-0.05771992  0.38239533  0.21555272]
 [-0.3266214   0.5625809   0.19829202]
 [-0.34886312  0.59717655  0.08243757]
 [ 0.03985041  0.01536618  0.6605245 ]
 [ 0.09030434  0.0148524   0.89405197]
 [ 0.20976657 -0.04686636  0.96587783]
 [ 0.18184969 -0.03238308  1.0799714 ]
 [ 0.11915926  0.14746502  0.8262247 ]
 [ 0.28021753  0.20985253  0.67325175]
 [ 0.4276467   0.23991668  0.82535577]
 [ 0.01796096 -0.1231479   0.8905119 ]
 [-0.21099426 -0.24262431  0.92746055]
 [-0.19207487 -0.15487756  0.81658864]]
[[ 0.          0.          0.4504335 ]
 [ 0.00926305 -0.11749344  0.44778794]
 [ 0.3779893   0.05235981  0.34335226]
 [ 0.43452635  0.04883194  0.01385993]
 [ 0.6097994   0.06304732  0.        ]
 [-0.00908113  0.11768504  0.45366323]
 [-0.04371093  0.30149642  0.15696615]
 [-0.37185693  0.4086076   0.26283634]
 [-0.4506744   0.45523927  0.1970312 ]
 [ 0.04150497  0.00466585  0.64930224]
 [ 0.08839302 -0.01886511  0.882946  ]
 [ 0.21687375 -0.08972931  0.9507876 ]
 [ 0.18780601 -0.07245082  1.0658065 ]
 [ 0.11600835  0.11306345  0.8222654 ]
 [ 0.23690072  0.25118223  0.65815634]
 [ 0.41939867  0.29968062  0.7526899 ]
 [ 0.01988739 -0.15125036  0.86937606]
 [-0.21663785 -0.25678033  0.8486889 ]
 [-0.19179155 -0.22382621  0.7124609 ]]
[[ 0.          0.          0.47898513]
 [ 0.01224821 -0.11876687  0.47548375]
 [ 0.35795784  0.10803171  0.32676798]
 [ 0.4599349   0.16804972  0.02010295]
 [ 0.64500755  0.20224404  0.        ]
 [-0.01212786  0.11887227  0.48307204]
 [-0.00198351  0.18943235  0.15396434]
 [-0.38887218  0.12901488  0.32006633]
 [-0.5057543   0.16842882  0.2953731 ]
 [ 0.05718976  0.00760788  0.67938066]
 [ 0.11323749 -0.0268465   0.91377056]
 [ 0.24843854 -0.10181698  0.98229206]
 [ 0.21597509 -0.08275628  1.0989394 ]
 [ 0.12574564  0.1061191   0.86178493]
 [ 0.17641884  0.26908067  0.667835  ]
 [ 0.37551787  0.38188615  0.63522935]
 [ 0.05619535 -0.16036475  0.88960385]
 [-0.16514833 -0.25884557  0.7856868 ]
 [-0.12375209 -0.27479744  0.6236304 ]]
[[ 0.          0.          0.5013598 ]
 [ 0.00248252 -0.1190846   0.49971786]
 [ 0.28740478  0.17808554  0.32939655]
 [ 0.2903402   0.30525362  0.04966259]
 [ 0.48631817  0.36171776  0.        ]
 [-0.00239582  0.11912737  0.50340515]
 [ 0.1276395   0.07709253  0.18494016]
 [-0.28149858 -0.10372737  0.33611807]
 [-0.41207725 -0.07204127  0.32603115]
 [ 0.07006328  0.0237046   0.69312894]
 [ 0.13417272 -0.02100098  0.9269367 ]
 [ 0.27185443 -0.09849605  1.0054594 ]
 [ 0.23207825 -0.0771597   1.1216519 ]
 [ 0.13664147  0.11552703  0.87489593]
 [ 0.0904414   0.28454256  0.6829591 ]
 [ 0.16857828  0.48183623  0.5164216 ]
 [ 0.08416541 -0.15635443  0.88131   ]
 [-0.04314078 -0.25490725  0.6496477 ]
 [ 0.10723898 -0.30614403  0.52021843]]
[[ 0.          0.          0.42626616]
 [-0.01606162 -0.10367866  0.41155452]
 [ 0.04404606  0.1140348   0.19685456]
 [-0.12458521  0.34350014  0.08701304]
 [ 0.01634496  0.40855473  0.        ]
 [ 0.01600705  0.10362438  0.44063726]
 [ 0.33941975  0.06033972  0.3041482 ]
 [ 0.08174382  0.06138146  0.25134236]
 [ 0.13636366  0.07465181  0.10876679]
 [ 0.06487719  0.00353394  0.6339816 ]
 [ 0.12953481 -0.02636608  0.878256  ]
 [ 0.24747233 -0.09067684  0.96217024]
 [ 0.21603212 -0.0824278   1.0746009 ]
 [ 0.0968283   0.09686431  0.8315871 ]
 [-0.07118882  0.22589812  0.76374114]
 [-0.15558162  0.39749178  0.577541  ]
 [ 0.11706302 -0.1698419   0.8266622 ]
 [ 0.10646042 -0.33811817  0.6006164 ]
 [ 0.33383483 -0.23574612  0.6239938 ]]
[[ 0.          0.          0.39095542]
 [-0.01346385 -0.09685947  0.3755198 ]
 [-0.03462426  0.12672983  0.1638296 ]
 [-0.27233607  0.3651649   0.1354618 ]
 [-0.22080478  0.45799607  0.02092519]
 [ 0.01338401  0.09672544  0.40582162]
 [ 0.3599679   0.04556045  0.31385946]
 [ 0.28622448  0.12853064  0.09838459]
 [ 0.43867913  0.13014293  0.        ]
 [ 0.06143068 -0.00181094  0.6036879 ]
 [ 0.12758009 -0.01363182  0.8518971 ]
 [ 0.23883703 -0.06176794  0.9327204 ]
 [ 0.20342696 -0.05722332  1.0468707 ]
 [ 0.06834012  0.10446703  0.7999339 ]
 [-0.14231151  0.22822481  0.7706051 ]
 [-0.22155958  0.40316063  0.60298383]
 [ 0.14805716 -0.15896055  0.81132704]
 [ 0.16212755 -0.34955215  0.608295  ]
 [ 0.36438856 -0.22008759  0.67380023]]
[[ 0.          0.          0.41118747]
 [-0.00166689 -0.09992459  0.39670777]
 [-0.0449298   0.09896371  0.15190452]
 [-0.38977474  0.28091952  0.23041889]
 [-0.42343038  0.40445298  0.15243569]
 [ 0.00167693  0.09974616  0.4250757 ]
 [ 0.3658923   0.14651042  0.32126862]
 [ 0.44830447  0.2671422   0.03537729]
 [ 0.6264427   0.26456526  0.        ]
 [ 0.05541983  0.00552492  0.61879   ]
 [ 0.12833926  0.02420083  0.85875046]
 [ 0.23261791 -0.0164631   0.93734217]
 [ 0.1955454  -0.0136047   1.0500301 ]
 [ 0.05271389  0.13099283  0.800481  ]
 [-0.17417392  0.2213602   0.7485338 ]
 [-0.1898542   0.40950972  0.5819706 ]
 [ 0.16468695 -0.12094632  0.827749  ]
 [ 0.16559696 -0.31963536  0.64556515]
 [ 0.35175014 -0.14421678  0.6738073 ]]
[[ 0.          0.          0.44596505]
 [ 0.00522584 -0.10373808  0.43062297]
 [-0.02223416  0.06895727  0.1594516 ]
 [-0.4120727   0.19405933  0.29565024]
 [-0.47621447  0.33059606  0.23940617]
 [-0.00515062  0.10355671  0.46079624]
 [ 0.33703637  0.21053267  0.30514607]
 [ 0.45334405  0.3649557   0.01205826]
 [ 0.64083385  0.3555969   0.        ]
 [ 0.05649652  0.02993692  0.64766574]
 [ 0.13732865  0.06983182  0.88008386]
 [ 0.24103048  0.02234489  0.9606492 ]
 [ 0.20093852  0.03139633  1.0725412 ]
 [ 0.06530124  0.1795378   0.8190651 ]
 [-0.13237235  0.26573724  0.7201222 ]
 [-0.08352421  0.42429549  0.5380511 ]
 [ 0.16641815 -0.07962233  0.85367596]
 [ 0.12081161 -0.28568473  0.6918037 ]
 [ 0.2905848  -0.11359341  0.6343459 ]]
[[ 0.          0.          0.50721127]
 [ 0.0100789  -0.10976212  0.49466306]
 [ 0.06121428 -0.01758173  0.2151491 ]
 [-0.3541929   0.05012092  0.37547797]
 [-0.43155894  0.1945691   0.32791528]
 [-0.00989704  0.10965194  0.5193987 ]
 [ 0.27637905  0.2787611   0.30972505]
 [ 0.3316533   0.47153354  0.03491685]
 [ 0.51702416  0.46354687  0.        ]
 [ 0.05507375  0.04944637  0.7026595 ]
 [ 0.14178735  0.11348021  0.92948335]
 [ 0.24788857  0.06694937  1.0143654 ]
 [ 0.21111014  0.08124638  1.1273642 ]
 [ 0.07434765  0.22967002  0.85504156]
 [-0.02929647  0.33425683  0.685154  ]
 [ 0.12852086  0.45900422  0.5306226 ]
 [ 0.16126734 -0.04328176  0.9148478 ]
 [ 0.07149589 -0.22443497  0.74860084]
 [ 0.17369509 -0.10114197  0.62914157]]
[[ 0.          0.          0.4796607 ]
 [ 0.02035592 -0.11433633  0.4731983 ]
 [ 0.3121808  -0.04892884  0.28402072]
 [-0.1032766  -0.10474111  0.28606212]
 [-0.13738063 -0.03891525  0.18980902]
 [-0.02002437  0.11451725  0.48613754]
 [ 0.15065593  0.45731613  0.24611734]
 [ 0.02336165  0.68656325  0.0852313 ]
 [ 0.18123294  0.6909143   0.        ]
 [ 0.05475375  0.05011329  0.66175663]
 [ 0.13084671  0.10356238  0.8841578 ]
 [ 0.24240096  0.05993778  0.96956694]
 [ 0.21178485  0.07343107  1.0832771 ]
 [ 0.10485834  0.23689973  0.80750346]
 [ 0.18253195  0.34408805  0.61064243]
 [ 0.41542548  0.39392793  0.6356045 ]
 [ 0.11398824 -0.05701211  0.8762169 ]
 [-0.05984303 -0.19971581  0.8044515 ]
 [-0.04423601 -0.0530754   0.68347526]]
[[ 0.00000000e+00  0.00000000e+00  4.33171093e-01]
 [ 4.71494719e-03 -1.20507546e-01  4.26744163e-01]
 [ 3.95179719e-01 -1.33869350e-02  3.61416161e-01]
 [ 1.85136765e-01 -4.15810943e-02  9.38951373e-02]
 [ 3.39951038e-01 -2.82537937e-02  0.00000000e+00]
 [-4.42584604e-03  1.20757520e-01  4.39989328e-01]
 [ 2.13032961e-02  4.28081781e-01  1.78615391e-01]
 [-2.33092248e-01  6.34739280e-01  1.40661836e-01]
 [-2.15939164e-01  6.72784984e-01  2.67559290e-02]
 [ 2.97587700e-02  8.05667043e-03  6.27231538e-01]
 [ 7.66241252e-02  1.64791048e-02  8.62048626e-01]
 [ 1.94481522e-01 -5.05323708e-02  9.33076799e-01]
 [ 1.55183613e-01 -3.34640741e-02  1.04385972e+00]
 [ 1.10275984e-01  1.50256127e-01  7.92834044e-01]
 [ 2.58411735e-01  2.34311923e-01  6.31357789e-01]
 [ 4.18474823e-01  2.48618722e-01  7.69374788e-01]
 [-4.20652330e-04 -1.25533968e-01  8.64318192e-01]
 [-2.19481722e-01 -2.45543897e-01  8.99487436e-01]
 [-1.87140852e-01 -1.28494412e-01  7.97411799e-01]]
[[ 0.00000000e+00  0.00000000e+00  4.18546081e-01]
 [-3.08874995e-04 -1.19464360e-01  4.16112691e-01]
 [ 3.76948357e-01 -2.27141976e-02  3.45629275e-01]
 [ 3.49122167e-01 -5.29063642e-02  4.16462719e-02]
 [ 5.18281341e-01 -4.48739231e-02  0.00000000e+00]
 [ 5.78779727e-04  1.19682327e-01  4.21532035e-01]
 [ 2.08313391e-02  3.70972723e-01  1.45186901e-01]
 [-2.78136790e-01  5.75073719e-01  1.92944065e-01]
 [-3.33851874e-01  6.25316858e-01  1.01944417e-01]
 [ 2.95641609e-02  7.11131096e-03  6.14619732e-01]
 [ 6.68843761e-02 -4.71782684e-03  8.46651256e-01]
 [ 1.88263714e-01 -7.76216090e-02  9.14103627e-01]
 [ 1.51962519e-01 -6.05235100e-02  1.02552819e+00]
 [ 1.11992948e-01  1.19927496e-01  7.86971688e-01]
 [ 2.28592455e-01  1.96831197e-01  6.27373517e-01]
 [ 3.81681800e-01  2.38317877e-01  7.57696331e-01]
 [-1.93929262e-02 -1.32138729e-01  8.40135276e-01]
 [-2.53693521e-01 -2.43713379e-01  8.60354722e-01]
 [-2.26280734e-01 -1.75126001e-01  7.39532232e-01]]
[[ 0.00000000e+00  0.00000000e+00  4.06079322e-01]
 [ 7.12633133e-04 -1.21372044e-01  4.03256118e-01]
 [ 3.53098512e-01 -1.63006335e-02  3.06548029e-01]
 [ 4.02140200e-01 -1.60622597e-02  1.47669613e-02]
 [ 5.79501748e-01 -1.83707178e-02  0.00000000e+00]
 [-4.81594354e-04  1.21553898e-01  4.09578115e-01]
 [ 5.01186997e-02  3.23098332e-01  1.21301681e-01]
 [-2.76178539e-01  5.01783669e-01  2.09398463e-01]
 [-3.53108943e-01  5.46735644e-01  1.28693312e-01]
 [ 2.57226452e-02 -4.42080200e-03  6.00125730e-01]
 [ 5.99273220e-02 -3.19851935e-02  8.30478668e-01]
 [ 1.89009577e-01 -1.10339999e-01  9.01370525e-01]
 [ 1.48231745e-01 -9.14307237e-02  1.01249945e+00]
 [ 1.04618341e-01  9.26850140e-02  7.77886927e-01]
 [ 1.77226812e-01  2.06311539e-01  6.09797239e-01]
 [ 3.51306856e-01  2.71707505e-01  6.91276789e-01]
 [-2.60344595e-02 -1.54994130e-01  8.12833786e-01]
 [-2.53301769e-01 -2.54689485e-01  7.90485442e-01]
 [-2.03077644e-01 -1.78647503e-01  6.36181831e-01]]
[[ 0.          0.          0.44291708]
 [-0.01000346 -0.1239427   0.43858355]
 [ 0.26676685  0.06324951  0.26806265]
 [ 0.29947677  0.16900295  0.02531579]
 [ 0.49600393  0.18036973  0.        ]
 [ 0.01013546  0.12411839  0.44774723]
 [ 0.23111165  0.19950177  0.16071492]
 [-0.11597924  0.3578824   0.24965301]
 [-0.13701823  0.39832205  0.11768997]
 [ 0.02757676 -0.00868924  0.6315177 ]
 [ 0.05640022 -0.05887824  0.861218  ]
 [ 0.17617622 -0.13151425  0.9526502 ]
 [ 0.12682912 -0.11446464  1.0539428 ]
 [ 0.07609813  0.0771682   0.816932  ]
 [ 0.07558563  0.27079466  0.6518333 ]
 [ 0.2120574   0.45810834  0.51676404]
 [-0.00332306 -0.19076964  0.8157667 ]
 [-0.14454207 -0.24519879  0.59469634]
 [-0.08216393 -0.29188243  0.39877167]]
[[ 0.00000000e+00  0.00000000e+00  4.28501546e-01]
 [-2.68437006e-02 -1.15228534e-01  4.18782115e-01]
 [ 1.15323573e-01  4.17150557e-02  1.94785058e-01]
 [-1.08057410e-01  2.72083193e-01  8.20875168e-02]
 [ 2.85674557e-02  3.40206861e-01  0.00000000e+00]
 [ 2.68365722e-02  1.15228146e-01  4.38007772e-01]
 [ 3.38800728e-01  5.66946566e-02  2.51886904e-01]
 [ 1.95392340e-01  2.04717010e-01  1.14783943e-01]
 [ 3.39176059e-01  2.04035729e-01  1.41257048e-02]
 [ 4.64304276e-02  1.05955899e-02  6.28862023e-01]
 [ 8.99677128e-02 -6.39888644e-03  8.71531844e-01]
 [ 1.91170007e-01 -7.11759031e-02  9.76057649e-01]
 [ 1.42394394e-01 -5.45344353e-02  1.07719517e+00]
 [ 7.69214034e-02  1.21979386e-01  8.15087080e-01]
 [-5.99164218e-02  2.65392154e-01  7.12491095e-01]
 [-1.06656551e-01  4.32584167e-01  5.22907197e-01]
 [ 5.80705255e-02 -1.56000167e-01  8.28505695e-01]
 [-4.03746963e-04 -2.96913147e-01  5.91659307e-01]
 [ 2.16638029e-01 -2.22894311e-01  5.40654719e-01]]
[[ 0.          0.          0.3833711 ]
 [-0.02048186 -0.1034847   0.3680632 ]
 [-0.00706913  0.09328113  0.17192265]
 [-0.32537335  0.31636015  0.13901708]
 [-0.27469808  0.41269284  0.03999263]
 [ 0.02036673  0.10334907  0.39814916]
 [ 0.35360396  0.06348498  0.2359519 ]
 [ 0.4639668   0.12539673  0.00379312]
 [ 0.6461184   0.09327096  0.        ]
 [ 0.02631033 -0.00407408  0.5881336 ]
 [ 0.06411682  0.00868082  0.8345879 ]
 [ 0.15436108 -0.03640693  0.9326183 ]
 [ 0.0968644  -0.02289528  1.0363054 ]
 [ 0.01556985  0.12895018  0.77638364]
 [-0.18301976  0.25951666  0.71642876]
 [-0.21284717  0.4239947   0.52136403]
 [ 0.07558117 -0.1440683   0.8029691 ]
 [ 0.07865265 -0.34558675  0.61305594]
 [ 0.28736988 -0.21048796  0.63356674]]
[[ 0.00000000e+00  0.00000000e+00  3.92007411e-01]
 [-1.79063939e-02 -9.72890481e-02  3.79192114e-01]
 [-4.69248593e-02  1.07996099e-01  1.85367718e-01]
 [-3.85089874e-01  3.19228381e-01  1.81191936e-01]
 [-3.75675380e-01  4.29768384e-01  9.18422639e-02]
 [ 1.78373735e-02  9.71117467e-02  4.04279709e-01]
 [ 3.34480584e-01  9.62303430e-02  2.17701912e-01]
 [ 5.49682021e-01  1.91947579e-01  0.00000000e+00]
 [ 7.23486543e-01  1.63355023e-01  2.57266760e-02]
 [ 1.45920040e-02  3.00817192e-03  6.02086902e-01]
 [ 4.46971245e-02  3.29689682e-02  8.48488927e-01]
 [ 1.28590673e-01 -1.01327896e-05  9.41597342e-01]
 [ 6.55266121e-02  1.20456815e-02  1.04425359e+00]
 [-1.15739852e-02  1.45453691e-01  7.80968189e-01]
 [-2.17904568e-01  2.54148722e-01  7.11018085e-01]
 [-2.30719924e-01  3.96869361e-01  5.00526190e-01]
 [ 7.19501227e-02 -1.12961382e-01  8.25642407e-01]
 [ 8.18431377e-02 -3.11913699e-01  6.53501213e-01]
 [ 2.80301571e-01 -1.58681601e-01  6.69599712e-01]]
[[ 0.          0.          0.408762  ]
 [-0.00985876 -0.0928653   0.4007963 ]
 [-0.04536092  0.10137521  0.19574001]
 [-0.41019553  0.28025728  0.22109357]
 [-0.43129462  0.40641806  0.14737728]
 [ 0.00980297  0.09266839  0.41623414]
 [ 0.31392932  0.1371496   0.22485535]
 [ 0.5331763   0.22919321  0.        ]
 [ 0.70395046  0.20054927  0.023177  ]
 [ 0.00323751  0.00568996  0.61995673]
 [ 0.02562139  0.04317179  0.86482203]
 [ 0.10495348  0.01408827  0.9606006 ]
 [ 0.03812928  0.02504599  1.0615464 ]
 [-0.03146089  0.15092653  0.78939724]
 [-0.22516632  0.25286645  0.6946349 ]
 [-0.20139885  0.3732121   0.47808042]
 [ 0.05675834 -0.10323161  0.84622574]
 [ 0.04771785 -0.30443403  0.6804565 ]
 [ 0.24564433 -0.15383685  0.668782  ]]
[[ 0.0000000e+00  0.0000000e+00  4.8217130e-01]
 [ 8.4148087e-03 -9.8112650e-02  4.7862014e-01]
 [ 5.6189373e-02  2.0289049e-02  2.5059229e-01]
 [-3.6729249e-01  1.2014821e-01  3.3797085e-01]
 [-4.5074910e-01  2.7937773e-01  3.0020493e-01]
 [-8.3291493e-03  9.8000914e-02  4.8544329e-01]
 [ 2.3466325e-01  2.5069118e-01  2.6370439e-01]
 [ 4.1610694e-01  4.1137499e-01  2.4311423e-02]
 [ 5.9065193e-01  4.1906750e-01  0.0000000e+00]
 [ 1.0897350e-03  5.4887325e-02  6.8342656e-01]
 [ 2.3030713e-02  1.3406795e-01  9.2159724e-01]
 [ 1.0202883e-01  9.9721909e-02  1.0343984e+00]
 [ 3.6395472e-02  1.1323863e-01  1.1305516e+00]
 [-2.1520540e-02  2.3406768e-01  8.2944262e-01]
 [-1.2432468e-01  2.7476388e-01  6.3246572e-01]
 [ 6.6779360e-02  3.7313113e-01  4.8154563e-01]
 [ 4.7839507e-02 -1.6018927e-02  9.0039527e-01]
 [ 2.2607304e-02 -2.0879063e-01  7.1715242e-01]
 [ 1.9385731e-01 -6.2007099e-02  6.5614682e-01]]
[[ 0.          0.          0.53820384]
 [-0.00541254 -0.10394104  0.5433526 ]
 [ 0.28937042 -0.15439382  0.41078103]
 [-0.07317045 -0.14672676  0.38733113]
 [-0.1102768  -0.07938054  0.27098548]
 [ 0.00564907  0.10408039  0.5331453 ]
 [ 0.14294106  0.37958285  0.2293117 ]
 [ 0.12163766  0.59700036  0.07473102]
 [ 0.28973332  0.59663606  0.        ]
 [ 0.02722555  0.06912589  0.71913064]
 [ 0.06151614  0.131805    0.94368565]
 [ 0.156155    0.06775224  1.0556946 ]
 [ 0.10409302  0.0973925   1.1515745 ]
 [ 0.0858051   0.24796003  0.85800433]
 [ 0.19272937  0.3114526   0.65298575]
 [ 0.4044658   0.29309478  0.6586911 ]
 [ 0.01601116 -0.02253005  0.9340737 ]
 [-0.09261078 -0.21046326  0.79851955]
 [ 0.04248751 -0.09906793  0.7245505 ]]
[[ 0.          0.          0.5489099 ]
 [-0.04502239 -0.09095565  0.55078894]
 [ 0.33310896 -0.27084613  0.50704145]
 [ 0.14756    -0.3310778   0.24077392]
 [ 0.24573603 -0.38086885  0.15026951]
 [ 0.04533243  0.09109881  0.5474956 ]
 [-0.00324748  0.3205188   0.3104623 ]
 [-0.09402826  0.5489382   0.14006463]
 [-0.018911    0.58368737  0.        ]
 [ 0.02820538  0.0251656   0.74592996]
 [ 0.06049378  0.02984533  0.98256874]
 [ 0.17267673 -0.06008428  1.0664192 ]
 [ 0.13508336 -0.01715302  1.165112  ]
 [ 0.14648327  0.12219438  0.90788895]
 [ 0.27878562  0.14177075  0.73923993]
 [ 0.39439583  0.042143    0.7652588 ]
 [-0.0602987  -0.07769358  0.9843193 ]
 [-0.24261281 -0.22821526  0.9008637 ]
 [-0.17464922 -0.23154627  0.80039096]]
[[ 0.          0.          0.5539484 ]
 [-0.02698088 -0.10452789  0.55885464]
 [ 0.28394133 -0.29242718  0.462901  ]
 [ 0.37185615 -0.46365795  0.12898946]
 [ 0.53142256 -0.51332325  0.15104142]
 [ 0.02726991  0.10461216  0.54985017]
 [-0.05373766  0.23105854  0.26473787]
 [-0.28539312  0.3615137   0.12832767]
 [-0.30304778  0.42107755  0.        ]
 [ 0.04006631  0.01980266  0.75440615]
 [ 0.08540103  0.00516012  0.98810184]
 [ 0.20812225 -0.07911327  1.0613246 ]
 [ 0.15901917 -0.03711754  1.1580858 ]
 [ 0.16604188  0.09029025  0.9129693 ]
 [ 0.29326916  0.03149843  0.7554197 ]
 [ 0.39153522 -0.03992945  0.8643771 ]
 [-0.03782491 -0.08236653  0.9916165 ]
 [-0.25457004 -0.18872663  0.99174976]
 [-0.32837862 -0.11079386  0.9766935 ]]
[[ 0.          0.          0.5440079 ]
 [-0.02335955 -0.10290732  0.5500667 ]
 [ 0.27254498 -0.2847691   0.4346823 ]
 [ 0.40990698 -0.44129598  0.10990629]
 [ 0.564842   -0.4881087   0.1411286 ]
 [ 0.02364214  0.1029451   0.53876746]
 [-0.06013437  0.19095993  0.24906012]
 [-0.31490496  0.29935294  0.12799275]
 [-0.3311776   0.36273533  0.        ]
 [ 0.04494976  0.02526461  0.7488974 ]
 [ 0.09727466  0.01725563  0.9836141 ]
 [ 0.2216602  -0.06608635  1.0557196 ]
 [ 0.1731334  -0.02356821  1.1513937 ]
 [ 0.17658588  0.0995774   0.9045373 ]
 [ 0.29495153  0.04794571  0.7379945 ]
 [ 0.40821427 -0.01220208  0.825109  ]
 [-0.02542903 -0.06923279  0.990286  ]
 [-0.24991167 -0.16610652  0.9945329 ]
 [-0.33634153 -0.09057879  0.9889482 ]]
[[ 0.          0.          0.49782157]
 [-0.01260841 -0.1043223   0.50249517]
 [ 0.2620191  -0.24357307  0.33686042]
 [ 0.4099645  -0.41146833  0.00138643]
 [ 0.5778858  -0.4492558   0.01832294]
 [ 0.01287781  0.10434674  0.49396068]
 [-0.04393992  0.16795586  0.15729558]
 [-0.3268618   0.25151998  0.11515933]
 [-0.36608562  0.30356732  0.        ]
 [ 0.04932746  0.03472233  0.70438296]
 [ 0.10499588  0.03648457  0.93975824]
 [ 0.23345146 -0.04388511  1.014642  ]
 [ 0.1822339  -0.00587028  1.1097386 ]
 [ 0.18156326  0.11649194  0.85344625]
 [ 0.2765519   0.1028      0.6560436 ]
 [ 0.4322065   0.08291085  0.66748   ]
 [-0.01078945 -0.04778647  0.9522772 ]
 [-0.23356    -0.14762601  0.96989655]
 [-0.32166827 -0.08069938  0.9834657 ]]
[[ 0.          0.          0.66753006]
 [ 0.00238376 -0.09686555  0.6655466 ]
 [ 0.25474527 -0.04257447  0.42744896]
 [ 0.30409092 -0.18241543  0.07486272]
 [ 0.4836378  -0.14182198  0.        ]
 [-0.00225197  0.09696175  0.67005795]
 [-0.00190531  0.05855724  0.29542243]
 [-0.35945746  0.06579077  0.36600098]
 [-0.45918757  0.10546854  0.25319272]
 [ 0.03754278  0.05459797  0.87099516]
 [ 0.0829225   0.08347175  1.1099898 ]
 [ 0.20801565  0.00767392  1.2110611 ]
 [ 0.13877615  0.04271477  1.3003161 ]
 [ 0.14662647  0.15851647  1.0114604 ]
 [ 0.19173281  0.17381069  0.7542517 ]
 [ 0.26918018  0.27285475  0.58606136]
 [-0.01297283 -0.01246071  1.1293173 ]
 [-0.21131405 -0.1512216   1.206747  ]
 [-0.2829208  -0.13004488  1.2879568 ]]
[[ 0.          0.          0.7280198 ]
 [ 0.00513232 -0.07324691  0.73512965]
 [ 0.14223903  0.09340283  0.45530623]
 [ 0.0966118   0.12468317  0.12342709]
 [ 0.2033571   0.23436356  0.        ]
 [-0.00511183  0.07333418  0.7210551 ]
 [ 0.04979075 -0.08331865  0.37335426]
 [-0.34403026 -0.12574881  0.44898027]
 [-0.4670322  -0.0977976   0.3427472 ]
 [ 0.01806922  0.08008038  0.92733204]
 [ 0.03642757  0.13336909  1.1707233 ]
 [ 0.13071957  0.07883334  1.2907052 ]
 [ 0.04708704  0.11700594  1.3774567 ]
 [ 0.06807655  0.21304992  1.0568595 ]
 [ 0.05899587  0.30331185  0.80599177]
 [ 0.087253    0.43129024  0.59621084]
 [-0.02536428  0.02793062  1.1927235 ]
 [-0.17740405 -0.11677507  1.3191919 ]
 [-0.25971577 -0.19033909  1.4672588 ]]
[[ 0.00000000e+00  0.00000000e+00  5.96897602e-01]
 [-4.59726900e-04 -6.96271881e-02  5.99968672e-01]
 [ 3.15953754e-02  1.06021509e-01  3.07373524e-01]
 [-1.85195297e-01  2.25906968e-01  1.11759663e-01]
 [-1.48272395e-01  3.38797927e-01  0.00000000e+00]
 [ 3.41905281e-04  6.95788786e-02  5.93658745e-01]
 [ 1.59956247e-01 -1.54210314e-01  3.22800100e-01]
 [-2.38523543e-01 -2.06198156e-01  2.86853313e-01]
 [-3.01221073e-01 -2.10644394e-01  1.55486733e-01]
 [-1.93771720e-03  7.10044205e-02  7.97679186e-01]
 [-5.49481809e-03  1.22356772e-01  1.04242110e+00]
 [ 6.78079575e-02  9.92961526e-02  1.16737556e+00]
 [-2.73440853e-02  1.26008987e-01  1.24534321e+00]
 [-2.25279182e-02  2.13910878e-01  9.24159229e-01]
 [-9.17910784e-02  3.14015895e-01  7.07529008e-01]
 [-1.00316554e-01  4.87090707e-01  5.27358949e-01]
 [-1.15615912e-02  7.35071301e-03  1.07309651e+00]
 [-9.67108905e-02 -1.09088778e-01  1.27412951e+00]
 [-1.50379956e-01 -1.92825377e-01  1.44270766e+00]]
[[ 0.          0.          0.50048995]
 [-0.01628016 -0.08038521  0.496659  ]
 [-0.1138283   0.00905699  0.21738642]
 [-0.45044112  0.08626822  0.22276577]
 [-0.48560733  0.18837352  0.12516332]
 [ 0.01609996  0.08016349  0.5039697 ]
 [ 0.27129403 -0.11234147  0.37248096]
 [ 0.06384294 -0.13843673  0.10429719]
 [ 0.17212962 -0.16616991  0.        ]
 [-0.01895725  0.04702953  0.7150935 ]
 [-0.03628436  0.08745795  0.9646868 ]
 [ 0.03418063  0.08339727  1.0886544 ]
 [-0.07173041  0.09944373  1.1701734 ]
 [-0.07707514  0.18774372  0.85330725]
 [-0.19928604  0.2855468   0.67756104]
 [-0.23835468  0.45775914  0.5366726 ]
 [-0.01134158 -0.04529116  0.98582864]
 [ 0.02695071 -0.2004996   1.1246036 ]
 [ 0.099435   -0.17632431  1.2759652 ]]
[[ 0.          0.          0.4680556 ]
 [-0.01810524 -0.08584935  0.4604774 ]
 [-0.11706306 -0.01364586  0.21221101]
 [-0.46532875 -0.03120205  0.33081162]
 [-0.5485881   0.0945362   0.31581023]
 [ 0.01801846  0.08545639  0.47538123]
 [ 0.30066383 -0.03391697  0.3498149 ]
 [ 0.35328436 -0.13331637  0.        ]
 [ 0.5170909  -0.16422826  0.002132  ]
 [-0.01194804  0.03245872  0.68777674]
 [-0.02644756  0.05827484  0.93952614]
 [ 0.03217681  0.05783671  1.0703692 ]
 [-0.07766701  0.07608414  1.1443765 ]
 [-0.08139595  0.15346467  0.8458773 ]
 [-0.2543774   0.2108297   0.70211864]
 [-0.27700073  0.37170362  0.61606747]
 [ 0.01525738 -0.07419372  0.93852204]
 [ 0.11815935 -0.23839805  0.96173155]
 [ 0.27045727 -0.16141939  1.0677097 ]]
[[ 0.          0.          0.48100483]
 [-0.01421658 -0.08428075  0.47766337]
 [-0.07632748 -0.03176792  0.26533213]
 [-0.40597045 -0.09653427  0.425227  ]
 [-0.49865392  0.03095059  0.45644638]
 [ 0.01423008  0.08381382  0.48425987]
 [ 0.30677167  0.00852789  0.2980743 ]
 [ 0.47904003 -0.09851223  0.        ]
 [ 0.63612854 -0.1340588   0.04455   ]
 [-0.00894914  0.02494074  0.6999033 ]
 [-0.02645909  0.03680637  0.95075595]
 [ 0.02232726  0.03636694  1.0913123 ]
 [-0.09242138  0.05316114  1.152298  ]
 [-0.0779573   0.12775928  0.8722595 ]
 [-0.23428231  0.18765539  0.7649926 ]
 [-0.23314196  0.33624053  0.7401945 ]
 [ 0.02013496 -0.0840368   0.93147206]
 [ 0.14240709 -0.23264432  0.88044024]
 [ 0.33374134 -0.13756889  0.9249782 ]]
[[ 0.          0.          0.5154519 ]
 [-0.01515852 -0.08438569  0.51573426]
 [-0.0383976  -0.08298899  0.33071387]
 [-0.36767483 -0.15947738  0.508217  ]
 [-0.460617   -0.03610003  0.5490174 ]
 [ 0.01518295  0.08392586  0.51510286]
 [ 0.29147953  0.02222282  0.28750044]
 [ 0.47785825 -0.07707357  0.        ]
 [ 0.6317198  -0.11230803  0.04767177]
 [-0.015372    0.01572686  0.73278904]
 [-0.03372997  0.02620688  0.9831095 ]
 [ 0.0048567   0.02661538  1.1286776 ]
 [-0.10899702  0.03851074  1.1804342 ]
 [-0.07556355  0.1136775   0.9175552 ]
 [-0.20737028  0.16468892  0.84493685]
 [-0.14944202  0.32355276  0.901773  ]
 [ 0.00525816 -0.08207989  0.94989073]
 [ 0.11012077 -0.22255298  0.84342194]
 [ 0.3242743  -0.13316989  0.81588966]]
[[ 0.00000000e+00  0.00000000e+00  7.28758216e-01]
 [ 3.26737761e-04 -1.05100363e-01  7.43837297e-01]
 [ 1.50443554e-01 -1.88565940e-01  6.07387424e-01]
 [-2.45949626e-01 -2.23541945e-01  6.73899055e-01]
 [-3.08469266e-01 -1.45413935e-01  6.09035969e-01]
 [-3.96892428e-04  1.04937285e-01  7.13630021e-01]
 [ 2.03201950e-01  6.96435869e-02  3.98789883e-01]
 [ 2.23291874e-01 -6.34967089e-02  4.91338968e-02]
 [ 3.99692893e-01 -5.01517057e-02  0.00000000e+00]
 [-1.83154047e-02  7.31796324e-02  9.39155102e-01]
 [-6.87724650e-02  7.68094659e-02  1.18984163e+00]
 [-3.89227271e-02  7.52912760e-02  1.33803356e+00]
 [-1.24075294e-01  8.57730508e-02  1.38282812e+00]
 [-5.03164083e-02  1.74687296e-01  1.14322448e+00]
 [-8.57906789e-02  3.11637133e-01  1.16137409e+00]
 [ 2.59949416e-02  2.44153321e-01  1.33777666e+00]
 [-7.57976025e-02 -3.15872431e-02  1.13881111e+00]
 [-5.22144884e-03 -1.50534570e-01  9.12587404e-01]
 [ 1.88541979e-01 -7.76986033e-02  7.59358585e-01]]
[[ 0.          0.          0.7769142 ]
 [-0.00428198 -0.11654569  0.790277  ]
 [ 0.21879023 -0.3058619   0.726588  ]
 [-0.08679605 -0.4437298   0.52267504]
 [-0.03704542 -0.45340616  0.39465523]
 [ 0.00408624  0.11669882  0.76381606]
 [ 0.04411144  0.0733951   0.4018321 ]
 [-0.16524264  0.00279576  0.09910542]
 [-0.05743984  0.02795887  0.        ]
 [-0.04160859  0.11160234  0.97740173]
 [-0.12256427  0.126073    1.2227595 ]
 [-0.06707761  0.09051526  1.3622459 ]
 [-0.14685133  0.12612313  1.4141343 ]
 [-0.04265153  0.23191392  1.1930722 ]
 [ 0.10964107  0.3253112   1.2360425 ]
 [ 0.18624663  0.2127924   1.4087446 ]
 [-0.19835734  0.01928124  1.1565295 ]
 [-0.27873942 -0.11873382  0.94932115]
 [-0.30944642 -0.12527186  0.7852733 ]]
[[ 0.          0.          0.5684787 ]
 [-0.01265176 -0.10656255  0.57718563]
 [ 0.20421636 -0.39257044  0.5571956 ]
 [ 0.11361128 -0.6206238   0.21861827]
 [ 0.2736907  -0.64491826  0.17962724]
 [ 0.01253493  0.1066623   0.56053656]
 [-0.01396136  0.09752622  0.18875483]
 [-0.34317172  0.11308131  0.08770028]
 [-0.4042549   0.15601176  0.        ]
 [-0.05030265  0.10146526  0.7690481 ]
 [-0.1278874   0.12805668  1.0166566 ]
 [-0.07417953  0.07939965  1.1496607 ]
 [-0.14062183  0.13022757  1.2070191 ]
 [-0.02810105  0.20459795  0.9855255 ]
 [ 0.10676082  0.20092088  0.9871198 ]
 [ 0.2350587   0.13060087  1.113122  ]
 [-0.22824311  0.0570333   0.9494121 ]
 [-0.39095217 -0.06368449  0.84512067]
 [-0.48939997 -0.03925645  0.8135726 ]]
[[ 0.          0.          0.41780668]
 [-0.01237876 -0.098499    0.4240878 ]
 [ 0.18947294 -0.40139467  0.4135607 ]
 [ 0.25988507 -0.6056      0.1154654 ]
 [ 0.4132905  -0.647274    0.14108443]
 [ 0.01235394  0.09852333  0.41250157]
 [-0.01889637  0.10044184  0.03830135]
 [-0.37092045  0.07077795  0.03490239]
 [-0.4723212   0.12028655  0.        ]
 [-0.04242077  0.09049636  0.61680746]
 [-0.11223072  0.11417821  0.86475253]
 [-0.05531432  0.06445396  0.9946725 ]
 [-0.12403116  0.1162256   1.0539387 ]
 [-0.01816836  0.17719635  0.824373  ]
 [ 0.12699604  0.12495336  0.81514853]
 [ 0.26308194  0.03469512  0.8955031 ]
 [-0.20832978  0.04906324  0.8042091 ]
 [-0.38592    -0.07673895  0.7932039 ]
 [-0.49194625 -0.03738305  0.8459302 ]]
[[ 0.          0.          0.3670585 ]
 [-0.00961974 -0.09814137  0.37242198]
 [ 0.20352343 -0.36938047  0.37340128]
 [ 0.39491123 -0.55346304  0.14048338]
 [ 0.5242729  -0.5921668   0.20911732]
 [ 0.00965242  0.09805439  0.36270994]
 [ 0.01679806  0.09719622  0.        ]
 [-0.3416314   0.00397334  0.05158213]
 [-0.44740844  0.05414766  0.04203635]
 [-0.03242038  0.07575111  0.56462103]
 [-0.08971044  0.08926067  0.8115076 ]
 [-0.02496479  0.04631001  0.9421344 ]
 [-0.09800401  0.09019446  0.99928033]
 [-0.00786135  0.15678495  0.7626538 ]
 [ 0.16009955  0.09515303  0.7452218 ]
 [ 0.30196512 -0.00474459  0.8017111 ]
 [-0.17255306  0.01447323  0.7598513 ]
 [-0.33662558 -0.14431888  0.8319637 ]
 [-0.42809588 -0.12232983  0.9562861 ]]
[[ 0.          0.          0.34124336]
 [-0.00675479 -0.09783484  0.3463121 ]
 [ 0.2275151  -0.34648     0.35927096]
 [ 0.48413038 -0.527658    0.17923078]
 [ 0.5953527  -0.5511261   0.28154907]
 [ 0.00684234  0.09769207  0.33716965]
 [ 0.07834753  0.07835251  0.        ]
 [-0.28026497 -0.01273894  0.06585643]
 [-0.37353212  0.03685272  0.03812474]
 [-0.02009439  0.06596704  0.5375781 ]
 [-0.06328469  0.06782255  0.78593147]
 [ 0.00971034  0.02019662  0.9120505 ]
 [-0.07120413  0.06048149  0.9785265 ]
 [ 0.00382113  0.14009118  0.73258746]
 [ 0.1706773   0.07919085  0.6951262 ]
 [ 0.3467662   0.01112396  0.74034405]
 [-0.13112521 -0.01603916  0.7373935 ]
 [-0.25004587 -0.19169503  0.87720597]
 [-0.28701752 -0.16759354  1.0610582 ]]
[[ 0.00000000e+00  0.00000000e+00  3.07491392e-01]
 [-1.35866143e-02 -1.05261497e-01  3.12355071e-01]
 [ 2.76506901e-01 -3.22832346e-01  3.40829462e-01]
 [ 6.03424191e-01 -4.41380322e-01  2.47432783e-01]
 [ 6.94206476e-01 -4.69795108e-01  3.91613543e-01]
 [ 1.38021149e-02  1.05113521e-01  3.03477257e-01]
 [ 2.65337765e-01  1.16372660e-01  1.43229321e-01]
 [-3.17220613e-02  1.31526932e-01  1.00207165e-01]
 [ 2.03826278e-03  1.53452083e-01  0.00000000e+00]
 [-6.04917109e-03  3.93461436e-02  4.98742342e-01]
 [-1.67657956e-02  4.31269109e-02  7.42786705e-01]
 [ 8.60683843e-02 -2.13904977e-02  8.51146102e-01]
 [-3.64637002e-04  1.96695924e-02  9.40313220e-01]
 [ 3.31340507e-02  1.42091513e-01  6.88394547e-01]
 [ 2.15182602e-01  1.35349602e-01  6.09118342e-01]
 [ 3.71531367e-01  6.32560253e-02  5.64752817e-01]
 [-7.70210773e-02 -6.92862570e-02  6.95505381e-01]
 [ 1.71995908e-03 -2.41291165e-01  8.74764681e-01]
 [ 1.25272751e-01 -1.87178493e-01  1.07651865e+00]]
[[ 0.          0.          0.27386934]
 [-0.00731892 -0.10908326  0.2752101 ]
 [ 0.31266415 -0.302259    0.3021062 ]
 [ 0.677443   -0.33533406  0.26127794]
 [ 0.75391984 -0.37613332  0.4018501 ]
 [ 0.00756235  0.1089596   0.2730756 ]
 [ 0.34038576  0.16521727  0.28179938]
 [ 0.24496792  0.29566315  0.06461743]
 [ 0.40395728  0.2898431   0.        ]
 [ 0.00409557  0.02824451  0.45140415]
 [ 0.01839587  0.04830185  0.68720096]
 [ 0.126927   -0.01460528  0.786094  ]
 [ 0.04615191  0.01711369  0.8794837 ]
 [ 0.03674451  0.16546309  0.62830913]
 [ 0.16846727  0.19455993  0.5088723 ]
 [ 0.32409585  0.2415613   0.4088592 ]
 [-0.01583303 -0.07989153  0.64673805]
 [ 0.18395469 -0.2358653   0.7831816 ]
 [ 0.40086123 -0.17967588  0.94674116]]
[[ 0.          0.          0.16913867]
 [ 0.00316405 -0.10643086  0.16355994]
 [ 0.3538819  -0.2210179   0.18601462]
 [ 0.73339206 -0.12149855  0.13743687]
 [ 0.8329351  -0.15775764  0.2699855 ]
 [-0.00290245  0.10630279  0.17499563]
 [ 0.35489994  0.18747437  0.22218448]
 [ 0.49981412  0.35414195  0.01591334]
 [ 0.65418506  0.3538154   0.        ]
 [ 0.00847392  0.01264402  0.33437103]
 [ 0.0386135   0.04713824  0.55981344]
 [ 0.14983442 -0.01396042  0.6688797 ]
 [ 0.0656074   0.01245064  0.76083344]
 [ 0.01858475  0.16665864  0.48945653]
 [ 0.10366303  0.20704152  0.3085609 ]
 [ 0.22323908  0.35912085  0.18397856]
 [ 0.04307096 -0.09137571  0.53517413]
 [ 0.27075318 -0.1836228   0.5371715 ]
 [ 0.50205356 -0.10962933  0.6500937 ]]
[[ 0.          0.          0.13305706]
 [ 0.01602836 -0.10858461  0.1298255 ]
 [ 0.38842982 -0.1413532   0.16601498]
 [ 0.6837188  -0.00615741  0.05265707]
 [ 0.8190559  -0.027578    0.15450361]
 [-0.01588345  0.10853769  0.13653159]
 [ 0.35170883  0.20168279  0.19638583]
 [ 0.555169    0.3721807   0.        ]
 [ 0.6779042   0.3910584   0.01596186]
 [-0.0131852  -0.0170176   0.27845877]
 [-0.00352265  0.01188216  0.48925507]
 [ 0.09813833 -0.04223239  0.61304486]
 [ 0.00621431 -0.02243704  0.6943553 ]
 [-0.05596037  0.12492287  0.4194031 ]
 [-0.09343567  0.17753793  0.20077725]
 [-0.07711646  0.36525047  0.03496905]
 [ 0.0320342  -0.11737762  0.45526353]
 [ 0.22945401 -0.1825211   0.36496553]
 [ 0.45326132 -0.11447472  0.35755005]]
[[ 0.          0.          0.11951593]
 [ 0.02117307 -0.11244647  0.11594561]
 [ 0.40192997 -0.15158959  0.23599175]
 [ 0.59995514  0.02998231  0.05869564]
 [ 0.7563075   0.04031146  0.14116713]
 [-0.02115716  0.1124706   0.12337043]
 [ 0.3489579   0.2124952   0.23973447]
 [ 0.4476375   0.36548746  0.        ]
 [ 0.5762045   0.38185376  0.0110763 ]
 [-0.05380707 -0.03190342  0.25765488]
 [-0.09415889 -0.03020558  0.46310568]
 [ 0.00392931 -0.08257768  0.5939853 ]
 [-0.09749489 -0.06429213  0.6636766 ]
 [-0.1516045   0.086826    0.39693892]
 [-0.27196014  0.20851387  0.20514452]
 [-0.34106272  0.4197239   0.05448864]
 [-0.04860427 -0.15206844  0.41266143]
 [ 0.10138083 -0.19171806  0.26958305]
 [ 0.2689261  -0.12575066  0.20905884]]
[[ 0.          0.          0.08318713]
 [ 0.02651075 -0.10293538  0.08221166]
 [ 0.37497163 -0.14495288  0.3023178 ]
 [ 0.4728979  -0.00157805  0.10955605]
 [ 0.6083046   0.00851131  0.16894817]
 [-0.02661099  0.10307503  0.08464625]
 [ 0.3108422   0.27243614  0.28903314]
 [ 0.23070407  0.39965725  0.00716993]
 [ 0.3205638   0.4310072   0.        ]
 [-0.10749285 -0.05276246  0.2166269 ]
 [-0.20079844 -0.08138782  0.41546947]
 [-0.1057183  -0.13191706  0.54215777]
 [-0.20126517 -0.13923678  0.5903441 ]
 [-0.25794345  0.03300804  0.355538  ]
 [-0.43764508  0.16981523  0.21842653]
 [-0.5894534   0.37321106  0.13269101]
 [-0.15456755 -0.18172859  0.36459893]
 [-0.11160218 -0.14219226  0.20327565]
 [-0.11916274  0.07029906  0.19669425]]
[[ 0.          0.          0.08192986]
 [ 0.02493756 -0.09961439  0.07740635]
 [ 0.36688507 -0.18402418  0.26716936]
 [ 0.4220226  -0.04064659  0.09964973]
 [ 0.56050956 -0.05084437  0.17876463]
 [-0.02505042  0.09966636  0.08696786]
 [ 0.31936523  0.26455957  0.26577908]
 [ 0.16406135  0.38607535  0.01303196]
 [ 0.2432419   0.43080056  0.        ]
 [-0.13444324 -0.0688098   0.18587288]
 [-0.25840405 -0.12760538  0.3536045 ]
 [-0.16493502 -0.18696302  0.48110712]
 [-0.26409575 -0.18251237  0.52647865]
 [-0.3120296  -0.00598045  0.30733985]
 [-0.44845587  0.1595313   0.17140236]
 [-0.5798607   0.389885    0.1328839 ]
 [-0.2096517  -0.22397815  0.29753703]
 [-0.13710266 -0.20785075  0.15357496]
 [-0.03485342 -0.09745894  0.17097881]]
[[ 0.          0.          0.11739999]
 [ 0.0139182  -0.07788052  0.10488264]
 [ 0.3174597  -0.10893505  0.18425868]
 [ 0.1946593   0.17889139  0.09273069]
 [ 0.48740625  0.09012944  0.2793175 ]
 [-0.0142364   0.07795482  0.13051948]
 [ 0.27759004  0.16046189  0.22532979]
 [ 0.04261259  0.29571688  0.04626852]
 [ 0.02389202  0.37555107  0.        ]
 [-0.14648467 -0.06068688  0.19213134]
 [-0.30853423 -0.16083926  0.31766242]
 [-0.24745469 -0.22144382  0.42801428]
 [-0.31620198 -0.20266354  0.47663996]
 [-0.33239645 -0.03960142  0.28604692]
 [-0.3799581   0.13747981  0.17928171]
 [-0.406806    0.36781237  0.21324986]
 [-0.27898645 -0.25944686  0.26112443]
 [-0.22089216 -0.3706406   0.14690775]
 [-0.10372305 -0.3909706   0.16351455]]
[[ 0.          0.          0.10436238]
 [ 0.01560576 -0.07595763  0.08497702]
 [ 0.33564347 -0.08060563  0.1402572 ]
 [ 0.11419722  0.166877    0.0510875 ]
 [ 0.20378426  0.20616286  0.05902405]
 [-0.01584629  0.07609866  0.12417275]
 [ 0.32812646  0.16185215  0.19793572]
 [ 0.01993325  0.27300638  0.04443742]
 [ 0.05937111  0.28639036  0.        ]
 [-0.15602663 -0.08131599  0.16621296]
 [-0.3268543  -0.17283957  0.28669864]
 [-0.25925112 -0.22384933  0.4188856 ]
 [-0.35919502 -0.20827875  0.4518878 ]
 [-0.33546415 -0.05168928  0.2626918 ]
 [-0.32709464  0.16703194  0.1381003 ]
 [-0.21396178  0.33587867  0.27871102]
 [-0.29666007 -0.2610904   0.21555774]
 [-0.18961154 -0.32891685  0.05599202]
 [ 0.03521803 -0.33829215  0.00474273]]
[[ 0.          0.          0.10467018]
 [-0.02710245 -0.06214132  0.05144816]
 [ 0.30013072 -0.19756982  0.15375006]
 [ 0.20262724  0.15287131  0.05675197]
 [ 0.29951245  0.156294    0.02193502]
 [ 0.02689851  0.06243323  0.15844434]
 [ 0.34067744  0.00236277  0.23230414]
 [ 0.1474165   0.1953596   0.07974914]
 [ 0.16521959  0.1706438   0.        ]
 [-0.15223816 -0.07574692  0.20399052]
 [-0.3127586  -0.16967034  0.35623443]
 [-0.23894359 -0.24546614  0.46313566]
 [-0.3130851  -0.20107506  0.50613487]
 [-0.24097115 -0.06480747  0.37496942]
 [-0.14571202  0.10620591  0.2854657 ]
 [ 0.00485847  0.15420888  0.37394905]
 [-0.37308067 -0.22972551  0.2591802 ]
 [-0.469958   -0.3178175   0.09285422]
 [-0.54217863 -0.532599    0.00957026]]
[[ 0.          0.          0.09469861]
 [-0.04057419 -0.05949964  0.0273506 ]
 [ 0.3027118  -0.215938    0.11750846]
 [ 0.44647983  0.10431387  0.03714535]
 [ 0.5867423   0.07457783  0.03838685]
 [ 0.04046162  0.05980787  0.16264427]
 [ 0.35521156 -0.06341649  0.26921594]
 [ 0.25892955  0.09209394  0.07488266]
 [ 0.28508574  0.0338705   0.        ]
 [-0.14425024 -0.07487056  0.21452641]
 [-0.29437536 -0.16153178  0.39154747]
 [-0.22768193 -0.23027262  0.49589634]
 [-0.29364356 -0.17909709  0.535703  ]
 [-0.18717873 -0.06313825  0.4185285 ]
 [ 0.03754057  0.01360524  0.40117383]
 [ 0.20463961 -0.07729614  0.46892542]
 [-0.38754869 -0.21099922  0.28471094]
 [-0.5478966  -0.28930682  0.10380125]
 [-0.6586611  -0.52348596  0.04751414]]
[[ 0.          0.          0.0884359 ]
 [-0.04201279 -0.06222612  0.01985835]
 [ 0.28828692 -0.21483351  0.10353535]
 [ 0.3946871   0.11922008  0.02295254]
 [ 0.5270023   0.08906837  0.03318886]
 [ 0.04193188  0.06250048  0.15754697]
 [ 0.36809662 -0.07094229  0.2775666 ]
 [ 0.30458015  0.02474042  0.06457195]
 [ 0.3466593  -0.04119216  0.        ]
 [-0.14197499 -0.08067692  0.21712002]
 [-0.28694347 -0.16760671  0.40064543]
 [-0.22192267 -0.22971514  0.50698686]
 [-0.28410232 -0.17649248  0.5452646 ]
 [-0.17566448 -0.06822163  0.42683268]
 [ 0.05758664  0.00652906  0.4063546 ]
 [ 0.20815045 -0.10801214  0.47523516]
 [-0.38398552 -0.21406895  0.2954392 ]
 [-0.55335164 -0.28911427  0.11222406]
 [-0.6656165  -0.5174885   0.05093671]]
[[ 0.00000000e+00  0.00000000e+00  7.06002563e-02]
 [-4.26497050e-02 -6.50941655e-02  1.06878579e-04]
 [ 2.80991286e-01 -2.04126000e-01  6.01737648e-02]
 [ 3.54700863e-01  1.59824133e-01  0.00000000e+00]
 [ 4.98697877e-01  1.31587982e-01  2.32167691e-02]
 [ 4.25730720e-02  6.53232336e-02  1.41539305e-01]
 [ 3.69449735e-01 -1.00326620e-01  2.63618171e-01]
 [ 3.73837352e-01 -3.90523002e-02  5.00934571e-02]
 [ 4.29536164e-01 -1.15941614e-01  4.03468311e-03]
 [-1.36197746e-01 -7.83513710e-02  2.08255738e-01]
 [-2.74021953e-01 -1.62427917e-01  4.00069416e-01]
 [-2.12367803e-01 -2.16612250e-01  5.07390440e-01]
 [-2.68867493e-01 -1.59318924e-01  5.44020712e-01]
 [-1.59081101e-01 -6.32193089e-02  4.23569918e-01]
 [ 7.11750165e-02 -1.53552890e-02  3.95108461e-01]
 [ 1.94284230e-01 -1.50344163e-01  4.59089220e-01]
 [-3.76014501e-01 -2.09027126e-01  2.96732724e-01]
 [-5.47339380e-01 -2.86691993e-01  1.18601963e-01]
 [-6.75208688e-01 -5.02927840e-01  4.10870165e-02]]
[[ 0.          0.          0.08887362]
 [-0.04190193 -0.06597541  0.0180026 ]
 [ 0.2715456  -0.16014703  0.03523224]
 [ 0.30091724  0.22657308  0.        ]
 [ 0.44373626  0.20935655  0.02676064]
 [ 0.04179962  0.06617124  0.16007116]
 [ 0.347592   -0.12850046  0.2951551 ]
 [ 0.46864974 -0.15627904  0.08783551]
 [ 0.54791296 -0.24267401  0.07322842]
 [-0.12462495 -0.07687575  0.24035   ]
 [-0.24756855 -0.14695717  0.44325894]
 [-0.19351834 -0.19667381  0.5519676 ]
 [-0.23926413 -0.13518393  0.5881626 ]
 [-0.12990735 -0.05526739  0.46160057]
 [ 0.09830257 -0.03045696  0.4136907 ]
 [ 0.16464767 -0.16624922  0.46289903]
 [-0.35421917 -0.19514564  0.34813648]
 [-0.5171843  -0.2745781   0.17239365]
 [-0.66108847 -0.4364148   0.0659827 ]]
[[ 0.          0.          0.09383132]
 [-0.04301576 -0.06121656  0.02247939]
 [ 0.26283205 -0.1387341   0.01858856]
 [ 0.27957338  0.24609579  0.        ]
 [ 0.40580392  0.23475721  0.01738201]
 [ 0.04291743  0.06139854  0.16552189]
 [ 0.32769024 -0.15180513  0.31330204]
 [ 0.50241524 -0.210016    0.11649145]
 [ 0.59222364 -0.2996352   0.11163018]
 [-0.12000871 -0.07911758  0.25084388]
 [-0.23872991 -0.14554355  0.45831156]
 [-0.18425393 -0.1872352   0.56747055]
 [-0.22560936 -0.12559852  0.59900886]
 [-0.1196261  -0.06596649  0.47402686]
 [ 0.10454646 -0.0665704   0.40849984]
 [ 0.13416955 -0.20123304  0.44487268]
 [-0.3490342  -0.18333684  0.36792636]
 [-0.5052464  -0.26206782  0.19014935]
 [-0.6489877  -0.40592963  0.06935354]]
[[ 0.          0.          0.10568042]
 [-0.04409285 -0.05915999  0.03415167]
 [ 0.263524   -0.1279661   0.        ]
 [ 0.3006113   0.26303846  0.00875205]
 [ 0.43724555  0.25277823  0.02174406]
 [ 0.04398406  0.05934075  0.17754786]
 [ 0.30279553 -0.17601049  0.3302227 ]
 [ 0.5003456  -0.23892346  0.13034578]
 [ 0.58817405 -0.3352082   0.12921795]
 [-0.11585279 -0.06973276  0.26740414]
 [-0.23030299 -0.1272012   0.48120135]
 [-0.17976648 -0.17086941  0.5888936 ]
 [-0.21416783 -0.10418871  0.621551  ]
 [-0.10837153 -0.05342188  0.49291736]
 [ 0.11069718 -0.07025078  0.41395766]
 [ 0.11497776 -0.20993638  0.44236964]
 [-0.34278667 -0.16235416  0.39235848]
 [-0.48855656 -0.2386406   0.20734914]
 [-0.62674916 -0.3727358   0.07438572]]
[[ 0.          0.          0.13451782]
 [-0.04836984 -0.05500767  0.06315395]
 [ 0.24116826 -0.11489996  0.        ]
 [ 0.3155933   0.27157825  0.03459856]
 [ 0.4497832   0.258553    0.02807322]
 [ 0.04828395  0.05517616  0.20624894]
 [ 0.26544315 -0.21602294  0.36371404]
 [ 0.45991904 -0.37199822  0.12318656]
 [ 0.53905165 -0.48152503  0.12443565]
 [-0.11096127 -0.06465676  0.3006166 ]
 [-0.22335695 -0.11748707  0.51800656]
 [-0.17798008 -0.1601291   0.6255476 ]
 [-0.20790242 -0.09284484  0.65775883]
 [-0.09813397 -0.0563249   0.52473867]
 [ 0.11232053 -0.10898793  0.42544124]
 [ 0.0921886  -0.26954928  0.43519565]
 [-0.34069872 -0.1418506   0.43229803]
 [-0.46086013 -0.19745108  0.23087798]
 [-0.57869875 -0.3226267   0.08545718]]
[[ 0.          0.          0.16136095]
 [-0.05036142 -0.05045313  0.0894243 ]
 [ 0.22401407 -0.10861865  0.        ]
 [ 0.3448285   0.25553232  0.06387162]
 [ 0.4652117   0.24494448  0.04138514]
 [ 0.05027566  0.05062189  0.23367853]
 [ 0.2318863  -0.2410446   0.39915937]
 [ 0.4274624  -0.39731303  0.14251211]
 [ 0.5037383  -0.5136905   0.13921812]
 [-0.11167707 -0.0598115   0.32956064]
 [-0.22307006 -0.10622844  0.54879034]
 [-0.17771597 -0.14876208  0.65746367]
 [-0.20985481 -0.07980442  0.69152105]
 [-0.09475909 -0.05327293  0.5523521 ]
 [ 0.107117   -0.11301655  0.43831185]
 [ 0.07736392 -0.26578853  0.43682143]
 [-0.34296656 -0.12323575  0.4656565 ]
 [-0.44270438 -0.15298396  0.24700603]
 [-0.54217726 -0.29051417  0.08977175]]
[[ 0.          0.          0.20368874]
 [-0.05416334 -0.04236105  0.13311927]
 [ 0.19742307 -0.08747971  0.        ]
 [ 0.37007076  0.27069107  0.0988006 ]
 [ 0.5133078   0.26274377  0.06240505]
 [ 0.05405839  0.04253354  0.27465275]
 [ 0.18288532 -0.28025863  0.43474075]
 [ 0.36433935 -0.4645852   0.14907011]
 [ 0.42024052 -0.59210944  0.14459315]
 [-0.10975738 -0.05267245  0.37483042]
 [-0.22342725 -0.09547985  0.5947784 ]
 [-0.19272137 -0.13926986  0.6996953 ]
 [-0.21379557 -0.07132331  0.7350888 ]
 [-0.0923882  -0.0589748   0.5965354 ]
 [ 0.09721069 -0.14218932  0.46326652]
 [ 0.03941751 -0.31931397  0.4540126 ]
 [-0.3458825  -0.10007209  0.51294273]
 [-0.42065048 -0.1144128   0.27437878]
 [-0.49854332 -0.25780055  0.09941864]]
[[ 0.          0.          0.23635088]
 [-0.06096917 -0.02939752  0.1676553 ]
 [ 0.16387504 -0.0637265   0.        ]
 [ 0.38226962  0.27526212  0.12553258]
 [ 0.5125896   0.26899767  0.0639911 ]
 [ 0.06085256  0.02957648  0.30542314]
 [ 0.1351687  -0.3179239   0.45797235]
 [ 0.29680422 -0.5064116   0.1480621 ]
 [ 0.33713555 -0.64015925  0.14013512]
 [-0.10921261 -0.04335463  0.40991628]
 [-0.22509705 -0.08170319  0.62883866]
 [-0.20356268 -0.12275016  0.7322622 ]
 [-0.21767774 -0.05500397  0.76733196]
 [-0.08939916 -0.05844617  0.63116544]
 [ 0.09111007 -0.14764729  0.4861557 ]
 [ 0.02001542 -0.32687333  0.47309187]
 [-0.35175747 -0.07520366  0.54687643]
 [-0.40445304 -0.06625679  0.294225  ]
 [-0.46485162 -0.20836902  0.10370825]]
[[ 0.          0.          0.2729028 ]
 [-0.06530559 -0.01680727  0.20522858]
 [ 0.13830747 -0.03852141  0.        ]
 [ 0.40552086  0.2852527   0.14951491]
 [ 0.52348924  0.2771939   0.07039051]
 [ 0.06516682  0.01699398  0.34096542]
 [ 0.08961977 -0.3422134   0.47963184]
 [ 0.21827185 -0.5156207   0.14952481]
 [ 0.24069095 -0.6485276   0.13515902]
 [-0.11137584 -0.03876473  0.44504184]
 [-0.23362993 -0.07663527  0.6582235 ]
 [-0.226157   -0.11676401  0.7596517 ]
 [-0.23201266 -0.04823652  0.79168546]
 [-0.09325755 -0.06962895  0.6658695 ]
 [ 0.07348549 -0.17899334  0.5148898 ]
 [-0.0090515  -0.35965353  0.5019839 ]
 [-0.36168903 -0.05693647  0.57509273]
 [-0.3949684  -0.02172748  0.31063133]
 [-0.44385073 -0.16074774  0.10862821]]
[[ 0.          0.          0.3044702 ]
 [-0.06887561 -0.00342187  0.2402423 ]
 [ 0.11306889 -0.01078054  0.        ]
 [ 0.40748844  0.30145043  0.16661438]
 [ 0.5270811   0.2956198   0.06931263]
 [ 0.06869395  0.00362571  0.3690907 ]
 [ 0.04998115 -0.3564957   0.47958818]
 [ 0.13650423 -0.5360905   0.12882063]
 [ 0.13110852 -0.66540784  0.11821505]
 [-0.11166479 -0.02962968  0.4754066 ]
 [-0.23932159 -0.06483299  0.6820067 ]
 [-0.25074747 -0.10418457  0.78019714]
 [-0.24447475 -0.03666741  0.8080926 ]
 [-0.09579799 -0.072954    0.6963937 ]
 [ 0.06163855 -0.19199903  0.5464581 ]
 [-0.03746693 -0.36893907  0.53842896]
 [-0.3685693  -0.03404656  0.59616315]
 [-0.39421272  0.00706316  0.32720023]
 [-0.43900484 -0.1269935   0.11763021]]
[[ 0.          0.          0.33155555]
 [-0.07173586  0.00866413  0.27001694]
 [ 0.08353635  0.01304474  0.        ]
 [ 0.401455    0.30552337  0.17880246]
 [ 0.5110028   0.2972619   0.06609568]
 [ 0.07151704 -0.00845042  0.39351416]
 [ 0.00897393 -0.369088    0.46664166]
 [ 0.06122378 -0.545469    0.10892493]
 [ 0.03763092 -0.6705984   0.10321438]
 [-0.11449452 -0.02364083  0.50063634]
 [-0.24805646 -0.05282769  0.7005578 ]
 [-0.27998233 -0.08378643  0.79572076]
 [-0.26052845 -0.01853293  0.81815183]
 [-0.10352892 -0.0747751   0.7227214 ]
 [ 0.04610159 -0.2008487   0.5761666 ]
 [-0.05655381 -0.37037116  0.55565715]
 [-0.37617123 -0.01396856  0.61172426]
 [-0.40095234  0.04151759  0.34004956]
 [-0.4475202  -0.08843282  0.12468281]]
[[ 0.          0.          0.3486629 ]
 [-0.07168534  0.01714569  0.28869936]
 [ 0.06365041  0.02937698  0.        ]
 [ 0.38911635  0.31493697  0.18988115]
 [ 0.49930108  0.30694008  0.0725036 ]
 [ 0.0714346  -0.01693472  0.40908492]
 [-0.01926695 -0.37398303  0.44934583]
 [ 0.01364937 -0.55564296  0.10251147]
 [-0.01839358 -0.6752278   0.10078984]
 [-0.11849007 -0.02213971  0.51416004]
 [-0.25684544 -0.04713237  0.70735514]
 [-0.29986474 -0.06857541  0.8008596 ]
 [-0.27518585 -0.00783437  0.81802404]
 [-0.11300381 -0.07796666  0.7365985 ]
 [ 0.0350288  -0.2072264   0.59361005]
 [-0.07596519 -0.3725298   0.55293566]
 [-0.38266632 -0.00284815  0.6168719 ]
 [-0.4114141   0.05272824  0.34615415]
 [-0.46230853 -0.07059926  0.12645918]]
