[[ 0.          0.          0.8015096 ]
 [ 0.02372554 -0.11648656  0.7819113 ]
 [ 0.13980702  0.11630559  0.43249738]
 [ 0.01515676  0.19780976  0.07504565]
 [ 0.16281812  0.28607047  0.        ]
 [-0.02357292  0.11638223  0.8208494 ]
 [ 0.30157602  0.1321304   0.5285464 ]
 [-0.06427101  0.0300599   0.2945549 ]
 [ 0.00749518  0.0513832   0.11871088]
 [ 0.07663809  0.00263327  1.0132859 ]
 [ 0.15129994 -0.0120661   1.2530605 ]
 [ 0.23933655 -0.06729373  1.3389312 ]
 [ 0.1619015  -0.09601343  1.3839078 ]
 [ 0.04857523  0.08268091  1.2063949 ]
 [-0.14681992  0.15534651  1.0520139 ]
 [-0.32594106  0.19333673  0.8911723 ]
 [ 0.21604279 -0.13264102  1.2191633 ]
 [ 0.22937065 -0.1332082   0.9347934 ]
 [ 0.29865056 -0.11085766  0.67494065]]
[[ 0.00000000e+00  0.00000000e+00  7.19688058e-01]
 [ 2.33369768e-02 -1.15180723e-01  6.94447160e-01]
 [ 6.23936206e-03  1.06272608e-01  3.47092897e-01]
 [-2.52178878e-01  1.85227811e-01  8.30129385e-02]
 [-1.54504716e-01  2.94330835e-01  0.00000000e+00]
 [-2.33306810e-02  1.14956066e-01  7.44342566e-01]
 [ 3.58198285e-01  1.47154585e-01  5.52193940e-01]
 [ 2.36262709e-01  1.07542813e-01  1.33021176e-01]
 [ 3.94929886e-01  1.08355284e-01  2.81354189e-02]
 [ 4.94509637e-02 -2.08280385e-02  9.42222714e-01]
 [ 1.10344499e-01 -2.90320516e-02  1.19333863e+00]
 [ 2.00121909e-01 -7.05618262e-02  1.26422608e+00]
 [ 1.24560326e-01 -9.77227688e-02  1.32551205e+00]
 [ 1.13176554e-03  6.00194335e-02  1.15927339e+00]
 [-2.53682494e-01  1.50416344e-01  1.10631204e+00]
 [-4.53589618e-01  1.84829533e-01  9.59173322e-01]
 [ 1.84832036e-01 -1.55368596e-01  1.15953517e+00]
 [ 2.42665887e-01 -1.69468358e-01  8.86543751e-01]
 [ 3.45702887e-01 -1.22771502e-01  7.78690279e-01]]
[[ 0.          0.          0.6474707 ]
 [ 0.02309835 -0.11279098  0.6258632 ]
 [-0.04355032  0.11623165  0.28138563]
 [-0.36634883  0.18832213  0.1285764 ]
 [-0.32587332  0.32357338  0.04249263]
 [-0.02307037  0.1124783   0.6683644 ]
 [ 0.3690557   0.15662804  0.4731816 ]
 [ 0.42039013  0.18076497  0.03840113]
 [ 0.61148274  0.18507034  0.        ]
 [ 0.03554516 -0.03657681  0.8743359 ]
 [ 0.09022243 -0.04455554  1.1264637 ]
 [ 0.18220109 -0.07110217  1.1802464 ]
 [ 0.10886012 -0.10971731  1.2495456 ]
 [-0.01936256  0.04828024  1.0956242 ]
 [-0.28817225  0.15582162  1.0930744 ]
 [-0.46547163  0.19805306  0.94308084]
 [ 0.169175   -0.17333066  1.0943142 ]
 [ 0.24879825 -0.18175793  0.8254734 ]
 [ 0.36929315 -0.07556283  0.87268555]]
[[ 0.          0.          0.63036966]
 [ 0.02360629 -0.10878275  0.61102986]
 [-0.04587255  0.10904679  0.25399926]
 [-0.41019583  0.1902121   0.22874433]
 [-0.42221642  0.32985532  0.13896203]
 [-0.02354087  0.10847174  0.6490105 ]
 [ 0.3534035   0.17486665  0.42481023]
 [ 0.4742415   0.22427073  0.01043987]
 [ 0.6602905   0.22784078  0.        ]
 [ 0.02775698 -0.03903177  0.85578644]
 [ 0.08146111 -0.04156134  1.105844  ]
 [ 0.16827874 -0.0624752   1.1579361 ]
 [ 0.09673006 -0.10731584  1.224222  ]
 [-0.02190111  0.05612174  1.0713946 ]
 [-0.27983865  0.16660231  1.065062  ]
 [-0.42323202  0.20462713  0.88648295]
 [ 0.15699999 -0.16868246  1.0782797 ]
 [ 0.227646   -0.18961193  0.81111217]
 [ 0.3484381  -0.061142    0.90048754]]
[[ 0.          0.          0.6683966 ]
 [ 0.02611126 -0.11220858  0.6494062 ]
 [-0.0080134   0.08061492  0.27430734]
 [-0.39356488  0.15988716  0.32850677]
 [-0.43482256  0.31201392  0.26312926]
 [-0.02602878  0.11191832  0.68675846]
 [ 0.32303527  0.20364672  0.4168209 ]
 [ 0.44923216  0.27568343  0.00574887]
 [ 0.631673    0.2863107   0.        ]
 [ 0.02739    -0.03108907  0.89066637]
 [ 0.08231303 -0.0239405   1.1379728 ]
 [ 0.16771764 -0.0477339   1.1970793 ]
 [ 0.09360909 -0.09412357  1.2603073 ]
 [-0.01528837  0.0798541   1.0958021 ]
 [-0.259014    0.19005099  1.0457006 ]
 [-0.33778802  0.22707666  0.82635516]
 [ 0.1546558  -0.15515283  1.1131234 ]
 [ 0.19570589 -0.19767566  0.84874034]
 [ 0.32987353 -0.05741435  0.8770225 ]]
[[ 0.          0.          0.7630636 ]
 [ 0.02762444 -0.12152157  0.7430593 ]
 [ 0.11245085  0.02619687  0.37232083]
 [-0.31661627  0.08237065  0.47885048]
 [-0.38299578  0.25169432  0.44194   ]
 [-0.02748755  0.12135617  0.7826189 ]
 [ 0.26811785  0.24819298  0.45250294]
 [ 0.3246314   0.32648087  0.03933477]
 [ 0.49680924  0.34993413  0.        ]
 [ 0.04151347  0.00229007  0.9818245 ]
 [ 0.11058141  0.02938983  1.2257569 ]
 [ 0.19673452 -0.01123756  1.301933  ]
 [ 0.11913784 -0.04604596  1.3622239 ]
 [ 0.01913164  0.13971603  1.1701589 ]
 [-0.17636052  0.23365165  1.0212204 ]
 [-0.10746738  0.30142325  0.7985444 ]
 [ 0.16839522 -0.11065966  1.2012633 ]
 [ 0.12718767 -0.18642572  0.9401096 ]
 [ 0.20767477 -0.13479136  0.7639133 ]]
[[ 0.          0.          0.8026307 ]
 [ 0.02556328 -0.12762035  0.78408366]
 [ 0.26168    -0.00936756  0.4763902 ]
 [-0.18255484  0.03174379  0.5143602 ]
 [-0.22844374  0.173901    0.42573375]
 [-0.02534057  0.12763715  0.82092285]
 [ 0.19862686  0.32615402  0.48624644]
 [ 0.16506419  0.4141505   0.07528824]
 [ 0.34079078  0.43810475  0.        ]
 [ 0.05487537  0.02291533  1.0145136 ]
 [ 0.13509221  0.06606388  1.2539456 ]
 [ 0.22127852  0.01680636  1.3460169 ]
 [ 0.1437122  -0.01948297  1.396656  ]
 [ 0.04442268  0.18295026  1.1916181 ]
 [-0.04279244  0.28541782  0.96513736]
 [ 0.13484307  0.35715103  0.8164197 ]
 [ 0.18511984 -0.0836105   1.2358985 ]
 [ 0.08804137 -0.1789315   0.994179  ]
 [ 0.10322464 -0.14912196  0.79856676]]
[[ 0.          0.          0.75702876]
 [ 0.02813288 -0.12767029  0.7442341 ]
 [ 0.3817479  -0.03707662  0.59161854]
 [ 0.02204035 -0.07845429  0.3544251 ]
 [ 0.07886584 -0.03333408  0.19301856]
 [-0.02782878  0.12778264  0.7697576 ]
 [ 0.06217897  0.39961523  0.44223744]
 [-0.11598936  0.4847356   0.11142272]
 [ 0.02854465  0.52893466  0.        ]
 [ 0.04730538  0.01713052  0.971995  ]
 [ 0.11534902  0.04737124  1.2196226 ]
 [ 0.20750752 -0.00407344  1.3019595 ]
 [ 0.12293884 -0.03040743  1.3574667 ]
 [ 0.05034449  0.17665595  1.1602223 ]
 [ 0.14222004  0.2580825   0.90645623]
 [ 0.3335876   0.2042069   0.94101566]
 [ 0.14899486 -0.10811996  1.1979611 ]
 [-0.00604723 -0.18788248  0.99734026]
 [ 0.01186819 -0.1280761   0.8943901 ]]
[[ 0.          0.          0.68569887]
 [ 0.02304871 -0.12713638  0.6770783 ]
 [ 0.3487441  -0.07716768  0.5821025 ]
 [ 0.25231567 -0.14072466  0.14882457]
 [ 0.4028815  -0.12245882  0.04538429]
 [-0.02275956  0.12731576  0.6945614 ]
 [-0.04938388  0.40327576  0.3769149 ]
 [-0.33368242  0.51657456  0.15097594]
 [-0.25806117  0.5478578   0.        ]
 [ 0.02206632 -0.0112883   0.9070961 ]
 [ 0.06198962 -0.010158    1.1602645 ]
 [ 0.15534106 -0.05987224  1.2271457 ]
 [ 0.0690081  -0.08294576  1.2747139 ]
 [ 0.0306776   0.12954831  1.1090627 ]
 [ 0.19409326  0.1629458   0.8808172 ]
 [ 0.30507493  0.05010208  1.0366318 ]
 [ 0.06925933 -0.15708172  1.1481879 ]
 [-0.17954496 -0.20884374  1.150901  ]
 [-0.25733486 -0.20121652  1.1058111 ]]
[[ 0.          0.          0.62508404]
 [ 0.02161954 -0.12042288  0.62046164]
 [ 0.3469783  -0.07179025  0.4748684 ]
 [ 0.43335372 -0.10227513  0.04426378]
 [ 0.60253817 -0.09595799  0.        ]
 [-0.02139508  0.12050436  0.63025284]
 [-0.08896971  0.3015046   0.26421613]
 [-0.47179258  0.35973868  0.21547976]
 [-0.48012125  0.395113    0.09225798]
 [ 0.01876248 -0.02597116  0.8495547 ]
 [ 0.05423012 -0.04116684  1.1010313 ]
 [ 0.14920995 -0.1012983   1.1616647 ]
 [ 0.06524733 -0.11892718  1.216461  ]
 [ 0.04004197  0.09357825  1.0517397 ]
 [ 0.18549877  0.14846246  0.82224965]
 [ 0.28228566  0.04433137  0.9975741 ]
 [ 0.04955106 -0.17196512  1.0919521 ]
 [-0.17545292 -0.21299034  1.0698328 ]
 [-0.24798164 -0.19267212  1.0180506 ]]
[[ 0.          0.          0.601372  ]
 [ 0.03554317 -0.1066445   0.5984006 ]
 [ 0.34272033  0.00724365  0.39638236]
 [ 0.5267746   0.07438976  0.        ]
 [ 0.6922381   0.09460795  0.00428361]
 [-0.03536575  0.10671833  0.60491395]
 [-0.06118225  0.19924289  0.22126767]
 [-0.47328216  0.16277169  0.28838235]
 [-0.55142826  0.22728705  0.244347  ]
 [ 0.02854939 -0.04022165  0.82358646]
 [ 0.0721462  -0.0660823   1.0736765 ]
 [ 0.15527198 -0.11540061  1.1462054 ]
 [ 0.07936011 -0.15406111  1.1945866 ]
 [ 0.02394278  0.05243593  1.027694  ]
 [ 0.09208985  0.16065085  0.77408606]
 [ 0.24264723  0.09172396  0.85615456]
 [ 0.09850408 -0.17671704  1.0540974 ]
 [-0.13311653 -0.12505032  0.92307884]
 [-0.14378157 -0.14997254  0.80976033]]
[[ 0.          0.          0.67514527]
 [ 0.03472503 -0.11278787  0.6751576 ]
 [ 0.31748778  0.09503387  0.41202345]
 [ 0.4339481   0.19850063  0.0077396 ]
 [ 0.6157856   0.26688364  0.        ]
 [-0.03458146  0.11279672  0.6757044 ]
 [ 0.0539068   0.14395365  0.27920377]
 [-0.4062496   0.03004795  0.37645566]
 [-0.5193515   0.08516416  0.3521564 ]
 [ 0.0413738  -0.0202236   0.8935708 ]
 [ 0.08396082 -0.05080509  1.1418508 ]
 [ 0.16628537 -0.1058687   1.2307742 ]
 [ 0.08306995 -0.13387632  1.2771986 ]
 [ 0.02250737  0.06771338  1.0929697 ]
 [-0.00478388  0.18504673  0.83125615]
 [ 0.0962925   0.20404908  0.70409983]
 [ 0.11887094 -0.17167374  1.1096919 ]
 [-0.0140693  -0.17015669  0.8848698 ]
 [ 0.03867714 -0.20039144  0.6480061 ]]
[[ 0.          0.          0.76229906]
 [ 0.02692007 -0.11748958  0.75759655]
 [ 0.2572884   0.11561079  0.447793  ]
 [ 0.26038978  0.21630085  0.03851855]
 [ 0.4326145   0.2917043   0.        ]
 [-0.02677411  0.11747216  0.7673012 ]
 [ 0.16392058  0.10135475  0.40158507]
 [-0.3183642  -0.01089406  0.45993608]
 [-0.3886689   0.01395968  0.3653568 ]
 [ 0.04240855 -0.01289608  0.98012245]
 [ 0.07974599 -0.0471049   1.2299953 ]
 [ 0.16523632 -0.09989929  1.33023   ]
 [ 0.07953708 -0.1202814   1.3737777 ]
 [ 0.00974698  0.06673023  1.171229  ]
 [-0.07446969  0.17491607  0.9259341 ]
 [-0.06569017  0.24379715  0.7155055 ]
 [ 0.12185916 -0.17216042  1.1955768 ]
 [ 0.05639976 -0.14978708  0.92819977]
 [ 0.10661411 -0.19553673  0.68102604]]
[[ 0.          0.          0.74031734]
 [ 0.00832357 -0.11569943  0.7200581 ]
 [ 0.02175652  0.1257245   0.3806584 ]
 [-0.17030087  0.24303895  0.08794475]
 [-0.04111016  0.3287823   0.        ]
 [-0.00832307  0.11555161  0.76012963]
 [ 0.35082632  0.09043698  0.56438243]
 [ 0.07455126  0.06422311  0.25632876]
 [ 0.19962847  0.06884885  0.11039037]
 [ 0.03388363 -0.01238078  0.96532947]
 [ 0.06839797 -0.02507606  1.2217455 ]
 [ 0.14153302 -0.0647186   1.3233421 ]
 [ 0.06129862 -0.0793311   1.3728144 ]
 [-0.00224534  0.08652186  1.1676292 ]
 [-0.2176052   0.22095916  1.0365617 ]
 [-0.30761832  0.31838727  0.80569583]
 [ 0.11686988 -0.1599729   1.185884  ]
 [ 0.13307151 -0.20950177  0.91536593]
 [ 0.27207    -0.19201836  0.800035  ]]
[[ 0.00000000e+00  0.00000000e+00  6.46405816e-01]
 [ 6.75074756e-03 -1.10805675e-01  6.25835299e-01]
 [-4.96560335e-02  1.45354629e-01  3.06972235e-01]
 [-3.49588364e-01  2.45466769e-01  1.18131876e-01]
 [-2.92104542e-01  3.69208097e-01  9.06586647e-05]
 [-6.74561039e-03  1.10584922e-01  6.66299224e-01]
 [ 3.73908460e-01  8.86263847e-02  4.95995522e-01]
 [ 3.27607095e-01  1.04450285e-01  8.35787654e-02]
 [ 5.18992186e-01  9.68259573e-02  0.00000000e+00]
 [ 2.17458345e-02 -2.56548524e-02  8.74864578e-01]
 [ 4.98149581e-02 -3.30561101e-02  1.13228941e+00]
 [ 1.21371284e-01 -5.87566495e-02  1.21992016e+00]
 [ 3.72887999e-02 -8.65300298e-02  1.27199292e+00]
 [-3.26191559e-02  7.22064376e-02  1.08863354e+00]
 [-2.81544685e-01  2.06487417e-01  1.02504861e+00]
 [-3.84310514e-01  2.78660744e-01  7.93963194e-01]
 [ 1.13072991e-01 -1.67312443e-01  1.09872460e+00]
 [ 1.65910661e-01 -2.00182706e-01  8.34049106e-01]
 [ 3.00518692e-01 -1.41210139e-01  8.74261796e-01]]
[[ 0.          0.          0.6216402 ]
 [ 0.01231574 -0.1073709   0.60356873]
 [-0.03135698  0.14464368  0.27330926]
 [-0.396743    0.2391994   0.25068244]
 [-0.41454607  0.38575387  0.14470652]
 [-0.01226934  0.10711974  0.63901615]
 [ 0.35928693  0.12103321  0.43218315]
 [ 0.45795935  0.19162318  0.02945006]
 [ 0.6529621   0.18703866  0.        ]
 [ 0.01696907 -0.03537905  0.8500643 ]
 [ 0.04978321 -0.03559068  1.1059453 ]
 [ 0.12007989 -0.04740936  1.18483   ]
 [ 0.03443047 -0.09077239  1.237838  ]
 [-0.03422274  0.07262149  1.0628836 ]
 [-0.26901957  0.22119582  1.0089458 ]
 [-0.32726294  0.27938938  0.7794149 ]
 [ 0.11761311 -0.16660106  1.0774908 ]
 [ 0.18237379 -0.2102545   0.8159191 ]
 [ 0.2870605  -0.08990245  0.92538285]]
[[ 0.          0.          0.63812566]
 [ 0.01744713 -0.11034343  0.6213032 ]
 [-0.01260048  0.10050577  0.2673634 ]
 [-0.38587847  0.20072144  0.34154192]
 [-0.43977875  0.3584888   0.268069  ]
 [-0.01732852  0.11002837  0.6543399 ]
 [ 0.34119707  0.17039332  0.40730548]
 [ 0.4674804   0.24548236  0.00952983]
 [ 0.64959574  0.24473944  0.        ]
 [ 0.01450227 -0.03040589  0.86589116]
 [ 0.05154325 -0.02428466  1.1211807 ]
 [ 0.12319064 -0.03955859  1.2008673 ]
 [ 0.03847125 -0.08469814  1.250797  ]
 [-0.03245585  0.08638638  1.0748582 ]
 [-0.25798634  0.21606988  0.98780084]
 [-0.2681155   0.24931745  0.74778163]
 [ 0.11952716 -0.15512928  1.0923903 ]
 [ 0.16691917 -0.21190104  0.82989776]
 [ 0.26907247 -0.05553755  0.9158273 ]]
[[ 0.          0.          0.73228157]
 [ 0.02093536 -0.11905945  0.7152624 ]
 [ 0.07507531  0.02780786  0.3465667 ]
 [-0.31943923  0.10965842  0.48479792]
 [-0.3856672   0.28120303  0.4552971 ]
 [-0.02079698  0.1188302   0.7489013 ]
 [ 0.29261822  0.22737308  0.44438332]
 [ 0.35384843  0.30545637  0.03818107]
 [ 0.5285531   0.31888896  0.        ]
 [ 0.02235181 -0.00699925  0.9556528 ]
 [ 0.07014517  0.01604849  1.2082207 ]
 [ 0.14898211 -0.02165711  1.2968842 ]
 [ 0.06396086 -0.04854137  1.349983  ]
 [-0.00978999  0.12920198  1.1502687 ]
 [-0.19657165  0.243317    0.99301535]
 [-0.08926529  0.2796812   0.76882154]
 [ 0.12594578 -0.12460342  1.1804498 ]
 [ 0.10625933 -0.21625818  0.919561  ]
 [ 0.22098096 -0.1034296   0.7829971 ]]
[[ 0.          0.          0.77302825]
 [ 0.02083408 -0.12599547  0.75983393]
 [ 0.22955942 -0.01807162  0.44736743]
 [-0.21551123  0.04424138  0.5375314 ]
 [-0.26996058  0.19128963  0.46278062]
 [-0.0206323   0.12592456  0.78604317]
 [ 0.21665967  0.29492453  0.45828152]
 [ 0.18512048  0.38660422  0.06788009]
 [ 0.36398694  0.4088637   0.        ]
 [ 0.03129617  0.01112756  0.9930482 ]
 [ 0.08265947  0.04386336  1.245467  ]
 [ 0.16547394 -0.00475591  1.3372416 ]
 [ 0.07982843 -0.02977329  1.3936028 ]
 [ 0.00500385  0.1622712   1.1761518 ]
 [-0.08074309  0.27741525  0.953961  ]
 [ 0.11970594  0.32272205  0.8148172 ]
 [ 0.13103151 -0.10429502  1.2228184 ]
 [ 0.05075236 -0.18994033  0.9675965 ]
 [ 0.11768696 -0.11015877  0.7728187 ]]
[[ 0.          0.          0.71284866]
 [ 0.02177899 -0.12646848  0.70163035]
 [ 0.38658327 -0.04037017  0.5511246 ]
 [ 0.02832197 -0.07710746  0.33191237]
 [ 0.10295239 -0.04643971  0.17997295]
 [-0.02151155  0.12656213  0.72403455]
 [ 0.05596154  0.3858309   0.38801283]
 [-0.13534221  0.47655764  0.10934889]
 [ 0.00183231  0.5259187   0.        ]
 [ 0.03355265  0.01371695  0.93324256]
 [ 0.08209176  0.04425144  1.1878313 ]
 [ 0.16467537 -0.00500351  1.2738886 ]
 [ 0.07861958 -0.02519655  1.3275476 ]
 [ 0.03361083  0.17333114  1.1164118 ]
 [ 0.13459346  0.2557231   0.86634946]
 [ 0.327582    0.2188425   0.934422  ]
 [ 0.10634759 -0.11365646  1.1736515 ]
 [-0.04112568 -0.19718555  0.9609678 ]
 [ 0.00195853 -0.09323076  0.8336743 ]]
[[ 0.00000000e+00  0.00000000e+00  6.43942535e-01]
 [ 1.79945081e-02 -1.27068043e-01  6.31258190e-01]
 [ 3.76967877e-01 -7.43498653e-02  5.36384225e-01]
 [ 2.52235264e-01 -1.34946048e-01  1.21800244e-01]
 [ 4.10311818e-01 -1.20528936e-01  2.73966193e-02]
 [-1.77108347e-02  1.27196476e-01  6.56908989e-01]
 [-4.81024384e-02  3.95096421e-01  3.27900708e-01]
 [-3.49159896e-01  5.13160586e-01  1.33579433e-01]
 [-2.91884482e-01  5.57658136e-01  0.00000000e+00]
 [ 9.79790930e-03 -1.31679028e-02  8.67964268e-01]
 [ 3.58902365e-02 -4.47452068e-04  1.12466908e+00]
 [ 1.22555301e-01 -3.08095217e-02  1.20077538e+00]
 [ 3.18162143e-02 -4.95504141e-02  1.24816680e+00]
 [ 2.40315795e-02  1.37015164e-01  1.05783391e+00]
 [ 1.75745755e-01  1.83256447e-01  8.24714899e-01]
 [ 2.89352924e-01  9.52391326e-02  1.00925708e+00]
 [ 3.05156931e-02 -1.48545057e-01  1.12107253e+00]
 [-2.16991365e-01 -2.00649559e-01  1.05008030e+00]
 [-2.10789889e-01 -1.05757400e-01  9.02758002e-01]]
[[ 0.00000000e+00  0.00000000e+00  6.07254326e-01]
 [ 1.34431385e-02 -1.20672330e-01  5.96035838e-01]
 [ 3.37758601e-01 -8.62463042e-02  4.82026398e-01]
 [ 4.07797158e-01 -9.82702971e-02  4.76775169e-02]
 [ 5.82147002e-01 -8.80413651e-02  0.00000000e+00]
 [-1.32134631e-02  1.20822065e-01  6.18940353e-01]
 [-8.53937864e-02  3.24124038e-01  2.70438194e-01]
 [-4.53179300e-01  4.40030873e-01  1.85663939e-01]
 [-4.64082718e-01  4.75244015e-01  6.84672594e-02]
 [-8.97653867e-04 -1.37525946e-02  8.31509113e-01]
 [ 1.30765475e-02 -8.07243586e-03  1.08717346e+00]
 [ 9.76764411e-02 -6.24297857e-02  1.16308379e+00]
 [ 1.16836186e-02 -7.01449513e-02  1.21596670e+00]
 [ 2.70082876e-02  1.24542415e-01  1.02563286e+00]
 [ 1.85238808e-01  1.66957676e-01  8.00067067e-01]
 [ 2.79328883e-01  7.90938437e-02  9.97473300e-01]
 [-1.36302337e-02 -1.42580301e-01  1.07948256e+00]
 [-2.60741711e-01 -2.09419549e-01  1.04367495e+00]
 [-2.50902236e-01 -1.61916450e-01  8.74912262e-01]]
[[ 0.          0.          0.6121886 ]
 [ 0.02581852 -0.11325187  0.60325736]
 [ 0.34625447  0.03809373  0.40806383]
 [ 0.5152527   0.11589587  0.00778252]
 [ 0.6821424   0.15596229  0.        ]
 [-0.02563801  0.11327502  0.6215751 ]
 [-0.01278998  0.24190067  0.22596991]
 [-0.44857016  0.23909709  0.30372244]
 [-0.53767323  0.31377196  0.2232652 ]
 [ 0.02407322 -0.01454249  0.83366644]
 [ 0.05379461 -0.0156692   1.0850058 ]
 [ 0.1307526  -0.06034303  1.1718107 ]
 [ 0.05299225 -0.07979935  1.2241675 ]
 [ 0.03992473  0.11416444  1.0237334 ]
 [ 0.10416587  0.20796645  0.7602157 ]
 [ 0.27194303  0.14426586  0.819224  ]
 [ 0.05481994 -0.15556297  1.0605754 ]
 [-0.0174771  -0.2010108   0.81017727]
 [ 0.17427671 -0.1882518   0.74316645]]
[[ 0.          0.          0.6843098 ]
 [ 0.02618956 -0.12078308  0.6837818 ]
 [ 0.3160234   0.09993079  0.42667437]
 [ 0.3818989   0.21020344  0.02191764]
 [ 0.5520772   0.27067414  0.        ]
 [-0.02607384  0.12083577  0.6852172 ]
 [ 0.10578769  0.19312689  0.3011335 ]
 [-0.37071154  0.10868725  0.40305936]
 [-0.47306165  0.17034371  0.3161838 ]
 [ 0.03556669 -0.00857334  0.90293026]
 [ 0.07011415 -0.01974663  1.1529174 ]
 [ 0.14874864 -0.07317001  1.244591  ]
 [ 0.06289366 -0.08518928  1.2943468 ]
 [ 0.04346116  0.10775673  1.0890249 ]
 [ 0.04276313  0.20635715  0.8170949 ]
 [ 0.19668555  0.21689925  0.7169596 ]
 [ 0.08068885 -0.1567122   1.1252358 ]
 [ 0.02671733 -0.16339028  0.8513906 ]
 [ 0.15563379 -0.1689106   0.68202233]]
[[ 0.          0.          0.7377858 ]
 [ 0.00826491 -0.12352261  0.7320646 ]
 [ 0.21330531  0.09715307  0.41502568]
 [ 0.14520541  0.24126405  0.03231955]
 [ 0.3162123   0.3000612   0.        ]
 [-0.00814787  0.12347166  0.7436749 ]
 [ 0.26063168  0.12220046  0.42661595]
 [-0.21695313  0.08255513  0.45057458]
 [-0.2777383   0.12139106  0.32105038]
 [ 0.03341162 -0.01121168  0.9563149 ]
 [ 0.06613772 -0.03110754  1.206669  ]
 [ 0.14528802 -0.08481359  1.3118604 ]
 [ 0.06117143 -0.08995825  1.3515334 ]
 [ 0.03251154  0.09480515  1.143045  ]
 [-0.02746715  0.21046557  0.8956508 ]
 [ 0.00749616  0.29568294  0.6998269 ]
 [ 0.08030209 -0.17443198  1.1778919 ]
 [ 0.06452624 -0.20750044  0.9041462 ]
 [ 0.23766577 -0.17453331  0.7526803 ]]
[[ 0.          0.          0.6841912 ]
 [-0.0092035  -0.11451163  0.66503924]
 [-0.00938148  0.12229614  0.33608794]
 [-0.23893666  0.29368842  0.09096491]
 [-0.12079014  0.38181707  0.        ]
 [ 0.00912746  0.11434484  0.702817  ]
 [ 0.37981415  0.06257007  0.5226397 ]
 [ 0.11276874  0.08439812  0.23651654]
 [ 0.23500112  0.09863806  0.09029186]
 [ 0.02332967 -0.02896023  0.90990126]
 [ 0.05053949 -0.04035902  1.1682397 ]
 [ 0.11735377 -0.08057636  1.2684164 ]
 [ 0.03886269 -0.0831002   1.3210456 ]
 [ 0.01241686  0.08150694  1.1109053 ]
 [-0.17207262  0.21988988  0.96256477]
 [-0.23997992  0.3047702   0.7119235 ]
 [ 0.07789065 -0.18502176  1.1303358 ]
 [ 0.1375587  -0.25649557  0.8712841 ]
 [ 0.29466882 -0.19606525  0.9334355 ]]
[[ 0.          0.          0.6295409 ]
 [-0.00578591 -0.10921395  0.6114655 ]
 [-0.07031524  0.15390319  0.30148208]
 [-0.38652545  0.30595294  0.15480581]
 [-0.3435186   0.42432776  0.04127705]
 [ 0.00573911  0.10900788  0.64687276]
 [ 0.39058137  0.06592716  0.49095505]
 [ 0.31597447  0.10586157  0.0976817 ]
 [ 0.5034027   0.10628581  0.        ]
 [ 0.02041981 -0.03064804  0.85743606]
 [ 0.04605006 -0.03485444  1.1159973 ]
 [ 0.11355818 -0.06044686  1.2027743 ]
 [ 0.02891517 -0.07923639  1.2613608 ]
 [-0.00948599  0.08213729  1.0660051 ]
 [-0.22343343  0.22216243  0.9588855 ]
 [-0.30395266  0.28994906  0.71156025]
 [ 0.09031546 -0.1764983   1.0835538 ]
 [ 0.16722253 -0.24217702  0.82959604]
 [ 0.30548427 -0.136868    0.96427596]]
[[ 0.          0.          0.6139703 ]
 [ 0.00331461 -0.106727    0.5960465 ]
 [-0.05313826  0.13479514  0.26263642]
 [-0.41758984  0.26381952  0.2898187 ]
 [-0.44526374  0.40721214  0.18752322]
 [-0.00328773  0.10648841  0.63119864]
 [ 0.37118223  0.10936408  0.43409556]
 [ 0.4438061   0.18995121  0.03733385]
 [ 0.6334801   0.18877459  0.        ]
 [ 0.01728215 -0.03550521  0.840547  ]
 [ 0.04965556 -0.02959067  1.0976825 ]
 [ 0.11593628 -0.05131108  1.1804516 ]
 [ 0.02991191 -0.07846761  1.2332219 ]
 [-0.01542955  0.08525029  1.0478776 ]
 [-0.23277506  0.21823674  0.9423525 ]
 [-0.25456372  0.28077248  0.6911582 ]
 [ 0.10253857 -0.16925156  1.070165  ]
 [ 0.16964912 -0.2426568   0.81688464]
 [ 0.30022794 -0.08349489  0.89729464]]
[[ 0.          0.          0.67204   ]
 [ 0.00939056 -0.11297371  0.6558508 ]
 [ 0.01133474  0.06284901  0.29402405]
 [-0.36504462  0.16235027  0.4186778 ]
 [-0.43926543  0.33279812  0.35876065]
 [-0.00930277  0.11272941  0.6877105 ]
 [ 0.32836723  0.1922903   0.42672667]
 [ 0.405756    0.27567658  0.03196013]
 [ 0.5952743   0.28406945  0.        ]
 [ 0.01900996 -0.02224411  0.89733934]
 [ 0.05998734 -0.00604981  1.1528621 ]
 [ 0.13256434 -0.03810346  1.2398223 ]
 [ 0.04502384 -0.06266773  1.290016  ]
 [-0.00700295  0.10929674  1.0964742 ]
 [-0.19663188  0.227362    0.94079417]
 [-0.11598927  0.2749019   0.7017671 ]
 [ 0.11158893 -0.1465418   1.1255965 ]
 [ 0.12712978 -0.24158166  0.8742303 ]
 [ 0.2618559  -0.08475465  0.79266906]]
[[ 0.0000000e+00  0.0000000e+00  7.3864114e-01]
 [ 1.2289904e-02 -1.2027565e-01  7.2292465e-01]
 [ 1.3599063e-01  8.9611411e-03  3.7681547e-01]
 [-2.6467979e-01  9.7529367e-02  5.4180014e-01]
 [-3.5169995e-01  2.7130884e-01  4.9337292e-01]
 [-1.2153290e-02  1.2014268e-01  7.5405025e-01]
 [ 2.6472145e-01  2.6019818e-01  4.5273256e-01]
 [ 2.6235139e-01  3.4734648e-01  6.2329888e-02]
 [ 4.5034632e-01  3.5903403e-01  0.0000000e+00]
 [ 2.5483821e-02  3.7629902e-04  9.5977110e-01]
 [ 7.3444888e-02  2.7834147e-02  1.2133718e+00]
 [ 1.4939620e-01 -1.5964568e-02  1.3078734e+00]
 [ 6.0565680e-02 -3.3117473e-02  1.3582976e+00]
 [ 9.9801719e-03  1.4467043e-01  1.1477365e+00]
 [-1.0506305e-01  2.6126415e-01  9.3441188e-01]
 [ 5.3044483e-02  2.6550370e-01  7.5179350e-01]
 [ 1.1559868e-01 -1.1467290e-01  1.1847448e+00]
 [ 7.6156527e-02 -2.0563039e-01  9.2081445e-01]
 [ 1.8313181e-01 -9.3140930e-02  7.3864883e-01]]
[[ 0.          0.          0.7320709 ]
 [ 0.01782138 -0.12699275  0.72002697]
 [ 0.31783623 -0.06904158  0.4735984 ]
 [-0.11511482 -0.05949095  0.4307445 ]
 [-0.14655669  0.03524745  0.33035922]
 [-0.01763495  0.12710868  0.7440553 ]
 [ 0.11384411  0.39426097  0.41204178]
 [-0.03570908  0.47780862  0.09808302]
 [ 0.14104669  0.5133281   0.        ]
 [ 0.03576779  0.02287868  0.9488276 ]
 [ 0.08472705  0.05974329  1.2028484 ]
 [ 0.16599746  0.00741708  1.3042815 ]
 [ 0.07557164 -0.011823    1.3490568 ]
 [ 0.03388565  0.18487388  1.126812  ]
 [ 0.09743947  0.27447113  0.86720246]
 [ 0.32565242  0.2694248   0.87703407]
 [ 0.11305568 -0.09580719  1.1834071 ]
 [-0.00234888 -0.17145331  0.9433422 ]
 [ 0.05544353 -0.0522858   0.7936317 ]]
[[ 0.          0.          0.65985525]
 [ 0.01464504 -0.13014328  0.6458765 ]
 [ 0.39287105 -0.06183629  0.52709025]
 [ 0.11243489 -0.10871565  0.19510287]
 [ 0.22599715 -0.08873332  0.07990319]
 [-0.01442406  0.13033465  0.6739823 ]
 [-0.00323765  0.422077    0.35520533]
 [-0.2887395   0.51917046  0.1338026 ]
 [-0.19030178  0.5621128   0.        ]
 [ 0.02323925  0.00407562  0.8811038 ]
 [ 0.05693802  0.02323991  1.1387745 ]
 [ 0.13969615 -0.01721555  1.2328968 ]
 [ 0.04672369 -0.0372811   1.2740262 ]
 [ 0.04621674  0.15940577  1.0709368 ]
 [ 0.18139777  0.23105682  0.8401521 ]
 [ 0.33944058  0.16017473  0.9808451 ]
 [ 0.04173142 -0.1351709   1.1230288 ]
 [-0.19624686 -0.21032962  1.0312761 ]
 [-0.17946514 -0.08229476  0.86029756]]
[[ 0.          0.          0.62405956]
 [ 0.01046253 -0.1292404   0.6118355 ]
 [ 0.36165494 -0.06604007  0.48637238]
 [ 0.33428466 -0.1042757   0.06377929]
 [ 0.51633465 -0.0986703   0.        ]
 [-0.01028856  0.12943795  0.63679886]
 [-0.065027    0.3586479   0.28882304]
 [-0.44260895  0.46898556  0.19854197]
 [-0.44524032  0.50322634  0.06864893]
 [ 0.00484672 -0.01442735  0.8452847 ]
 [ 0.02167924 -0.00880924  1.1010641 ]
 [ 0.10268246 -0.05915812  1.187796  ]
 [ 0.01449183 -0.06523937  1.2346969 ]
 [ 0.04228555  0.12946054  1.0360335 ]
 [ 0.18747638  0.19580469  0.81372595]
 [ 0.32358882  0.11237234  0.9707849 ]
 [-0.01545797 -0.1498932   1.0915538 ]
 [-0.2594002  -0.21359466  1.0415931 ]
 [-0.22904924 -0.09918684  0.8478216 ]]
[[ 0.          0.          0.6167189 ]
 [ 0.01742634 -0.121528    0.6035429 ]
 [ 0.35599902 -0.02985471  0.42954662]
 [ 0.44625717 -0.01614523  0.02042675]
 [ 0.6246865  -0.01388806  0.        ]
 [-0.01723316  0.12169694  0.63050807]
 [-0.03023365  0.30832624  0.25222915]
 [-0.45428884  0.33995456  0.2816307 ]
 [-0.5243262   0.40394056  0.16928682]
 [ 0.01600543 -0.02207528  0.8364339 ]
 [ 0.04057148 -0.02742797  1.089853  ]
 [ 0.11458135 -0.08137721  1.1879495 ]
 [ 0.03570023 -0.0879696   1.2275529 ]
 [ 0.0556913   0.10043117  1.0268426 ]
 [ 0.1550248   0.18667492  0.7806852 ]
 [ 0.3305234   0.10756356  0.8630265 ]
 [ 0.00998202 -0.15811709  1.0752261 ]
 [-0.21873048 -0.19769633  0.97813994]
 [-0.16338739 -0.11379807  0.7703389 ]]
[[ 0.          0.          0.6490166 ]
 [ 0.01708313 -0.1228095   0.6414017 ]
 [ 0.31909925  0.05571964  0.40571645]
 [ 0.4259003   0.13277823  0.01312768]
 [ 0.62081575  0.16450012  0.        ]
 [-0.01699434  0.12288409  0.657208  ]
 [ 0.06411388  0.20212822  0.27095085]
 [-0.41180658  0.13703606  0.37159318]
 [-0.53034115  0.206777    0.30848545]
 [ 0.0357253  -0.01235698  0.86877936]
 [ 0.07402679 -0.02238822  1.1206582 ]
 [ 0.15169239 -0.08068615  1.2192272 ]
 [ 0.06758218 -0.0825873   1.2647877 ]
 [ 0.0696854   0.1036424   1.0564705 ]
 [ 0.0965809   0.214236    0.7892674 ]
 [ 0.24264984  0.19149354  0.6821802 ]
 [ 0.05962747 -0.15653926  1.0998007 ]
 [-0.05004617 -0.19422075  0.87210757]
 [ 0.00732097 -0.17199063  0.6818014 ]]
[[ 0.          0.          0.7414547 ]
 [ 0.00451263 -0.12076434  0.73883986]
 [ 0.24397954  0.08695501  0.4331019 ]
 [ 0.2592642   0.19674754  0.04516798]
 [ 0.43574864  0.25501442  0.        ]
 [-0.00443072  0.12079269  0.7444643 ]
 [ 0.19206224  0.12307841  0.381336  ]
 [-0.28832138  0.05450104  0.46958607]
 [-0.38615072  0.09678358  0.37466753]
 [ 0.04065659 -0.0115023   0.95782274]
 [ 0.07637218 -0.03319746  1.2090684 ]
 [ 0.15827015 -0.09379977  1.3148998 ]
 [ 0.06988591 -0.07897085  1.3563249 ]
 [ 0.07071841  0.09357837  1.1396389 ]
 [ 0.04435655  0.20961285  0.8785713 ]
 [ 0.14784503  0.26631406  0.6876353 ]
 [ 0.06388679 -0.17036155  1.1814363 ]
 [ 0.02067419 -0.2025217   0.90479547]
 [ 0.14490393 -0.23233049  0.74266315]]
[[ 0.          0.          0.6899239 ]
 [-0.01869925 -0.11049885  0.6745853 ]
 [ 0.00861948  0.11281046  0.35383123]
 [-0.15057194  0.31226876  0.0813306 ]
 [-0.00931668  0.38550687  0.        ]
 [ 0.01859185  0.11037206  0.7049304 ]
 [ 0.3786421   0.04423666  0.50738597]
 [ 0.04259057  0.07868123  0.31035504]
 [ 0.12004179  0.09676379  0.15364212]
 [ 0.02751246 -0.03134717  0.91307175]
 [ 0.05815882 -0.04401371  1.1704248 ]
 [ 0.12295686 -0.08732432  1.2800637 ]
 [ 0.045036   -0.06945264  1.3237599 ]
 [ 0.04204199  0.07981256  1.1084702 ]
 [-0.11942092  0.23284988  0.9444666 ]
 [-0.18029553  0.32864547  0.7030415 ]
 [ 0.06261805 -0.18747959  1.1329176 ]
 [ 0.115007   -0.28113055  0.8781178 ]
 [ 0.27558136 -0.25439155  0.9089811 ]]
[[ 0.          0.          0.63182294]
 [-0.01896764 -0.10865343  0.61176664]
 [-0.07761215  0.13865224  0.3128777 ]
 [-0.3695705   0.32063466  0.12071019]
 [-0.2839868   0.41749626  0.        ]
 [ 0.01882196  0.1084464   0.6512704 ]
 [ 0.4060405   0.02492648  0.4971472 ]
 [ 0.25788414  0.04638082  0.13323349]
 [ 0.4254465   0.04741526  0.02175212]
 [ 0.02034483 -0.03585453  0.85940164]
 [ 0.04741661 -0.04249591  1.1179903 ]
 [ 0.10800894 -0.07246864  1.2159753 ]
 [ 0.03162394 -0.0712921   1.2645988 ]
 [ 0.01510975  0.07778856  1.067587  ]
 [-0.19732752  0.22722846  0.9641315 ]
 [-0.29171255  0.3058416   0.72607946]
 [ 0.06886299 -0.18666965  1.0826242 ]
 [ 0.15546986 -0.26846525  0.8435261 ]
 [ 0.28807384 -0.18627074  0.9655123 ]]
[[ 0.0000000e+00  0.0000000e+00  5.9682751e-01]
 [-1.3424270e-02 -1.0669902e-01  5.7700056e-01]
 [-8.5098192e-02  1.3717747e-01  2.6538348e-01]
 [-4.5155871e-01  2.9203013e-01  2.2848696e-01]
 [-4.3329358e-01  4.1546661e-01  1.0254249e-01]
 [ 1.3343047e-02  1.0645838e-01  6.1599255e-01]
 [ 3.9612079e-01  3.8600922e-02  4.4045514e-01]
 [ 4.3315989e-01  8.8620037e-02  4.4189513e-02]
 [ 6.2789065e-01  8.4580362e-02  0.0000000e+00]
 [ 1.5922995e-02 -3.7409797e-02  8.2514471e-01]
 [ 4.2718053e-02 -4.2631179e-02  1.0824711e+00]
 [ 1.0082479e-01 -6.3583076e-02  1.1717198e+00]
 [ 2.5885198e-02 -7.6090336e-02  1.2192509e+00]
 [-1.8202513e-04  7.5583309e-02  1.0382149e+00]
 [-2.2487646e-01  2.2068328e-01  9.6350801e-01]
 [-2.7645573e-01  2.8283077e-01  7.1691954e-01]
 [ 7.4909002e-02 -1.8264607e-01  1.0496200e+00]
 [ 1.6742164e-01 -2.6047599e-01  8.2160234e-01]
 [ 2.8120500e-01 -1.2082611e-01  9.4445276e-01]]
[[ 0.          0.          0.5958234 ]
 [-0.00634718 -0.10827453  0.5790826 ]
 [-0.06642698  0.11487915  0.24297023]
 [-0.44173774  0.25259012  0.30704528]
 [-0.47801542  0.39154476  0.20829484]
 [ 0.0063534   0.10799595  0.61200035]
 [ 0.36789286  0.10486725  0.39282185]
 [ 0.48447618  0.16153497  0.00946254]
 [ 0.68347305  0.16005224  0.        ]
 [ 0.01387027 -0.0410706   0.82149035]
 [ 0.0438473  -0.04448956  1.0781146 ]
 [ 0.10401868 -0.06455344  1.1646295 ]
 [ 0.02693245 -0.08242869  1.2123904 ]
 [-0.00498509  0.07390881  1.0283959 ]
 [-0.21660918  0.21270278  0.9345463 ]
 [-0.22166339  0.26107752  0.6796783 ]
 [ 0.07985272 -0.18228841  1.044152  ]
 [ 0.14212349 -0.26710525  0.80550903]
 [ 0.26625562 -0.11370467  0.876722  ]]
[[ 0.00000000e+00  0.00000000e+00  6.57135844e-01]
 [ 5.78287989e-04 -1.13678403e-01  6.40640378e-01]
 [-3.18917632e-03  6.53292537e-02  2.85698324e-01]
 [-3.89193505e-01  1.68225944e-01  4.01810974e-01]
 [-4.52980220e-01  3.35561514e-01  3.40885222e-01]
 [-5.03182411e-04  1.13421805e-01  6.73165441e-01]
 [ 3.26540291e-01  1.69242024e-01  3.98356318e-01]
 [ 4.31050718e-01  2.29801029e-01  1.33748055e-02]
 [ 6.34703338e-01  2.40253747e-01  0.00000000e+00]
 [ 1.56821683e-02 -2.65530497e-02  8.80595207e-01]
 [ 5.34780212e-02 -1.75936520e-02  1.13616335e+00]
 [ 1.19822025e-01 -5.26634455e-02  1.22882986e+00]
 [ 3.73930335e-02 -6.43414855e-02  1.27465808e+00]
 [ 5.28370962e-03  9.89110172e-02  1.07821643e+00]
 [-1.81495488e-01  2.24938512e-01  9.30623651e-01]
 [-9.92289484e-02  2.53107786e-01  6.88982010e-01]
 [ 8.34276825e-02 -1.57630682e-01  1.10186648e+00]
 [ 9.35294479e-02 -2.53528148e-01  8.45666111e-01]
 [ 2.47401983e-01 -1.17202975e-01  7.83751249e-01]]
[[ 0.          0.          0.7534411 ]
 [ 0.00309018 -0.12311821  0.7367525 ]
 [ 0.17632256 -0.0195227   0.40615806]
 [-0.28651148  0.06044306  0.52183485]
 [-0.35468477  0.22069249  0.4292357 ]
 [-0.00298195  0.12305795  0.76994824]
 [ 0.23579963  0.24857983  0.43428776]
 [ 0.20516182  0.32129756  0.06039089]
 [ 0.39976317  0.34195262  0.        ]
 [ 0.02196349 -0.0014344   0.9705877 ]
 [ 0.06519867  0.02405262  1.2258718 ]
 [ 0.13826501 -0.02667403  1.3278143 ]
 [ 0.05891656 -0.01992983  1.3800709 ]
 [ 0.03381724  0.14552552  1.1561235 ]
 [-0.05601284  0.26212373  0.92990565]
 [ 0.14022839  0.2794907   0.78488946]
 [ 0.07280847 -0.12477204  1.190172  ]
 [ 0.01958006 -0.19971888  0.91961646]
 [ 0.1341224  -0.10623662  0.76241195]]
[[ 0.          0.          0.7023883 ]
 [ 0.00458279 -0.131568    0.6926228 ]
 [ 0.36917245 -0.08163503  0.5020889 ]
 [-0.03255729 -0.11080888  0.32770807]
 [ 0.01258975 -0.07286596  0.18680364]
 [-0.00440047  0.13169372  0.71225727]
 [ 0.10737944  0.35441288  0.36192346]
 [-0.13685644  0.4483855   0.10616231]
 [ 0.01327451  0.49806342  0.        ]
 [ 0.02708872  0.01809233  0.9212271 ]
 [ 0.06562148  0.04332983  1.1775699 ]
 [ 0.14948541 -0.017744    1.271713  ]
 [ 0.06837066 -0.00994331  1.3200548 ]
 [ 0.07059157  0.17569786  1.1033165 ]
 [ 0.16544308  0.25480452  0.852463  ]
 [ 0.37665546  0.20542756  0.90906334]
 [ 0.04070665 -0.11654565  1.1561446 ]
 [-0.07235534 -0.20543486  0.92000103]
 [ 0.02215029 -0.09563281  0.80442506]]
[[ 0.          0.          0.62633085]
 [-0.00376756 -0.132927    0.62037814]
 [ 0.3556624  -0.1315603   0.4868824 ]
 [ 0.22172499 -0.1985336   0.07786429]
 [ 0.39358523 -0.19900137  0.01780844]
 [ 0.00389016  0.13312677  0.6328418 ]
 [ 0.02008799  0.33130357  0.27088955]
 [-0.35149682  0.45978025  0.13846707]
 [-0.32511714  0.5017259   0.        ]
 [-0.01771283 -0.00190835  0.84922683]
 [-0.01902011  0.00842887  1.1064149 ]
 [ 0.07036732 -0.06445038  1.1811919 ]
 [-0.00787847 -0.03608751  1.2356988 ]
 [ 0.04118122  0.13110101  1.0465887 ]
 [ 0.19041052  0.1768034   0.8224373 ]
 [ 0.3399316   0.08966404  0.96978223]
 [-0.09888457 -0.11913857  1.0877337 ]
 [-0.3203048  -0.21111465  1.0259103 ]
 [-0.2805259  -0.08762364  0.83389175]]
[[ 0.          0.          0.59604263]
 [-0.00742815 -0.12983401  0.5884385 ]
 [ 0.33855808 -0.14086242  0.43988964]
 [ 0.3432504  -0.18540108  0.02100867]
 [ 0.5189493  -0.19765556  0.        ]
 [ 0.00757627  0.12999442  0.6043714 ]
 [ 0.01858144  0.28048635  0.22485203]
 [-0.38346255  0.4207088   0.15308392]
 [-0.39690328  0.461501    0.02776861]
 [-0.01798677 -0.00936092  0.818367  ]
 [-0.0203811  -0.00600925  1.07476   ]
 [ 0.06611738 -0.07712904  1.1505159 ]
 [-0.01031728 -0.04509449  1.2040086 ]
 [ 0.0456011   0.11175323  1.0198545 ]
 [ 0.18655765  0.16476905  0.79301596]
 [ 0.34174958  0.07496497  0.9185161 ]
 [-0.10320413 -0.12560514  1.0540054 ]
 [-0.33695596 -0.20081216  0.99917597]
 [-0.291855   -0.09185012  0.7930298 ]]
[[ 0.          0.          0.6028209 ]
 [-0.00892954 -0.1277891   0.5937469 ]
 [ 0.3268476  -0.13905951  0.42662424]
 [ 0.37716913 -0.16173118  0.00844657]
 [ 0.5500512  -0.18070364  0.        ]
 [ 0.0091095   0.12793106  0.6126231 ]
 [ 0.0451211   0.24197488  0.2200574 ]
 [-0.3535414   0.3890734   0.180807  ]
 [-0.3796022   0.42859158  0.05542094]
 [-0.01351628 -0.01462577  0.82332826]
 [-0.0164423  -0.0201138   1.0780494 ]
 [ 0.06460703 -0.09329671  1.1603069 ]
 [-0.0146098  -0.05926335  1.2108357 ]
 [ 0.04797166  0.09367424  1.0228755 ]
 [ 0.16134176  0.16428667  0.78137416]
 [ 0.333858    0.06942964  0.85634947]
 [-0.09890418 -0.13633275  1.054568  ]
 [-0.33833864 -0.2063132   0.9786515 ]
 [-0.27719176 -0.11379133  0.7595315 ]]
[[ 0.          0.          0.6524151 ]
 [-0.01268898 -0.12857394  0.6464343 ]
 [ 0.307996   -0.08974281  0.42733604]
 [ 0.35839492 -0.0615688   0.00413084]
 [ 0.5262612  -0.07698673  0.        ]
 [ 0.01285561  0.12870978  0.6590864 ]
 [ 0.13424122  0.19017808  0.26351407]
 [-0.25785986  0.33360457  0.22812054]
 [-0.2738651   0.37533313  0.0812043 ]
 [-0.00587606 -0.02241044  0.8719977 ]
 [-0.00295894 -0.03378075  1.1265221 ]
 [ 0.06961625 -0.1099706   1.2170503 ]
 [-0.01274428 -0.06778538  1.2667933 ]
 [ 0.05527601  0.08197257  1.0659704 ]
 [ 0.12738061  0.18679099  0.81271505]
 [ 0.32180882  0.14469193  0.76138985]
 [-0.08223438 -0.1547435   1.1009209 ]
 [-0.31013536 -0.22021876  0.9631299 ]
 [-0.23636752 -0.16779514  0.73738855]]
[[ 0.          0.          0.7125259 ]
 [-0.0419583  -0.12015318  0.69765276]
 [ 0.20790328 -0.00690755  0.3879797 ]
 [ 0.08037286  0.13497841  0.05998796]
 [ 0.22685032  0.18197459  0.        ]
 [ 0.04201219  0.12016727  0.72752935]
 [ 0.34240836  0.04702261  0.41118017]
 [ 0.03851766  0.16320148  0.20288599]
 [ 0.15400498  0.1860854   0.06958467]
 [ 0.01640723 -0.00618103  0.92804503]
 [ 0.02856262 -0.01929578  1.1840227 ]
 [ 0.09498572 -0.07464534  1.3051693 ]
 [ 0.02157283 -0.00863004  1.3413363 ]
 [ 0.07427692  0.10311574  1.1165854 ]
 [ 0.0317222   0.25436255  0.8938567 ]
 [ 0.10299055  0.3230538   0.65445954]
 [-0.03137774 -0.15156588  1.1396613 ]
 [-0.06686821 -0.2265776   0.86528146]
 [ 0.07175301 -0.2960516   0.74018914]]
[[ 0.00000000e+00  0.00000000e+00  6.83774173e-01]
 [-5.51206283e-02 -1.07129179e-01  6.67485416e-01]
 [ 3.47577780e-02  4.68841791e-02  3.19310844e-01]
 [-2.17062384e-01  2.78853059e-01  9.50917602e-02]
 [-1.31119758e-01  3.28914344e-01  3.52793932e-03]
 [ 5.50189540e-02  1.06995687e-01  6.99670613e-01]
 [ 3.72938752e-01 -3.97058427e-02  4.31189239e-01]
 [ 3.24546844e-01 -9.12256837e-02  4.48542237e-02]
 [ 5.34455061e-01 -1.10086858e-01  0.00000000e+00]
 [ 1.12098064e-02 -2.07181722e-02  8.98370326e-01]
 [ 2.29958668e-02 -2.41357982e-02  1.15434909e+00]
 [ 7.81123936e-02 -6.48311377e-02  1.27035999e+00]
 [ 5.77435829e-04 -2.10301876e-02  1.31351352e+00]
 [ 4.02548946e-02  1.00593984e-01  1.09247720e+00]
 [-1.04112715e-01  2.80512393e-01  9.34031844e-01]
 [-7.69299865e-02  3.47627789e-01  6.81303322e-01]
 [-5.31557947e-03 -1.62162483e-01  1.11413121e+00]
 [ 1.72709450e-02 -2.57528782e-01  8.57454240e-01]
 [ 1.88283890e-01 -2.80427456e-01  8.61346662e-01]]
[[ 0.          0.          0.5976482 ]
 [-0.04058559 -0.09321125  0.5845402 ]
 [-0.12024005  0.1147885   0.28929657]
 [-0.45600986  0.31512222  0.14358878]
 [-0.43558842  0.40724236  0.04275948]
 [ 0.04050942  0.09300426  0.6101778 ]
 [ 0.35549235  0.01252705  0.31751978]
 [ 0.5503279  -0.0400815   0.        ]
 [ 0.7350075  -0.0459522   0.03318524]
 [-0.01878721 -0.02500077  0.8154391 ]
 [-0.03244807 -0.0161992   1.068737  ]
 [ 0.01260207 -0.02730966  1.1809347 ]
 [-0.06865862 -0.02122074  1.2169588 ]
 [-0.05311813  0.09882793  1.0061927 ]
 [-0.23203999  0.26516068  0.88336724]
 [-0.16098765  0.29791617  0.6380502 ]
 [-0.01744376 -0.15406999  1.0432504 ]
 [ 0.04496664 -0.26017696  0.82755005]
 [ 0.13934457 -0.1582608   0.907707  ]]
[[ 0.          0.          0.5760861 ]
 [-0.03657753 -0.08226401  0.56575316]
 [-0.15026501  0.11875458  0.27547136]
 [-0.49343324  0.32474545  0.17788845]
 [-0.49675894  0.42881715  0.07147396]
 [ 0.03651078  0.08204164  0.58589053]
 [ 0.33959836  0.02057001  0.28446433]
 [ 0.56368124 -0.00337452  0.        ]
 [ 0.7300873  -0.0187881   0.03730732]
 [-0.02916862 -0.02804343  0.79307044]
 [-0.0514821  -0.01861399  1.0439194 ]
 [-0.01038986 -0.03070086  1.158261  ]
 [-0.09122705 -0.03010696  1.1891267 ]
 [-0.07937912  0.08705044  0.97518384]
 [-0.24996358  0.2503318   0.85422325]
 [-0.17513806  0.25955564  0.6087029 ]
 [-0.02553475 -0.15058234  1.0245042 ]
 [ 0.0461069  -0.2601627   0.8271959 ]
 [ 0.11724626 -0.11432488  0.8982953 ]]
[[ 0.          0.          0.55561894]
 [-0.01492277 -0.09152677  0.54728323]
 [-0.11887491  0.08805063  0.2176002 ]
 [-0.5366558   0.18553789  0.29134932]
 [-0.565007    0.28657508  0.25769734]
 [ 0.01491249  0.09127104  0.56364703]
 [ 0.31967485  0.0982191   0.24711391]
 [ 0.40092406  0.0605889   0.        ]
 [ 0.54324573  0.07214528  0.01379567]
 [-0.03157421  0.00476702  0.77827775]
 [-0.05639764  0.04010075  1.0316281 ]
 [-0.01222638  0.02339381  1.1524396 ]
 [-0.09313137  0.03137803  1.1848327 ]
 [-0.07932857  0.14673465  0.9343627 ]
 [-0.20368487  0.27443337  0.7280191 ]
 [-0.01240729  0.27433133  0.5616237 ]
 [-0.03426986 -0.10245639  1.0277146 ]
 [-0.04097227 -0.24640755  0.8280232 ]
 [ 0.05638953 -0.21265425  0.747151  ]]
[[ 0.0000000e+00  0.0000000e+00  6.3653386e-01]
 [ 3.4092776e-03 -9.9896401e-02  6.3753211e-01]
 [-7.0127703e-02  3.6059946e-02  2.9942420e-01]
 [-4.3308246e-01  1.7067716e-02  4.6515092e-01]
 [-5.3845084e-01  1.6696714e-01  4.4846186e-01]
 [-3.3707395e-03  9.9654600e-02  6.3542771e-01]
 [ 2.6796931e-01  1.6010413e-01  3.0431089e-01]
 [ 3.0656785e-01  2.2058156e-01  0.0000000e+00]
 [ 4.3701649e-01  2.2064900e-01  2.4978340e-02]
 [-2.3884613e-02  3.9062247e-02  8.5457152e-01]
 [-4.9478173e-02  9.2876822e-02  1.1047345e+00]
 [ 1.6938895e-05  8.2942665e-02  1.2263100e+00]
 [-8.8594288e-02  9.3256116e-02  1.2555569e+00]
 [-4.8779488e-02  2.0203948e-01  9.9059737e-01]
 [-3.6812276e-03  2.8289968e-01  7.3350972e-01]
 [ 1.9224294e-01  1.7958391e-01  7.0910960e-01]
 [-4.4590652e-02 -5.3979099e-02  1.1168463e+00]
 [-4.8339143e-02 -2.5430819e-01  1.1304657e+00]
 [ 7.5375214e-03 -2.1430749e-01  1.1881549e+00]]
[[ 0.          0.          0.7073842 ]
 [ 0.00567858 -0.12712654  0.7087408 ]
 [ 0.25624877 -0.12811926  0.51039255]
 [-0.20498385 -0.08202398  0.44970533]
 [-0.27766728  0.02256685  0.35760635]
 [-0.00561166  0.12726384  0.7059289 ]
 [ 0.11027145  0.23102959  0.34264636]
 [-0.00517204  0.27187455  0.        ]
 [ 0.19019741  0.24857002  0.00156897]
 [ 0.01474413  0.05330497  0.9193364 ]
 [ 0.03030577  0.11618537  1.1691732 ]
 [ 0.08618078  0.09262156  1.287318  ]
 [-0.01085488  0.11309993  1.3230431 ]
 [ 0.07553452  0.22907418  1.0764699 ]
 [ 0.22768703  0.20303793  0.82316715]
 [ 0.3625272   0.03928861  1.0004395 ]
 [-0.02321437 -0.02967122  1.160433  ]
 [-0.24647205 -0.15121189  1.0836242 ]
 [-0.25675356 -0.12409616  1.1064601 ]]
[[ 0.          0.          0.73937553]
 [ 0.01009603 -0.11300775  0.7572835 ]
 [ 0.32613802 -0.19104324  0.6289588 ]
 [ 0.07929739 -0.28762877  0.28597105]
 [ 0.14320377 -0.24642956  0.17165726]
 [-0.0099958   0.11331383  0.72171724]
 [-0.12937868  0.23956054  0.36093011]
 [-0.3322252   0.27401412  0.05048496]
 [-0.21901995  0.30384764  0.        ]
 [ 0.00511627  0.07110867  0.9455036 ]
 [ 0.01076911  0.12770593  1.192781  ]
 [ 0.09323259  0.07915407  1.2866861 ]
 [ 0.01503778  0.11250103  1.331722  ]
 [ 0.10883458  0.20203948  1.113149  ]
 [ 0.30695173  0.11698942  0.93203145]
 [ 0.34224486 -0.00343281  1.1556463 ]
 [-0.09606531  0.04798645  1.1865735 ]
 [-0.3500476  -0.02789876  1.1465461 ]
 [-0.31122786 -0.1968155   1.069157  ]]
[[ 0.00000000e+00  0.00000000e+00  6.54748738e-01]
 [-8.17582011e-04 -1.12422794e-01  6.66319788e-01]
 [ 2.89771736e-01 -2.70892978e-01  5.21811426e-01]
 [ 2.41126895e-01 -4.16626453e-01  1.16689146e-01]
 [ 3.78329039e-01 -4.05725539e-01  8.27865005e-02]
 [ 9.76573676e-04  1.12602107e-01  6.43647254e-01]
 [-1.31344408e-01  2.21291050e-01  2.77694613e-01]
 [-4.33980554e-01  2.83615708e-01  7.04886317e-02]
 [-3.76065552e-01  3.26546580e-01  0.00000000e+00]
 [ 7.06461444e-03  5.79560101e-02  8.66111755e-01]
 [ 2.09437720e-02  1.09099597e-01  1.11695838e+00]
 [ 1.05726875e-01  5.68928719e-02  1.20759404e+00]
 [ 3.42935026e-02  9.75800157e-02  1.25805402e+00]
 [ 1.23470388e-01  1.69376016e-01  1.03172588e+00]
 [ 3.14191192e-01  8.58512223e-02  8.45287681e-01]
 [ 3.63844275e-01 -2.00671554e-02  1.03513861e+00]
 [-9.28115845e-02  4.94148433e-02  1.11635268e+00]
 [-3.49354506e-01 -1.99264288e-02  1.07486939e+00]
 [-2.80133367e-01 -1.88655198e-01  1.12681699e+00]]
[[ 0.          0.          0.6035056 ]
 [-0.00266913 -0.108909    0.61109567]
 [ 0.27633235 -0.28111944  0.4428334 ]
 [ 0.3337327  -0.42355788  0.0551362 ]
 [ 0.48648536 -0.43106472  0.04917228]
 [ 0.00288691  0.10900226  0.59651804]
 [-0.13002288  0.19041824  0.21621758]
 [-0.46062154  0.2440781   0.09690577]
 [-0.43270692  0.27316943  0.        ]
 [ 0.00664392  0.04543142  0.81719303]
 [ 0.02671763  0.09951091  1.0677024 ]
 [ 0.11082053  0.04516047  1.1591063 ]
 [ 0.04108443  0.09380525  1.2067161 ]
 [ 0.12624185  0.15314382  0.9772384 ]
 [ 0.30052078  0.0918759   0.7736021 ]
 [ 0.37857908 -0.0198642   0.9003021 ]
 [-0.08742031  0.04459411  1.0748737 ]
 [-0.33335418 -0.03661269  1.0273566 ]
 [-0.24629955 -0.18109465  1.1463488 ]]
[[ 0.          0.          0.6126196 ]
 [ 0.00901917 -0.10166626  0.61385894]
 [ 0.2872886  -0.16634311  0.39842585]
 [ 0.40885103 -0.22027248  0.        ]
 [ 0.5765799  -0.21352953  0.0208568 ]
 [-0.00884574  0.10165539  0.61212873]
 [-0.08854991  0.14452949  0.21092391]
 [-0.49425018  0.1101329   0.24047792]
 [-0.5679321   0.1556724   0.18649346]
 [ 0.00183354  0.04142871  0.8266409 ]
 [ 0.01903186  0.09412697  1.0777932 ]
 [ 0.09930317  0.04260254  1.1753128 ]
 [ 0.02961858  0.07820868  1.2240466 ]
 [ 0.10318664  0.13812068  0.9832205 ]
 [ 0.21567911  0.10907106  0.7400441 ]
 [ 0.33822805  0.04341317  0.67802393]
 [-0.08001466  0.03547305  1.0954744 ]
 [-0.2811749  -0.08711144  1.115493  ]
 [-0.21262985 -0.19569808  1.2687647 ]]
[[ 0.          0.          0.70143324]
 [ 0.01075935 -0.09593888  0.69940746]
 [ 0.2480281  -0.07213354  0.4246297 ]
 [ 0.33359197 -0.10191292  0.00613207]
 [ 0.5219308  -0.07625467  0.        ]
 [-0.01068324  0.09584893  0.7041622 ]
 [-0.02252848  0.09583333  0.2967353 ]
 [-0.44810855 -0.02433181  0.3840669 ]
 [-0.54680264  0.02392218  0.35797462]
 [-0.01370328  0.02780694  0.91471094]
 [-0.00932957  0.07976741  1.1642109 ]
 [ 0.06966612  0.0274666   1.2687033 ]
 [-0.00707282  0.07092005  1.3127623 ]
 [ 0.05372903  0.12029698  1.0620325 ]
 [ 0.09845489  0.11591241  0.80342895]
 [ 0.14721921  0.1316295   0.6365679 ]
 [-0.09284988  0.01179248  1.1968281 ]
 [-0.2246001  -0.16725487  1.3003294 ]
 [-0.199274   -0.23338878  1.4563851 ]]
[[ 0.          0.          0.8642447 ]
 [-0.01479086 -0.08914832  0.86223555]
 [ 0.12595285 -0.01592097  0.49854597]
 [ 0.06027973 -0.026043    0.06914884]
 [ 0.2265517   0.01005888  0.        ]
 [ 0.01474505  0.08896477  0.86639035]
 [ 0.203495   -0.01171792  0.5461379 ]
 [-0.17443104  0.027978    0.5684769 ]
 [-0.24449353  0.07331461  0.46746314]
 [-0.02876477  0.03208961  1.083651  ]
 [-0.03066112  0.10182929  1.3313274 ]
 [ 0.04819274  0.04383087  1.4296803 ]
 [-0.04649699  0.08370209  1.4679399 ]
 [-0.02726947  0.18713784  1.2120355 ]
 [-0.03513335  0.31232473  0.9766011 ]
 [-0.014654    0.4296621   0.7804593 ]
 [-0.06534192 -0.01299751  1.389062  ]
 [-0.07500082 -0.23734882  1.5641117 ]
 [-0.0435477  -0.18381882  1.7275465 ]]
[[ 0.          0.          0.86280525]
 [-0.02121988 -0.07651673  0.85560995]
 [ 0.04020789 -0.00747937  0.50524133]
 [-0.14653699 -0.00592911  0.09926736]
 [-0.02009547  0.03841287  0.        ]
 [ 0.02114426  0.07625435  0.86976755]
 [ 0.27718765 -0.11795712  0.6490191 ]
 [-0.09554245 -0.08314708  0.511083  ]
 [-0.16079238 -0.06306276  0.3991842 ]
 [-0.03391246  0.02611436  1.0823458 ]
 [-0.04798923  0.09363663  1.3312242 ]
 [ 0.03619616  0.04776978  1.4094715 ]
 [-0.05181018  0.07558781  1.4651754 ]
 [-0.07696192  0.17879266  1.2162385 ]
 [-0.15953714  0.27737814  0.97678673]
 [-0.19913393  0.37883574  0.77492905]
 [-0.04394047 -0.03140005  1.3853464 ]
 [ 0.03090221 -0.24897501  1.548007  ]
 [ 0.05773576 -0.1768108   1.6912105 ]]
[[ 0.          0.          0.69905585]
 [-0.0116579  -0.08788019  0.69484687]
 [-0.0247622  -0.00302237  0.35536796]
 [-0.39869446  0.00739074  0.13387072]
 [-0.37455767  0.07944453  0.        ]
 [ 0.01139824  0.08750357  0.70272636]
 [ 0.31386834 -0.12891337  0.6263401 ]
 [ 0.13720338 -0.2235229   0.22937477]
 [ 0.25904143 -0.27600366  0.12203223]
 [-0.05218287  0.02010155  0.92726386]
 [-0.08240865  0.07892272  1.175555  ]
 [ 0.01054854  0.06695247  1.2482915 ]
 [-0.06798407  0.05361104  1.3105772 ]
 [-0.1521593   0.17424664  1.0764171 ]
 [-0.270875    0.29212847  0.9182846 ]
 [-0.3036043   0.45893732  0.8343755 ]
 [-0.04061737 -0.05892289  1.2180516 ]
 [ 0.09101301 -0.25751007  1.2742198 ]
 [ 0.20924014 -0.2181136   1.4091476 ]]
[[ 0.0000000e+00  0.0000000e+00  5.1641989e-01]
 [-9.4727054e-04 -9.0560123e-02  5.1298356e-01]
 [ 3.1255949e-03 -2.0863354e-02  1.5926814e-01]
 [-4.2246804e-01 -3.5159111e-02  1.2113920e-01]
 [-4.6118331e-01  6.3372612e-02  2.6507616e-02]
 [ 7.1493536e-04  9.0112053e-02  5.1935494e-01]
 [ 3.4791872e-01 -7.0111483e-02  4.4611770e-01]
 [ 3.9086604e-01 -2.0872393e-01  2.8209597e-02]
 [ 5.6666583e-01 -2.5149211e-01  0.0000000e+00]
 [-4.3128401e-02  1.7976910e-02  7.5177699e-01]
 [-7.0642561e-02  5.5514038e-02  1.0054898e+00]
 [ 1.7520865e-02  5.8126986e-02  1.0819210e+00]
 [-6.1062321e-02  3.9263785e-02  1.1518798e+00]
 [-1.4635381e-01  1.5563288e-01  9.2939258e-01]
 [-2.6745749e-01  3.1543779e-01  8.5248518e-01]
 [-2.4021119e-01  4.8562768e-01  9.0917850e-01]
 [-1.5923094e-02 -8.0436766e-02  1.0201007e+00]
 [ 1.3616475e-01 -2.7558890e-01  9.8712271e-01]
 [ 3.2447714e-01 -2.2953621e-01  1.0041199e+00]]
[[ 0.0000000e+00  0.0000000e+00  5.1004690e-01]
 [-3.5304576e-04 -9.1627777e-02  5.1102370e-01]
 [ 6.8547502e-02 -4.6211660e-02  1.9077674e-01]
 [-3.6161891e-01 -1.0049999e-01  2.1107432e-01]
 [-4.2844105e-01  7.0550442e-03  1.7384252e-01]
 [ 1.5626848e-04  9.1119312e-02  5.0863296e-01]
 [ 3.6909297e-01 -1.7217353e-02  3.9195415e-01]
 [ 5.1463950e-01 -1.4178163e-01  0.0000000e+00]
 [ 6.9104958e-01 -1.8061233e-01  1.4992654e-02]
 [-3.4454256e-02  1.4771134e-02  7.4664915e-01]
 [-5.4892756e-02  4.6257317e-02  1.0017738e+00]
 [ 2.3403613e-02  4.8548400e-02  1.0841902e+00]
 [-5.6846604e-02  2.2750795e-02  1.1458514e+00]
 [-1.2586662e-01  1.4436808e-01  9.3779165e-01]
 [-2.2354966e-01  3.3640733e-01  9.3361062e-01]
 [-1.9557416e-01  4.8930082e-01  1.0844014e+00]
 [-2.1453835e-03 -7.9207867e-02  9.9971813e-01]
 [ 1.4067158e-01 -2.5377652e-01  9.0017110e-01]
 [ 3.3228219e-01 -2.0392472e-01  8.2509673e-01]]
[[ 0.          0.          0.5380576 ]
 [ 0.00395737 -0.08654271  0.5420037 ]
 [ 0.11878058 -0.07650399  0.24988899]
 [-0.30919906 -0.15144129  0.27196315]
 [-0.38966572 -0.03844373  0.26240057]
 [-0.00412641  0.08602539  0.53370297]
 [ 0.37666762 -0.00616392  0.38541624]
 [ 0.53995    -0.10252482  0.        ]
 [ 0.70688224 -0.14282858  0.02570552]
 [-0.0281713   0.01653153  0.77206916]
 [-0.04701285  0.04193991  1.0272615 ]
 [ 0.02873214  0.04616189  1.1136351 ]
 [-0.0504372   0.02104175  1.1740106 ]
 [-0.1159839   0.1314176   0.96641093]
 [-0.19789648  0.31330994  1.0065521 ]
 [-0.18113822  0.40052795  1.2045207 ]
 [ 0.00721402 -0.07490146  1.0141746 ]
 [ 0.1540823  -0.22826797  0.87909806]
 [ 0.36295265 -0.17785817  0.777121  ]]
[[ 0.00000000e+00  0.00000000e+00  6.46216929e-01]
 [-3.15025449e-04 -1.19718328e-01  6.61630034e-01]
 [ 2.70086646e-01 -1.73114836e-01  4.66117293e-01]
 [-1.98931798e-01 -2.22624362e-01  3.93743575e-01]
 [-2.61898726e-01 -1.19433612e-01  3.29759896e-01]
 [ 1.14884228e-04  1.19386956e-01  6.30497932e-01]
 [ 3.91378880e-01  4.49862629e-02  4.17831182e-01]
 [ 5.03364503e-01  1.61361694e-03  0.00000000e+00]
 [ 7.01806903e-01 -4.84272242e-02  1.66231990e-02]
 [-2.57666111e-02  2.82645971e-02  8.71432900e-01]
 [-4.17639911e-02  5.81605434e-02  1.12553430e+00]
 [ 3.95146497e-02  5.83970547e-02  1.21130764e+00]
 [-3.15125436e-02  2.93900967e-02  1.27197969e+00]
 [-8.25883746e-02  1.76714420e-01  1.07350039e+00]
 [-3.61707807e-02  3.35100651e-01  1.11355972e+00]
 [ 3.32364738e-02  4.33758318e-01  1.27245092e+00]
 [-1.69548262e-02 -8.44253302e-02  1.09712684e+00]
 [ 6.50006980e-02 -2.45469183e-01  9.25142169e-01]
 [ 2.27678388e-01 -1.36685565e-01  7.83713818e-01]]
[[ 0.          0.          0.8209233 ]
 [ 0.00623048 -0.13185114  0.85563487]
 [ 0.3445689  -0.25449705  0.8432471 ]
 [ 0.06069523 -0.35650724  0.5668801 ]
 [ 0.06509423 -0.31305456  0.48652345]
 [-0.00647793  0.13171884  0.7862276 ]
 [ 0.3348142   0.08567959  0.4898116 ]
 [ 0.25768036  0.09663343  0.05527943]
 [ 0.44313687  0.06486845  0.        ]
 [-0.03932892  0.06688082  1.0312006 ]
 [-0.07895434  0.09901449  1.2823668 ]
 [ 0.02497076  0.05818683  1.3583355 ]
 [-0.04853842  0.06191963  1.4300139 ]
 [-0.06915498  0.22642717  1.2387396 ]
 [ 0.09860843  0.38583708  1.2917991 ]
 [ 0.21638653  0.3766516   1.4553171 ]
 [-0.11006337 -0.05049211  1.254375  ]
 [-0.06675595 -0.31567606  1.2985694 ]
 [ 0.03515847 -0.13514283  1.4058828 ]]
[[ 0.          0.          0.8277544 ]
 [-0.00507022 -0.12085256  0.86487246]
 [ 0.243177   -0.293759    0.9297164 ]
 [ 0.30601352 -0.44170278  0.56854916]
 [ 0.41493183 -0.45625597  0.593863  ]
 [ 0.00505765  0.12095906  0.7911239 ]
 [ 0.19109023  0.11363262  0.4641382 ]
 [-0.03826647  0.13336259  0.10708714]
 [ 0.05184972  0.16560948  0.        ]
 [-0.03907511  0.09211385  1.030138  ]
 [-0.07748997  0.15382892  1.274591  ]
 [ 0.03701328  0.10387939  1.33558   ]
 [-0.03118567  0.14493239  1.4044702 ]
 [ 0.00658066  0.23323947  1.2191181 ]
 [ 0.19830292  0.21108145  1.2502159 ]
 [ 0.36217976  0.17233956  1.3298807 ]
 [-0.18676698  0.06872487  1.2504153 ]
 [-0.3735699  -0.05773664  1.1662189 ]
 [-0.46872142  0.06638706  1.1128148 ]]
[[ 0.          0.          0.7699937 ]
 [-0.00858363 -0.10521162  0.8020078 ]
 [ 0.17993227 -0.33003378  0.8659118 ]
 [ 0.36434197 -0.51587474  0.621902  ]
 [ 0.4645691  -0.55122215  0.6911804 ]
 [ 0.00865297  0.10524456  0.7386711 ]
 [ 0.12521046  0.08427152  0.405761  ]
 [-0.13664585  0.10492331  0.11173809]
 [-0.10220402  0.14299405  0.        ]
 [-0.03315659  0.08301029  0.9667908 ]
 [-0.05464362  0.14977372  1.205971  ]
 [ 0.04299172  0.11609775  1.2630823 ]
 [-0.00809024  0.14934576  1.3347085 ]
 [ 0.02418921  0.2102957   1.1461433 ]
 [ 0.19840679  0.19284633  1.127528  ]
 [ 0.33991402  0.13478738  1.155966  ]
 [-0.16004294  0.08590248  1.1905023 ]
 [-0.3615359  -0.04775834  1.1554735 ]
 [-0.42742026  0.0812825   1.1711571 ]]
[[ 0.          0.          0.72439444]
 [-0.00394989 -0.08831626  0.75319767]
 [ 0.15414348 -0.3277449   0.8089465 ]
 [ 0.37762403 -0.51880705  0.63842076]
 [ 0.45648438 -0.55381083  0.728289  ]
 [ 0.0040723   0.08826891  0.69635314]
 [ 0.09110772  0.05788583  0.36582747]
 [-0.17459452  0.07053423  0.10874879]
 [-0.17278239  0.11282885  0.        ]
 [-0.02701678  0.0777972   0.9183022 ]
 [-0.03882411  0.14676583  1.1546156 ]
 [ 0.05032046  0.11978471  1.2092755 ]
 [ 0.00875469  0.15246314  1.2782915 ]
 [ 0.03316441  0.1948297   1.0929179 ]
 [ 0.18119337  0.15216166  1.0418456 ]
 [ 0.3168733   0.07474172  1.0411859 ]
 [-0.13821545  0.0908891   1.1443582 ]
 [-0.32518703 -0.05689576  1.1401023 ]
 [-0.37107325  0.05104831  1.1919147 ]]
[[ 0.          0.          0.6606134 ]
 [-0.00157302 -0.07966207  0.6892946 ]
 [ 0.13942623 -0.35409468  0.74598366]
 [ 0.36850786 -0.5549424   0.6186148 ]
 [ 0.43058556 -0.6051614   0.7148704 ]
 [ 0.00174582  0.07959113  0.6326827 ]
 [ 0.09679081  0.07847124  0.3244995 ]
 [-0.16411963  0.09317642  0.10121286]
 [-0.17108232  0.14548296  0.        ]
 [-0.02137988  0.07748078  0.8501834 ]
 [-0.02185331  0.155195    1.0824575 ]
 [ 0.06752114  0.12786898  1.1343294 ]
 [ 0.02687918  0.16116369  1.200444  ]
 [ 0.04886052  0.19500756  1.0171657 ]
 [ 0.19884208  0.1323785   0.93780565]
 [ 0.36059427  0.05074292  0.93203807]
 [-0.11895998  0.10585284  1.0792319 ]
 [-0.2975982  -0.04156712  1.097257  ]
 [-0.32245913  0.06595969  1.183403  ]]
[[ 0.          0.          0.5480995 ]
 [ 0.01183559 -0.05707557  0.5800123 ]
 [ 0.1405671  -0.30870903  0.63802093]
 [ 0.3649333  -0.5418972   0.5939205 ]
 [ 0.392493   -0.5799437   0.6931978 ]
 [-0.01164629  0.05700121  0.5167087 ]
 [ 0.13441715  0.10245973  0.3069888 ]
 [-0.10013287  0.05994058  0.07892567]
 [-0.09798531  0.13216645  0.        ]
 [ 0.01065888  0.09442797  0.7189491 ]
 [ 0.04731885  0.18952546  0.92382586]
 [ 0.13334516  0.17097229  0.96602994]
 [ 0.10200821  0.19502825  1.0363586 ]
 [ 0.09117629  0.23363486  0.84315574]
 [ 0.26649427  0.13456313  0.70963776]
 [ 0.4559279   0.04439592  0.67373407]
 [-0.02662366  0.11768454  0.9393078 ]
 [-0.1038827  -0.06361684  0.9119687 ]
 [ 0.28500298 -0.19075961  0.7046179 ]]
[[ 0.          0.          0.5374434 ]
 [ 0.01831457 -0.07475604  0.5672436 ]
 [ 0.18549135 -0.28562206  0.6566645 ]
 [ 0.40881807 -0.5621193   0.6370228 ]
 [ 0.44477522 -0.6067457   0.74526787]
 [-0.01814017  0.07465272  0.507986  ]
 [ 0.21880475  0.170063    0.37244654]
 [ 0.038874    0.1065295   0.07534489]
 [ 0.15989873  0.16313505  0.        ]
 [ 0.02327489  0.09668091  0.6989911 ]
 [ 0.07101348  0.19817013  0.8899002 ]
 [ 0.1925528   0.16841337  0.9243174 ]
 [ 0.14012292  0.21450996  0.9764068 ]
 [ 0.10132791  0.2515417   0.815973  ]
 [ 0.30031532  0.16881849  0.68811226]
 [ 0.504796    0.10462992  0.63486195]
 [ 0.01673425  0.1223231   0.9104209 ]
 [ 0.23187932  0.00255382  0.7934259 ]
 [ 0.24619651  0.19359325  0.8105864 ]]
[[ 0.          0.          0.41386306]
 [ 0.0138931  -0.10782978  0.44294563]
 [ 0.27642623 -0.09987777  0.5651783 ]
 [ 0.1595583  -0.2784595   0.20965555]
 [ 0.42299718 -0.26485705  0.        ]
 [-0.01390318  0.10793842  0.38427758]
 [ 0.2747531   0.1649284   0.36908653]
 [ 0.3451666  -0.00221473  0.03788167]
 [ 0.53542906  0.00610223  0.04673097]
 [ 0.05490547  0.07815444  0.5825541 ]
 [ 0.1399085   0.17263684  0.7451493 ]
 [ 0.27504307  0.1285797   0.7187058 ]
 [ 0.23630674  0.20919514  0.76617086]
 [ 0.1318562   0.27208948  0.6959022 ]
 [ 0.34819394  0.25269938  0.54070693]
 [ 0.61655194  0.19532791  0.47537684]
 [ 0.10673048  0.04889762  0.78092337]
 [ 0.32629833 -0.09099162  0.63163173]
 [ 0.4025525   0.10850191  0.7238626 ]]
[[ 0.0000000e+00  0.0000000e+00  2.9794067e-01]
 [ 8.0026686e-04 -1.0748789e-01  3.3406410e-01]
 [ 2.9392844e-01 -2.1991809e-01  3.8772851e-01]
 [ 4.1481078e-01 -3.4291261e-01  3.8961291e-02]
 [ 5.8809477e-01 -3.7994677e-01  1.6677797e-02]
 [-6.6732615e-04  1.0747700e-01  2.6140979e-01]
 [ 3.5735604e-01  2.0079190e-01  2.6204294e-01]
 [ 5.5861413e-01  8.6011976e-02  0.0000000e+00]
 [ 7.3975521e-01  1.0619047e-01  6.3564584e-02]
 [ 9.2549875e-02  8.9345649e-02  4.4963831e-01]
 [ 2.1732181e-01  1.9380189e-01  5.9459949e-01]
 [ 3.6781457e-01  1.4427362e-01  5.3458029e-01]
 [ 3.2707882e-01  2.2348315e-01  5.9963751e-01]
 [ 1.9907241e-01  2.8874072e-01  5.3199458e-01]
 [ 4.0317273e-01  2.3749834e-01  3.6746433e-01]
 [ 6.5072095e-01  1.4923544e-01  2.9303414e-01]
 [ 1.8572752e-01  7.6927066e-02  6.4394724e-01]
 [ 3.9746392e-01 -4.5034811e-02  4.7257593e-01]
 [ 5.9170973e-01  8.3449930e-02  5.0297755e-01]]
[[ 0.          0.          0.2895931 ]
 [ 0.01263141 -0.09325748  0.33088315]
 [ 0.29299843 -0.21872644  0.34331068]
 [ 0.4837339  -0.43045536  0.18846029]
 [ 0.6125686  -0.4738997   0.21586943]
 [-0.01244712  0.09317626  0.24797621]
 [ 0.37140447  0.20117646  0.21398027]
 [ 0.59348845  0.09244123  0.        ]
 [ 0.74560535  0.12556788  0.07414064]
 [ 0.09872474  0.0951775   0.4284237 ]
 [ 0.23141797  0.21582943  0.5622733 ]
 [ 0.3736654   0.17735182  0.5127904 ]
 [ 0.329058    0.24600142  0.5732398 ]
 [ 0.20898712  0.30847257  0.48827177]
 [ 0.41216508  0.25086212  0.3251717 ]
 [ 0.64795816  0.14509164  0.26278016]
 [ 0.20675415  0.10687852  0.62007236]
 [ 0.40737885 -0.02698337  0.44800395]
 [ 0.55635554  0.13352314  0.47599703]]
[[ 0.          0.          0.23308851]
 [ 0.01694992 -0.09370802  0.28598693]
 [ 0.30851215 -0.18218955  0.32705992]
 [ 0.42635137 -0.391834    0.14495137]
 [ 0.5316472  -0.4263503   0.14919737]
 [-0.01682945  0.09365012  0.17980278]
 [ 0.40044177  0.20515855  0.15487988]
 [ 0.5894192   0.11301652  0.        ]
 [ 0.72420335  0.14254946  0.12724991]
 [ 0.08634757  0.11648206  0.36629385]
 [ 0.21051458  0.26124406  0.489267  ]
 [ 0.35285366  0.22666207  0.44380325]
 [ 0.31054682  0.3031339   0.49481517]
 [ 0.17132232  0.35456693  0.40888202]
 [ 0.37583622  0.28233266  0.2208655 ]
 [ 0.6174414   0.15332977  0.19057657]
 [ 0.1979284   0.14364392  0.56316596]
 [ 0.38727623 -0.01863706  0.4166229 ]
 [ 0.57297754  0.08373331  0.36274093]]
[[ 0.          0.          0.21336809]
 [ 0.0165889  -0.09342092  0.2721021 ]
 [ 0.32770634 -0.23400983  0.32514912]
 [ 0.3738531  -0.49377987  0.08992344]
 [ 0.47438616 -0.5164157   0.08850878]
 [-0.01652981  0.09336624  0.15410945]
 [ 0.40547186  0.20258573  0.13071465]
 [ 0.5260415   0.0564208   0.        ]
 [ 0.66022074  0.08841036  0.10477491]
 [ 0.0830296   0.13351816  0.34650633]
 [ 0.20256203  0.29582626  0.46835166]
 [ 0.3441419   0.257573    0.4290193 ]
 [ 0.30534     0.34791955  0.4799215 ]
 [ 0.15762782  0.38413307  0.38415745]
 [ 0.35299572  0.31733206  0.1838569 ]
 [ 0.58614194  0.18145633  0.17213106]
 [ 0.19906595  0.1792928   0.5482627 ]
 [ 0.41240495  0.024602    0.4123417 ]
 [ 0.59753805  0.10407841  0.3228912 ]]
[[ 0.          0.          0.13504264]
 [ 0.01127202 -0.08520307  0.20868649]
 [ 0.31430447 -0.2901601   0.34190673]
 [ 0.21149129 -0.60106754  0.07301417]
 [ 0.28754848 -0.6212195   0.05307508]
 [-0.01124516  0.08512001  0.06088133]
 [ 0.40137503  0.1746329   0.        ]
 [ 0.39264584 -0.02188486  0.02383702]
 [ 0.5429905  -0.00106317  0.10971364]
 [ 0.07207502  0.14682612  0.2576555 ]
 [ 0.17565395  0.32659236  0.3785153 ]
 [ 0.3162323   0.2817645   0.39274842]
 [ 0.27295145  0.36911902  0.41861877]
 [ 0.15025915  0.4045586   0.28370914]
 [ 0.3175539   0.33580905  0.06939638]
 [ 0.56285655  0.2548682   0.08129159]
 [ 0.15589397  0.21560848  0.4591665 ]
 [ 0.40192637  0.04446515  0.3582994 ]
 [ 0.5950416   0.13045225  0.26358208]]
[[ 0.          0.          0.14018598]
 [ 0.00256331 -0.08327575  0.21811557]
 [ 0.3310454  -0.32609046  0.3416181 ]
 [ 0.16903067 -0.6064153   0.06376287]
 [ 0.2455675  -0.6486703   0.07346943]
 [-0.00250139  0.08314331  0.06165245]
 [ 0.39346838  0.17039151  0.00315979]
 [ 0.46155208  0.02219659  0.        ]
 [ 0.5714099   0.0567761   0.09136795]
 [ 0.09855022  0.1475346   0.25340056]
 [ 0.22532368  0.3227352   0.35538995]
 [ 0.359112    0.28493845  0.35112828]
 [ 0.3203503   0.38598353  0.3770058 ]
 [ 0.1818499   0.40660027  0.26455596]
 [ 0.3143292   0.33718032  0.02477539]
 [ 0.54405564  0.24687561  0.02730873]
 [ 0.2220995   0.20396513  0.44621313]
 [ 0.42190203  0.01837598  0.31663167]
 [ 0.6249      0.09573995  0.24244973]]
[[ 0.          0.          0.17328796]
 [ 0.01140692 -0.07949188  0.2565471 ]
 [ 0.34426048 -0.33544487  0.34235948]
 [ 0.17656803 -0.6442659   0.10767153]
 [ 0.24879801 -0.68398416  0.121618  ]
 [-0.01134051  0.079321    0.08946361]
 [ 0.3866359   0.17841227  0.01153062]
 [ 0.3983326   0.00953549  0.00753172]
 [ 0.48590618  0.04941633  0.06908528]
 [ 0.10805282  0.1538004   0.2719944 ]
 [ 0.24319129  0.3302824   0.35760063]
 [ 0.37811562  0.29581538  0.3358673 ]
 [ 0.34390807  0.39772463  0.36566535]
 [ 0.18829136  0.4154181   0.2728725 ]
 [ 0.28501597  0.3565998   0.02227417]
 [ 0.51162374  0.27755058  0.        ]
 [ 0.24970365  0.21212731  0.4491707 ]
 [ 0.44038564  0.03240666  0.30330485]
 [ 0.63999176  0.12361149  0.22756246]]
[[ 0.          0.          0.22449951]
 [ 0.01577227 -0.08742022  0.3039261 ]
 [ 0.36256206 -0.31523913  0.38578492]
 [ 0.19756001 -0.5758245   0.09452401]
 [ 0.25924715 -0.6041784   0.07340537]
 [-0.01569017  0.08731344  0.14443995]
 [ 0.37888297  0.17828955  0.05980067]
 [ 0.36690375  0.08274776  0.02882446]
 [ 0.49378997  0.09986625  0.08753853]
 [ 0.12108408  0.15737118  0.31654334]
 [ 0.2686123   0.33554345  0.39151675]
 [ 0.3980046   0.30744702  0.3500175 ]
 [ 0.36424035  0.40162438  0.3913501 ]
 [ 0.20479746  0.42534778  0.3173287 ]
 [ 0.26503107  0.3804105   0.04528476]
 [ 0.47700843  0.30755112  0.        ]
 [ 0.2805382   0.20732096  0.47633904]
 [ 0.45829263  0.03351716  0.30459657]
 [ 0.65133643  0.14299738  0.20547529]]
[[ 0.          0.          0.25345194]
 [ 0.0254854  -0.08231148  0.33127892]
 [ 0.34926057 -0.34932858  0.38170454]
 [ 0.1511854  -0.63723034  0.15095687]
 [ 0.21916443 -0.6892882   0.1495586 ]
 [-0.02535297  0.08213197  0.17507526]
 [ 0.35625294  0.20504335  0.04692346]
 [ 0.40158993  0.11740181  0.02755809]
 [ 0.42676306  0.17888783  0.0835661 ]
 [ 0.12168768  0.15286238  0.34403324]
 [ 0.27458996  0.3294663   0.41778937]
 [ 0.40050733  0.298787    0.36721987]
 [ 0.37964207  0.39895707  0.4114462 ]
 [ 0.1963556   0.41864797  0.34940583]
 [ 0.22965008  0.382083    0.06681895]
 [ 0.44583943  0.34584242  0.        ]
 [ 0.29856193  0.2031788   0.5014752 ]
 [ 0.42964455  0.03374893  0.32115984]
 [ 0.59951884  0.1253196   0.23794347]]
[[ 0.          0.          0.28287154]
 [ 0.02895642 -0.10191327  0.3431406 ]
 [ 0.3657199  -0.32354814  0.4278857 ]
 [ 0.21035704 -0.55923784  0.09863967]
 [ 0.2791278  -0.566344    0.05175465]
 [-0.02880061  0.1018141   0.22195478]
 [ 0.3393051   0.2564107   0.08258952]
 [ 0.2344856   0.14791122  0.05481696]
 [ 0.39213285  0.18310048  0.05318758]
 [ 0.12866749  0.15019059  0.37673962]
 [ 0.2859804   0.32959983  0.44889235]
 [ 0.4124997   0.3107052   0.38863608]
 [ 0.38506106  0.39927655  0.43794388]
 [ 0.2001361   0.420864    0.38605076]
 [ 0.20676972  0.4172586   0.09299317]
 [ 0.41866922  0.44192195  0.        ]
 [ 0.31965807  0.19661847  0.5250867 ]
 [ 0.44905198  0.07107636  0.29860368]
 [ 0.6214222   0.19700825  0.15919617]]
[[ 0.          0.          0.3024609 ]
 [ 0.04192875 -0.10270069  0.36148825]
 [ 0.367447   -0.31668955  0.44570202]
 [ 0.15857619 -0.5616342   0.14928508]
 [ 0.22780794 -0.56891793  0.10836717]
 [-0.04173388  0.1025749   0.24281669]
 [ 0.3149739   0.29567534  0.04695022]
 [ 0.20908764  0.21398818  0.03245914]
 [ 0.3110363   0.2924863   0.04864255]
 [ 0.12382597  0.15023658  0.40521228]
 [ 0.28234154  0.32421678  0.49179277]
 [ 0.4049225   0.30579752  0.4402913 ]
 [ 0.38296807  0.3797285   0.4936551 ]
 [ 0.18875226  0.42133912  0.4296007 ]
 [ 0.18349881  0.43865818  0.13339144]
 [ 0.38302165  0.48893642  0.        ]
 [ 0.31679478  0.19235379  0.55513436]
 [ 0.4264511   0.10012233  0.30403304]
 [ 0.5927271   0.22055408  0.19673806]]
[[ 0.          0.          0.31735235]
 [ 0.0468276  -0.10518968  0.36840278]
 [ 0.3632109  -0.32033104  0.47068805]
 [ 0.06632623 -0.5257031   0.18635717]
 [ 0.12473887 -0.5269642   0.12821296]
 [-0.04664703  0.10511121  0.26571965]
 [ 0.2633012   0.35911426  0.04802436]
 [ 0.22226828  0.33641618  0.        ]
 [ 0.33951136  0.4126255   0.05454302]
 [ 0.11493948  0.1400743   0.4342481 ]
 [ 0.2630439   0.29999685  0.54118276]
 [ 0.38281596  0.2780012   0.5035903 ]
 [ 0.35398185  0.33548388  0.5551962 ]
 [ 0.17789097  0.40417406  0.48476273]
 [ 0.15468284  0.44085342  0.18933207]
 [ 0.31619304  0.51254475  0.01243538]
 [ 0.29332903  0.170964    0.5964868 ]
 [ 0.3720549   0.09477282  0.33224696]
 [ 0.506899    0.21216366  0.15839058]]
[[ 0.          0.          0.38786566]
 [ 0.04914601 -0.1041832   0.4418277 ]
 [ 0.39928645 -0.2602301   0.5446298 ]
 [ 0.06019199 -0.42672122  0.2617214 ]
 [ 0.10216072 -0.41123715  0.1698595 ]
 [-0.04897189  0.10414836  0.3333754 ]
 [ 0.22108892  0.3792217   0.11182091]
 [ 0.18639037  0.37416178  0.        ]
 [ 0.3068732   0.44417804  0.06886438]
 [ 0.1073599   0.13215216  0.5194726 ]
 [ 0.24927545  0.2896139   0.6458273 ]
 [ 0.37255627  0.26265058  0.60649717]
 [ 0.33964324  0.3217233   0.6658056 ]
 [ 0.17725675  0.39373118  0.5858104 ]
 [ 0.14381021  0.43012998  0.2933118 ]
 [ 0.27757776  0.5138155   0.10559103]
 [ 0.2629038   0.16397494  0.69781166]
 [ 0.3410603   0.10670435  0.42560178]
 [ 0.46903148  0.22927567  0.22834422]]
[[ 0.          0.          0.39635912]
 [ 0.04513676 -0.1117741   0.44711453]
 [ 0.41428483 -0.24195342  0.5234522 ]
 [ 0.08137304 -0.3659444   0.22617933]
 [ 0.12380117 -0.3396054   0.12272185]
 [-0.04489675  0.11178699  0.34518832]
 [ 0.19452935  0.39272547  0.10521293]
 [ 0.16595578  0.43178344  0.        ]
 [ 0.26763713  0.5053491   0.065321  ]
 [ 0.10612922  0.11784954  0.5430456 ]
 [ 0.24104142  0.2528051   0.68447864]
 [ 0.3627957   0.19940326  0.64170706]
 [ 0.3174752   0.26624697  0.7002189 ]
 [ 0.1977798   0.36306742  0.6197889 ]
 [ 0.15106884  0.39810234  0.3248132 ]
 [ 0.26863354  0.50343424  0.14266372]
 [ 0.22910036  0.1268216   0.7424123 ]
 [ 0.29008636  0.06571174  0.46408513]
 [ 0.4174078   0.18206537  0.2665096 ]]
[[ 0.          0.          0.40833953]
 [ 0.0460122  -0.11524462  0.4546699 ]
 [ 0.44103163 -0.19319797  0.5156702 ]
 [ 0.11092752 -0.3180377   0.20721978]
 [ 0.16453642 -0.2782691   0.09666237]
 [-0.04576027  0.11528003  0.36164746]
 [ 0.18656448  0.39731538  0.11574522]
 [ 0.09584904  0.36697593  0.        ]
 [ 0.20198078  0.450522    0.04296741]
 [ 0.10548431  0.11201784  0.565691  ]
 [ 0.23891637  0.239796    0.71883106]
 [ 0.36509442  0.1725302   0.677654  ]
 [ 0.310404    0.24613339  0.7349069 ]
 [ 0.21110395  0.3470949   0.65107393]
 [ 0.14837992  0.37718704  0.357911  ]
 [ 0.26237932  0.47786546  0.18145499]
 [ 0.21074681  0.1127494   0.78164935]
 [ 0.2641632   0.03688012  0.50502187]
 [ 0.39118922  0.14188841  0.31109154]]
[[ 0.          0.          0.39743185]
 [ 0.04146406 -0.1192066   0.4356748 ]
 [ 0.46759492 -0.13346073  0.45087174]
 [ 0.14654317 -0.2460151   0.13018155]
 [ 0.21244496 -0.1917435   0.0163388 ]
 [-0.04120342  0.11924821  0.35894325]
 [ 0.16915005  0.38708562  0.09314644]
 [ 0.00875752  0.32202172  0.        ]
 [ 0.09495458  0.40433222  0.00120544]
 [ 0.10795554  0.09973471  0.5688722 ]
 [ 0.24103642  0.21279344  0.7382542 ]
 [ 0.3705615   0.1280981   0.70160437]
 [ 0.3052276   0.20282179  0.75868165]
 [ 0.23496434  0.3167281   0.66313684]
 [ 0.15900385  0.34527737  0.37209848]
 [ 0.256502    0.40983343  0.21275488]
 [ 0.1882689   0.08463973  0.80709344]
 [ 0.22749017 -0.00822727  0.534948  ]
 [ 0.34968197  0.06216807  0.3621115 ]]
[[ 0.          0.          0.4346171 ]
 [ 0.03497642 -0.12289132  0.46346262]
 [ 0.4850046  -0.06958593  0.40645352]
 [ 0.16332087 -0.14773253  0.09785724]
 [ 0.24769211 -0.06573686  0.        ]
 [-0.03471412  0.12293679  0.40565965]
 [ 0.1568463   0.36101437  0.11549145]
 [-0.10119389  0.26852164  0.06816983]
 [-0.06215325  0.35001624  0.0160217 ]
 [ 0.10864998  0.09130763  0.6151594 ]
 [ 0.24359345  0.18688059  0.79619205]
 [ 0.37584913  0.0846712   0.7702913 ]
 [ 0.3063113   0.15180227  0.8248649 ]
 [ 0.25693578  0.28861326  0.7085855 ]
 [ 0.18707253  0.34313485  0.42287362]
 [ 0.2682765   0.31321806  0.28519928]
 [ 0.16607751  0.06136546  0.874825  ]
 [ 0.18684706 -0.07100216  0.62205017]
 [ 0.32249075 -0.02525282  0.49742052]]
[[ 0.          0.          0.4742405 ]
 [ 0.03145774 -0.12417214  0.49485815]
 [ 0.47063434 -0.01722577  0.35685045]
 [ 0.14466965 -0.06253049  0.08385953]
 [ 0.23270172  0.0383378   0.        ]
 [-0.03119168  0.12422194  0.45357412]
 [ 0.15149654  0.31854042  0.14338925]
 [-0.19201156  0.18586615  0.12934485]
 [-0.19997054  0.25769728  0.03502193]
 [ 0.10705853  0.08698031  0.6576152 ]
 [ 0.24225765  0.17379108  0.84546995]
 [ 0.3739683   0.06628346  0.83273923]
 [ 0.31608605  0.13011232  0.88606405]
 [ 0.26585448  0.27258116  0.7462456 ]
 [ 0.19825017  0.32911795  0.46191293]
 [ 0.28518915  0.23068258  0.34485978]
 [ 0.15016845  0.04851735  0.9318007 ]
 [ 0.15442277 -0.13026702  0.7129262 ]
 [ 0.3134306  -0.08209416  0.63838387]]
[[ 0.          0.          0.4840277 ]
 [ 0.02974033 -0.12239099  0.50162387]
 [ 0.4499911  -0.00785366  0.31828636]
 [ 0.12504728 -0.03253317  0.07818872]
 [ 0.2091594   0.07228923  0.        ]
 [-0.02950002  0.12243143  0.46638438]
 [ 0.14279665  0.27245122  0.14638439]
 [-0.23161516  0.13863415  0.15656957]
 [-0.2638426   0.20618285  0.04394507]
 [ 0.1049297   0.08524421  0.66801757]
 [ 0.24140662  0.1704483   0.8577459 ]
 [ 0.37119284  0.06191349  0.8518028 ]
 [ 0.3253714   0.11852002  0.9062158 ]
 [ 0.2674905   0.26532173  0.7517458 ]
 [ 0.20084208  0.32351747  0.46752772]
 [ 0.30343002  0.20488706  0.36602235]
 [ 0.14302464  0.04509738  0.94767725]
 [ 0.1382231  -0.1576513   0.75326943]
 [ 0.31267458 -0.09438977  0.70658755]]
