[[ 0.          0.          0.7572705 ]
 [ 0.04833674 -0.08380053  0.74750614]
 [-0.04037584 -0.04510739  0.3905795 ]
 [-0.44205013 -0.17907771  0.6188461 ]
 [-0.5767519  -0.09827666  0.65080225]
 [-0.04833564  0.08358103  0.76676637]
 [ 0.21277489  0.24410316  0.45508933]
 [ 0.34022415  0.24709266  0.042234  ]
 [ 0.4886942   0.2870208   0.        ]
 [ 0.02877565  0.01453876  0.97146344]
 [ 0.07982019  0.01982012  1.205883  ]
 [ 0.17192066  0.01588792  1.2053435 ]
 [ 0.12508196 -0.0345349   1.2850308 ]
 [-0.03702116  0.09935027  1.1699756 ]
 [-0.25125343  0.19464326  1.0315121 ]
 [-0.25300172  0.32085037  0.8550553 ]
 [ 0.15168452 -0.09302238  1.1959609 ]
 [ 0.11465263 -0.23332298  1.0166932 ]
 [ 0.2455743  -0.14296204  0.84020144]]
[[ 0.          0.          0.8003775 ]
 [ 0.04874717 -0.09926554  0.79084635]
 [ 0.03300113 -0.03902978  0.42987275]
 [-0.35413277 -0.16860744  0.6287408 ]
 [-0.5016589  -0.06701909  0.648273  ]
 [-0.0487199   0.09917709  0.8096464 ]
 [ 0.19100559  0.25908536  0.47710752]
 [ 0.25069505  0.25955087  0.05940461]
 [ 0.4280942   0.28526908  0.        ]
 [ 0.03665709  0.03183368  1.0096684 ]
 [ 0.10258509  0.05888742  1.238394  ]
 [ 0.1979775   0.03748381  1.2457529 ]
 [ 0.15139017 -0.01012671  1.3219733 ]
 [-0.01315302  0.15105093  1.2055429 ]
 [-0.19148272  0.23709144  1.0201912 ]
 [-0.12673     0.34343383  0.8292726 ]
 [ 0.15970425 -0.07139811  1.2289023 ]
 [ 0.10776836 -0.24235673  1.0592886 ]
 [ 0.21419737 -0.15457341  0.8671359 ]]
[[ 0.00000000e+00  0.00000000e+00  6.67283177e-01]
 [ 4.43895236e-02 -1.16460174e-01  6.65456831e-01]
 [ 2.63903022e-01 -1.09681159e-01  3.68057847e-01]
 [-1.91498190e-01 -8.89581442e-02  2.92280018e-01]
 [-2.24708259e-01 -2.30056643e-02  1.74640715e-01]
 [-4.42200005e-02  1.16463862e-01  6.68894768e-01]
 [ 1.96589269e-02  2.36815915e-01  2.50260800e-01]
 [-1.36400968e-01  1.14639521e-01  9.78529453e-04]
 [-2.26709731e-02  1.46469057e-01  0.00000000e+00]
 [ 6.41240254e-02  7.74661005e-02  8.68149579e-01]
 [ 1.59169421e-01  1.59096181e-01  1.08221698e+00]
 [ 2.68419713e-01  1.56778544e-01  1.11224830e+00]
 [ 2.20261455e-01  1.04232222e-01  1.17533755e+00]
 [ 6.35426193e-02  2.71944225e-01  1.03408074e+00]
 [ 7.59098306e-02  3.05745602e-01  7.59115458e-01]
 [ 3.07674527e-01  2.78063357e-01  6.31507993e-01]
 [ 1.97368130e-01  1.92960203e-02  1.07864785e+00]
 [ 7.30614364e-02 -1.29763722e-01  8.79783630e-01]
 [ 2.27784693e-01 -1.90306470e-01  6.51314437e-01]]
[[ 0.          0.          0.70769787]
 [ 0.02507729 -0.1252815   0.7035976 ]
 [ 0.33099616 -0.04739881  0.57021666]
 [ 0.17746663 -0.11779797  0.17632443]
 [ 0.3217441  -0.13114822  0.07375139]
 [-0.02502222  0.12545322  0.71197766]
 [-0.10799916  0.3413961   0.3968159 ]
 [-0.3991611   0.34737554  0.14269203]
 [-0.30911618  0.37350452  0.        ]
 [ 0.03490165  0.02015643  0.9288809 ]
 [ 0.09618598  0.03886014  1.1685838 ]
 [ 0.20303413 -0.00627255  1.162256  ]
 [ 0.15170245 -0.02998328  1.2292585 ]
 [ 0.06300646  0.17497611  1.1271663 ]
 [ 0.18222892  0.254129    0.8873619 ]
 [ 0.34902233  0.15194869  0.97478485]
 [ 0.07847979 -0.10727921  1.1736743 ]
 [-0.10977229 -0.27913174  1.24322   ]
 [-0.15686537 -0.3586985   1.2692169 ]]
[[ 0.          0.          0.6200692 ]
 [ 0.02404064 -0.12283791  0.6167517 ]
 [ 0.32936037 -0.02682911  0.4757349 ]
 [ 0.34320027 -0.09893388  0.06721932]
 [ 0.518396   -0.11093009  0.0054732 ]
 [-0.02397599  0.1229724   0.62375504]
 [-0.14234558  0.3322859   0.32748127]
 [-0.48321283  0.3473325   0.15629649]
 [-0.4507786   0.3704663   0.        ]
 [ 0.02760207  0.00180854  0.8462305 ]
 [ 0.0868475   0.00901452  1.0914742 ]
 [ 0.19545883 -0.03629568  1.0819428 ]
 [ 0.15309173 -0.04669324  1.1497507 ]
 [ 0.06237295  0.14471924  1.0576477 ]
 [ 0.20076185  0.21472482  0.83400226]
 [ 0.34223956  0.11637849  0.9620392 ]
 [ 0.05874814 -0.12532315  1.0954037 ]
 [-0.10985938 -0.2892301   1.1791446 ]
 [-0.17546552 -0.31730267  1.2451589 ]]
[[ 0.          0.          0.5655532 ]
 [ 0.03126928 -0.11277094  0.55967677]
 [ 0.33860728  0.03189705  0.37945437]
 [ 0.5008497   0.03100759  0.0138005 ]
 [ 0.66590565  0.01681697  0.        ]
 [-0.0312357   0.11282855  0.5719969 ]
 [-0.14399844  0.25381556  0.25107953]
 [-0.5393445   0.22241148  0.24000055]
 [-0.5666447   0.25023466  0.1183961 ]
 [ 0.03395611 -0.00954525  0.79207176]
 [ 0.09709522 -0.01902491  1.0377777 ]
 [ 0.20068637 -0.0671857   1.0391164 ]
 [ 0.15762354 -0.0918406   1.1089917 ]
 [ 0.07102977  0.10833377  1.0121326 ]
 [ 0.19250996  0.18895832  0.79973704]
 [ 0.33396822  0.11138159  0.9172696 ]
 [ 0.07378453 -0.13834974  1.0314898 ]
 [-0.09353414 -0.27649108  1.0971786 ]
 [-0.16613679 -0.2855387   1.1587768 ]]
[[ 0.          0.          0.56954867]
 [ 0.03646509 -0.10638499  0.5655021 ]
 [ 0.3267948   0.08637093  0.34735334]
 [ 0.52200806  0.13173485  0.        ]
 [ 0.68068004  0.12189013  0.00632042]
 [-0.03644229  0.10636364  0.57422894]
 [-0.13469426  0.17119744  0.22681007]
 [-0.5412182   0.03717795  0.31587613]
 [-0.6168581   0.07073802  0.24669895]
 [ 0.04275031 -0.00901049  0.79416203]
 [ 0.11195958 -0.02657339  1.0376728 ]
 [ 0.20948467 -0.07820851  1.0491365 ]
 [ 0.16409397 -0.1216048   1.1135597 ]
 [ 0.07616906  0.09228158  1.0178418 ]
 [ 0.14536259  0.19180357  0.7874286 ]
 [ 0.3065131   0.15113372  0.8586819 ]
 [ 0.09667662 -0.14062133  1.0220733 ]
 [-0.07847925 -0.26131365  1.0438406 ]
 [-0.13419938 -0.25371152  1.0496001 ]]
[[ 0.          0.          0.6600908 ]
 [ 0.03246848 -0.11107088  0.6559066 ]
 [ 0.3044824   0.13951667  0.4044272 ]
 [ 0.42891955  0.19563425  0.02563727]
 [ 0.6091362   0.21887898  0.        ]
 [-0.03246799  0.11100353  0.6648735 ]
 [-0.06213316  0.14076263  0.27794272]
 [-0.46550348 -0.11473888  0.46824905]
 [-0.5697946  -0.10324743  0.43368983]
 [ 0.0594115  -0.002534    0.8770479 ]
 [ 0.14195779 -0.02417275  1.1138525 ]
 [ 0.24342182 -0.08984247  1.1288123 ]
 [ 0.19029799 -0.12527645  1.1826406 ]
 [ 0.08893429  0.09246194  1.102829  ]
 [ 0.06235042  0.18743601  0.8462224 ]
 [ 0.19989572  0.2406437   0.8268403 ]
 [ 0.13176802 -0.14103118  1.0816823 ]
 [-0.01958409 -0.23117478  0.90644073]
 [-0.01742018 -0.22746417  0.81823045]]
[[ 0.          0.          0.7247287 ]
 [ 0.02951903 -0.11500172  0.7178971 ]
 [ 0.24905123  0.18643437  0.44530565]
 [ 0.2525398   0.26218152  0.05611384]
 [ 0.43769208  0.30436015  0.        ]
 [-0.02949816  0.11495747  0.7318632 ]
 [ 0.02502908  0.14339262  0.33621022]
 [-0.37588847 -0.13198656  0.5628314 ]
 [-0.4620257  -0.1322406   0.46721786]
 [ 0.06555589  0.00312114  0.9383422 ]
 [ 0.15590173 -0.00881407  1.1727053 ]
 [ 0.25997496 -0.06634161  1.1948178 ]
 [ 0.20967743 -0.11179584  1.2456422 ]
 [ 0.08362758  0.10173082  1.1519712 ]
 [ 0.00332864  0.20296615  0.90498227]
 [ 0.04446659  0.31207442  0.74238956]
 [ 0.15521263 -0.12248912  1.1532453 ]
 [ 0.00344272 -0.18028826  0.96634644]
 [-0.07036778 -0.19855015  1.0178406 ]]
[[ 0.          0.          0.6235156 ]
 [ 0.01781555 -0.11269337  0.6090338 ]
 [ 0.05333159  0.1907414   0.33360654]
 [-0.08759938  0.39028278  0.08296347]
 [ 0.07447261  0.45333683  0.        ]
 [-0.01787795  0.11261868  0.6377569 ]
 [ 0.24825552  0.15329623  0.4047938 ]
 [-0.13268964  0.01409288  0.37139738]
 [-0.1207559   0.03694525  0.1744805 ]
 [ 0.04696816 -0.01203927  0.83875215]
 [ 0.11144234 -0.04425091  1.0833302 ]
 [ 0.22718489 -0.10095519  1.1277591 ]
 [ 0.17284186 -0.12135562  1.1863582 ]
 [ 0.04465511  0.07487431  1.0596989 ]
 [-0.16584277  0.18705735  0.9376162 ]
 [-0.27932817  0.3073222   0.7555601 ]
 [ 0.11684346 -0.18208379  1.0500236 ]
 [ 0.0510972  -0.29965323  0.8077312 ]
 [ 0.18641296 -0.18352099  0.63384634]]
[[ 0.          0.          0.57521564]
 [ 0.01317428 -0.10488232  0.55726695]
 [-0.06329045  0.1630419   0.3045477 ]
 [-0.2613753   0.37689757  0.13257018]
 [-0.1662209   0.4535461   0.01447612]
 [-0.01332072  0.10472628  0.59265393]
 [ 0.3140514   0.10159423  0.44372073]
 [ 0.04050114  0.03879857  0.15928215]
 [ 0.15369208  0.04982018  0.        ]
 [ 0.03944833 -0.02125163  0.7961356 ]
 [ 0.09870057 -0.049173    1.0474284 ]
 [ 0.21448296 -0.07605094  1.082346  ]
 [ 0.15667069 -0.11906546  1.1433427 ]
 [ 0.01966519  0.06601238  1.0310104 ]
 [-0.21917665  0.18130279  1.008266  ]
 [-0.3554359   0.2958262   0.85052145]
 [ 0.12611023 -0.18539733  1.009393  ]
 [ 0.09348992 -0.3357897   0.7892655 ]
 [ 0.2374028  -0.17384756  0.7536088 ]]
[[ 0.          0.          0.64784765]
 [ 0.02407373 -0.09827972  0.63126945]
 [-0.0725926   0.17384535  0.36877048]
 [-0.36641032  0.32716691  0.32018012]
 [-0.3466424   0.41685948  0.19823316]
 [-0.02424015  0.09806047  0.66374815]
 [ 0.31757995  0.12125703  0.51357234]
 [ 0.23811814  0.08198568  0.08923793]
 [ 0.4204013   0.0868693   0.        ]
 [ 0.03117983 -0.0229385   0.87378806]
 [ 0.0817273  -0.05160397  1.1234848 ]
 [ 0.19545165 -0.06499171  1.1508768 ]
 [ 0.1341345  -0.11740369  1.2205033 ]
 [-0.01307359  0.05363247  1.1082735 ]
 [-0.27177525  0.14575386  1.1250952 ]
 [-0.40489802  0.2503723   0.9790621 ]
 [ 0.13097224 -0.18308878  1.0890309 ]
 [ 0.1766581  -0.29322982  0.88101315]
 [ 0.24941015 -0.11982858  1.0019813 ]]
[[ 0.          0.          0.6434555 ]
 [ 0.03473836 -0.09087207  0.63043416]
 [-0.07452255  0.12603825  0.32853186]
 [-0.39681497  0.2484274   0.4664559 ]
 [-0.44456577  0.34625718  0.38495347]
 [-0.03486523  0.0906111   0.65578985]
 [ 0.29141325  0.1687811   0.45405763]
 [ 0.36287138  0.15594745  0.03215414]
 [ 0.5487367   0.16939205  0.        ]
 [ 0.03198795 -0.02142334  0.8659867 ]
 [ 0.08471355 -0.04245019  1.1104369 ]
 [ 0.18721111 -0.06263736  1.1351805 ]
 [ 0.12563017 -0.11576051  1.2061477 ]
 [-0.01800109  0.0523912   1.0856973 ]
 [-0.27026534  0.15010223  1.0705659 ]
 [-0.3619156   0.2541245   0.9104406 ]
 [ 0.14497197 -0.16194382  1.0863854 ]
 [ 0.1959371  -0.2727509   0.8959814 ]
 [ 0.29031813 -0.09008875  0.94765997]]
[[ 0.0000000e+00  0.0000000e+00  7.1020389e-01]
 [ 4.0792808e-02 -9.9387117e-02  6.9521785e-01]
 [-3.2080624e-02  5.5042326e-02  3.5250664e-01]
 [-3.9324823e-01  8.0386072e-02  5.8324718e-01]
 [-4.7257364e-01  1.9069311e-01  5.7410860e-01]
 [-4.0861875e-02  9.9144980e-02  7.2466928e-01]
 [ 2.4553099e-01  2.1532753e-01  4.4328785e-01]
 [ 3.4748578e-01  1.9862473e-01  2.1338880e-02]
 [ 5.2178246e-01  2.2181427e-01  0.0000000e+00]
 [ 3.1742938e-02  2.1656752e-03  9.2345893e-01]
 [ 9.2871763e-02  5.0655007e-04  1.1585584e+00]
 [ 1.9458064e-01 -2.6246607e-02  1.1764359e+00]
 [ 1.3285567e-01 -7.2300553e-02  1.2459970e+00]
 [-1.6502671e-02  9.6441895e-02  1.1274996e+00]
 [-2.4696627e-01  1.9185343e-01  1.0336318e+00]
 [-2.6117611e-01  2.9406399e-01  8.4381127e-01]
 [ 1.5112567e-01 -1.2620106e-01  1.1463220e+00]
 [ 1.4599279e-01 -2.7543989e-01  1.0035055e+00]
 [ 2.5738436e-01 -1.3026305e-01  8.9372057e-01]]
[[ 0.00000000e+00  0.00000000e+00  7.64760137e-01]
 [ 3.54470313e-02 -1.08749099e-01  7.50499964e-01]
 [ 1.25694647e-02  1.00961328e-03  3.95422816e-01]
 [-3.97842050e-01 -1.78179890e-02  6.31413221e-01]
 [-4.92655694e-01  9.88657773e-02  6.31152213e-01]
 [-3.54615971e-02  1.08556710e-01  7.78615415e-01]
 [ 2.21819475e-01  2.18552023e-01  4.63646621e-01]
 [ 2.82125533e-01  2.04819858e-01  3.59975696e-02]
 [ 4.63051915e-01  2.20812201e-01  0.00000000e+00]
 [ 3.82723138e-02  1.91717893e-02  9.73504066e-01]
 [ 1.07592978e-01  3.36728096e-02  1.20611286e+00]
 [ 2.10097671e-01  1.82062387e-04  1.22224927e+00]
 [ 1.49724603e-01 -3.77511084e-02  1.29565835e+00]
 [ 3.15307453e-03  1.35653079e-01  1.16861832e+00]
 [-1.95900083e-01  2.27496475e-01  1.02483702e+00]
 [-1.70604974e-01  3.23348016e-01  8.24808002e-01]
 [ 1.55003488e-01 -1.04758620e-01  1.19491851e+00]
 [ 1.16596684e-01 -2.71371841e-01  1.02111757e+00]
 [ 2.30052382e-01 -1.53102815e-01  8.65357280e-01]]
[[ 0.          0.          0.796275  ]
 [ 0.0286861  -0.12392443  0.78617173]
 [ 0.22150537  0.00193518  0.4761084 ]
 [-0.22994569  0.03250642  0.5989926 ]
 [-0.27736259  0.12575309  0.5047134 ]
 [-0.02863251  0.12397056  0.80599844]
 [ 0.14865828  0.30511314  0.47805592]
 [ 0.03033005  0.28180367  0.07644367]
 [ 0.23754999  0.27590984  0.        ]
 [ 0.06440422  0.06249984  0.99500227]
 [ 0.1612108   0.11589158  1.2132401 ]
 [ 0.27231395  0.06522697  1.249507  ]
 [ 0.21425569  0.03830743  1.3159374 ]
 [ 0.08331196  0.23971164  1.1728377 ]
 [ 0.02247216  0.3302495   0.94054896]
 [ 0.1817111   0.39270347  0.79897666]
 [ 0.1764037  -0.03408954  1.2084229 ]
 [ 0.0726043  -0.16946262  0.9975401 ]
 [ 0.12518996 -0.14473239  0.83742464]]
[[ 0.          0.          0.725818  ]
 [ 0.02493823 -0.12418175  0.7190837 ]
 [ 0.36325938 -0.04258052  0.5670832 ]
 [ 0.02680587 -0.07374164  0.32157886]
 [ 0.09671964 -0.05810511  0.1773377 ]
 [-0.02483912  0.12433299  0.7325217 ]
 [ 0.01873232  0.3548838   0.4011233 ]
 [-0.24789715  0.3870466   0.11178553]
 [-0.08808698  0.38761514  0.        ]
 [ 0.06298295  0.03568065  0.92963636]
 [ 0.14664996  0.05181223  1.1557508 ]
 [ 0.25452256 -0.0090358   1.1885927 ]
 [ 0.1920692  -0.03949437  1.2410792 ]
 [ 0.09693275  0.18931991  1.1206571 ]
 [ 0.16599715  0.27185205  0.87489206]
 [ 0.3350089   0.19047736  0.89325595]
 [ 0.14666283 -0.09791806  1.1422889 ]
 [-0.02617774 -0.18898366  0.9657941 ]
 [-0.03249354 -0.20867255  0.89723164]]
[[ 0.00000000e+00  0.00000000e+00  6.28196716e-01]
 [ 1.59332752e-02 -1.25455737e-01  6.25493228e-01]
 [ 3.48761588e-01 -5.53681478e-02  5.13081908e-01]
 [ 2.92719185e-01 -9.33465362e-02  1.06413722e-01]
 [ 4.59910870e-01 -1.03305817e-01  3.04732323e-02]
 [-1.58435702e-02  1.25658244e-01  6.31224155e-01]
 [-1.15825564e-01  3.34730476e-01  3.41172785e-01]
 [-4.56496000e-01  3.95931005e-01  1.34204268e-01]
 [-3.83945167e-01  4.12164032e-01  0.00000000e+00]
 [ 3.92514691e-02 -6.04256988e-04  8.48832130e-01]
 [ 1.04250684e-01 -1.86434388e-03  1.09272504e+00]
 [ 2.07966998e-01 -5.49755394e-02  1.09746790e+00]
 [ 1.59400344e-01 -7.25767612e-02  1.16013408e+00]
 [ 8.26280862e-02  1.38424397e-01  1.05498290e+00]
 [ 2.24674389e-01  2.01537102e-01  8.37469637e-01]
 [ 3.35363209e-01  1.00522757e-01  9.53857303e-01]
 [ 7.61616677e-02 -1.38572305e-01  1.09216952e+00]
 [-1.55970693e-01 -2.61838138e-01  1.13527107e+00]
 [-2.29022324e-01 -3.09215546e-01  1.12211084e+00]]
[[ 0.0000000e+00  0.0000000e+00  5.4993445e-01]
 [ 2.4939075e-02 -1.1457993e-01  5.4670584e-01]
 [ 3.5286599e-01  9.6587092e-03  4.0155903e-01]
 [ 4.8403227e-01 -3.3509731e-04  2.8325617e-02]
 [ 6.5657663e-01 -1.4194429e-02  0.0000000e+00]
 [-2.4891362e-02  1.1470237e-01  5.5367708e-01]
 [-1.3787872e-01  2.6968148e-01  2.4996257e-01]
 [-5.3830934e-01  2.8114679e-01  1.9353190e-01]
 [-5.4393232e-01  3.0271259e-01  8.6744547e-02]
 [ 3.2455791e-02 -1.0016009e-02  7.7577603e-01]
 [ 9.1175273e-02 -2.0967305e-02  1.0219902e+00]
 [ 1.9309117e-01 -7.7792585e-02  1.0271256e+00]
 [ 1.4865702e-01 -9.7087801e-02  1.0971158e+00]
 [ 7.2118066e-02  1.0967463e-01  9.8822892e-01]
 [ 2.2232120e-01  1.7578104e-01  7.8530693e-01]
 [ 3.4066784e-01  8.6492985e-02  9.0723467e-01]
 [ 6.5701023e-02 -1.4385939e-01  1.0191529e+00]
 [-1.2329626e-01 -2.7399784e-01  1.0641059e+00]
 [-2.3659769e-01 -2.9377636e-01  1.0875275e+00]]
[[ 0.          0.          0.55384374]
 [ 0.02795522 -0.10925128  0.55176115]
 [ 0.3402124   0.04353172  0.3573084 ]
 [ 0.52379113  0.04320312  0.01372451]
 [ 0.694811    0.03263426  0.        ]
 [-0.02790775  0.10929644  0.5565327 ]
 [-0.12704694  0.21557167  0.22084326]
 [-0.5523343   0.15807556  0.2527566 ]
 [-0.60713726  0.18652901  0.17316383]
 [ 0.03811692 -0.01000264  0.7796523 ]
 [ 0.10078959 -0.02629155  1.0242766 ]
 [ 0.20092982 -0.08543405  1.0338333 ]
 [ 0.15238379 -0.11354646  1.1006474 ]
 [ 0.07645011  0.09624267  0.99215597]
 [ 0.19303915  0.17364213  0.7737694 ]
 [ 0.3318609   0.10705742  0.864306  ]
 [ 0.07811527 -0.14247936  1.0191848 ]
 [-0.11361779 -0.2600372   1.0363214 ]
 [-0.21148524 -0.2613614   1.0335197 ]]
[[ 0.          0.          0.6009098 ]
 [ 0.027879   -0.10559449  0.59717923]
 [ 0.29980212  0.11231229  0.36643505]
 [ 0.47764683  0.1689679   0.01356435]
 [ 0.6597749   0.17701232  0.        ]
 [-0.02784985  0.10559775  0.60520047]
 [-0.07055195  0.12635145  0.22556436]
 [-0.49718663 -0.06211738  0.36399767]
 [-0.6187148  -0.03158569  0.3446296 ]
 [ 0.05314082  0.00222769  0.81914765]
 [ 0.12228398 -0.02657557  1.0604124 ]
 [ 0.22532082 -0.0943245   1.0840659 ]
 [ 0.1661782  -0.12767604  1.1445456 ]
 [ 0.08092237  0.08628595  1.0308394 ]
 [ 0.09242437  0.19099124  0.77824056]
 [ 0.2632699   0.21966329  0.77469826]
 [ 0.10670762 -0.13075846  1.0396259 ]
 [-0.13121484 -0.16411898  0.934324  ]
 [-0.12579238 -0.20434791  0.76557565]]
[[ 0.          0.          0.691349  ]
 [ 0.01923183 -0.11123239  0.68938166]
 [ 0.2607145   0.15893412  0.43511686]
 [ 0.32781166  0.22479099  0.0443393 ]
 [ 0.51325756  0.2618908   0.        ]
 [-0.01918035  0.11117658  0.69380623]
 [ 0.03446738  0.10493875  0.30822295]
 [-0.40224642 -0.13595977  0.4707541 ]
 [-0.5357928  -0.11671019  0.46045685]
 [ 0.06274971  0.01052257  0.90463686]
 [ 0.13995476 -0.01226723  1.1422236 ]
 [ 0.24801119 -0.08367079  1.1819208 ]
 [ 0.17886984 -0.10982701  1.2283543 ]
 [ 0.09431668  0.09715211  1.1145434 ]
 [ 0.03454746  0.19667143  0.86009306]
 [ 0.12921543  0.2785572   0.7141217 ]
 [ 0.12324601 -0.12476277  1.1158059 ]
 [-0.02863284 -0.1695005   0.90159935]
 [ 0.02898969 -0.19057146  0.6651257 ]]
[[ 0.          0.          0.6413306 ]
 [ 0.01335586 -0.1136402   0.6388755 ]
 [ 0.08147289  0.14296483  0.35242307]
 [ 0.00243061  0.32961917  0.06266862]
 [ 0.15297218  0.38822985  0.        ]
 [-0.01334597  0.11349951  0.6437706 ]
 [ 0.23945874  0.10100856  0.35394657]
 [-0.19473936 -0.04967938  0.4124933 ]
 [-0.23168689 -0.01758447  0.25993556]
 [ 0.05467994 -0.00703448  0.85767055]
 [ 0.12187007 -0.04360449  1.102343  ]
 [ 0.23736021 -0.10790855  1.1549585 ]
 [ 0.17853326 -0.12896174  1.2024956 ]
 [ 0.06254552  0.07428452  1.0673532 ]
 [-0.11678112  0.16361427  0.8909168 ]
 [-0.210567    0.2722187   0.68768626]
 [ 0.1174247  -0.18016347  1.079118  ]
 [ 0.03240922 -0.26431087  0.82777226]
 [ 0.13670874 -0.18808617  0.6236763 ]]
[[ 0.          0.          0.5703527 ]
 [-0.00575082 -0.10634578  0.5580904 ]
 [-0.0597132   0.11724642  0.27846742]
 [-0.23845854  0.36628723  0.11294466]
 [-0.13503632  0.43865114  0.        ]
 [ 0.00563243  0.10616296  0.58216447]
 [ 0.33406073  0.05318514  0.4108529 ]
 [ 0.04298164  0.01715207  0.17965654]
 [ 0.15932167  0.02356607  0.02514952]
 [ 0.04599036 -0.02781093  0.79297364]
 [ 0.11180909 -0.05765262  1.0422633 ]
 [ 0.21798337 -0.08904919  1.081672  ]
 [ 0.16050424 -0.12694049  1.1404948 ]
 [ 0.04553596  0.05892101  1.0075412 ]
 [-0.17349973  0.18706083  0.9488096 ]
 [-0.29746675  0.2946471   0.78871524]
 [ 0.12591028 -0.19346571  1.022212  ]
 [ 0.05137491 -0.33863065  0.8057091 ]
 [ 0.20099017 -0.20983265  0.72350353]]
[[ 0.00000000e+00  0.00000000e+00  6.28436089e-01]
 [ 6.75149262e-04 -9.80144441e-02  6.15602434e-01]
 [-8.36959407e-02  1.18805259e-01  3.33511382e-01]
 [-3.58794808e-01  3.21606666e-01  2.69036710e-01]
 [-3.35076660e-01  4.06919748e-01  1.43519849e-01]
 [-8.17850232e-04  9.77687240e-02  6.40659630e-01]
 [ 3.40716153e-01  3.96699607e-02  4.86033350e-01]
 [ 2.22914204e-01  5.48446178e-03  9.57468152e-02]
 [ 4.00216877e-01 -2.34144926e-03  0.00000000e+00]
 [ 3.99446264e-02 -2.64840573e-02  8.54056835e-01]
 [ 9.90455672e-02 -5.43824732e-02  1.10357690e+00]
 [ 2.07353532e-01 -7.59522617e-02  1.14426684e+00]
 [ 1.40397787e-01 -1.18321925e-01  1.20581722e+00]
 [ 2.05754787e-02  5.65022826e-02  1.07629955e+00]
 [-2.18887776e-01  1.80640340e-01  1.06495237e+00]
 [-3.24111342e-01  3.05822849e-01  9.07365322e-01]
 [ 1.31816983e-01 -1.87648922e-01  1.08016098e+00]
 [ 1.22454286e-01 -3.28597486e-01  8.61728668e-01]
 [ 2.77577490e-01 -1.75178871e-01  8.80035758e-01]]
[[ 0.          0.          0.65021765]
 [ 0.023089   -0.08892913  0.6396167 ]
 [-0.07869532  0.11621304  0.3264552 ]
 [-0.39741948  0.26668972  0.4333491 ]
 [-0.44885737  0.36875683  0.35132933]
 [-0.02320313  0.08862466  0.6601393 ]
 [ 0.31406328  0.1373008   0.4544536 ]
 [ 0.37198853  0.11561626  0.03743827]
 [ 0.5584109   0.12766767  0.        ]
 [ 0.03375788 -0.02072679  0.87497807]
 [ 0.08657891 -0.03862056  1.121381  ]
 [ 0.18682137 -0.06869629  1.162597  ]
 [ 0.11875202 -0.11021715  1.229111  ]
 [-0.004822    0.0573127   1.0863202 ]
 [-0.24880248  0.1783306   1.0550339 ]
 [-0.31467992  0.29691836  0.8885679 ]
 [ 0.1376231  -0.1583454   1.0992455 ]
 [ 0.16798124 -0.28208983  0.8965491 ]
 [ 0.29913262 -0.10440448  0.9242116 ]]
[[ 0.00000000e+00  0.00000000e+00  7.00213015e-01]
 [ 2.83690020e-02 -9.67056900e-02  6.90418661e-01]
 [-4.73129712e-02  6.11028969e-02  3.46337944e-01]
 [-4.06947732e-01  1.26954272e-01  5.47626913e-01]
 [-4.93565500e-01  2.40093157e-01  5.11433721e-01]
 [-2.84354687e-02  9.64216888e-02  7.09424376e-01]
 [ 2.77377367e-01  1.70977473e-01  4.44628388e-01]
 [ 3.69472861e-01  1.41872227e-01  2.60133147e-02]
 [ 5.51578879e-01  1.53575003e-01  0.00000000e+00]
 [ 3.38198245e-02  7.48589635e-04  9.19467568e-01]
 [ 8.96751583e-02 -5.72484732e-03  1.16004491e+00]
 [ 1.91737205e-01 -4.15150225e-02  1.19764817e+00]
 [ 1.23609334e-01 -7.47861862e-02  1.26259732e+00]
 [-4.64826077e-03  9.21731293e-02  1.12029266e+00]
 [-2.28282779e-01  2.05691695e-01  1.03130198e+00]
 [-2.29215622e-01  3.12789142e-01  8.35530043e-01]
 [ 1.38203219e-01 -1.30678475e-01  1.14344144e+00]
 [ 1.36642814e-01 -2.71563977e-01  9.59047616e-01]
 [ 2.77629554e-01 -1.21193632e-01  8.89965892e-01]]
[[ 0.00000000e+00  0.00000000e+00  7.78467536e-01]
 [ 2.97196358e-02 -1.10338040e-01  7.66996741e-01]
 [ 1.78760029e-02  1.29288435e-02  4.01676953e-01]
 [-3.87532592e-01 -1.82658434e-03  6.22369885e-01]
 [-4.90353405e-01  1.20323963e-01  6.16128445e-01]
 [-2.97273546e-02  1.10122509e-01  7.89489210e-01]
 [ 2.36189798e-01  1.92647606e-01  4.72833872e-01]
 [ 2.82953769e-01  1.59668207e-01  4.41834927e-02]
 [ 4.65745568e-01  1.78830028e-01  0.00000000e+00]
 [ 4.30680364e-02  2.71435678e-02  9.89966273e-01]
 [ 1.12035960e-01  4.11164165e-02  1.22693205e+00]
 [ 2.14368016e-01 -3.58074903e-04  1.26133311e+00]
 [ 1.47186026e-01 -2.22243071e-02  1.33336949e+00]
 [ 2.14350447e-02  1.47190690e-01  1.18045878e+00]
 [-1.65119261e-01  2.48194411e-01  1.02535963e+00]
 [-1.14705965e-01  3.38008732e-01  8.20143342e-01]
 [ 1.49060756e-01 -9.84902680e-02  1.21169055e+00]
 [ 1.07725799e-01 -2.57652104e-01  1.01710773e+00]
 [ 2.35607922e-01 -1.61118805e-01  8.61292005e-01]]
[[ 0.          0.          0.81767845]
 [ 0.01902384 -0.12704436  0.8105649 ]
 [ 0.2168034  -0.04809162  0.50474197]
 [-0.23550269 -0.00925672  0.5577123 ]
 [-0.28819957  0.07823724  0.46785963]
 [-0.01893284  0.12709017  0.8244386 ]
 [ 0.13711601  0.27523065  0.471222  ]
 [-0.00814588  0.22630745  0.08295012]
 [ 0.20381656  0.21981609  0.        ]
 [ 0.0695333   0.06998575  1.0160007 ]
 [ 0.16094412  0.12370232  1.2424021 ]
 [ 0.2706144   0.06444955  1.3074718 ]
 [ 0.19839847  0.05876267  1.370693  ]
 [ 0.10025831  0.2491293   1.1895875 ]
 [ 0.06031096  0.32624063  0.93823487]
 [ 0.23307142  0.3325297   0.82206154]
 [ 0.16465774 -0.02577817  1.226504  ]
 [ 0.03158001 -0.1277821   1.0026832 ]
 [ 0.09153281 -0.14864422  0.8165423 ]]
[[ 0.          0.          0.71639496]
 [ 0.0178831  -0.12704624  0.7101272 ]
 [ 0.33884948 -0.09075713  0.572363  ]
 [ 0.01913957 -0.12938762  0.30512652]
 [ 0.09550755 -0.12470371  0.16733462]
 [-0.01774177  0.12719686  0.72269505]
 [-0.00274735  0.3111803   0.38198236]
 [-0.28610712  0.35007614  0.10717398]
 [-0.14012259  0.35175797  0.        ]
 [ 0.05353468  0.0408974   0.92415226]
 [ 0.11963405  0.05603305  1.1691928 ]
 [ 0.23262984 -0.00635883  1.2389712 ]
 [ 0.15531814 -0.02157629  1.2948422 ]
 [ 0.08552706  0.19190454  1.1124636 ]
 [ 0.16753954  0.2556371   0.87516284]
 [ 0.3184461   0.13740364  0.93440384]
 [ 0.10359383 -0.09369603  1.1465327 ]
 [-0.1448659  -0.14164752  1.0410237 ]
 [-0.18007421 -0.27206916  0.9446786 ]]
[[ 0.          0.          0.63201934]
 [ 0.00975261 -0.12625006  0.6339465 ]
 [ 0.335211   -0.07933293  0.52755046]
 [ 0.276782   -0.14825022  0.1369924 ]
 [ 0.43796158 -0.15965939  0.05578321]
 [-0.00966244  0.12642063  0.6305166 ]
 [-0.11755008  0.31290564  0.33185157]
 [-0.46626413  0.37401044  0.13296875]
 [-0.4082331   0.39204088  0.        ]
 [ 0.03272959  0.01861876  0.8478153 ]
 [ 0.07576238  0.02148676  1.0992215 ]
 [ 0.17928171 -0.04830396  1.1581857 ]
 [ 0.10113764 -0.04934722  1.2153611 ]
 [ 0.07532729  0.15747726  1.0436511 ]
 [ 0.21952084  0.21430008  0.8472193 ]
 [ 0.31707132  0.12976941  0.9860755 ]
 [ 0.03640499 -0.11665311  1.0923023 ]
 [-0.19170886 -0.22892371  1.1396787 ]
 [-0.30845672 -0.23150179  1.0865235 ]]
[[ 0.          0.          0.5340599 ]
 [ 0.00996738 -0.11636284  0.5321446 ]
 [ 0.32093257 -0.05602938  0.39535436]
 [ 0.4471116  -0.09437132  0.02866215]
 [ 0.6248052  -0.11339641  0.        ]
 [-0.00992331  0.11649411  0.536599  ]
 [-0.14156505  0.24051791  0.22012138]
 [-0.5580945   0.26572564  0.17676774]
 [-0.58807695  0.29638553  0.07015094]
 [ 0.02500159  0.00751851  0.7553707 ]
 [ 0.06334682  0.00359812  1.0066717 ]
 [ 0.16760781 -0.07365394  1.0672319 ]
 [ 0.09057697 -0.05726475  1.1285373 ]
 [ 0.07820124  0.12546971  0.95257473]
 [ 0.21701217  0.17491665  0.7622614 ]
 [ 0.31191128  0.11113125  0.89408123]
 [ 0.01152277 -0.11372885  0.99978113]
 [-0.21733728 -0.22167072  1.0573623 ]
 [-0.3158504  -0.2052364   1.0020325 ]]
[[ 0.0000000e+00  0.0000000e+00  5.3641760e-01]
 [ 1.3261296e-02 -1.1107877e-01  5.3346598e-01]
 [ 3.0637223e-01 -9.7363442e-03  3.4136397e-01]
 [ 4.8874572e-01 -1.9474387e-02  3.3551455e-04]
 [ 6.6371953e-01 -4.3532193e-02  0.0000000e+00]
 [-1.3229597e-02  1.1113568e-01  5.4009414e-01]
 [-1.1550006e-01  1.7741865e-01  1.9418889e-01]
 [-5.5777049e-01  1.0878718e-01  2.4543822e-01]
 [-6.4010304e-01  1.5659687e-01  1.7907652e-01]
 [ 3.0575115e-02  8.6879283e-03  7.5672024e-01]
 [ 7.4281558e-02  9.9632144e-04  1.0077058e+00]
 [ 1.8016258e-01 -8.0206454e-02  1.0766029e+00]
 [ 1.0562090e-01 -6.6941261e-02  1.1325650e+00]
 [ 8.8053882e-02  1.1535597e-01  9.5474386e-01]
 [ 1.9034080e-01  1.8362042e-01  7.4904364e-01]
 [ 3.2087460e-01  1.3090527e-01  8.3231676e-01]
 [ 2.1040991e-02 -1.1049947e-01  9.9674046e-01]
 [-2.0155700e-01 -2.1128476e-01  1.0198700e+00]
 [-2.9864478e-01 -2.1849568e-01  9.2981327e-01]]
[[ 0.          0.          0.5858052 ]
 [ 0.01373279 -0.11353151  0.5815411 ]
 [ 0.27880073  0.04114018  0.3471511 ]
 [ 0.4311921   0.05854207  0.00387275]
 [ 0.6240385   0.05147827  0.        ]
 [-0.013737    0.11352699  0.59079945]
 [-0.05301651  0.11199409  0.22633952]
 [-0.49668133 -0.05632143  0.3427222 ]
 [-0.6244149  -0.00919212  0.32010543]
 [ 0.03690147  0.01052579  0.80519783]
 [ 0.08541555 -0.00404981  1.0557562 ]
 [ 0.19747517 -0.08533418  1.1253558 ]
 [ 0.12155241 -0.07714432  1.1804159 ]
 [ 0.09046967  0.1127066   1.0060266 ]
 [ 0.14038448  0.20746683  0.77737683]
 [ 0.30687824  0.19527748  0.7539749 ]
 [ 0.03428911 -0.1203762   1.0389609 ]
 [-0.17670868 -0.2256721   0.99469215]
 [-0.25699842 -0.22478905  0.83061194]]
[[ 0.          0.          0.679531  ]
 [ 0.00443409 -0.11773609  0.6766328 ]
 [ 0.24211821  0.07933787  0.40869385]
 [ 0.274665    0.13423371  0.04640263]
 [ 0.4863816   0.14992535  0.        ]
 [-0.0044166   0.11771282  0.6830005 ]
 [ 0.05330086  0.08561176  0.31123686]
 [-0.40349203 -0.11781453  0.48173296]
 [-0.53761077 -0.091104    0.44355068]
 [ 0.04510434  0.01156537  0.89612794]
 [ 0.0987253  -0.00934458  1.145005  ]
 [ 0.2209774  -0.08732265  1.2279661 ]
 [ 0.12812442 -0.07475108  1.2721295 ]
 [ 0.09266903  0.10922402  1.0946085 ]
 [ 0.05802442  0.20568939  0.84959203]
 [ 0.17243183  0.24868545  0.71246666]
 [ 0.04861861 -0.13253742  1.1216149 ]
 [-0.12593779 -0.24137971  0.97170186]
 [-0.13349804 -0.24501969  0.7703757 ]]
[[ 0.          0.          0.61511517]
 [-0.0147918  -0.11487016  0.612049  ]
 [ 0.04530534  0.06590679  0.29405856]
 [-0.13379762  0.24996021  0.06442845]
 [-0.00336943  0.28759322  0.        ]
 [ 0.01476596  0.114721    0.61805665]
 [ 0.31801766  0.05706424  0.39557207]
 [-0.08195437  0.00480998  0.33435476]
 [-0.05195384  0.03035089  0.16759348]
 [ 0.04268993  0.00488675  0.83454156]
 [ 0.0961052  -0.01253784  1.085863  ]
 [ 0.21349949 -0.07836586  1.1776637 ]
 [ 0.13215464 -0.07844079  1.222716  ]
 [ 0.06997444  0.11286834  1.0309616 ]
 [-0.07523611  0.24122196  0.8662292 ]
 [-0.08088112  0.3589455   0.64812076]
 [ 0.06970675 -0.15288994  1.053787  ]
 [-0.01347712 -0.2706043   0.81825817]
 [ 0.1401515  -0.21961513  0.6924534 ]]
[[ 0.          0.          0.56444675]
 [-0.02674815 -0.10471146  0.552215  ]
 [-0.07636756  0.03639835  0.2645642 ]
 [-0.31994647  0.25660017  0.11870614]
 [-0.23088169  0.3015709   0.        ]
 [ 0.02661325  0.10449789  0.57623494]
 [ 0.33244824 -0.02514565  0.40859008]
 [ 0.09162264 -0.02497986  0.12965956]
 [ 0.23686208 -0.03333467  0.00468725]
 [ 0.03510404 -0.01105948  0.7881365 ]
 [ 0.08156524 -0.03027683  1.0426984 ]
 [ 0.18651317 -0.0809015   1.1345379 ]
 [ 0.10730873 -0.08598554  1.1821334 ]
 [ 0.0463054   0.09598285  0.99547744]
 [-0.13527381  0.2521811   0.90273786]
 [-0.1911233   0.3490385   0.69205844]
 [ 0.07570076 -0.17297861  1.0069002 ]
 [ 0.0227679  -0.31700623  0.79124624]
 [ 0.1971688  -0.21850148  0.7645161 ]]
[[ 0.          0.          0.6322857 ]
 [-0.01439687 -0.09873719  0.6189928 ]
 [-0.10336131  0.07390836  0.33301032]
 [-0.42747426  0.25933367  0.28416455]
 [-0.4103716   0.33185178  0.15280008]
 [ 0.01423035  0.0984835   0.64497656]
 [ 0.32047418 -0.00838694  0.4626897 ]
 [ 0.27475703 -0.04100406  0.0600298 ]
 [ 0.47375864 -0.06127858  0.        ]
 [ 0.030012   -0.00546955  0.85630834]
 [ 0.0656657  -0.02331316  1.1098546 ]
 [ 0.16832237 -0.06235588  1.202379  ]
 [ 0.08126332 -0.07154363  1.249764  ]
 [ 0.01556117  0.09894943  1.0677643 ]
 [-0.17999098  0.25669914  0.9951329 ]
 [-0.23347354  0.3358824   0.7895367 ]
 [ 0.08134827 -0.16345525  1.0723543 ]
 [ 0.08973417 -0.31395236  0.8762524 ]
 [ 0.23983663 -0.16117132  0.91779363]]
[[ 0.          0.          0.63565433]
 [ 0.0034613  -0.09296277  0.6242995 ]
 [-0.09250223  0.08083309  0.32270423]
 [-0.44936663  0.22520778  0.41625243]
 [-0.5022496   0.33017156  0.32478106]
 [-0.00357753  0.09267257  0.64635134]
 [ 0.30264148  0.0765582   0.42440847]
 [ 0.38581187  0.02398509  0.01940823]
 [ 0.5812976   0.01604885  0.        ]
 [ 0.02702788  0.00385126  0.85629797]
 [ 0.06025325 -0.00201702  1.1083    ]
 [ 0.15954342 -0.03731596  1.1968942 ]
 [ 0.07795427 -0.0466767   1.2495098 ]
 [-0.00247747  0.1034162   1.0572681 ]
 [-0.20092201  0.23724198  0.9596262 ]
 [-0.22148955  0.32215154  0.7598045 ]
 [ 0.08900058 -0.12992975  1.0751592 ]
 [ 0.12371925 -0.27996576  0.8905596 ]
 [ 0.2473642  -0.09594442  0.9263936 ]]
[[ 0.          0.          0.6792469 ]
 [ 0.01168286 -0.09926342  0.6691025 ]
 [-0.05159508  0.05583438  0.34476808]
 [-0.41869256  0.16478226  0.5048535 ]
 [-0.49274576  0.29052576  0.4429648 ]
 [-0.01175537  0.09899076  0.6888044 ]
 [ 0.27294135  0.1331789   0.42394856]
 [ 0.35888368  0.0782637   0.01868862]
 [ 0.55035317  0.08033186  0.        ]
 [ 0.02942136  0.01883362  0.8965444 ]
 [ 0.06823963  0.02659959  1.146841  ]
 [ 0.1697915  -0.01432663  1.2331249 ]
 [ 0.08618008 -0.02261168  1.28389   ]
 [ 0.0023525   0.13152659  1.0899482 ]
 [-0.17180222  0.25653103  0.9536623 ]
 [-0.13008416  0.3502595   0.7514863 ]
 [ 0.09765765 -0.1048466   1.1200962 ]
 [ 0.10615437 -0.26788485  0.93525815]
 [ 0.24593812 -0.12185588  0.87283725]]
[[ 0.          0.          0.78530693]
 [ 0.01734289 -0.11514766  0.7739329 ]
 [ 0.05247475 -0.01331571  0.43148926]
 [-0.38553053  0.03499638  0.5675334 ]
 [-0.47084683  0.1586376   0.5074004 ]
 [-0.01737194  0.11503663  0.79620486]
 [ 0.20448843  0.16888547  0.47235614]
 [ 0.20550777  0.11356252  0.0568071 ]
 [ 0.41096443  0.12073708  0.        ]
 [ 0.05011996  0.06325571  0.9914348 ]
 [ 0.11171481  0.10314175  1.233359  ]
 [ 0.21385962  0.04802823  1.3219012 ]
 [ 0.13021709  0.05547971  1.3781067 ]
 [ 0.05277431  0.21469682  1.1656697 ]
 [-0.06439736  0.30769432  0.95555186]
 [ 0.06533214  0.3813609   0.7579869 ]
 [ 0.12429067 -0.04049531  1.2085431 ]
 [ 0.07795551 -0.21306041  1.0134519 ]
 [ 0.18760136 -0.14217614  0.85661286]]
[[ 0.          0.          0.75056314]
 [ 0.0137351  -0.1245331   0.74663764]
 [ 0.22850558 -0.07646722  0.47305423]
 [-0.2194955  -0.02806723  0.45651406]
 [-0.24786934  0.04540461  0.34384888]
 [-0.01367997  0.12458481  0.7542833 ]
 [ 0.12567854  0.26474777  0.40923506]
 [-0.05065252  0.2350966   0.08073115]
 [ 0.14471014  0.23075634  0.        ]
 [ 0.05947181  0.06942309  0.9533891 ]
 [ 0.13403219  0.11969894  1.190572  ]
 [ 0.23620704  0.06025371  1.2829937 ]
 [ 0.15426692  0.06428969  1.3322241 ]
 [ 0.09499469  0.24118924  1.1186464 ]
 [ 0.10245662  0.3299991   0.8754283 ]
 [ 0.29390234  0.32348526  0.77856225]
 [ 0.12954135 -0.02935612  1.1767154 ]
 [ 0.01330268 -0.13525146  0.9544543 ]
 [ 0.10049336 -0.0978756   0.78619355]]
[[ 0.          0.          0.6631969 ]
 [ 0.00641803 -0.12704888  0.662144  ]
 [ 0.33547398 -0.10283294  0.5232839 ]
 [ 0.11927614 -0.17385858  0.19968963]
 [ 0.24041209 -0.18769461  0.08761626]
 [-0.00637227  0.12722135  0.66453743]
 [-0.04147731  0.2766983   0.3176517 ]
 [-0.40257746  0.3146297   0.12577385]
 [-0.31807303  0.3263623   0.        ]
 [ 0.02312981  0.03282261  0.8786311 ]
 [ 0.05637353  0.05385822  1.1322737 ]
 [ 0.16528904 -0.02698207  1.2155013 ]
 [ 0.07564493  0.00603753  1.261297  ]
 [ 0.08240427  0.17845392  1.061899  ]
 [ 0.2121886   0.22619538  0.86820287]
 [ 0.32031474  0.13892335  0.9757316 ]
 [-0.00444015 -0.08230209  1.1300055 ]
 [-0.21265781 -0.21424478  1.13489   ]
 [-0.2957157  -0.2351695   1.044506  ]]
[[ 0.00000000e+00  0.00000000e+00  5.73471487e-01]
 [-1.84923410e-04 -1.23361945e-01  5.72651684e-01]
 [ 3.12293410e-01 -1.32423699e-01  4.48159844e-01]
 [ 3.13235879e-01 -1.98281646e-01  7.47869909e-02]
 [ 4.75006104e-01 -2.19567478e-01  3.01305652e-02]
 [ 2.12151557e-04  1.23505168e-01  5.74885666e-01]
 [-1.07295424e-01  2.38554284e-01  2.44678110e-01]
 [-5.06981492e-01  3.06123853e-01  1.21830583e-01]
 [-5.20560086e-01  3.40936244e-01  0.00000000e+00]
 [ 8.31994973e-03  2.69064009e-02  7.91641951e-01]
 [ 2.74543967e-02  4.06754017e-02  1.04532528e+00]
 [ 1.28634676e-01 -3.82010937e-02  1.12218142e+00]
 [ 4.20441814e-02 -2.60502100e-03  1.17053699e+00]
 [ 7.44702071e-02  1.54641420e-01  9.81368780e-01]
 [ 2.14931816e-01  1.74049407e-01  8.07172596e-01]
 [ 2.94971108e-01  9.86995399e-02  9.35796916e-01]
 [-5.16237840e-02 -7.40798414e-02  1.04194570e+00]
 [-2.70058244e-01 -1.99738353e-01  1.07960606e+00]
 [-3.58799875e-01 -1.87760353e-01  1.03037238e+00]]
[[ 0.00000000e+00  0.00000000e+00  4.97896105e-01]
 [ 3.95104289e-05 -1.14438042e-01  4.95757818e-01]
 [ 3.08561832e-01 -1.03867173e-01  3.65389705e-01]
 [ 4.36875463e-01 -1.35919482e-01  7.08907843e-03]
 [ 6.02507591e-01 -1.65084243e-01  0.00000000e+00]
 [-1.67340040e-05  1.14563309e-01  5.00734568e-01]
 [-1.14135325e-01  2.01802686e-01  1.66239649e-01]
 [-5.32598257e-01  2.48569489e-01  1.21316373e-01]
 [-5.86592078e-01  2.94701159e-01  1.39477253e-02]
 [ 4.63695824e-03  2.15532780e-02  7.18591630e-01]
 [ 2.13599019e-02  3.31011415e-02  9.71220851e-01]
 [ 1.21530443e-01 -4.98218834e-02  1.04881632e+00]
 [ 3.56742404e-02 -8.71926546e-03  1.09659994e+00]
 [ 7.30066597e-02  1.35753155e-01  9.12097096e-01]
 [ 2.16284856e-01  1.51764378e-01  7.47801006e-01]
 [ 3.05232108e-01  7.66633749e-02  8.53469491e-01]
 [-6.15601204e-02 -6.82328939e-02  9.63977754e-01]
 [-2.77558208e-01 -1.78625524e-01  9.96824265e-01]
 [-3.84744376e-01 -1.86343074e-01  9.51790094e-01]]
[[ 0.          0.          0.5032745 ]
 [ 0.00120175 -0.1136934   0.49983034]
 [ 0.29813078 -0.08643374  0.3485788 ]
 [ 0.45594317 -0.10655645  0.        ]
 [ 0.6217123  -0.14672434  0.00890604]
 [-0.0011614   0.11379923  0.5074849 ]
 [-0.06746691  0.2014611   0.15384492]
 [-0.49609542  0.20739323  0.16595742]
 [-0.570532    0.260004    0.06757239]
 [ 0.00583819  0.02209327  0.7228085 ]
 [ 0.02115918  0.02446714  0.9743391 ]
 [ 0.1239263  -0.06340721  1.0508244 ]
 [ 0.03872126 -0.02029651  1.0997379 ]
 [ 0.07694925  0.12433535  0.91969264]
 [ 0.20588554  0.16330497  0.7468209 ]
 [ 0.32461542  0.0906744   0.8098948 ]
 [-0.06622209 -0.07098517  0.961238  ]
 [-0.28805846 -0.18508139  0.9592998 ]
 [-0.3794697  -0.19945975  0.8855949 ]]
[[ 0.00000000e+00  0.00000000e+00  5.31973779e-01]
 [-3.75531614e-04 -1.17345966e-01  5.29379606e-01]
 [ 2.92482257e-01 -6.18380755e-02  3.54820669e-01]
 [ 4.30877209e-01 -6.63367510e-02  0.00000000e+00]
 [ 6.08582973e-01 -1.05285764e-01  1.58808231e-02]
 [ 4.01496887e-04  1.17477290e-01  5.35342455e-01]
 [ 4.95224446e-03  1.89932182e-01  1.66519582e-01]
 [-4.31602299e-01  1.64353669e-01  2.22368956e-01]
 [-5.20313978e-01  2.20847040e-01  1.17500484e-01]
 [ 8.65329802e-03  2.46205181e-02  7.51921356e-01]
 [ 2.28280816e-02  1.84633434e-02  1.00266886e+00]
 [ 1.35242432e-01 -7.14821815e-02  1.07618499e+00]
 [ 4.61712517e-02 -2.62771249e-02  1.12555909e+00]
 [ 8.53755474e-02  1.16499275e-01  9.52207565e-01]
 [ 1.89446375e-01  1.75491378e-01  7.56251395e-01]
 [ 3.37545544e-01  1.25615746e-01  7.37570643e-01]
 [-7.01699927e-02 -7.47108757e-02  9.83946741e-01]
 [-2.74846703e-01 -1.72317773e-01  9.27226007e-01]
 [-3.42256069e-01 -1.91539735e-01  7.83051074e-01]]
[[ 0.          0.          0.6152194 ]
 [-0.03041085 -0.1167741   0.6053488 ]
 [ 0.20754637 -0.01746795  0.332222  ]
 [ 0.20128253  0.10252807  0.05165642]
 [ 0.38326532  0.10965502  0.        ]
 [ 0.0304813   0.11684109  0.62530077]
 [ 0.2893812   0.09434804  0.31648007]
 [-0.10437277  0.17747094  0.28993917]
 [-0.06142846  0.19273737  0.11991104]
 [ 0.01664026 -0.0030508   0.8275239 ]
 [ 0.03768064 -0.04511222  1.0747396 ]
 [ 0.15911573 -0.11993518  1.1570342 ]
 [ 0.06734937 -0.09120381  1.20048   ]
 [ 0.0678727   0.08255187  1.0364537 ]
 [ 0.07176077  0.24389252  0.84113365]
 [ 0.18938684  0.35974604  0.63891345]
 [-0.02632522 -0.1651138   1.0296168 ]
 [-0.09435178 -0.21485391  0.76376027]
 [-0.00382589 -0.28178436  0.55111146]]
[[ 0.          0.          0.5659414 ]
 [-0.04921045 -0.10784593  0.5425074 ]
 [ 0.09218696 -0.01531526  0.26548213]
 [-0.10554858  0.25892472  0.11044675]
 [ 0.0305149   0.27267176  0.02925789]
 [ 0.04910824  0.10773221  0.58912814]
 [ 0.35638404 -0.0354771   0.39026794]
 [ 0.20940983  0.03529039  0.0917705 ]
 [ 0.39143133  0.01549482  0.        ]
 [ 0.01249363 -0.03445478  0.7781662 ]
 [ 0.0357767  -0.07264131  1.0268681 ]
 [ 0.1454347  -0.13829437  1.1101351 ]
 [ 0.05991255 -0.10840809  1.1592021 ]
 [ 0.04669928  0.06418815  0.9952526 ]
 [-0.04810354  0.26326787  0.87954503]
 [-0.04163742  0.41253692  0.6689971 ]
 [-0.00419705 -0.20722829  0.97492796]
 [-0.03898656 -0.3181671   0.7234472 ]
 [ 0.13320577 -0.33107793  0.6418586 ]]
[[ 0.          0.          0.5894051 ]
 [-0.03768075 -0.10361465  0.5689161 ]
 [-0.01506614  0.05363318  0.2891503 ]
 [-0.31716913  0.29617476  0.17351785]
 [-0.22885329  0.32711124  0.0607909 ]
 [ 0.0374714   0.10343474  0.6093062 ]
 [ 0.35897768 -0.00484313  0.40521947]
 [ 0.3963884  -0.09613419  0.01221442]
 [ 0.6022203  -0.12598318  0.        ]
 [ 0.00410824 -0.01338318  0.80011654]
 [ 0.01214084 -0.04450157  1.0483539 ]
 [ 0.11746211 -0.0974628   1.1293635 ]
 [ 0.03400095 -0.08597928  1.187603  ]
 [-0.00798817  0.09019908  1.0195045 ]
 [-0.16752449  0.2709666   0.9549787 ]
 [-0.15371889  0.3904665   0.74229825]
 [ 0.00582319 -0.18183236  0.9949182 ]
 [ 0.00283483 -0.32329106  0.7759637 ]
 [ 0.16960362 -0.25866866  0.78948784]]
[[ 0.          0.          0.5535232 ]
 [-0.03016068 -0.09023979  0.53874445]
 [-0.07955763  0.09698632  0.27955088]
 [-0.39794606  0.3376099   0.23423338]
 [-0.3760693   0.40586922  0.10967579]
 [ 0.02998953  0.09003687  0.5676571 ]
 [ 0.3444643   0.04152299  0.3422591 ]
 [ 0.47395062 -0.05100352  0.        ]
 [ 0.6682263  -0.07815069  0.00608796]
 [-0.01534108 -0.01317926  0.7626179 ]
 [-0.02081556 -0.02885538  1.0105926 ]
 [ 0.08067025 -0.07490477  1.0862994 ]
 [-0.00549602 -0.07480204  1.1441482 ]
 [-0.05860551  0.09705368  0.9711422 ]
 [-0.22553027  0.26858574  0.89592105]
 [-0.19944662  0.34857625  0.6839605 ]
 [-0.00435181 -0.15986755  0.9708153 ]
 [ 0.01751788 -0.28793877  0.7788907 ]
 [ 0.15861535 -0.18345553  0.8273731 ]]
[[ 0.          0.          0.57727104]
 [-0.01454136 -0.08716223  0.5701821 ]
 [-0.08866729  0.09808522  0.29407337]
 [-0.44536978  0.3166136   0.32627043]
 [-0.48154688  0.42056638  0.22542042]
 [ 0.01439144  0.08697514  0.58373404]
 [ 0.30511612  0.09995309  0.3430406 ]
 [ 0.446922    0.02346319  0.01028132]
 [ 0.63240516  0.01013952  0.        ]
 [-0.02507843  0.00558972  0.788586  ]
 [-0.03648249  0.01906011  1.0372565 ]
 [ 0.06063751 -0.02518439  1.1173775 ]
 [-0.02788777 -0.03239709  1.1687639 ]
 [-0.08398762  0.13634223  0.98265105]
 [-0.23496917  0.2921769   0.8619529 ]
 [-0.13968098  0.3666762   0.66971326]
 [-0.00940554 -0.11107704  1.014882  ]
 [ 0.00566402 -0.24336661  0.8546191 ]
 [ 0.12887107 -0.13126577  0.86073077]]
[[ 0.          0.          0.6361986 ]
 [ 0.00651345 -0.09710387  0.63454527]
 [-0.03453971  0.04173619  0.31772137]
 [-0.44792768  0.16380987  0.4240529 ]
 [-0.5356078   0.29925424  0.36639172]
 [-0.00662326  0.09692203  0.6373663 ]
 [ 0.25361454  0.15169285  0.37224752]
 [ 0.29721016  0.05344397  0.02427697]
 [ 0.4722809   0.05656278  0.        ]
 [-0.01766085  0.05471008  0.8501773 ]
 [-0.02539435  0.10359973  1.0969102 ]
 [ 0.06758459  0.05848289  1.1939317 ]
 [-0.02330411  0.05345488  1.2377404 ]
 [-0.07612891  0.21805084  1.0216948 ]
 [-0.16985703  0.33049777  0.83348835]
 [ 0.00867903  0.37047428  0.69490695]
 [ 0.00470429 -0.03732005  1.0818236 ]
 [-0.01901785 -0.2063159   0.8980922 ]
 [ 0.10722899 -0.12688424  0.81988555]]
[[ 0.          0.          0.4835009 ]
 [ 0.00631492 -0.10658175  0.48068652]
 [ 0.2401268  -0.0574545   0.22090206]
 [-0.08767385 -0.22007763  0.09079137]
 [ 0.30805683 -0.28788757  0.        ]
 [-0.00643086  0.10661645  0.48660922]
 [ 0.04844264  0.09524563  0.15020794]
 [-0.23416111  0.05346638  0.1028299 ]
 [-0.25195634  0.09681103  0.02400512]
 [ 0.00523528  0.04294628  0.700847  ]
 [ 0.01618858  0.06195188  0.9558064 ]
 [ 0.09631912  0.00960612  1.0627326 ]
 [ 0.02816418  0.0106107   1.1196015 ]
 [ 0.02683918  0.17905053  0.8772789 ]
 [ 0.13684437  0.24036798  0.7117069 ]
 [ 0.24281746  0.19091383  0.690488  ]
 [-0.02299375 -0.07526463  0.9394628 ]
 [-0.11426461 -0.22370684  0.74605054]
 [-0.08977452 -0.23356277  0.5903757 ]]
[[ 0.          0.          0.4382623 ]
 [ 0.03821295 -0.11216674  0.45154428]
 [ 0.37272382 -0.12190048  0.28603467]
 [ 0.05035944 -0.163297    0.0468325 ]
 [ 0.02149571 -0.09456748  0.        ]
 [-0.03815005  0.11206917  0.42509803]
 [-0.00993418  0.23746781  0.10246608]
 [-0.22601333 -0.03563115  0.06737798]
 [-0.09296528 -0.02361515  0.0093416 ]
 [ 0.01724186  0.05856     0.6585336 ]
 [ 0.02592699  0.0805572   0.9155792 ]
 [ 0.10904999  0.06900758  1.0183724 ]
 [ 0.03128202  0.04821789  1.0693386 ]
 [ 0.03283051  0.21242839  0.85293025]
 [ 0.24496043  0.2736022   0.6646532 ]
 [ 0.35284722  0.06522697  0.78218156]
 [ 0.01527058 -0.05452237  0.88334334]
 [ 0.08594377 -0.13999295  0.62905896]
 [ 0.23927534 -0.20798248  0.7586893 ]]
[[ 0.00000000e+00  0.00000000e+00  6.95623636e-01]
 [ 3.00797820e-03 -1.14535004e-01  6.98615313e-01]
 [ 2.57775426e-01 -2.55805194e-01  5.64411998e-01]
 [ 1.88399076e-01 -4.35091138e-01  1.72821641e-01]
 [ 3.62737417e-01 -4.55122232e-01  1.37083411e-01]
 [-2.96417996e-03  1.14596903e-01  6.93019986e-01]
 [-1.35588825e-01  1.49136424e-01  3.83394182e-01]
 [-4.18295681e-01  1.15629613e-01  1.06833041e-01]
 [-3.51500660e-01  1.54136539e-01  0.00000000e+00]
 [ 6.11539930e-03  7.26848692e-02  9.04625893e-01]
 [-1.13154948e-03  8.48783255e-02  1.15856624e+00]
 [ 8.46516937e-02  3.51780653e-02  1.26785660e+00]
 [ 1.08188763e-02  6.89973831e-02  1.31324244e+00]
 [ 6.03579246e-02  1.84100628e-01  1.09181046e+00]
 [ 2.27966771e-01  1.09627634e-01  9.02885199e-01]
 [ 2.60350227e-01 -5.81512451e-02  1.03457940e+00]
 [-8.26949328e-02 -2.30517387e-02  1.11827552e+00]
 [-2.52418876e-01 -1.59772784e-01  9.64926183e-01]
 [ 5.01459688e-02 -2.95925796e-01  9.43861842e-01]]
[[ 0.          0.          0.5733299 ]
 [ 0.00669766 -0.12338059  0.57578766]
 [ 0.3034548  -0.17933874  0.40915406]
 [ 0.3706137  -0.3249319   0.03520024]
 [ 0.55786633 -0.32938433  0.00280374]
 [-0.00670293  0.12349312  0.5715906 ]
 [-0.1121175   0.13463569  0.21220863]
 [-0.51211214  0.15776956  0.10538292]
 [-0.5298424   0.19146013  0.        ]
 [ 0.00159934  0.05355632  0.790514  ]
 [ 0.00686838  0.07641396  1.0462812 ]
 [ 0.09527549  0.01182026  1.1473174 ]
 [ 0.0212241   0.04730594  1.1911157 ]
 [ 0.05731892  0.17444217  0.97369146]
 [ 0.16990337  0.13721317  0.745394  ]
 [ 0.29977337  0.03004695  0.79517865]
 [-0.07539807 -0.03462058  1.0351914 ]
 [-0.2823353  -0.15350571  0.99295366]
 [-0.35136247 -0.21573181  0.9079708 ]]
[[ 0.          0.          0.61274105]
 [-0.0237579  -0.1121551   0.60701376]
 [ 0.16066706 -0.13062505  0.36651033]
 [ 0.2737447  -0.04954213  0.02595395]
 [ 0.33864945 -0.08973914  0.        ]
 [ 0.02345934  0.11237692  0.61875826]
 [ 0.00894314  0.15869951  0.28663582]
 [-0.2742715   0.10337475  0.229047  ]
 [ 0.26702768 -0.04328126  0.05288583]
 [ 0.00755104  0.01824117  0.81570005]
 [ 0.01612289  0.01405817  1.052326  ]
 [ 0.06084451 -0.0246006   1.1312666 ]
 [ 0.01151465 -0.0342353   1.1891487 ]
 [ 0.03226473  0.10552898  0.97894514]
 [ 0.09171923  0.16023314  0.74986017]
 [ 0.18877535  0.09461677  0.66131115]
 [-0.0397394  -0.08695999  1.0371126 ]
 [-0.18844004 -0.17143296  0.9738089 ]
 [-0.29623544 -0.2486027   0.9289798 ]]
[[ 0.00000000e+00  0.00000000e+00  7.87494957e-01]
 [ 2.12500989e-02 -1.10758223e-01  7.92656124e-01]
 [ 2.73085296e-01 -9.44578648e-03  5.06422937e-01]
 [ 2.22182244e-01 -4.09892797e-02  7.53710866e-02]
 [ 3.95464927e-01  1.07651949e-03  0.00000000e+00]
 [-2.13198960e-02  1.10718727e-01  7.82721281e-01]
 [ 4.05843556e-02  4.28583026e-02  3.97651553e-01]
 [-4.07547712e-01 -1.35525510e-01  5.03655374e-01]
 [-5.29650509e-01 -7.92822540e-02  4.47247714e-01]
 [-1.38618797e-03  6.46994710e-02  1.00405836e+00]
 [ 3.36533412e-03  1.02894455e-01  1.25484002e+00]
 [ 9.30675343e-02  6.41093254e-02  1.36151624e+00]
 [ 1.17367171e-02  4.52829003e-02  1.40205419e+00]
 [-2.09563822e-02  2.02072024e-01  1.17460036e+00]
 [-4.72219437e-02  2.38134921e-01  8.98352504e-01]
 [ 4.93818000e-02  2.96151310e-01  6.82656169e-01]
 [-1.46030113e-02 -2.07316577e-02  1.25355875e+00]
 [-2.15850651e-01 -1.38864487e-01  1.19730282e+00]
 [-2.25256979e-01 -2.64605403e-01  1.20352399e+00]]
[[ 0.00000000e+00  0.00000000e+00  8.52791488e-01]
 [ 1.48400590e-02 -1.07699320e-01  8.59274626e-01]
 [ 2.06414163e-01  2.57745385e-02  5.16803265e-01]
 [ 8.06535408e-02 -1.33478642e-02  1.00551307e-01]
 [ 2.53674388e-01  5.34712076e-02  0.00000000e+00]
 [-1.49955861e-02  1.07650720e-01  8.46608877e-01]
 [ 1.43299729e-01 -3.25936675e-02  4.89570856e-01]
 [-3.48870754e-01 -1.71596915e-01  5.85159659e-01]
 [-4.77478832e-01 -1.24526531e-01  5.17787933e-01]
 [-6.84246421e-04  8.28586072e-02  1.06363702e+00]
 [-4.48524952e-03  1.21707022e-01  1.31428337e+00]
 [ 8.78035054e-02  9.00130868e-02  1.42352903e+00]
 [ 9.83680412e-03  5.71779013e-02  1.46896005e+00]
 [-5.15269041e-02  2.19324082e-01  1.23691726e+00]
 [-1.16919786e-01  2.34858468e-01  9.68322992e-01]
 [-8.38617682e-02  3.18201900e-01  7.31446147e-01]
 [-4.78151720e-03 -6.96441531e-03  1.29845428e+00]
 [-1.23293847e-01 -1.53018057e-01  1.11444867e+00]
 [-1.36476502e-01 -2.27722451e-01  9.77655888e-01]]
[[ 0.00000000e+00  0.00000000e+00  8.06039751e-01]
 [-4.02525067e-04 -9.97088552e-02  7.99234331e-01]
 [ 6.93971142e-02 -1.20202899e-02  4.54118013e-01]
 [-1.65457457e-01  2.81238556e-03  1.36633813e-01]
 [-2.26105899e-02  7.83886313e-02  0.00000000e+00]
 [ 1.41821802e-04  9.95048806e-02  8.12712371e-01]
 [ 2.42562592e-01 -1.35714069e-01  5.75588465e-01]
 [-1.78767771e-01 -2.54487067e-01  4.39092875e-01]
 [-2.32565463e-01 -2.50636578e-01  3.11455458e-01]
 [-2.52399482e-02  4.67675626e-02  1.02836120e+00]
 [-4.43300083e-02  6.92787468e-02  1.28581715e+00]
 [ 5.02421930e-02  3.94044518e-02  1.38379383e+00]
 [-2.62368694e-02  8.57859850e-03  1.43665898e+00]
 [-1.02013037e-01  1.80621237e-01  1.21944189e+00]
 [-1.94432557e-01  2.25542128e-01  9.76969361e-01]
 [-1.98734939e-01  3.05977017e-01  7.34868109e-01]
 [-3.13800126e-02 -7.25983381e-02  1.27423882e+00]
 [-1.39382854e-02 -3.11843246e-01  1.33334637e+00]
 [ 1.12959564e-01 -2.40358263e-01  1.38048387e+00]]
[[ 0.          0.          0.68665594]
 [-0.00501322 -0.10518011  0.67648983]
 [ 0.00447141 -0.02091378  0.32580748]
 [-0.31551582  0.00738928  0.16929072]
 [-0.24867827  0.08248568  0.        ]
 [ 0.00466561  0.10488549  0.6963987 ]
 [ 0.28726867 -0.16460252  0.5138168 ]
 [ 0.04543646 -0.3019907   0.15821189]
 [ 0.16534251 -0.3600393   0.0470292 ]
 [-0.02629643  0.02405512  0.91613823]
 [-0.04617081  0.03107539  1.1740125 ]
 [ 0.04832076  0.01760322  1.2711105 ]
 [-0.02700479 -0.02176845  1.3247015 ]
 [-0.10727289  0.15066192  1.116075  ]
 [-0.1896177   0.23192663  0.8949452 ]
 [-0.17797813  0.31649846  0.67948395]
 [-0.01595528 -0.11233315  1.153742  ]
 [ 0.044434   -0.3232833   1.1430932 ]
 [ 0.21770623 -0.22137892  1.1913528 ]]
[[ 0.0000000e+00  0.0000000e+00  6.6002429e-01]
 [ 7.5858831e-03 -1.0035855e-01  6.5449858e-01]
 [ 4.5634903e-02 -6.3902140e-04  3.2113782e-01]
 [-3.3870745e-01  1.7584264e-03  3.6766249e-01]
 [-3.7076637e-01  9.6249729e-02  2.3105031e-01]
 [-7.8162476e-03  1.0001331e-01  6.6510338e-01]
 [ 2.7669561e-01 -6.5447867e-02  4.3519598e-01]
 [ 3.3889797e-01 -2.3016113e-01  2.5147438e-02]
 [ 5.3474289e-01 -2.7948600e-01  0.0000000e+00]
 [-1.8661141e-02  1.9888699e-02  8.9191270e-01]
 [-3.2037236e-02  1.7176926e-02  1.1474812e+00]
 [ 5.9284486e-02  1.1594176e-02  1.2480123e+00]
 [-1.5573001e-02 -2.9918134e-02  1.3075325e+00]
 [-9.2246905e-02  1.3578552e-01  1.0995882e+00]
 [-1.5837160e-01  2.6774067e-01  8.8896132e-01]
 [-6.8771079e-02  3.4271422e-01  7.3327893e-01]
 [ 2.5753677e-03 -1.1109537e-01  1.1157095e+00]
 [ 6.9692537e-02 -2.5673169e-01  9.5749998e-01]
 [ 2.3969135e-01 -1.5149213e-01  9.1930121e-01]]
[[ 0.0000000e+00  0.0000000e+00  6.9698894e-01]
 [ 1.5743665e-02 -1.0310701e-01  6.9660771e-01]
 [ 6.9613591e-02 -1.6942292e-02  3.8490745e-01]
 [-3.1155318e-01 -6.8949625e-02  4.8635539e-01]
 [-3.8394153e-01  4.8130214e-02  4.1133836e-01]
 [-1.5896395e-02  1.0276047e-01  6.9700420e-01]
 [ 2.1006350e-01 -2.0243615e-02  3.8663712e-01]
 [ 3.5603172e-01 -1.7487878e-01  4.7117472e-04]
 [ 5.3778547e-01 -2.0337814e-01  0.0000000e+00]
 [-1.7652716e-02  2.3942351e-02  9.2722809e-01]
 [-3.1014085e-02  2.1001577e-02  1.1815341e+00]
 [ 5.0848383e-02  1.5743673e-02  1.2849426e+00]
 [-1.8838877e-02 -2.5147617e-02  1.3409784e+00]
 [-8.8865399e-02  1.3894880e-01  1.1373174e+00]
 [-1.2252520e-01  2.8979248e-01  9.3326151e-01]
 [ 1.9841172e-02  3.8566211e-01  8.3200514e-01]
 [-2.5330801e-03 -1.0007492e-01  1.1406264e+00]
 [ 1.6191080e-02 -2.4194220e-01  9.3293643e-01]
 [ 1.8350399e-01 -1.5185341e-01  8.3053464e-01]]
[[ 0.          0.          0.78093517]
 [ 0.01655115 -0.11222878  0.7803798 ]
 [ 0.11766893 -0.07422534  0.5100045 ]
 [-0.2809708  -0.14656667  0.59128964]
 [-0.36916417 -0.0305851   0.54108506]
 [-0.01671747  0.11193991  0.7812822 ]
 [ 0.16016048  0.01325786  0.4358183 ]
 [ 0.21234682 -0.12286377  0.02662218]
 [ 0.3951164  -0.13862771  0.        ]
 [-0.02510338  0.0278143   1.0094846 ]
 [-0.04233144  0.0256595   1.2624441 ]
 [ 0.03363753  0.01735377  1.3686197 ]
 [-0.03194946 -0.020495    1.419607  ]
 [-0.08889246  0.14654958  1.2235558 ]
 [-0.08697656  0.327017    1.0258598 ]
 [ 0.06582034  0.41066107  1.0164292 ]
 [-0.02995014 -0.0968872   1.2144623 ]
 [-0.04286608 -0.25465354  0.98644555]
 [ 0.09209177 -0.1757971   0.84318846]]
[[ 0.          0.          0.8487624 ]
 [ 0.01492531 -0.12664911  0.8462343 ]
 [ 0.16892038 -0.15678518  0.607623  ]
 [-0.2588927  -0.2803265   0.6365705 ]
 [-0.3452059  -0.19945225  0.5875347 ]
 [-0.01517511  0.1264413   0.85132307]
 [ 0.08395329  0.02891082  0.4758997 ]
 [-0.0173334  -0.0900144   0.05613118]
 [ 0.15353101 -0.08199018  0.        ]
 [-0.03421217  0.0314638   1.0767331 ]
 [-0.06037909  0.02974221  1.3302363 ]
 [ 0.01459656  0.01755017  1.4360064 ]
 [-0.04744804 -0.01559472  1.4830258 ]
 [-0.08683062  0.16628546  1.2964373 ]
 [-0.05837551  0.37728253  1.1311393 ]
 [ 0.08588147  0.41896516  1.2110403 ]
 [-0.06484494 -0.10700223  1.2848217 ]
 [-0.11154304 -0.28391796  1.0774958 ]
 [-0.01729378 -0.21463671  0.9295535 ]]
[[ 0.          0.          0.7962403 ]
 [ 0.02073354 -0.12764347  0.7939409 ]
 [ 0.24549735 -0.20261526  0.6391456 ]
 [-0.16771168 -0.33288318  0.5780456 ]
 [-0.2207321  -0.2870285   0.47595888]
 [-0.02100246  0.12747304  0.79867834]
 [ 0.03488518  0.07488504  0.40312362]
 [-0.24879286 -0.0133608   0.09998238]
 [-0.14520754  0.0339148   0.        ]
 [-0.04398726  0.03883967  1.0216981 ]
 [-0.07996535  0.03747708  1.2767395 ]
 [ 0.00820122  0.02007174  1.3830092 ]
 [-0.05609223 -0.01042974  1.4357257 ]
 [-0.09223899  0.18285322  1.2462878 ]
 [-0.05924591  0.4015115   1.1348785 ]
 [ 0.06592722  0.38071042  1.286611  ]
 [-0.09300859 -0.10058892  1.231923  ]
 [-0.16610625 -0.2601244   1.08852   ]
 [-0.13154042 -0.26796338  1.1161138 ]]
[[ 0.          0.          0.56522703]
 [ 0.01572193 -0.12238534  0.5731123 ]
 [ 0.28689185 -0.215466    0.5215259 ]
 [ 0.1277597  -0.37820467  0.14784038]
 [ 0.26796    -0.3787502   0.04686475]
 [-0.01588983  0.12229283  0.5578515 ]
 [ 0.02595605  0.10695222  0.15896165]
 [-0.3728236   0.03569937  0.1345368 ]
 [-0.45764148  0.06480578  0.        ]
 [-0.04068191  0.04218087  0.7920222 ]
 [-0.077306    0.0527631   1.0481384 ]
 [ 0.02032986  0.0099293   1.132222  ]
 [-0.06505831 -0.00623     1.194006  ]
 [-0.061152    0.1737597   1.0150591 ]
 [ 0.00561844  0.2758691   1.0584657 ]
 [ 0.12783702  0.24471849  1.1836393 ]
 [-0.12572154 -0.06937516  1.022058  ]
 [-0.2756229  -0.19991082  1.0833762 ]
 [-0.2809413  -0.34617233  1.2395306 ]]
[[ 0.          0.          0.48153162]
 [ 0.01687478 -0.11648957  0.49177957]
 [ 0.30486274 -0.19727837  0.46028113]
 [ 0.27768135 -0.32274014  0.06037784]
 [ 0.4453385  -0.32219332  0.        ]
 [-0.01700551  0.11638846  0.47189388]
 [ 0.03994234  0.12635404  0.08095649]
 [-0.35078347  0.03766659  0.13755053]
 [-0.46397617  0.08667418  0.03665215]
 [-0.03336675  0.04110591  0.70694363]
 [-0.06185316  0.05819434  0.96287125]
 [ 0.04342482  0.0305894   1.0367652 ]
 [-0.04455992  0.01124734  1.1002505 ]
 [-0.05630022  0.16471148  0.9243045 ]
 [ 0.02954315  0.2241593   0.99330014]
 [ 0.16076961  0.19469792  1.1268475 ]
 [-0.09684901 -0.05551091  0.9498422 ]
 [-0.22515264 -0.18063897  1.0959804 ]
 [-0.1942228  -0.294115    1.2805991 ]]
[[ 0.00000000e+00  0.00000000e+00  3.83333176e-01]
 [ 2.00574622e-02 -1.10584706e-01  3.91488075e-01]
 [ 3.26921225e-01 -1.46273583e-01  3.43802094e-01]
 [ 4.91161406e-01 -2.52718508e-01  0.00000000e+00]
 [ 6.51182950e-01 -2.51030684e-01  2.79372334e-02]
 [-2.01015100e-02  1.10383675e-01  3.75925988e-01]
 [ 1.21744581e-01  1.32195234e-01  2.66054273e-02]
 [-2.52923906e-01 -9.95099545e-04  1.13822967e-01]
 [-3.53348196e-01  7.25515187e-02  4.03387547e-02]
 [-1.78122930e-02  4.02981639e-02  6.09725714e-01]
 [-1.95307657e-02  6.68408275e-02  8.61953974e-01]
 [ 9.70038250e-02  2.51613855e-02  9.02860403e-01]
 [ 2.70279869e-02  8.43018293e-03  9.74368691e-01]
 [-3.40052098e-02  1.56140804e-01  8.06473613e-01]
 [ 1.12361759e-02  1.99733555e-01  7.89499879e-01]
 [ 9.45674181e-02  2.26164222e-01  8.74842286e-01]
 [-5.04751876e-02 -4.69892025e-02  8.69359791e-01]
 [-6.91187382e-02 -2.23746300e-01  1.08223152e+00]
 [ 4.75417078e-02 -2.76978433e-01  1.25446475e+00]]
[[ 0.0000000e+00  0.0000000e+00  3.5372514e-01]
 [ 1.8943671e-02 -1.0926880e-01  3.6294448e-01]
 [ 3.2458144e-01 -1.6849928e-01  3.0780226e-01]
 [ 5.6292975e-01 -2.3600271e-01  1.7121136e-03]
 [ 7.1169090e-01 -2.4528378e-01  5.9756339e-02]
 [-1.8971942e-02  1.0906248e-01  3.4519970e-01]
 [ 1.7967108e-01  1.4338708e-01  5.0700068e-02]
 [-1.9093940e-01  1.8108517e-02  1.0189581e-01]
 [-2.5244135e-01  8.2847178e-02  0.0000000e+00]
 [-1.1379804e-02  3.0185893e-02  5.7969129e-01]
 [ 5.8752857e-04  4.7943920e-02  8.2856524e-01]
 [ 1.1533989e-01  5.8743954e-03  8.4663618e-01]
 [ 5.7497781e-02 -1.5550613e-02  9.2538708e-01]
 [-1.6828194e-02  1.4694804e-01  7.7801251e-01]
 [ 4.0466599e-02  2.5316119e-01  7.3966408e-01]
 [ 1.2631360e-01  2.6983654e-01  8.1032652e-01]
 [-3.0410072e-02 -6.8799406e-02  8.4075946e-01]
 [ 1.1431202e-03 -2.5991225e-01  1.0402424e+00]
 [ 1.6334732e-01 -2.6196510e-01  1.1927868e+00]]
[[ 0.          0.          0.41994235]
 [ 0.01394425 -0.12249665  0.41869122]
 [ 0.359483   -0.22141755  0.37831256]
 [ 0.72756386 -0.20277606  0.16863462]
 [ 0.8575717  -0.23629138  0.26956442]
 [-0.01393004  0.12225619  0.42160976]
 [ 0.30546796  0.17799968  0.30742267]
 [ 0.08779838  0.19195132  0.11841193]
 [ 0.19596103  0.2235551   0.        ]
 [ 0.03288617  0.03079623  0.6333842 ]
 [ 0.09176974  0.03557226  0.8616208 ]
 [ 0.22725329 -0.00610396  0.8547634 ]
 [ 0.17592527 -0.01833662  0.91884077]
 [ 0.06146761  0.16821906  0.84605515]
 [ 0.12045177  0.3277809   0.77077544]
 [ 0.17903626  0.34093386  0.82315147]
 [ 0.07230235 -0.09660769  0.8420061 ]
 [ 0.18364137 -0.2546066   0.7634521 ]
 [ 0.3997321  -0.13704109  0.7907717 ]]
[[ 0.          0.          0.35939026]
 [ 0.00919483 -0.11712161  0.3538454 ]
 [ 0.37152582 -0.17668045  0.2940613 ]
 [ 0.74265087 -0.07623297  0.13594411]
 [ 0.85460854 -0.1171242   0.23823063]
 [-0.00914033  0.11694787  0.3650598 ]
 [ 0.31979114  0.15552624  0.32840335]
 [ 0.3720844   0.21372336  0.01383972]
 [ 0.54668605  0.21003702  0.        ]
 [ 0.06718478  0.02291769  0.5576308 ]
 [ 0.16577469  0.04479146  0.7575752 ]
 [ 0.2982522   0.00891918  0.7196238 ]
 [ 0.25652915  0.02091461  0.7803434 ]
 [ 0.12997472  0.16765901  0.742645  ]
 [ 0.2046582   0.2657644   0.5682072 ]
 [ 0.13908449  0.2534759   0.61380124]
 [ 0.15759169 -0.07825792  0.7556505 ]
 [ 0.4205264  -0.21291333  0.66021997]
 [ 0.646011   -0.12689453  0.58245814]]
[[ 0.          0.          0.2935689 ]
 [ 0.01213272 -0.11373702  0.28726965]
 [ 0.36298105 -0.14192414  0.2037018 ]
 [ 0.749911    0.00833212  0.09867924]
 [ 0.8527936  -0.04596795  0.21466242]
 [-0.01203164  0.11356284  0.29997987]
 [ 0.3402074   0.17391086  0.27609465]
 [ 0.5463816   0.1638992   0.        ]
 [ 0.7202662   0.15874107  0.06277077]
 [ 0.09371603 -0.00162894  0.46571764]
 [ 0.22295898  0.0068076   0.635841  ]
 [ 0.35502255 -0.03196573  0.5871536 ]
 [ 0.3185507  -0.01758444  0.6487978 ]
 [ 0.16702926  0.13317877  0.6256566 ]
 [ 0.14181568  0.23705694  0.4338364 ]
 [ 0.06650187  0.23139912  0.28905177]
 [ 0.22780587 -0.11619416  0.6315145 ]
 [ 0.4225313  -0.2274487   0.46480417]
 [ 0.61847264 -0.15365854  0.35630345]]
[[ 0.          0.          0.2426371 ]
 [ 0.01463293 -0.1110153   0.23751588]
 [ 0.33631456 -0.12214291  0.15067574]
 [ 0.69971454  0.07427615  0.05672926]
 [ 0.7914696   0.0060115   0.17765515]
 [-0.01453424  0.11083304  0.2478807 ]
 [ 0.34512457  0.17663564  0.2065866 ]
 [ 0.6378044   0.12228115  0.        ]
 [ 0.789425    0.11499453  0.12086791]
 [ 0.09585367 -0.02139321  0.3827504 ]
 [ 0.2285079  -0.03147182  0.51546526]
 [ 0.35435975 -0.06469123  0.4495045 ]
 [ 0.32709605 -0.05422294  0.505817  ]
 [ 0.14982131  0.08660221  0.52876127]
 [-0.00941186  0.13356555  0.3665728 ]
 [-0.16218852  0.14486921  0.19011979]
 [ 0.24690545 -0.14548412  0.5083451 ]
 [ 0.36745095 -0.23427574  0.2940743 ]
 [ 0.5072198  -0.19072896  0.12486155]]
[[ 0.          0.          0.22302291]
 [ 0.01765347 -0.10572182  0.21436197]
 [ 0.35077453 -0.09372677  0.1531846 ]
 [ 0.66842204  0.15020296  0.05200575]
 [ 0.74450725  0.09110857  0.16756806]
 [-0.01759652  0.10562368  0.23181942]
 [ 0.33901238  0.17276803  0.20670646]
 [ 0.63301885  0.15578702  0.        ]
 [ 0.74420184  0.14037558  0.13702706]
 [ 0.07854636 -0.036608    0.34476125]
 [ 0.18987188 -0.07926035  0.45758027]
 [ 0.30797505 -0.09892733  0.39723745]
 [ 0.28094393 -0.1134905   0.4436442 ]
 [ 0.10465531  0.03804436  0.4973432 ]
 [-0.10047993  0.09687744  0.4143797 ]
 [-0.2700367   0.1237251   0.26861155]
 [ 0.22376835 -0.17617324  0.43444082]
 [ 0.30319875 -0.23941025  0.22315979]
 [ 0.4043433  -0.23260963  0.03721716]]
[[ 0.          0.          0.19628388]
 [ 0.02514661 -0.10272054  0.18386701]
 [ 0.38267457 -0.07912364  0.18835345]
 [ 0.6288283   0.20835862  0.06049082]
 [ 0.71713674  0.18013296  0.13652068]
 [-0.02510488  0.10269592  0.20876718]
 [ 0.33483064  0.18082772  0.23007119]
 [ 0.5692884   0.18836941  0.        ]
 [ 0.6952696   0.17732841  0.10195205]
 [ 0.05773671 -0.05119979  0.3118952 ]
 [ 0.14194024 -0.12043325  0.41839552]
 [ 0.258358   -0.12482999  0.36119863]
 [ 0.23199409 -0.15686628  0.3977662 ]
 [ 0.05265252 -0.00725845  0.48546755]
 [-0.17183003  0.09134397  0.50293994]
 [-0.3736074   0.11113283  0.3945521 ]
 [ 0.17850451 -0.20940268  0.3783468 ]
 [ 0.22687152 -0.28451255  0.1908017 ]
 [ 0.3333422  -0.26748976  0.02397421]]
[[ 0.          0.          0.19996904]
 [ 0.03201969 -0.10173891  0.18730599]
 [ 0.41217512 -0.06827333  0.26514676]
 [ 0.550489    0.22806764  0.07881834]
 [ 0.65764815  0.25109917  0.08807482]
 [-0.03197119  0.10173946  0.21271886]
 [ 0.3220499   0.20470384  0.2636922 ]
 [ 0.459064    0.19955282  0.        ]
 [ 0.6118585   0.20160472  0.04549967]
 [ 0.03196762 -0.04697609  0.32599795]
 [ 0.07959111 -0.12771192  0.4391471 ]
 [ 0.19377755 -0.11839643  0.39719945]
 [ 0.1676853  -0.16674875  0.42745715]
 [-0.00392091 -0.02202737  0.52370477]
 [-0.21745265  0.06651285  0.60447824]
 [-0.4025827   0.12488469  0.5315699 ]
 [ 0.11135754 -0.217073    0.37824094]
 [ 0.13212278 -0.33565706  0.21602784]
 [ 0.2328887  -0.35983008  0.05834876]]
[[ 0.          0.          0.06973034]
 [ 0.0432978  -0.07928465  0.05236212]
 [ 0.3550153  -0.11949283  0.33671352]
 [ 0.35599336  0.09032529  0.06650963]
 [ 0.41966796  0.13253714  0.0511733 ]
 [-0.04325498  0.07943197  0.0872919 ]
 [ 0.27431348  0.28739405  0.29108858]
 [ 0.21414037  0.3891918   0.0052295 ]
 [ 0.28569847  0.4499961   0.        ]
 [-0.04756132 -0.06842357  0.20004176]
 [-0.08771557 -0.13157353  0.36060795]
 [ 0.04729259 -0.12426274  0.40111235]
 [-0.04351335 -0.16545694  0.44053018]
 [-0.15346192 -0.02188009  0.37564826]
 [-0.09573784  0.12680528  0.2809625 ]
 [ 0.16978908  0.0450979   0.2636664 ]
 [-0.02882969 -0.21258464  0.30990183]
 [ 0.08870754 -0.21874963  0.15673615]
 [ 0.08136083 -0.21099342  0.30343547]]
[[ 0.          0.          0.0274688 ]
 [ 0.05976076 -0.07062469  0.02040207]
 [ 0.33557904 -0.11435369  0.35593656]
 [ 0.30249044  0.04483405  0.07944022]
 [ 0.31513643  0.11931181  0.07127935]
 [-0.05968535  0.07062214  0.03469497]
 [ 0.2677281   0.31914365  0.27720982]
 [ 0.11288747  0.43608305  0.        ]
 [ 0.18058339  0.5093819   0.00960219]
 [-0.06703548 -0.06532255  0.13330105]
 [-0.13537781 -0.16050276  0.27498645]
 [-0.00734988 -0.11560722  0.32068262]
 [-0.08100602 -0.1829592   0.37127814]
 [-0.22115064 -0.06582819  0.29383084]
 [-0.24358878 -0.00383145  0.3579309 ]
 [-0.23924343 -0.06984499  0.36822185]
 [-0.06240512 -0.23521563  0.20995092]
 [ 0.00875764 -0.3323887   0.06006718]
 [ 0.24298003 -0.33285016  0.09328166]]
[[ 0.0000000e+00  0.0000000e+00  3.7582934e-02]
 [ 5.3211622e-02 -7.4240997e-02  3.1467922e-02]
 [ 3.5652351e-01 -1.3054648e-01  3.2509887e-01]
 [ 3.6266118e-01 -1.5727431e-04  1.0627255e-01]
 [ 4.0586135e-01  4.6953179e-02  1.1793685e-01]
 [-5.3136930e-02  7.4267715e-02  4.4037215e-02]
 [ 2.8183132e-01  3.1758526e-01  2.8041810e-01]
 [ 8.7643608e-02  4.1078791e-01  0.0000000e+00]
 [ 1.3665903e-01  4.8467511e-01  2.7023852e-03]
 [-7.1953535e-02 -6.8738893e-02  1.3972799e-01]
 [-1.4062136e-01 -1.5348479e-01  2.7663985e-01]
 [-5.8518797e-03 -1.3292368e-01  3.2748374e-01]
 [-9.1458917e-02 -1.8703449e-01  3.7001404e-01]
 [-2.1590951e-01 -4.6817392e-02  2.9294288e-01]
 [-1.5289836e-01  1.5900910e-02  2.9052421e-01]
 [-6.7503273e-02 -8.9962482e-02  2.8300634e-01]
 [-7.4973881e-02 -2.3440933e-01  2.1362077e-01]
 [ 1.4292777e-02 -3.2201448e-01  7.5430125e-02]
 [ 2.1838284e-01 -2.4238846e-01  1.5620586e-01]]
[[ 0.          0.          0.04366982]
 [ 0.04090025 -0.07784933  0.0304329 ]
 [ 0.37485647 -0.14515826  0.24181919]
 [ 0.4977766   0.00070161  0.16663319]
 [ 0.58918405 -0.00679675  0.20565838]
 [-0.04086639  0.07787912  0.05741214]
 [ 0.2983501   0.26911664  0.26238352]
 [ 0.07230544  0.3766624   0.00406715]
 [ 0.0991035   0.43971714  0.        ]
 [-0.06808761 -0.06619807  0.14654072]
 [-0.12741414 -0.14474174  0.2907477 ]
 [ 0.01126287 -0.14763886  0.3463642 ]
 [-0.08229204 -0.19093034  0.39305413]
 [-0.1743195  -0.02789305  0.3068444 ]
 [-0.03768018  0.00219809  0.27011248]
 [ 0.06698589 -0.08972813  0.23768507]
 [-0.0845781  -0.22766575  0.22158957]
 [ 0.00852786 -0.31300429  0.08905455]
 [ 0.23013538 -0.32506078  0.13733035]]
[[ 0.          0.          0.04567456]
 [ 0.03169655 -0.07771837  0.02342506]
 [ 0.37738812 -0.16382034  0.20786819]
 [ 0.5290266  -0.00990166  0.16962707]
 [ 0.62565935 -0.03426435  0.21385074]
 [-0.03166328  0.07775013  0.06852639]
 [ 0.31764323  0.22871171  0.2594829 ]
 [ 0.07463627  0.3042505   0.00623447]
 [ 0.11366467  0.34749153  0.        ]
 [-0.07054881 -0.09019056  0.1511707 ]
 [-0.12988672 -0.19025949  0.3030176 ]
 [ 0.00963475 -0.19973205  0.36144692]
 [-0.0820384  -0.22702108  0.41388708]
 [-0.15628527 -0.06553273  0.3195575 ]
 [ 0.02518889 -0.02786621  0.28270656]
 [ 0.09540269 -0.16362765  0.22203504]
 [-0.11039451 -0.27526948  0.22516344]
 [-0.06033166 -0.3926098   0.07117906]
 [ 0.21248686 -0.4053258   0.10314807]]
[[ 0.          0.          0.05723855]
 [-0.01466828 -0.06856023  0.00435185]
 [ 0.3225828  -0.19996244  0.14305195]
 [ 0.49893236  0.05669354  0.06978223]
 [ 0.59476364 -0.00165834  0.11930636]
 [ 0.01492961  0.06853831  0.11074687]
 [ 0.32191452  0.03946488  0.2167547 ]
 [ 0.18168205  0.21461415  0.0087871 ]
 [ 0.23513888  0.19197321  0.        ]
 [-0.06760358 -0.13943811  0.18419953]
 [-0.11859696 -0.28662732  0.35371217]
 [ 0.02258319 -0.31917197  0.3995663 ]
 [-0.06303489 -0.32191283  0.4497528 ]
 [-0.07004913 -0.15906844  0.37199822]
 [ 0.12689656 -0.13514586  0.2722124 ]
 [ 0.17342013 -0.2941227   0.17714028]
 [-0.1722068  -0.3497746   0.27516046]
 [-0.25157934 -0.32678398  0.03034049]
 [ 0.138338   -0.48262814  0.05703592]]
[[ 0.          0.          0.12698543]
 [-0.02930637 -0.05004157  0.0548432 ]
 [ 0.29029536 -0.2084407   0.12661865]
 [ 0.31916878  0.22577447  0.08292153]
 [ 0.36497855  0.17431363  0.12768155]
 [ 0.02937958  0.05013455  0.19982341]
 [ 0.3768983  -0.0897489   0.2613796 ]
 [ 0.3015327   0.08199468  0.09042677]
 [ 0.34432417  0.04200312  0.05220088]
 [-0.07621334 -0.15410742  0.2502703 ]
 [-0.13852751 -0.3164783   0.4077912 ]
 [-0.00071441 -0.3625289   0.43766755]
 [-0.08182423 -0.36108392  0.49562562]
 [-0.05951343 -0.22313747  0.44158465]
 [ 0.10971346 -0.1684034   0.36048055]
 [ 0.1880616  -0.27862933  0.28667238]
 [-0.21446124 -0.3421885   0.33062506]
 [-0.3101639  -0.3450138   0.10180512]
 [-0.37190002 -0.5851364   0.        ]]
[[ 0.          0.          0.14271373]
 [-0.03704027 -0.04450703  0.06873528]
 [ 0.2512214  -0.19930705  0.08839332]
 [ 0.31596583  0.24243996  0.05687431]
 [ 0.35814685  0.18616745  0.12188914]
 [ 0.03711042  0.04459436  0.21732418]
 [ 0.3784011  -0.1280093   0.25984526]
 [ 0.35877943  0.01954237  0.1004034 ]
 [ 0.41221005 -0.03459313  0.07074137]
 [-0.07656546 -0.14798649  0.26394308]
 [-0.14502051 -0.31132367  0.4162811 ]
 [-0.01775777 -0.35728425  0.44722894]
 [-0.09300249 -0.3531593   0.5038478 ]
 [-0.0546934  -0.23048341  0.44757855]
 [ 0.11224046 -0.19413985  0.36928877]
 [ 0.17967576 -0.3083933   0.29705074]
 [-0.23039654 -0.3248953   0.34167546]
 [-0.34089294 -0.31069317  0.10833302]
 [-0.39315394 -0.5576016   0.        ]]
[[ 0.          0.          0.1471116 ]
 [-0.04511283 -0.04228544  0.0734787 ]
 [ 0.2150211  -0.18924695  0.0468356 ]
 [ 0.31264392  0.24841289  0.0197597 ]
 [ 0.3686586   0.18460761  0.09508651]
 [ 0.04515592  0.04236148  0.22142519]
 [ 0.36703664 -0.16628647  0.23772724]
 [ 0.41275036 -0.04253213  0.08575717]
 [ 0.46683717 -0.10721776  0.06142756]
 [-0.08216089 -0.1583056   0.2639783 ]
 [-0.15911376 -0.33036545  0.413906  ]
 [-0.04018754 -0.3799268   0.44710132]
 [-0.11256546 -0.36878657  0.4998314 ]
 [-0.06012975 -0.2576832   0.44325185]
 [ 0.10559431 -0.23351072  0.3621177 ]
 [ 0.16950187 -0.35545713  0.29497704]
 [-0.25060064 -0.33379942  0.34087834]
 [-0.36136365 -0.29029053  0.10735577]
 [-0.41988537 -0.5289686   0.        ]]
[[ 0.          0.          0.16570002]
 [-0.0527752  -0.03965602  0.09482231]
 [ 0.18292941 -0.17545044  0.02448153]
 [ 0.3026358   0.26091087  0.00916724]
 [ 0.36138374  0.18635467  0.09305939]
 [ 0.05276803  0.03975775  0.2372366 ]
 [ 0.36044422 -0.18222095  0.2505328 ]
 [ 0.44223765 -0.1007531   0.09972835]
 [ 0.50187075 -0.1714758   0.07247657]
 [-0.08258998 -0.14972186  0.28394797]
 [-0.16453385 -0.32008445  0.43476775]
 [-0.05800842 -0.37258494  0.47096917]
 [-0.12473162 -0.36031914  0.5216624 ]
 [-0.05604587 -0.2563682   0.46164504]
 [ 0.10706127 -0.25555825  0.38522044]
 [ 0.16614243 -0.38398904  0.32333583]
 [-0.261841   -0.31508845  0.36186862]
 [-0.38193554 -0.28100258  0.12824231]
 [-0.4571007  -0.5104519   0.        ]]
[[ 0.          0.          0.19254771]
 [-0.06182848 -0.03944157  0.12838155]
 [ 0.13038924 -0.15092307  0.        ]
 [ 0.26160076  0.28414133  0.0482102 ]
 [ 0.2838263   0.20243317  0.14886916]
 [ 0.06174062  0.03953017  0.25742874]
 [ 0.3137307  -0.1928389   0.30435407]
 [ 0.44056296 -0.14296415  0.12651283]
 [ 0.5193339  -0.22708133  0.09137546]
 [-0.09227164 -0.13257177  0.32096732]
 [-0.190557   -0.29093602  0.4821333 ]
 [-0.12314175 -0.35579658  0.5283128 ]
 [-0.17127946 -0.3331669   0.5690193 ]
 [-0.0726563  -0.23192869  0.5082154 ]
 [ 0.09560704 -0.21370746  0.45151982]
 [ 0.15829456 -0.35418248  0.4012421 ]
 [-0.2916336  -0.27994278  0.40726298]
 [-0.4113751  -0.22429799  0.18152976]
 [-0.49744916 -0.3742076   0.04627946]]
[[ 0.          0.          0.22267388]
 [-0.07113994 -0.03679509  0.16194741]
 [ 0.07828519 -0.10744277  0.        ]
 [ 0.19272774  0.3255621   0.01433779]
 [ 0.22992042  0.26076752  0.07670298]
 [ 0.07101605  0.03691287  0.2839347 ]
 [ 0.26765555 -0.26884437  0.33163399]
 [ 0.4252901  -0.24303606  0.13302775]
 [ 0.51320267 -0.33088654  0.10783341]
 [-0.09077918 -0.10768033  0.36276132]
 [-0.190487   -0.25457764  0.53356034]
 [-0.14905688 -0.31590748  0.58183527]
 [-0.19194353 -0.30008253  0.62507164]
 [-0.06671103 -0.20548832  0.55658066]
 [ 0.10177097 -0.20242071  0.50412506]
 [ 0.17016736 -0.35151124  0.44831803]
 [-0.30265862 -0.2383639   0.46143416]
 [-0.42951125 -0.17127389  0.2328778 ]
 [-0.5383459  -0.30945566  0.05970673]]
[[ 0.          0.          0.27658507]
 [-0.07304538 -0.03635491  0.21968776]
 [ 0.01111991 -0.07219499  0.        ]
 [ 0.10488626  0.30641308  0.18731928]
 [ 0.13604939  0.2650613   0.20654768]
 [ 0.0728415   0.03643936  0.33390546]
 [ 0.16741645 -0.32271117  0.39376318]
 [ 0.32883692 -0.32100603  0.1232731 ]
 [ 0.43170655 -0.42158687  0.09755501]
 [-0.09203222 -0.07626124  0.4394058 ]
 [-0.19682962 -0.19173497  0.6350719 ]
 [-0.18447703 -0.26283205  0.70166516]
 [-0.21334945 -0.23279572  0.74114966]
 [-0.07147941 -0.1499218   0.6567843 ]
 [ 0.07187861 -0.19189486  0.59349   ]
 [ 0.14083546 -0.35331774  0.52914727]
 [-0.31150836 -0.17593607  0.5650575 ]
 [-0.42822948 -0.08887219  0.34089014]
 [-0.55948895 -0.16355968  0.13774583]]
[[ 0.          0.          0.273286  ]
 [-0.08618024 -0.03135394  0.22586319]
 [-0.03485584 -0.03344902  0.        ]
 [ 0.08110303  0.38116556  0.0372096 ]
 [ 0.10273275  0.33937794  0.0320662 ]
 [ 0.08597533  0.03146925  0.3210596 ]
 [ 0.14229581 -0.35160124  0.39244345]
 [ 0.28888583 -0.45318544  0.08779466]
 [ 0.3895412  -0.5741057   0.06856143]
 [-0.08260588 -0.06489772  0.44308642]
 [-0.18471709 -0.17272891  0.6425648 ]
 [-0.20363757 -0.24470736  0.69962907]
 [-0.2146684  -0.2211976   0.7429418 ]
 [-0.04918947 -0.1464093   0.655527  ]
 [ 0.09493706 -0.21861014  0.58375394]
 [ 0.15416497 -0.38502038  0.52472293]
 [-0.30560476 -0.14695507  0.57377195]
 [-0.4313281  -0.03390078  0.35399115]
 [-0.5593722  -0.08764154  0.15165871]]
