[[ 0.          0.          0.7468022 ]
 [ 0.04850313 -0.08489443  0.73658276]
 [-0.04726966 -0.06897911  0.38078454]
 [-0.44302946 -0.18004847  0.62128735]
 [-0.5833049  -0.11719126  0.6472533 ]
 [-0.04849975  0.08470051  0.75666124]
 [ 0.22484827  0.266005    0.455525  ]
 [ 0.3558917   0.26533228  0.04501307]
 [ 0.49985117  0.29711145  0.        ]
 [ 0.03702018  0.03680949  0.961393  ]
 [ 0.08534727  0.03151351  1.1935216 ]
 [ 0.19402593  0.04875305  1.2202349 ]
 [ 0.23138091  0.02694696  1.3463466 ]
 [-0.0323471   0.11988097  1.151892  ]
 [-0.25320545  0.20457506  1.0121468 ]
 [-0.24923617  0.33081317  0.83889306]
 [ 0.15200092 -0.096035    1.1763899 ]
 [ 0.10723923 -0.25336683  0.9977287 ]
 [ 0.23934034 -0.15678865  0.8211716 ]]
[[ 0.          0.          0.7794986 ]
 [ 0.04708166 -0.09944446  0.76965433]
 [ 0.02374877 -0.06906337  0.41147995]
 [-0.39317745 -0.16252352  0.6579865 ]
 [-0.5294775  -0.09001884  0.6670239 ]
 [-0.04706591  0.09935784  0.7890094 ]
 [ 0.20647423  0.2865292   0.47308207]
 [ 0.28032446  0.28804442  0.06272101]
 [ 0.4402094   0.32106137  0.        ]
 [ 0.04306957  0.04901411  0.98876494]
 [ 0.10417762  0.0643765   1.215637  ]
 [ 0.21740839  0.07162476  1.2429142 ]
 [ 0.25432068  0.05132151  1.3678342 ]
 [-0.00840566  0.16594842  1.1736014 ]
 [-0.18631229  0.2526991   0.98922557]
 [-0.11058587  0.36596906  0.8056662 ]
 [ 0.15938011 -0.07703456  1.1971222 ]
 [ 0.10355628 -0.23848894  0.9959582 ]
 [ 0.21053332 -0.1517632   0.8171562 ]]
[[ 0.          0.          0.81650144]
 [ 0.0440127  -0.11814043  0.81236863]
 [ 0.27612966 -0.05948356  0.55176145]
 [-0.16683653 -0.0876087   0.5674444 ]
 [-0.22682865 -0.01750949  0.43085128]
 [-0.04387347  0.11834405  0.820223  ]
 [ 0.09292286  0.3697877   0.47605062]
 [-0.0318073   0.36552173  0.09743398]
 [ 0.13852638  0.3881099   0.        ]
 [ 0.07180786  0.09705153  1.00598   ]
 [ 0.16979481  0.16942105  1.2090937 ]
 [ 0.29135314  0.18252665  1.2396016 ]
 [ 0.30843103  0.16536257  1.360712  ]
 [ 0.07584562  0.29143202  1.1661055 ]
 [ 0.08817897  0.36874446  0.91391313]
 [ 0.32105935  0.39066437  0.79700094]
 [ 0.20015582  0.01581934  1.2044784 ]
 [ 0.02264033 -0.1316613   1.0736035 ]
 [-0.0348018  -0.12217429  0.92243207]]
[[ 0.          0.          0.70076674]
 [ 0.02504724 -0.13088179  0.69682306]
 [ 0.3446704  -0.04126267  0.56940603]
 [ 0.18146347 -0.12069017  0.18353999]
 [ 0.32695144 -0.12013066  0.07996881]
 [-0.02497917  0.13103256  0.70473015]
 [-0.0920693   0.37285927  0.39659086]
 [-0.3840655   0.37694946  0.15016276]
 [-0.2869593   0.39533532  0.        ]
 [ 0.04206585  0.03911753  0.922606  ]
 [ 0.1069716   0.06761408  1.1608276 ]
 [ 0.23353101  0.06116989  1.1584079 ]
 [ 0.25719035  0.04735374  1.2753241 ]
 [ 0.07121852  0.20714852  1.1184936 ]
 [ 0.19550328  0.28403115  0.87995917]
 [ 0.36846423  0.18593614  0.96389735]
 [ 0.08750413 -0.08714417  1.1646123 ]
 [-0.07812649 -0.24980262  1.2508495 ]
 [-0.13048232 -0.24992031  1.2829592 ]]
[[ 0.          0.          0.6122935 ]
 [ 0.02252632 -0.12604244  0.60927206]
 [ 0.32973328 -0.03123979  0.47021207]
 [ 0.33967674 -0.11262494  0.06274134]
 [ 0.51564366 -0.116777    0.00299877]
 [-0.02247321  0.12615313  0.6155734 ]
 [-0.13657859  0.3400344   0.3235887 ]
 [-0.48116255  0.34570813  0.15565196]
 [-0.44875807  0.37129948  0.        ]
 [ 0.03301324  0.0158802   0.84157544]
 [ 0.09174749  0.02547234  1.0867198 ]
 [ 0.2136776   0.00719926  1.0820072 ]
 [ 0.24241664 -0.00931776  1.1971905 ]
 [ 0.06973404  0.16575137  1.0490383 ]
 [ 0.2139222   0.23913753  0.82924896]
 [ 0.36063653  0.14720735  0.9552716 ]
 [ 0.0586862  -0.11736852  1.0870762 ]
 [-0.09989778 -0.2725974   1.1792874 ]
 [-0.15498173 -0.25785404  1.2494992 ]]
[[ 0.          0.          0.5600847 ]
 [ 0.0288755  -0.11536783  0.5542383 ]
 [ 0.33598042  0.02783339  0.3779279 ]
 [ 0.4947458   0.01611304  0.01045138]
 [ 0.6603521   0.00708979  0.        ]
 [-0.02884416  0.11540607  0.5664093 ]
 [-0.14451647  0.24923119  0.2476699 ]
 [-0.5477439   0.20519578  0.24459848]
 [-0.5790782   0.23208262  0.12351757]
 [ 0.0390537   0.00142652  0.78926617]
 [ 0.10116064 -0.00644395  1.0336963 ]
 [ 0.21784835 -0.02334177  1.0394855 ]
 [ 0.24100897 -0.03849763  1.1561186 ]
 [ 0.07783997  0.1245327   1.0038098 ]
 [ 0.20772211  0.21377757  0.79789996]
 [ 0.35182816  0.1387726   0.91476876]
 [ 0.07277638 -0.1326907   1.0231848 ]
 [-0.08705356 -0.2571558   1.1013112 ]
 [-0.13607775 -0.21001658  1.1674534 ]]
[[ 0.00000000e+00  0.00000000e+00  5.70473313e-01]
 [ 3.46744135e-02 -1.08949676e-01  5.66582561e-01]
 [ 3.25736165e-01  9.44639295e-02  3.49354863e-01]
 [ 5.15923440e-01  1.44570440e-01  0.00000000e+00]
 [ 6.75955832e-01  1.40155971e-01  6.38413429e-03]
 [-3.46643403e-02  1.08915001e-01  5.74902177e-01]
 [-1.27762377e-01  1.63022295e-01  2.24329621e-01]
 [-5.43956935e-01 -5.06117940e-04  3.27682376e-01]
 [-6.25833988e-01  2.65409797e-02  2.63991743e-01]
 [ 4.98542339e-02  2.97892094e-03  7.96396017e-01]
 [ 1.20171785e-01 -1.22916996e-02  1.03813159e+00]
 [ 2.31829092e-01 -2.95647979e-02  1.05354989e+00]
 [ 2.52245098e-01 -4.64127064e-02  1.16968358e+00]
 [ 8.47789198e-02  1.08902484e-01  1.01471066e+00]
 [ 1.51941299e-01  2.18458384e-01  7.87348986e-01]
 [ 3.25208366e-01  1.92402422e-01  8.41287076e-01]
 [ 1.01697549e-01 -1.32493734e-01  1.01715302e+00]
 [-7.22503215e-02 -2.51051366e-01  1.04483855e+00]
 [-1.01138934e-01 -1.89432681e-01  1.04893804e+00]]
[[ 0.          0.          0.6484643 ]
 [ 0.0308892  -0.11264234  0.6432879 ]
 [ 0.30271855  0.13843118  0.39682657]
 [ 0.42501354  0.20012319  0.02251291]
 [ 0.5972342   0.21777427  0.        ]
 [-0.03087449  0.11258595  0.65414137]
 [-0.075403    0.11681587  0.2656425 ]
 [-0.48057902 -0.1440058   0.44607237]
 [-0.589945   -0.13707417  0.41600803]
 [ 0.06289933  0.01010242  0.86649853]
 [ 0.14608374 -0.00404653  1.1014993 ]
 [ 0.25988466 -0.03084856  1.1190693 ]
 [ 0.28188497 -0.05008417  1.2354206 ]
 [ 0.09808639  0.11634493  1.0853224 ]
 [ 0.08576572  0.22983623  0.8376607 ]
 [ 0.25879273  0.25832054  0.76831526]
 [ 0.13049911 -0.13155633  1.0692425 ]
 [-0.04638968 -0.2533127   0.9972434 ]
 [-0.05184576 -0.2290294   0.914835  ]]
[[ 0.          0.          0.6979959 ]
 [ 0.02106115 -0.1162758   0.69129837]
 [ 0.24546179  0.18411382  0.42835575]
 [ 0.25731754  0.27870476  0.05164468]
 [ 0.44070607  0.31121105  0.        ]
 [-0.02107094  0.11624621  0.70500374]
 [ 0.01717271  0.08544624  0.30991256]
 [-0.3986233  -0.20175168  0.5155411 ]
 [-0.5223373  -0.20360294  0.47556663]
 [ 0.07000805  0.02475099  0.91082245]
 [ 0.15502697  0.01117158  1.1413541 ]
 [ 0.27500832 -0.01425883  1.1689045 ]
 [ 0.29471195 -0.03686845  1.2866079 ]
 [ 0.09673708  0.12721711  1.1144607 ]
 [ 0.02373002  0.23404348  0.86574435]
 [ 0.1016067   0.34156066  0.69272405]
 [ 0.14086941 -0.1214138   1.1126696 ]
 [-0.01437946 -0.233298    0.92848194]
 [-0.00432651 -0.26012528  0.7370014 ]]
[[ 0.          0.          0.6185199 ]
 [ 0.01507857 -0.11624528  0.605222  ]
 [ 0.06335044  0.18637635  0.33403003]
 [-0.07467815  0.38381767  0.08036178]
 [ 0.09506541  0.45167524  0.        ]
 [-0.01515282  0.11617436  0.6315702 ]
 [ 0.22673088  0.11980376  0.38693917]
 [-0.1567483  -0.02748829  0.37824056]
 [-0.15966234 -0.00595644  0.18832874]
 [ 0.05333633  0.00303222  0.8326621 ]
 [ 0.11649852 -0.0275808   1.0743353 ]
 [ 0.24760062 -0.05039319  1.1183407 ]
 [ 0.26456475 -0.06947231  1.2372129 ]
 [ 0.05333625  0.09396282  1.0437754 ]
 [-0.15950814  0.17034441  0.91454357]
 [-0.25023746  0.32278103  0.73616886]
 [ 0.11589247 -0.17038897  1.0358287 ]
 [ 0.04210638 -0.30326974  0.8029864 ]
 [ 0.1852572  -0.17229776  0.622196  ]]
[[ 0.          0.          0.5623303 ]
 [ 0.01148167 -0.10754345  0.5451122 ]
 [-0.06570122  0.15696284  0.2988875 ]
 [-0.27114317  0.36941028  0.14168647]
 [-0.17480293  0.45426148  0.02669132]
 [-0.01164102  0.10739958  0.57896584]
 [ 0.31180704  0.0991598   0.43783504]
 [ 0.05377565  0.04257587  0.15349072]
 [ 0.1730967   0.05991453  0.        ]
 [ 0.04409463 -0.00799869  0.783126  ]
 [ 0.09640685 -0.04330787  1.0314394 ]
 [ 0.22640774 -0.03864071  1.0667672 ]
 [ 0.24447083 -0.06274611  1.1939595 ]
 [ 0.01783105  0.07323149  1.0081873 ]
 [-0.22972     0.15625232  0.9921641 ]
 [-0.34562132  0.30571955  0.8395455 ]
 [ 0.12119392 -0.18447673  0.98550546]
 [ 0.09092063 -0.35042995  0.7748733 ]
 [ 0.25757474 -0.18754476  0.7269395 ]]
[[ 0.          0.          0.6244674 ]
 [ 0.02090717 -0.10169578  0.60812575]
 [-0.07669958  0.16236348  0.3497047 ]
 [-0.36976194  0.322758    0.31358832]
 [-0.34444374  0.41818985  0.19959572]
 [-0.02107085  0.10147528  0.64006436]
 [ 0.31803668  0.11838513  0.5012982 ]
 [ 0.24350974  0.09165218  0.08642673]
 [ 0.42311627  0.09979624  0.        ]
 [ 0.04138041 -0.00250748  0.84997165]
 [ 0.08538987 -0.04272115  1.0965232 ]
 [ 0.21310344 -0.02832446  1.1276588 ]
 [ 0.23009115 -0.05033535  1.2565837 ]
 [-0.00865699  0.06449494  1.0748184 ]
 [-0.27597767  0.12597156  1.0936043 ]
 [-0.39759737  0.2545905   0.9496594 ]
 [ 0.1286554  -0.18296105  1.0535946 ]
 [ 0.16020465 -0.33143646  0.8505413 ]
 [ 0.299956   -0.15579143  0.9017941 ]]
[[ 0.          0.          0.63089275]
 [ 0.03486032 -0.09097398  0.6177534 ]
 [-0.07278396  0.12674949  0.3224974 ]
 [-0.397137    0.24279565  0.4657297 ]
 [-0.44578457  0.33473504  0.38627097]
 [-0.03498726  0.090716    0.64326155]
 [ 0.2963102   0.17973411  0.45467374]
 [ 0.366529    0.16470477  0.03405124]
 [ 0.5483808   0.17228383  0.        ]
 [ 0.03763162 -0.00714059  0.8525057 ]
 [ 0.08336429 -0.04074249  1.0932224 ]
 [ 0.19997868 -0.03356653  1.1230893 ]
 [ 0.2182168  -0.05418122  1.2514111 ]
 [-0.02248397  0.05518377  1.063168  ]
 [-0.28608707  0.12748697  1.0501802 ]
 [-0.37171483  0.24315897  0.89134336]
 [ 0.14171001 -0.16810384  1.0606495 ]
 [ 0.19203576 -0.29853478  0.860939  ]
 [ 0.31020993 -0.11529776  0.9007981 ]]
[[ 0.          0.          0.6890018 ]
 [ 0.04175366 -0.09494346  0.67431873]
 [-0.02946979  0.07137191  0.3449929 ]
 [-0.37995702  0.1186005   0.5761935 ]
 [-0.46164435  0.21645315  0.5547983 ]
 [-0.04184745  0.09470814  0.70303893]
 [ 0.26377147  0.22621086  0.44585776]
 [ 0.3595943   0.20102936  0.02494526]
 [ 0.5302397   0.21476048  0.        ]
 [ 0.03578316  0.0138808   0.9045204 ]
 [ 0.08734494 -0.00710011  1.1363513 ]
 [ 0.20556064 -0.00556439  1.1655585 ]
 [ 0.22738153 -0.026501    1.29273   ]
 [-0.02516352  0.0906896   1.1017008 ]
 [-0.265723    0.17015645  1.0155394 ]
 [-0.29115468  0.27037638  0.8275873 ]
 [ 0.14627823 -0.13854748  1.1137981 ]
 [ 0.16263705 -0.28397202  0.92849916]
 [ 0.28784275 -0.12324055  0.852304  ]]
[[ 0.          0.          0.7427938 ]
 [ 0.03718254 -0.10462137  0.727903  ]
 [ 0.01684754  0.01298216  0.38464782]
 [-0.37755346  0.0139377   0.6361316 ]
 [-0.47913885  0.11739349  0.6286665 ]
 [-0.03722741  0.10444792  0.7571835 ]
 [ 0.23958576  0.23551965  0.46184713]
 [ 0.30703962  0.21882117  0.03831047]
 [ 0.48099065  0.22903574  0.        ]
 [ 0.04188519  0.03383327  0.9530105 ]
 [ 0.10246295  0.02986985  1.18196   ]
 [ 0.2228059   0.02688879  1.2102965 ]
 [ 0.24867946  0.00692779  1.337755  ]
 [-0.00570238  0.13658452  1.1396554 ]
 [-0.21376595  0.22132663  0.9999949 ]
 [-0.19359767  0.30956554  0.8018477 ]
 [ 0.1505623  -0.11358297  1.1626599 ]
 [ 0.12376691 -0.27763376  0.9721265 ]
 [ 0.24740845 -0.14494896  0.83149064]]
[[ 0.          0.          0.7565464 ]
 [ 0.03282095 -0.1189094   0.74769354]
 [ 0.22259301  0.00555077  0.4555703 ]
 [-0.20657462  0.0231535   0.6296339 ]
 [-0.28946137  0.12376966  0.52666765]
 [-0.03268525  0.11894685  0.7649403 ]
 [ 0.1674696   0.3252551   0.45434898]
 [ 0.10773376  0.31041452  0.0722388 ]
 [ 0.29572824  0.31929296  0.        ]
 [ 0.07220082  0.08208144  0.952226  ]
 [ 0.16659196  0.12789923  1.1655996 ]
 [ 0.29936796  0.10999882  1.2040442 ]
 [ 0.3125056   0.10019237  1.3308771 ]
 [ 0.08214828  0.25492588  1.1195043 ]
 [ 0.00630286  0.3391179   0.8976344 ]
 [ 0.18285984  0.4177772   0.77956474]
 [ 0.17889147 -0.02919471  1.1558504 ]
 [ 0.07409538 -0.19310516  0.9766722 ]
 [ 0.14260277 -0.1345947   0.7936382 ]]
[[ 0.          0.          0.69731843]
 [ 0.02291021 -0.12837659  0.6909512 ]
 [ 0.37981564 -0.03200896  0.5596186 ]
 [ 0.05314222 -0.07451722  0.31105036]
 [ 0.13310388 -0.04951358  0.168755  ]
 [-0.0227988   0.1285525   0.70355874]
 [ 0.0223473   0.37377188  0.3889481 ]
 [-0.2509349   0.40931162  0.11970568]
 [-0.08751982  0.4016104   0.        ]
 [ 0.06776433  0.04599749  0.9001299 ]
 [ 0.15124588  0.06742603  1.1253335 ]
 [ 0.28000012  0.05217054  1.1579998 ]
 [ 0.28997612  0.03389037  1.2786127 ]
 [ 0.10462306  0.20968026  1.085551  ]
 [ 0.19330356  0.30159724  0.84891856]
 [ 0.37401086  0.2477096   0.8814564 ]
 [ 0.14355764 -0.0928933   1.1072081 ]
 [-0.02740723 -0.21352878  0.99000216]
 [-0.04920239 -0.21055132  0.88290876]]
[[ 0.          0.          0.61823374]
 [ 0.01592252 -0.12831353  0.6155239 ]
 [ 0.35421777 -0.05284249  0.50362146]
 [ 0.30952165 -0.09744269  0.10199261]
 [ 0.4765805  -0.10070044  0.0288735 ]
 [-0.01584167  0.12847854  0.6211656 ]
 [-0.11209956  0.33975008  0.3340568 ]
 [-0.462721    0.39097577  0.14149213]
 [-0.39486003  0.4067508   0.        ]
 [ 0.04282467  0.01015924  0.8404901 ]
 [ 0.10984413  0.01943231  1.0827627 ]
 [ 0.23033999  0.00531334  1.0908167 ]
 [ 0.24410956 -0.00988865  1.205292  ]
 [ 0.08902165  0.16161716  1.0430707 ]
 [ 0.2420241   0.23086664  0.83337444]
 [ 0.3623581   0.14929274  0.95067465]
 [ 0.07876952 -0.12583768  1.0801136 ]
 [-0.12674129 -0.26468092  1.144736  ]
 [-0.19589856 -0.2447693   1.13167   ]]
[[ 0.00000000e+00  0.00000000e+00  5.58131516e-01]
 [ 2.25208327e-02 -1.18434235e-01  5.54876029e-01]
 [ 3.53950500e-01 -7.48822093e-03  4.13253546e-01]
 [ 4.67399061e-01 -3.92714143e-02  3.19963694e-02]
 [ 6.40050948e-01 -4.91855145e-02  0.00000000e+00]
 [-2.24680454e-02  1.18545175e-01  5.61794698e-01]
 [-1.34432763e-01  2.85301417e-01  2.61302769e-01]
 [-5.41445136e-01  3.01726639e-01  1.99285567e-01]
 [-5.45989037e-01  3.24687332e-01  7.25851059e-02]
 [ 3.75683717e-02  5.93304634e-04  7.86721885e-01]
 [ 9.94509682e-02 -2.64635682e-03  1.03059912e+00]
 [ 2.14949220e-01 -2.55614817e-02  1.03799331e+00]
 [ 2.13254333e-01 -3.62416506e-02  1.14664984e+00]
 [ 8.25407878e-02  1.32405341e-01  9.96924877e-01]
 [ 2.41572231e-01  1.95791692e-01  7.97150552e-01]
 [ 3.64048123e-01  1.14156663e-01  9.19705212e-01]
 [ 6.82196543e-02 -1.34560674e-01  1.02755153e+00]
 [-1.14855096e-01 -2.63548940e-01  1.08746207e+00]
 [-2.12782443e-01 -2.39104509e-01  1.11029840e+00]]
[[ 0.00000000e+00  0.00000000e+00  5.52625895e-01]
 [ 2.60403603e-02 -1.12230055e-01  5.50242841e-01]
 [ 3.40053827e-01  4.54869121e-02  3.56892496e-01]
 [ 5.21819592e-01  3.68421078e-02  1.17595792e-02]
 [ 6.93668902e-01  2.64994502e-02  0.00000000e+00]
 [-2.59951651e-02  1.12262964e-01  5.55530965e-01]
 [-1.23152465e-01  2.15355232e-01  2.20203936e-01]
 [-5.55854678e-01  1.47094101e-01  2.60610759e-01]
 [-6.17577672e-01  1.77081749e-01  1.76947057e-01]
 [ 4.26831245e-02 -9.87023115e-04  7.81420112e-01]
 [ 1.06509626e-01 -1.48869157e-02  1.02429760e+00]
 [ 2.22054452e-01 -4.36366498e-02  1.03763831e+00]
 [ 2.31561452e-01 -5.98874092e-02  1.15081072e+00]
 [ 8.59705955e-02  1.12524748e-01  9.89663124e-01]
 [ 2.04217538e-01  1.94239035e-01  7.75295258e-01]
 [ 3.49777788e-01  1.38446122e-01  8.64465475e-01]
 [ 7.85705522e-02 -1.38501734e-01  1.01602757e+00]
 [-1.10529408e-01 -2.52080798e-01  1.04054189e+00]
 [-1.84611037e-01 -2.04365999e-01  1.04107928e+00]]
[[ 0.          0.          0.59768075]
 [ 0.02544135 -0.11056612  0.5938892 ]
 [ 0.30130643  0.11913352  0.36417735]
 [ 0.47121733  0.17260593  0.01273698]
 [ 0.65327996  0.18351829  0.        ]
 [-0.02540794  0.11056818  0.6019207 ]
 [-0.07091466  0.12453675  0.22104883]
 [-0.50251573 -0.06955452  0.36732382]
 [-0.62601197 -0.04141805  0.34709227]
 [ 0.05841752  0.01531681  0.8180882 ]
 [ 0.13097124 -0.00456998  1.0567443 ]
 [ 0.24943382 -0.03959247  1.0820471 ]
 [ 0.25845045 -0.05912387  1.196132  ]
 [ 0.09409498  0.1157257   1.024555  ]
 [ 0.11166413  0.22941902  0.7792639 ]
 [ 0.28441617  0.25848365  0.77262723]
 [ 0.10967772 -0.12302902  1.0329851 ]
 [-0.12933569 -0.16380632  0.9338749 ]
 [-0.12715968 -0.2079735   0.76183903]]
[[ 0.          0.          0.6902237 ]
 [ 0.01508721 -0.11999784  0.68661577]
 [ 0.2556647   0.15664092  0.43237826]
 [ 0.31482136  0.23625904  0.04589856]
 [ 0.5053523   0.2719519   0.        ]
 [-0.01502683  0.11995009  0.6941815 ]
 [ 0.03093945  0.07854792  0.3009892 ]
 [-0.41076812 -0.16057059  0.47474962]
 [-0.5474621  -0.14740732  0.45489424]
 [ 0.067674    0.02281669  0.9040415 ]
 [ 0.1459997   0.00398564  1.1379061 ]
 [ 0.27127928 -0.03367895  1.1765425 ]
 [ 0.27700698 -0.05162084  1.2947047 ]
 [ 0.10663197  0.12980306  1.1053948 ]
 [ 0.04633971  0.24692884  0.8612629 ]
 [ 0.14654244  0.35411942  0.7162971 ]
 [ 0.12149402 -0.12972513  1.105446  ]
 [-0.03843336 -0.19782606  0.89007497]
 [ 0.02292076 -0.2124086   0.6526106 ]]
[[ 0.          0.          0.65485144]
 [ 0.00850523 -0.11819162  0.6525673 ]
 [ 0.10140908  0.15703064  0.37804884]
 [ 0.02599467  0.3345959   0.07033384]
 [ 0.20846996  0.39471498  0.        ]
 [-0.00852205  0.1180876   0.657096  ]
 [ 0.20256916  0.04730552  0.35043722]
 [-0.22596589 -0.11662592  0.42395368]
 [-0.28783438 -0.07618484  0.28782547]
 [ 0.06079315  0.0087671   0.87037   ]
 [ 0.12627737 -0.02581763  1.1102444 ]
 [ 0.2563414  -0.05299002  1.1619554 ]
 [ 0.2632358  -0.06688881  1.2812767 ]
 [ 0.07371716  0.09745184  1.0683494 ]
 [-0.10302007  0.17793228  0.89180356]
 [-0.16827983  0.32412004  0.6980324 ]
 [ 0.11368102 -0.16746506  1.0786197 ]
 [ 0.02423787 -0.25859153  0.8245299 ]
 [ 0.1446565  -0.16378285  0.63284636]]
[[ 0.          0.          0.5580493 ]
 [-0.00983321 -0.10880198  0.54638606]
 [-0.06502786  0.10735816  0.2723809 ]
 [-0.25332993  0.3476818   0.11448202]
 [-0.14654857  0.42391378  0.        ]
 [ 0.00971822  0.108618    0.56914675]
 [ 0.32853794  0.03590924  0.40346155]
 [ 0.05184018  0.00740251  0.17219606]
 [ 0.16916203  0.0153318   0.01887816]
 [ 0.04953416 -0.01997241  0.7814633 ]
 [ 0.11183996 -0.05223942  1.0287462 ]
 [ 0.22943519 -0.05443841  1.0697329 ]
 [ 0.23548475 -0.07785928  1.1905243 ]
 [ 0.04869829  0.06930029  0.98933333]
 [-0.19150436  0.20073676  0.9420027 ]
 [-0.27107963  0.3312718   0.7837648 ]
 [ 0.12240614 -0.19357839  1.0016723 ]
 [ 0.06977519 -0.3294971   0.75989234]
 [ 0.25293255 -0.214188    0.7042081 ]]
[[ 0.          0.          0.6151577 ]
 [-0.00142201 -0.10256767  0.6023992 ]
 [-0.08660617  0.1096483   0.32352003]
 [-0.36381528  0.31475264  0.26596332]
 [-0.33360195  0.40556386  0.14385775]
 [ 0.00129048  0.10233888  0.6272348 ]
 [ 0.33968657  0.04130942  0.47913814]
 [ 0.22935307  0.01821142  0.09730858]
 [ 0.40425485  0.01308489  0.        ]
 [ 0.0469791  -0.01231961  0.843279  ]
 [ 0.09992567 -0.05248883  1.089747  ]
 [ 0.22106007 -0.04907775  1.1312064 ]
 [ 0.22176869 -0.07614905  1.2519788 ]
 [ 0.02140374  0.06165871  1.057656  ]
 [-0.23171175  0.17184201  1.049443  ]
 [-0.31829476  0.31167567  0.89211774]
 [ 0.1292763  -0.19252503  1.0612648 ]
 [ 0.12283954 -0.33683977  0.8368275 ]
 [ 0.28723422 -0.19165587  0.8624793 ]]
[[ 0.          0.          0.63986933]
 [ 0.02233515 -0.08944014  0.6288612 ]
 [-0.07668599  0.11991315  0.32010987]
 [-0.39717543  0.2668915   0.42747366]
 [-0.4481287   0.36497074  0.34521052]
 [-0.02244665  0.08915084  0.6501217 ]
 [ 0.32146263  0.14849982  0.456886  ]
 [ 0.37665242  0.12687439  0.04159099]
 [ 0.5568775   0.13249463  0.        ]
 [ 0.04084985 -0.00491531  0.86683464]
 [ 0.08725029 -0.03639144  1.1102898 ]
 [ 0.20058611 -0.04247698  1.1535903 ]
 [ 0.20205776 -0.06580561  1.2760742 ]
 [-0.00544968  0.06200606  1.0715096 ]
 [-0.26068008  0.17084575  1.0453513 ]
 [-0.31974554  0.30283213  0.8803719 ]
 [ 0.1374117  -0.16108522  1.0837706 ]
 [ 0.16630167 -0.29274353  0.8814428 ]
 [ 0.30561894 -0.11752993  0.90873706]]
[[ 0.          0.          0.6876493 ]
 [ 0.02968372 -0.09431774  0.6775225 ]
 [-0.03968894  0.07839519  0.34309548]
 [-0.39532584  0.15009128  0.5493386 ]
 [-0.48446774  0.25348768  0.5097219 ]
 [-0.02976017  0.09405535  0.69711804]
 [ 0.28926128  0.18768576  0.44747037]
 [ 0.38250923  0.15768266  0.02909708]
 [ 0.5583088   0.16250724  0.        ]
 [ 0.03786344  0.01207402  0.90875465]
 [ 0.08704005 -0.01020229  1.1453664 ]
 [ 0.20306408 -0.02188933  1.1871984 ]
 [ 0.20509918 -0.04397309  1.3097982 ]
 [-0.01010007  0.09150678  1.1039886 ]
 [-0.24457121  0.19567019  1.0184284 ]
 [-0.24922413  0.30436096  0.8227887 ]
 [ 0.1354835  -0.14051381  1.124747  ]
 [ 0.13228315 -0.2890769   0.9388489 ]
 [ 0.27893293 -0.13742776  0.870358  ]]
[[ 0.          0.          0.76481706]
 [ 0.03107278 -0.10643281  0.7530275 ]
 [ 0.02233237  0.02596542  0.395766  ]
 [-0.37332648  0.02181355  0.62977654]
 [-0.4811855   0.13574208  0.61849946]
 [-0.03109445  0.10623572  0.77609164]
 [ 0.24815193  0.203116    0.47282284]
 [ 0.30166322  0.16717547  0.04584837]
 [ 0.47963357  0.17906433  0.        ]
 [ 0.04629494  0.03887002  0.97824407]
 [ 0.10769023  0.03658757  1.2112837 ]
 [ 0.22567987  0.02047971  1.2536241 ]
 [ 0.22654301  0.00331187  1.3771968 ]
 [ 0.01389471  0.14640647  1.1629068 ]
 [-0.18174258  0.24356154  1.0100625 ]
 [-0.13127857  0.33947787  0.80546784]
 [ 0.14505896 -0.1078015   1.1928471 ]
 [ 0.10328996 -0.2710223   1.0023037 ]
 [ 0.23717558 -0.16277279  0.84380597]]
[[ 0.          0.          0.77017844]
 [ 0.02059616 -0.12294292  0.7611796 ]
 [ 0.2208015  -0.0435797   0.4690606 ]
 [-0.20497516 -0.02310354  0.5946907 ]
 [-0.28560135  0.07513659  0.4903388 ]
 [-0.02042401  0.12297988  0.7787811 ]
 [ 0.16548507  0.306818    0.44753584]
 [ 0.07276209  0.28483588  0.07974076]
 [ 0.26898944  0.28920704  0.        ]
 [ 0.07795113  0.0837415   0.96705014]
 [ 0.16488227  0.12466159  1.188307  ]
 [ 0.29295745  0.08879113  1.2511874 ]
 [ 0.28063986  0.08907706  1.3705096 ]
 [ 0.10053752  0.2563185   1.1335146 ]
 [ 0.05195553  0.34679577  0.89427316]
 [ 0.25142935  0.4045343   0.7821618 ]
 [ 0.16909707 -0.03169176  1.169     ]
 [ 0.02688308 -0.15009409  0.95420355]
 [ 0.11914331 -0.13594274  0.77179027]]
[[ 0.          0.          0.7034768 ]
 [ 0.01647918 -0.13158156  0.69692826]
 [ 0.35566646 -0.08590882  0.57033   ]
 [ 0.03016826 -0.13974386  0.30610773]
 [ 0.11322877 -0.11921811  0.16906619]
 [-0.01632432  0.13174912  0.70996976]
 [ 0.0102412   0.3365721   0.37782598]
 [-0.2837657   0.36883765  0.11559618]
 [-0.13452959  0.35833138  0.        ]
 [ 0.05669243  0.04818037  0.9092354 ]
 [ 0.11964424  0.06072327  1.1502174 ]
 [ 0.24547558  0.02323145  1.2206817 ]
 [ 0.20883967  0.0159328   1.3298106 ]
 [ 0.08810978  0.2048471   1.0925244 ]
 [ 0.18865824  0.2864847   0.86070085]
 [ 0.35880774  0.20852953  0.92895156]
 [ 0.10155245 -0.09402254  1.1263139 ]
 [-0.15887299 -0.14778447  1.0324321 ]
 [-0.13709751 -0.20599005  0.9300276 ]]
[[ 0.          0.          0.633749  ]
 [ 0.00845236 -0.12820737  0.63538295]
 [ 0.33801788 -0.08894618  0.5285299 ]
 [ 0.27862298 -0.17201489  0.13705894]
 [ 0.4423449  -0.17543447  0.05777007]
 [-0.00835357  0.12837982  0.63247746]
 [-0.1250836   0.3034058   0.32863766]
 [-0.48155928  0.36147493  0.14003184]
 [-0.4245255   0.36954087  0.        ]
 [ 0.03406279  0.02433056  0.85127   ]
 [ 0.07453904  0.02814472  1.1016968 ]
 [ 0.19194138 -0.01290053  1.1630561 ]
 [ 0.15558282 -0.01860523  1.2684247 ]
 [ 0.07825626  0.16803068  1.0437477 ]
 [ 0.23333704  0.23172629  0.8492979 ]
 [ 0.33319426  0.15598139  0.9912034 ]
 [ 0.03093099 -0.11543691  1.0926137 ]
 [-0.19784583 -0.22057277  1.1487601 ]
 [-0.30132183 -0.19635984  1.0991285 ]]
[[ 0.          0.          0.5364749 ]
 [ 0.00880693 -0.11901952  0.5342908 ]
 [ 0.3231489  -0.05994312  0.3964677 ]
 [ 0.4443466  -0.11208713  0.02576244]
 [ 0.62198913 -0.12553263  0.        ]
 [-0.00874288  0.11914425  0.5392323 ]
 [-0.14247659  0.23851287  0.22079718]
 [-0.5658207   0.2522979   0.17890602]
 [-0.5981407   0.28248405  0.07119754]
 [ 0.02904196  0.01708557  0.76066005]
 [ 0.06605644  0.01212779  1.0104942 ]
 [ 0.17871948 -0.04627958  1.0707103 ]
 [ 0.14847475 -0.04252923  1.177567  ]
 [ 0.08361756  0.13891071  0.9544941 ]
 [ 0.22791363  0.19652006  0.76562166]
 [ 0.32994908  0.14366752  0.8999735 ]
 [ 0.01087023 -0.11324742  1.0017595 ]
 [-0.2173743  -0.21719715  1.0664556 ]
 [-0.30235752 -0.17729059  1.0161763 ]]
[[ 0.          0.          0.53681153]
 [ 0.0120325  -0.11369514  0.53377485]
 [ 0.31019068 -0.01009083  0.34379646]
 [ 0.48784393 -0.02948773  0.        ]
 [ 0.6638667  -0.04856354  0.00140148]
 [-0.01198985  0.11376929  0.5405219 ]
 [-0.11672708  0.17417428  0.19323766]
 [-0.56629586  0.09289072  0.25066268]
 [-0.65108865  0.14010283  0.18454486]
 [ 0.03536583  0.0187642   0.75910485]
 [ 0.07592522  0.00862586  1.0078509 ]
 [ 0.18824035 -0.05551195  1.0766613 ]
 [ 0.15711592 -0.04907578  1.1822275 ]
 [ 0.09294371  0.12916827  0.9520788 ]
 [ 0.20295417  0.20740132  0.74861366]
 [ 0.34285697  0.17333788  0.8355149 ]
 [ 0.02004732 -0.1105347   0.994586  ]
 [-0.20096709 -0.20371446  1.0253344 ]
 [-0.28768477 -0.189275    0.93930304]]
[[ 0.          0.          0.58052707]
 [ 0.01213291 -0.11736885  0.5760109 ]
 [ 0.28866982  0.05899549  0.3464576 ]
 [ 0.43272212  0.06626052  0.00181723]
 [ 0.62870383  0.06497228  0.        ]
 [-0.01211496  0.11738624  0.58569974]
 [-0.05308331  0.10867327  0.21965346]
 [-0.50284636 -0.0667939   0.34787124]
 [-0.63332456 -0.02306682  0.32411218]
 [ 0.04297336  0.02171536  0.80146515]
 [ 0.09028529  0.0061751   1.0495822 ]
 [ 0.20924859 -0.06012326  1.1173174 ]
 [ 0.17543034 -0.05599964  1.2246289 ]
 [ 0.09829658  0.13115525  0.99799037]
 [ 0.15017684  0.23161224  0.7712844 ]
 [ 0.32665306  0.2391154   0.7463937 ]
 [ 0.03646398 -0.11988625  1.0301299 ]
 [-0.17151825 -0.21877024  0.99026453]
 [-0.240185   -0.19828406  0.8306179 ]]
[[ 0.00000000e+00  0.00000000e+00  6.78569794e-01]
 [ 7.38319010e-04 -1.23975307e-01  6.75329089e-01]
 [ 2.44983196e-01  9.79420394e-02  4.09322858e-01]
 [ 2.61823952e-01  1.46807730e-01  4.52579856e-02]
 [ 4.83387709e-01  1.73003852e-01  0.00000000e+00]
 [-7.08688051e-04  1.23985656e-01  6.82299256e-01]
 [ 6.05352223e-02  7.01897144e-02  3.08203638e-01]
 [-4.00960207e-01 -1.27348214e-01  4.83370811e-01]
 [-5.37467718e-01 -9.97946858e-02  4.38649893e-01]
 [ 5.26041463e-02  2.82007754e-02  8.96048248e-01]
 [ 1.05623491e-01  7.60400295e-03  1.14207160e+00]
 [ 2.34385282e-01 -5.89354932e-02  1.22222817e+00]
 [ 1.90002128e-01 -5.45976162e-02  1.32718492e+00]
 [ 1.04739182e-01  1.37292325e-01  1.08924341e+00]
 [ 6.67587519e-02  2.40456223e-01  8.49841952e-01]
 [ 1.94326058e-01  3.24157357e-01  6.88864946e-01]
 [ 4.94110584e-02 -1.31575972e-01  1.11403346e+00]
 [-1.21384040e-01 -2.40745187e-01  9.60479736e-01]
 [-1.28703311e-01 -2.66030967e-01  7.56980181e-01]]
[[ 0.          0.          0.6387353 ]
 [-0.0183342  -0.11732107  0.6366168 ]
 [ 0.07887257  0.10323679  0.3298084 ]
 [-0.05675665  0.27663895  0.08110887]
 [ 0.1308474   0.3287728   0.        ]
 [ 0.01831589  0.11726569  0.640777  ]
 [ 0.28438246  0.02675855  0.39532477]
 [-0.11864757 -0.03464633  0.36863682]
 [-0.12233202 -0.01669282  0.20715901]
 [ 0.04698922  0.01454835  0.857268  ]
 [ 0.0984237  -0.00554362  1.1051887 ]
 [ 0.22228125 -0.06266242  1.1944262 ]
 [ 0.18178059 -0.06037569  1.2963507 ]
 [ 0.08489668  0.1283097   1.0480216 ]
 [-0.03428526  0.27029392  0.8769802 ]
 [-0.02208398  0.41203988  0.66407454]
 [ 0.05905355 -0.15269995  1.0703231 ]
 [-0.02877219 -0.27357253  0.83198553]
 [ 0.11469206 -0.23180658  0.70245135]]
[[ 0.          0.          0.55811954]
 [-0.02834474 -0.10720084  0.5456388 ]
 [-0.07723449  0.04853114  0.26590413]
 [-0.32584926  0.2705119   0.13328594]
 [-0.22584039  0.32983887  0.01057637]
 [ 0.0282082   0.10700926  0.5700669 ]
 [ 0.3287694  -0.03484693  0.40819025]
 [ 0.11516199 -0.0213533   0.12763956]
 [ 0.25151062 -0.02622098  0.        ]
 [ 0.03764506 -0.00600985  0.783715  ]
 [ 0.07936483 -0.03327617  1.0357708 ]
 [ 0.19172008 -0.0699963   1.1255398 ]
 [ 0.1475529  -0.0791083   1.2269845 ]
 [ 0.04496211  0.09822094  0.98829377]
 [-0.1391001   0.2482033   0.8995378 ]
 [-0.18909913  0.36655635  0.6907495 ]
 [ 0.07336751 -0.18269876  0.9983247 ]
 [ 0.04390697 -0.34193224  0.7759804 ]
 [ 0.2210396  -0.22082892  0.77364814]]
[[ 0.0000000e+00  0.0000000e+00  6.2931538e-01]
 [-1.6732208e-02 -1.0292538e-01  6.1548650e-01]
 [-9.8335952e-02  7.5749218e-02  3.3117038e-01]
 [-4.2926210e-01  2.6095569e-01  2.9087666e-01]
 [-4.0183640e-01  3.4295928e-01  1.6313931e-01]
 [ 1.6617592e-02  1.0269829e-01  6.4247990e-01]
 [ 3.3085430e-01  1.2019575e-03  4.6466655e-01]
 [ 2.9265124e-01 -1.6182899e-02  6.9473743e-02]
 [ 4.6866170e-01 -3.0971527e-02  0.0000000e+00]
 [ 3.4885213e-02  7.7605993e-03  8.5567218e-01]
 [ 6.4705446e-02 -2.1067291e-02  1.1063585e+00]
 [ 1.7755318e-01 -4.9736738e-02  1.1975193e+00]
 [ 1.2701249e-01 -5.5588782e-02  1.2990787e+00]
 [ 1.5882820e-02  1.0633537e-01  1.0624478e+00]
 [-1.8824339e-01  2.4930108e-01  9.8897088e-01]
 [-2.2569883e-01  3.5407406e-01  7.8317523e-01]
 [ 7.7234969e-02 -1.7067721e-01  1.0666282e+00]
 [ 8.6724997e-02 -3.4239814e-01  8.6752605e-01]
 [ 2.5683206e-01 -1.8749280e-01  9.0273976e-01]]
[[ 0.          0.          0.6334764 ]
 [ 0.00272671 -0.09579345  0.6216603 ]
 [-0.08906649  0.08152175  0.3201725 ]
 [-0.4458866   0.23022307  0.4218964 ]
 [-0.4982742   0.33164525  0.3284142 ]
 [-0.00281476  0.09552744  0.6445839 ]
 [ 0.31225434  0.09161007  0.42992687]
 [ 0.4022988   0.03967488  0.02450562]
 [ 0.58730686  0.03311813  0.        ]
 [ 0.02984109  0.01299888  0.8553147 ]
 [ 0.05631241 -0.00614414  1.1042153 ]
 [ 0.16409881 -0.03227162  1.1916877 ]
 [ 0.11930601 -0.03820461  1.2960742 ]
 [-0.00739745  0.10561648  1.0527368 ]
 [-0.215262    0.2311827   0.95289946]
 [-0.22745776  0.32628682  0.7504831 ]
 [ 0.08416023 -0.14344382  1.0695235 ]
 [ 0.11653218 -0.30757225  0.88360834]
 [ 0.2733054  -0.12851475  0.8905069 ]]
[[ 0.          0.          0.67280436]
 [ 0.01052108 -0.0999556   0.66224277]
 [-0.05749685  0.05579692  0.33887556]
 [-0.42577708  0.1684882   0.5018077 ]
 [-0.50295776  0.28663048  0.43423143]
 [-0.01056623  0.0997014   0.68274486]
 [ 0.28639632  0.14420637  0.42782217]
 [ 0.3823722   0.09041411  0.02279598]
 [ 0.5667281   0.08956301  0.        ]
 [ 0.03024494  0.02414137  0.8919885 ]
 [ 0.06104857  0.01507434  1.1389718 ]
 [ 0.17064716 -0.01673639  1.22699   ]
 [ 0.12407421 -0.02338785  1.3302741 ]
 [-0.0044357   0.12713307  1.0822229 ]
 [-0.18737683  0.25017717  0.9465302 ]
 [-0.14942944  0.34633905  0.74176013]
 [ 0.08880804 -0.12362367  1.1109954 ]
 [ 0.09894252 -0.29640684  0.9254862 ]
 [ 0.25839204 -0.13906786  0.858071  ]]
[[ 0.          0.          0.78369147]
 [ 0.01598646 -0.1183157   0.7716568 ]
 [ 0.05884019 -0.00343391  0.43115345]
 [-0.3779114   0.05229241  0.58884835]
 [-0.46653956  0.17521136  0.5207329 ]
 [-0.0159933   0.11821544  0.79523873]
 [ 0.21477433  0.1817124   0.4768357 ]
 [ 0.22257416  0.12784588  0.06074345]
 [ 0.42668757  0.13608372  0.        ]
 [ 0.04805645  0.06461562  0.9916953 ]
 [ 0.10178234  0.08919156  1.2319016 ]
 [ 0.21083963  0.04405558  1.323827  ]
 [ 0.149006    0.05199701  1.4191725 ]
 [ 0.04383241  0.2103535   1.1649132 ]
 [-0.07855347  0.29838753  0.9494387 ]
 [ 0.05790691  0.38077903  0.753742  ]
 [ 0.1104245  -0.06719297  1.2084432 ]
 [ 0.06377324 -0.24670818  1.0120232 ]
 [ 0.1901589  -0.14915302  0.8498526 ]]
[[ 0.          0.          0.7341479 ]
 [ 0.01530017 -0.12392468  0.72843045]
 [ 0.23686105 -0.06281105  0.46588343]
 [-0.16812442 -0.02272679  0.50225115]
 [-0.21143696  0.06247425  0.36187163]
 [-0.01520144  0.12400725  0.7396275 ]
 [ 0.13700117  0.2868427   0.40742472]
 [-0.02187084  0.2745729   0.08192468]
 [ 0.18580905  0.26696438  0.        ]
 [ 0.06169601  0.07774842  0.93714434]
 [ 0.128846    0.12186283  1.1713786 ]
 [ 0.23686537  0.07258767  1.2672756 ]
 [ 0.18143177  0.07724595  1.36224   ]
 [ 0.09123196  0.2477195   1.1000515 ]
 [ 0.09670219  0.32492143  0.8551853 ]
 [ 0.30594808  0.35944545  0.7634481 ]
 [ 0.1196628  -0.0361549   1.1560669 ]
 [-0.01054604 -0.16088839  0.9401574 ]
 [ 0.07039799 -0.13564612  0.76580054]]
[[ 0.          0.          0.6540018 ]
 [ 0.00594075 -0.1295723   0.6534896 ]
 [ 0.33776993 -0.1095264   0.51892066]
 [ 0.12716855 -0.18518841  0.19386378]
 [ 0.25089097 -0.19264305  0.08605474]
 [-0.00588498  0.12974724  0.65479016]
 [-0.04003395  0.27988398  0.31092304]
 [-0.40151232  0.32416287  0.12624794]
 [-0.32303697  0.33464423  0.        ]
 [ 0.02544139  0.04045087  0.87028646]
 [ 0.0535849   0.05563307  1.1215622 ]
 [ 0.16838804 -0.01566619  1.2037451 ]
 [ 0.10880145  0.00438488  1.2993296 ]
 [ 0.08442495  0.18734935  1.0498008 ]
 [ 0.2164945   0.23222347  0.85499823]
 [ 0.3359223   0.16481078  0.9656112 ]
 [-0.01122038 -0.08843231  1.1177756 ]
 [-0.22299053 -0.22414246  1.1285877 ]
 [-0.30178607 -0.24021338  1.0418272 ]]
[[ 0.0000000e+00  0.0000000e+00  5.7999021e-01]
 [-3.8430840e-04 -1.2600811e-01  5.7900548e-01]
 [ 3.1999546e-01 -1.3189650e-01  4.5512572e-01]
 [ 3.1260228e-01 -2.0541614e-01  7.8683972e-02]
 [ 4.7674280e-01 -2.2066182e-01  3.2275975e-02]
 [ 4.2796880e-04  1.2616372e-01  5.8153057e-01]
 [-1.0505058e-01  2.4364634e-01  2.4806067e-01]
 [-5.0649798e-01  3.1101093e-01  1.2854278e-01]
 [-5.1350617e-01  3.3733740e-01  0.0000000e+00]
 [ 9.9166147e-03  3.1845286e-02  8.0047792e-01]
 [ 2.6216861e-02  4.3355495e-02  1.0529133e+00]
 [ 1.3202021e-01 -2.9625416e-02  1.1304660e+00]
 [ 7.6430157e-02 -9.4999075e-03  1.2247694e+00]
 [ 7.6064438e-02  1.6591924e-01  9.8712969e-01]
 [ 2.2271520e-01  1.8582025e-01  8.1008857e-01]
 [ 3.1735796e-01  1.3419920e-01  9.4206047e-01]
 [-5.4675344e-02 -7.8613579e-02  1.0484813e+00]
 [-2.7671185e-01 -2.0150957e-01  1.0929830e+00]
 [-3.5726631e-01 -1.7805755e-01  1.0459599e+00]]
[[ 0.00000000e+00  0.00000000e+00  5.00885427e-01]
 [-6.78431243e-04 -1.17012948e-01  4.98229384e-01]
 [ 3.10675502e-01 -1.12131819e-01  3.70315820e-01]
 [ 4.37571824e-01 -1.55010462e-01  7.66572356e-03]
 [ 6.02577090e-01 -1.84547544e-01  0.00000000e+00]
 [ 7.17133284e-04  1.17147714e-01  5.04212797e-01]
 [-1.14552110e-01  2.02163681e-01  1.68881267e-01]
 [-5.35297871e-01  2.47914732e-01  1.26524419e-01]
 [-5.88840604e-01  2.88690627e-01  1.40784681e-02]
 [ 6.78018108e-03  2.81557739e-02  7.24116266e-01]
 [ 1.92326810e-02  3.44514251e-02  9.75234866e-01]
 [ 1.22361705e-01 -4.35638428e-02  1.05320716e+00]
 [ 6.79373369e-02 -2.05908418e-02  1.14683747e+00]
 [ 7.45350346e-02  1.44957483e-01  9.14279997e-01]
 [ 2.23851085e-01  1.64320424e-01  7.49060392e-01]
 [ 3.25504303e-01  1.13046259e-01  8.58605623e-01]
 [-6.63862005e-02 -7.41536915e-02  9.66564655e-01]
 [-2.85791427e-01 -1.83748245e-01  1.00344181e+00]
 [-3.81393075e-01 -1.70419514e-01  9.62141931e-01]]
[[ 0.00000000e+00  0.00000000e+00  5.02438664e-01]
 [-9.90219414e-05 -1.16535388e-01  4.98915315e-01]
 [ 3.03568751e-01 -9.03729051e-02  3.53005081e-01]
 [ 4.56675142e-01 -1.25247270e-01  0.00000000e+00]
 [ 6.23829842e-01 -1.63584828e-01  9.06834006e-03]
 [ 1.53683126e-04  1.16671264e-01  5.06686807e-01]
 [-6.92556202e-02  2.03094557e-01  1.53918773e-01]
 [-4.97548461e-01  2.13606462e-01  1.72185957e-01]
 [-5.70878983e-01  2.61321992e-01  6.83911145e-02]
 [ 1.01884808e-02  3.34183276e-02  7.24342108e-01]
 [ 2.16100067e-02  3.16032171e-02  9.74117637e-01]
 [ 1.28084123e-01 -5.12741208e-02  1.05109382e+00]
 [ 7.49556720e-02 -2.75662541e-02  1.14364052e+00]
 [ 8.13969895e-02  1.39224529e-01  9.17565584e-01]
 [ 2.13272974e-01  1.73540741e-01  7.43371010e-01]
 [ 3.46327484e-01  1.30714506e-01  8.12507033e-01]
 [-6.86418191e-02 -7.26457536e-02  9.60414052e-01]
 [-2.93033898e-01 -1.83529437e-01  9.63553131e-01]
 [-3.79493713e-01 -1.86663449e-01  8.90104651e-01]]
[[ 0.          0.          0.5290001 ]
 [-0.00132313 -0.12100589  0.5256988 ]
 [ 0.2960421  -0.06522664  0.35406655]
 [ 0.43621692 -0.07139069  0.        ]
 [ 0.61270887 -0.11318463  0.01431209]
 [ 0.00135497  0.12115283  0.5330257 ]
 [ 0.00344427  0.19146194  0.16357183]
 [-0.4331648   0.17497945  0.22781104]
 [-0.5199861   0.22657906  0.11633432]
 [ 0.01214109  0.03292507  0.7515087 ]
 [ 0.02246782  0.02100348  0.9997293 ]
 [ 0.14027688 -0.06514418  1.0733337 ]
 [ 0.08838558 -0.04318631  1.1666497 ]
 [ 0.08935955  0.12758327  0.9485978 ]
 [ 0.18706794  0.1645492   0.7514108 ]
 [ 0.35430947  0.15726864  0.739155  ]
 [-0.07385783 -0.08194116  0.9798576 ]
 [-0.28429016 -0.18155515  0.92578596]
 [-0.33838657 -0.17428486  0.7812592 ]]
[[ 0.          0.          0.6066139 ]
 [-0.03202994 -0.12028185  0.59542435]
 [ 0.21244133 -0.01497272  0.3237074 ]
 [ 0.21047029  0.11680925  0.05126214]
 [ 0.39255428  0.12758785  0.        ]
 [ 0.03213231  0.12034148  0.6179491 ]
 [ 0.2893163   0.08827876  0.30742678]
 [-0.09697074  0.18096143  0.28581205]
 [-0.05624065  0.19320065  0.1132614 ]
 [ 0.02166257  0.0075338   0.81955487]
 [ 0.04154113 -0.0331392   1.0648649 ]
 [ 0.1662691  -0.1030598   1.1456964 ]
 [ 0.11135835 -0.09366351  1.2399874 ]
 [ 0.07536194  0.10168391  1.0252252 ]
 [ 0.07484437  0.24625337  0.831295  ]
 [ 0.19274142  0.3668489   0.6317506 ]
 [-0.02539009 -0.15997359  1.017083  ]
 [-0.0965324  -0.21499942  0.7494006 ]
 [ 0.00624213 -0.25372767  0.5397459 ]]
[[ 0.          0.          0.55052876]
 [-0.05073803 -0.11044474  0.526626  ]
 [ 0.09732847 -0.01406807  0.25607562]
 [-0.09607354  0.27066255  0.10889867]
 [ 0.0425465   0.29221603  0.03180408]
 [ 0.05067366  0.11035744  0.5741463 ]
 [ 0.35582516 -0.03399441  0.3810494 ]
 [ 0.21916044  0.06336236  0.0963397 ]
 [ 0.3974359   0.04133928  0.        ]
 [ 0.01767819 -0.02543944  0.7631086 ]
 [ 0.03969087 -0.06583712  1.0094262 ]
 [ 0.15509611 -0.12163627  1.0909399 ]
 [ 0.09975954 -0.10666496  1.1958084 ]
 [ 0.05542267  0.07923332  0.9750105 ]
 [-0.04335541  0.26282412  0.8585614 ]
 [-0.03026858  0.42603582  0.65335464]
 [-0.00476405 -0.20683925  0.95414215]
 [-0.04530731 -0.32640442  0.7033983 ]
 [ 0.12904435 -0.33581114  0.6181577 ]]
[[ 0.          0.          0.58312255]
 [-0.03943014 -0.10838307  0.5621475 ]
 [-0.01489006  0.05194041  0.2826783 ]
 [-0.31751633  0.2987881   0.17573926]
 [-0.22865516  0.33329612  0.06507134]
 [ 0.03925925  0.10824439  0.603475  ]
 [ 0.3626896   0.0042655   0.40365726]
 [ 0.40577954 -0.07859701  0.0137378 ]
 [ 0.6091523  -0.10998857  0.        ]
 [ 0.00902241 -0.00398359  0.7945633 ]
 [ 0.01290461 -0.04477751  1.0399086 ]
 [ 0.12431461 -0.08906186  1.1208327 ]
 [ 0.0692483  -0.08332294  1.2256187 ]
 [-0.00495288  0.09849375  1.0094324 ]
 [-0.1699971   0.2694315   0.9457184 ]
 [-0.15572697  0.38816386  0.7317145 ]
 [ 0.00405666 -0.19002286  0.9835855 ]
 [-0.00323527 -0.3441081   0.7633841 ]
 [ 0.16827264 -0.27617753  0.7756045 ]]
[[ 0.          0.          0.5443122 ]
 [-0.03268547 -0.09552454  0.52906865]
 [-0.07516815  0.0946472   0.27088758]
 [-0.39667687  0.33132368  0.22985154]
 [-0.37376302  0.4014331   0.10735038]
 [ 0.03254409  0.09535429  0.5588642 ]
 [ 0.34879914  0.04824059  0.33831376]
 [ 0.48240012 -0.03685272  0.        ]
 [ 0.6752105  -0.06800187  0.0015564 ]
 [-0.01048909 -0.00435804  0.7542132 ]
 [-0.02035417 -0.03118899  0.9987268 ]
 [ 0.08909146 -0.0671958   1.0752232 ]
 [ 0.03525133 -0.06559646  1.1807301 ]
 [-0.05523533  0.10350391  0.9583195 ]
 [-0.22151044  0.27687603  0.8840321 ]
 [-0.18685517  0.3743237   0.67549914]
 [-0.0069791  -0.17081589  0.9548871 ]
 [ 0.01655492 -0.3066359   0.75266206]
 [ 0.15915462 -0.20095892  0.8063613 ]]
[[ 0.          0.          0.5734495 ]
 [-0.01704166 -0.09126949  0.56537074]
 [-0.08960083  0.0992309   0.29340655]
 [-0.44165772  0.32044134  0.32798344]
 [-0.47533953  0.41971558  0.22290775]
 [ 0.01692808  0.09110679  0.58084446]
 [ 0.31632924  0.10775064  0.3460469 ]
 [ 0.46078837  0.03233248  0.01766288]
 [ 0.6464801   0.01334661  0.        ]
 [-0.02017899  0.01467285  0.7855318 ]
 [-0.03704134  0.01650202  1.0302273 ]
 [ 0.06772035 -0.01492947  1.1116118 ]
 [ 0.00677377 -0.01577711  1.2135648 ]
 [-0.08315931  0.14104903  0.9760654 ]
 [-0.23559213  0.30134767  0.8584037 ]
 [-0.13871855  0.38794726  0.66906226]
 [-0.01223949 -0.1233491   1.0020105 ]
 [ 0.01535539 -0.26577547  0.80992895]
 [ 0.13343355 -0.14211571  0.8485968 ]]
[[ 0.          0.          0.66041535]
 [ 0.00538743 -0.10483271  0.65716183]
 [-0.0174637   0.02400416  0.34117   ]
 [-0.43513253  0.14709397  0.4586197 ]
 [-0.5291146   0.28327993  0.39271253]
 [-0.00546287  0.10470284  0.6631596 ]
 [ 0.2555067   0.16445526  0.3955734 ]
 [ 0.2945322   0.08975995  0.05348575]
 [ 0.4780758   0.09798568  0.        ]
 [-0.01065512  0.06900039  0.8748898 ]
 [-0.0200666   0.11385643  1.1165941 ]
 [ 0.07750614  0.07978743  1.2162791 ]
 [ 0.00442918  0.07648194  1.3077698 ]
 [-0.06680864  0.23701012  1.0409366 ]
 [-0.14701498  0.3398202   0.8436077 ]
 [ 0.04603492  0.38952813  0.7292468 ]
 [ 0.00429507 -0.0377219   1.1012288 ]
 [-0.02169811 -0.21285343  0.9052373 ]
 [ 0.11022186 -0.11453372  0.83049977]]
[[ 0.00000000e+00  0.00000000e+00  7.10474610e-01]
 [ 9.72618535e-03 -1.16938487e-01  7.05452621e-01]
 [ 2.57984698e-01 -1.10461086e-01  4.61972952e-01]
 [-1.28531322e-01 -3.10104042e-02  4.64890063e-01]
 [-2.00557396e-01  7.03824759e-02  3.33544314e-01]
 [-9.76240635e-03  1.17071547e-01  7.15226293e-01]
 [ 1.64996639e-01  2.38115937e-01  4.14927900e-01]
 [ 5.83072901e-02  2.75206774e-01  8.22279453e-02]
 [ 2.47125655e-01  2.86347926e-01  0.00000000e+00]
 [ 3.27126980e-02  9.63416696e-02  9.13070202e-01]
 [ 6.82666302e-02  1.67659253e-01  1.14231479e+00]
 [ 1.52311087e-01  1.38497949e-01  1.24390483e+00]
 [ 8.88879597e-02  1.31022215e-01  1.32030034e+00]
 [ 5.68547994e-02  2.97410905e-01  1.07267296e+00]
 [ 1.79675266e-01  3.62427324e-01  8.21498513e-01]
 [ 3.78525138e-01  2.89023548e-01  9.20885265e-01]
 [ 5.56145236e-02  1.23567283e-02  1.13352966e+00]
 [-4.17064913e-02 -1.62431493e-01  9.53434825e-01]
 [ 1.09234080e-03 -1.23725086e-01  8.01219642e-01]]
[[ 0.          0.          0.7612047 ]
 [ 0.00403831 -0.12064458  0.7643978 ]
 [ 0.35166976 -0.15000798  0.62630224]
 [ 0.05023403 -0.25816226  0.37057385]
 [ 0.09355089 -0.26082745  0.22106266]
 [-0.00401165  0.12082639  0.75808257]
 [ 0.02061493  0.26661897  0.44993436]
 [-0.1741114   0.30531535  0.12484419]
 [-0.03423567  0.3278126   0.        ]
 [ 0.03415313  0.06776279  0.96657455]
 [ 0.04420856  0.09329188  1.2099621 ]
 [ 0.1229613   0.06589776  1.3149747 ]
 [ 0.0509638   0.06926596  1.3979342 ]
 [ 0.06491168  0.22684199  1.1507965 ]
 [ 0.2462134   0.25176963  0.92607725]
 [ 0.34486818  0.09318873  1.0830112 ]
 [ 0.00727309 -0.05971709  1.1858397 ]
 [-0.16026458 -0.19887091  1.0693601 ]
 [-0.1530546  -0.13279547  0.88857925]]
[[ 0.          0.          0.70933855]
 [-0.00797503 -0.12516896  0.71013135]
 [ 0.31093943 -0.22130123  0.57542324]
 [ 0.22961968 -0.39490315  0.19658095]
 [ 0.39114666 -0.41665763  0.14369595]
 [ 0.00802959  0.12535478  0.7090335 ]
 [-0.07913665  0.22986534  0.39104795]
 [-0.3645404   0.27322495  0.16515398]
 [-0.32625157  0.31243464  0.        ]
 [ 0.01546673  0.06289887  0.9194982 ]
 [ 0.01070451  0.07360512  1.1715405 ]
 [ 0.09669016  0.02306473  1.2811077 ]
 [ 0.02636462  0.04236722  1.3629308 ]
 [ 0.06884725  0.19253358  1.1073053 ]
 [ 0.25508723  0.16233753  0.9109045 ]
 [ 0.32617277  0.03150555  1.0484165 ]
 [-0.06800925 -0.05510023  1.1415308 ]
 [-0.26887944 -0.19429034  1.0855182 ]
 [-0.32660964 -0.21417771  0.939197  ]]
[[ 0.          0.          0.58301157]
 [-0.01044668 -0.12349004  0.5845577 ]
 [ 0.31706315 -0.17650881  0.41840324]
 [ 0.37545747 -0.3056876   0.0347805 ]
 [ 0.55102664 -0.32369196  0.        ]
 [ 0.01052038  0.12362643  0.58214456]
 [-0.07034994  0.16799738  0.21694428]
 [-0.45070744  0.20949869  0.1959036 ]
 [-0.49191356  0.25201684  0.03261459]
 [ 0.01159438  0.04703462  0.8019694 ]
 [ 0.01197619  0.06324601  1.0552192 ]
 [ 0.10167776  0.00250506  1.1618102 ]
 [ 0.03143463  0.0302152   1.24534   ]
 [ 0.06624289  0.17114031  0.9828205 ]
 [ 0.18463784  0.13794768  0.7463268 ]
 [ 0.3182449   0.02603081  0.7839955 ]
 [-0.06961372 -0.06194088  1.0415933 ]
 [-0.2801767  -0.18283314  1.0126326 ]
 [-0.3776523  -0.21760394  0.9141978 ]]
[[ 0.          0.          0.654296  ]
 [-0.00679957 -0.12051854  0.6543853 ]
 [ 0.31516337 -0.11439663  0.44632077]
 [ 0.3677495  -0.17705101  0.03620631]
 [ 0.54333913 -0.17090917  0.        ]
 [ 0.00682648  0.12056025  0.65482706]
 [-0.03522414  0.09420329  0.26383796]
 [-0.48537242  0.04390705  0.33382273]
 [-0.5879892   0.10365817  0.22544557]
 [ 0.00762281  0.05414207  0.8772503 ]
 [ 0.0123356   0.07447356  1.1295784 ]
 [ 0.10960203  0.02382725  1.2351233 ]
 [ 0.03718058  0.03686184  1.3223045 ]
 [ 0.04087003  0.18720806  1.0511172 ]
 [ 0.10517693  0.21264818  0.7860778 ]
 [ 0.28781766  0.20810992  0.7022203 ]
 [-0.04755373 -0.05321914  1.1263239 ]
 [-0.2515398  -0.15855673  1.1096586 ]
 [-0.3404945  -0.23783234  1.0681984 ]]
[[ 0.0000000e+00  0.0000000e+00  7.8405452e-01]
 [ 8.9269765e-03 -1.1367230e-01  7.8796864e-01]
 [ 2.6646945e-01 -2.4029344e-02  5.0613880e-01]
 [ 2.1012281e-01 -7.0036769e-02  7.5822473e-02]
 [ 3.8388693e-01 -2.4077415e-02  0.0000000e+00]
 [-8.9322031e-03  1.1364409e-01  7.8048086e-01]
 [ 5.4827832e-02  3.8167000e-02  4.0876755e-01]
 [-4.0669906e-01 -1.1427766e-01  5.1875895e-01]
 [-5.4298109e-01 -4.6186507e-02  4.4871220e-01]
 [ 1.9052811e-03  6.9729835e-02  1.0010834e+00]
 [ 1.0553934e-03  9.9884748e-02  1.2493069e+00]
 [ 9.5164254e-02  6.6271365e-02  1.3556080e+00]
 [ 2.6507381e-02  6.8103671e-02  1.4473989e+00]
 [-1.4040269e-02  2.1154356e-01  1.1682622e+00]
 [-2.8097495e-02  2.5668812e-01  8.9439481e-01]
 [ 7.6638937e-02  3.3099133e-01  6.8935561e-01]
 [-2.6415506e-02 -3.6416143e-02  1.2474775e+00]
 [-2.3762137e-01 -1.6490126e-01  1.2559345e+00]
 [-1.9892675e-01 -2.9959393e-01  1.3224016e+00]]
[[ 0.          0.          0.83509326]
 [ 0.00783949 -0.10287724  0.8386016 ]
 [ 0.19503328  0.00923377  0.5127897 ]
 [ 0.06026885 -0.03758186  0.10085273]
 [ 0.22767599  0.02812934  0.        ]
 [-0.00790012  0.10280988  0.8317849 ]
 [ 0.13111678 -0.03778806  0.49176168]
 [-0.33559272 -0.17249545  0.5699085 ]
 [-0.4667402  -0.11454549  0.49417228]
 [-0.00230302  0.07407834  1.0484579 ]
 [-0.00866078  0.1017496   1.2969694 ]
 [ 0.08254468  0.07645613  1.4016643 ]
 [ 0.02085492  0.0663296   1.4957677 ]
 [-0.04741323  0.20906085  1.219305  ]
 [-0.09743306  0.25543642  0.95884526]
 [-0.06229335  0.33203548  0.7269749 ]
 [-0.01937771 -0.0346756   1.2898718 ]
 [-0.19649233 -0.20588198  1.349961  ]
 [-0.07282808 -0.31180698  1.4418541 ]]
[[ 0.          0.          0.80921537]
 [-0.00270727 -0.10464341  0.8031371 ]
 [ 0.07767385 -0.01243767  0.45932525]
 [-0.15204619 -0.00712913  0.13057023]
 [-0.00449452  0.07583183  0.        ]
 [ 0.00249562  0.10447232  0.81515723]
 [ 0.2396819  -0.1091395   0.5677115 ]
 [-0.19510221 -0.22129604  0.46905136]
 [-0.2549644  -0.20314378  0.346318  ]
 [-0.02053832  0.05459008  1.0332494 ]
 [-0.03961656  0.06853274  1.288315  ]
 [ 0.05747592  0.0489834   1.3865676 ]
 [ 0.0040977   0.03804404  1.4842665 ]
 [-0.09134153  0.191594    1.218598  ]
 [-0.16193897  0.26635003  0.9762503 ]
 [-0.16252625  0.34581983  0.7311594 ]
 [-0.03448074 -0.07995525  1.2727337 ]
 [-0.05565348 -0.3213127   1.3649515 ]
 [ 0.09085354 -0.28732467  1.4386632 ]]
[[ 0.0000000e+00  0.0000000e+00  6.7845261e-01]
 [-6.9955736e-03 -1.1076558e-01  6.6835922e-01]
 [-3.7505068e-03 -3.1516612e-02  3.1437933e-01]
 [-3.2629538e-01 -1.0128617e-03  1.6944110e-01]
 [-2.6126862e-01  8.2110941e-02  0.0000000e+00]
 [ 6.6661239e-03  1.1048086e-01  6.8810004e-01]
 [ 2.8535366e-01 -1.6179028e-01  5.0701654e-01]
 [ 5.5335015e-02 -2.9962069e-01  1.5006691e-01]
 [ 1.7396751e-01 -3.5349333e-01  4.2604923e-02]
 [-2.4261091e-02  2.9751226e-02  9.1238534e-01]
 [-4.7069676e-02  2.7459502e-02  1.1676553e+00]
 [ 5.2810144e-02  3.0561924e-02  1.2632310e+00]
 [ 2.9881727e-03  1.2630045e-02  1.3714997e+00]
 [-1.0587676e-01  1.5548569e-01  1.1060061e+00]
 [-1.8912330e-01  2.3379228e-01  8.8581359e-01]
 [-1.7782933e-01  3.1633550e-01  6.6453648e-01]
 [-1.9999407e-02 -1.2654084e-01  1.1416228e+00]
 [ 3.6951587e-02 -3.3856815e-01  1.1307390e+00]
 [ 2.1457848e-01 -2.3809308e-01  1.1816180e+00]]
[[ 0.00000000e+00  0.00000000e+00  6.60773337e-01]
 [ 4.10377234e-03 -1.05862640e-01  6.54479623e-01]
 [ 4.87496518e-02  1.10014379e-02  3.18117231e-01]
 [-3.39160621e-01  1.10379457e-02  3.65674764e-01]
 [-3.70426595e-01  1.00832820e-01  2.22385228e-01]
 [-4.28055972e-03  1.05537765e-01  6.66583896e-01]
 [ 2.85230547e-01 -5.99452257e-02  4.39722359e-01]
 [ 3.35139275e-01 -2.22459555e-01  2.88153887e-02]
 [ 5.29760599e-01 -2.72926807e-01  0.00000000e+00]
 [-1.58610083e-02  2.79760957e-02  8.96946192e-01]
 [-3.30998972e-02  1.98967755e-02  1.15170097e+00]
 [ 6.30985647e-02  2.26292014e-02  1.25290847e+00]
 [ 2.01369636e-03  1.57165527e-02  1.35844135e+00]
 [-9.13508981e-02  1.46916866e-01  1.10115051e+00]
 [-1.67537719e-01  2.57760853e-01  8.89405668e-01]
 [-9.23864245e-02  3.08045775e-01  6.95862293e-01]
 [ 4.81013209e-04 -1.20901734e-01  1.11619735e+00]
 [ 6.60756230e-02 -2.70907819e-01  9.67810690e-01]
 [ 2.49764740e-01 -1.42409772e-01  9.33895350e-01]]
[[ 0.0000000e+00  0.0000000e+00  6.9656211e-01]
 [ 1.2665875e-02 -1.0775552e-01  6.9590598e-01]
 [ 7.6747686e-02 -3.2982230e-04  3.8712013e-01]
 [-2.9971296e-01 -2.7198404e-02  5.1021403e-01]
 [-3.7768313e-01  8.7134004e-02  4.2798531e-01]
 [-1.2784883e-02  1.0743043e-01  6.9679785e-01]
 [ 2.1668106e-01 -1.5860289e-02  3.8613155e-01]
 [ 3.6754853e-01 -1.6623002e-01  0.0000000e+00]
 [ 5.5095971e-01 -1.9619972e-01  3.0630827e-04]
 [-1.3774231e-02  3.1915992e-02  9.3178415e-01]
 [-2.9579207e-02  2.4136603e-02  1.1850998e+00]
 [ 5.7276700e-02  2.7673542e-02  1.2909787e+00]
 [-1.7530844e-03  1.5642524e-02  1.3917813e+00]
 [-8.5825443e-02  1.5313354e-01  1.1401720e+00]
 [-1.2324351e-01  2.9809415e-01  9.3609679e-01]
 [ 6.8846941e-03  3.6832181e-01  8.1939995e-01]
 [-3.3803042e-03 -1.1033258e-01  1.1422342e+00]
 [ 9.5296279e-03 -2.6203036e-01  9.3459809e-01]
 [ 1.8861043e-01 -1.5573430e-01  8.3100021e-01]]
[[ 0.          0.          0.77554286]
 [ 0.01214756 -0.11393438  0.7753158 ]
 [ 0.12853558 -0.04531738  0.50359136]
 [-0.25724965 -0.0977236   0.62615734]
 [-0.355401    0.01800779  0.55043143]
 [-0.01228611  0.11365964  0.77549386]
 [ 0.17236501  0.01789758  0.42917448]
 [ 0.24478135 -0.11415565  0.02275491]
 [ 0.42830503 -0.13171756  0.        ]
 [-0.01897071  0.0323447   1.0097172 ]
 [-0.03780651  0.02821821  1.2613966 ]
 [ 0.04323118  0.03033406  1.3695204 ]
 [-0.01510085  0.01803315  1.4663153 ]
 [-0.08266601  0.16041198  1.2207334 ]
 [-0.08218607  0.33711177  1.0227567 ]
 [ 0.06309139  0.4013908   1.0000992 ]
 [-0.02596524 -0.106208    1.2108116 ]
 [-0.03709252 -0.25423265  0.9795892 ]
 [ 0.11154395 -0.1609579   0.83935344]]
[[ 0.          0.          0.83545196]
 [ 0.00556315 -0.12270992  0.83127975]
 [ 0.19572753 -0.10964696  0.60043395]
 [-0.18093504 -0.16063614  0.7350632 ]
 [-0.28234968 -0.05580354  0.6331368 ]
 [-0.00575081  0.12252783  0.83956844]
 [ 0.11396581  0.03970599  0.47267628]
 [ 0.03352463 -0.05474371  0.05684447]
 [ 0.20318002 -0.06560588  0.        ]
 [-0.02142976  0.0354653   1.071598  ]
 [-0.04806487  0.02950984  1.3238544 ]
 [ 0.03344694  0.02505851  1.4351232 ]
 [-0.02536118  0.0129115   1.5236158 ]
 [-0.07161501  0.17554095  1.2919412 ]
 [-0.04467961  0.38717735  1.1242527 ]
 [ 0.0939296   0.41642255  1.2003922 ]
 [-0.05238971 -0.11697534  1.2776816 ]
 [-0.10255856 -0.2883937   1.0627886 ]
 [ 0.01098575 -0.20273536  0.91577995]]
[[ 0.          0.          0.7914693 ]
 [ 0.00842518 -0.12454184  0.7869913 ]
 [ 0.27422392 -0.1977722   0.63443077]
 [-0.08587096 -0.24840587  0.6319585 ]
 [-0.15880384 -0.19283038  0.4885647 ]
 [-0.00864789  0.12438843  0.79608315]
 [ 0.04777912  0.08091241  0.39102527]
 [-0.21801206  0.06378305  0.10471553]
 [-0.11702666  0.10437053  0.        ]
 [-0.0343929   0.03334261  1.02775   ]
 [-0.07016525  0.03149429  1.27841   ]
 [ 0.01718826  0.0166558   1.4019513 ]
 [-0.04275803 -0.00272256  1.4699371 ]
 [-0.07824273  0.18575746  1.2593277 ]
 [-0.03986207  0.3886417   1.150088  ]
 [ 0.06235582  0.37686682  1.3341076 ]
 [-0.08943902 -0.12022227  1.2421997 ]
 [-0.17212225 -0.28780293  1.0825684 ]
 [-0.10547986 -0.27140582  1.1252754 ]]
[[ 0.0000000e+00  0.0000000e+00  5.6013566e-01]
 [ 4.2066909e-03 -1.2172180e-01  5.6074286e-01]
 [ 3.0315238e-01 -2.1867181e-01  5.2028763e-01]
 [ 1.4134625e-01 -3.4907144e-01  1.6193920e-01]
 [ 2.7531019e-01 -3.5501808e-01  5.3219855e-02]
 [-4.3687783e-03  1.2164768e-01  5.5996972e-01]
 [ 3.9949395e-02  1.0831657e-01  1.6012266e-01]
 [-3.5696256e-01  5.5249423e-02  1.4175764e-01]
 [-4.3527272e-01  7.8723848e-02  0.0000000e+00]
 [-3.1229049e-02  3.6034405e-02  7.9416335e-01]
 [-7.0430860e-02  4.1308701e-02  1.0483954e+00]
 [ 3.3691637e-02  7.3989630e-03  1.1308975e+00]
 [-1.7050982e-02 -1.8095970e-04  1.2317193e+00]
 [-3.9604604e-02  1.6768467e-01  1.0288243e+00]
 [ 7.9651013e-02  2.3555952e-01  1.1251378e+00]
 [ 1.7870545e-01  1.7386878e-01  1.2863106e+00]
 [-1.2773977e-01 -8.4989905e-02  1.0343696e+00]
 [-2.7839747e-01 -2.3210117e-01  1.0737081e+00]
 [-2.5693426e-01 -3.1008333e-01  1.2368088e+00]]
[[ 0.00000000e+00  0.00000000e+00  4.66549128e-01]
 [ 3.37684155e-03 -1.12875029e-01  4.66700524e-01]
 [ 3.12449872e-01 -1.93802282e-01  4.42864895e-01]
 [ 2.93947399e-01 -3.22045088e-01  5.25880754e-02]
 [ 4.55670893e-01 -3.28320831e-01  0.00000000e+00]
 [-3.48341092e-03  1.12763502e-01  4.66996461e-01]
 [ 5.77967726e-02  1.09310031e-01  7.57834017e-02]
 [-3.25921476e-01  1.80400014e-02  1.30658120e-01]
 [-4.41105783e-01  6.39759898e-02  3.82241905e-02]
 [-2.19470747e-02  3.26523483e-02  7.00441182e-01]
 [-5.10314479e-02  3.95040810e-02  9.54311252e-01]
 [ 5.77338226e-02  1.00113750e-02  1.02205253e+00]
 [ 2.31833179e-02  2.37047672e-04  1.12989688e+00]
 [-2.29034051e-02  1.44943565e-01  9.36803341e-01]
 [ 9.90394503e-02  1.79934084e-01  1.02397692e+00]
 [ 2.36962259e-01  1.09323442e-01  1.17348552e+00]
 [-1.03765324e-01 -7.26842880e-02  9.49498177e-01]
 [-2.06875414e-01 -2.31760204e-01  1.08141506e+00]
 [-1.43345848e-01 -2.86176860e-01  1.26862478e+00]]
[[ 0.00000000e+00  0.00000000e+00  3.87495697e-01]
 [ 1.53362751e-03 -1.04534045e-01  3.85280669e-01]
 [ 3.17901611e-01 -1.70093954e-01  3.38689804e-01]
 [ 4.59753513e-01 -2.82643825e-01  0.00000000e+00]
 [ 6.12153590e-01 -2.95859098e-01  1.83422267e-02]
 [-1.57765299e-03  1.04340330e-01  3.90356660e-01]
 [ 1.22612864e-01  9.07793939e-02  4.39449251e-02]
 [-2.43652046e-01 -5.89736700e-02  1.03903711e-01]
 [-3.52487326e-01 -1.67787075e-04  4.33669686e-02]
 [-3.13832052e-03  2.97832489e-02  6.20470941e-01]
 [-7.67509267e-03  3.28592658e-02  8.71626496e-01]
 [ 1.08558968e-01 -4.80186939e-03  9.10062253e-01]
 [ 9.45983976e-02 -1.02328658e-02  1.02121449e+00]
 [ 9.76631790e-03  1.32098824e-01  8.57941628e-01]
 [ 1.78036034e-01  1.64326638e-01  9.01626587e-01]
 [ 3.34113747e-01  5.41899204e-02  1.02572346e+00]
 [-5.21304831e-02 -8.21286440e-02  8.71185303e-01]
 [-5.86334206e-02 -2.58503854e-01  1.05809522e+00]
 [ 6.59230351e-02 -2.80651808e-01  1.22415543e+00]]
[[ 0.          0.          0.35580754]
 [ 0.00331422 -0.10851754  0.35724378]
 [ 0.32723016 -0.18786176  0.29899812]
 [ 0.55760837 -0.26871678  0.0046021 ]
 [ 0.7041788  -0.28954518  0.05789706]
 [-0.00329491  0.10833861  0.35495612]
 [ 0.20433691  0.12814902  0.08501479]
 [-0.14971027  0.01665342  0.08890688]
 [-0.20843697  0.06651592  0.        ]
 [ 0.01127226  0.02820551  0.58497703]
 [ 0.02704176  0.02794072  0.8305929 ]
 [ 0.1440196  -0.00269333  0.84448206]
 [ 0.15015371 -0.00846034  0.9604254 ]
 [ 0.02905732  0.1369394   0.8185406 ]
 [ 0.21800418  0.20643494  0.80527914]
 [ 0.37935486  0.07369661  0.8638066 ]
 [-0.0150479  -0.09687924  0.8296877 ]
 [ 0.06264079 -0.26768807  1.0263047 ]
 [ 0.23148376 -0.2732424   1.161478  ]]
[[ 0.          0.          0.43328953]
 [ 0.00688095 -0.12134507  0.43084458]
 [ 0.3421035  -0.18996368  0.36759973]
 [ 0.6605631  -0.1844041   0.14464158]
 [ 0.78603166 -0.22387406  0.22541434]
 [-0.00682055  0.1212769   0.4361428 ]
 [ 0.29690707  0.17956136  0.310673  ]
 [ 0.10151905  0.18348064  0.09475404]
 [ 0.21252935  0.21710995  0.        ]
 [ 0.03357469  0.03279899  0.6467663 ]
 [ 0.08506466  0.0415028   0.8751093 ]
 [ 0.2174226   0.0182977   0.86727417]
 [ 0.2459206   0.00640923  0.9750725 ]
 [ 0.06510499  0.16619548  0.86115205]
 [ 0.2792626   0.2263788   0.7612084 ]
 [ 0.4107575   0.10790461  0.6410252 ]
 [ 0.05934088 -0.09556547  0.85686666]
 [ 0.25373363 -0.25516945  1.0062021 ]
 [ 0.4838664  -0.21349758  1.0799441 ]]
[[ 0.          0.          0.38145426]
 [ 0.00613115 -0.12080483  0.37514886]
 [ 0.35613024 -0.19175625  0.31263953]
 [ 0.70264447 -0.12674707  0.13932675]
 [ 0.8135328  -0.17931172  0.22964159]
 [-0.00606151  0.12076911  0.38797247]
 [ 0.31976467  0.17526954  0.3393973 ]
 [ 0.31694353  0.21876639  0.03107458]
 [ 0.4861424   0.23045689  0.        ]
 [ 0.05985735  0.03187932  0.5823253 ]
 [ 0.14645301  0.04172018  0.7870631 ]
 [ 0.28702217  0.02287167  0.758016  ]
 [ 0.32843423  0.00983125  0.86227155]
 [ 0.11665424  0.16762233  0.77200603]
 [ 0.28491938  0.24399512  0.6125159 ]
 [ 0.39035368  0.17664805  0.42387605]
 [ 0.13121581 -0.08851549  0.7762196 ]
 [ 0.39368972 -0.22078869  0.8308439 ]
 [ 0.6280148  -0.15668774  0.83423525]]
[[ 0.          0.          0.29413942]
 [ 0.01047835 -0.11379425  0.28680968]
 [ 0.36134204 -0.16086563  0.20705956]
 [ 0.7294272  -0.06267729  0.09645954]
 [ 0.8312241  -0.1235621   0.20635048]
 [-0.0103811   0.1136482   0.3015377 ]
 [ 0.3486179   0.17602023  0.28866813]
 [ 0.5328637   0.17050311  0.        ]
 [ 0.7103232   0.16847496  0.05644961]
 [ 0.09595308  0.0193579   0.47195396]
 [ 0.22504419  0.03184569  0.64348733]
 [ 0.36578158  0.01672897  0.60076344]
 [ 0.40046263  0.00564414  0.7092118 ]
 [ 0.16798735  0.15504593  0.6328889 ]
 [ 0.18298659  0.25847474  0.4511475 ]
 [ 0.15153155  0.23098788  0.25026023]
 [ 0.22573611 -0.09316799  0.6352409 ]
 [ 0.44775432 -0.2123853   0.557834  ]
 [ 0.6384189  -0.12766045  0.43339238]]
[[ 0.          0.          0.23998263]
 [ 0.01538847 -0.11235492  0.23595577]
 [ 0.34150222 -0.14585823  0.1427179 ]
 [ 0.6822748  -0.01900165  0.06319046]
 [ 0.77361894 -0.09257719  0.16791698]
 [-0.0153221   0.11218051  0.2440168 ]
 [ 0.36639985  0.18560883  0.20553026]
 [ 0.65041167  0.15230808  0.        ]
 [ 0.80936265  0.14318404  0.10852718]
 [ 0.1008811   0.00153056  0.39495078]
 [ 0.24480984  0.01291075  0.52141285]
 [ 0.3816608  -0.00258423  0.45805657]
 [ 0.42817757 -0.01171455  0.56552595]
 [ 0.16309527  0.12851942  0.5291889 ]
 [ 0.02150338  0.17628625  0.37192836]
 [-0.11823824  0.18574476  0.18433863]
 [ 0.26417407 -0.1090337   0.5118892 ]
 [ 0.38586643 -0.23465958  0.32050067]
 [ 0.52212894 -0.17116857  0.1672329 ]]
[[ 0.          0.          0.22641137]
 [ 0.02121484 -0.11067756  0.21650118]
 [ 0.36099207 -0.1448246   0.15367389]
 [ 0.633109    0.01934145  0.08322397]
 [ 0.7366706  -0.04630065  0.1646839 ]
 [-0.02124652  0.11059013  0.23618029]
 [ 0.38108152  0.19251725  0.22103164]
 [ 0.6571922   0.17647725  0.        ]
 [ 0.82170707  0.17412531  0.06995952]
 [ 0.09107827 -0.00750625  0.36900437]
 [ 0.22239584 -0.00807048  0.4695279 ]
 [ 0.3481218  -0.01445296  0.40657154]
 [ 0.40665177 -0.03767698  0.4996356 ]
 [ 0.13055189  0.10527894  0.51089764]
 [-0.07670264  0.15702668  0.4416575 ]
 [-0.23158577  0.21231173  0.3031447 ]
 [ 0.25616568 -0.11740699  0.44209272]
 [ 0.32927957 -0.2168254   0.23578762]
 [ 0.4176596  -0.18301174  0.09021065]]
[[ 0.          0.          0.22425   ]
 [ 0.02810699 -0.10500039  0.20826644]
 [ 0.37652752 -0.12279098  0.19855347]
 [ 0.60330987  0.10181983  0.10706005]
 [ 0.7256243   0.06689353  0.13405879]
 [-0.02810251  0.10497946  0.24012591]
 [ 0.37355983  0.19349992  0.26567864]
 [ 0.58984214  0.2231453   0.        ]
 [ 0.75935566  0.22644037  0.02118416]
 [ 0.06212101 -0.03773242  0.3454771 ]
 [ 0.15727335 -0.07650331  0.4432745 ]
 [ 0.27638942 -0.06637715  0.38364393]
 [ 0.33664596 -0.10173748  0.46803474]
 [ 0.06802622  0.02845508  0.514567  ]
 [-0.16948365  0.08579057  0.5388226 ]
 [-0.3668174   0.10454755  0.43517327]
 [ 0.19351044 -0.17344013  0.39990145]
 [ 0.2280767  -0.29866922  0.20783213]
 [ 0.31717902 -0.27609167  0.04754867]]
[[ 0.          0.          0.1752418 ]
 [ 0.03654613 -0.10227666  0.16161776]
 [ 0.41375864 -0.09329256  0.24877691]
 [ 0.54194295  0.1655435   0.08225131]
 [ 0.6575781   0.180372    0.06696218]
 [-0.03650558  0.10229161  0.18874101]
 [ 0.3451692   0.23420791  0.26074284]
 [ 0.47196805  0.26602772  0.        ]
 [ 0.6380328   0.2813698   0.00289562]
 [ 0.03732745 -0.02435882  0.30214298]
 [ 0.09636281 -0.06732573  0.41755736]
 [ 0.21708056 -0.04387236  0.38104495]
 [ 0.2621404  -0.09212385  0.4660907 ]
 [ 0.01036431  0.03058988  0.5020288 ]
 [-0.20025477  0.08483377  0.5837468 ]
 [-0.38805634  0.12228981  0.5085627 ]
 [ 0.13218644 -0.16024935  0.35857683]
 [ 0.14193302 -0.31577983  0.19878843]
 [ 0.24389294 -0.32279223  0.0542112 ]]
[[ 0.          0.          0.06606761]
 [ 0.04664548 -0.07884482  0.04877574]
 [ 0.3608637  -0.12513784  0.33753738]
 [ 0.35496813  0.0658819   0.06177168]
 [ 0.41919464  0.106562    0.04448472]
 [-0.04662885  0.07900795  0.08349305]
 [ 0.27515334  0.29325682  0.29304403]
 [ 0.21361049  0.39887545  0.00657246]
 [ 0.28693482  0.4633173   0.        ]
 [-0.04644157 -0.06341796  0.19877353]
 [-0.08478826 -0.11738941  0.35914725]
 [ 0.05120642 -0.10875277  0.4011638 ]
 [-0.03620965 -0.14770526  0.45029727]
 [-0.15263939 -0.00868389  0.37701866]
 [-0.09775233  0.128243    0.27750584]
 [ 0.1687381   0.02244838  0.2553401 ]
 [-0.02471695 -0.20172857  0.3110056 ]
 [ 0.08944675 -0.22963107  0.15388143]
 [ 0.07729492 -0.23542894  0.30460715]]
[[ 0.          0.          0.01432812]
 [ 0.06265095 -0.07145231  0.00705782]
 [ 0.3412246  -0.12296949  0.3526506 ]
 [ 0.30014646  0.0137809   0.06965959]
 [ 0.31438714  0.08989453  0.05978143]
 [-0.06262125  0.07146019  0.02169873]
 [ 0.26998878  0.32428747  0.27468553]
 [ 0.11120102  0.45072448  0.        ]
 [ 0.18180573  0.5271871   0.00620824]
 [-0.06531056 -0.05671619  0.12038955]
 [-0.13023558 -0.13709876  0.26046157]
 [-0.00278394 -0.09020218  0.3074177 ]
 [-0.06851967 -0.15289512  0.37144288]
 [-0.2192485  -0.04687253  0.2826987 ]
 [-0.24982584 -0.01685435  0.3466359 ]
 [-0.2523049  -0.10783088  0.35188174]
 [-0.05590244 -0.21523832  0.19884449]
 [ 0.01314901 -0.33007494  0.05082083]
 [ 0.25296706 -0.3151306   0.08994965]]
[[ 0.          0.          0.02956173]
 [ 0.05670419 -0.07387529  0.02376196]
 [ 0.36719292 -0.13146055  0.32673317]
 [ 0.37418398 -0.0021007   0.10982713]
 [ 0.41851348  0.044167    0.12039334]
 [-0.05665985  0.07389329  0.03558944]
 [ 0.28394425  0.32212013  0.2820477 ]
 [ 0.0831448   0.41107407  0.        ]
 [ 0.13389283  0.48585904  0.00170881]
 [-0.0682497  -0.05376108  0.1332331 ]
 [-0.13151953 -0.11894885  0.26858014]
 [ 0.00308385 -0.09837233  0.32093155]
 [-0.07712439 -0.14839299  0.37566403]
 [-0.20974067 -0.01794451  0.28873566]
 [-0.1538421   0.01761287  0.284691  ]
 [-0.07128638 -0.09701131  0.273199  ]
 [-0.06373249 -0.20082814  0.20995705]
 [ 0.02415551 -0.29706687  0.07076217]
 [ 0.23480156 -0.199254    0.15866001]]
[[ 0.          0.          0.04685518]
 [ 0.04539309 -0.07726256  0.03443583]
 [ 0.3876068  -0.14914826  0.2509891 ]
 [ 0.50337934 -0.01239786  0.17323086]
 [ 0.5961237  -0.02172468  0.20918071]
 [-0.04539209  0.07730278  0.0596979 ]
 [ 0.30360645  0.2801113   0.2733174 ]
 [ 0.06847142  0.3833542   0.00675315]
 [ 0.10081734  0.45091352  0.        ]
 [-0.06494549 -0.05428588  0.15132764]
 [-0.12071936 -0.12069491  0.29635414]
 [ 0.01916201 -0.12041013  0.35319796]
 [-0.07057349 -0.15938443  0.4113239 ]
 [-0.17141321 -0.01114631  0.3144464 ]
 [-0.04929216 -0.02489612  0.2686649 ]
 [ 0.04976254 -0.13454622  0.23193738]
 [-0.07565952 -0.20351493  0.23147097]
 [ 0.0111981  -0.31116164  0.08892523]
 [ 0.23303711 -0.31727225  0.14030138]]
[[ 0.          0.          0.04060155]
 [ 0.03513693 -0.07880355  0.01876345]
 [ 0.39027148 -0.16062346  0.21033475]
 [ 0.5435933  -0.00299018  0.17206928]
 [ 0.64239573 -0.02183616  0.21566242]
 [-0.03514579  0.07885156  0.06296606]
 [ 0.32381576  0.24282591  0.2641804 ]
 [ 0.07399726  0.3261734   0.00644872]
 [ 0.11494502  0.3751031   0.        ]
 [-0.06524675 -0.07222625  0.1492842 ]
 [-0.11934195 -0.15490162  0.3029877 ]
 [ 0.02192409 -0.16011374  0.36240357]
 [-0.06567116 -0.18375747  0.42666712]
 [-0.14958096 -0.03547192  0.32211006]
 [ 0.02106781 -0.02712344  0.27956462]
 [ 0.07891856 -0.18738385  0.21679881]
 [-0.09980094 -0.24030086  0.22814572]
 [-0.0551542  -0.36457363  0.0633966 ]
 [ 0.22662044 -0.3601511   0.10005599]]
[[ 0.          0.          0.05422272]
 [-0.01229648 -0.07073883  0.00077682]
 [ 0.33411473 -0.1925515   0.14613396]
 [ 0.5106893   0.06257419  0.0719745 ]
 [ 0.6087506   0.00487163  0.12176408]
 [ 0.01253393  0.07072081  0.1082724 ]
 [ 0.32702816  0.05008379  0.22046372]
 [ 0.18309042  0.22326285  0.01044473]
 [ 0.23808008  0.19970886  0.        ]
 [-0.06703962 -0.13491176  0.1831848 ]
 [-0.11723974 -0.28012046  0.3526135 ]
 [ 0.02535163 -0.31225747  0.400173  ]
 [-0.05794115 -0.3094843   0.4563368 ]
 [-0.07014222 -0.15227641  0.3726079 ]
 [ 0.11799148 -0.1595065   0.26787508]
 [ 0.16294119 -0.33253902  0.1689915 ]
 [-0.1714533  -0.345623    0.27516824]
 [-0.25233674 -0.3215009   0.02605368]
 [ 0.14172935 -0.48090097  0.05560561]]
[[ 0.          0.          0.12683588]
 [-0.02807629 -0.05026175  0.05381574]
 [ 0.29592156 -0.2045983   0.12854704]
 [ 0.32471517  0.23534527  0.08739415]
 [ 0.3711442   0.183423    0.13280779]
 [ 0.02814391  0.0503596   0.20051308]
 [ 0.38017148 -0.08501913  0.2669515 ]
 [ 0.3029537   0.08748616  0.09476222]
 [ 0.3445711   0.04368078  0.05395751]
 [-0.07553911 -0.14771985  0.2529255 ]
 [-0.13710622 -0.3053677   0.41169536]
 [ 0.00211699 -0.35271195  0.44277984]
 [-0.07866547 -0.351507    0.5061884 ]
 [-0.05682217 -0.21305908  0.44654015]
 [ 0.10367747 -0.19251874  0.3600992 ]
 [ 0.1843395  -0.31064877  0.2817079 ]
 [-0.21304291 -0.33174238  0.33490044]
 [-0.31147188 -0.3405091   0.10352156]
 [-0.37496847 -0.5863313   0.        ]]
[[ 0.          0.          0.1422    ]
 [-0.03629825 -0.04570162  0.06727994]
 [ 0.25545913 -0.19843222  0.08785347]
 [ 0.32180774  0.25597572  0.06050622]
 [ 0.36542535  0.20248416  0.12732661]
 [ 0.036357    0.04579329  0.21772525]
 [ 0.37931082 -0.13284816  0.2619754 ]
 [ 0.3629758   0.02624541  0.10435206]
 [ 0.41676897 -0.02840604  0.07345271]
 [-0.07537185 -0.14003341  0.26623094]
 [-0.14308742 -0.2992663   0.41943187]
 [-0.01455475 -0.34787518  0.45180944]
 [-0.08952305 -0.3442542   0.5137266 ]
 [-0.05113177 -0.21726711  0.4517787 ]
 [ 0.10893545 -0.20947693  0.36969087]
 [ 0.17792279 -0.33379883  0.2952253 ]
 [-0.22855583 -0.31404597  0.34498444]
 [-0.3416945  -0.30324292  0.10921699]
 [-0.39609748 -0.5550262   0.        ]]
[[ 0.          0.          0.14885813]
 [-0.04358309 -0.04247434  0.07477163]
 [ 0.22007328 -0.18479215  0.04879091]
 [ 0.318784    0.26135772  0.02644911]
 [ 0.37669322  0.19866301  0.10229599]
 [ 0.04362144  0.04255591  0.22359926]
 [ 0.3673855  -0.16789298  0.24160531]
 [ 0.41529423 -0.03576452  0.09263556]
 [ 0.4701369  -0.10084894  0.06674913]
 [-0.08188988 -0.15254697  0.2674257 ]
 [-0.15863164 -0.32062924  0.41761786]
 [-0.03890596 -0.3734376   0.45185062]
 [-0.11180548 -0.36271572  0.50938165]
 [-0.05784261 -0.24681097  0.4477532 ]
 [ 0.10031819 -0.25051078  0.36213714]
 [ 0.16578004 -0.3838418   0.29359147]
 [-0.2500717  -0.32535723  0.344747  ]
 [-0.36374858 -0.28858626  0.10859266]
 [-0.42485952 -0.5320213   0.        ]]
[[ 0.          0.          0.16445482]
 [-0.05144392 -0.04087223  0.09285462]
 [ 0.18949068 -0.16825299  0.02385616]
 [ 0.31158647  0.27810252  0.01274523]
 [ 0.37245467  0.2057984   0.09753531]
 [ 0.05142884  0.04097559  0.23668648]
 [ 0.36357412 -0.17936206  0.2528434 ]
 [ 0.44894826 -0.0863367   0.10597254]
 [ 0.50881994 -0.15680015  0.07788493]
 [-0.08165331 -0.14123787  0.28539026]
 [-0.16245827 -0.30600387  0.43755037]
 [-0.05430233 -0.35997805  0.47491467]
 [-0.12216131 -0.35004938  0.53049076]
 [-0.05225939 -0.24024576  0.46519226]
 [ 0.10281023 -0.26619843  0.3851371 ]
 [ 0.16436496 -0.40275002  0.32224128]
 [-0.25985813 -0.30375183  0.3647558 ]
 [-0.3829004  -0.27736506  0.12873408]
 [-0.46035877 -0.51106524  0.        ]]
[[ 0.          0.          0.19429229]
 [-0.06143988 -0.04050738  0.12921837]
 [ 0.13423233 -0.14466235  0.        ]
 [ 0.2688976   0.30257595  0.05198449]
 [ 0.2925664   0.2211644   0.15364535]
 [ 0.06134354  0.040604    0.26006743]
 [ 0.31618193 -0.192209    0.30848193]
 [ 0.4482354  -0.13623528  0.1312486 ]
 [ 0.52815354 -0.22214782  0.09456898]
 [-0.09224942 -0.12582102  0.32550585]
 [-0.19089517 -0.28172255  0.4878801 ]
 [-0.12215088 -0.34758896  0.53521675]
 [-0.17026816 -0.32540035  0.5808676 ]
 [-0.07036315 -0.22068049  0.5150386 ]
 [ 0.09361124 -0.22322871  0.45469475]
 [ 0.15754479 -0.37666506  0.4006343 ]
 [-0.2925886  -0.27281573  0.41315675]
 [-0.4165324  -0.2259086   0.18385611]
 [-0.5072851  -0.3891842   0.04481332]]
[[ 0.          0.          0.22570246]
 [-0.07040447 -0.0387365   0.16436975]
 [ 0.08195807 -0.1033175   0.        ]
 [ 0.1995657   0.3409679   0.01736607]
 [ 0.23787026  0.2758832   0.07925753]
 [ 0.07027065  0.03885069  0.28756383]
 [ 0.26895    -0.26859644  0.33326662]
 [ 0.4340139  -0.22496149  0.1391935 ]
 [ 0.52242005 -0.3143093   0.11173965]
 [-0.09114936 -0.10396789  0.36776185]
 [-0.19042742 -0.24978785  0.5395105 ]
 [-0.14717132 -0.30962476  0.58875424]
 [-0.18968105 -0.29203048  0.6345879 ]
 [-0.0658014  -0.19912949  0.5627347 ]
 [ 0.09651554 -0.22098279  0.50599056]
 [ 0.16780156 -0.37400168  0.44908082]
 [-0.30292183 -0.2359191   0.46683463]
 [-0.43290195 -0.17509873  0.23612756]
 [-0.54336196 -0.31932768  0.0614351 ]]
[[ 0.          0.          0.27396953]
 [-0.07273775 -0.03659679  0.21689141]
 [ 0.0131255  -0.0673157   0.        ]
 [ 0.10938183  0.32179326  0.19008715]
 [ 0.14106694  0.27975118  0.209729  ]
 [ 0.0725139   0.03667697  0.33147696]
 [ 0.1665715  -0.32717255  0.39424112]
 [ 0.33276227 -0.31841186  0.12433016]
 [ 0.43563938 -0.42115346  0.09876032]
 [-0.09155226 -0.06899971  0.4392748 ]
 [-0.19606578 -0.18328989  0.6354848 ]
 [-0.18310463 -0.25607455  0.7031467 ]
 [-0.2114925  -0.2246156   0.74466836]
 [-0.06910326 -0.13926482  0.6580113 ]
 [ 0.07079954 -0.19323376  0.5932709 ]
 [ 0.1414702  -0.35534027  0.52694654]
 [-0.3118714  -0.16966891  0.565428  ]
 [-0.43353724 -0.09381723  0.339244  ]
 [-0.56443477 -0.17260931  0.13335896]]
[[ 0.          0.          0.27315557]
 [-0.08575696 -0.03182186  0.22518705]
 [-0.03314392 -0.02939281  0.        ]
 [ 0.08376761  0.38988724  0.04010844]
 [ 0.10556731  0.34721237  0.0345327 ]
 [ 0.08554062  0.03193653  0.32147425]
 [ 0.14349201 -0.3496873   0.39466262]
 [ 0.29260126 -0.45262533  0.09078103]
 [ 0.39313692 -0.5752245   0.07158998]
 [-0.08242232 -0.05858751  0.44531578]
 [-0.18374674 -0.16355407  0.64574015]
 [-0.20217487 -0.23689122  0.70386684]
 [-0.21332705 -0.2126531   0.74810433]
 [-0.04709155 -0.13541457  0.659428  ]
 [ 0.09539458 -0.21343194  0.5871711 ]
 [ 0.15542531 -0.37993804  0.52716887]
 [-0.3051682  -0.1395035   0.576887  ]
 [-0.43442935 -0.03449322  0.35454345]
 [-0.56219465 -0.09367418  0.15016899]]
