[[ 0.          0.          0.7534009 ]
 [ 0.10346939  0.05914897  0.7686279 ]
 [ 0.04732404  0.3068393   0.4463333 ]
 [ 0.16212523  0.15694302  0.05806428]
 [ 0.07010967  0.27265525  0.        ]
 [-0.1035075  -0.05906695  0.73784083]
 [-0.1780287   0.05708376  0.36494797]
 [ 0.05883649 -0.35191536  0.45403922]
 [ 0.16480327 -0.32997352  0.40964866]
 [ 0.00739153  0.10666054  0.95406747]
 [-0.00585695  0.20411885  1.1833613 ]
 [-0.07108349  0.289908    1.2411504 ]
 [-0.0467886   0.2737338   1.358688  ]
 [-0.14959946  0.1455577   1.1655136 ]
 [-0.22456527  0.00955109  0.93986833]
 [-0.222536    0.07943388  0.69806296]
 [ 0.14108506  0.22499692  1.111825  ]
 [ 0.12433639  0.28742445  0.8351008 ]
 [-0.0095697   0.37667078  0.707535  ]]
[[ 0.          0.          0.73922855]
 [ 0.11319423  0.06121824  0.74608696]
 [ 0.16662621  0.23321977  0.39146772]
 [ 0.33474517 -0.01694578  0.08422029]
 [ 0.2718206   0.09565473  0.        ]
 [-0.11322062 -0.0610718   0.73216754]
 [-0.22135425  0.2146936   0.49592578]
 [-0.08581267 -0.09312025  0.32939154]
 [-0.09517439 -0.00958014  0.20392072]
 [-0.01002301  0.10697198  0.9365059 ]
 [-0.03935507  0.19954884  1.1625373 ]
 [-0.10664795  0.28463897  1.2316965 ]
 [-0.0912375   0.26288402  1.3497746 ]
 [-0.17627788  0.12068927  1.1450663 ]
 [-0.1470978  -0.09362727  0.97204745]
 [-0.14806932 -0.11379052  0.820281  ]
 [ 0.10564923  0.24581695  1.098965  ]
 [ 0.03583675  0.381369    0.88517797]
 [-0.12646157  0.43065202  0.9507691 ]]
[[ 0.          0.          0.7027758 ]
 [ 0.10529922  0.06812106  0.7021161 ]
 [ 0.2698651   0.1672507   0.38327232]
 [ 0.48206758 -0.12390107  0.13155651]
 [ 0.45475394 -0.0632351   0.        ]
 [-0.10535273 -0.06796297  0.7035388 ]
 [-0.2540482   0.20010126  0.5240495 ]
 [-0.29557705  0.06188416  0.14557737]
 [-0.37589735  0.18002743  0.07464617]
 [-0.02230267  0.06934929  0.9143362 ]
 [-0.0696229   0.1193952   1.154224  ]
 [-0.14372317  0.20541674  1.2093226 ]
 [-0.13710791  0.18729746  1.3263421 ]
 [-0.1762684   0.03180328  1.130259  ]
 [-0.06673561 -0.18516202  1.0760257 ]
 [-0.01605548 -0.20404246  0.97432446]
 [ 0.06228668  0.19432586  1.1094532 ]
 [-0.03648651  0.39753777  0.9755498 ]
 [-0.19886178  0.3720721   1.1550525 ]]
[[ 0.          0.          0.6584693 ]
 [ 0.10030478  0.06836777  0.65754366]
 [ 0.2933129   0.10871422  0.3770393 ]
 [ 0.4957465  -0.20859337  0.15054214]
 [ 0.50256395 -0.16008252  0.        ]
 [-0.10034549 -0.06825633  0.6596985 ]
 [-0.26999637  0.16611803  0.47327316]
 [-0.3733889   0.1634503   0.07186061]
 [-0.47072655  0.2794276   0.04410058]
 [-0.02814779  0.04235695  0.87780243]
 [-0.08031842  0.07761365  1.1233182 ]
 [-0.15962964  0.15383172  1.1683642 ]
 [-0.15458098  0.14274353  1.2854114 ]
 [-0.16612934 -0.00952089  1.100293  ]
 [-0.03806653 -0.2027959   1.1269202 ]
 [-0.00575484 -0.25920472  1.1073285 ]
 [ 0.03845725  0.16091141  1.087497  ]
 [-0.05180322  0.38456154  0.9985135 ]
 [-0.20947948  0.3589167   1.1847924 ]]
[[ 0.          0.          0.59231085]
 [ 0.1002955   0.06379806  0.59427524]
 [ 0.28394032  0.11644897  0.31514326]
 [ 0.46588063 -0.25832516  0.19265088]
 [ 0.48913294 -0.22584146  0.04224312]
 [-0.10034141 -0.06369877  0.5907433 ]
 [-0.2673508   0.20128384  0.4021129 ]
 [-0.3820685   0.23015594  0.01158732]
 [-0.48571992  0.3425119   0.        ]
 [-0.03752872  0.04047324  0.81209564]
 [-0.09714657  0.07254481  1.0571649 ]
 [-0.17692661  0.14641935  1.1060653 ]
 [-0.17298788  0.13339251  1.2209997 ]
 [-0.18116918 -0.01160407  1.0268968 ]
 [-0.04603416 -0.1920425   1.0444866 ]
 [-0.0176548  -0.23391512  1.0085495 ]
 [ 0.01848394  0.15552092  1.027467  ]
 [-0.05877566  0.38592017  0.9308342 ]
 [-0.22064161  0.38144946  1.0881913 ]]
[[ 0.          0.          0.5957179 ]
 [ 0.10683949  0.06045716  0.59889007]
 [ 0.21210146  0.07110137  0.27071556]
 [ 0.36887443 -0.35534877  0.3032088 ]
 [ 0.42715687 -0.35476553  0.2163221 ]
 [-0.10691728 -0.06039305  0.5930175 ]
 [-0.25214317  0.2602291   0.37472162]
 [-0.33119932  0.3580807   0.00365019]
 [-0.43560064  0.50052965  0.        ]
 [-0.05156508  0.05082536  0.8119126 ]
 [-0.12215513  0.08699936  1.0569513 ]
 [-0.20369303  0.15791881  1.1075056 ]
 [-0.19825405  0.14900273  1.2250073 ]
 [-0.21385479  0.0072147   1.0126159 ]
 [-0.10510218 -0.15822205  0.9135461 ]
 [-0.06014671 -0.16480306  0.7810785 ]
 [-0.00148547  0.16156211  1.0309362 ]
 [-0.04794496  0.36368337  0.86821765]
 [-0.21126929  0.37980783  0.910277  ]]
[[ 0.          0.          0.662044  ]
 [ 0.10842904  0.06763382  0.66766274]
 [ 0.10323085  0.05900872  0.27707046]
 [ 0.2655747  -0.42522532  0.39639345]
 [ 0.34533703 -0.46270382  0.36438313]
 [-0.10858783 -0.06756577  0.65687734]
 [-0.22353727  0.27312192  0.4015057 ]
 [-0.22120965  0.35749978  0.01805633]
 [-0.31711063  0.5229809   0.        ]
 [-0.05812362  0.06235811  0.8741138 ]
 [-0.1379599   0.10404795  1.1166825 ]
 [-0.23368445  0.16511798  1.1777394 ]
 [-0.2192989   0.157933    1.2918361 ]
 [-0.2372159   0.01315647  1.063675  ]
 [-0.18842685 -0.11957674  0.84484315]
 [-0.23705642 -0.06566782  0.66382426]
 [-0.0104107   0.17674059  1.0905216 ]
 [-0.01567112  0.32131973  0.8670152 ]
 [-0.11999571  0.3300675   0.72611517]]
[[ 0.00000000e+00  0.00000000e+00  6.74144745e-01]
 [ 1.09142125e-01  7.50133097e-02  6.78629994e-01]
 [ 2.14329287e-02  1.13459140e-01  2.94649035e-01]
 [ 2.07153857e-01 -3.78595948e-01  4.35602069e-01]
 [ 2.89307177e-01 -4.20255065e-01  4.00653750e-01]
 [-1.09362155e-01 -7.49555975e-02  6.70059383e-01]
 [-1.81324095e-01  2.69768745e-01  4.01173234e-01]
 [-1.14355430e-01  3.02394569e-01  3.14451456e-02]
 [-2.14103460e-01  4.76279229e-01  0.00000000e+00]
 [-6.45401627e-02  6.53038770e-02  8.81674647e-01]
 [-1.50916845e-01  1.03686810e-01  1.12356925e+00]
 [-2.55532444e-01  1.54130995e-01  1.19554412e+00]
 [-2.34655440e-01  1.41620219e-01  1.30700040e+00]
 [-2.55543679e-01  9.02816653e-03  1.06834149e+00]
 [-2.53669262e-01 -9.84068364e-02  8.30087602e-01]
 [-3.28994870e-01 -1.03535503e-03  6.58507288e-01]
 [-1.73072964e-02  1.73582673e-01  1.09328687e+00]
 [ 3.90796587e-02  2.72846907e-01  8.52730155e-01]
 [ 3.10988724e-03  3.01478088e-01  6.54856503e-01]]
[[ 0.          0.          0.65802777]
 [ 0.09733375  0.07752732  0.66458243]
 [-0.13068259  0.18975377  0.37897772]
 [ 0.09348422 -0.22132024  0.3615809 ]
 [ 0.13540542 -0.20048302  0.24879321]
 [-0.09755944 -0.07760925  0.65146995]
 [-0.05908139  0.19740888  0.3530269 ]
 [ 0.12291119  0.20738295  0.05886102]
 [ 0.03798809  0.3820286   0.        ]
 [-0.06490725  0.05794719  0.87146455]
 [-0.1469512   0.09321743  1.1174896 ]
 [-0.24008107  0.14899296  1.2004174 ]
 [-0.21555302  0.12583363  1.3097615 ]
 [-0.26322755  0.00946882  1.0692441 ]
 [-0.3696112  -0.09252308  0.84476423]
 [-0.39393383  0.10050853  0.80613846]
 [-0.00926538  0.13704735  1.0752087 ]
 [ 0.14183497  0.1320368   0.88420486]
 [ 0.25167966  0.19328734  0.68423736]]
[[ 0.00000000e+00  0.00000000e+00  6.07629538e-01]
 [ 8.28065127e-02  7.40503147e-02  6.28341019e-01]
 [-2.36778617e-01  1.75474271e-01  4.85472918e-01]
 [-4.69056666e-02 -7.79160559e-02  1.90213621e-01]
 [-9.73354578e-02 -3.91262770e-03  7.23836422e-02]
 [-8.30362961e-02 -7.43222386e-02  5.86479485e-01]
 [ 7.16238096e-02  6.69550598e-02  3.05670232e-01]
 [ 2.94968128e-01  3.49974334e-02  1.06437445e-01]
 [ 2.50494391e-01  1.79861039e-01  0.00000000e+00]
 [-6.70392662e-02  2.67852843e-02  8.33389938e-01]
 [-1.38273820e-01  5.76068163e-02  1.08591008e+00]
 [-2.03183979e-01  1.40353978e-01  1.15714288e+00]
 [-1.91709369e-01  1.14116669e-01  1.27505744e+00]
 [-2.70304531e-01  1.14712119e-03  1.06075573e+00]
 [-4.60013568e-01 -1.30642653e-02  9.22280669e-01]
 [-3.64999413e-01  1.62423730e-01  1.06701839e+00]
 [ 2.38932669e-04  7.11170733e-02  1.03681517e+00]
 [ 2.19207495e-01 -7.30901957e-04  9.71378088e-01]
 [ 4.11276311e-01 -1.23661011e-02  8.27358246e-01]]
[[ 0.          0.          0.57038605]
 [ 0.08306445  0.06394327  0.59329927]
 [-0.24177045  0.16756548  0.47922334]
 [-0.12353328 -0.01561078  0.09134835]
 [-0.20238489  0.06764668  0.        ]
 [-0.08330719 -0.06429408  0.5469528 ]
 [ 0.13826585  0.05054088  0.2892062 ]
 [ 0.36690068 -0.03867051  0.13591388]
 [ 0.36919713  0.08069694  0.00563359]
 [-0.05845499  0.01251957  0.80234796]
 [-0.11880028  0.03368384  1.0572178 ]
 [-0.17457813  0.12400281  1.122882  ]
 [-0.16680107  0.09613979  1.2424194 ]
 [-0.2586122  -0.01070347  1.0396943 ]
 [-0.45306635  0.02508575  0.9633814 ]
 [-0.3177304   0.14609826  1.1272211 ]
 [ 0.02375301  0.03662711  1.0110735 ]
 [ 0.25578183 -0.03276056  0.99277776]
 [ 0.45253304 -0.06051299  0.88298374]]
[[ 0.          0.          0.56623614]
 [ 0.08945874  0.04835233  0.5879421 ]
 [-0.19525674  0.20570263  0.48500896]
 [-0.17939058  0.11303735  0.05796731]
 [-0.2693953   0.2131058   0.        ]
 [-0.08980636 -0.0486737   0.5439437 ]
 [ 0.1763989   0.05076702  0.3014877 ]
 [ 0.4275247  -0.14641246  0.2759533 ]
 [ 0.5009709  -0.04820186  0.15146953]
 [-0.03956474  0.00504598  0.80145895]
 [-0.08469582  0.01340187  1.0565894 ]
 [-0.1382828   0.10707933  1.1204147 ]
 [-0.12753443  0.07833171  1.2374383 ]
 [-0.23084179 -0.01854584  1.0390213 ]
 [-0.42402935  0.06217235  0.9835486 ]
 [-0.27896816  0.1842556   1.1352416 ]
 [ 0.06351873  0.00906548  1.0104468 ]
 [ 0.2940359  -0.06350523  1.003935  ]
 [ 0.4658728  -0.08593166  0.89142185]]
[[ 0.00000000e+00  0.00000000e+00  5.67813516e-01]
 [ 9.42584723e-02  3.83670665e-02  5.85898876e-01]
 [-1.24030620e-01  2.96891719e-01  4.30023551e-01]
 [-1.68099105e-01  3.10251594e-01  1.36471391e-02]
 [-2.52919585e-01  4.27200198e-01  0.00000000e+00]
 [-9.46656317e-02 -3.86747271e-02  5.49091578e-01]
 [ 1.47924006e-01  2.85654068e-02  2.84635693e-01]
 [ 4.01406556e-01 -2.20577151e-01  3.99179757e-01]
 [ 5.33170819e-01 -1.41427711e-01  3.51356387e-01]
 [-2.43798494e-02  1.28812343e-02  8.02370906e-01]
 [-5.73259294e-02  2.19688118e-02  1.05528963e+00]
 [-1.11597806e-01  1.05026841e-01  1.11832404e+00]
 [-9.79659855e-02  8.25033784e-02  1.23511481e+00]
 [-2.01847494e-01  1.07449293e-03  1.03566539e+00]
 [-3.94249201e-01  5.28988540e-02  9.26387906e-01]
 [-2.82607466e-01  2.43974745e-01  1.02385831e+00]
 [ 8.99964124e-02  8.57761502e-03  1.00160408e+00]
 [ 2.93908834e-01 -7.88036287e-02  9.46361899e-01]
 [ 4.15930122e-01 -9.71581787e-02  7.90711880e-01]]
[[ 0.          0.          0.63553107]
 [ 0.09389587  0.03059579  0.65143514]
 [-0.08073281  0.31147155  0.43009835]
 [-0.11526403  0.3147554   0.01174319]
 [-0.19672635  0.4274872   0.        ]
 [-0.09426972 -0.03087038  0.61906713]
 [ 0.09576483  0.02205816  0.3086911 ]
 [ 0.32971585 -0.27805525  0.50321585]
 [ 0.48517632 -0.22701493  0.52925706]
 [-0.01128964  0.03059401  0.8619451 ]
 [-0.04488462  0.04635221  1.1103138 ]
 [-0.09965318  0.12399757  1.1766207 ]
 [-0.0863619   0.10526264  1.2936164 ]
 [-0.1845008   0.02611759  1.0927935 ]
 [-0.35623634  0.01582962  0.9250707 ]
 [-0.30408138  0.25451717  0.928888  ]
 [ 0.10293559  0.03015247  1.048181  ]
 [ 0.28484112 -0.04351187  0.91915727]
 [ 0.3398983  -0.04854324  0.72343224]]
[[ 0.0000000e+00  0.0000000e+00  6.8997198e-01]
 [ 9.4995558e-02  3.2935321e-02  7.0611900e-01]
 [-5.1530093e-02  3.0986106e-01  4.4793949e-01]
 [-4.7318622e-02  2.7613580e-01  2.9080510e-02]
 [-1.3011727e-01  3.8899529e-01  0.0000000e+00]
 [-9.5299989e-02 -3.3138812e-02  6.7337215e-01]
 [ 2.0734794e-02  2.1910161e-02  3.2705337e-01]
 [ 2.4424547e-01 -3.0819148e-01  5.5598307e-01]
 [ 3.9266765e-01 -2.7954668e-01  5.9661245e-01]
 [-6.7513548e-03  4.9654394e-02  9.0823102e-01]
 [-4.0824376e-02  7.7095717e-02  1.1533204e+00]
 [-1.0136682e-01  1.5410078e-01  1.2221558e+00]
 [-8.4912166e-02  1.3654411e-01  1.3404334e+00]
 [-1.7755294e-01  4.9219728e-02  1.1349791e+00]
 [-3.1970036e-01  1.5127659e-04  9.3221015e-01]
 [-3.1333053e-01  2.2103621e-01  8.4040499e-01]
 [ 1.0972631e-01  7.1137458e-02  1.0867974e+00]
 [ 2.4941945e-01  2.6264951e-02  9.0482223e-01]
 [ 2.5011903e-01  5.1420681e-02  7.0613861e-01]]
[[ 0.          0.          0.73231304]
 [ 0.10449742  0.05199384  0.7505424 ]
 [ 0.01826641  0.3137082   0.45639557]
 [ 0.07888322  0.20548487  0.04556173]
 [-0.01897697  0.31916896  0.        ]
 [-0.10471433 -0.05204222  0.7137809 ]
 [-0.10464931  0.07829991  0.3580204 ]
 [ 0.14396842 -0.27860296  0.55128145]
 [ 0.2670877  -0.251007    0.5333691 ]
 [-0.00630911  0.08241311  0.9415856 ]
 [-0.03522216  0.14399776  1.1813468 ]
 [-0.09871042  0.22953105  1.2492694 ]
 [-0.08410047  0.20962822  1.3682921 ]
 [-0.174999    0.09188849  1.1605229 ]
 [-0.27406746 -0.02478877  0.9339689 ]
 [-0.26805866  0.13815826  0.74584115]
 [ 0.11964113  0.16462469  1.1110905 ]
 [ 0.17900223  0.19752261  0.86125636]
 [ 0.10562216  0.3040117   0.706671  ]]
[[ 0.          0.          0.7320398 ]
 [ 0.11077412  0.06306593  0.74876106]
 [ 0.13690342  0.28363648  0.4047328 ]
 [ 0.29034355  0.05579633  0.08497339]
 [ 0.211908    0.16587877  0.        ]
 [-0.11094041 -0.06290197  0.7151454 ]
 [-0.23500434  0.19302914  0.47280723]
 [-0.04542608 -0.11380991  0.38761106]
 [-0.00419198 -0.04735196  0.24992841]
 [-0.0226302   0.09651713  0.93500537]
 [-0.06463107  0.17562005  1.1702965 ]
 [-0.1333032   0.25618312  1.2424097 ]
 [-0.12477456  0.23388588  1.3547916 ]
 [-0.19711807  0.09863183  1.1485124 ]
 [-0.16946669 -0.08506003  0.95153475]
 [-0.14231572 -0.0472857   0.80214727]
 [ 0.07934501  0.2285355   1.1058582 ]
 [ 0.03110944  0.38414633  0.8823658 ]
 [-0.12968874  0.4822582   0.92054594]]
[[ 0.          0.          0.687511  ]
 [ 0.10724846  0.07034768  0.69424105]
 [ 0.2725827   0.18429601  0.3675288 ]
 [ 0.47520262 -0.12035418  0.12596989]
 [ 0.44068012 -0.05669153  0.        ]
 [-0.10736948 -0.07015739  0.6808697 ]
 [-0.23482218  0.2351761   0.5163425 ]
 [-0.2305403   0.06404492  0.14376378]
 [-0.31873268  0.1925745   0.05239606]
 [-0.03673459  0.05688253  0.900667  ]
 [-0.09097129  0.09700155  1.1435671 ]
 [-0.16571712  0.17548823  1.2099504 ]
 [-0.15279442  0.14763486  1.3205286 ]
 [-0.20083526  0.01871318  1.1187494 ]
 [-0.0465465  -0.1517297   1.0120015 ]
 [ 0.0100157  -0.15474358  0.9265727 ]
 [ 0.04238515  0.17426634  1.0972753 ]
 [-0.06388274  0.37311333  0.9538496 ]
 [-0.21032727  0.32486635  1.1178945 ]]
[[ 0.          0.          0.61657363]
 [ 0.10082711  0.06711403  0.62079275]
 [ 0.29914135  0.1439071   0.32895607]
 [ 0.50009036 -0.20047268  0.1563876 ]
 [ 0.51613426 -0.15913683  0.00288123]
 [-0.10090633 -0.06697848  0.61271524]
 [-0.24738607  0.21325776  0.41781366]
 [-0.32884228  0.20168969  0.02300841]
 [-0.44312137  0.3253721   0.        ]
 [-0.03774086  0.03602211  0.83482224]
 [-0.09422831  0.06040749  1.080126  ]
 [-0.17167799  0.12872654  1.1394677 ]
 [-0.16330436  0.10781622  1.2493622 ]
 [-0.18436173 -0.02292892  1.0519257 ]
 [-0.05029074 -0.20836243  1.0575154 ]
 [ 0.01809449 -0.22131346  0.9695685 ]
 [ 0.02556007  0.14716437  1.047414  ]
 [-0.07549635  0.36768347  0.9350649 ]
 [-0.19406596  0.34166744  1.1076453 ]]
[[ 0.          0.          0.58289593]
 [ 0.10215342  0.06151893  0.5935333 ]
 [ 0.25018865  0.09233063  0.27396396]
 [ 0.43124574 -0.33368734  0.24987286]
 [ 0.49488556 -0.31848282  0.13812807]
 [-0.10224603 -0.06143566  0.5728038 ]
 [-0.24111685  0.25141662  0.3565857 ]
 [-0.32745817  0.36100203  0.        ]
 [-0.44286597  0.48498952  0.00999135]
 [-0.04559416  0.03642493  0.8003947 ]
 [-0.10850489  0.05645049  1.0457616 ]
 [-0.20120391  0.11338812  1.1121998 ]
 [-0.18765     0.09891903  1.2229722 ]
 [-0.19716494 -0.02664268  1.0018892 ]
 [-0.10658225 -0.18341303  0.9472382 ]
 [-0.04658829 -0.1499086   0.8622322 ]
 [ 0.00595438  0.14122689  1.0186617 ]
 [-0.06303535  0.34678602  0.8756215 ]
 [-0.21747124  0.34371352  0.99932075]]
[[ 0.          0.          0.591647  ]
 [ 0.10320199  0.06166574  0.6007751 ]
 [ 0.15473096  0.04413602  0.23898637]
 [ 0.3083372  -0.41752505  0.3349116 ]
 [ 0.3955655  -0.44567865  0.30983335]
 [-0.10333583 -0.06162031  0.58309174]
 [-0.21847445  0.28621632  0.34586397]
 [-0.24280229  0.44995877  0.        ]
 [-0.3467176   0.6041378   0.00781262]
 [-0.05390045  0.05372819  0.80496   ]
 [-0.12697321  0.08332917  1.0498459 ]
 [-0.22629464  0.13212335  1.1186999 ]
 [-0.20901299  0.12113655  1.2297614 ]
 [-0.21780804 -0.00380194  0.9974042 ]
 [-0.1735339  -0.15808855  0.82565236]
 [-0.19185597 -0.08853747  0.66609997]
 [-0.01141128  0.16159776  1.0221732 ]
 [-0.03142384  0.32882017  0.8188877 ]
 [-0.19022721  0.3475336   0.80746293]]
[[ 0.          0.          0.6292701 ]
 [ 0.10541384  0.06587186  0.6370671 ]
 [ 0.06102338  0.04542452  0.2585126 ]
 [ 0.19044054 -0.44560957  0.3938701 ]
 [ 0.2929467  -0.5009708   0.40457207]
 [-0.10558386 -0.06586483  0.62201554]
 [-0.17167044  0.29519957  0.37208867]
 [-0.10144095  0.41022447  0.02137369]
 [-0.19975984  0.58600235  0.        ]
 [-0.06032419  0.05704942  0.83979833]
 [-0.14253943  0.08327973  1.0854366 ]
 [-0.2418983   0.12326193  1.1640141 ]
 [-0.2219165   0.10566455  1.2702658 ]
 [-0.2386027  -0.0047459   1.0308285 ]
 [-0.24125524 -0.12735227  0.8082469 ]
 [-0.3152432  -0.03587322  0.64390624]
 [-0.01833209  0.15336564  1.0553886 ]
 [ 0.01665325  0.26911947  0.8179017 ]
 [-0.06806238  0.27297056  0.65767574]]
[[ 0.00000000e+00  0.00000000e+00  6.30277872e-01]
 [ 1.03610024e-01  7.28144646e-02  6.36203706e-01]
 [-3.92150134e-02  8.42258036e-02  2.84816265e-01]
 [ 1.18438065e-01 -4.00954187e-01  3.98661107e-01]
 [ 2.25116432e-01 -4.42391664e-01  3.98648024e-01]
 [-1.03834853e-01 -7.28762746e-02  6.24754429e-01]
 [-1.16229326e-01  2.71428019e-01  3.50488007e-01]
 [ 4.02680524e-02  3.28019798e-01  3.56442928e-02]
 [-6.91760927e-02  5.03972769e-01  0.00000000e+00]
 [-6.54989630e-02  6.01110011e-02  8.38194251e-01]
 [-1.50962651e-01  8.48546028e-02  1.08382487e+00]
 [-2.50604779e-01  1.27011538e-01  1.17195034e+00]
 [-2.27021426e-01  1.03529334e-01  1.27829385e+00]
 [-2.56718338e-01 -1.15245581e-03  1.03008008e+00]
 [-3.11829001e-01 -9.74703282e-02  7.97273517e-01]
 [-3.94926250e-01  2.43907571e-02  6.85870469e-01]
 [-1.88753679e-02  1.42939508e-01  1.04765964e+00]
 [ 8.07192922e-02  2.05448017e-01  8.13374877e-01]
 [ 9.30872336e-02  2.64933735e-01  6.02116406e-01]]
[[ 0.          0.          0.59081787]
 [ 0.09098473  0.07447504  0.60533905]
 [-0.19933596  0.20192295  0.4059997 ]
 [ 0.02186594 -0.13353989  0.27094507]
 [ 0.04061338 -0.08848721  0.15738165]
 [-0.09118199 -0.07468263  0.5760956 ]
 [ 0.04274325  0.15575732  0.28159112]
 [ 0.2918568   0.17365074  0.07883078]
 [ 0.21610364  0.34365898  0.        ]
 [-0.06710178  0.0347227   0.8098092 ]
 [-0.14089242  0.05987975  1.0608116 ]
 [-0.22587481  0.11737043  1.1477118 ]
 [-0.20257425  0.08994222  1.2576661 ]
 [-0.26458716 -0.00626695  1.0171163 ]
 [-0.43601856 -0.05341011  0.82555646]
 [-0.39606005  0.16513717  0.93168205]
 [-0.0033033   0.09571722  1.0166676 ]
 [ 0.20425381  0.07100442  0.8939941 ]
 [ 0.34723544  0.11017198  0.69561744]]
[[ 0.          0.          0.5578957 ]
 [ 0.08539046  0.06637286  0.5778737 ]
 [-0.22995156  0.20055842  0.46938726]
 [-0.12875053  0.02165836  0.09910381]
 [-0.20709497  0.11480552  0.        ]
 [-0.08566234 -0.06665464  0.5373502 ]
 [ 0.16286057  0.05602135  0.27713704]
 [ 0.41624326 -0.01267579  0.14231879]
 [ 0.42252094  0.11411658  0.00458306]
 [-0.05690064  0.01090974  0.78927636]
 [-0.11480621  0.0279581   1.0447533 ]
 [-0.18483052  0.10729176  1.1165514 ]
 [-0.16525644  0.07550716  1.2309563 ]
 [-0.25124055 -0.02217045  1.0180941 ]
 [-0.4468337  -0.00519514  0.91844255]
 [-0.32786053  0.14044434  1.0811586 ]
 [ 0.02659002  0.04675591  1.0013621 ]
 [ 0.25659704 -0.00815862  0.96617305]
 [ 0.42432153 -0.01291901  0.8102386 ]]
[[ 0.          0.          0.54012156]
 [ 0.08795807  0.05004986  0.5585173 ]
 [-0.18867159  0.23779391  0.46278924]
 [-0.2117343   0.18990353  0.05289197]
 [-0.311428    0.30301434  0.        ]
 [-0.08829239 -0.05031411  0.52106655]
 [ 0.19360334  0.05477394  0.28005105]
 [ 0.4618538  -0.09893063  0.25933385]
 [ 0.54115915  0.00137618  0.13171017]
 [-0.04159022  0.00689735  0.77300596]
 [-0.08772349  0.01394066  1.0278891 ]
 [-0.15051888  0.09872133  1.096046  ]
 [-0.13390265  0.06635857  1.2099968 ]
 [-0.22758093 -0.01511025  1.004836  ]
 [-0.42016086  0.06490901  0.930251  ]
 [-0.2798774   0.20420337  1.081226  ]
 [ 0.05595627  0.01363218  0.98363274]
 [ 0.27826917 -0.06846049  0.9697421 ]
 [ 0.42808798 -0.06537572  0.8205328 ]]
[[ 0.          0.          0.52264285]
 [ 0.0899345   0.04209891  0.5404155 ]
 [-0.1286462   0.3088722   0.39424354]
 [-0.22811115  0.36491245  0.00571114]
 [-0.32315782  0.4786662   0.        ]
 [-0.0903552  -0.04235732  0.50417054]
 [ 0.1586457   0.03307408  0.24505025]
 [ 0.43672436 -0.15804175  0.36030665]
 [ 0.5605129  -0.08338748  0.2926663 ]
 [-0.03087282  0.01083475  0.75325334]
 [-0.06723249  0.01824757  1.0053775 ]
 [-0.13366443  0.09101063  1.077661  ]
 [-0.11597131  0.06205463  1.1898007 ]
 [-0.20566423 -0.00415727  0.9805275 ]
 [-0.40554672  0.05509716  0.86049443]
 [-0.29496965  0.24864966  0.97327715]
 [ 0.07676341  0.01345488  0.95492125]
 [ 0.28026903 -0.0740138   0.9014557 ]
 [ 0.38935328 -0.06960008  0.72878003]]
[[ 0.          0.          0.5718487 ]
 [ 0.09136125  0.03855509  0.5880756 ]
 [-0.09009534  0.34028715  0.39172128]
 [-0.18731195  0.39812088  0.        ]
 [-0.27735302  0.5102003   0.00240475]
 [-0.09179547 -0.0388062   0.55501235]
 [ 0.10659751  0.02595437  0.2559079 ]
 [ 0.3705531  -0.19501403  0.45924464]
 [ 0.5118196  -0.13852304  0.45451772]
 [-0.01826705  0.02609123  0.79732585]
 [-0.05466755  0.03663319  1.0466586 ]
 [-0.12551266  0.10541242  1.1206968 ]
 [-0.10508187  0.0824123   1.234895  ]
 [-0.1926458   0.00868234  1.0227394 ]
 [-0.3755744   0.00356483  0.8557402 ]
 [-0.32140404  0.24368769  0.88086   ]
 [ 0.08984161  0.03451419  0.9877418 ]
 [ 0.26090658 -0.05399223  0.87999654]
 [ 0.32724458 -0.04607465  0.6851751 ]]
[[ 0.          0.          0.6520399 ]
 [ 0.0971318   0.04052876  0.66430354]
 [-0.06277984  0.32504267  0.41874313]
 [-0.11535919  0.33408695  0.01383585]
 [-0.20589545  0.45357338  0.        ]
 [-0.09749733 -0.04072201  0.6393236 ]
 [ 0.02257966  0.03119293  0.29858464]
 [ 0.27639627 -0.24037221  0.54454833]
 [ 0.42675433 -0.21001688  0.57908714]
 [-0.01002539  0.04374392  0.8715133 ]
 [-0.04724328  0.06014597  1.1188947 ]
 [-0.11899494  0.12784737  1.1982385 ]
 [-0.09720463  0.10764062  1.3135318 ]
 [-0.18061277  0.0230872   1.0931171 ]
 [-0.3297953  -0.04195826  0.8966099 ]
 [-0.32779795  0.19087249  0.8223499 ]
 [ 0.10055104  0.06713384  1.054455  ]
 [ 0.22990803  0.01458758  0.8955723 ]
 [ 0.24454542  0.06668269  0.7100971 ]]
[[ 0.          0.          0.7064453 ]
 [ 0.1055411   0.05190987  0.72016984]
 [ 0.01517561  0.33931333  0.44496202]
 [ 0.04356149  0.24906579  0.04038972]
 [-0.05694029  0.37081155  0.        ]
 [-0.10579902 -0.05196374  0.69243544]
 [-0.10627392  0.07281148  0.33640188]
 [ 0.17388731 -0.27505675  0.56112885]
 [ 0.29969776 -0.25289154  0.5812454 ]
 [-0.00639487  0.07231131  0.91666937]
 [-0.03611097  0.11812246  1.1606145 ]
 [-0.10581902  0.18589807  1.2424033 ]
 [-0.08364405  0.1625784   1.3551013 ]
 [-0.16921243  0.06478828  1.1374915 ]
 [-0.2642982  -0.06504771  0.9169235 ]
 [-0.25238204  0.12060294  0.75189495]
 [ 0.11577085  0.14668274  1.0922061 ]
 [ 0.17138949  0.19461627  0.853487  ]
 [ 0.09890995  0.3036821   0.7180804 ]]
[[ 0.          0.          0.7064775 ]
 [ 0.1097455   0.0649139   0.71976775]
 [ 0.13312107  0.32868624  0.39840537]
 [ 0.25957835  0.14086145  0.07496929]
 [ 0.17313403  0.2570865   0.        ]
 [-0.10991845 -0.06466669  0.69304603]
 [-0.24307647  0.19518483  0.4340416 ]
 [-0.03173254 -0.12832177  0.39830217]
 [-0.00255433 -0.06210154  0.28142655]
 [-0.02238217  0.08858028  0.91149044]
 [-0.06774929  0.14290988  1.153222  ]
 [-0.141707    0.20514113  1.2434232 ]
 [-0.1263008   0.17267352  1.3466418 ]
 [-0.19070964  0.06067702  1.1240201 ]
 [-0.11982632 -0.1548234   0.9858416 ]
 [-0.04233852 -0.19438201  0.83827174]
 [ 0.07191359  0.20567364  1.0945271 ]
 [ 0.02353015  0.36577815  0.8763516 ]
 [-0.16151828  0.38892043  0.9338144 ]]
[[ 0.          0.          0.6569441 ]
 [ 0.10246152  0.07212585  0.66047776]
 [ 0.26498812  0.2148102   0.3626853 ]
 [ 0.4705808  -0.06840682  0.13560063]
 [ 0.44204468 -0.01239318  0.        ]
 [-0.10252437 -0.07192501  0.6535535 ]
 [-0.23437446  0.26522374  0.49169964]
 [-0.22522087  0.10043907  0.14673615]
 [-0.31276792  0.22734162  0.04713267]
 [-0.02860276  0.05304416  0.873328  ]
 [-0.07750666  0.07533628  1.1213851 ]
 [-0.16381016  0.12903881  1.2017503 ]
 [-0.14009228  0.09853917  1.3045375 ]
 [-0.17269121 -0.02517533  1.0940466 ]
 [-0.0629072  -0.23627764  1.0504487 ]
 [ 0.02878033 -0.23231262  0.9431277 ]
 [ 0.03805749  0.17131957  1.0792899 ]
 [-0.07197702  0.37920064  0.94710064]
 [-0.19646922  0.30896783  1.1238177 ]]
[[ 0.          0.          0.6118179 ]
 [ 0.09726842  0.072598    0.6150959 ]
 [ 0.2849638   0.17382233  0.33685267]
 [ 0.51124567 -0.15234196  0.1848718 ]
 [ 0.5235747  -0.12054598  0.02868897]
 [-0.09731159 -0.07242282  0.60888505]
 [-0.24297059  0.23636094  0.4312761 ]
 [-0.30597752  0.20687029  0.04381269]
 [-0.40776837  0.3349674   0.        ]
 [-0.02762596  0.03706104  0.83164895]
 [-0.07466698  0.05032384  1.080481  ]
 [-0.1695799   0.09794998  1.1539834 ]
 [-0.14572382  0.07500863  1.2584927 ]
 [-0.15745917 -0.05208901  1.0545245 ]
 [-0.03565222 -0.25153962  1.0441841 ]
 [ 0.05620906 -0.20859505  0.916069  ]
 [ 0.03379886  0.15178418  1.042843  ]
 [-0.0741486   0.35306334  0.9270028 ]
 [-0.19114679  0.3148892   1.1005176 ]]
[[ 0.0000000e+00  0.0000000e+00  5.7174957e-01]
 [ 9.9405818e-02  6.8820640e-02  5.7824433e-01]
 [ 2.2439645e-01  1.1600356e-01  2.6058689e-01]
 [ 4.3308616e-01 -3.0666864e-01  2.6172012e-01]
 [ 4.9864715e-01 -3.0088559e-01  1.5397799e-01]
 [-9.9462442e-02 -6.8707950e-02  5.6578386e-01]
 [-2.3985642e-01  2.5954586e-01  3.5713112e-01]
 [-3.1034902e-01  3.6589521e-01  0.0000000e+00]
 [-4.2068964e-01  4.9413428e-01  7.6532364e-04]
 [-3.5772622e-02  3.7125379e-02  7.9094774e-01]
 [-9.0278618e-02  5.1400572e-02  1.0388293e+00]
 [-1.9538362e-01  9.3763053e-02  1.1131095e+00]
 [-1.6732357e-01  7.9155862e-02  1.2217406e+00]
 [-1.7299941e-01 -4.5561522e-02  9.9632382e-01]
 [-7.8168526e-02 -2.1659979e-01  8.9111465e-01]
 [-3.0446734e-02 -1.6078496e-01  7.5983578e-01]
 [ 1.6714998e-02  1.4797825e-01  1.0051020e+00]
 [-5.8190972e-02  3.4548229e-01  8.4595847e-01]
 [-2.1379691e-01  3.4692460e-01  9.6119285e-01]]
[[ 0.          0.          0.5774219 ]
 [ 0.10449402  0.06813273  0.5853469 ]
 [ 0.1339485   0.07003585  0.22730201]
 [ 0.31332827 -0.37804687  0.34272948]
 [ 0.4129213  -0.4200357   0.32728386]
 [-0.10457066 -0.06806151  0.57005954]
 [-0.20933288  0.2748804   0.3420627 ]
 [-0.22168571  0.4164847   0.        ]
 [-0.32568157  0.5794179   0.00320435]
 [-0.04403948  0.045921    0.7934227 ]
 [-0.10533234  0.06399196  1.0421286 ]
 [-0.20948473  0.10512662  1.1197429 ]
 [-0.1827847   0.08816278  1.2276883 ]
 [-0.197427   -0.0312072   0.9954952 ]
 [-0.12396508 -0.1707938   0.78590524]
 [-0.18252254 -0.10489034  0.62337816]
 [ 0.01026228  0.15226674  1.0061452 ]
 [-0.01973332  0.32796022  0.80399215]
 [-0.17339474  0.36871344  0.7772814 ]]
[[ 0.          0.          0.6266451 ]
 [ 0.10662552  0.08162294  0.63445616]
 [ 0.03268429  0.0948602   0.25840858]
 [ 0.20165408 -0.40267444  0.40554476]
 [ 0.31334975 -0.46099004  0.40541387]
 [-0.10675631 -0.08162819  0.6193603 ]
 [-0.15910587  0.2650674   0.36326033]
 [-0.07060333  0.33829427  0.01913142]
 [-0.18543267  0.5109721   0.        ]
 [-0.05162326  0.04691692  0.8411035 ]
 [-0.12067765  0.06256056  1.0900192 ]
 [-0.22443083  0.09890521  1.176831  ]
 [-0.1941179   0.08036077  1.2837217 ]
 [-0.22208512 -0.03901222  1.0439012 ]
 [-0.22404918 -0.16097684  0.8138668 ]
 [-0.3168937  -0.05031674  0.6665015 ]
 [ 0.0032657   0.14513177  1.0494331 ]
 [ 0.04232965  0.262645    0.8123688 ]
 [-0.04201841  0.29843196  0.6672404 ]]
[[ 0.          0.          0.62095743]
 [ 0.09963262  0.08258222  0.62800795]
 [-0.09039116  0.17494509  0.30466974]
 [ 0.13225207 -0.27139735  0.3846545 ]
 [ 0.21797049 -0.2903136   0.30949718]
 [-0.09979743 -0.08265179  0.6141294 ]
 [-0.06807461  0.21809262  0.32099777]
 [ 0.13071778  0.2675452   0.05019295]
 [ 0.01950262  0.43831304  0.        ]
 [-0.05487216  0.04326066  0.8388579 ]
 [-0.1243698   0.06177908  1.0880209 ]
 [-0.22497693  0.10087478  1.1875478 ]
 [-0.19342425  0.07419163  1.2910173 ]
 [-0.23635617 -0.03434205  1.0422757 ]
 [-0.3340162  -0.1287314   0.80908406]
 [-0.399022    0.0459787   0.7761658 ]
 [ 0.00617319  0.13163212  1.0430988 ]
 [ 0.1235881   0.21429074  0.82691514]
 [ 0.14994326  0.3036172   0.64219415]]
[[ 0.          0.          0.55991876]
 [ 0.07526546  0.08025803  0.58076894]
 [-0.22813591  0.20530432  0.43439102]
 [-0.0370334   0.00258172  0.17173517]
 [-0.09232248  0.08310306  0.04451185]
 [-0.07547405 -0.08047707  0.5385871 ]
 [ 0.11337425  0.05013031  0.24559554]
 [ 0.38701046  0.05139548  0.11402559]
 [ 0.35278097  0.19661713  0.        ]
 [-0.05510084  0.01135133  0.78814733]
 [-0.10996614  0.02592492  1.0432924 ]
 [-0.1879859   0.08496314  1.1289899 ]
 [-0.15898788  0.05596232  1.2406219 ]
 [-0.23244345 -0.04608816  1.0125699 ]
 [-0.4414205  -0.07632315  0.8718535 ]
 [-0.36915514  0.09860793  1.0267603 ]
 [ 0.01741991  0.07151961  0.99233526]
 [ 0.2437543   0.05605742  0.9017016 ]
 [ 0.36990172  0.07190536  0.70647866]]
[[ 0.          0.          0.53974444]
 [ 0.078684    0.06234805  0.5607768 ]
 [-0.21680224  0.2148993   0.46699497]
 [-0.17455864  0.14288354  0.07717302]
 [-0.27820435  0.24446025  0.        ]
 [-0.07896306 -0.06259085  0.51807654]
 [ 0.18439527  0.04855812  0.27360564]
 [ 0.46561348 -0.02856335  0.21984068]
 [ 0.52493817  0.08360335  0.09244522]
 [-0.0422528   0.00797923  0.7731791 ]
 [-0.08838549  0.01228729  1.0293093 ]
 [-0.15771908  0.0875122   1.1067352 ]
 [-0.13650583  0.05242532  1.2193873 ]
 [-0.2189642  -0.03558895  1.0029579 ]
 [-0.42792577  0.00206637  0.9229096 ]
 [-0.30223864  0.14708245  1.0785663 ]
 [ 0.04698947  0.03210536  0.98233676]
 [ 0.2728431  -0.03230333  0.9377697 ]
 [ 0.41681147 -0.0099687   0.76861787]]
[[ 0.          0.          0.50973547]
 [ 0.08171979  0.04617554  0.527514  ]
 [-0.1470125   0.3029508   0.39629042]
 [-0.23432642  0.36673528  0.01053083]
 [-0.33933178  0.47403312  0.        ]
 [-0.0821175  -0.04639997  0.4912654 ]
 [ 0.1699427   0.02824026  0.2241643 ]
 [ 0.45170307 -0.12616436  0.31209072]
 [ 0.5837956  -0.05179289  0.23503616]
 [-0.02814569  0.01003915  0.7407031 ]
 [-0.06338502  0.01408443  0.99427557]
 [-0.13510808  0.07948929  1.0705092 ]
 [-0.11264509  0.04935127  1.1829833 ]
 [-0.19443308 -0.01908901  0.9640806 ]
 [-0.40181866  0.0184187   0.8472526 ]
 [-0.30124032  0.21365246  0.97002137]
 [ 0.07404216  0.02094096  0.9439354 ]
 [ 0.2862274  -0.06103182  0.8726562 ]
 [ 0.38871825 -0.0435316   0.67784584]]
[[ 0.          0.          0.56088805]
 [ 0.08429032  0.04384718  0.57541037]
 [-0.11255297  0.32194823  0.3794559 ]
 [-0.2232303   0.4029562   0.        ]
 [-0.32448128  0.50597346  0.0051772 ]
 [-0.08473098 -0.04406852  0.54571646]
 [ 0.11568579  0.02112415  0.24140835]
 [ 0.3859918  -0.15931116  0.40927413]
 [ 0.54180425 -0.10463464  0.39881787]
 [-0.01699694  0.02096526  0.7892168 ]
 [-0.05139951  0.02737057  1.040981  ]
 [-0.12868585  0.08978331  1.1187346 ]
 [-0.10295235  0.06391102  1.2310873 ]
 [-0.18334526 -0.00646958  1.0118449 ]
 [-0.37420502 -0.01319116  0.8465293 ]
 [-0.32860255  0.22613275  0.8995851 ]
 [ 0.08991724  0.03508562  0.98253024]
 [ 0.27463573 -0.04166734  0.8619459 ]
 [ 0.3242771  -0.01156881  0.63457507]]
[[ 0.          0.          0.6443707 ]
 [ 0.0913339   0.04483212  0.65879023]
 [-0.07036886  0.32182235  0.4186667 ]
 [-0.13102713  0.343264    0.01846951]
 [-0.2305134   0.45674995  0.        ]
 [-0.09167984 -0.04500566  0.6294614 ]
 [ 0.02461887  0.04138821  0.28773338]
 [ 0.28151578 -0.20687059  0.5113549 ]
 [ 0.44750863 -0.17684606  0.5499803 ]
 [-0.0059922   0.0435143   0.8648231 ]
 [-0.04026322  0.06289846  1.1141046 ]
 [-0.1177167   0.12326813  1.1969931 ]
 [-0.09053642  0.10281396  1.3089235 ]
 [-0.16880986  0.02003592  1.0861015 ]
 [-0.32483143 -0.04929306  0.8887891 ]
 [-0.32057208  0.17765403  0.83301914]
 [ 0.10309277  0.07745117  1.0485328 ]
 [ 0.23698342  0.02595103  0.8580754 ]
 [ 0.22020558  0.09686822  0.64770025]]
[[ 0.0000000e+00  0.0000000e+00  6.8798953e-01]
 [ 9.8006025e-02  6.3628256e-02  7.0406675e-01]
 [ 1.1467785e-03  3.4001917e-01  4.3304014e-01]
 [ 3.2509860e-02  2.7150497e-01  4.3831468e-02]
 [-9.0830371e-02  3.8579619e-01  0.0000000e+00]
 [-9.8284259e-02 -6.3661151e-02  6.7160463e-01]
 [-1.1803435e-01  6.6080034e-02  3.1791377e-01]
 [ 1.7466286e-01 -2.4981368e-01  5.4203510e-01]
 [ 3.1145492e-01 -2.2202036e-01  5.1897705e-01]
 [-9.0777762e-03  6.7509413e-02  9.0059000e-01]
 [-4.0240198e-02  1.1196336e-01  1.1472569e+00]
 [-1.1488493e-01  1.7198360e-01  1.2324414e+00]
 [-9.0962261e-02  1.5130556e-01  1.3461895e+00]
 [-1.6776347e-01  4.5559555e-02  1.1237252e+00]
 [-2.6711452e-01 -8.1351623e-02  9.0038884e-01]
 [-2.6643914e-01  1.1326365e-01  7.7182025e-01]
 [ 1.0691222e-01  1.4997426e-01  1.0752621e+00]
 [ 1.7302705e-01  1.9116819e-01  8.3394450e-01]
 [ 8.6003728e-02  3.1893408e-01  7.1501648e-01]]
[[ 0.          0.          0.68257344]
 [ 0.10368354  0.07069248  0.69324124]
 [ 0.14008416  0.3163703   0.38104898]
 [ 0.3093738   0.10801965  0.09796852]
 [ 0.21542394  0.21521133  0.        ]
 [-0.10380503 -0.070466    0.6717467 ]
 [-0.24886996  0.23185202  0.4690651 ]
 [-0.05385153 -0.05062479  0.35979813]
 [-0.0297471   0.01934391  0.20929185]
 [-0.02156428  0.08962819  0.8902151 ]
 [-0.06368968  0.14624116  1.1344265 ]
 [-0.14283226  0.19898295  1.2289709 ]
 [-0.117863    0.16661024  1.3316467 ]
 [-0.18271796  0.05355456  1.1048563 ]
 [-0.1513535  -0.14156257  0.9383941 ]
 [-0.1036744  -0.11342134  0.8134119 ]
 [ 0.06593256  0.21571761  1.0746602 ]
 [ 0.013515    0.38702747  0.8688624 ]
 [-0.1696611   0.41173735  0.94944   ]]
[[ 0.          0.          0.6605684 ]
 [ 0.09817824  0.07519694  0.66328907]
 [ 0.27788454  0.20273346  0.3669893 ]
 [ 0.49234575 -0.07540363  0.14157915]
 [ 0.4659928  -0.02304626  0.        ]
 [-0.09821944 -0.07498159  0.6580675 ]
 [-0.25620717  0.25490636  0.50098395]
 [-0.25758642  0.10875309  0.13624513]
 [-0.3565388   0.23446417  0.05228311]
 [-0.01984408  0.04863346  0.878244  ]
 [-0.05879357  0.06582904  1.1291314 ]
 [-0.15494372  0.10722029  1.2150037 ]
 [-0.12419146  0.08404708  1.3178012 ]
 [-0.13420698 -0.04990795  1.1021924 ]
 [-0.03749386 -0.25652194  1.0202403 ]
 [ 0.03841302 -0.1978156   0.90434325]
 [ 0.03583283  0.17695552  1.0786349 ]
 [-0.07722351  0.3712455   0.9460815 ]
 [-0.18948495  0.34389198  1.127742  ]]
[[ 0.          0.          0.58235174]
 [ 0.0907357   0.0790337   0.5864273 ]
 [ 0.28383306  0.14100012  0.30796126]
 [ 0.514284   -0.16912568  0.15396044]
 [ 0.54117393 -0.13859469  0.        ]
 [-0.09073297 -0.07883783  0.57876056]
 [-0.2818859   0.19812694  0.39588726]
 [-0.35925376  0.20985135  0.0224635 ]
 [-0.479002    0.33417213  0.00130546]
 [-0.01104211  0.02960399  0.80306876]
 [-0.04561029  0.0350233   1.0551057 ]
 [-0.16473621  0.06671762  1.1353781 ]
 [-0.13389641  0.05520052  1.2404928 ]
 [-0.08908068 -0.09269571  1.024786  ]
 [ 0.01300962 -0.2949074   0.95260185]
 [ 0.04835217 -0.2436803   0.81686103]
 [ 0.02599666  0.15902776  1.0062501 ]
 [-0.08687392  0.34032652  0.89114416]
 [-0.19604331  0.33127195  1.0585711 ]]
[[ 0.          0.          0.56065977]
 [ 0.09478998  0.07084181  0.56782377]
 [ 0.20838231  0.06897521  0.23917738]
 [ 0.4163785  -0.3502392   0.24417186]
 [ 0.49995995 -0.35252035  0.16484126]
 [-0.09481014 -0.07073094  0.55408525]
 [-0.2586378   0.22862124  0.33841586]
 [-0.33599937  0.3858997   0.        ]
 [-0.45471215  0.50876725  0.01980877]
 [-0.02615276  0.03627835  0.77965075]
 [-0.07305436  0.04489654  1.0301236 ]
 [-0.186094    0.08020157  1.1106467 ]
 [-0.15635684  0.06742293  1.2178636 ]
 [-0.13598996 -0.06602013  0.98535585]
 [-0.04062643 -0.23491426  0.83240074]
 [-0.05954489 -0.14469174  0.70045483]
 [ 0.01420098  0.1546008   0.98939764]
 [-0.05593446  0.3412463   0.8290734 ]
 [-0.21871418  0.35500962  0.92120504]]
[[ 0.          0.          0.5629564 ]
 [ 0.10027905  0.06856225  0.57062984]
 [ 0.1354547   0.06998461  0.20934594]
 [ 0.31388396 -0.37744874  0.30460408]
 [ 0.41407204 -0.41964877  0.30105776]
 [-0.10033134 -0.06847063  0.55583763]
 [-0.21046567  0.26654395  0.32391667]
 [-0.22606373  0.45660418  0.        ]
 [-0.34439284  0.60930836  0.01112062]
 [-0.03884037  0.05105206  0.7761622 ]
 [-0.09877785  0.06410155  1.0253437 ]
 [-0.2029647   0.10136992  1.1077688 ]
 [-0.17435752  0.08075768  1.2135775 ]
 [-0.1837597  -0.03361151  0.9719876 ]
 [-0.10818798 -0.17692363  0.7620102 ]
 [-0.18724915 -0.08403993  0.60704374]
 [ 0.00834728  0.15561545  0.9905934 ]
 [-0.02670327  0.31889972  0.7837533 ]
 [-0.18950653  0.35728624  0.7464668 ]]
[[ 0.          0.          0.6087747 ]
 [ 0.09822585  0.07709987  0.6141393 ]
 [ 0.01008145  0.08698025  0.24206483]
 [ 0.18886    -0.39664155  0.36251658]
 [ 0.28985745 -0.46107215  0.34814766]
 [-0.09830502 -0.07710381  0.6038932 ]
 [-0.14551541  0.27625442  0.3432638 ]
 [-0.04509893  0.409715    0.02807552]
 [-0.16458476  0.57821035  0.        ]
 [-0.05014724  0.05583237  0.81874514]
 [-0.12322184  0.06977051  1.0668854 ]
 [-0.22714654  0.10195249  1.1571078 ]
 [-0.18821067  0.08018696  1.2625477 ]
 [-0.22006321 -0.02864313  1.0135406 ]
 [-0.23542134 -0.15065445  0.7799692 ]
 [-0.32847497 -0.00516435  0.6627764 ]
 [-0.00382564  0.14732498  1.0284203 ]
 [ 0.03911083  0.24789155  0.7894552 ]
 [-0.03478171  0.2960415   0.63212425]]
[[ 0.          0.          0.60734975]
 [ 0.08473231  0.08266078  0.61996406]
 [-0.1594734   0.1974406   0.3580465 ]
 [ 0.08204395 -0.1645064   0.3249532 ]
 [ 0.12783977 -0.15351707  0.18896371]
 [-0.08487049 -0.08277     0.594643  ]
 [-0.00638951  0.16714369  0.2903663 ]
 [ 0.23685808  0.24903655  0.06842744]
 [ 0.14209409  0.4144065   0.        ]
 [-0.05424141  0.03892711  0.8273587 ]
 [-0.12064745  0.05631161  1.0790423 ]
 [-0.21570596  0.0963071   1.1768897 ]
 [-0.1750662   0.06876826  1.2841889 ]
 [-0.23114929 -0.03076306  1.0319351 ]
 [-0.37917835 -0.12072262  0.82120806]
 [-0.4097972   0.09367508  0.8783496 ]
 [ 0.00325278  0.1119079   1.0330634 ]
 [ 0.16408893  0.12675844  0.85437673]
 [ 0.25696355  0.21062274  0.6533287 ]]
[[ 0.          0.          0.5464601 ]
 [ 0.0727011   0.07875143  0.57015973]
 [-0.23530692  0.20877194  0.4392113 ]
 [-0.07240669  0.06119272  0.14216179]
 [-0.14826891  0.14445743  0.02124149]
 [-0.07290004 -0.07897124  0.52217317]
 [ 0.13167503  0.03443485  0.23730725]
 [ 0.41630164  0.02535936  0.12233484]
 [ 0.40751982  0.15950915  0.        ]
 [-0.05122746  0.0106287   0.7779608 ]
 [-0.1045588   0.02231672  1.0329926 ]
 [-0.18680167  0.08328205  1.1166897 ]
 [-0.159661    0.05247706  1.2290914 ]
 [-0.23047093 -0.04221866  1.00187   ]
 [-0.43571794 -0.05744627  0.8778051 ]
 [-0.35631406  0.11382604  1.0364586 ]
 [ 0.02626147  0.06190753  0.9872222 ]
 [ 0.25168952  0.04227924  0.90889406]
 [ 0.3841217   0.06765918  0.7192087 ]]
[[ 0.          0.          0.52816546]
 [ 0.07927459  0.06130758  0.549437  ]
 [-0.21278453  0.24910589  0.44788268]
 [-0.18476346  0.21958092  0.05568922]
 [-0.2937948   0.32570833  0.        ]
 [-0.07954855 -0.06152542  0.50623   ]
 [ 0.17119685  0.04143009  0.24555388]
 [ 0.4774212  -0.06977764  0.21954924]
 [ 0.5547817   0.04079476  0.11966908]
 [-0.03588874  0.00982594  0.7620401 ]
 [-0.07859521  0.01443392  1.0172879 ]
 [-0.15671465  0.08274984  1.0974655 ]
 [-0.13049087  0.04937035  1.2085974 ]
 [-0.21150014 -0.03022826  0.9869834 ]
 [-0.42219758  0.00773579  0.89966977]
 [-0.30451965  0.17096433  1.0480963 ]
 [ 0.06079792  0.0311299   0.97241914]
 [ 0.28326198 -0.03699049  0.9138166 ]
 [ 0.4085648   0.00198175  0.7340296 ]]
[[ 0.          0.          0.5260612 ]
 [ 0.08271726  0.05611145  0.54449457]
 [-0.15980312  0.31488362  0.38803643]
 [-0.2324442   0.39112392  0.00177521]
 [-0.34989715  0.49912986  0.        ]
 [-0.08311844 -0.05631191  0.50693476]
 [ 0.14034867  0.02988115  0.22128564]
 [ 0.4381265  -0.13026965  0.32040188]
 [ 0.56757295 -0.05426934  0.268813  ]
 [-0.02761865  0.01306204  0.7570249 ]
 [-0.06270725  0.0212684   1.0101162 ]
 [-0.14240688  0.08009386  1.0930817 ]
 [-0.11118604  0.05129105  1.2037358 ]
 [-0.19339487 -0.02284572  0.97511387]
 [-0.3916307  -0.00671706  0.8395403 ]
 [-0.3149281   0.20879346  0.9382082 ]
 [ 0.077355    0.03886989  0.9607898 ]
 [ 0.27817756 -0.03124928  0.8530773 ]
 [ 0.34702575 -0.00831889  0.6433597 ]]
[[ 0.          0.          0.5867336 ]
 [ 0.08441803  0.05464047  0.6013058 ]
 [-0.1285331   0.30748165  0.3878926 ]
 [-0.2157307   0.376877    0.        ]
 [-0.33607113  0.48023263  0.00234258]
 [-0.0848286  -0.05484272  0.57155985]
 [ 0.07862368  0.02209446  0.25299594]
 [ 0.3525949  -0.17149884  0.44002074]
 [ 0.5052011  -0.1173124   0.44782436]
 [-0.01497982  0.02939561  0.8143626 ]
 [-0.05123699  0.04281753  1.0661252 ]
 [-0.13316327  0.09865409  1.1496605 ]
 [-0.09762259  0.07569462  1.2611814 ]
 [-0.17849141 -0.0051145   1.03533   ]
 [-0.3537935  -0.04771158  0.8528714 ]
 [-0.33744496  0.19307461  0.8521892 ]
 [ 0.0884749   0.06201962  1.0065013 ]
 [ 0.2573476  -0.00309542  0.85365796]
 [ 0.2762482   0.04058089  0.63347024]]
[[ 0.          0.          0.6579989 ]
 [ 0.08924976  0.05798271  0.67049176]
 [-0.07422566  0.30791327  0.42060626]
 [-0.11521132  0.32510284  0.01822841]
 [-0.23458642  0.4373971   0.        ]
 [-0.08959247 -0.05814033  0.6450492 ]
 [-0.00628921  0.02721062  0.30196866]
 [ 0.2553351  -0.22908032  0.5279038 ]
 [ 0.41949666 -0.19379348  0.55591094]
 [-0.00657658  0.04753381  0.8783914 ]
 [-0.04045413  0.0710046   1.1283103 ]
 [-0.11884895  0.12658799  1.2135173 ]
 [-0.08608817  0.10678345  1.325866  ]
 [-0.16270629  0.01483592  1.0993166 ]
 [-0.30009937 -0.07007994  0.8839339 ]
 [-0.3207894   0.1519685   0.773724  ]
 [ 0.09927759  0.09825441  1.0619768 ]
 [ 0.22625244  0.06411025  0.86321425]
 [ 0.19549204  0.16628736  0.6841097 ]]
[[ 0.          0.          0.69162786]
 [ 0.09673054  0.07533667  0.70669454]
 [ 0.03094102  0.3216366   0.41065097]
 [ 0.11185091  0.23300168  0.05236876]
 [-0.02906567  0.34468603  0.        ]
 [-0.09695971 -0.07524152  0.6763154 ]
 [-0.20256716  0.09047303  0.37898666]
 [ 0.09653434 -0.23140728  0.48060513]
 [ 0.23173457 -0.20239599  0.4251791 ]
 [-0.00898457  0.07461998  0.9023203 ]
 [-0.03735827  0.12520254  1.1492777 ]
 [-0.12410837  0.17292869  1.2424682 ]
 [-0.08464196  0.1552766   1.3515389 ]
 [-0.15926799  0.04410893  1.1271609 ]
 [-0.20121768 -0.10375809  0.8934308 ]
 [-0.21950296  0.04755864  0.75015306]
 [ 0.10214857  0.18348181  1.0771707 ]
 [ 0.12312882  0.29027924  0.8392919 ]
 [-0.01107125  0.43473727  0.8117355 ]]
[[ 0.          0.          0.67176086]
 [ 0.10111251  0.079135    0.67608726]
 [ 0.19495086  0.2785056   0.3612497 ]
 [ 0.40355003  0.03469276  0.12110829]
 [ 0.323321    0.11976224  0.        ]
 [-0.10120309 -0.07890803  0.6674342 ]
 [-0.2774514   0.24671447  0.52040136]
 [-0.13898395 -0.01573095  0.2495893 ]
 [-0.1952247   0.08276892  0.13007987]
 [-0.01930224  0.0620663   0.88772273]
 [-0.05171534  0.09196037  1.1391264 ]
 [-0.14190267  0.13556379  1.2285013 ]
 [-0.0999099   0.10613573  1.3303059 ]
 [-0.15211105 -0.01642191  1.1130595 ]
 [-0.04961405 -0.17752255  0.92001766]
 [-0.03584263 -0.09784697  0.8005942 ]
 [ 0.05561921  0.19112453  1.0784405 ]
 [-0.0606482   0.3740216   0.9193062 ]
 [-0.20600703  0.3357068   1.0608168 ]]
[[ 0.          0.          0.64180154]
 [ 0.09117536  0.08405752  0.64310646]
 [ 0.26507533  0.17477898  0.36174557]
 [ 0.5266801  -0.08534008  0.15147874]
 [ 0.5219314  -0.05122024  0.        ]
 [-0.09115168 -0.08384514  0.6408433 ]
 [-0.28792873  0.20530643  0.47770992]
 [-0.3228156   0.12660488  0.10766298]
 [-0.43484938  0.25573203  0.0495764 ]
 [-0.0021092   0.03206262  0.8632813 ]
 [-0.02527272  0.04032671  1.1170554 ]
 [-0.13744055  0.07185179  1.1969653 ]
 [-0.1041777   0.05815548  1.3031538 ]
 [-0.07607179 -0.0889872   1.0923247 ]
 [ 0.03629196 -0.28834447  0.9965387 ]
 [ 0.07810694 -0.2143366   0.8561576 ]
 [ 0.04884958  0.16792974  1.0638545 ]
 [-0.08681543  0.34674567  0.94872767]
 [-0.17591277  0.3177237   1.1305935 ]]
[[ 0.          0.          0.56162333]
 [ 0.09082521  0.08030944  0.56547654]
 [ 0.21595466  0.10383576  0.23359382]
 [ 0.48010272 -0.2503947   0.16345373]
 [ 0.5403     -0.23895878  0.04718983]
 [-0.09080136 -0.08014804  0.55834824]
 [-0.28188038  0.19344959  0.35498014]
 [-0.3774857   0.28524998  0.        ]
 [-0.49572438  0.41153562  0.00267947]
 [-0.00469755  0.02856368  0.7831989 ]
 [-0.03282984  0.03210399  1.0349741 ]
 [-0.1527282   0.0629614   1.1144426 ]
 [-0.11802304  0.05218768  1.2227633 ]
 [-0.07534622 -0.09703371  1.0008433 ]
 [ 0.02400981 -0.29270494  0.8950689 ]
 [ 0.03302653 -0.2167274   0.741335  ]
 [ 0.03263466  0.15663683  0.98734695]
 [-0.07252753  0.32521823  0.8419046 ]
 [-0.20729673  0.31578642  0.9787978 ]]
[[ 0.          0.          0.5647451 ]
 [ 0.09371546  0.07555103  0.57241565]
 [ 0.13795589  0.07500568  0.19865617]
 [ 0.36179093 -0.36400056  0.2434563 ]
 [ 0.47390544 -0.38827854  0.18032199]
 [-0.09373932 -0.07543253  0.55764747]
 [-0.24405825  0.2394438   0.33485308]
 [-0.3038817   0.3875679   0.        ]
 [-0.41776228  0.53339976  0.00781578]
 [-0.02397228  0.03752837  0.78316885]
 [-0.06702587  0.04785469  1.0345672 ]
 [-0.17614298  0.08346695  1.1155664 ]
 [-0.14133944  0.06722111  1.2251885 ]
 [-0.1363246  -0.06424212  0.98869336]
 [-0.06948385 -0.23690532  0.8287889 ]
 [-0.09772598 -0.14571823  0.6497577 ]
 [ 0.02068405  0.15532428  0.9959618 ]
 [-0.03653538  0.32526475  0.7989811 ]
 [-0.20377237  0.34429798  0.82747173]]
[[ 0.          0.          0.6034222 ]
 [ 0.09728727  0.08157055  0.6075984 ]
 [-0.0148282   0.10126686  0.2428833 ]
 [ 0.19987082 -0.38054034  0.35092652]
 [ 0.32429057 -0.43095386  0.30233967]
 [-0.09739241 -0.08150153  0.5997142 ]
 [-0.17196634  0.25985318  0.351099  ]
 [-0.10830262  0.3924681   0.02812821]
 [-0.21004993  0.5628724   0.        ]
 [-0.03573748  0.04407761  0.8191046 ]
 [-0.09042034  0.05604467  1.0697603 ]
 [-0.20160577  0.0895223   1.1635902 ]
 [-0.15757054  0.06635982  1.2676091 ]
 [-0.18411979 -0.05533952  1.0212705 ]
 [-0.19933075 -0.19179934  0.79834497]
 [-0.29961798 -0.0514105   0.66895473]
 [ 0.02043717  0.14923638  1.027453  ]
 [ 0.02170151  0.26826572  0.79492897]
 [-0.08333594  0.3178606   0.65693057]]
[[ 0.          0.          0.6040325 ]
 [ 0.08673172  0.08305486  0.6119864 ]
 [-0.17652565  0.18619455  0.36094642]
 [ 0.07339534 -0.20142305  0.32951117]
 [ 0.12022255 -0.19575292  0.21107733]
 [-0.08685924 -0.08313785  0.5961088 ]
 [-0.02965129  0.18788818  0.2937266 ]
 [ 0.1776525   0.28698492  0.05422193]
 [ 0.07976271  0.45566046  0.        ]
 [-0.03856694  0.03787506  0.8230659 ]
 [-0.09206932  0.05222172  1.0754542 ]
 [-0.19682291  0.09077626  1.1778338 ]
 [-0.1467702   0.06106085  1.2799971 ]
 [-0.20100082 -0.0457423   1.0324848 ]
 [-0.33635876 -0.15625858  0.822506  ]
 [-0.39658698  0.04976389  0.83909947]
 [ 0.0286643   0.12076408  1.0227671 ]
 [ 0.13337836  0.16488321  0.8143092 ]
 [ 0.18268493  0.3028327   0.6285895 ]]
[[ 0.          0.          0.5661267 ]
 [ 0.06939357  0.08286826  0.5834969 ]
 [-0.26492107  0.18944237  0.46256477]
 [-0.11388853  0.02095869  0.15363896]
 [-0.2026861   0.09900919  0.0487231 ]
 [-0.06953217 -0.08309956  0.5482551 ]
 [ 0.12503126  0.05751535  0.2523207 ]
 [ 0.41125372  0.07596263  0.1160619 ]
 [ 0.3809112   0.22334647  0.        ]
 [-0.03733678  0.01240596  0.79602695]
 [-0.07696325  0.02231732  1.0522883 ]
 [-0.16376132  0.07334071  1.1461519 ]
 [-0.12366658  0.04233134  1.2546825 ]
 [-0.19740483 -0.05623153  1.0200658 ]
 [-0.40746242 -0.1022242   0.87997943]
 [-0.3545341   0.08766633  1.0309826 ]
 [ 0.04717728  0.07696274  0.9974529 ]
 [ 0.25023592  0.06332681  0.8762839 ]
 [ 0.34558606  0.10491166  0.6603946 ]]
[[ 0.          0.          0.526986  ]
 [ 0.0716172   0.06943573  0.54332346]
 [-0.25759903  0.1875581   0.43554324]
 [-0.25403047  0.15652329  0.05425811]
 [-0.38400215  0.2535651   0.        ]
 [-0.07184158 -0.06967168  0.5099784 ]
 [ 0.17025283  0.04300863  0.23083913]
 [ 0.4810142  -0.02282965  0.18579468]
 [ 0.53634226  0.09189481  0.0599975 ]
 [-0.02496116  0.01371446  0.7573747 ]
 [-0.0574181   0.01408243  1.0136418 ]
 [-0.13808998  0.07239622  1.1013334 ]
 [-0.10305189  0.04180694  1.2121769 ]
 [-0.18416339 -0.04862401  0.9833369 ]
 [-0.40286192 -0.05096197  0.86940265]
 [-0.31558555  0.12994504  1.0113684 ]
 [ 0.0741971   0.05537185  0.95898354]
 [ 0.28999045  0.02484936  0.8741835 ]
 [ 0.39380842  0.07386454  0.67687184]]
[[ 0.          0.          0.5186244 ]
 [ 0.07869123  0.05718311  0.5295153 ]
 [-0.19849628  0.29297715  0.38002682]
 [-0.29466873  0.356159    0.00201374]
 [-0.42148906  0.45636243  0.        ]
 [-0.07906276 -0.05737248  0.50706387]
 [ 0.12946567  0.03496581  0.1973452 ]
 [ 0.44009498 -0.11506701  0.2928422 ]
 [ 0.5762046  -0.04364946  0.21676731]
 [-0.01883927  0.02245881  0.7468596 ]
 [-0.04817809  0.02848342  1.0009291 ]
 [-0.13151827  0.08092445  1.0873597 ]
 [-0.08929977  0.05419344  1.1993972 ]
 [-0.17253274 -0.02552009  0.9685    ]
 [-0.3771859  -0.04137811  0.8132168 ]
 [-0.32443663  0.18601203  0.8882029 ]
 [ 0.08201648  0.05708218  0.9401133 ]
 [ 0.2768382  -0.0039894   0.81889355]
 [ 0.3340916   0.05778947  0.60831904]]
[[ 0.          0.          0.5822473 ]
 [ 0.08249862  0.0607282   0.5922266 ]
 [-0.15382203  0.3125911   0.38051385]
 [-0.2556148   0.36618048  0.        ]
 [-0.38295895  0.46531865  0.00594836]
 [-0.0828973  -0.0609117   0.5716845 ]
 [ 0.05083486  0.02820215  0.24154603]
 [ 0.34452695 -0.17785686  0.4139418 ]
 [ 0.51517165 -0.12826252  0.40139666]
 [-0.01098364  0.03611296  0.8072957 ]
 [-0.04434187  0.05187005  1.0593578 ]
 [-0.1301598   0.10014051  1.1456902 ]
 [-0.08539297  0.07919395  1.257847  ]
 [-0.16334364 -0.00529933  1.0309311 ]
 [-0.33715695 -0.06827894  0.8458824 ]
 [-0.34308726  0.16999197  0.8233199 ]
 [ 0.08528633  0.0831472   0.9921338 ]
 [ 0.2450012   0.02694473  0.8262197 ]
 [ 0.24872011  0.10307597  0.6168342 ]]
[[ 0.          0.          0.66664326]
 [ 0.09036028  0.06731194  0.67692465]
 [-0.09736642  0.30893275  0.41262567]
 [-0.12789956  0.31363487  0.01506472]
 [-0.2571692   0.42198265  0.        ]
 [-0.09069537 -0.06743524  0.65594864]
 [-0.06884988  0.04701129  0.32469273]
 [ 0.22518694 -0.2219491   0.498044  ]
 [ 0.40029326 -0.18196455  0.5054411 ]
 [-0.00633857  0.05449453  0.8848733 ]
 [-0.04024711  0.08316499  1.1341476 ]
 [-0.1244247   0.13228273  1.2226195 ]
 [-0.08054298  0.11501169  1.3367805 ]
 [-0.15764257  0.01423857  1.107445  ]
 [-0.29237717 -0.09397379  0.8925723 ]
 [-0.3319798   0.11810729  0.76449394]
 [ 0.09327087  0.12700522  1.0600071 ]
 [ 0.19698663  0.11882469  0.8455943 ]
 [ 0.13854107  0.23737189  0.6775623 ]]
[[ 0.          0.          0.71753806]
 [ 0.09894432  0.08233477  0.7260344 ]
 [ 0.05177504  0.31083438  0.41580588]
 [ 0.1581564   0.18249398  0.05826539]
 [ 0.02424825  0.29774362  0.        ]
 [-0.09911823 -0.08218979  0.70888644]
 [-0.27332464  0.10610643  0.45275578]
 [ 0.02246526 -0.23298718  0.4735597 ]
 [ 0.13643186 -0.20383984  0.40429294]
 [-0.01196522  0.07802933  0.9283742 ]
 [-0.04398237  0.12723118  1.1761401 ]
 [-0.13610402  0.16974628  1.2683706 ]
 [-0.08630018  0.15280902  1.3747845 ]
 [-0.15811837  0.03560618  1.1505976 ]
 [-0.14997092 -0.11048239  0.9138682 ]
 [-0.14738248 -0.04879103  0.7845654 ]
 [ 0.08490179  0.20433599  1.1049926 ]
 [ 0.06422941  0.33790946  0.86872137]
 [-0.09883112  0.46151352  0.87180346]]
[[ 0.          0.          0.70247644]
 [ 0.09256238  0.08768858  0.7067889 ]
 [ 0.22154668  0.21115473  0.3852074 ]
 [ 0.4327768  -0.02348793  0.11936462]
 [ 0.35931116  0.05854845  0.        ]
 [-0.09263144 -0.08744839  0.6983239 ]
 [-0.31234747  0.21559072  0.56828946]
 [-0.19863369 -0.0218834   0.24470007]
 [-0.2879964   0.08091816  0.13291734]
 [-0.01557505  0.05762163  0.9196654 ]
 [-0.04778701  0.08276194  1.1707344 ]
 [-0.15185764  0.1188513   1.2617749 ]
 [-0.09845078  0.09484017  1.3644233 ]
 [-0.12759598 -0.03904215  1.1457437 ]
 [-0.03742521 -0.21912453  0.9629338 ]
 [ 0.01206852 -0.15084551  0.8408545 ]
 [ 0.04217688  0.19603622  1.1101184 ]
 [-0.08598092  0.3547092   0.93952334]
 [-0.22399902  0.31282163  1.0903959 ]]
[[ 0.          0.          0.6367085 ]
 [ 0.08224956  0.09140787  0.6428643 ]
 [ 0.26164845  0.15377702  0.33191854]
 [ 0.5314416  -0.11145902  0.1655901 ]
 [ 0.5434592  -0.08423454  0.        ]
 [-0.0822318  -0.09116518  0.63105696]
 [-0.3207137   0.14203049  0.4716802 ]
 [-0.35064065  0.08429718  0.0908528 ]
 [-0.47685248  0.20542961  0.048567  ]
 [-0.00191694  0.03034484  0.8563013 ]
 [-0.02483402  0.03757358  1.1092135 ]
 [-0.14639723  0.06337345  1.1939461 ]
 [-0.0990721   0.04617214  1.2972151 ]
 [-0.05071094 -0.09763226  1.0858682 ]
 [ 0.04429941 -0.30173588  0.9995495 ]
 [ 0.08611271 -0.21273519  0.8424339 ]
 [ 0.02345394  0.16860008  1.051671  ]
 [-0.10902907  0.3102305   0.89747214]
 [-0.21387243  0.28130436  1.0715346 ]]
[[ 0.          0.          0.5686351 ]
 [ 0.08575834  0.0819147   0.57781416]
 [ 0.19259863  0.0941363   0.22625428]
 [ 0.45908087 -0.27252644  0.20361131]
 [ 0.55665183 -0.27721316  0.09428018]
 [-0.08571823 -0.08171836  0.5601367 ]
 [-0.2871989   0.17349535  0.3513618 ]
 [-0.35256812  0.26161945  0.        ]
 [-0.471911    0.3849378   0.00610167]
 [-0.00606165  0.03484589  0.78585017]
 [-0.03747775  0.03586078  1.0369289 ]
 [-0.16360986  0.06545728  1.1236072 ]
 [-0.11249788  0.04899508  1.2311378 ]
 [-0.06361376 -0.09453696  1.0000151 ]
 [ 0.0271524  -0.28837812  0.8774761 ]
 [ 0.00797264 -0.21796787  0.695191  ]
 [ 0.00981834  0.16377747  0.98505825]
 [-0.0664954   0.32603967  0.8014999 ]
 [-0.22968513  0.33906308  0.90103716]]
[[ 0.          0.          0.5805971 ]
 [ 0.09429036  0.08403613  0.5860221 ]
 [ 0.07921807  0.0846329   0.21589693]
 [ 0.31532165 -0.3770412   0.29374456]
 [ 0.44649136 -0.42180407  0.24243796]
 [-0.09435827 -0.0839008   0.57573605]
 [-0.22312179  0.24107194  0.34759578]
 [-0.19630444  0.36916664  0.0130654 ]
 [-0.31139025  0.52779704  0.        ]
 [-0.02891276  0.04862458  0.79542863]
 [-0.07674831  0.06215352  1.0457553 ]
 [-0.19140752  0.09405416  1.1408207 ]
 [-0.13475429  0.07263774  1.2461047 ]
 [-0.14893135 -0.06074396  1.001779  ]
 [-0.08559613 -0.21303487  0.78484213]
 [-0.15951411 -0.09742143  0.6467978 ]
 [ 0.01165041  0.17452866  0.996819  ]
 [-0.02012551  0.3117488   0.7750232 ]
 [-0.1761992   0.35622776  0.7414579 ]]
[[ 0.          0.          0.58577526]
 [ 0.08916339  0.09112059  0.58849704]
 [-0.10099207  0.13281557  0.26137578]
 [ 0.15334043 -0.33035186  0.35144168]
 [ 0.27612513 -0.36619955  0.263511  ]
 [-0.08930884 -0.09111503  0.5834204 ]
 [-0.09772369  0.20751998  0.29214722]
 [ 0.05695538  0.34092146  0.03802103]
 [-0.0627078   0.50983113  0.        ]
 [-0.03603492  0.03816167  0.80341256]
 [-0.08808018  0.05383569  1.0555059 ]
 [-0.20025371  0.08553708  1.1558163 ]
 [-0.13704515  0.06053346  1.2613539 ]
 [-0.1777468  -0.06698376  1.0132054 ]
 [-0.23393098 -0.19998176  0.78246635]
 [-0.34381413 -0.04223749  0.73178047]
 [ 0.01654842  0.15159762  1.0036641 ]
 [ 0.08973496  0.24327177  0.7733166 ]
 [ 0.03899594  0.34195024  0.6070355 ]]
[[ 0.          0.          0.55599463]
 [ 0.06568339  0.08933967  0.56981194]
 [-0.25680995  0.20527825  0.38909748]
 [-0.02383298 -0.04467061  0.26706997]
 [-0.03742028 -0.00864273  0.11382914]
 [-0.06586771 -0.08952508  0.54183656]
 [ 0.08778426  0.03612939  0.24415007]
 [ 0.358138    0.08420956  0.09991547]
 [ 0.30139062  0.24369568  0.        ]
 [-0.03467447  0.01488782  0.7852159 ]
 [-0.07477036  0.02899951  1.0408524 ]
 [-0.17168772  0.06919169  1.134742  ]
 [-0.12001127  0.04135764  1.2418678 ]
 [-0.18170545 -0.0618405   1.006882  ]
 [-0.37370777 -0.15597421  0.83736145]
 [-0.3676624   0.05141452  0.9437435 ]
 [ 0.038358    0.09571594  0.9882379 ]
 [ 0.22521742  0.11816818  0.8500322 ]
 [ 0.2748986   0.18993491  0.6237719 ]]
[[ 0.          0.          0.5305627 ]
 [ 0.06097031  0.08360527  0.5452678 ]
 [-0.28554183  0.1964727   0.41062143]
 [-0.16826385  0.09705549  0.10058907]
 [-0.2793187   0.17511308  0.00600511]
 [-0.06112747 -0.08382743  0.51526934]
 [ 0.16209109  0.01421708  0.23953563]
 [ 0.475397    0.0036031   0.1484274 ]
 [ 0.49035788  0.13079837  0.        ]
 [-0.03085882  0.01549223  0.7595062 ]
 [-0.06614731  0.02300459  1.0171481 ]
 [-0.15406787  0.0762549   1.1068525 ]
 [-0.11400491  0.04673576  1.2177453 ]
 [-0.18418588 -0.05176017  0.9905359 ]
 [-0.4059107  -0.09101778  0.85595477]
 [-0.34300095  0.10627416  0.9990258 ]
 [ 0.0550443   0.07430971  0.95834374]
 [ 0.26918143  0.04566157  0.8626903 ]
 [ 0.3537868   0.10375725  0.6505545 ]]
[[ 0.          0.          0.520144  ]
 [ 0.07133739  0.06540233  0.5341038 ]
 [-0.21140587  0.29679418  0.39253202]
 [-0.26752937  0.3427914   0.02349937]
 [-0.39757     0.43942493  0.        ]
 [-0.07168426 -0.06555831  0.50555384]
 [ 0.13546148  0.02345866  0.21614444]
 [ 0.45495737 -0.12270212  0.29963785]
 [ 0.5838074  -0.04611439  0.21028715]
 [-0.02043914  0.03226776  0.74643505]
 [-0.0525346   0.04382926  1.0011585 ]
 [-0.14046076  0.09248084  1.0868595 ]
 [-0.09493871  0.06394261  1.1966819 ]
 [-0.17444432 -0.01879385  0.9689485 ]
 [-0.37658745 -0.07141984  0.8147834 ]
 [-0.3395968   0.16183698  0.87806123]
 [ 0.07205258  0.07881337  0.93908674]
 [ 0.26419154  0.01939315  0.822997  ]
 [ 0.30948836  0.09872401  0.60347563]]
[[ 0.          0.          0.5688108 ]
 [ 0.07835306  0.0639713   0.5798253 ]
 [-0.15959778  0.3307749   0.3865663 ]
 [-0.24149203  0.38618726  0.00743955]
 [-0.36209375  0.48930636  0.        ]
 [-0.078732   -0.06411831  0.55723447]
 [ 0.05999793  0.00995931  0.24315333]
 [ 0.35465762 -0.19149905  0.40416676]
 [ 0.5247153  -0.1382922   0.37535125]
 [-0.01370779  0.03772888  0.79290426]
 [-0.04742975  0.05383444  1.0458317 ]
 [-0.13722655  0.09752452  1.1343496 ]
 [-0.09040689  0.07520068  1.2434677 ]
 [-0.16461276 -0.01076117  1.013306  ]
 [-0.33880877 -0.08854288  0.83246696]
 [-0.35018137  0.1461517   0.80138004]
 [ 0.07733878  0.09310117  0.97999996]
 [ 0.23509122  0.04344764  0.8163221 ]
 [ 0.22001556  0.14096978  0.6062918 ]]
[[ 0.          0.          0.6274018 ]
 [ 0.08463244  0.06753334  0.6383272 ]
 [-0.11867869  0.3304192   0.40820238]
 [-0.14688408  0.35072863  0.01538897]
 [-0.27127555  0.46053606  0.        ]
 [-0.08496977 -0.06765347  0.61603487]
 [-0.0212172   0.0272066   0.29024747]
 [ 0.261151   -0.21805313  0.47756982]
 [ 0.4301041  -0.17230025  0.47380567]
 [-0.00824337  0.05025661  0.84762067]
 [-0.04387537  0.07425776  1.0989597 ]
 [-0.13383403  0.11748207  1.1917198 ]
 [-0.08535267  0.0991236   1.3000078 ]
 [-0.15619126  0.00225624  1.0698848 ]
 [-0.29929367 -0.0997231   0.86267877]
 [-0.3421588   0.11912149  0.75334275]
 [ 0.082635    0.12371698  1.027107  ]
 [ 0.19502567  0.11315733  0.8232451 ]
 [ 0.12204758  0.22032392  0.65084314]]
[[ 0.          0.          0.6869658 ]
 [ 0.09468714  0.08401468  0.7003621 ]
 [ 0.01722284  0.3171612   0.398198  ]
 [ 0.13155183  0.21098387  0.05507427]
 [-0.0085515   0.32553634  0.        ]
 [-0.09486359 -0.08389923  0.67341286]
 [-0.22853354  0.08233362  0.4005291 ]
 [ 0.07626966 -0.23729737  0.4762562 ]
 [ 0.1918568  -0.20005608  0.4153748 ]
 [-0.00895626  0.07497248  0.898537  ]
 [-0.03973661  0.11986977  1.1460701 ]
 [-0.13473594  0.1572839   1.2408258 ]
 [-0.08452256  0.14046508  1.3460332 ]
 [-0.14493711  0.0237641   1.1216481 ]
 [-0.15786183 -0.13171771  0.891366  ]
 [-0.20264313 -0.01526405  0.7406794 ]
 [ 0.08172376  0.20046565  1.0738485 ]
 [ 0.07794883  0.323958    0.84159684]
 [-0.08306468  0.43036366  0.8349863 ]]
[[ 0.00000000e+00  0.00000000e+00  6.73270464e-01]
 [ 9.19942185e-02  8.89132991e-02  6.78821445e-01]
 [ 2.23217621e-01  1.98930264e-01  3.59401226e-01]
 [ 4.52850997e-01 -4.19144034e-02  1.32832229e-01]
 [ 3.91474992e-01  2.59048939e-02  0.00000000e+00]
 [-9.19746608e-02 -8.86458829e-02  6.67945325e-01]
 [-2.98674285e-01  2.17255801e-01  5.09601235e-01]
 [-1.61339179e-01  1.18443370e-03  2.14089602e-01]
 [-2.50668377e-01  1.06325328e-01  1.01441860e-01]
 [-8.32246244e-03  5.98509908e-02  8.84318233e-01]
 [-3.99220735e-02  7.60046840e-02  1.13581049e+00]
 [-1.43192530e-01  1.07949853e-01  1.23088121e+00]
 [-9.63072926e-02  8.10554624e-02  1.33230782e+00]
 [-1.01721615e-01 -5.39416969e-02  1.10646367e+00]
 [-1.61543489e-04 -2.76674628e-01  1.00400782e+00]
 [ 2.14639679e-02 -1.95023447e-01  8.38357210e-01]
 [ 3.50428373e-02  1.98191553e-01  1.07455707e+00]
 [-8.06154609e-02  3.58061165e-01  8.96157801e-01]
 [-2.11502492e-01  3.49618614e-01  1.04697347e+00]]
[[ 0.          0.          0.60346305]
 [ 0.08402674  0.08920321  0.61078644]
 [ 0.25483227  0.1613371   0.307082  ]
 [ 0.5393683  -0.10556805  0.16077083]
 [ 0.5499166  -0.08367836  0.        ]
 [-0.08394161 -0.08892681  0.5966346 ]
 [-0.2962125   0.18848836  0.43039167]
 [-0.27984414  0.1081655   0.0735575 ]
 [-0.39482248  0.23417374  0.01434827]
 [ 0.0067086   0.04061572  0.81710595]
 [-0.01027877  0.04196179  1.068573  ]
 [-0.1380791   0.07093275  1.1541133 ]
 [-0.08785477  0.04961199  1.2595444 ]
 [-0.03117262 -0.09283799  1.043464  ]
 [ 0.06038396 -0.29666027  0.962171  ]
 [ 0.08082181 -0.18009633  0.79030526]
 [ 0.0291204   0.17351839  1.0054425 ]
 [-0.09418169  0.31618223  0.83540785]
 [-0.21370012  0.29679212  0.9993416 ]]
[[ 0.          0.          0.5516496 ]
 [ 0.08345969  0.08209363  0.5630343 ]
 [ 0.18872428  0.11054696  0.22163317]
 [ 0.46620739 -0.2601773   0.21677697]
 [ 0.5661224  -0.2751493   0.1055482 ]
 [-0.0833481  -0.08185573  0.5409384 ]
 [-0.25166965  0.21386705  0.33757687]
 [-0.2718915   0.3146777   0.01126993]
 [-0.38357055  0.44176638  0.        ]
 [ 0.00252818  0.04095766  0.76400375]
 [-0.02062318  0.04005736  1.0137197 ]
 [-0.15092176  0.06740201  1.1041442 ]
 [-0.10067567  0.04894871  1.2090201 ]
 [-0.03823755 -0.08911178  0.9772372 ]
 [ 0.04409279 -0.2774568   0.85450685]
 [-0.00211723 -0.2006129   0.66868055]
 [ 0.01534154  0.16737902  0.9592473 ]
 [-0.04665071  0.33380234  0.76634556]
 [-0.21408725  0.36858976  0.84815043]]
[[ 0.          0.          0.5714885 ]
 [ 0.08821333  0.08643965  0.5821098 ]
 [ 0.07360008  0.09582198  0.2110424 ]
 [ 0.33091277 -0.35712975  0.2927855 ]
 [ 0.46179843 -0.40331623  0.22045115]
 [-0.08820355 -0.0863063   0.56141293]
 [-0.17243877  0.2532704   0.32441455]
 [-0.1102806   0.39491642  0.01945913]
 [-0.2377272   0.55069417  0.        ]
 [-0.01010985  0.04975136  0.78291273]
 [-0.04662075  0.05058372  1.0334632 ]
 [-0.16600217  0.07792258  1.1368471 ]
 [-0.10857719  0.05530435  1.2361885 ]
 [-0.1067742  -0.07995221  0.988019  ]
 [-0.08348013 -0.22770573  0.7650582 ]
 [-0.17475073 -0.09641655  0.65892565]
 [ 0.02769408  0.16708547  0.9828696 ]
 [ 0.01991858  0.29771537  0.7563166 ]
 [-0.11096939  0.35084963  0.7123219 ]]
[[ 0.          0.          0.54401153]
 [ 0.07913833  0.0931447   0.5565148 ]
 [-0.11114171  0.16028924  0.2328853 ]
 [ 0.16482463 -0.2527027   0.3213763 ]
 [ 0.25253144 -0.28031462  0.20589808]
 [-0.07922712 -0.09313621  0.5317817 ]
 [-0.05295329  0.17949991  0.25460705]
 [ 0.16520825  0.32038903  0.05219865]
 [ 0.05834867  0.4921525   0.        ]
 [-0.02092493  0.02801104  0.76384985]
 [-0.05929528  0.03182423  1.017066  ]
 [-0.175281    0.06135702  1.1237733 ]
 [-0.11287576  0.03273046  1.2210388 ]
 [-0.14605232 -0.09244934  0.9789746 ]
 [-0.20398492 -0.23510443  0.7524991 ]
 [-0.31400216 -0.04839671  0.72373146]
 [ 0.03806498  0.13410497  0.9607401 ]
 [ 0.1104353   0.24579969  0.7444787 ]
 [ 0.06436844  0.37183848  0.5767635 ]]
[[ 0.          0.          0.50489056]
 [ 0.05931327  0.08889114  0.52328444]
 [-0.26533487  0.20704395  0.34747717]
 [-0.03849592 -0.02184549  0.21147177]
 [-0.08168401  0.02728462  0.06304574]
 [-0.05947688 -0.08904661  0.48614186]
 [ 0.09260745  0.0150581   0.20557818]
 [ 0.3955599   0.06549287  0.10950106]
 [ 0.37607414  0.21151006  0.        ]
 [-0.02826112  0.01284358  0.73316693]
 [-0.06307729  0.0239203   0.98899525]
 [-0.1602749   0.06374717  1.083301  ]
 [-0.10259555  0.0353657   1.1894333 ]
 [-0.16356352 -0.07532376  0.95437056]
 [-0.33301106 -0.20354211  0.7809303 ]
 [-0.35284314  0.01052955  0.8626853 ]
 [ 0.03999804  0.0952616   0.9317929 ]
 [ 0.21413045  0.0908339   0.8039702 ]
 [ 0.242983    0.18716502  0.57541573]]
[[ 0.          0.          0.48933622]
 [ 0.0629492   0.08417001  0.5096077 ]
 [-0.26873612  0.28032833  0.3951837 ]
 [-0.19387272  0.22960773  0.07381278]
 [-0.31612295  0.32555455  0.        ]
 [-0.06318988 -0.08430297  0.46852565]
 [ 0.11392896  0.02896044  0.17651835]
 [ 0.46682125 -0.04682833  0.17928228]
 [ 0.5433297   0.05719429  0.08435634]
 [-0.0246549   0.02512118  0.7176048 ]
 [-0.0574785   0.03821021  0.9728749 ]
 [-0.14709961  0.08581108  1.0635532 ]
 [-0.09219787  0.05515444  1.170975  ]
 [-0.16784567 -0.04894125  0.9404079 ]
 [-0.35883772 -0.14907646  0.7877431 ]
 [-0.35696587  0.08735111  0.8521559 ]
 [ 0.05520246  0.10018194  0.9142803 ]
 [ 0.25363213  0.07128558  0.8071372 ]
 [ 0.28941014  0.170001    0.58422303]]
[[ 0.          0.          0.5013957 ]
 [ 0.06783196  0.07639776  0.51711994]
 [-0.2268363   0.3219077   0.3942891 ]
 [-0.2687406   0.361726    0.02246577]
 [-0.40534866  0.45903015  0.        ]
 [-0.06815456 -0.07651316  0.4851368 ]
 [ 0.07210194  0.02248323  0.16443318]
 [ 0.4115865  -0.12818669  0.25352874]
 [ 0.549769   -0.05881092  0.19110304]
 [-0.01832733  0.04403415  0.7256664 ]
 [-0.05138323  0.06570321  0.9794909 ]
 [-0.14251494  0.10620177  1.0701746 ]
 [-0.08610754  0.07942683  1.1761479 ]
 [-0.16140097 -0.0151355   0.9447091 ]
 [-0.3349782  -0.12194812  0.77866423]
 [-0.36453882  0.11608702  0.77478033]
 [ 0.06219322  0.1200293   0.9181728 ]
 [ 0.2337422   0.07859913  0.77578497]
 [ 0.2449776   0.1757217   0.5518876 ]]
[[ 0.0000000e+00  0.0000000e+00  5.2237201e-01]
 [ 6.8869494e-02  7.3456608e-02  5.3655058e-01]
 [-1.9617936e-01  3.3963293e-01  3.8520366e-01]
 [-2.5445056e-01  3.8922068e-01  1.4894962e-02]
 [-3.8937473e-01  4.8830402e-01  0.0000000e+00]
 [-6.9239751e-02 -7.3541053e-02  5.0769967e-01]
 [ 2.8449018e-02  2.4049670e-02  1.7097351e-01]
 [ 3.4389412e-01 -1.5038541e-01  2.9153442e-01]
 [ 5.0006604e-01 -9.7045332e-02  2.4480391e-01]
 [-1.5587706e-02  5.4127142e-02  7.4197483e-01]
 [-5.0733626e-02  8.3788216e-02  9.9438417e-01]
 [-1.3890666e-01  1.1935401e-01  1.0892456e+00]
 [-8.1708729e-02  9.5190108e-02  1.1918250e+00]
 [-1.5605643e-01  1.0444820e-03  9.5769167e-01]
 [-3.1225914e-01 -1.1358076e-01  7.7564597e-01]
 [-3.7196755e-01  1.1072746e-01  7.0600462e-01]
 [ 6.1675236e-02  1.3754472e-01  9.3028969e-01]
 [ 1.9954097e-01  8.4124625e-02  7.5758070e-01]
 [ 1.8385661e-01  1.8127334e-01  5.4767627e-01]]
[[ 0.          0.          0.5729776 ]
 [ 0.07430965  0.07790212  0.5856798 ]
 [-0.15656054  0.3484807   0.39049327]
 [-0.15121281  0.38356632  0.03377485]
 [-0.29900974  0.4892135   0.        ]
 [-0.07462584 -0.07790505  0.55989003]
 [-0.06607798  0.03144941  0.2259632 ]
 [ 0.24368441 -0.1651198   0.33027777]
 [ 0.39272118 -0.1136691   0.2672022 ]
 [-0.0162058   0.0744009   0.7855864 ]
 [-0.05811457  0.11513358  1.034276  ]
 [-0.14392175  0.14641964  1.1369224 ]
 [-0.08382405  0.11928064  1.2355666 ]
 [-0.1578079   0.01989064  0.9953284 ]
 [-0.27235356 -0.12228553  0.7936437 ]
 [-0.33106726  0.07529241  0.6684237 ]
 [ 0.05505209  0.17945528  0.96951157]
 [ 0.14221314  0.17481247  0.76184016]
 [ 0.07508235  0.29288372  0.60782784]]
[[ 0.          0.          0.62587345]
 [ 0.09095927  0.08915462  0.6297895 ]
 [ 0.001717    0.32019106  0.3474651 ]
 [ 0.20415658  0.18178123  0.07410771]
 [ 0.08160377  0.29257163  0.        ]
 [-0.09096009 -0.08890828  0.621936  ]
 [-0.26276612  0.2179136   0.39464343]
 [ 0.02342412 -0.02257514  0.27218577]
 [-0.00987088  0.07272214  0.13814119]
 [-0.01543022  0.10047156  0.8269608 ]
 [-0.05290841  0.15341419  1.067494  ]
 [-0.13623416  0.18228525  1.176056  ]
 [-0.07766031  0.14313924  1.2652624 ]
 [-0.14054446  0.02707323  1.033211  ]
 [-0.1082522  -0.16779695  0.8415743 ]
 [-0.07874639 -0.11413163  0.66397554]
 [ 0.03787228  0.25011542  1.0021671 ]
 [-0.03471696  0.34753284  0.802417  ]
 [-0.21538341  0.41443664  0.8304362 ]]
[[ 0.          0.          0.6145001 ]
 [ 0.08005153  0.09039956  0.62409145]
 [ 0.19618152  0.1726144   0.2828101 ]
 [ 0.48325688 -0.07070661  0.12296909]
 [ 0.46640027 -0.03397161  0.        ]
 [-0.07994691 -0.09012137  0.6054028 ]
 [-0.29596415  0.17974475  0.4228095 ]
 [-0.33199197  0.09290975  0.09744972]
 [-0.46331137  0.2257056   0.04544085]
 [ 0.0102314   0.04119597  0.8215047 ]
 [-0.00346597  0.03386661  1.0720613 ]
 [-0.10616773  0.05304831  1.1755624 ]
 [-0.04412763  0.02245384  1.2694204 ]
 [-0.01351533 -0.09856507  1.0377395 ]
 [ 0.09908764 -0.32110962  0.95660025]
 [ 0.11660667 -0.26796713  0.788151  ]
 [ 0.02566184  0.16462818  1.0159745 ]
 [-0.10256921  0.30734888  0.88417184]
 [-0.23503563  0.295523    1.0415804 ]]
[[ 0.          0.          0.5602571 ]
 [ 0.06937501  0.07806454  0.5727823 ]
 [ 0.22529861  0.09172963  0.25263745]
 [ 0.5165296  -0.17045188  0.11503702]
 [ 0.56944394 -0.15804112  0.        ]
 [-0.06923822 -0.07782366  0.5484323 ]
 [-0.27883482  0.15503377  0.3443122 ]
 [-0.422995    0.18868667  0.03870952]
 [-0.54750216  0.31227356  0.02302074]
 [ 0.02861894  0.02780841  0.7657661 ]
 [ 0.03158316  0.00531977  1.0126162 ]
 [-0.06719575  0.01969922  1.11939   ]
 [-0.00665271 -0.00529057  1.2064103 ]
 [ 0.04206683 -0.11355606  0.9709539 ]
 [ 0.15872452 -0.31581035  0.87862885]
 [ 0.15533847 -0.24401607  0.71432376]
 [ 0.03663002  0.12920749  0.9654164 ]
 [-0.09031099  0.25607923  0.85048974]
 [-0.21246088  0.25507438  0.99518275]]
[[ 0.00000000e+00  0.00000000e+00  5.25144398e-01]
 [ 6.75615817e-02  7.38829151e-02  5.39702356e-01]
 [ 2.23052084e-01  9.13652778e-02  2.04131007e-01]
 [ 5.20205498e-01 -1.97183400e-01  1.27630621e-01]
 [ 6.01174474e-01 -1.97154820e-01  2.67589092e-02]
 [-6.73878789e-02 -7.36517981e-02  5.11305630e-01]
 [-2.52024412e-01  1.76454857e-01  2.94104725e-01]
 [-4.00348306e-01  2.56263137e-01  1.01171136e-02]
 [-5.24783731e-01  3.75158966e-01  0.00000000e+00]
 [ 3.43385637e-02  2.70770490e-02  7.31717408e-01]
 [ 4.48123254e-02 -2.52217054e-04  9.77176249e-01]
 [-5.24789393e-02  1.13546252e-02  1.08404493e+00]
 [ 1.20475553e-02 -1.06260777e-02  1.17032766e+00]
 [ 5.35380393e-02 -1.13928944e-01  9.27276969e-01]
 [ 1.59459174e-01 -2.97387362e-01  7.99472570e-01]
 [ 1.23129219e-01 -2.11717993e-01  6.41395569e-01]
 [ 4.78168987e-02  1.21964872e-01  9.35357511e-01]
 [-6.32830113e-02  2.76487291e-01  8.09483171e-01]
 [-2.04261065e-01  2.90834308e-01  9.22211528e-01]]
[[ 0.          0.          0.54654956]
 [ 0.06760901  0.07712426  0.5591537 ]
 [ 0.13521701  0.07721782  0.16456363]
 [ 0.42253423 -0.27669144  0.20187515]
 [ 0.544397   -0.309519    0.12566185]
 [-0.06746138 -0.0769624   0.5345329 ]
 [-0.18511045  0.24881393  0.3165236 ]
 [-0.19437495  0.3733663   0.02854264]
 [-0.29838008  0.517259    0.        ]
 [ 0.0403792   0.02477595  0.74792767]
 [ 0.06339897 -0.00467622  0.989537  ]
 [-0.02573149  0.01233304  1.1050682 ]
 [ 0.05054874 -0.01704496  1.1858971 ]
 [ 0.04014239 -0.12405166  0.93057513]
 [ 0.08056943 -0.2640453   0.71583486]
 [-0.0787977  -0.15017681  0.62794733]
 [ 0.08464855  0.11967862  0.9575323 ]
 [ 0.01886491  0.29272836  0.7857449 ]
 [-0.1798135   0.35955346  0.79002756]]
[[ 0.          0.          0.5856246 ]
 [ 0.04183286  0.09689235  0.5987971 ]
 [-0.1639092   0.119661    0.2968663 ]
 [ 0.16357407 -0.14314914  0.230246  ]
 [ 0.27271652 -0.15292192  0.14749768]
 [-0.04187173 -0.09685904  0.5727775 ]
 [-0.11058575  0.19575764  0.3131944 ]
 [ 0.07019982  0.38253346  0.05877006]
 [-0.01957132  0.5545629   0.        ]
 [ 0.00435986  0.02091531  0.7925207 ]
 [-0.00524635 -0.00254917  1.0395857 ]
 [-0.08554005  0.01491898  1.1704571 ]
 [ 0.00652386 -0.02347904  1.2373486 ]
 [-0.06137222 -0.13618681  0.98776597]
 [-0.19820593 -0.25156128  0.78098744]
 [-0.34536046 -0.05702434  0.78109026]
 [ 0.04285124  0.11997616  0.9983771 ]
 [ 0.06493989  0.2849682   0.8051615 ]
 [ 0.04675324  0.390471    0.66025245]]
[[ 0.          0.          0.6272478 ]
 [ 0.02612362  0.09749903  0.6424348 ]
 [-0.37701017  0.09702111  0.5278261 ]
 [-0.27637023 -0.07188761  0.16310239]
 [-0.39991695 -0.01704252  0.1053955 ]
 [-0.02616929 -0.09778295  0.6116606 ]
 [ 0.09970526  0.04367894  0.29189938]
 [ 0.3866107   0.15161046  0.10255432]
 [ 0.36495394  0.26628846  0.        ]
 [-0.01904364  0.01856901  0.8444986 ]
 [-0.03964679  0.01571792  1.100718  ]
 [-0.08635668  0.05278921  1.2178469 ]
 [-0.00789116  0.0178957   1.2936147 ]
 [-0.13392736 -0.08561853  1.0635206 ]
 [-0.3565197  -0.19091558  0.9537929 ]
 [-0.35299075  0.01171649  1.0831304 ]
 [ 0.05105069  0.10374337  1.0448617 ]
 [ 0.22234765  0.18357849  0.91199535]
 [ 0.3141986   0.32726622  0.79880804]]
[[ 0.0000000e+00  0.0000000e+00  5.5816537e-01]
 [ 1.6354376e-02  8.4624842e-02  5.7267118e-01]
 [-3.8378072e-01  8.2186341e-02  4.9492657e-01]
 [-4.8153424e-01 -3.4348667e-02  9.5261455e-02]
 [-6.3560456e-01  2.4840385e-02  1.0750830e-01]
 [-1.6447688e-02 -8.4943309e-02  5.4315847e-01]
 [ 1.6816774e-01  3.2326937e-02  2.2674140e-01]
 [ 4.8329449e-01  9.9684566e-02  1.0699630e-01]
 [ 5.1712537e-01  1.8627888e-01  0.0000000e+00]
 [-5.2476488e-03  1.6428873e-02  7.7709836e-01]
 [-1.7089998e-02 -1.6415119e-04  1.0303319e+00]
 [-5.9414446e-02  4.4427454e-02  1.1407323e+00]
 [ 2.2988103e-02  6.7139864e-03  1.2214868e+00]
 [-1.1899467e-01 -8.5707426e-02  9.9343300e-01]
 [-3.5574615e-01 -1.6970217e-01  9.1145885e-01]
 [-3.2782620e-01  3.4513414e-02  1.0191835e+00]
 [ 8.0230057e-02  7.9060972e-02  9.7765684e-01]
 [ 2.7687204e-01  1.7165321e-01  8.7939250e-01]
 [ 3.6673436e-01  3.3649486e-01  8.5703850e-01]]
[[ 0.          0.          0.49993935]
 [ 0.01299007  0.07425192  0.5118219 ]
 [-0.37782335  0.08387151  0.43052864]
 [-0.5482327   0.02239564  0.06099543]
 [-0.70342106  0.07516885  0.08922294]
 [-0.01314428 -0.07459403  0.48751572]
 [ 0.17064217 -0.00678381  0.15402946]
 [ 0.49403912  0.02086732  0.10302395]
 [ 0.5676235   0.09252146  0.        ]
 [ 0.00141451  0.00334488  0.7231392 ]
 [-0.00215833 -0.02069929  0.9744025 ]
 [-0.04545458  0.02380645  1.0839367 ]
 [ 0.03689894 -0.0183509   1.1630005 ]
 [-0.10400341 -0.09242505  0.9349401 ]
 [-0.33479714 -0.16403073  0.83551276]
 [-0.3396172   0.04366437  0.9120282 ]
 [ 0.09443314  0.04944503  0.9218413 ]
 [ 0.3003056   0.15102553  0.84423935]
 [ 0.38211986  0.32612026  0.8972664 ]]
[[ 0.          0.          0.42005044]
 [ 0.01127116  0.06486894  0.42950737]
 [-0.35911572  0.12729979  0.33475482]
 [-0.58002436  0.10639989  0.        ]
 [-0.7363342   0.15512413  0.03575584]
 [-0.01148002 -0.06522822  0.4100445 ]
 [ 0.15788463 -0.02408174  0.06896612]
 [ 0.45593965 -0.06706789  0.08817559]
 [ 0.56344914 -0.00659364  0.00418139]
 [ 0.01182066  0.00442988  0.64581823]
 [ 0.01677977 -0.02126881  0.8970766 ]
 [-0.02703872  0.02076393  1.0081009 ]
 [ 0.05596311 -0.02472681  1.0836577 ]
 [-0.08221572 -0.07864866  0.8538737 ]
 [-0.2992276  -0.1401528   0.7234686 ]
 [-0.34145537  0.06786442  0.7550181 ]
 [ 0.11147629  0.03699508  0.8452177 ]
 [ 0.3165989   0.13771015  0.79307705]
 [ 0.3872034   0.30220562  0.9061542 ]]
[[ 0.          0.          0.43750218]
 [ 0.01183231  0.05628569  0.44458675]
 [-0.31962073  0.18955919  0.2933642 ]
 [-0.59051335  0.20882747  0.        ]
 [-0.74012053  0.25324237  0.03678793]
 [-0.01214677 -0.05664334  0.4299143 ]
 [ 0.10121703 -0.05076683  0.07446361]
 [ 0.35010886 -0.19998133  0.16236886]
 [ 0.49612868 -0.1605576   0.12866053]
 [ 0.02921826  0.00853199  0.66212255]
 [ 0.0461231  -0.01636744  0.9133661 ]
 [ 0.00366991  0.02397287  1.0271682 ]
 [ 0.08481795 -0.01925856  1.1006068 ]
 [-0.04199063 -0.05791801  0.8610589 ]
 [-0.22823882 -0.10468444  0.6859235 ]
 [-0.2979378   0.09017897  0.6470263 ]
 [ 0.13065192  0.02756965  0.86626244]
 [ 0.30402228  0.10987988  0.8637146 ]
 [ 0.3541977   0.2492463   1.0054648 ]]
[[ 0.0000000e+00  0.0000000e+00  4.8054871e-01]
 [ 6.7513967e-03  5.1967695e-02  4.8809358e-01]
 [-2.9310632e-01  1.9904314e-01  2.7852151e-01]
 [-5.6866652e-01  2.4092866e-01  0.0000000e+00]
 [-7.1604472e-01  2.7935794e-01  2.9967755e-02]
 [-7.0226733e-03 -5.2330516e-02  4.7256783e-01]
 [ 2.8191105e-02 -8.3786249e-02  1.1256012e-01]
 [ 2.4456668e-01 -3.0811739e-01  2.1531734e-01]
 [ 4.1196436e-01 -2.9193950e-01  2.1555430e-01]
 [ 4.0864669e-02  1.6266704e-03  7.0269787e-01]
 [ 7.0109293e-02 -2.1644205e-02  9.5323074e-01]
 [ 3.1384267e-02  1.5319705e-02  1.0697392e+00]
 [ 1.1179745e-01 -2.5086403e-02  1.1412488e+00]
 [ 1.7185695e-04 -5.6281328e-02  8.9594674e-01]
 [-1.4936522e-01 -9.6332699e-02  7.0143020e-01]
 [-2.1949147e-01  8.5174710e-02  6.2216926e-01]
 [ 1.3817173e-01  2.1289766e-02  9.1299087e-01]
 [ 2.7872890e-01  1.0492399e-01  9.7817260e-01]
 [ 3.2321373e-01  2.1940464e-01  1.1363251e+00]]
[[ 0.          0.          0.5840149 ]
 [-0.00351359  0.07128713  0.6002856 ]
 [-0.23420238  0.18553266  0.32048094]
 [-0.44971156  0.23208016  0.        ]
 [-0.5928212   0.27383614  0.00716805]
 [ 0.00336792 -0.07158417  0.56753486]
 [-0.11157805 -0.06940433  0.24965811]
 [ 0.11135319 -0.33406985  0.34859303]
 [ 0.27408278 -0.33214557  0.36019683]
 [ 0.05780052 -0.00227213  0.7995538 ]
 [ 0.10370224 -0.02992219  1.0470306 ]
 [ 0.06141268 -0.01029199  1.172081  ]
 [ 0.15368384 -0.02705872  1.2390703 ]
 [ 0.06529358 -0.07945287  0.98998433]
 [-0.0316046  -0.15131035  0.8400509 ]
 [-0.06189358  0.03107424  0.7204857 ]
 [ 0.13836616  0.03104421  1.0107659 ]
 [ 0.2078922   0.08464795  1.213459  ]
 [ 0.2382988   0.13866216  1.3936323 ]]
[[ 0.          0.          0.75136065]
 [-0.00434036  0.10299802  0.772865  ]
 [-0.12300432  0.11559379  0.41278416]
 [-0.15301812  0.12588406  0.05868584]
 [-0.23669931  0.17376626  0.        ]
 [ 0.00457676 -0.10306903  0.729895  ]
 [-0.33624807 -0.03807944  0.5894914 ]
 [-0.0385152  -0.098747    0.53949475]
 [ 0.00197454 -0.09941059  0.44685137]
 [ 0.09229198  0.02113864  0.9528148 ]
 [ 0.16520298 -0.01749393  1.1954758 ]
 [ 0.09846948 -0.00814253  1.32752   ]
 [ 0.2056266  -0.00940078  1.3900983 ]
 [ 0.16980606 -0.11900651  1.1186366 ]
 [ 0.18113229 -0.2786973   0.9549879 ]
 [ 0.2657293  -0.26973343  0.8276657 ]
 [ 0.14661095  0.10071969  1.183119  ]
 [ 0.11267684  0.20093781  1.4144223 ]
 [ 0.09834409  0.12254709  1.6234372 ]]
[[ 0.          0.          0.7936319 ]
 [ 0.00597797  0.11034491  0.80614704]
 [-0.02190292  0.06126004  0.45265532]
 [ 0.07785071  0.02231926  0.11392295]
 [ 0.04420373  0.05607355  0.        ]
 [-0.00565863 -0.11031775  0.78147113]
 [-0.40819257 -0.08806685  0.73178715]
 [-0.28437608 -0.16161105  0.47301117]
 [-0.37176228 -0.11909103  0.3951016 ]
 [ 0.10799882  0.01676354  0.98243207]
 [ 0.19365646 -0.03183326  1.218259  ]
 [ 0.1263036  -0.02806062  1.3462287 ]
 [ 0.22667885 -0.02871805  1.4073491 ]
 [ 0.23211119 -0.13431975  1.1379683 ]
 [ 0.3429405  -0.3211258   1.0240985 ]
 [ 0.5133172  -0.38269925  0.97225755]
 [ 0.14847693  0.0951663   1.209886  ]
 [ 0.03130614  0.1860804   1.4075799 ]
 [-0.03471443  0.11410004  1.6187077 ]]
[[ 0.          0.          0.75736356]
 [ 0.0158751   0.10890669  0.7658888 ]
 [ 0.0084367   0.04179993  0.43154547]
 [ 0.17837164 -0.05641979  0.12045228]
 [ 0.17973085 -0.03699487  0.        ]
 [-0.01558429 -0.10888086  0.7494135 ]
 [-0.4096286  -0.12898585  0.72372305]
 [-0.4822489  -0.22715694  0.38328934]
 [-0.61022496 -0.15816224  0.37392247]
 [ 0.10993028  0.00986865  0.94532037]
 [ 0.19833237 -0.03823298  1.1793065 ]
 [ 0.12887907 -0.03578377  1.3008186 ]
 [ 0.22014025 -0.03943557  1.364897  ]
 [ 0.25033224 -0.13616979  1.1025172 ]
 [ 0.38006622 -0.3252611   1.0504067 ]
 [ 0.5669455  -0.37337953  1.0750258 ]
 [ 0.1419374   0.08813652  1.170038  ]
 [-0.0151982   0.16281617  1.3155514 ]
 [-0.11956705  0.12507707  1.4924662 ]]
[[ 0.          0.          0.6644123 ]
 [ 0.02637672  0.09614445  0.6726905 ]
 [ 0.00872158  0.04626951  0.3409716 ]
 [ 0.2194922  -0.13174188  0.11214727]
 [ 0.27112645 -0.11397207  0.        ]
 [-0.02620469 -0.09612548  0.65692174]
 [-0.3985147  -0.15563168  0.62949336]
 [-0.6297447  -0.20313114  0.3419459 ]
 [-0.75024825 -0.13122617  0.39661324]
 [ 0.10905744  0.00962073  0.85561234]
 [ 0.19944209 -0.02501583  1.0896794 ]
 [ 0.12842974 -0.02293015  1.2023283 ]
 [ 0.20758705 -0.02963108  1.2729568 ]
 [ 0.25636798 -0.11323962  1.0241153 ]
 [ 0.37703812 -0.30849895  1.0234492 ]
 [ 0.54324543 -0.33830607  1.1228964 ]
 [ 0.14167573  0.09184933  1.0692112 ]
 [-0.04349472  0.16663373  1.1436659 ]
 [-0.18630446  0.15653527  1.2544818 ]]
[[ 0.          0.          0.54626167]
 [ 0.0296909   0.08748146  0.5543298 ]
 [-0.03661068  0.05430946  0.2330732 ]
 [ 0.19351912 -0.16265833  0.09140205]
 [ 0.27633744 -0.15597123  0.        ]
 [-0.02964719 -0.0874308   0.53914076]
 [-0.40745774 -0.143136    0.5174763 ]
 [-0.7091137  -0.1513481   0.30992457]
 [-0.81742907 -0.09132043  0.40790325]
 [ 0.09915976  0.0113083   0.73996055]
 [ 0.18054554 -0.0149028   0.9781033 ]
 [ 0.10424308 -0.01281202  1.0842321 ]
 [ 0.17842816 -0.02048439  1.1595428 ]
 [ 0.23653406 -0.10212222  0.9261972 ]
 [ 0.33005577 -0.30454665  0.98704743]
 [ 0.45739013 -0.3205884   1.1352391 ]
 [ 0.12269881  0.09478241  0.94226253]
 [-0.06749353  0.16512239  0.9457141 ]
 [-0.23391587  0.16249576  0.98797643]]
[[ 0.          0.          0.42910844]
 [ 0.03491254  0.08563354  0.43573385]
 [-0.1006919   0.07164916  0.16142556]
 [ 0.13535884 -0.17162505  0.06855872]
 [ 0.2243323  -0.1747927   0.        ]
 [-0.03496847 -0.08559804  0.4234697 ]
 [-0.41194814 -0.10588072  0.43597567]
 [-0.74980855 -0.08598518  0.27351648]
 [-0.8496916  -0.02456605  0.39355716]
 [ 0.08565168  0.01276173  0.62559426]
 [ 0.1543158  -0.00480044  0.8674194 ]
 [ 0.07139579 -0.00258845  0.9655207 ]
 [ 0.14480378 -0.01077175  1.0471771 ]
 [ 0.20602256 -0.09873664  0.82944024]
 [ 0.2548737  -0.3047051   0.9542952 ]
 [ 0.333952   -0.32813677  1.13309   ]
 [ 0.10251731  0.10256723  0.81675625]
 [-0.07194987  0.174952    0.74924433]
 [-0.23296651  0.18701088  0.7286918 ]]
[[ 0.          0.          0.34881788]
 [ 0.04622547  0.09116721  0.3525469 ]
 [-0.162797    0.13439196  0.16359043]
 [ 0.08013892 -0.1296606   0.06385931]
 [ 0.1484797  -0.13152182  0.        ]
 [-0.04631963 -0.09114444  0.34598464]
 [-0.4121811  -0.07077433  0.40818357]
 [-0.7587993  -0.01817237  0.24594265]
 [-0.85556793  0.05754341  0.36732885]
 [ 0.07142241  0.01349892  0.5474835 ]
 [ 0.12756316  0.00991923  0.79135245]
 [ 0.03753899  0.01730549  0.88422173]
 [ 0.10824636  0.00376707  0.9714048 ]
 [ 0.16529523 -0.09644109  0.7646316 ]
 [ 0.1604467  -0.2991947   0.9329918 ]
 [ 0.19596976 -0.3180046   1.1382687 ]
 [ 0.09206218  0.11918449  0.7246452 ]
 [-0.051632    0.19835201  0.59055203]
 [-0.18262127  0.22172478  0.5182859 ]]
[[ 0.00000000e+00  0.00000000e+00  3.19743693e-01]
 [ 5.78072108e-02  1.00097477e-01  3.19238335e-01]
 [-2.20796973e-01  2.15624779e-01  2.56539285e-01]
 [-7.13348389e-04 -3.26128453e-02  7.97734410e-02]
 [ 1.02145765e-02 -1.10725164e-02  0.00000000e+00]
 [-5.79084978e-02 -1.00074843e-01  3.20952594e-01]
 [-4.20770049e-01 -5.39196506e-02  4.32180583e-01]
 [-7.69080043e-01  3.35811079e-02  2.41419584e-01]
 [-8.70355368e-01  1.18045270e-01  3.57207656e-01]
 [ 5.34811467e-02  1.06049627e-02  5.17121971e-01]
 [ 9.40470845e-02  2.34357417e-02  7.62574077e-01]
 [-5.88279217e-04  4.15914059e-02  8.54523718e-01]
 [ 6.56322986e-02  2.18569040e-02  9.45305288e-01]
 [ 1.01944394e-01 -9.75587666e-02  7.39410996e-01]
 [ 3.17999870e-02 -2.74098992e-01  9.49958503e-01]
 [ 1.59481466e-02 -2.90136397e-01  1.18024278e+00]
 [ 9.09363180e-02  1.35485977e-01  6.84436440e-01]
 [ 1.82755962e-02  2.50164896e-01  4.97349381e-01]
 [-4.62699533e-02  2.88088411e-01  3.78660172e-01]]
[[ 0.          0.          0.26802737]
 [ 0.06904913  0.10505491  0.2665365 ]
 [-0.2265107   0.27612644  0.3575043 ]
 [-0.15462363  0.11234704  0.05629   ]
 [-0.23054403  0.1863995   0.        ]
 [-0.0691973  -0.10503395  0.26999354]
 [-0.40305611  0.00704128  0.43039924]
 [-0.7356156   0.13975233  0.25453836]
 [-0.8349414   0.21994844  0.37193626]
 [ 0.0262405   0.00524287  0.4593421 ]
 [ 0.04948683  0.03185061  0.7023438 ]
 [-0.05285808  0.05664831  0.7963528 ]
 [ 0.0160159   0.0282532   0.885309  ]
 [ 0.01739829 -0.08843949  0.67800546]
 [-0.12273124 -0.20098656  0.9437103 ]
 [-0.18387905 -0.18733197  1.1850586 ]
 [ 0.08824363  0.13449827  0.62443924]
 [ 0.114967    0.24118628  0.43149778]
 [ 0.16866124  0.28072774  0.27268422]]
[[ 0.          0.          0.14967765]
 [ 0.07078756  0.10113856  0.15106875]
 [-0.21593243  0.26945716  0.3319834 ]
 [-0.3493073   0.21300948  0.        ]
 [-0.47418195  0.29499534  0.01279081]
 [-0.07101352 -0.10122523  0.14853135]
 [-0.38251537  0.03629026  0.32990652]
 [-0.7210824   0.16240373  0.21130495]
 [-0.811623    0.23293683  0.34797323]
 [ 0.00415809  0.0021642   0.34701884]
 [ 0.00488242  0.02750507  0.5908512 ]
 [-0.10663918  0.05964476  0.6825997 ]
 [-0.03730041  0.0245086   0.7698943 ]
 [-0.04974654 -0.07942361  0.56413877]
 [-0.25146705 -0.11143124  0.7916909 ]
 [-0.35681564 -0.06255758  0.99801666]
 [ 0.0740751   0.11136696  0.5222768 ]
 [ 0.1797971   0.16361038  0.35966384]
 [ 0.3290165   0.20467113  0.2201268 ]]
[[ 0.          0.          0.0780673 ]
 [ 0.07287015  0.09196189  0.07550438]
 [-0.2239753   0.26559466  0.24991238]
 [-0.53078127  0.23473698  0.        ]
 [-0.63819087  0.3133323   0.07764656]
 [-0.07317033 -0.09216959  0.08075935]
 [-0.37456805  0.0482921   0.23403613]
 [-0.7367915   0.13422537  0.15700634]
 [-0.82066286  0.1977399   0.3090374 ]
 [-0.00138613  0.01115251  0.27435464]
 [-0.00932438  0.04150432  0.51362306]
 [-0.11853467  0.08156592  0.59680355]
 [-0.05511767  0.04275376  0.6861193 ]
 [-0.082457   -0.0499495   0.48810565]
 [-0.3098535  -0.0376476   0.66124845]
 [-0.4268139   0.05316293  0.8205767 ]
 [ 0.08082481  0.10480678  0.4521119 ]
 [ 0.22780308  0.10311863  0.32268837]
 [ 0.41909778  0.13557936  0.24668303]]
[[ 0.          0.          0.02668077]
 [ 0.07342759  0.08704436  0.0167828 ]
 [-0.23002082  0.29075098  0.14916   ]
 [-0.63703775  0.26539847  0.        ]
 [-0.70701826  0.33131355  0.12659422]
 [-0.07373579 -0.08734562  0.03662245]
 [-0.36047822  0.08269262  0.1396445 ]
 [-0.7258563   0.13636982  0.08019788]
 [-0.8057854   0.21291015  0.24235037]
 [ 0.01526765  0.02978307  0.20887795]
 [ 0.02161292  0.07509923  0.43640637]
 [-0.08910383  0.12089577  0.50851345]
 [-0.0307408   0.08576417  0.6014842 ]
 [-0.06385905 -0.0090887   0.40798348]
 [-0.30169094  0.01419449  0.5101087 ]
 [-0.41569728  0.17400885  0.6168841 ]
 [ 0.12314945  0.12250176  0.38544318]
 [ 0.31158626  0.10652277  0.30699453]
 [ 0.49663442  0.12100381  0.3104176 ]]
[[ 0.0000000e+00  0.0000000e+00  1.2189023e-02]
 [ 7.2441161e-02  8.8236466e-02  0.0000000e+00]
 [-2.3915821e-01  3.0562371e-01  1.3674915e-01]
 [-6.6880012e-01  2.6924071e-01  8.5559301e-03]
 [-7.4184000e-01  3.3790746e-01  1.3990659e-01]
 [-7.2763443e-02 -8.8558927e-02  2.4330512e-02]
 [-3.6951703e-01  7.5395733e-02  1.2472237e-01]
 [-7.5301206e-01  1.0749650e-01  5.7667352e-02]
 [-8.3809674e-01  1.8317732e-01  2.1709135e-01]
 [ 3.1974275e-02  3.2109588e-02  1.8978205e-01]
 [ 5.6408495e-02  7.6423138e-02  4.0871030e-01]
 [-5.2128151e-02  1.2353760e-01  4.7867167e-01]
 [-2.5820732e-04  8.7737381e-02  5.7176113e-01]
 [-3.5652593e-02 -7.8493953e-03  3.8126910e-01]
 [-2.6888326e-01  1.7575502e-02  4.5115140e-01]
 [-3.8827676e-01  1.9983029e-01  5.3442603e-01]
 [ 1.6099831e-01  1.2150201e-01  3.6268339e-01]
 [ 3.5624316e-01  1.1857447e-01  3.1844699e-01]
 [ 5.0987583e-01  9.1516197e-02  3.5784090e-01]]
[[ 0.          0.          0.01762668]
 [ 0.07448187  0.09511574  0.        ]
 [-0.24218196  0.36058283  0.14820626]
 [-0.6397567   0.3130477   0.00778179]
 [-0.7380344   0.39590156  0.11533058]
 [-0.07475627 -0.09540749  0.03504404]
 [-0.38956663  0.08541341  0.14207369]
 [-0.7551493   0.09146383  0.04458576]
 [-0.8579211   0.1771819   0.18411443]
 [ 0.06877898  0.02779149  0.1784159 ]
 [ 0.1339184   0.05902189  0.37358746]
 [ 0.04201617  0.11072519  0.45126697]
 [ 0.08381628  0.07060546  0.5427126 ]
 [ 0.0291894  -0.02627131  0.3516475 ]
 [-0.20419836 -0.00405863  0.39356807]
 [-0.3292507   0.19084859  0.45009884]
 [ 0.24272078  0.10348684  0.32940963]
 [ 0.4113287   0.1433379   0.33150026]
 [ 0.4980824   0.02470005  0.40608165]]
[[ 0.          0.          0.02766953]
 [ 0.06558354  0.10195434  0.        ]
 [-0.2547785   0.38305074  0.21678232]
 [-0.5594632   0.29909575  0.02820871]
 [-0.6791321   0.38817137  0.11413874]
 [-0.06570733 -0.10221727  0.05491803]
 [-0.425029    0.06994592  0.22838022]
 [-0.7265748  -0.06903136  0.08283909]
 [-0.8465841   0.0275111   0.1614404 ]
 [ 0.13004929  0.01326416  0.15181738]
 [ 0.26471093  0.03409061  0.3112284 ]
 [ 0.20458227  0.08660316  0.413365  ]
 [ 0.25889838  0.02937824  0.48131365]
 [ 0.15741879 -0.06022102  0.2996282 ]
 [-0.08205066 -0.05579346  0.30319327]
 [-0.22371167  0.1492821   0.35789746]
 [ 0.3586652   0.09142199  0.25792366]
 [ 0.42577547  0.2278576   0.3162644 ]
 [ 0.4591751   0.01734048  0.4257884 ]]
[[ 0.          0.          0.03481767]
 [ 0.05369735  0.10475798  0.        ]
 [-0.23557258  0.33037835  0.29786688]
 [-0.48794878  0.20682785  0.05273564]
 [-0.6062235   0.28453174  0.11817153]
 [-0.05366056 -0.10497113  0.06911059]
 [-0.42651135  0.03939611  0.33335474]
 [-0.6450357  -0.18715152  0.11277813]
 [-0.76648414 -0.10147846  0.14642811]
 [ 0.17318843  0.00421747  0.11585952]
 [ 0.35515964  0.01153883  0.23989892]
 [ 0.31771654  0.06884453  0.3603415 ]
 [ 0.38624465  0.00361967  0.40850386]
 [ 0.24967426 -0.09687712  0.23337586]
 [-0.00892577 -0.12408318  0.23690659]
 [-0.13980652  0.08645675  0.3422331 ]
 [ 0.42730594  0.08543921  0.17678571]
 [ 0.38902402  0.2512362   0.28006008]
 [ 0.37910593  0.04707387  0.424404  ]]
[[ 0.00000000e+00  0.00000000e+00  3.39243039e-02]
 [ 4.62936908e-02  1.02052659e-01  0.00000000e+00]
 [-1.85520321e-01  2.58526802e-01  3.44480485e-01]
 [-4.20049369e-01  1.48810029e-01  6.38177246e-02]
 [-5.30942559e-01  2.14049041e-01  1.12354755e-01]
 [-4.61851135e-02 -1.02222189e-01  6.72572851e-02]
 [-4.05045599e-01 -9.61551070e-03  3.99778157e-01]
 [-5.25850654e-01 -2.31572300e-01  8.84773955e-02]
 [-6.45458221e-01 -1.68625325e-01  1.24526076e-01]
 [ 1.95847392e-01 -8.32412764e-03  7.61972368e-02]
 [ 4.14318174e-01  1.87106431e-04  1.58852726e-01]
 [ 3.92614484e-01  6.03646040e-02  2.74642557e-01]
 [ 4.72654730e-01 -3.39874625e-03  3.12310576e-01]
 [ 3.14755559e-01 -1.12014696e-01  1.64660990e-01]
 [ 3.96497846e-02 -1.75053298e-01  1.88447148e-01]
 [-6.83100000e-02  8.36414099e-03  3.67606550e-01]
 [ 4.65692759e-01  8.16089287e-02  8.94687697e-02]
 [ 3.33478957e-01  2.71310568e-01  1.42417282e-01]
 [ 2.69264579e-01  8.91137421e-02  3.24892282e-01]]
[[ 0.          0.          0.03357108]
 [ 0.04335653  0.09925026  0.        ]
 [-0.15025695  0.22997451  0.35660297]
 [-0.39599872  0.13607736  0.07296799]
 [-0.50444597  0.19767332  0.11963552]
 [-0.04321755 -0.09937726  0.0665454 ]
 [-0.38211423 -0.03791344  0.41370714]
 [-0.48826253 -0.23678708  0.08008499]
 [-0.59289575 -0.18491429  0.12959333]
 [ 0.20425196 -0.01058022  0.05926153]
 [ 0.4379118   0.00385451  0.1215409 ]
 [ 0.42411816  0.06556675  0.23072909]
 [ 0.5071249   0.00424297  0.26068458]
 [ 0.34424084 -0.11195281  0.13284741]
 [ 0.06818497 -0.20340422  0.17126861]
 [-0.03680151 -0.0539194   0.37498873]
 [ 0.47956842  0.09190797  0.05036734]
 [ 0.297842    0.2809845   0.06719501]
 [ 0.19189326  0.1085054   0.24320175]]
[[ 0.          0.          0.03285789]
 [ 0.04028     0.09942807  0.        ]
 [-0.14727914  0.20103157  0.3587196 ]
 [-0.40905136  0.11285785  0.0775823 ]
 [-0.5178741   0.17022696  0.12924466]
 [-0.04014146 -0.09955414  0.06516626]
 [-0.37569124 -0.05498618  0.41412723]
 [-0.5067166  -0.25284472  0.09504252]
 [-0.6046391  -0.20487598  0.15511823]
 [ 0.2051698  -0.01217438  0.05474632]
 [ 0.44376522  0.00679623  0.11171987]
 [ 0.43392104  0.07164821  0.21634167]
 [ 0.5179789   0.015164    0.243298  ]
 [ 0.35451728 -0.11157644  0.12347468]
 [ 0.08016974 -0.22443232  0.16600937]
 [-0.03039493 -0.09855652  0.37152666]
 [ 0.47982454  0.09729269  0.03962599]
 [ 0.2705239   0.2606037   0.03505667]
 [ 0.14530568  0.1067991   0.20173872]]
[[ 0.          0.          0.03895822]
 [ 0.02912824  0.10005504  0.00314273]
 [-0.19143167  0.1511269   0.29307684]
 [-0.5641835   0.08879018  0.1176116 ]
 [-0.6700078   0.12907931  0.22515678]
 [-0.02908961 -0.10026982  0.07434446]
 [-0.3841771  -0.10983203  0.3510339 ]
 [-0.77169544 -0.31143093  0.24634358]
 [-0.8709085  -0.253327    0.34844086]
 [ 0.21274474  0.03094777  0.08170328]
 [ 0.45737034  0.09064119  0.15370929]
 [ 0.4452719   0.15725948  0.23830324]
 [ 0.531269    0.1070424   0.27488327]
 [ 0.38973582 -0.03543982  0.17817423]
 [ 0.12931883 -0.14108714  0.2496813 ]
 [-0.03789126 -0.10967115  0.41516528]
 [ 0.4712628   0.17844369  0.06898332]
 [ 0.2295715   0.29794374  0.        ]
 [ 0.03481571  0.22292347  0.10867643]]
[[ 0.          0.          0.04217261]
 [ 0.02163961  0.09682949  0.00482358]
 [-0.2360034   0.10986702  0.23032059]
 [-0.67186046  0.02661899  0.14187849]
 [-0.7698182   0.04954895  0.27353972]
 [-0.02166712 -0.0970744   0.07922009]
 [-0.39096507 -0.14356668  0.2951063 ]
 [-0.8726982  -0.32432213  0.29146338]
 [-0.9715118  -0.26276326  0.41502202]
 [ 0.20623866  0.04150354  0.0988625 ]
 [ 0.44084013  0.11232501  0.18435794]
 [ 0.41920036  0.1752783   0.25956732]
 [ 0.5069118   0.13013707  0.3042377 ]
 [ 0.38580665 -0.01910476  0.21388519]
 [ 0.12650284 -0.12247531  0.28697616]
 [-0.07296132 -0.13765562  0.414043  ]
 [ 0.44508398  0.20349841  0.09435672]
 [ 0.21189368  0.31742677  0.        ]
 [-0.00420727  0.27208063  0.07813886]]
[[ 0.          0.          0.04459852]
 [ 0.01873931  0.09547924  0.00725446]
 [-0.25223836  0.09939568  0.20857474]
 [-0.70893204  0.00288279  0.15534364]
 [-0.8014927   0.01950017  0.2954902 ]
 [-0.01877911 -0.09572925  0.08168092]
 [-0.38732708 -0.140041    0.278582  ]
 [-0.88972557 -0.3128441   0.3065033 ]
 [-0.9882277  -0.2528807   0.43484324]
 [ 0.20383722  0.04499224  0.10698147]
 [ 0.43422234  0.11449495  0.19710967]
 [ 0.40926427  0.17770295  0.26737332]
 [ 0.49848485  0.13429038  0.31555063]
 [ 0.38305986 -0.01959389  0.22822528]
 [ 0.12078111 -0.12410063  0.29719156]
 [-0.08945988 -0.15529591  0.40937102]
 [ 0.43512112  0.20762073  0.10402882]
 [ 0.20843321  0.31905738  0.        ]
 [-0.01477876  0.2716399   0.06599471]]
