[[ 0.00000000e+00  0.00000000e+00  6.36867881e-01]
 [ 4.82218862e-02 -7.62736276e-02  6.34846926e-01]
 [ 3.32917213e-01  1.00127965e-01  3.87830079e-01]
 [ 4.43397820e-01  1.73006207e-01  2.71044970e-02]
 [ 6.20140672e-01  2.20533818e-01  0.00000000e+00]
 [-4.81887311e-02  7.62888864e-02  6.39467120e-01]
 [-2.32032865e-01 -7.03036785e-05  2.85748959e-01]
 [-6.36289954e-01 -2.61190772e-01  4.53061938e-01]
 [-7.74508238e-01 -2.42966980e-01  4.86147642e-01]
 [ 5.93779162e-02  2.76596844e-03  8.45936537e-01]
 [ 1.17855191e-01 -2.53931880e-02  1.09472001e+00]
 [ 1.96727291e-01 -8.12359452e-02  1.17889106e+00]
 [ 1.25645071e-01 -1.09313190e-01  1.23193491e+00]
 [ 6.24427013e-02  8.16597044e-02  1.03704190e+00]
 [ 1.31127805e-01  1.95935726e-01  7.98617005e-01]
 [ 2.76787251e-01  1.12975299e-01  8.17871869e-01]
 [ 1.37082040e-01 -1.28637195e-01  1.06014204e+00]
 [ 1.89442635e-02 -1.96718246e-01  8.46954584e-01]
 [ 1.67036951e-01 -2.14609206e-01  7.89097786e-01]]
[[ 0.          0.          0.67641354]
 [ 0.04676306 -0.08648166  0.6729649 ]
 [ 0.32502574  0.10832882  0.41487932]
 [ 0.39310414  0.17271101  0.0374043 ]
 [ 0.5706595   0.22220302  0.        ]
 [-0.04669981  0.08647689  0.6804718 ]
 [-0.19777296  0.01346749  0.31000176]
 [-0.6091377  -0.25961122  0.49988443]
 [-0.74525946 -0.25176486  0.5291386 ]
 [ 0.05905201  0.00213657  0.8848059 ]
 [ 0.11912817 -0.02504879  1.1344218 ]
 [ 0.20232514 -0.08311307  1.217952  ]
 [ 0.12893194 -0.1097568   1.2729625 ]
 [ 0.06297318  0.08759129  1.0781605 ]
 [ 0.10405747  0.20619848  0.8337426 ]
 [ 0.25068048  0.15493932  0.79676425]
 [ 0.13687587 -0.13344356  1.0954927 ]
 [ 0.0340058  -0.18876185  0.86669147]
 [ 0.1646378  -0.18733346  0.7710398 ]]
[[ 0.          0.          0.6307808 ]
 [ 0.00391909 -0.11277797  0.6125258 ]
 [ 0.03583531  0.08745092  0.3011563 ]
 [-0.15310153  0.20044854  0.05833536]
 [-0.01120577  0.23411518  0.        ]
 [-0.00400258  0.11270086  0.64890003]
 [ 0.26327157  0.21244037  0.40193886]
 [-0.03427722  0.2766433   0.44762322]
 [ 0.09290177  0.31022626  0.23309872]
 [ 0.03063174 -0.04960853  0.83306104]
 [ 0.0814355  -0.08064178  1.0829732 ]
 [ 0.16944045 -0.1206305   1.176667  ]
 [ 0.09982434 -0.15109363  1.249399  ]
 [ 0.03121039  0.03550658  1.0340226 ]
 [-0.11137716  0.18302107  0.8727618 ]
 [-0.10018837  0.31157285  0.6602803 ]
 [ 0.10153289 -0.21320476  1.0254827 ]
 [ 0.12551022 -0.35646617  0.79687923]
 [ 0.27983904 -0.24658298  0.8245066 ]]
[[ 0.          0.          0.637037  ]
 [ 0.00407679 -0.11763684  0.6160807 ]
 [ 0.01380692  0.10449935  0.29735684]
 [-0.23489219  0.25256735  0.08569795]
 [-0.08320296  0.30797422  0.        ]
 [-0.00414274  0.11746839  0.6577513 ]
 [ 0.2825253   0.1257586   0.39143893]
 [-0.06142971  0.12265162  0.338072  ]
 [ 0.00368434  0.17346495  0.17910773]
 [ 0.04288239 -0.02399179  0.8457883 ]
 [ 0.09551142 -0.05409458  1.0991521 ]
 [ 0.19434734 -0.10967422  1.1945572 ]
 [ 0.11167939 -0.1346451   1.262051  ]
 [ 0.03438075  0.0694479   1.0515989 ]
 [-0.15337014  0.19854519  0.9059422 ]
 [-0.19578636  0.28740865  0.66537195]
 [ 0.12619382 -0.19070841  1.0391504 ]
 [ 0.17595941 -0.33090565  0.8001203 ]
 [ 0.35963386 -0.20000693  0.8946147 ]]
[[ 0.          0.          0.59573984]
 [ 0.01049732 -0.10546662  0.57640225]
 [-0.1393809   0.13043638  0.32965675]
 [-0.4438507   0.2299525   0.20220613]
 [-0.39172876  0.32089487  0.05633092]
 [-0.01059616  0.10520434  0.61443263]
 [ 0.3270753   0.11120234  0.4411989 ]
 [ 0.1979649   0.16422942  0.11442795]
 [ 0.36291742  0.18296492  0.        ]
 [ 0.02058618 -0.03308594  0.81770176]
 [ 0.05842598 -0.04583666  1.0762522 ]
 [ 0.15226582 -0.07828134  1.155833  ]
 [ 0.06489456 -0.11301696  1.2140656 ]
 [-0.03190304  0.06878805  1.0330906 ]
 [-0.27002937  0.18603516  0.939518  ]
 [-0.32473853  0.2616642   0.6893501 ]
 [ 0.12553015 -0.17914984  1.0393674 ]
 [ 0.22584206 -0.30313024  0.8241042 ]
 [ 0.33232105 -0.13635492  0.9920885 ]]
[[ 0.          0.          0.59628326]
 [ 0.01940502 -0.09428643  0.57947296]
 [-0.14017819  0.1413597   0.33404797]
 [-0.48222065  0.24103051  0.36062902]
 [-0.5067395   0.35553807  0.2266308 ]
 [-0.019421    0.09401575  0.61244965]
 [ 0.3125395   0.16485669  0.43177834]
 [ 0.3406316   0.24991551  0.06322628]
 [ 0.52036923  0.28058282  0.        ]
 [ 0.0084627  -0.03137225  0.8187593 ]
 [ 0.03837262 -0.03478605  1.075344  ]
 [ 0.12808469 -0.05929533  1.1538544 ]
 [ 0.03965389 -0.0997619   1.211618  ]
 [-0.0595102   0.07708216  1.0327471 ]
 [-0.2955351   0.18459707  0.9390744 ]
 [-0.32390535  0.25623637  0.6926558 ]
 [ 0.11698747 -0.16013259  1.0434402 ]
 [ 0.24004513 -0.26220995  0.83409816]
 [ 0.34134847 -0.0748578   0.9748968 ]]
[[ 0.          0.          0.61082256]
 [ 0.02804507 -0.09274472  0.5960921 ]
 [-0.11989844  0.10786384  0.32074645]
 [-0.4394742   0.21637538  0.51053035]
 [-0.50841594  0.35348797  0.43880537]
 [-0.02803492  0.09241089  0.6249949 ]
 [ 0.28997177  0.22314633  0.39368325]
 [ 0.37538254  0.28461024  0.02109045]
 [ 0.5491632   0.32104042  0.        ]
 [ 0.00859242 -0.01670055  0.8337285 ]
 [ 0.03853738 -0.01008272  1.0875971 ]
 [ 0.12088734 -0.0391978   1.1712964 ]
 [ 0.03249428 -0.07787669  1.225246  ]
 [-0.05817156  0.09912485  1.0369531 ]
 [-0.26506963  0.20756966  0.9111533 ]
 [-0.2467204   0.28250918  0.6863135 ]
 [ 0.11708859 -0.1329538   1.0557139 ]
 [ 0.20625067 -0.24582818  0.8374692 ]
 [ 0.33762413 -0.05468911  0.8697396 ]]
[[ 0.          0.          0.6494753 ]
 [ 0.03329348 -0.0925445   0.6366587 ]
 [-0.07470791  0.05746415  0.3323791 ]
 [-0.40245125  0.11751187  0.5820406 ]
 [-0.49198246  0.25972617  0.56313384]
 [-0.03326076  0.09217906  0.6619125 ]
 [ 0.27328384  0.25765014  0.40391412]
 [ 0.32275614  0.30141538  0.02450526]
 [ 0.4942609   0.3379476   0.        ]
 [ 0.00747382 -0.00694533  0.8698283 ]
 [ 0.04154071  0.00756213  1.1225464 ]
 [ 0.12428376 -0.02670181  1.2113588 ]
 [ 0.03616406 -0.06213045  1.2657247 ]
 [-0.05374406  0.11164626  1.0662355 ]
 [-0.22895926  0.21844643  0.9126586 ]
 [-0.15495348  0.30830392  0.71289724]
 [ 0.1184864  -0.1188553   1.0900367 ]
 [ 0.18319905 -0.23373526  0.86685   ]
 [ 0.32822353 -0.06027001  0.80961835]]
[[ 0.          0.          0.67800593]
 [ 0.02903868 -0.10140721  0.6668773 ]
 [ 0.01760636 -0.02657175  0.3248844 ]
 [-0.35730425 -0.02636558  0.60800517]
 [-0.47122163  0.10584921  0.60749334]
 [-0.02894548  0.10114703  0.68903285]
 [ 0.23118192  0.28304932  0.39696974]
 [ 0.19832411  0.31859624  0.04539555]
 [ 0.37805113  0.34204933  0.        ]
 [ 0.01604663  0.01778089  0.8961799 ]
 [ 0.05927923  0.04328528  1.1497356 ]
 [ 0.14353248  0.00670892  1.2449243 ]
 [ 0.05691337 -0.02558827  1.3043909 ]
 [-0.02763896  0.16029432  1.0834482 ]
 [-0.12986247  0.2614798   0.8788525 ]
 [ 0.04143894  0.35231197  0.7378216 ]
 [ 0.12671003 -0.08647984  1.1202838 ]
 [ 0.15558907 -0.19206235  0.8862134 ]
 [ 0.28831875 -0.04442326  0.73578584]]
[[ 0.          0.          0.61620355]
 [ 0.03487001 -0.10915644  0.60760313]
 [ 0.1847565  -0.05386555  0.29359552]
 [-0.25673947 -0.0472604   0.5074035 ]
 [-0.3356029   0.05494842  0.45538926]
 [-0.03473394  0.10907196  0.62486094]
 [ 0.15523742  0.3716385   0.33375546]
 [ 0.04382057  0.4197923   0.05787075]
 [ 0.21732643  0.4443636   0.        ]
 [ 0.03580647  0.03871173  0.8295318 ]
 [ 0.09060493  0.08220607  1.0826347 ]
 [ 0.17649877  0.04419601  1.186774  ]
 [ 0.08427546  0.00676984  1.2393167 ]
 [ 0.01076306  0.20435718  1.010977  ]
 [ 0.0242665   0.30235457  0.75999093]
 [ 0.25379503  0.35647845  0.73667586]
 [ 0.14923012 -0.0536119   1.0587351 ]
 [ 0.10572231 -0.16093986  0.8274004 ]
 [ 0.20402527  0.01970859  0.698611  ]]
[[ 0.          0.          0.57938063]
 [ 0.03483434 -0.11172783  0.5716243 ]
 [ 0.38832495  0.07965387  0.41427854]
 [ 0.08746822 -0.01955777  0.17131174]
 [ 0.20357966 -0.004713    0.01966965]
 [-0.03470919  0.11188623  0.58729225]
 [-0.06474271  0.36737573  0.325965  ]
 [-0.33849853  0.4129584   0.12440449]
 [-0.22790703  0.42713618  0.        ]
 [ 0.0269514   0.0045431   0.7906629 ]
 [ 0.06976374  0.0292187   1.0437459 ]
 [ 0.15981734 -0.00919163  1.1433207 ]
 [ 0.06700535 -0.05779743  1.1838193 ]
 [ 0.02384397  0.15865904  0.97689164]
 [ 0.1804589   0.26167762  0.7813282 ]
 [ 0.31017908  0.18543619  0.9247922 ]
 [ 0.09509763 -0.11516419  1.0275402 ]
 [-0.01428966 -0.17527518  0.8235452 ]
 [ 0.0346235   0.04193585  0.78269064]]
[[ 0.          0.          0.6309073 ]
 [ 0.03277613 -0.10672267  0.6234776 ]
 [ 0.38896453  0.07754786  0.48012868]
 [ 0.2914096   0.02340108  0.09919822]
 [ 0.46367723  0.03537512  0.        ]
 [-0.03263597  0.10691945  0.6387094 ]
 [-0.11738817  0.36642432  0.39870077]
 [-0.4406389   0.42561316  0.27977198]
 [-0.4031089   0.438818    0.12934613]
 [ 0.01691439 -0.02195472  0.83749175]
 [ 0.05407376 -0.01386428  1.0902199 ]
 [ 0.14386618 -0.05015317  1.1863427 ]
 [ 0.05574238 -0.09933135  1.2256047 ]
 [ 0.01857175  0.12325206  1.0305976 ]
 [ 0.202021    0.22632495  0.85815763]
 [ 0.30548564  0.17146757  1.0418134 ]
 [ 0.07041663 -0.14882192  1.068496  ]
 [-0.07778689 -0.18035406  0.8894907 ]
 [-0.04006809  0.0096802   0.82349247]]
[[ 0.          0.          0.5821162 ]
 [ 0.03418099 -0.096011    0.5736853 ]
 [ 0.37746665  0.07036784  0.40171367]
 [ 0.47173846  0.13284016  0.04676688]
 [ 0.6316428   0.14879566  0.        ]
 [-0.03407003  0.09619098  0.59113884]
 [-0.16450197  0.2430687   0.3101348 ]
 [-0.52891207  0.24988408  0.41151342]
 [-0.58071494  0.2790354   0.319606  ]
 [ 0.01849191 -0.03319165  0.78915024]
 [ 0.05235762 -0.05468398  1.0377903 ]
 [ 0.15068379 -0.10941461  1.1274741 ]
 [ 0.06606395 -0.13910633  1.1761613 ]
 [ 0.02882451  0.07044685  0.9829794 ]
 [ 0.17541654  0.17590559  0.7830715 ]
 [ 0.30198735  0.1342699   0.9151666 ]
 [ 0.05319327 -0.16981974  1.0154229 ]
 [-0.13926265 -0.17176549  0.91195714]
 [-0.05463039 -0.10904934  0.762095  ]]
[[ 0.          0.          0.57823116]
 [ 0.04056568 -0.09453134  0.5733207 ]
 [ 0.35421574  0.11465713  0.36320466]
 [ 0.46829373  0.22154427  0.02294713]
 [ 0.651606    0.24975657  0.        ]
 [-0.04055446  0.09457816  0.58379304]
 [-0.1453475   0.12602547  0.2582478 ]
 [-0.53698456 -0.02918227  0.46452263]
 [-0.65321445  0.00608171  0.47137332]
 [ 0.04376462 -0.01306087  0.7871372 ]
 [ 0.09100403 -0.04481292  1.0347288 ]
 [ 0.1831564  -0.10244513  1.1231179 ]
 [ 0.10384065 -0.12863365  1.1773672 ]
 [ 0.04816694  0.07232821  0.9781481 ]
 [ 0.11914058  0.19517085  0.74425685]
 [ 0.27509427  0.13083649  0.7559945 ]
 [ 0.10349917 -0.15741971  1.0025947 ]
 [ 0.00294445 -0.18221416  0.78441375]
 [ 0.10971808 -0.1307675   0.6779396 ]]
[[ 0.          0.          0.6243116 ]
 [ 0.03501473 -0.09991901  0.6225497 ]
 [ 0.32587013  0.13734433  0.38810477]
 [ 0.37642008  0.2459276   0.03575915]
 [ 0.5674747   0.2862744   0.        ]
 [-0.03501965  0.09994449  0.6267522 ]
 [-0.08679242  0.06918857  0.26218104]
 [-0.49867377 -0.14512916  0.4910776 ]
 [-0.6329837  -0.13654824  0.52095956]
 [ 0.05017376 -0.01088774  0.8295126 ]
 [ 0.09864149 -0.05303741  1.076551  ]
 [ 0.18810649 -0.1156171   1.1675749 ]
 [ 0.10650252 -0.13778573  1.217438  ]
 [ 0.05292338  0.06752196  1.0167627 ]
 [ 0.07495437  0.18874927  0.7723367 ]
 [ 0.21717149  0.17799972  0.7032194 ]
 [ 0.10980289 -0.16873553  1.0422671 ]
 [ 0.03780149 -0.19844149  0.7965125 ]
 [ 0.18016915 -0.12954688  0.6556415 ]]
[[ 0.          0.          0.6116468 ]
 [ 0.02004145 -0.11791104  0.6076647 ]
 [ 0.257478    0.1547157   0.34263125]
 [ 0.14243111  0.28093064  0.05300212]
 [ 0.32607228  0.31721953  0.        ]
 [-0.02005538  0.11784346  0.6161145 ]
 [ 0.1200281   0.0875999   0.266792  ]
 [-0.30925018 -0.06078327  0.5131764 ]
 [-0.41545892 -0.06171238  0.49778172]
 [ 0.05964288 -0.00724685  0.8191761 ]
 [ 0.10832915 -0.05540657  1.0676942 ]
 [ 0.21424341 -0.12206063  1.1679955 ]
 [ 0.11702302 -0.14540666  1.2147474 ]
 [ 0.05457315  0.07069093  1.006659  ]
 [-0.01571352  0.17340097  0.77828777]
 [ 0.06018447  0.3063477   0.6751174 ]
 [ 0.12924841 -0.18543667  1.0268681 ]
 [ 0.10400689 -0.2446543   0.7682538 ]
 [ 0.28126258 -0.14336461  0.6654778 ]]
[[ 0.          0.          0.59078324]
 [ 0.00728041 -0.11411054  0.575476  ]
 [ 0.00265928  0.12751025  0.29927462]
 [-0.24759677  0.28710663  0.09581119]
 [-0.09466195  0.34769455  0.        ]
 [-0.00738563  0.11393888  0.60586834]
 [ 0.3134059   0.10297713  0.3724718 ]
 [-0.00934206  0.10457164  0.27673945]
 [ 0.0528749   0.14995053  0.15687948]
 [ 0.04685338 -0.01919883  0.80554533]
 [ 0.09696473 -0.03690043  1.0619007 ]
 [ 0.19149068 -0.10074994  1.1549053 ]
 [ 0.10268229 -0.12251782  1.214354  ]
 [ 0.02812111  0.08228627  1.0111831 ]
 [-0.16573814  0.1952485   0.86691743]
 [-0.21383518  0.27228954  0.6178659 ]
 [ 0.13933566 -0.17294729  1.0115192 ]
 [ 0.19053242 -0.31898805  0.7806947 ]
 [ 0.3308168  -0.1436626   0.86923677]]
[[ 0.          0.          0.5444743 ]
 [ 0.00840353 -0.09858581  0.52621293]
 [-0.12389815  0.15941599  0.3074205 ]
 [-0.45366168  0.28804025  0.21003571]
 [-0.40818954  0.38009     0.07183832]
 [-0.00849518  0.09831633  0.56216604]
 [ 0.3282416   0.09245193  0.39148498]
 [ 0.28205407  0.19430631  0.07805908]
 [ 0.45553535  0.21656665  0.        ]
 [ 0.01734531 -0.03366424  0.76425385]
 [ 0.04978935 -0.04347938  1.0225527 ]
 [ 0.14433633 -0.0863663   1.0991349 ]
 [ 0.05286667 -0.11523128  1.1555607 ]
 [-0.03704897  0.07248691  0.97842014]
 [-0.27715904  0.17956957  0.8813244 ]
 [-0.33013678  0.24418451  0.62603545]
 [ 0.11748946 -0.17496914  0.9866827 ]
 [ 0.22213683 -0.30620283  0.7810676 ]
 [ 0.3220598  -0.12491691  0.93587387]]
[[ 0.          0.          0.5402107 ]
 [ 0.01465736 -0.09197386  0.5229824 ]
 [-0.1266607   0.13949607  0.28777772]
 [-0.47557753  0.2784195   0.33657026]
 [-0.4955389   0.4040968   0.22579718]
 [-0.01466275  0.09167589  0.55686957]
 [ 0.32668915  0.16634218  0.3725067 ]
 [ 0.40857798  0.2883619   0.03250301]
 [ 0.5868209   0.31547868  0.        ]
 [ 0.01108773 -0.02570947  0.76055664]
 [ 0.04349171 -0.02339685  1.0157641 ]
 [ 0.13393866 -0.06356448  1.0900295 ]
 [ 0.04292033 -0.09356886  1.1478417 ]
 [-0.04610024  0.09329993  0.97131956]
 [-0.27705336  0.19849563  0.86467093]
 [-0.28647012  0.2625809   0.6199277 ]
 [ 0.11499244 -0.1487115   0.9825384 ]
 [ 0.2245068  -0.27816328  0.78155583]
 [ 0.33433023 -0.0788371   0.89513344]]
[[ 0.          0.          0.56628156]
 [ 0.01861185 -0.09454185  0.5512812 ]
 [-0.1137878   0.08898915  0.28132868]
 [-0.44065636  0.22547579  0.4859886 ]
 [-0.50714934  0.37047964  0.4208166 ]
 [-0.01854738  0.09420499  0.5807781 ]
 [ 0.30042312  0.2266699   0.36243272]
 [ 0.40589768  0.30446672  0.01111031]
 [ 0.5790912   0.3428438   0.        ]
 [ 0.00882392 -0.0111617   0.7848246 ]
 [ 0.04332485  0.01011136  1.0373656 ]
 [ 0.12853684 -0.03022289  1.1150284 ]
 [ 0.03832711 -0.06064749  1.1703718 ]
 [-0.04095179  0.12306714  0.98277223]
 [-0.23783308  0.2261168   0.8365272 ]
 [-0.18863085  0.2890762   0.6085136 ]
 [ 0.11159688 -0.11443135  1.0070031 ]
 [ 0.19234765 -0.2345985   0.7900639 ]
 [ 0.3281343  -0.04136099  0.8093442 ]]
[[ 0.          0.          0.6230782 ]
 [ 0.02179028 -0.09882751  0.61098474]
 [-0.05272386  0.04045039  0.30162027]
 [-0.39102     0.12657505  0.57064694]
 [-0.47214055  0.2728727   0.54008263]
 [-0.02174963  0.09850332  0.63483083]
 [ 0.28748813  0.261324    0.38647407]
 [ 0.3426575   0.3318125   0.02348399]
 [ 0.5187783   0.36386526  0.        ]
 [ 0.01177804  0.00359027  0.838169  ]
 [ 0.04898256  0.02886674  1.0873797 ]
 [ 0.1337466  -0.01999134  1.1741185 ]
 [ 0.04069282 -0.04259717  1.2309504 ]
 [-0.0313676   0.14129269  1.0232693 ]
 [-0.18032855  0.25030684  0.84738934]
 [-0.06192961  0.33360207  0.6499165 ]
 [ 0.10936001 -0.10355309  1.059948  ]
 [ 0.14990777 -0.23565961  0.83370143]
 [ 0.30238867 -0.07072897  0.7549733 ]]
[[ 0.          0.          0.63252074]
 [ 0.02179591 -0.10704997  0.6223033 ]
 [ 0.05515355 -0.04512182  0.28641292]
 [-0.34461284 -0.01944202  0.5664643 ]
 [-0.4224952   0.10959329  0.500962  ]
 [-0.02169164  0.10681938  0.6426197 ]
 [ 0.23351276  0.30376846  0.3657754 ]
 [ 0.21135429  0.38628528  0.03913862]
 [ 0.391352    0.40563613  0.        ]
 [ 0.02341884  0.02219571  0.8424135 ]
 [ 0.07437339  0.06092224  1.0919945 ]
 [ 0.16291136  0.00680739  1.1883132 ]
 [ 0.06788003 -0.01547128  1.2449951 ]
 [ 0.00268354  0.18341222  1.0215424 ]
 [-0.06484672  0.28444916  0.80076146]
 [ 0.12473731  0.3673132   0.6800343 ]
 [ 0.1222941  -0.07891107  1.0667138 ]
 [ 0.1191456  -0.18896472  0.8350461 ]
 [ 0.24733087 -0.03079915  0.6858129 ]]
[[ 0.          0.          0.60556686]
 [ 0.03631978 -0.11249495  0.60060817]
 [ 0.2894522  -0.04780722  0.34335506]
 [-0.15033856 -0.09615496  0.381978  ]
 [-0.1982567  -0.00630444  0.2681304 ]
 [-0.03614086  0.11258487  0.6105763 ]
 [ 0.11015101  0.4119241   0.32581812]
 [-0.0424211   0.50184566  0.07813847]
 [ 0.1285801   0.52317387  0.        ]
 [ 0.04434031  0.0457616   0.8069743 ]
 [ 0.10511543  0.10272565  1.0513597 ]
 [ 0.19735631  0.05471718  1.1578165 ]
 [ 0.10201748  0.01640499  1.2032046 ]
 [ 0.04358388  0.22366452  0.97600806]
 [ 0.12577794  0.31657967  0.7361351 ]
 [ 0.34061608  0.31190208  0.7721478 ]
 [ 0.14388217 -0.04253438  1.0325433 ]
 [ 0.05482102 -0.08850759  0.8171883 ]
 [ 0.0546014   0.12279248  0.7317165 ]]
[[ 0.0000000e+00  0.0000000e+00  5.7816494e-01]
 [ 3.4261748e-02 -1.1460362e-01  5.7754230e-01]
 [ 4.0880027e-01  6.9941409e-02  4.4066370e-01]
 [ 1.6974318e-01 -2.4696618e-02  1.2757260e-01]
 [ 2.9928568e-01  3.9541721e-04  0.0000000e+00]
 [-3.4136355e-02  1.1477737e-01  5.7915288e-01]
 [-8.5243180e-02  3.8182670e-01  3.2492796e-01]
 [-3.8302350e-01  4.4363397e-01  1.5188119e-01]
 [-2.9094654e-01  4.5416892e-01  2.4115324e-02]
 [ 1.8667445e-02 -3.8931817e-03  7.8358841e-01]
 [ 5.5791743e-02  1.3670117e-02  1.0337701e+00]
 [ 1.5299852e-01 -3.2481253e-02  1.1242745e+00]
 [ 6.0281605e-02 -6.7068815e-02  1.1721053e+00]
 [ 3.0442800e-02  1.4605248e-01  9.6883744e-01]
 [ 2.1048439e-01  2.3213136e-01  7.9013407e-01]
 [ 3.2676530e-01  1.6225114e-01  9.3724495e-01]
 [ 5.6960441e-02 -1.2984827e-01  1.0184153e+00]
 [-9.3133591e-02 -1.9017760e-01  8.7369144e-01]
 [-7.0337251e-02  1.8301859e-02  7.6721978e-01]]
[[ 0.0000000e+00  0.0000000e+00  5.8336645e-01]
 [ 2.6289366e-02 -1.0750263e-01  5.7631677e-01]
 [ 3.9161694e-01  3.8481459e-02  4.4255853e-01]
 [ 3.5106835e-01  1.4277458e-02  7.7020049e-02]
 [ 5.1311785e-01  3.1868100e-02  0.0000000e+00]
 [-2.6124537e-02  1.0774816e-01  5.9107697e-01]
 [-1.2693867e-01  3.5819289e-01  3.5606641e-01]
 [-4.6195692e-01  4.4527161e-01  2.6748025e-01]
 [-4.4514334e-01  4.6726036e-01  1.3700002e-01]
 [ 2.2724625e-03 -4.0661022e-02  7.8031099e-01]
 [ 2.4476759e-02 -5.2765846e-02  1.0261233e+00]
 [ 1.2324077e-01 -1.0925725e-01  1.1130238e+00]
 [ 3.0415528e-02 -1.2873355e-01  1.1617980e+00]
 [ 2.9126007e-02  7.8438878e-02  9.6850312e-01]
 [ 2.2011355e-01  1.5668258e-01  8.0607688e-01]
 [ 3.0753332e-01  9.2916012e-02  9.7800016e-01]
 [-9.0155378e-04 -1.7933482e-01  1.0096281e+00]
 [-2.2712597e-01 -2.2129016e-01  9.7151923e-01]
 [-1.6303547e-01 -1.0532096e-01  7.9306626e-01]]
[[ 0.          0.          0.5550472 ]
 [ 0.02669131 -0.10150214  0.545055  ]
 [ 0.37262294  0.0568051   0.3808712 ]
 [ 0.45912328  0.10905802  0.0364117 ]
 [ 0.6252452   0.11661869  0.        ]
 [-0.02659973  0.1016829   0.5657872 ]
 [-0.13021177  0.26354355  0.27641863]
 [-0.50500596  0.27960658  0.37975442]
 [-0.56918466  0.31676772  0.2872164 ]
 [ 0.00470748 -0.05058298  0.75159717]
 [ 0.02474133 -0.08519572  0.9937842 ]
 [ 0.12657547 -0.15070564  1.0825758 ]
 [ 0.03828123 -0.16029635  1.1395624 ]
 [ 0.02535985  0.03963196  0.94121754]
 [ 0.17777994  0.1505107   0.7440568 ]
 [ 0.31838736  0.11978686  0.89145994]
 [ 0.00408816 -0.19925298  0.9662475 ]
 [-0.19712198 -0.2152133   0.8852196 ]
 [-0.12060584 -0.14955527  0.7286025 ]]
[[ 0.          0.          0.5979888 ]
 [ 0.02762061 -0.10882305  0.5925873 ]
 [ 0.3506508   0.0984098   0.37418813]
 [ 0.40334302  0.18737704  0.02963382]
 [ 0.5969871   0.20441201  0.        ]
 [-0.02756875  0.10884146  0.6041124 ]
 [-0.08231375  0.1561442   0.25716457]
 [-0.48835185  0.05066717  0.4818836 ]
 [-0.5993792   0.07698743  0.4755359 ]
 [ 0.03156628 -0.03362423  0.8009618 ]
 [ 0.07265907 -0.07162157  1.0464844 ]
 [ 0.1745337  -0.13850701  1.1386262 ]
 [ 0.08555773 -0.15261906  1.1920445 ]
 [ 0.04500583  0.05377239  0.98844266]
 [ 0.10659204  0.17346342  0.74447644]
 [ 0.2708749   0.14316875  0.7562108 ]
 [ 0.07108566 -0.19351502  1.0128503 ]
 [-0.03292554 -0.21833667  0.79636073]
 [ 0.07449646 -0.17104758  0.6915482 ]]
[[ 0.          0.          0.61733806]
 [ 0.01531205 -0.11553276  0.61391056]
 [ 0.30113852  0.14187893  0.37193716]
 [ 0.25723302  0.2641681   0.04891372]
 [ 0.45227563  0.29243335  0.        ]
 [-0.01530044  0.11551112  0.62142426]
 [ 0.04528204  0.08664811  0.24875587]
 [-0.4202789  -0.06105687  0.49546763]
 [-0.54219604 -0.06046429  0.4761057 ]
 [ 0.04396905 -0.01864891  0.8216938 ]
 [ 0.08703384 -0.0596948   1.0689363 ]
 [ 0.19166529 -0.13045514  1.1644601 ]
 [ 0.09610467 -0.14257967  1.212697  ]
 [ 0.05457926  0.06878322  1.0086378 ]
 [ 0.04488431  0.18331182  0.75914115]
 [ 0.17960292  0.25481406  0.6829883 ]
 [ 0.08672844 -0.18724681  1.0311711 ]
 [ 0.00631615 -0.24029908  0.7946222 ]
 [ 0.16842467 -0.17831855  0.68392706]]
[[ 0.          0.          0.57281387]
 [-0.00517865 -0.11737476  0.5629984 ]
 [ 0.09767151  0.14022417  0.29604307]
 [-0.11992344  0.31376383  0.07110018]
 [ 0.05132702  0.34982106  0.        ]
 [ 0.00510579  0.1172379   0.58272415]
 [ 0.300748    0.09301654  0.31412947]
 [-0.09483591  0.08382976  0.38571537]
 [-0.08444226  0.10374708  0.25812224]
 [ 0.04674831 -0.02608579  0.78118825]
 [ 0.09615277 -0.0561941   1.0324547 ]
 [ 0.19348243 -0.1278112   1.132796  ]
 [ 0.09738694 -0.14040953  1.1816694 ]
 [ 0.055084    0.0693683   0.9784322 ]
 [-0.07928818  0.20611218  0.7942226 ]
 [-0.07484268  0.3283885   0.56919634]
 [ 0.1082899  -0.19774441  0.98285216]
 [ 0.11639664 -0.34205604  0.74398696]
 [ 0.2974667  -0.19880873  0.79377174]]
[[ 0.          0.          0.5131248 ]
 [-0.01130696 -0.10059351  0.49398637]
 [-0.10637349  0.16381915  0.2506609 ]
 [-0.41169786  0.33346766  0.13909948]
 [-0.31636953  0.40323278  0.        ]
 [ 0.01116292  0.10039169  0.5318136 ]
 [ 0.3574704   0.06289309  0.35635513]
 [ 0.23109025  0.19397883  0.12265486]
 [ 0.3970908   0.21960896  0.00842261]
 [ 0.02018061 -0.04781622  0.72476304]
 [ 0.05466175 -0.06864661  0.979748  ]
 [ 0.14728573 -0.12049443  1.065764  ]
 [ 0.05661339 -0.13891336  1.1232855 ]
 [-0.00844903  0.05515924  0.9301946 ]
 [-0.21376759  0.18861684  0.81543255]
 [-0.2594393   0.2547539   0.56129766]
 [ 0.09769835 -0.20493454  0.93768895]
 [ 0.17779022 -0.36012372  0.743904  ]
 [ 0.3074286  -0.19053794  0.8842379 ]]
[[ 0.          0.          0.5272459 ]
 [-0.0066082  -0.09016392  0.5087892 ]
 [-0.13907734  0.15708828  0.27030712]
 [-0.49291885  0.31910712  0.29164967]
 [-0.47401243  0.42755485  0.1496068 ]
 [ 0.0065382   0.08992332  0.5451815 ]
 [ 0.33878332  0.07040299  0.36259055]
 [ 0.37678897  0.2163173   0.05857033]
 [ 0.56552565  0.23239034  0.        ]
 [ 0.01147377 -0.03946966  0.7349858 ]
 [ 0.0379988  -0.0571827   0.98597586]
 [ 0.12680808 -0.10182762  1.0675492 ]
 [ 0.0349458  -0.12174913  1.1262889 ]
 [-0.03227483  0.06380874  0.9367615 ]
 [-0.24304289  0.17925897  0.82467246]
 [-0.26275933  0.25462496  0.5818683 ]
 [ 0.0926258  -0.1862807   0.949768  ]
 [ 0.19204551 -0.3270446   0.776379  ]
 [ 0.31523278 -0.14354368  0.8963017 ]]
[[ 0.          0.          0.5404081 ]
 [ 0.00658105 -0.09122909  0.52429426]
 [-0.11556137  0.10757217  0.2606753 ]
 [-0.45370018  0.26446047  0.4384209 ]
 [-0.51413286  0.41552073  0.3543781 ]
 [-0.00655015  0.09094269  0.5560984 ]
 [ 0.3340066   0.19903602  0.34618348]
 [ 0.431803    0.30715278  0.01296306]
 [ 0.6196475   0.32932806  0.        ]
 [ 0.00959282 -0.02382888  0.7509652 ]
 [ 0.04015601 -0.02379116  0.9984312 ]
 [ 0.12302354 -0.07048491  1.0827832 ]
 [ 0.0335523  -0.09157544  1.136141  ]
 [-0.02988241  0.09367281  0.9435305 ]
 [-0.21458316  0.21198785  0.8039509 ]
 [-0.17210361  0.28010228  0.57781917]
 [ 0.09348044 -0.15197262  0.96458566]
 [ 0.16738376 -0.29796875  0.77717865]
 [ 0.31063926 -0.1094421   0.80130756]]
[[ 0.          0.          0.60751355]
 [ 0.01137496 -0.09734766  0.59353036]
 [-0.06341615  0.03848958  0.28422338]
 [-0.4077263   0.12649876  0.53606397]
 [-0.4937014   0.28567725  0.49003163]
 [-0.01131629  0.09704856  0.62118036]
 [ 0.2965686   0.23530336  0.3747471 ]
 [ 0.32834554  0.3064544   0.02353638]
 [ 0.5194423   0.33003443  0.        ]
 [ 0.018582    0.01255648  0.82011265]
 [ 0.05885639  0.03437573  1.0670654 ]
 [ 0.14499854 -0.02030396  1.1573641 ]
 [ 0.04973881 -0.03632885  1.20717   ]
 [-0.00687006  0.15312731  1.0057726 ]
 [-0.13468046  0.26702073  0.82718265]
 [-0.01411326  0.33909854  0.6348461 ]
 [ 0.10503301 -0.10265663  1.0355257 ]
 [ 0.13361342 -0.24485546  0.8363367 ]
 [ 0.29358983 -0.09605534  0.74554   ]]
[[ 0.          0.          0.5975067 ]
 [ 0.01338633 -0.10478387  0.58642876]
 [ 0.05049117 -0.02936536  0.2648796 ]
 [-0.34925288  0.01238852  0.5351548 ]
 [-0.43897468  0.15547968  0.47743133]
 [-0.01328133  0.10456845  0.60851425]
 [ 0.2515273   0.29622355  0.34558886]
 [ 0.20586218  0.3935828   0.04295641]
 [ 0.4031576   0.40739745  0.        ]
 [ 0.02137058  0.02481312  0.8075385 ]
 [ 0.06862798  0.05537289  1.0557017 ]
 [ 0.15655334 -0.0104025   1.1553302 ]
 [ 0.05774011 -0.01688582  1.2031597 ]
 [ 0.01310809  0.18025553  0.9868871 ]
 [-0.02383648  0.29843462  0.7797922 ]
 [ 0.16418093  0.37936032  0.6675174 ]
 [ 0.1029815  -0.08644786  1.0266176 ]
 [ 0.09320602 -0.21249136  0.8097966 ]
 [ 0.22625078 -0.06221805  0.6663834 ]]
[[ 0.          0.          0.56134236]
 [ 0.02214176 -0.11416892  0.5544647 ]
 [ 0.27578413 -0.08335581  0.29883292]
 [-0.18319005 -0.11645253  0.35008246]
 [-0.22379005 -0.03323165  0.2551795 ]
 [-0.02195612  0.11423469  0.56837755]
 [ 0.10284691  0.41918984  0.28470892]
 [-0.06388986  0.53069127  0.070005  ]
 [ 0.11149444  0.5532525   0.        ]
 [ 0.03283745  0.02322756  0.7624643 ]
 [ 0.08444782  0.05607331  1.0092344 ]
 [ 0.17470753 -0.01221657  1.1146157 ]
 [ 0.07982933 -0.03088742  1.1558329 ]
 [ 0.05471535  0.18839473  0.93593955]
 [ 0.16877756  0.29559603  0.7101933 ]
 [ 0.37093556  0.28293434  0.761636  ]
 [ 0.09269793 -0.09577119  0.9857492 ]
 [-0.00846453 -0.16683826  0.7640718 ]
 [ 0.04138614  0.02423453  0.67044604]]
[[ 0.          0.          0.54980564]
 [ 0.01412521 -0.11429316  0.54299104]
 [ 0.40523762  0.02966957  0.4190361 ]
 [ 0.18907656 -0.00877991  0.11404809]
 [ 0.34187865  0.0045343   0.        ]
 [-0.01396193  0.11456606  0.5571876 ]
 [-0.08728257  0.39749447  0.33286858]
 [-0.402183    0.5006074   0.18506119]
 [-0.34283298  0.5137121   0.04236853]
 [-0.00183804 -0.04081294  0.7458579 ]
 [ 0.01688396 -0.05222523  0.9940335 ]
 [ 0.10851842 -0.11040938  1.0928823 ]
 [ 0.00910861 -0.12588847  1.1331909 ]
 [ 0.03177612  0.08387178  0.9287586 ]
 [ 0.21607861  0.17400627  0.7611643 ]
 [ 0.3167331   0.10510868  0.92171466]
 [-0.02013949 -0.19033444  0.9767391 ]
 [-0.26186788 -0.23352477  0.91442657]
 [-0.16106117 -0.10161483  0.7436055 ]]
[[ 0.          0.          0.5613508 ]
 [ 0.01223303 -0.10713436  0.5543611 ]
 [ 0.39660913  0.05252377  0.41249534]
 [ 0.35200864  0.04172012  0.07496482]
 [ 0.51796114  0.05282336  0.        ]
 [-0.01204741  0.10739458  0.56909895]
 [-0.0815624   0.35591355  0.31166494]
 [-0.45136786  0.44344682  0.32428664]
 [-0.47001243  0.4660273   0.16992205]
 [-0.00572369 -0.0552894   0.74703246]
 [ 0.01003836 -0.07754385  0.9893927 ]
 [ 0.10674433 -0.14023125  1.0844247 ]
 [ 0.00924785 -0.1442833   1.1379516 ]
 [ 0.03891042  0.0475361   0.9273579 ]
 [ 0.21003564  0.13978665  0.75153494]
 [ 0.31629735  0.1135273   0.9158068 ]
 [-0.03953624 -0.20062722  0.96629894]
 [-0.27690068 -0.23803541  0.9071018 ]
 [-0.18175806 -0.15396181  0.73516726]]
[[ 0.0000000e+00  0.0000000e+00  5.4133743e-01]
 [ 1.7135363e-02 -9.8271735e-02  5.3553224e-01]
 [ 3.7403455e-01  9.8058097e-02  3.5903290e-01]
 [ 4.6804857e-01  1.9026598e-01  2.8411448e-02]
 [ 6.4775109e-01  1.9822580e-01  0.0000000e+00]
 [-1.7023090e-02  9.8432615e-02  5.4798752e-01]
 [-8.6653396e-02  2.4606308e-01  2.2618717e-01]
 [-4.8622441e-01  2.2378805e-01  3.9028308e-01]
 [-5.8795035e-01  2.7244151e-01  3.2130608e-01]
 [ 1.0116473e-03 -5.5973083e-02  7.3075587e-01]
 [ 1.7424464e-02 -1.0161838e-01  9.6978682e-01]
 [ 1.1839539e-01 -1.7497233e-01  1.0654273e+00]
 [ 2.8613418e-02 -1.7408037e-01  1.1184410e+00]
 [ 3.4210619e-02  1.6366899e-02  9.1554439e-01]
 [ 1.5505368e-01  1.4657305e-01  7.0920968e-01]
 [ 3.1379339e-01  1.5286735e-01  7.8211182e-01]
 [-2.2319170e-02 -2.0925450e-01  9.3984377e-01]
 [-2.0929340e-01 -2.2815634e-01  8.2709098e-01]
 [-1.0380642e-01 -2.1225965e-01  6.6398066e-01]]
[[ 0.          0.          0.5627111 ]
 [ 0.01504182 -0.10391575  0.55987775]
 [ 0.34822512  0.15259336  0.36545518]
 [ 0.38284385  0.2797476   0.03717947]
 [ 0.5784552   0.30138662  0.        ]
 [-0.01499396  0.10395577  0.56635267]
 [-0.00847836  0.14011542  0.21094218]
 [-0.44431484  0.03127722  0.4368288 ]
 [-0.5792901   0.05287109  0.4301572 ]
 [ 0.01950489 -0.04387936  0.75632656]
 [ 0.04736335 -0.09938565  0.99852633]
 [ 0.1490705  -0.17488787  1.0942458 ]
 [ 0.05651199 -0.17851013  1.1411028 ]
 [ 0.04235063  0.02472749  0.94399315]
 [ 0.09083383  0.15840453  0.70122415]
 [ 0.2369075   0.17836909  0.6396517 ]
 [ 0.02296692 -0.21881856  0.9600506 ]
 [-0.07577169 -0.2822985   0.733969  ]
 [ 0.08310403 -0.23932599  0.62550724]]
[[ 0.          0.          0.53808856]
 [-0.00583864 -0.11116063  0.532768  ]
 [ 0.20180844  0.16642037  0.27928406]
 [ 0.07117602  0.36344808  0.05362666]
 [ 0.26372603  0.39551923  0.        ]
 [ 0.00577832  0.11111673  0.54385245]
 [ 0.23357311  0.08930355  0.25205493]
 [-0.21441637  0.1085493   0.42192823]
 [-0.26680666  0.1200891   0.32701218]
 [ 0.0248054  -0.04626654  0.7374137 ]
 [ 0.05596568 -0.09919602  0.98337305]
 [ 0.16049498 -0.17711091  1.0839949 ]
 [ 0.05955599 -0.18327123  1.1202803 ]
 [ 0.0424151   0.02993032  0.92928994]
 [ 0.00332916  0.19195896  0.7200474 ]
 [ 0.08500016  0.3630544   0.56073916]
 [ 0.04169728 -0.23428753  0.93933475]
 [ 0.01334465 -0.35789415  0.6986141 ]
 [ 0.22714767 -0.28453887  0.70709133]]
[[ 0.          0.          0.52867466]
 [-0.02139467 -0.10552996  0.5119612 ]
 [-0.06020135  0.14785981  0.23389137]
 [-0.33291897  0.35688278  0.10463977]
 [-0.20399016  0.41602635  0.        ]
 [ 0.02125106  0.10537158  0.54510725]
 [ 0.3743607   0.05759126  0.3689215 ]
 [ 0.1397646   0.19039477  0.2032395 ]
 [ 0.28602186  0.21131927  0.08461463]
 [ 0.0192682  -0.04761037  0.73651457]
 [ 0.05297999 -0.07224882  0.9870826 ]
 [ 0.14065687 -0.13381201  1.0793924 ]
 [ 0.05303905 -0.14256763  1.1234444 ]
 [ 0.0170844   0.05308965  0.93336624]
 [-0.14851807  0.19152689  0.7919963 ]
 [-0.1494416   0.2737993   0.54203594]
 [ 0.06976165 -0.21373121  0.9469954 ]
 [ 0.11439267 -0.38854694  0.7492035 ]
 [ 0.27895474 -0.23941955  0.87672937]]
[[ 0.00000000e+00  0.00000000e+00  4.97396529e-01]
 [-2.27260478e-02 -9.35007334e-02  4.82481897e-01]
 [-1.34561270e-01  1.68895215e-01  2.42903233e-01]
 [-4.60372210e-01  3.77052426e-01  1.84727073e-01]
 [-4.16384459e-01  4.64763343e-01  4.23518717e-02]
 [ 2.25976221e-02  9.33202580e-02  5.11853933e-01]
 [ 3.63287836e-01  3.62609774e-02  3.39158058e-01]
 [ 3.43000889e-01  1.86077952e-01  7.06238151e-02]
 [ 5.42441964e-01  1.94251209e-01  0.00000000e+00]
 [ 8.41878355e-05 -5.51107377e-02  7.00810194e-01]
 [ 1.58983655e-02 -8.20207298e-02  9.48250890e-01]
 [ 1.04722545e-01 -1.36037856e-01  1.02938306e+00]
 [ 9.88730043e-03 -1.45727783e-01  1.07658029e+00]
 [-3.14316303e-02  4.39421535e-02  8.99946690e-01]
 [-2.17929035e-01  1.77093595e-01  7.83686697e-01]
 [-2.06240505e-01  2.62768567e-01  5.38264155e-01]
 [ 4.72292006e-02 -2.18746990e-01  9.17424679e-01]
 [ 1.39765203e-01 -3.88217479e-01  7.55767703e-01]
 [ 2.64244020e-01 -2.06427068e-01  8.77362967e-01]]
[[ 0.          0.          0.49344414]
 [-0.00945796 -0.0884674   0.4783287 ]
 [-0.11974341  0.12172651  0.23032919]
 [-0.457906    0.32358217  0.38454145]
 [-0.5113723   0.46609288  0.2882924 ]
 [ 0.00947895  0.08826249  0.50816774]
 [ 0.35690895  0.1696479   0.31451452]
 [ 0.47569385  0.30745417  0.01967806]
 [ 0.67209196  0.32208607  0.        ]
 [ 0.00461366 -0.040317    0.69991606]
 [ 0.03145793 -0.04702705  0.9453317 ]
 [ 0.11233068 -0.09333923  1.0235026 ]
 [ 0.02146522 -0.11177182  1.0729034 ]
 [-0.02726632  0.07337713  0.89482075]
 [-0.19767758  0.19620293  0.75409615]
 [-0.13483107  0.26006356  0.535968  ]
 [ 0.07370469 -0.1758079   0.91385216]
 [ 0.12851962 -0.33344308  0.749455  ]
 [ 0.27150494 -0.15620154  0.78247607]]
[[ 0.          0.          0.5496892 ]
 [-0.00225041 -0.09358107  0.5368556 ]
 [-0.07551904  0.0678471   0.26529032]
 [-0.41078556  0.22219774  0.48052025]
 [-0.49307257  0.38706782  0.42616355]
 [ 0.00231405  0.09332016  0.5622172 ]
 [ 0.3344187   0.22222055  0.3440529 ]
 [ 0.4233184   0.33097094  0.01920211]
 [ 0.6226882   0.35317567  0.        ]
 [ 0.00583969 -0.01805662  0.76070845]
 [ 0.03741644 -0.01137581  1.0057236 ]
 [ 0.12044555 -0.06845042  1.0880395 ]
 [ 0.0256015  -0.08119005  1.1349277 ]
 [-0.01675388  0.1090914   0.94873965]
 [-0.14864165  0.23344564  0.77421016]
 [-0.02658753  0.29695895  0.5879059 ]
 [ 0.07147385 -0.14538872  0.9746463 ]
 [ 0.09187059 -0.29747608  0.78895974]
 [ 0.25304338 -0.14800368  0.7502095 ]]
[[ 0.00000000e+00  0.00000000e+00  6.03534102e-01]
 [ 1.62710994e-03 -1.01951122e-01  5.93195558e-01]
 [ 1.22914091e-02 -2.21067667e-03  2.97283560e-01]
 [-3.45457554e-01  1.04947284e-01  5.48667610e-01]
 [-4.48937654e-01  2.74428129e-01  5.13961434e-01]
 [-1.52162462e-03  1.01709895e-01  6.13718510e-01]
 [ 2.91637689e-01  2.64420390e-01  3.62415284e-01]
 [ 2.97116846e-01  3.53541315e-01  3.89580131e-02]
 [ 5.04563272e-01  3.67093861e-01  0.00000000e+00]
 [ 8.52859206e-03  8.82267952e-04  8.12437654e-01]
 [ 4.95676622e-02  1.96824074e-02  1.05790377e+00]
 [ 1.39699608e-01 -5.12738526e-02  1.14282537e+00]
 [ 4.05206382e-02 -5.49588799e-02  1.19276333e+00]
 [ 4.63199615e-03  1.44238353e-01  9.95809853e-01]
 [-6.36707842e-02  2.73521751e-01  7.95527518e-01]
 [ 1.15809903e-01  3.32349896e-01  6.64842367e-01]
 [ 7.10325241e-02 -1.15746498e-01  1.02897096e+00]
 [ 5.56016266e-02 -2.38508284e-01  8.22976649e-01]
 [ 2.20404983e-01 -1.08630389e-01  7.10651755e-01]]
[[ 0.0000000e+00  0.0000000e+00  5.8309257e-01]
 [ 4.5806989e-03 -1.1767389e-01  5.7487464e-01]
 [ 2.7423093e-01 -9.7083181e-02  3.4199843e-01]
 [-1.8555969e-01 -6.2803850e-02  3.8195595e-01]
 [-2.1634367e-01  1.9921511e-02  2.7592009e-01]
 [-4.4963397e-03  1.1776029e-01  5.9157628e-01]
 [ 1.6701841e-01  3.9221242e-01  2.9002586e-01]
 [-2.1359384e-02  5.7363880e-01  8.5554063e-02]
 [ 1.6769816e-01  5.8525550e-01  0.0000000e+00]
 [ 1.5890324e-02  8.6840987e-04  7.8398198e-01]
 [ 5.7518914e-02  1.5246034e-02  1.0291560e+00]
 [ 1.6152525e-01 -7.0967883e-02  1.1136062e+00]
 [ 6.4488083e-02 -6.8720520e-02  1.1667408e+00]
 [ 5.6049902e-02  1.5433052e-01  9.7297192e-01]
 [ 1.3299397e-01  2.9659122e-01  7.5626290e-01]
 [ 3.5079992e-01  3.0115676e-01  8.0136788e-01]
 [ 3.7863418e-02 -1.2748304e-01  1.0010644e+00]
 [-7.9211630e-02 -1.7599365e-01  7.8868401e-01]
 [-5.2856959e-02 -1.5213341e-04  6.6091049e-01]]
[[ 0.0000000e+00  0.0000000e+00  5.1681972e-01]
 [-8.6375698e-04 -1.2298593e-01  5.1312518e-01]
 [ 3.7428808e-01 -7.0496693e-02  3.7810352e-01]
 [ 6.7875296e-02 -8.0474705e-02  1.4537281e-01]
 [ 1.8791175e-01 -7.7143431e-02  3.2481283e-02]
 [ 9.9775940e-04  1.2321549e-01  5.2105659e-01]
 [ 8.6683072e-02  3.9449078e-01  2.1837959e-01]
 [-2.2986552e-01  5.4478228e-01  1.2554973e-01]
 [-1.5824318e-01  5.8503401e-01  0.0000000e+00]
 [-7.1446178e-03 -2.8546080e-02  7.2033751e-01]
 [ 4.1570086e-03 -4.6550095e-02  9.6891713e-01]
 [ 1.1805427e-01 -1.3057190e-01  1.0506475e+00]
 [ 9.2422664e-03 -1.2012476e-01  1.0986871e+00]
 [ 3.7445284e-02  9.2683077e-02  9.1525650e-01]
 [ 1.7803600e-01  2.1923915e-01  7.1789992e-01]
 [ 3.0313656e-01  1.6140977e-01  8.5949147e-01]
 [-5.3144027e-02 -1.7982924e-01  9.4314992e-01]
 [-2.9219401e-01 -2.5501993e-01  8.4413135e-01]
 [-1.7742372e-01 -1.1510055e-01  6.6805363e-01]]
[[ 0.          0.          0.517693  ]
 [-0.00205683 -0.12029321  0.5156755 ]
 [ 0.3649462  -0.04273625  0.39183712]
 [ 0.2848905  -0.07849577  0.06474292]
 [ 0.44271556 -0.08052182  0.        ]
 [ 0.00222403  0.12049626  0.5204439 ]
 [ 0.09931911  0.34230396  0.19487476]
 [-0.26612133  0.4742279   0.22401237]
 [-0.2811855   0.50772125  0.10028443]
 [-0.01798074 -0.04710571  0.71730494]
 [-0.01177875 -0.07369447  0.96183836]
 [ 0.10961398 -0.16100484  1.0338117 ]
 [ 0.00495891 -0.13409996  1.0925322 ]
 [ 0.03896429  0.05441892  0.9079318 ]
 [ 0.17394197  0.17596468  0.7088344 ]
 [ 0.2928675   0.14473161  0.854768  ]
 [-0.08686908 -0.19074994  0.93888855]
 [-0.31484962 -0.24123637  0.8587371 ]
 [-0.19995129 -0.16324225  0.67200965]]
[[ 0.          0.          0.5004605 ]
 [-0.00184396 -0.11691624  0.49910516]
 [ 0.34443456 -0.04336977  0.3627159 ]
 [ 0.34320658 -0.06076944  0.04029188]
 [ 0.5012609  -0.07411397  0.        ]
 [ 0.00200669  0.11709307  0.5025998 ]
 [ 0.12010549  0.31876096  0.17913967]
 [-0.2548318   0.4403687   0.237248  ]
 [-0.27606624  0.47520974  0.11867934]
 [-0.01818486 -0.05186856  0.6976886 ]
 [-0.01361599 -0.08749986  0.93748534]
 [ 0.10808256 -0.17607328  1.0115147 ]
 [ 0.00276087 -0.15171486  1.0680356 ]
 [ 0.03832411  0.03468806  0.8835946 ]
 [ 0.15537573  0.16469857  0.68178546]
 [ 0.2916861   0.14311782  0.798607  ]
 [-0.09007094 -0.19830433  0.9139571 ]
 [-0.31291908 -0.24162534  0.82223314]
 [-0.17360346 -0.15790257  0.64171106]]
[[ 0.          0.          0.5197415 ]
 [-0.01181006 -0.11436474  0.51034755]
 [ 0.27926314 -0.00588223  0.32900822]
 [ 0.25210682  0.07526219  0.03427887]
 [ 0.4216196   0.06337559  0.        ]
 [ 0.01190863  0.11449648  0.5297    ]
 [ 0.28635713  0.24172504  0.25002837]
 [-0.040089    0.43498218  0.26754153]
 [ 0.05131601  0.46020624  0.12752542]
 [ 0.00192183 -0.05195944  0.71730167]
 [ 0.02210889 -0.08774772  0.9551812 ]
 [ 0.13930717 -0.16989183  1.0423038 ]
 [ 0.03565385 -0.1535891   1.0972294 ]
 [ 0.04595912  0.03937471  0.9043655 ]
 [ 0.09016839  0.21553591  0.69895136]
 [ 0.2213836   0.28746936  0.64004445]
 [-0.0310208  -0.21291405  0.9131847 ]
 [-0.15879828 -0.29845133  0.6992817 ]
 [-0.02749439 -0.3282026   0.56999475]]
[[ 0.          0.          0.5139878 ]
 [-0.02910078 -0.10988028  0.5030321 ]
 [ 0.19387165  0.02327359  0.26736543]
 [ 0.02893655  0.20790341  0.07380974]
 [ 0.19777969  0.2380845   0.        ]
 [ 0.02910465  0.10991666  0.52516747]
 [ 0.35633925  0.07998137  0.29050404]
 [ 0.15551579  0.27375406  0.13236368]
 [ 0.31908974  0.28138536  0.03800145]
 [ 0.00837556 -0.05090925  0.71066445]
 [ 0.02716987 -0.09121817  0.9561521 ]
 [ 0.1303688  -0.16501135  1.0556175 ]
 [ 0.03155888 -0.15507126  1.1039442 ]
 [ 0.03458857  0.04140443  0.90297055]
 [-0.01217633  0.21300429  0.706463  ]
 [ 0.04049294  0.3122592   0.49665135]
 [-0.00964997 -0.22645669  0.9080509 ]
 [-0.07103522 -0.3536378   0.6654524 ]
 [ 0.15050265 -0.32214734  0.6581384 ]]
[[ 0.          0.          0.49779215]
 [-0.02631841 -0.10327139  0.48327672]
 [ 0.00633441  0.13063149  0.22546381]
 [-0.31284305  0.3393177   0.13316825]
 [-0.18935683  0.38399988  0.02983132]
 [ 0.0262111   0.10311722  0.5119789 ]
 [ 0.37085593  0.03896713  0.29797235]
 [ 0.43429303  0.08100706  0.01861224]
 [ 0.6506262   0.07793349  0.        ]
 [-0.00266074 -0.05097261  0.69087327]
 [ 0.00618999 -0.073919    0.9311802 ]
 [ 0.08376479 -0.1296103   1.0389194 ]
 [-0.01409576 -0.12430316  1.0774237 ]
 [-0.01474391  0.05952841  0.8846607 ]
 [-0.18312031  0.21834235  0.76470435]
 [-0.14497173  0.2796114   0.52625686]
 [ 0.00461031 -0.21796256  0.8883978 ]
 [ 0.02725992 -0.38150457  0.6788974 ]
 [ 0.2005561  -0.2645509   0.79484   ]]
[[ 0.          0.          0.43759376]
 [-0.01793346 -0.08904624  0.4300799 ]
 [-0.10614601  0.17274126  0.23318477]
 [-0.44049376  0.37432778  0.21230537]
 [-0.40567577  0.46116316  0.07955056]
 [ 0.01784973  0.0888596   0.44469824]
 [ 0.3629493   0.11318041  0.21716067]
 [ 0.58455455  0.17556307  0.        ]
 [ 0.77076566  0.17827773  0.02193609]
 [-0.02126236 -0.03882474  0.63235176]
 [-0.02934828 -0.03718764  0.8689922 ]
 [ 0.03343593 -0.06546077  0.9790185 ]
 [-0.06987296 -0.08680788  1.0084543 ]
 [-0.07164897  0.08098763  0.81479824]
 [-0.23869887  0.23959795  0.7155282 ]
 [-0.12990917  0.29404303  0.5109635 ]
 [ 0.00222895 -0.16749364  0.8428106 ]
 [ 0.05434176 -0.30331945  0.6839934 ]
 [ 0.18732005 -0.12285402  0.7714511 ]]
[[ 0.          0.          0.4766447 ]
 [-0.00925861 -0.08983527  0.471599  ]
 [-0.10458833  0.13299204  0.25157675]
 [-0.46875763  0.3289016   0.30867043]
 [-0.50567144  0.45859692  0.20653802]
 [ 0.00918183  0.08965722  0.48131698]
 [ 0.3426801   0.17220683  0.23372401]
 [ 0.5398815   0.24868709  0.        ]
 [ 0.7225718   0.25638646  0.02668056]
 [-0.02192248 -0.01180562  0.6790299 ]
 [-0.02606756  0.02369812  0.9180334 ]
 [ 0.03449325 -0.00307816  1.0270753 ]
 [-0.06621169 -0.02497417  1.0596292 ]
 [-0.07203284  0.1351395   0.8477479 ]
 [-0.19923285  0.28886214  0.71255636]
 [-0.01947916  0.3378569   0.5606619 ]
 [ 0.01015864 -0.10951546  0.9016578 ]
 [ 0.04902159 -0.25443298  0.7674904 ]
 [ 0.16591662 -0.0835603   0.77531457]]
[[ 0.          0.          0.5198801 ]
 [ 0.00693395 -0.09234452  0.51811713]
 [-0.00736964  0.04226282  0.22684783]
 [-0.3921231   0.15653622  0.38962695]
 [-0.47996747  0.30764544  0.3475909 ]
 [-0.00693746  0.09217622  0.5214713 ]
 [ 0.33519527  0.2416971   0.27253294]
 [ 0.4301571   0.35361773  0.00742906]
 [ 0.5966545   0.3786344   0.        ]
 [-0.01896376  0.02908865  0.7119998 ]
 [-0.02622218  0.08334875  0.9403782 ]
 [ 0.03117679  0.05404162  1.0625056 ]
 [-0.06608677  0.03238535  1.0900352 ]
 [-0.05485436  0.19667584  0.8491583 ]
 [-0.01756276  0.3384217   0.6638386 ]
 [ 0.214088    0.37601176  0.6372669 ]
 [ 0.00395383 -0.05518314  0.9304452 ]
 [ 0.0439056  -0.19517443  0.752164  ]
 [ 0.19645745 -0.07739892  0.6870865 ]]
[[ 0.          0.          0.5105148 ]
 [ 0.04092954 -0.1077022   0.524547  ]
 [ 0.34710044 -0.06191811  0.27685273]
 [ 0.2993219  -0.3110652   0.13539714]
 [ 0.4289183  -0.2826057   0.08294839]
 [-0.04083776  0.10773952  0.49681246]
 [ 0.1847484   0.29614753  0.18893158]
 [ 0.04676013  0.30671957  0.        ]
 [ 0.19424549  0.3423267   0.00482959]
 [ 0.00848368  0.06096733  0.69802576]
 [ 0.016948    0.12963498  0.9245475 ]
 [ 0.08791429  0.10420108  1.0545402 ]
 [-0.01444123  0.09266412  1.0705655 ]
 [ 0.01840494  0.24128819  0.83819747]
 [ 0.22264063  0.25865278  0.67057997]
 [ 0.36055475  0.16783255  0.82957095]
 [ 0.00665291 -0.02993658  0.9166143 ]
 [ 0.01173168 -0.19266853  0.7035923 ]
 [ 0.12693126 -0.12310088  0.766027  ]]
[[ 0.          0.          0.5339735 ]
 [ 0.03514737 -0.11336781  0.5523067 ]
 [ 0.35375586 -0.12201852  0.38871998]
 [ 0.11819547 -0.28940755  0.16666687]
 [ 0.24119705 -0.2761199   0.09302351]
 [-0.03514338  0.11342628  0.51607734]
 [-0.01213571  0.2903414   0.18984228]
 [-0.13619167  0.31110933  0.        ]
 [ 0.07900009  0.26472718  0.06682789]
 [ 0.01519337  0.06993836  0.7314191 ]
 [ 0.00192925  0.10727599  0.97512305]
 [ 0.05815293  0.08245951  1.095412  ]
 [-0.04347362  0.075423    1.1274998 ]
 [ 0.04178479  0.22154653  0.90806556]
 [ 0.28959236  0.20689642  0.77066237]
 [ 0.34009987  0.08996326  0.9548497 ]
 [-0.02639173 -0.03649119  0.94379777]
 [-0.07933789 -0.23882163  0.7720253 ]
 [ 0.02919678 -0.06064472  0.7141309 ]]
[[ 0.          0.          0.62539715]
 [ 0.02185219 -0.10607842  0.6333648 ]
 [ 0.30403852 -0.25675     0.47259238]
 [ 0.38809073 -0.39352584  0.17192888]
 [ 0.55302966 -0.40361688  0.16321954]
 [-0.02177297  0.10624493  0.61830205]
 [-0.10577439  0.25755924  0.31576884]
 [-0.39513472  0.25468135  0.10973555]
 [-0.35450613  0.2972688   0.        ]
 [ 0.00123799  0.05444306  0.8154211 ]
 [-0.00997138  0.07747942  1.0571973 ]
 [ 0.05954811  0.03878623  1.1784983 ]
 [-0.02605991  0.05992764  1.2104084 ]
 [ 0.06621552  0.14725643  0.988153  ]
 [ 0.2711717   0.07491434  0.8520848 ]
 [ 0.35804498 -0.0593068   0.96342593]
 [-0.09153377 -0.00895077  1.0244924 ]
 [-0.28793964 -0.13744679  0.9777351 ]
 [-0.1182508  -0.06686941  0.89345634]]
[[ 0.00000000e+00  0.00000000e+00  5.48066556e-01]
 [ 1.80252045e-02 -9.91930738e-02  5.54155827e-01]
 [ 2.83079535e-01 -2.45330364e-01  3.77350152e-01]
 [ 5.14653325e-01 -3.17184836e-01  1.12064958e-01]
 [ 6.58804655e-01 -3.44954610e-01  1.45390898e-01]
 [-1.78996697e-02  9.93391424e-02  5.43019772e-01]
 [-1.06573999e-01  2.11721331e-01  2.20114172e-01]
 [-4.18196440e-01  2.14417428e-01  1.44306481e-01]
 [-4.04651701e-01  2.54959375e-01  0.00000000e+00]
 [ 1.66308135e-04  4.40282673e-02  7.42592156e-01]
 [-7.71985576e-03  6.07699454e-02  9.85643983e-01]
 [ 5.66510856e-02  1.83048844e-02  1.11137390e+00]
 [-2.02301033e-02  4.65446115e-02  1.14078021e+00]
 [ 7.15900585e-02  1.24898344e-01  9.16582167e-01]
 [ 2.58966118e-01  7.14402348e-02  7.56725788e-01]
 [ 3.73423517e-01 -3.67896855e-02  7.80199528e-01]
 [-9.74241048e-02 -1.56013072e-02  9.50608611e-01]
 [-2.71911114e-01 -1.28777266e-01  8.82704139e-01]
 [-1.11040354e-01 -8.67376924e-02  8.20310175e-01]]
[[ 0.00000000e+00  0.00000000e+00  4.83173907e-01]
 [ 2.15068646e-02 -9.37719047e-02  4.87706721e-01]
 [ 2.58420348e-01 -2.25586548e-01  2.79797137e-01]
 [ 5.31237721e-01 -2.84298956e-01  3.64693999e-02]
 [ 6.64003611e-01 -3.21542084e-01  8.93337131e-02]
 [-2.14018971e-02  9.38400701e-02  4.79732096e-01]
 [-8.90661180e-02  2.06379414e-01  1.43308491e-01]
 [-4.00567323e-01  1.97220355e-01  1.44632101e-01]
 [-4.02743280e-01  2.35242575e-01  0.00000000e+00]
 [ 2.70497054e-04  4.29587960e-02  6.80432081e-01]
 [-1.42157003e-02  5.16625941e-02  9.22673345e-01]
 [ 4.32988815e-02  9.60719585e-03  1.05100918e+00]
 [-2.82915011e-02  4.09133434e-02  1.07958579e+00]
 [ 6.19019270e-02  1.15741074e-01  8.55539918e-01]
 [ 2.37629861e-01  1.02901414e-01  6.78136349e-01]
 [ 3.57081860e-01  7.99747556e-03  6.26949370e-01]
 [-9.63743031e-02 -2.17107832e-02  8.83364439e-01]
 [-2.48244613e-01 -1.45566314e-01  7.94358730e-01]
 [-1.08162835e-01 -1.43809408e-01  7.47187853e-01]]
[[ 0.          0.          0.5531148 ]
 [ 0.02187327 -0.09458925  0.56070554]
 [ 0.27150658 -0.04182827  0.292914  ]
 [ 0.5178219   0.00404441  0.        ]
 [ 0.69254774 -0.01163286  0.07272774]
 [-0.021999    0.09448048  0.54644245]
 [-0.04509589  0.07986072  0.1731027 ]
 [-0.44221807 -0.06848885  0.2954447 ]
 [-0.4766528  -0.05951437  0.28851026]
 [ 0.00484157  0.05592722  0.74994755]
 [-0.01364142  0.08207938  0.993477  ]
 [ 0.03884331  0.05842972  1.1202466 ]
 [-0.03981462  0.08497858  1.1633675 ]
 [ 0.0483584   0.14533803  0.91508424]
 [ 0.1260556   0.12923235  0.6710881 ]
 [ 0.20480685  0.15575005  0.48864138]
 [-0.0697773  -0.01410684  0.96650463]
 [-0.03147942 -0.24998684  0.9175793 ]
 [ 0.0978291  -0.22815585  1.0214264 ]]
[[ 0.          0.          0.73541147]
 [-0.0154289  -0.10823252  0.7286379 ]
 [ 0.09748399 -0.10839722  0.37588933]
 [-0.36699077 -0.07521722  0.5019643 ]
 [-0.475021    0.04639043  0.48831508]
 [ 0.01528319  0.10803891  0.74207675]
 [ 0.21519665  0.09625198  0.41562468]
 [ 0.21479937  0.07556772  0.01236159]
 [ 0.4190277   0.05964071  0.        ]
 [-0.03568218  0.0537806   0.9407637 ]
 [-0.06920382  0.10123712  1.1890001 ]
 [-0.02255212  0.10024238  1.3101416 ]
 [-0.09652273  0.12247854  1.3525054 ]
 [-0.04440325  0.19929093  1.0918677 ]
 [-0.03385204  0.25056034  0.8226895 ]
 [ 0.04256705  0.29556644  0.5978366 ]
 [-0.09653518 -0.02270442  1.172434  ]
 [-0.05170118 -0.25096896  1.177846  ]
 [ 0.09699958 -0.11713922  1.3532021 ]]
[[ 0.          0.          0.7470784 ]
 [-0.01520589 -0.09113333  0.7406118 ]
 [ 0.03648328  0.05707645  0.4031439 ]
 [-0.14622395  0.18898755  0.1130811 ]
 [-0.0026148   0.25506335  0.        ]
 [ 0.01501576  0.09098893  0.75344   ]
 [ 0.26174858 -0.11172533  0.49225152]
 [-0.16567588 -0.16019207  0.41177857]
 [-0.19667232 -0.17660752  0.28998914]
 [-0.02884645  0.05799171  0.9526363 ]
 [-0.04865037  0.13668615  1.1985661 ]
 [ 0.02408033  0.1368084   1.2982382 ]
 [-0.05850748  0.12225336  1.3540292 ]
 [-0.07954511  0.22498524  1.0791485 ]
 [-0.1635173   0.3074301   0.8516776 ]
 [-0.10961273  0.38476962  0.6245891 ]
 [-0.03748511  0.00325033  1.2258561 ]
 [ 0.07740131 -0.21320432  1.3112762 ]
 [ 0.13369074 -0.04061389  1.4737737 ]]
[[ 0.          0.          0.64448303]
 [-0.02048476 -0.08217808  0.6330402 ]
 [-0.0498264   0.0542323   0.30106878]
 [-0.34445733  0.21066728  0.1497415 ]
 [-0.28030303  0.27933505  0.        ]
 [ 0.02019044  0.08195481  0.6555205 ]
 [ 0.318865   -0.14628537  0.4997862 ]
 [ 0.02550219 -0.20716435  0.1943664 ]
 [ 0.11243036 -0.24324805  0.09647024]
 [-0.05128312  0.03945532  0.8531213 ]
 [-0.08883128  0.1058234   1.1004758 ]
 [ 0.00477861  0.11839205  1.181026  ]
 [-0.07671545  0.1082955   1.2546909 ]
 [-0.14224884  0.19434634  0.98657286]
 [-0.27258393  0.26631314  0.76966846]
 [-0.2400622   0.36491513  0.5631449 ]
 [-0.05682134 -0.02454534  1.1314883 ]
 [ 0.10981363 -0.21883523  1.20115   ]
 [ 0.15660837 -0.04798567  1.3476188 ]]
[[ 0.          0.          0.48252916]
 [-0.00166879 -0.07611233  0.47401583]
 [-0.10023032  0.04015285  0.15502962]
 [-0.47584093  0.11276646  0.19296056]
 [-0.5131311   0.21067849  0.10445035]
 [ 0.0013753   0.0757465   0.4905587 ]
 [ 0.3499598  -0.02729291  0.38823527]
 [ 0.35426944 -0.17655921  0.        ]
 [ 0.5104829  -0.19562083  0.00243458]
 [-0.05899884  0.0323218   0.6911132 ]
 [-0.10850815  0.08278295  0.9388823 ]
 [-0.02102065  0.09899831  1.0173342 ]
 [-0.10355164  0.08726263  1.0948505 ]
 [-0.18334885  0.16429645  0.8317059 ]
 [-0.3404965   0.25132436  0.638988  ]
 [-0.289694    0.42276922  0.5823429 ]
 [-0.04748666 -0.03296658  0.9556807 ]
 [ 0.12612431 -0.21234602  0.9246799 ]
 [ 0.24663436 -0.06069234  0.96078086]]
[[ 0.          0.          0.48108333]
 [ 0.01436111 -0.07005509  0.47872505]
 [-0.08702619  0.03226855  0.16152558]
 [-0.44456235 -0.02951689  0.28417063]
 [-0.5362234   0.07755247  0.26044363]
 [-0.01453985  0.06958058  0.48308855]
 [ 0.35062888  0.07541415  0.3350014 ]
 [ 0.51680183 -0.05448225  0.        ]
 [ 0.6726758  -0.06496656  0.05743271]
 [-0.05643196  0.03434074  0.6935235 ]
 [-0.1102208   0.07391775  0.9396798 ]
 [-0.03586001  0.09584218  1.0278099 ]
 [-0.11776531  0.07023585  1.0957472 ]
 [-0.19496807  0.15492094  0.8455328 ]
 [-0.33965105  0.28043535  0.6673399 ]
 [-0.28524506  0.4607844   0.737705  ]
 [-0.03219389 -0.02827531  0.93904865]
 [ 0.12680969 -0.16837022  0.81785595]
 [ 0.2843442  -0.05445096  0.7616683 ]]
[[ 0.          0.          0.51834804]
 [ 0.02317495 -0.06373117  0.5185548 ]
 [-0.03670173  0.00270203  0.20588255]
 [-0.37974134 -0.09703109  0.3824006 ]
 [-0.49084756  0.0170584   0.39791128]
 [-0.02336057  0.06321478  0.5178812 ]
 [ 0.34043378  0.083634    0.33598173]
 [ 0.5133942  -0.03119373  0.        ]
 [ 0.6606077  -0.03667796  0.05630687]
 [-0.0658402   0.02798885  0.73003435]
 [-0.12488666  0.05841801  0.9748223 ]
 [-0.05617945  0.08141184  1.0698814 ]
 [-0.13852704  0.04564053  1.1293501 ]
 [-0.21504235  0.13451374  0.8905542 ]
 [-0.35375682  0.28062293  0.73918426]
 [-0.31049523  0.43494812  0.8758744 ]
 [-0.04128168 -0.03292125  0.9626876 ]
 [ 0.09703818 -0.14262769  0.7983342 ]
 [ 0.26285052 -0.05818217  0.6831109 ]]
[[ 0.0000000e+00  0.0000000e+00  5.9646052e-01]
 [ 2.5725123e-02 -7.2583228e-02  6.0089648e-01]
 [ 7.2439745e-02 -3.2178521e-02  3.0712485e-01]
 [-3.1596899e-01 -1.4635795e-01  4.7435611e-01]
 [-4.2780304e-01 -3.2398835e-02  5.0381678e-01]
 [-2.5989547e-02  7.2206378e-02  5.9189272e-01]
 [ 3.0681345e-01  8.2984269e-02  3.6269429e-01]
 [ 3.9976260e-01 -7.4005723e-03  0.0000000e+00]
 [ 5.5223441e-01 -7.5203180e-04  9.3638301e-03]
 [-7.7386811e-02  2.6344493e-02  8.0626559e-01]
 [-1.4235549e-01  5.3984642e-02  1.0500150e+00]
 [-7.3869348e-02  7.0571303e-02  1.1511265e+00]
 [-1.5727185e-01  3.4271598e-02  1.2058964e+00]
 [-2.3016667e-01  1.2981847e-01  9.8001122e-01]
 [-3.8111961e-01  2.9741609e-01  8.9065528e-01]
 [-3.3903766e-01  3.6819750e-01  1.0988314e+00]
 [-6.5942332e-02 -3.5461992e-02  1.0254943e+00]
 [ 3.5543479e-03 -1.3383147e-01  8.1384194e-01]
 [ 1.5096533e-01 -7.3139809e-02  6.6435313e-01]]
[[ 0.          0.          0.7586776 ]
 [ 0.01329231 -0.12021463  0.77590495]
 [ 0.28507125 -0.18947494  0.58535093]
 [-0.16063339 -0.3012693   0.5144786 ]
 [-0.1774371  -0.28037444  0.37704366]
 [-0.01364813  0.12020902  0.74152094]
 [ 0.22384995  0.10382652  0.43970868]
 [ 0.02896281  0.03086919  0.06884134]
 [ 0.2000908   0.04726511  0.        ]
 [-0.07199256  0.05437341  0.96426153]
 [-0.1412963   0.07574037  1.2079169 ]
 [-0.05847758  0.06888747  1.3046255 ]
 [-0.14844014  0.06824595  1.3670105 ]
 [-0.17314416  0.17873073  1.1533476 ]
 [-0.27613074  0.39867735  1.2366078 ]
 [-0.19492245  0.44740784  1.4160516 ]
 [-0.13542771 -0.02735648  1.1756518 ]
 [-0.36501792 -0.05354798  1.2152834 ]
 [-0.28487492 -0.04581529  1.3541439 ]]
[[ 0.          0.          0.71447426]
 [ 0.01030502 -0.12345518  0.74176407]
 [ 0.32229593 -0.3313971   0.6565346 ]
 [ 0.09494138 -0.51551753  0.37685385]
 [ 0.16480386 -0.5328531   0.26536685]
 [-0.01058282  0.12340924  0.68761694]
 [ 0.1672091   0.15885106  0.33168977]
 [-0.20195319  0.148476    0.12543112]
 [-0.11619943  0.1885094   0.        ]
 [-0.06900121  0.07173347  0.9116566 ]
 [-0.1442082   0.09744114  1.153922  ]
 [-0.04931033  0.07576913  1.2452557 ]
 [-0.13734818  0.07805389  1.3121245 ]
 [-0.14241245  0.22582656  1.0988648 ]
 [-0.09082484  0.4327718   1.0431457 ]
 [ 0.00738487  0.5071805   1.2171631 ]
 [-0.1621128  -0.03469941  1.1198335 ]
 [-0.21752156 -0.20790726  1.2228527 ]
 [-0.18935609 -0.1208697   1.375001  ]]
[[ 0.          0.          0.5459574 ]
 [ 0.01064043 -0.10781884  0.5718039 ]
 [ 0.27063712 -0.37529922  0.5445746 ]
 [ 0.3982134  -0.5725252   0.26590902]
 [ 0.5201957  -0.5940397   0.27463523]
 [-0.01081824  0.10769798  0.5208827 ]
 [ 0.12532301  0.1546331   0.16244352]
 [-0.27913904  0.08423284  0.11901537]
 [-0.29753405  0.1537939   0.        ]
 [-0.0423897   0.06723744  0.74837995]
 [-0.09033899  0.07949319  0.99411875]
 [ 0.01036379  0.05572075  1.0766572 ]
 [-0.05740574  0.05599761  1.1389055 ]
 [-0.07733451  0.18073082  0.959157  ]
 [ 0.02380598  0.24271375  1.1319426 ]
 [ 0.07279028  0.22499382  1.3374559 ]
 [-0.12484765 -0.01414907  0.9457589 ]
 [-0.25101998 -0.08818758  0.9459995 ]
 [-0.2097511   0.0215928   1.1250565 ]]
[[ 0.          0.          0.46525756]
 [ 0.01154537 -0.09641416  0.48881963]
 [ 0.27274752 -0.32462636  0.4698107 ]
 [ 0.5185956  -0.5138447   0.31831017]
 [ 0.61669445 -0.5340867   0.37508035]
 [-0.01162363  0.09625332  0.44254538]
 [ 0.16160147  0.15073718  0.12539446]
 [-0.221453    0.0610725   0.10103807]
 [-0.23569456  0.12708971  0.        ]
 [-0.02635136  0.05231383  0.667274  ]
 [-0.0552671   0.06598675  0.9079331 ]
 [ 0.053169    0.03829449  0.9649854 ]
 [-0.01664865  0.0580371   1.0282549 ]
 [-0.04103541  0.15485424  0.8724879 ]
 [ 0.09022482  0.17760527  1.0291493 ]
 [ 0.14902386  0.10346949  1.2092649 ]
 [-0.09495221 -0.02753973  0.87564147]
 [-0.1683526  -0.1575551   0.95857185]
 [-0.11654735 -0.03223068  1.1202583 ]]
[[ 0.          0.          0.45334888]
 [ 0.01545843 -0.08794567  0.47694185]
 [ 0.2754887  -0.29708046  0.46785754]
 [ 0.54827976 -0.48462102  0.38935125]
 [ 0.6275483  -0.51170075  0.48808843]
 [-0.01548488  0.08776434  0.43056422]
 [ 0.20949098  0.15076819  0.17277768]
 [-0.15279853  0.06997433  0.1055007 ]
 [-0.13012594  0.12953937  0.        ]
 [-0.00623247  0.05458024  0.6525032 ]
 [-0.00968386  0.07525882  0.88550746]
 [ 0.0998968   0.04594865  0.925012  ]
 [ 0.03505821  0.06750822  0.98563933]
 [-0.00675974  0.15311229  0.8491192 ]
 [ 0.13663849  0.1475476   0.9758706 ]
 [ 0.20356062  0.0121581   1.1219013 ]
 [-0.04515857 -0.02122831  0.8642673 ]
 [-0.06145151 -0.18207783  0.97644436]
 [ 0.0140905  -0.06016135  1.1375806 ]]
[[ 0.          0.          0.46135896]
 [ 0.0138841  -0.09071839  0.48538283]
 [ 0.27131945 -0.2773723   0.509906  ]
 [ 0.5774783  -0.40316364  0.46134073]
 [ 0.6509938  -0.43082765  0.5813155 ]
 [-0.01383933  0.09059364  0.4380405 ]
 [ 0.2585526   0.17694148  0.28501436]
 [-0.0323013   0.13181058  0.10302967]
 [ 0.05846566  0.17176333  0.        ]
 [ 0.01264524  0.05095711  0.65837157]
 [ 0.03661577  0.08163956  0.87640154]
 [ 0.14975177  0.05762467  0.8832465 ]
 [ 0.09531519  0.08240426  0.94591546]
 [ 0.03539744  0.1596176   0.8397787 ]
 [ 0.17189278  0.12801331  0.9205387 ]
 [ 0.21379197 -0.03585213  1.0163522 ]
 [ 0.00622337 -0.0218887   0.87403506]
 [ 0.06596616 -0.1714566   0.9818088 ]
 [ 0.19552739 -0.07214862  1.125393  ]]
[[ 0.          0.          0.3905318 ]
 [ 0.011583   -0.09730269  0.41542512]
 [ 0.29485786 -0.24838553  0.499246  ]
 [ 0.6436144  -0.25927323  0.43032584]
 [ 0.7250887  -0.28512028  0.5344396 ]
 [-0.01151879  0.09721588  0.3660095 ]
 [ 0.30927712  0.19882219  0.33714902]
 [ 0.20977992  0.2530025   0.04539356]
 [ 0.36740333  0.27293563  0.        ]
 [ 0.03800003  0.05381735  0.5826532 ]
 [ 0.08982091  0.09757656  0.78688663]
 [ 0.20557417  0.08575016  0.75878954]
 [ 0.16997531  0.13746083  0.8158415 ]
 [ 0.07028977  0.1763159   0.7550684 ]
 [ 0.17425789  0.06812862  0.8098804 ]
 [ 0.15995425 -0.10038251  0.878173  ]
 [ 0.0717165  -0.01088518  0.7977431 ]
 [ 0.25103667 -0.14880714  0.84640205]
 [ 0.4417105  -0.10730141  0.919168  ]]
[[ 0.00000000e+00  0.00000000e+00  2.98119783e-01]
 [ 1.38850845e-02 -9.95446146e-02  3.18736196e-01]
 [ 3.00645947e-01 -2.23686248e-01  4.38675344e-01]
 [ 6.75513983e-01 -1.33033589e-01  3.26988459e-01]
 [ 7.56882548e-01 -1.57843456e-01  4.46782917e-01]
 [-1.37398280e-02  9.94935781e-02  2.77782500e-01]
 [ 3.15210283e-01  2.17097729e-01  3.00840944e-01]
 [ 3.77834737e-01  3.55535179e-01  0.00000000e+00]
 [ 5.50270796e-01  3.73161107e-01  4.08738852e-04]
 [ 3.79445478e-02  3.45672071e-02  4.86902595e-01]
 [ 9.58513469e-02  6.52314723e-02  6.77594423e-01]
 [ 2.08930492e-01  5.49665987e-02  6.30185723e-01]
 [ 1.84250236e-01  1.11324072e-01  6.90530360e-01]
 [ 7.52144605e-02  1.45922065e-01  6.47791743e-01]
 [ 1.46982729e-01  4.25842106e-02  6.04649901e-01]
 [ 1.10203415e-01 -6.62848353e-02  6.57742918e-01]
 [ 7.66570270e-02 -3.80750299e-02  6.93830132e-01]
 [ 2.74526179e-01 -1.87041253e-01  7.42178142e-01]
 [ 4.73980069e-01 -1.90325707e-01  8.00060630e-01]]
[[ 0.00000000e+00  0.00000000e+00  2.59435654e-01]
 [ 1.20764077e-02 -1.10216379e-01  2.75718778e-01]
 [ 3.42980742e-01 -2.42671505e-01  4.12846029e-01]
 [ 7.09439874e-01 -1.11039042e-01  2.49890357e-01]
 [ 8.10966969e-01 -1.51857644e-01  3.76980245e-01]
 [-1.19016245e-02  1.10200137e-01  2.43502423e-01]
 [ 3.63919616e-01  2.38012806e-01  2.81395406e-01]
 [ 5.51877081e-01  4.24824089e-01  0.00000000e+00]
 [ 7.16025233e-01  4.45995510e-01  6.38246536e-02]
 [ 3.44562531e-02 -5.22540510e-03  4.30503130e-01]
 [ 9.72940549e-02  4.57316637e-04  6.01426780e-01]
 [ 2.19716549e-01 -1.05603337e-02  5.47466397e-01]
 [ 1.94292188e-01  4.31742668e-02  5.98353982e-01]
 [ 7.30023161e-02  1.01367772e-01  5.72373867e-01]
 [ 1.03661694e-01  8.49710405e-03  4.06047702e-01]
 [ 1.73439369e-01 -2.96001881e-02  3.73052061e-01]
 [ 7.70258233e-02 -1.08650595e-01  6.25572920e-01]
 [ 1.24488264e-01 -2.46451288e-01  5.11739314e-01]
 [ 3.05846363e-01 -2.95329571e-01  5.65968037e-01]]
[[ 0.          0.          0.24889147]
 [ 0.00912104 -0.11085427  0.26129413]
 [ 0.3501369  -0.22342046  0.4158059 ]
 [ 0.68481207 -0.07069148  0.22673337]
 [ 0.7974385  -0.10928839  0.3413125 ]
 [-0.00894494  0.1108531   0.23678362]
 [ 0.3759917   0.23695046  0.28764978]
 [ 0.56202614  0.42176524  0.        ]
 [ 0.7243779   0.43973944  0.06615743]
 [ 0.02669739 -0.00326121  0.41859412]
 [ 0.08890362  0.01626089  0.5927263 ]
 [ 0.21565118  0.0025084   0.5418432 ]
 [ 0.18580617  0.0538474   0.5913037 ]
 [ 0.06098304  0.12434623  0.5644343 ]
 [ 0.077033    0.08008234  0.36358613]
 [ 0.18591923  0.02084202  0.32910654]
 [ 0.07076231 -0.10234004  0.61381924]
 [ 0.18813634 -0.2561371   0.5074679 ]
 [ 0.3432433  -0.31614894  0.43921685]]
[[ 0.          0.          0.17467982]
 [ 0.01783056 -0.10292755  0.17443696]
 [ 0.37776172 -0.17327528  0.33597293]
 [ 0.55807066 -0.04677962  0.09951538]
 [ 0.6848225  -0.05233811  0.15723716]
 [-0.01770315  0.10303912  0.17529777]
 [ 0.39893046  0.25791395  0.22162762]
 [ 0.4491225   0.49531588  0.        ]
 [ 0.61212575  0.5099538   0.00850254]
 [-0.03540546 -0.04421534  0.32446593]
 [-0.0303038  -0.05629176  0.507324  ]
 [ 0.12615767 -0.09081091  0.5037763 ]
 [ 0.05933421 -0.05289787  0.572158  ]
 [-0.07566717  0.05384642  0.47322774]
 [-0.24540919  0.01933392  0.26647043]
 [-0.28646088  0.14117852  0.05742945]
 [-0.03297083 -0.17138034  0.49487254]
 [-0.12888019 -0.26474983  0.29571003]
 [-0.08173075 -0.35196227  0.17889825]]
[[ 0.          0.          0.14385676]
 [ 0.01346662 -0.09283549  0.13371599]
 [ 0.41859108 -0.13180085  0.26743796]
 [ 0.3935968  -0.06392618  0.05088039]
 [ 0.5243548  -0.06064442  0.04190791]
 [-0.01353088  0.09301931  0.15442953]
 [ 0.3982762   0.23786864  0.25092953]
 [ 0.27520496  0.40311724  0.02266434]
 [ 0.3756557   0.44780192  0.        ]
 [-0.0801336  -0.08066377  0.2847713 ]
 [-0.12489883 -0.13070455  0.4715118 ]
 [ 0.03457533 -0.17138377  0.5123638 ]
 [-0.05353693 -0.15285695  0.5781393 ]
 [-0.1705945  -0.01679954  0.4457087 ]
 [-0.35835412  0.0784291   0.31726515]
 [-0.4219311   0.26864287  0.1707193 ]
 [-0.12083773 -0.23465765  0.43298578]
 [-0.23783785 -0.24697047  0.28244957]
 [-0.33243328 -0.3455992   0.15937111]]
[[ 0.          0.          0.10934359]
 [ 0.01143798 -0.08028682  0.09337267]
 [ 0.41252857 -0.04653798  0.1921339 ]
 [ 0.15398729  0.05553417  0.05168829]
 [ 0.19697386  0.09956703  0.01115292]
 [-0.01157406  0.08047731  0.12571572]
 [ 0.33259484  0.20448987  0.23555738]
 [ 0.1327012   0.30281597  0.04661968]
 [ 0.20921397  0.358171    0.        ]
 [-0.11061174 -0.08715559  0.26272148]
 [-0.19554001 -0.1472115   0.46349663]
 [-0.04960066 -0.18182027  0.52754325]
 [-0.1419341  -0.17933446  0.5878588 ]
 [-0.24607414 -0.07173064  0.43757832]
 [-0.45468926 -0.04159676  0.32257044]
 [-0.5961628   0.07130176  0.19507574]
 [-0.16447861 -0.19131234  0.41308695]
 [-0.19836572 -0.00520226  0.27338174]
 [-0.46842456  0.08113722  0.22245581]]
[[ 0.          0.          0.09031488]
 [ 0.01235202 -0.09215014  0.0770028 ]
 [ 0.4342661  -0.10138284  0.19662888]
 [ 0.2528049   0.06696437  0.02490061]
 [ 0.30989018  0.11031471  0.        ]
 [-0.01250161  0.09222633  0.10400581]
 [ 0.41050154  0.20764549  0.21234442]
 [ 0.23904411  0.35026193  0.05117594]
 [ 0.31183678  0.39522213  0.01124935]
 [-0.1125816  -0.08978941  0.21649544]
 [-0.20493507 -0.15664119  0.39148563]
 [-0.06107593 -0.18682365  0.45634055]
 [-0.15951604 -0.18019044  0.5145088 ]
 [-0.22949399 -0.04599209  0.36754203]
 [-0.352842    0.02826135  0.23946272]
 [-0.36644018  0.27063474  0.23128311]
 [-0.2012265  -0.25698254  0.34151363]
 [-0.2425514  -0.36378735  0.16940106]
 [-0.22234266 -0.42878202  0.1346267 ]]
[[ 0.          0.          0.06739289]
 [-0.00226686 -0.08521578  0.04580598]
 [ 0.39401975 -0.11955834  0.16498213]
 [ 0.45728457  0.08313276  0.02560948]
 [ 0.5381324   0.11900601  0.        ]
 [ 0.00221785  0.08535418  0.08937124]
 [ 0.42519274  0.12310176  0.20525372]
 [ 0.44111755  0.24099824  0.02634662]
 [ 0.5246182   0.22883077  0.00568214]
 [-0.10551728 -0.09512909  0.18248516]
 [-0.21289349 -0.17612632  0.34268257]
 [-0.0888037  -0.20185792  0.41400433]
 [-0.19402504 -0.20001672  0.46710292]
 [-0.19536012 -0.04911688  0.33404183]
 [-0.1035001   0.09506693  0.21154818]
 [ 0.0899599   0.15974909  0.2872939 ]
 [-0.22724912 -0.28277805  0.27989337]
 [-0.24465594 -0.44804996  0.11472371]
 [-0.22583179 -0.70165634  0.0778752 ]]
[[ 0.          0.          0.03750557]
 [-0.01442045 -0.07912749  0.00127657]
 [ 0.37339097 -0.1446887   0.1333761 ]
 [ 0.5399588   0.08667557  0.03838307]
 [ 0.6250671   0.09483474  0.04749319]
 [ 0.0143849   0.07926393  0.07421905]
 [ 0.40946013  0.04217072  0.18244094]
 [ 0.5369861   0.1228426   0.01301315]
 [ 0.6365422   0.07404928  0.01401252]
 [-0.10286792 -0.09255309  0.15358579]
 [-0.21279195 -0.18142405  0.31794128]
 [-0.09733953 -0.21697259  0.39566314]
 [-0.20145395 -0.20949107  0.4476558 ]
 [-0.16372049 -0.06212644  0.32090417]
 [ 0.00108836  0.01757109  0.20549195]
 [ 0.19122791 -0.03079365  0.25464952]
 [-0.25349727 -0.2793973   0.24035946]
 [-0.27619526 -0.44024765  0.06574962]
 [-0.25215393 -0.70695215  0.        ]]
[[ 0.          0.          0.08897442]
 [-0.02696948 -0.07506052  0.04206733]
 [ 0.3448202  -0.1872085   0.17698129]
 [ 0.5407395   0.07311871  0.11063105]
 [ 0.62352157  0.05747184  0.14235365]
 [ 0.02697827  0.07521584  0.13644235]
 [ 0.40379673  0.00356784  0.23574479]
 [ 0.58585     0.02534032  0.07788886]
 [ 0.6786941  -0.03698234  0.09377204]
 [-0.10548705 -0.09941626  0.2015969 ]
 [-0.22247122 -0.2025454   0.3656546 ]
 [-0.11326004 -0.23838082  0.4468965 ]
 [-0.21654586 -0.22160727  0.50107294]
 [-0.15049702 -0.09043229  0.377693  ]
 [ 0.05730196 -0.02546778  0.27829242]
 [ 0.23356351 -0.14292693  0.3061608 ]
 [-0.28216916 -0.2826946   0.2735952 ]
 [-0.32619384 -0.4480747   0.08886945]
 [-0.29848573 -0.7086901   0.        ]]
[[ 0.          0.          0.23368132]
 [-0.04097372 -0.03411772  0.1701141 ]
 [ 0.20602764 -0.11820552  0.18171653]
 [ 0.27373293  0.21380852  0.17495245]
 [ 0.3028765   0.1843482   0.19716519]
 [ 0.04092882  0.03432304  0.29779947]
 [ 0.393296   -0.10039083  0.33849028]
 [ 0.6507654  -0.1901739   0.2877903 ]
 [ 0.7062712  -0.23415844  0.31588006]
 [-0.11684881 -0.11030923  0.3246062 ]
 [-0.26135692 -0.25110802  0.44756997]
 [-0.22423539 -0.2918145   0.51336724]
 [-0.29156414 -0.27676553  0.55814904]
 [-0.14924707 -0.21927977  0.4959997 ]
 [ 0.07909581 -0.27991563  0.40636018]
 [ 0.18962574 -0.40111837  0.34609997]
 [-0.34966314 -0.25367436  0.34363776]
 [-0.42726275 -0.3690219   0.13569951]
 [-0.5850038  -0.53715885  0.        ]]
[[ 0.          0.          0.30661654]
 [-0.04415038  0.0035941   0.24413155]
 [ 0.11883928 -0.04047243  0.14356703]
 [ 0.22206876  0.30047533  0.13087249]
 [ 0.21141718  0.27623457  0.13258173]
 [ 0.04405935 -0.00335143  0.36966574]
 [ 0.34486264 -0.17824645  0.3339026 ]
 [ 0.58881533 -0.2626945   0.39950567]
 [ 0.65007424 -0.2968356   0.3982555 ]
 [-0.12910505 -0.1024859   0.37105942]
 [-0.29166088 -0.23631427  0.45734137]
 [-0.3228214  -0.2721292   0.5038306 ]
 [-0.35266876 -0.27617085  0.5410377 ]
 [-0.17089145 -0.25038496  0.5068723 ]
 [ 0.03174113 -0.36803594  0.40051624]
 [ 0.05606475 -0.51063627  0.25742912]
 [-0.37957704 -0.20130293  0.36465442]
 [-0.4682495  -0.27007446  0.14322677]
 [-0.613866   -0.43737322  0.        ]]
[[ 0.          0.          0.29461294]
 [-0.0438573   0.02314161  0.23854783]
 [ 0.07095743  0.03466386  0.0652914 ]
 [ 0.08431917  0.4180352   0.06845973]
 [ 0.04357567  0.42398205  0.05217987]
 [ 0.04370482 -0.02292183  0.35122418]
 [ 0.28085646 -0.23089923  0.24598444]
 [ 0.49916685 -0.2949134   0.36269504]
 [ 0.5941293  -0.32253164  0.36232108]
 [-0.13888793 -0.08834866  0.34433213]
 [-0.31469    -0.20338014  0.41424432]
 [-0.38242257 -0.21708384  0.4432472 ]
 [-0.38606808 -0.24214542  0.47880113]
 [-0.19634613 -0.23508453  0.45843545]
 [-0.03627875 -0.35643503  0.31860334]
 [-0.05569106 -0.48760095  0.16432562]
 [-0.39210114 -0.15396848  0.33090663]
 [-0.47741288 -0.21165016  0.09914187]
 [-0.6086167  -0.40493956  0.        ]]
[[ 0.          0.          0.32537526]
 [-0.04099516  0.03113346  0.27412266]
 [ 0.03795989  0.06695171  0.06904987]
 [ 0.11155361  0.42330092  0.04618996]
 [ 0.06538924  0.4162476   0.03969815]
 [ 0.04080803 -0.03092212  0.3772257 ]
 [ 0.24537098 -0.2509902   0.23272678]
 [ 0.4467541  -0.3691976   0.37193805]
 [ 0.53718936 -0.3930412   0.38321695]
 [-0.14323843 -0.07856955  0.37370172]
 [-0.32880342 -0.1894222   0.44097942]
 [-0.41033354 -0.1998942   0.4661464 ]
 [-0.40415698 -0.2273537   0.5035901 ]
 [-0.21373205 -0.22796571  0.4800409 ]
 [-0.08029611 -0.36521763  0.33687076]
 [-0.12337016 -0.50854987  0.16836375]
 [-0.39939642 -0.1320043   0.3613892 ]
 [-0.47999167 -0.18097496  0.12906414]
 [-0.62458605 -0.34517488  0.        ]]
[[ 0.          0.          0.34380198]
 [-0.0380896   0.04012788  0.3002871 ]
 [ 0.01143282  0.15192273  0.0746181 ]
 [ 0.09634381  0.46336487  0.038387  ]
 [ 0.05181758  0.45898902  0.02695939]
 [ 0.03780686 -0.03991225  0.38796303]
 [ 0.1878922  -0.25746086  0.19717123]
 [ 0.38197047 -0.38858828  0.3824404 ]
 [ 0.48384428 -0.41176623  0.39595562]
 [-0.1494699  -0.04824287  0.3862694 ]
 [-0.34539145 -0.13461058  0.45116836]
 [-0.4525414  -0.13584037  0.47357786]
 [-0.42441243 -0.16944233  0.5178745 ]
 [-0.23940477 -0.1872724   0.4831078 ]
 [-0.14862256 -0.32838112  0.3198814 ]
 [-0.23288722 -0.42975116  0.1293562 ]
 [-0.40653467 -0.0640417   0.37681097]
 [-0.48980945 -0.11385736  0.14394593]
 [-0.6312545  -0.26050323  0.        ]]
[[ 0.          0.          0.3599112 ]
 [-0.03081112  0.0497812   0.33085063]
 [-0.00980394  0.20917243  0.0949614 ]
 [ 0.07764994  0.460578    0.02136165]
 [ 0.02890918  0.46288174  0.        ]
 [ 0.03045155 -0.04955243  0.3896223 ]
 [ 0.11903173 -0.2461255   0.15325846]
 [ 0.31283826 -0.38499615  0.36502075]
 [ 0.42420655 -0.40494394  0.3791875 ]
 [-0.1648171  -0.03637113  0.40600926]
 [-0.37736934 -0.1174131   0.47929454]
 [-0.49765545 -0.10770808  0.5065513 ]
 [-0.4530754  -0.14037466  0.5577712 ]
 [-0.289831   -0.18045099  0.4990893 ]
 [-0.2376293  -0.30377978  0.3075938 ]
 [-0.33275217 -0.39230177  0.10269636]
 [-0.4214396  -0.03787354  0.40833032]
 [-0.5125196  -0.09397735  0.17002821]
 [-0.66144705 -0.22556499  0.01999092]]
[[ 0.00000000e+00  0.00000000e+00  3.10270905e-01]
 [ 1.31333796e-02  7.70418793e-02  3.18556428e-01]
 [-4.95752990e-02  2.76712030e-01  6.02668524e-02]
 [ 2.30215773e-01  2.28008494e-01  1.39199302e-01]
 [ 2.39624068e-01  2.85663575e-01  1.31723285e-02]
 [-1.33887976e-02 -7.66950399e-02  3.02507013e-01]
 [-6.15167841e-02 -7.27621913e-02  0.00000000e+00]
 [ 2.23878384e-01 -2.10773468e-01  1.83271945e-01]
 [ 2.82629311e-01 -1.74481988e-01  7.40354508e-02]
 [-1.92212164e-01 -1.40279531e-04  3.85835320e-01]
 [-4.21892762e-01 -1.91440284e-02  4.97819185e-01]
 [-5.54041624e-01  1.55484676e-02  5.56921482e-01]
 [-4.93495226e-01 -2.66289115e-02  6.10154688e-01]
 [-3.83421957e-01 -1.12853900e-01  4.84929979e-01]
 [-3.03016603e-01 -1.53019041e-01  2.30127990e-01]
 [-3.28840435e-01 -1.77960858e-01  1.03882551e-02]
 [-4.21121418e-01  9.56956297e-02  4.45026159e-01]
 [-5.50643027e-01  1.20587543e-01  2.23989323e-01]
 [-7.26495087e-01  1.75921768e-02  5.71861863e-02]]
[[ 0.0000000e+00  0.0000000e+00  3.4162599e-01]
 [ 3.0731862e-02  7.3576905e-02  3.6155334e-01]
 [-1.9315645e-02  3.4365457e-01  1.1763117e-01]
 [ 2.2137891e-01  2.4879111e-01  1.2248437e-01]
 [ 2.0961237e-01  3.3797354e-01  0.0000000e+00]
 [-3.1049753e-02 -7.3240817e-02  3.2211846e-01]
 [-8.1896551e-02 -4.3304473e-02  1.4037609e-02]
 [ 1.8969226e-01 -2.9584432e-01  1.7891327e-01]
 [ 2.7136320e-01 -2.7930248e-01  1.1108187e-01]
 [-1.8726794e-01  1.2693241e-02  4.2970949e-01]
 [-4.1021526e-01  8.6245239e-03  5.5476487e-01]
 [-5.5448937e-01  4.6592385e-02  6.2033159e-01]
 [-4.8296797e-01 -7.0959330e-05  6.7236328e-01]
 [-3.9782685e-01 -8.5507765e-02  5.2327132e-01]
 [-3.3342856e-01 -1.1998184e-01  2.5775525e-01]
 [-3.7000379e-01 -1.4007756e-01  3.7044168e-02]
 [-3.8332599e-01  1.2687743e-01  5.1130301e-01]
 [-5.0545824e-01  1.7929704e-01  2.9907385e-01]
 [-6.9918841e-01  6.7347944e-02  1.5934259e-01]]
[[ 0.          0.          0.35765302]
 [ 0.03995024  0.07001136  0.38625807]
 [ 0.0013154   0.36920983  0.16366112]
 [ 0.21125036  0.21782626  0.12413491]
 [ 0.19554245  0.33014214  0.        ]
 [-0.04025842 -0.06967574  0.32934526]
 [-0.0821682   0.01426196  0.02623427]
 [ 0.1693387  -0.28178278  0.18323386]
 [ 0.2539833  -0.26045063  0.11935668]
 [-0.17967066  0.02989507  0.45657295]
 [-0.39271784  0.04031174  0.5929438 ]
 [-0.5387938   0.07758787  0.6631149 ]
 [-0.46481356  0.02593115  0.7143103 ]
 [-0.40183717 -0.05590431  0.5502933 ]
 [-0.34393936 -0.09977186  0.28446186]
 [-0.37806565 -0.11341552  0.06854248]
 [-0.34605157  0.15933985  0.55645466]
 [-0.4631769   0.23549268  0.34756574]
 [-0.66726744  0.11559534  0.22911727]]
[[ 0.          0.          0.3629062 ]
 [ 0.05099165  0.06244303  0.39948213]
 [ 0.03709476  0.402571    0.21703011]
 [ 0.20677981  0.21739739  0.12240411]
 [ 0.188086    0.34944183  0.        ]
 [-0.05130401 -0.06210857  0.3265409 ]
 [-0.08241512  0.0631766   0.02557832]
 [ 0.13438848 -0.27614346  0.17986241]
 [ 0.21936014 -0.24819864  0.12414584]
 [-0.16989675  0.03864157  0.47402328]
 [-0.36865848  0.06361276  0.623703  ]
 [-0.51698864  0.09715807  0.6968384 ]
 [-0.44023135  0.04237774  0.74543965]
 [-0.40484205 -0.0317184   0.5696765 ]
 [-0.35397694 -0.08879037  0.3058473 ]
 [-0.385688   -0.08766335  0.09301469]
 [-0.29740217  0.17794834  0.5942292 ]
 [-0.40405843  0.28286514  0.387907  ]
 [-0.62117183  0.16228938  0.29692656]]
[[ 0.          0.          0.37049204]
 [ 0.06427902  0.05549658  0.41417158]
 [ 0.0755844   0.43245494  0.2769603 ]
 [ 0.1937214   0.23061709  0.12139757]
 [ 0.1643845   0.3758379   0.        ]
 [-0.06458588 -0.05517704  0.32691264]
 [-0.08680516  0.09430343  0.02473378]
 [ 0.07972869 -0.2992756   0.17193055]
 [ 0.1652931  -0.26587427  0.12427735]
 [-0.15515023  0.04812059  0.49788865]
 [-0.33471632  0.08961198  0.6636424 ]
 [-0.4823681   0.12182495  0.74157786]
 [-0.40418914  0.06049609  0.7879447 ]
 [-0.3994758  -0.00258577  0.6014261 ]
 [-0.36505103 -0.07913649  0.34083456]
 [-0.3837893  -0.04747152  0.13814542]
 [-0.23850536  0.19619566  0.6415613 ]
 [-0.32657874  0.32782465  0.43549728]
 [-0.5560535   0.21514238  0.3725195 ]]
[[ 0.          0.          0.3806757 ]
 [ 0.07401659  0.0486443   0.42911088]
 [ 0.10694797  0.44931728  0.32607412]
 [ 0.18498741  0.22360161  0.12249985]
 [ 0.15678349  0.37549025  0.        ]
 [-0.07428847 -0.04834066  0.3322722 ]
 [-0.08156396  0.13517348  0.02769384]
 [ 0.05413812 -0.27554604  0.17549857]
 [ 0.13600193 -0.23098786  0.12102807]
 [-0.14057717  0.05872163  0.52280104]
 [-0.30338147  0.11637405  0.7021142 ]
 [-0.4485547   0.14830345  0.7830324 ]
 [-0.37131625  0.0822036   0.8294004 ]
 [-0.3884701   0.02968547  0.6341206 ]
 [-0.36657238 -0.06736904  0.3820358 ]
 [-0.37181902 -0.02681029  0.18278542]
 [-0.18911576  0.21151409  0.68426627]
 [-0.262246    0.35560143  0.4716226 ]
 [-0.501676    0.25738108  0.4287236 ]]
