[[ 0.00000000e+00  0.00000000e+00  6.91218019e-01]
 [ 1.07359260e-01  4.81432863e-02  7.04179704e-01]
 [ 2.52317339e-01  3.77021700e-01  4.39605057e-01]
 [ 4.43292767e-01  3.25379014e-01  1.29829526e-01]
 [ 4.00883615e-01  4.28208768e-01  0.00000000e+00]
 [-1.07406832e-01 -4.78657335e-02  6.78089142e-01]
 [-2.25266218e-01  2.88180411e-01  5.81756175e-01]
 [-1.44051507e-01  1.27326161e-01  1.65982544e-01]
 [-1.88234866e-01  2.22106576e-01  4.94221449e-02]
 [-2.37335041e-02  5.41111231e-02  8.97650659e-01]
 [-6.09726757e-02  1.38508350e-01  1.12794423e+00]
 [-1.23743564e-01  2.20290154e-01  1.17994893e+00]
 [-1.38421834e-01  1.72533989e-01  1.28447676e+00]
 [-1.91046566e-01  9.23509598e-02  1.11471355e+00]
 [-1.23868011e-01 -5.49273044e-02  9.57182527e-01]
 [-6.93304539e-02 -4.20980155e-03  8.32598865e-01]
 [ 8.84483606e-02  1.67881608e-01  1.08386648e+00]
 [ 1.23970211e-04  2.73778737e-01  8.38656068e-01]
 [-1.95371568e-01  3.48070145e-01  9.07624483e-01]]
[[ 0.          0.          0.6563921 ]
 [ 0.10334244  0.05579197  0.66726464]
 [ 0.27094793  0.3503697   0.38810587]
 [ 0.50168294  0.28423965  0.13555443]
 [ 0.48069084  0.36992612  0.        ]
 [-0.10340588 -0.05553108  0.6455125 ]
 [-0.24158648  0.2567684   0.55517596]
 [-0.20701334  0.17490503  0.11848277]
 [-0.27474323  0.27231482  0.02431804]
 [-0.030898    0.04092728  0.8672927 ]
 [-0.07846481  0.10266536  1.1048644 ]
 [-0.14718387  0.18876064  1.1487659 ]
 [-0.15928155  0.14906824  1.2575953 ]
 [-0.19568312  0.0506117   1.0953684 ]
 [-0.10157365 -0.10740867  0.99868786]
 [-0.0248388  -0.09720075  0.8753044 ]
 [ 0.06684222  0.14774904  1.0647041 ]
 [-0.03255847  0.28355983  0.84675646]
 [-0.19397703  0.32246894  0.9895997 ]]
[[ 0.          0.          0.61816436]
 [ 0.10359281  0.05897564  0.62609464]
 [ 0.25689346  0.29158714  0.2990558 ]
 [ 0.5091995   0.14075986  0.18203613]
 [ 0.52565944  0.19000459  0.04783326]
 [-0.10363445 -0.05877145  0.61044604]
 [-0.2379269   0.24775645  0.49376428]
 [-0.260079    0.30966085  0.05675691]
 [-0.35077178  0.41356158  0.        ]
 [-0.03215058  0.03836495  0.8320298 ]
 [-0.08934391  0.08297279  1.0691086 ]
 [-0.17851183  0.16764057  1.105442  ]
 [-0.19243833  0.13809401  1.2164437 ]
 [-0.19240347  0.02071008  1.0553674 ]
 [-0.08992226 -0.15356189  1.0198085 ]
 [-0.0049103  -0.15591758  0.899003  ]
 [ 0.04701812  0.13555664  1.0377641 ]
 [-0.02248405  0.2699274   0.8254051 ]
 [-0.16001236  0.2927646   0.9841479 ]]
[[ 0.          0.          0.5998991 ]
 [ 0.10531415  0.05598443  0.609512  ]
 [ 0.19645736  0.2508102   0.25486112]
 [ 0.43097895  0.01081312  0.23313466]
 [ 0.46909222  0.03549913  0.12126699]
 [-0.10537776 -0.0558282   0.59055626]
 [-0.21555045  0.28563815  0.425912  ]
 [-0.2509459   0.45232436  0.02416176]
 [-0.33969975  0.5571636   0.        ]
 [-0.04138298  0.04434116  0.81162894]
 [-0.109074    0.09523949  1.0431614 ]
 [-0.2088272   0.17936325  1.0662402 ]
 [-0.22185588  0.15943682  1.1814207 ]
 [-0.21832317  0.03985015  1.0266519 ]
 [-0.11935778 -0.11795074  0.9272974 ]
 [-0.04097728 -0.08258545  0.7614906 ]
 [ 0.03514147  0.13364077  1.0179133 ]
 [ 0.05285245  0.22596468  0.78008366]
 [-0.0855011   0.31145108  0.8527663 ]]
[[ 0.          0.          0.6470512 ]
 [ 0.10780396  0.05527689  0.6572534 ]
 [ 0.1057338   0.23441763  0.29064643]
 [ 0.3053451  -0.07242635  0.2686917 ]
 [ 0.34471053 -0.05069757  0.1402216 ]
 [-0.10791211 -0.0551444   0.63694227]
 [-0.17991212  0.2920694   0.41708738]
 [-0.18019128  0.48413563  0.02889276]
 [-0.2616701   0.610935    0.        ]
 [-0.0427494   0.07101862  0.8514057 ]
 [-0.11384298  0.1494281   1.0731559 ]
 [-0.21476921  0.23050618  1.102062  ]
 [-0.22241616  0.21219796  1.2175272 ]
 [-0.23001355  0.09571895  1.047913  ]
 [-0.13876465 -0.0561868   0.86487293]
 [-0.11256942  0.00624294  0.6754834 ]
 [ 0.04027783  0.17063206  1.0549984 ]
 [ 0.12039477  0.16658166  0.8093714 ]
 [ 0.08225243  0.32000262  0.72590584]]
[[ 0.          0.          0.7121967 ]
 [ 0.10046172  0.05907588  0.7228131 ]
 [-0.01382311  0.2716842   0.41286498]
 [ 0.1383931  -0.06958205  0.28541976]
 [ 0.16695184 -0.02172381  0.13675487]
 [-0.10060791 -0.05898618  0.7014166 ]
 [-0.11812955  0.24879849  0.4137394 ]
 [-0.02600522  0.4160006   0.04859471]
 [-0.08793786  0.56236005  0.        ]
 [-0.03901976  0.08104986  0.91045475]
 [-0.10357705  0.17221111  1.1272922 ]
 [-0.19834206  0.2463871   1.1731887 ]
 [-0.20232666  0.22417027  1.2857623 ]
 [-0.22468594  0.11519292  1.1004864 ]
 [-0.18292376 -0.00449187  0.86217165]
 [-0.19356251  0.1537064   0.66958433]
 [ 0.04996324  0.1845702   1.1024709 ]
 [ 0.19138934  0.11084214  0.88974285]
 [ 0.28353938  0.21761209  0.695208  ]]
[[ 0.          0.          0.6784822 ]
 [ 0.08635846  0.0623577   0.6971301 ]
 [-0.13214009  0.31430346  0.5235582 ]
 [-0.04657274  0.05956793  0.21111661]
 [-0.07185628  0.14681211  0.07285607]
 [-0.08648029 -0.06244645  0.6592612 ]
 [ 0.00332432  0.18169999  0.34820122]
 [ 0.21173796  0.29778403  0.07367086]
 [ 0.15715213  0.44144502  0.        ]
 [-0.03559588  0.05950278  0.8849193 ]
 [-0.08686884  0.13879317  1.1133915 ]
 [-0.1646902   0.21691212  1.1676126 ]
 [-0.16853428  0.190404    1.2807804 ]
 [-0.21369043  0.0944353   1.0895048 ]
 [-0.2647771   0.01615688  0.8305669 ]
 [-0.2747507   0.25553745  0.79073006]
 [ 0.06037729  0.13623226  1.0801284 ]
 [ 0.28020927  0.02352968  0.99218947]
 [ 0.4690861   0.04810672  0.81763476]]
[[ 0.          0.          0.6206778 ]
 [ 0.0818954   0.05821454  0.6442242 ]
 [-0.18212143  0.30539468  0.53827006]
 [-0.17010549  0.17366421  0.14056033]
 [-0.24153823  0.26697075  0.03662097]
 [-0.08200848 -0.05845863  0.59636897]
 [ 0.08036324  0.14140435  0.294457  ]
 [ 0.34017718  0.18619752  0.10670972]
 [ 0.33759993  0.31554383  0.        ]
 [-0.03397928  0.02549322  0.83854735]
 [-0.07787696  0.0733707   1.0835012 ]
 [-0.13709939  0.16617703  1.125462  ]
 [-0.15024745  0.14558429  1.2431791 ]
 [-0.21260394  0.04915774  1.0612962 ]
 [-0.3179755   0.00847998  0.81156754]
 [-0.2763546   0.23068592  0.9219556 ]
 [ 0.07088366  0.06114164  1.0542567 ]
 [ 0.32510284 -0.0588713   1.0305139 ]
 [ 0.539263   -0.09354299  0.8827915 ]]
[[ 0.          0.          0.55953723]
 [ 0.08205297  0.05362412  0.5842156 ]
 [-0.18342897  0.30451927  0.48382002]
 [-0.20524669  0.277641    0.07065997]
 [-0.28828445  0.38447887  0.        ]
 [-0.08217511 -0.05388934  0.5340781 ]
 [ 0.08724251  0.12128763  0.22016889]
 [ 0.37823546  0.11172158  0.11682752]
 [ 0.422702    0.23736084  0.00615305]
 [-0.03032891  0.01372302  0.78063637]
 [-0.07047482  0.05312991  1.0248802 ]
 [-0.12357832  0.1520142   1.0577633 ]
 [-0.14315063  0.13320804  1.1766384 ]
 [-0.2070757   0.03940973  1.0060838 ]
 [-0.32931638  0.0136317   0.7673427 ]
 [-0.25538778  0.20438334  0.91332   ]
 [ 0.07603008  0.03602383  0.99900836]
 [ 0.32925048 -0.097489    0.98740166]
 [ 0.5450535  -0.1283214   0.8479762 ]]
[[ 0.          0.          0.53592145]
 [ 0.08516012  0.0511728   0.55749375]
 [-0.15416479  0.33296847  0.44397533]
 [-0.20075041  0.4105432   0.0368951 ]
 [-0.29036906  0.51651853  0.        ]
 [-0.08534061 -0.05141186  0.513572  ]
 [ 0.05830494  0.09665442  0.18324545]
 [ 0.377971   -0.00648805  0.16546583]
 [ 0.46841866  0.096035    0.06448627]
 [-0.02544761  0.01776247  0.7573056 ]
 [-0.06103711  0.06455144  0.99783075]
 [-0.11425778  0.16007501  1.0244234 ]
 [-0.13533624  0.1426673   1.1428733 ]
 [-0.197851    0.0492467   0.9849578 ]
 [-0.31668913  0.01616767  0.7559781 ]
 [-0.23093712  0.21626431  0.88196474]
 [ 0.08410054  0.04834935  0.9684361 ]
 [ 0.3225231  -0.10138449  0.9329341 ]
 [ 0.5115924  -0.12330089  0.7748893 ]]
[[ 0.          0.          0.581794  ]
 [ 0.09062822  0.06052191  0.60250366]
 [-0.08643124  0.38294947  0.4206103 ]
 [-0.12061587  0.5154896   0.02532613]
 [-0.21067262  0.62075734  0.        ]
 [-0.09089363 -0.06067912  0.56036067]
 [-0.01871974  0.07370144  0.20254833]
 [ 0.31147668 -0.11914676  0.21903735]
 [ 0.43184862 -0.0388892   0.12628266]
 [-0.0142084   0.05499938  0.79479223]
 [-0.04215588  0.14136848  1.0238934 ]
 [-0.10299416  0.23179764  1.0524347 ]
 [-0.12133291  0.2209863   1.1731911 ]
 [-0.17923713  0.09895563  1.0188503 ]
 [-0.2750271  -0.00494629  0.80740964]
 [-0.22026628  0.23650755  0.78454304]
 [ 0.10343149  0.13266802  0.9843555 ]
 [ 0.31367296 -0.02259159  0.88400185]
 [ 0.42504764  0.00200939  0.66883266]]
[[ 0.          0.          0.6530757 ]
 [ 0.09607183  0.0647756   0.67311954]
 [-0.02301683  0.39651668  0.43991926]
 [-0.02857211  0.48589993  0.03427041]
 [-0.11549792  0.6011745   0.        ]
 [-0.09628639 -0.06483392  0.63235444]
 [-0.08873209  0.12294492  0.2843748 ]
 [ 0.22995836 -0.11992645  0.26775405]
 [ 0.34531444 -0.03882444  0.16819614]
 [-0.00793037  0.08446451  0.8528781 ]
 [-0.03490849  0.19642425  1.070622  ]
 [-0.10194455  0.2811096   1.1104566 ]
 [-0.11663018  0.2672093   1.2305562 ]
 [-0.1683928   0.13707808  1.0623848 ]
 [-0.24026237 -0.00144218  0.8464422 ]
 [-0.22251377  0.19965631  0.70966977]
 [ 0.11094863  0.1961658   1.0272535 ]
 [ 0.28091377  0.06464058  0.8680293 ]
 [ 0.3232448   0.16267264  0.6374943 ]]
[[ 0.00000000e+00  0.00000000e+00  7.06381857e-01]
 [ 1.04798704e-01  5.69971539e-02  7.22628772e-01]
 [ 9.53088924e-02  4.03291613e-01  4.50243026e-01]
 [ 1.65088475e-01  4.56534058e-01  5.84445000e-02]
 [ 8.24517608e-02  5.78806162e-01  0.00000000e+00]
 [-1.04952008e-01 -5.68754263e-02  6.89713240e-01]
 [-1.71187669e-01  2.35989958e-01  4.30003405e-01]
 [ 7.56687373e-02 -6.51227236e-02  2.72112668e-01]
 [ 1.51351035e-01  3.86297703e-04  1.54738903e-01]
 [-7.36826658e-03  9.29583758e-02  8.98569465e-01]
 [-2.80956253e-02  2.15389609e-01  1.11473274e+00]
 [-9.43009853e-02  2.99070179e-01  1.16685939e+00]
 [-9.92971659e-02  2.74420559e-01  1.28432465e+00]
 [-1.64921954e-01  1.51409745e-01  1.10197294e+00]
 [-2.00129688e-01 -1.21165812e-03  8.78008723e-01]
 [-1.60698980e-01  1.69433206e-01  7.14060664e-01]
 [ 1.15887679e-01  2.21877694e-01  1.06311333e+00]
 [ 1.76440448e-01  1.44091398e-01  8.26317430e-01]
 [ 1.15355626e-01  3.28648299e-01  6.57761097e-01]]
[[ 0.          0.          0.6776099 ]
 [ 0.10724375  0.05496003  0.6884293 ]
 [ 0.2322453   0.36491132  0.41123563]
 [ 0.43243927  0.33764452  0.10373449]
 [ 0.3835381   0.4461408   0.        ]
 [-0.10734496 -0.05469337  0.66667295]
 [-0.23875919  0.2887516   0.5585532 ]
 [-0.15669534  0.11414576  0.16211927]
 [-0.20274645  0.2164037   0.05363232]
 [-0.02100027  0.05806476  0.8830657 ]
 [-0.05375342  0.13689643  1.1182212 ]
 [-0.12117501  0.2154547   1.1759753 ]
 [-0.12204498  0.17593539  1.2862217 ]
 [-0.18239212  0.0774084   1.104172  ]
 [-0.12247872 -0.09923157  0.9634428 ]
 [-0.05960532 -0.04654692  0.84877306]
 [ 0.09011987  0.17390555  1.0666357 ]
 [ 0.01626356  0.2801377   0.83751273]
 [-0.15563992  0.36175025  0.91233695]]
[[ 0.          0.          0.6335945 ]
 [ 0.10047965  0.05747439  0.6437006 ]
 [ 0.26817155  0.32209286  0.35885218]
 [ 0.51760685  0.26440263  0.12037194]
 [ 0.50167805  0.34570497  0.        ]
 [-0.10054995 -0.05721526  0.6235722 ]
 [-0.2363478   0.25374502  0.53239363]
 [-0.24629757  0.23384729  0.10006595]
 [-0.32449338  0.3384813   0.0260995 ]
 [-0.02863271  0.03568299  0.8460748 ]
 [-0.07221833  0.08004302  1.0887811 ]
 [-0.13846858  0.1607343   1.1390293 ]
 [-0.13992362  0.12735343  1.2518969 ]
 [-0.1831455   0.02173433  1.0765594 ]
 [-0.07907634 -0.16476512  1.0434399 ]
 [ 0.01619798 -0.17082685  0.939331  ]
 [ 0.06336854  0.13160837  1.0421851 ]
 [-0.04264495  0.27136096  0.846099  ]
 [-0.18069765  0.28705126  1.0080891 ]]
[[ 0.          0.          0.57877254]
 [ 0.09998132  0.05997558  0.5880191 ]
 [ 0.24571356  0.26237184  0.2535131 ]
 [ 0.5163868   0.12424901  0.14410508]
 [ 0.53615695  0.17147034  0.02478957]
 [-0.10005033 -0.05977017  0.56978226]
 [-0.24047542  0.23827396  0.4485054 ]
 [-0.29233304  0.3556643   0.04073286]
 [-0.3883686   0.4549328   0.        ]
 [-0.0313914   0.03298363  0.7923417 ]
 [-0.08199564  0.06951094  1.0318105 ]
 [-0.17014915  0.14464337  1.0758917 ]
 [-0.16931769  0.11721486  1.1894051 ]
 [-0.18240315  0.00293666  1.0158057 ]
 [-0.08720295 -0.19529876  1.0262275 ]
 [ 0.00777443 -0.17530644  0.90737444]
 [ 0.04700925  0.12851152  0.9930651 ]
 [-0.03983068  0.2736304   0.8012699 ]
 [-0.1572366   0.2891446   0.9638949 ]]
[[ 0.          0.          0.5581493 ]
 [ 0.10409802  0.05617442  0.56449944]
 [ 0.16222611  0.21776223  0.19339007]
 [ 0.40299714 -0.0630818   0.23168445]
 [ 0.46492547 -0.05101305  0.1487126 ]
 [-0.1041607  -0.05609798  0.5521573 ]
 [-0.20375735  0.29077575  0.38326812]
 [-0.25510222  0.5092065   0.01241976]
 [-0.34863895  0.61925393  0.        ]
 [-0.04236363  0.03851721  0.76879656]
 [-0.10493372  0.07563657  1.0055382 ]
 [-0.19721425  0.15147471  1.0500715 ]
 [-0.19793142  0.12907863  1.1660058 ]
 [-0.2143529   0.02070177  0.982607  ]
 [-0.1446478  -0.1391524   0.90316665]
 [-0.06528036 -0.11217628  0.77484095]
 [ 0.03272063  0.1160678   0.9697059 ]
 [ 0.04298762  0.2151174   0.7365874 ]
 [-0.06343415  0.31793895  0.78194207]]
[[ 0.          0.          0.60910964]
 [ 0.10492456  0.05497401  0.6150285 ]
 [ 0.07811256  0.20133993  0.24160898]
 [ 0.29073197 -0.14690152  0.2928999 ]
 [ 0.36960584 -0.14890873  0.20854676]
 [-0.10505135 -0.05492206  0.603414  ]
 [-0.16625416  0.3047453   0.38573176]
 [-0.16578618  0.5329207   0.02213788]
 [-0.24175894  0.6718449   0.        ]
 [-0.03927197  0.06304073  0.81535053]
 [-0.10189518  0.11925912  1.0476112 ]
 [-0.19946042  0.19033429  1.1003953 ]
 [-0.19544107  0.16649121  1.2142869 ]
 [-0.21832141  0.06659669  1.0185671 ]
 [-0.15145372 -0.06926624  0.85049427]
 [-0.11481687  0.00324398  0.68092483]
 [ 0.04319125  0.1444158   1.012202  ]
 [ 0.11857758  0.17795     0.76560277]
 [ 0.08356627  0.35035548  0.6900126 ]]
[[ 0.          0.          0.64605075]
 [ 0.09928262  0.05983573  0.6544114 ]
 [-0.02141112  0.2292621   0.3388639 ]
 [ 0.19277215 -0.10922599  0.3369813 ]
 [ 0.25665402 -0.09383059  0.22203386]
 [-0.0994436  -0.05976655  0.6377388 ]
 [-0.11555041  0.2780592   0.37758172]
 [-0.0387519   0.5052014   0.03325564]
 [-0.10704181  0.65378815  0.        ]
 [-0.03455402  0.06798296  0.8501899 ]
 [-0.09187542  0.12850967  1.085448  ]
 [-0.18985188  0.19281918  1.1558251 ]
 [-0.17817919  0.16230333  1.2661253 ]
 [-0.21534583  0.07166296  1.0575842 ]
 [-0.17641279 -0.06069916  0.8306981 ]
 [-0.1837638   0.11278698  0.68020767]
 [ 0.05544365  0.14906543  1.0437336 ]
 [ 0.17497699  0.13307536  0.81408757]
 [ 0.21756576  0.2885719   0.670056  ]]
[[ 0.          0.          0.628551  ]
 [ 0.08394104  0.06259537  0.6432226 ]
 [-0.15072304  0.31712544  0.50272197]
 [-0.02532345  0.04780152  0.2507884 ]
 [-0.03510385  0.13275298  0.10720521]
 [-0.08401783 -0.06267815  0.6134173 ]
 [ 0.01460624  0.1918834   0.31967503]
 [ 0.24036586  0.3946275   0.05943936]
 [ 0.18886012  0.5455907   0.        ]
 [-0.03272242  0.04242656  0.83568966]
 [-0.07721034  0.08633894  1.0802598 ]
 [-0.16325489  0.15140164  1.1636263 ]
 [-0.13643384  0.11377746  1.271096  ]
 [-0.204337    0.04214934  1.0436735 ]
 [-0.26289    -0.02914684  0.7808051 ]
 [-0.2688386   0.19986725  0.8048934 ]
 [ 0.05830065  0.09251717  1.0323799 ]
 [ 0.2488868   0.02678472  0.9355892 ]
 [ 0.39848554  0.15598854  0.80732685]]
[[ 0.          0.          0.5797118 ]
 [ 0.08020581  0.05954603  0.6001476 ]
 [-0.20278162  0.299021    0.5219129 ]
 [-0.17727521  0.16421449  0.13423255]
 [-0.2494418   0.26799127  0.03184998]
 [-0.08028881 -0.05977161  0.55856985]
 [ 0.08949164  0.15036733  0.26244557]
 [ 0.3786224   0.26034245  0.09283105]
 [ 0.38858563  0.39680123  0.        ]
 [-0.0309158   0.01516165  0.79305637]
 [-0.07040135  0.03810015  1.0457605 ]
 [-0.14604454  0.113074    1.1200807 ]
 [-0.11771816  0.07879102  1.2336563 ]
 [-0.20174295  0.00812164  1.0059532 ]
 [-0.31032252 -0.01683483  0.7540165 ]
 [-0.27493936  0.18026197  0.90859544]
 [ 0.07038046  0.041282    1.004124  ]
 [ 0.31264263 -0.04904777  0.9429494 ]
 [ 0.49559724 -0.01523575  0.76050866]]
[[ 0.          0.          0.52366316]
 [ 0.08095922  0.05357209  0.5433514 ]
 [-0.18872443  0.31458008  0.4559644 ]
 [-0.2226221   0.31816664  0.06009722]
 [-0.30892396  0.43548226  0.        ]
 [-0.08111003 -0.053788    0.50322235]
 [ 0.09365146  0.13839036  0.19489908]
 [ 0.4075586   0.16002384  0.1138587 ]
 [ 0.47196347  0.28136775  0.01940143]
 [-0.02534839  0.01784225  0.7379521 ]
 [-0.06126674  0.04425836  0.98812866]
 [-0.1356713   0.12127578  1.0590084 ]
 [-0.1095376   0.08513957  1.1734312 ]
 [-0.19264519  0.01900938  0.95000076]
 [-0.31127465  0.00159211  0.7108378 ]
 [-0.25462654  0.18410602  0.8877498 ]
 [ 0.07892628  0.04375812  0.94806206]
 [ 0.32776698 -0.06087509  0.88536954]
 [ 0.4995641  -0.039982    0.6901282 ]]
[[ 0.          0.          0.5216278 ]
 [ 0.08375295  0.05299524  0.5396139 ]
 [-0.14737868  0.35691845  0.41324124]
 [-0.21050245  0.46411008  0.02595112]
 [-0.30107066  0.57711893  0.        ]
 [-0.08399877 -0.0531684   0.5028964 ]
 [ 0.06301935  0.11134008  0.17721656]
 [ 0.39687568  0.04965135  0.16585103]
 [ 0.5079135   0.14971271  0.08677447]
 [-0.0173263   0.02686688  0.7336167 ]
 [-0.04899477  0.05802894  0.98028857]
 [-0.12330014  0.12491119  1.056011  ]
 [-0.09240128  0.08895355  1.1682286 ]
 [-0.17779994  0.02573591  0.9442667 ]
 [-0.29154223 -0.01490206  0.7102663 ]
 [-0.22790912  0.18697074  0.85695577]
 [ 0.08719121  0.06135812  0.93462837]
 [ 0.3234074  -0.05081403  0.8359471 ]
 [ 0.44375068 -0.02396643  0.6121543 ]]
[[ 0.          0.          0.59097075]
 [ 0.08896465  0.05835034  0.6077063 ]
 [-0.05555308  0.40678293  0.41060978]
 [-0.09528938  0.5519943   0.0300256 ]
 [-0.17761001  0.6752689   0.        ]
 [-0.08920949 -0.05843088  0.57358044]
 [-0.03513073  0.06817645  0.21658659]
 [ 0.2889794  -0.11518693  0.24623656]
 [ 0.43202114 -0.0431937   0.18438813]
 [-0.00517416  0.06299292  0.7940657 ]
 [-0.02999592  0.12314165  1.033164  ]
 [-0.10661301  0.18127364  1.1206903 ]
 [-0.06935716  0.1445136   1.2299104 ]
 [-0.15538204  0.06776652  1.0021942 ]
 [-0.23486003 -0.04309306  0.76534003]
 [-0.21428505  0.17972058  0.7217782 ]
 [ 0.10060512  0.13583061  0.97529566]
 [ 0.27926397  0.04805027  0.79723454]
 [ 0.28921705  0.14261165  0.5726116 ]]
[[ 0.          0.          0.67335796]
 [ 0.09517433  0.06239003  0.6886408 ]
 [ 0.03344449  0.41997045  0.45126176]
 [ 0.06808354  0.5260432   0.06339329]
 [-0.00235066  0.6573112   0.        ]
 [-0.0953227  -0.06232111  0.65762216]
 [-0.12866756  0.12762     0.33554944]
 [ 0.16274217 -0.1444051   0.32387835]
 [ 0.28601325 -0.08719277  0.24124724]
 [ 0.00306156  0.08301938  0.8698496 ]
 [-0.01652425  0.15848982  1.1029334 ]
 [-0.0910525   0.21429256  1.1993194 ]
 [-0.04866074  0.17371833  1.3040149 ]
 [-0.14155068  0.0884842   1.0714135 ]
 [-0.18621542 -0.0428618   0.83825284]
 [-0.1728196   0.12465099  0.6917877 ]
 [ 0.11201364  0.1832932   1.0374441 ]
 [ 0.20601016  0.14765784  0.7944666 ]
 [ 0.12712006  0.29750678  0.6248535 ]]
[[ 0.          0.          0.6678577 ]
 [ 0.09967516  0.06177508  0.6842156 ]
 [ 0.1737681   0.3928713   0.41217652]
 [ 0.33492392  0.4646623   0.0888297 ]
 [ 0.27288365  0.5898044   0.        ]
 [-0.09976786 -0.06150285  0.65129066]
 [-0.23426318  0.23869085  0.48674595]
 [-0.02629682 -0.01293463  0.2698667 ]
 [-0.01206969  0.06259042  0.13872331]
 [-0.00534593  0.06029738  0.8704802 ]
 [-0.02735323  0.11618879  1.1126112 ]
 [-0.09657472  0.16812861  1.2128589 ]
 [-0.05712664  0.11630619  1.3066771 ]
 [-0.15614721  0.0399217   1.0852742 ]
 [-0.1307404  -0.13847822  0.9030712 ]
 [-0.0846905  -0.04724515  0.7148412 ]
 [ 0.10270127  0.16061813  1.0500422 ]
 [ 0.05768643  0.22575459  0.80215913]
 [-0.11230946  0.331371    0.81505007]]
[[ 0.          0.          0.6337144 ]
 [ 0.09344465  0.06404979  0.644851  ]
 [ 0.24721874  0.33057803  0.36196822]
 [ 0.48953897  0.29494095  0.12889582]
 [ 0.4628081   0.37673733  0.        ]
 [-0.09350256 -0.06378279  0.62267166]
 [-0.26339158  0.25645253  0.53894323]
 [-0.19475219  0.15643314  0.15079525]
 [-0.25401998  0.25312668  0.04396361]
 [-0.0217682   0.02745822  0.8455781 ]
 [-0.05570522  0.04886335  1.0958848 ]
 [-0.1219154   0.10610509  1.1811054 ]
 [-0.07978617  0.05560285  1.2787664 ]
 [-0.1673799  -0.02357841  1.0741979 ]
 [-0.08432231 -0.23059455  0.9881074 ]
 [-0.03514926 -0.17408985  0.82445645]
 [ 0.06844725  0.11696562  1.040872  ]
 [-0.04795641  0.2600047   0.8398707 ]
 [-0.18662539  0.25628054  0.99308276]]
[[ 0.          0.          0.58730245]
 [ 0.09149574  0.06254575  0.5974636 ]
 [ 0.2503831   0.2882196   0.28896606]
 [ 0.5223952   0.2009671   0.14634597]
 [ 0.53072447  0.25811237  0.00332958]
 [-0.09156352 -0.06230098  0.5774178 ]
 [-0.259376    0.2280119   0.47772482]
 [-0.25897294  0.258731    0.07377154]
 [-0.34212813  0.35566738  0.        ]
 [-0.02763311  0.01467356  0.8011971 ]
 [-0.06822261  0.02270496  1.0505198 ]
 [-0.14095813  0.08044398  1.1309998 ]
 [-0.09635621  0.03726268  1.2326798 ]
 [-0.16987172 -0.04767442  1.0281541 ]
 [-0.07550408 -0.259881    0.9855408 ]
 [-0.02354586 -0.20687312  0.8197764 ]
 [ 0.05125051  0.09282836  0.99958944]
 [-0.0653086   0.24950188  0.8136134 ]
 [-0.1672886   0.23307103  0.99156344]]
[[ 0.          0.          0.53532076]
 [ 0.09685247  0.05678922  0.5440804 ]
 [ 0.16811348  0.205765    0.18358046]
 [ 0.4330366  -0.06175327  0.210065  ]
 [ 0.504467   -0.05295298  0.13309759]
 [-0.0968788  -0.05665286  0.52706337]
 [-0.22637105  0.27967426  0.36373118]
 [-0.2533805   0.5063473   0.01334119]
 [-0.34644604  0.6113909   0.        ]
 [-0.03814101  0.01519454  0.74443805]
 [-0.08859807  0.01662973  0.9916055 ]
 [-0.17285517  0.07006168  1.0754161 ]
 [-0.12942427  0.02949381  1.1777949 ]
 [-0.1933792  -0.03934002  0.9613702 ]
 [-0.09789326 -0.2054221   0.84705204]
 [-0.05537418 -0.15851787  0.6744581 ]
 [ 0.03425036  0.07566091  0.9390943 ]
 [ 0.01418574  0.21835989  0.71998036]
 [-0.11661825  0.28827393  0.83009195]]
[[ 0.          0.          0.5580444 ]
 [ 0.09790018  0.05156481  0.563678  ]
 [ 0.06292079  0.18218152  0.2133101 ]
 [ 0.28697875 -0.17411071  0.28551525]
 [ 0.38592887 -0.1929245   0.24665931]
 [-0.09796607 -0.05146019  0.5528341 ]
 [-0.17280659  0.3170805   0.3501642 ]
 [-0.1703496   0.5683379   0.01869035]
 [-0.24358815  0.71117735  0.        ]
 [-0.03555713  0.03112821  0.764662  ]
 [-0.0849058   0.03893903  1.0110052 ]
 [-0.17481565  0.08315057  1.1087298 ]
 [-0.12563774  0.03850949  1.207572  ]
 [-0.19731432 -0.0135175   0.9725296 ]
 [-0.11046853 -0.13523737  0.7710559 ]
 [-0.11798684 -0.04389492  0.630338  ]
 [ 0.04379947  0.08327314  0.95775867]
 [ 0.10441614  0.18558022  0.7141572 ]
 [-0.03572287  0.34232283  0.67085254]]
[[ 0.          0.          0.6260109 ]
 [ 0.09350731  0.05716394  0.63475174]
 [-0.05873729  0.19673881  0.32782567]
 [ 0.1758568  -0.19075997  0.37604555]
 [ 0.26675403 -0.20282239  0.31129313]
 [-0.09358986 -0.057075    0.6175282 ]
 [-0.13247335  0.29133543  0.36885062]
 [-0.05900991  0.5052551   0.04472435]
 [-0.13075042  0.6766232   0.        ]
 [-0.03453274  0.03796968  0.8310921 ]
 [-0.08545439  0.04871297  1.0796733 ]
 [-0.17828134  0.08621842  1.1843128 ]
 [-0.11480561  0.0420031   1.2813919 ]
 [-0.19915888 -0.00843233  1.0340818 ]
 [-0.1481323  -0.11055834  0.79011476]
 [-0.2033005   0.0084331   0.6615617 ]
 [ 0.04308378  0.08893949  1.021435  ]
 [ 0.15093637  0.13352525  0.77432203]
 [ 0.11680569  0.28933692  0.6007861 ]]
[[ 0.0000000e+00  0.0000000e+00  5.9597886e-01]
 [ 7.4532926e-02  6.9753163e-02  6.1344641e-01]
 [-1.8389425e-01  2.7693415e-01  4.6060860e-01]
 [ 6.2183551e-03 -8.7099969e-03  2.9824099e-01]
 [ 1.9081039e-02  4.1567385e-02  1.7286614e-01]
 [-7.4590251e-02 -6.9841594e-02  5.7821357e-01]
 [ 1.2282059e-03  2.0605062e-01  2.9248714e-01]
 [ 2.3153491e-01  4.2384037e-01  5.9872031e-02]
 [ 1.6850993e-01  5.8985549e-01  0.0000000e+00]
 [-2.7786396e-02  2.6483595e-02  8.0424750e-01]
 [-6.9660172e-02  3.4543395e-02  1.0562936e+00]
 [-1.5680738e-01  7.2995901e-02  1.1585059e+00]
 [-9.6310690e-02  3.6165595e-02  1.2568274e+00]
 [-1.8196070e-01 -1.7330766e-02  1.0122139e+00]
 [-2.5243291e-01 -7.6894432e-02  7.4474698e-01]
 [-2.8277239e-01  1.0877749e-01  7.8907031e-01]
 [ 5.0956242e-02  6.6324711e-02  9.9867380e-01]
 [ 2.6749358e-01  5.2628264e-02  8.5409403e-01]
 [ 3.8117015e-01  1.7291072e-01  6.4612854e-01]]
[[ 0.          0.          0.55143595]
 [ 0.06819656  0.06442681  0.57277304]
 [-0.23744494  0.24544013  0.5034603 ]
 [-0.17855394  0.1160982   0.13669148]
 [-0.2548942   0.20963764  0.03836799]
 [-0.06824812 -0.06464364  0.5294426 ]
 [ 0.09338719  0.13980104  0.24208045]
 [ 0.4016499   0.29560745  0.09586689]
 [ 0.40361187  0.4364339   0.        ]
 [-0.02886352 -0.00739177  0.76594806]
 [-0.06089738 -0.0089592   1.0216737 ]
 [-0.14257905  0.04313803  1.1119524 ]
 [-0.08629143  0.00542414  1.2172604 ]
 [-0.18051985 -0.04689717  0.9832642 ]
 [-0.30298325 -0.05526942  0.7322124 ]
 [-0.2721764   0.11573577  0.9052613 ]
 [ 0.06364451  0.01716417  0.967807  ]
 [ 0.31504905 -0.02514532  0.8839253 ]
 [ 0.4657399   0.01678596  0.6627862 ]]
[[ 0.          0.          0.5063659 ]
 [ 0.07204787  0.0597184   0.52691185]
 [-0.21923503  0.26872182  0.4464902 ]
 [-0.24838644  0.3031275   0.05364308]
 [-0.34587032  0.4164178   0.        ]
 [-0.07218146 -0.0599088   0.48510334]
 [ 0.09611489  0.13339786  0.1820764 ]
 [ 0.43316275  0.17667904  0.12753057]
 [ 0.502579    0.30149248  0.02474836]
 [-0.02571737 -0.00678544  0.72089535]
 [-0.05485998 -0.00819728  0.97527504]
 [-0.1362544   0.0470894   1.0642222 ]
 [-0.07711429  0.00635499  1.170179  ]
 [-0.17831574 -0.04285169  0.9386762 ]
 [-0.3056091  -0.05274299  0.69765544]
 [-0.24504638  0.11247259  0.87786597]
 [ 0.07300673  0.01433843  0.92241216]
 [ 0.32075697 -0.04457897  0.8361926 ]
 [ 0.4470796   0.00532167  0.6077908 ]]
[[ 0.          0.          0.5087168 ]
 [ 0.07781636  0.05963118  0.5270689 ]
 [-0.14644006  0.37208498  0.38860387]
 [-0.21159023  0.51724124  0.01749638]
 [-0.31152588  0.6313368   0.        ]
 [-0.0780736  -0.05976317  0.4896372 ]
 [ 0.04426879  0.09418848  0.15635762]
 [ 0.39464328  0.04332802  0.18300846]
 [ 0.5173612   0.13632226  0.11046544]
 [-0.01422095  0.02354395  0.7200614 ]
 [-0.03988966  0.04189923  0.97063386]
 [-0.11939308  0.08927214  1.0647893 ]
 [-0.06096699  0.04869586  1.1697239 ]
 [-0.16234311 -0.00336555  0.9360448 ]
 [-0.27659273 -0.06001939  0.69789803]
 [-0.22901219  0.15708044  0.7982034 ]
 [ 0.08468261  0.06592849  0.91051257]
 [ 0.3043877  -0.00293025  0.77697015]
 [ 0.35696656  0.07934213  0.5433269 ]]
[[ 0.          0.          0.5854408 ]
 [ 0.08319715  0.06414454  0.60194486]
 [-0.06419323  0.40997827  0.4003151 ]
 [-0.09738541  0.56465054  0.03046358]
 [-0.18593329  0.6894953   0.        ]
 [-0.08347593 -0.06417869  0.56835264]
 [-0.05600754  0.07165632  0.22597611]
 [ 0.28339678 -0.08351901  0.27422002]
 [ 0.43525803 -0.01227441  0.21728384]
 [-0.00352333  0.04969862  0.79176056]
 [-0.03020717  0.07905167  1.0394899 ]
 [-0.11293271  0.11863846  1.1402845 ]
 [-0.05145806  0.08260536  1.2448575 ]
 [-0.14721334  0.01747522  1.0046605 ]
 [-0.2284129  -0.08759686  0.767006  ]
 [-0.23182291  0.13232544  0.6974471 ]
 [ 0.08980945  0.11186054  0.97080576]
 [ 0.25107577  0.07658222  0.77101254]
 [ 0.21678515  0.19869691  0.571082  ]]
[[ 0.          0.          0.6652837 ]
 [ 0.09115449  0.06855997  0.6780162 ]
 [ 0.02837911  0.41267094  0.4316962 ]
 [ 0.06897718  0.5334171   0.05995077]
 [-0.00987279  0.66616005  0.        ]
 [-0.09133862 -0.06845142  0.6521718 ]
 [-0.16277516  0.11797032  0.35667247]
 [ 0.15228513 -0.11931485  0.36212763]
 [ 0.2761379  -0.06057057  0.27537215]
 [ 0.00212103  0.06445004  0.86930215]
 [-0.02050079  0.10083687  1.1154025 ]
 [-0.10112894  0.1425696   1.2200557 ]
 [-0.03443465  0.10171437  1.3208005 ]
 [-0.13938555  0.02568039  1.0795687 ]
 [-0.18052882 -0.11188933  0.8573946 ]
 [-0.18541968  0.05724277  0.67587775]
 [ 0.10190871  0.14886323  1.043567  ]
 [ 0.17284207  0.18410423  0.7944267 ]
 [ 0.06730038  0.34984183  0.6815903 ]]
[[ 0.          0.          0.6622985 ]
 [ 0.09788381  0.06751787  0.67476636]
 [ 0.18056007  0.3792234   0.40009654]
 [ 0.36547375  0.43992275  0.08697283]
 [ 0.29787433  0.5582947   0.        ]
 [-0.09796366 -0.06720977  0.6497059 ]
 [-0.2554571   0.23324433  0.49954018]
 [-0.03074537  0.0062803   0.2796253 ]
 [-0.0358477   0.08258879  0.14892018]
 [-0.00267191  0.04503216  0.8685991 ]
 [-0.02515019  0.07118788  1.118465  ]
 [-0.09363122  0.120193    1.2161517 ]
 [-0.03732871  0.07482743  1.3168473 ]
 [-0.14590979 -0.01258671  1.0925355 ]
 [-0.08433865 -0.22162858  0.95658064]
 [-0.04631445 -0.17161822  0.7733781 ]
 [ 0.09876756  0.13629663  1.0502181 ]
 [ 0.01918471  0.23780689  0.8241842 ]
 [-0.14622128  0.29607284  0.87475795]]
[[ 0.          0.          0.6490036 ]
 [ 0.09060507  0.07068423  0.65722567]
 [ 0.24880606  0.30402103  0.36678624]
 [ 0.5103714   0.27410597  0.12108135]
 [ 0.47496995  0.35631916  0.        ]
 [-0.09062663 -0.07041463  0.64093363]
 [-0.26980639  0.23950341  0.53180814]
 [-0.17360112  0.1346525   0.16473177]
 [-0.236404    0.2309078   0.05468708]
 [-0.00688679  0.01877518  0.8606218 ]
 [-0.0287733   0.0228599   1.1134793 ]
 [-0.10772139  0.06975722  1.2008448 ]
 [-0.04552114  0.02725726  1.3007109 ]
 [-0.12757835 -0.066627    1.0901563 ]
 [-0.03090251 -0.29081517  1.0094434 ]
 [ 0.01095036 -0.2292694   0.8322572 ]
 [ 0.07999778  0.10801187  1.050161  ]
 [-0.04320022  0.25542954  0.8599133 ]
 [-0.16958553  0.2109004   1.0078855 ]]
[[ 0.0000000e+00  0.0000000e+00  5.8807623e-01]
 [ 8.8493511e-02  6.9552965e-02  5.9709656e-01]
 [ 2.3176613e-01  2.4692164e-01  2.6482886e-01]
 [ 5.4544652e-01  1.3917530e-01  1.5261352e-01]
 [ 5.6580698e-01  1.7979547e-01  1.9086123e-02]
 [-8.8541001e-02 -6.9313534e-02  5.7946026e-01]
 [-2.6894236e-01  2.0177206e-01  4.4678456e-01]
 [-2.6381952e-01  2.7807266e-01  6.1355948e-02]
 [-3.5406947e-01  3.7891632e-01  0.0000000e+00]
 [-1.0797615e-02 -8.9815259e-04  8.0002999e-01]
 [-3.7589446e-02 -1.6370535e-02  1.0504475e+00]
 [-1.3074696e-01  2.6728690e-02  1.1378583e+00]
 [-6.7410223e-02 -1.1303365e-02  1.2378178e+00]
 [-1.2368909e-01 -9.9864334e-02  1.0239067e+00]
 [-8.1632137e-03 -3.1163093e-01  9.8021066e-01]
 [ 3.0156307e-02 -2.3364289e-01  8.0139190e-01]
 [ 6.3263290e-02  7.2942674e-02  9.9280787e-01]
 [-4.3629363e-02  2.2901148e-01  8.0175465e-01]
 [-1.3903362e-01  2.0509470e-01  9.6125406e-01]]
[[ 0.          0.          0.5348604 ]
 [ 0.0919608   0.05948904  0.5401928 ]
 [ 0.13773331  0.18687856  0.17345625]
 [ 0.4197139  -0.10139349  0.20898283]
 [ 0.5161841  -0.10161638  0.13783917]
 [-0.09199467 -0.05935818  0.5300979 ]
 [-0.22591907  0.2679281   0.34636617]
 [-0.25475824  0.50515765  0.00660539]
 [-0.36424685  0.61899096  0.        ]
 [-0.02955226  0.00351344  0.74244696]
 [-0.07101811 -0.00976682  0.9906464 ]
 [-0.15832055  0.03037131  1.0846319 ]
 [-0.10389608 -0.01063365  1.1838801 ]
 [-0.16433279 -0.07379511  0.96051633]
 [-0.0742351  -0.23728254  0.84535444]
 [-0.03289825 -0.16436186  0.6667097 ]
 [ 0.03800698  0.05701563  0.9299973 ]
 [ 0.03966263  0.2021097   0.7028913 ]
 [-0.08767737  0.3155328   0.75906146]]
[[ 0.          0.          0.5808403 ]
 [ 0.08967918  0.06131035  0.5864897 ]
 [-0.02103837  0.16935548  0.23839313]
 [ 0.23989266 -0.18776286  0.30428368]
 [ 0.34673804 -0.19830036  0.24045694]
 [-0.08976713 -0.06123384  0.5755996 ]
 [-0.16296715  0.2809178   0.34505883]
 [-0.12064895  0.53350264  0.02147055]
 [-0.21784264  0.68721837  0.        ]
 [-0.03174928  0.01627834  0.7852527 ]
 [-0.08084717  0.00368014  1.0323532 ]
 [-0.17318898  0.03648162  1.1410813 ]
 [-0.1071819  -0.00647295  1.2368698 ]
 [-0.18120737 -0.05977675  0.99163425]
 [-0.12500264 -0.16331306  0.75503635]
 [-0.1590212  -0.01147098  0.6081532 ]
 [ 0.0345587   0.05956882  0.9694372 ]
 [ 0.12520435  0.13875708  0.724112  ]
 [ 0.08698377  0.31930667  0.57828903]]
[[ 0.00000000e+00  0.00000000e+00  6.18702710e-01]
 [ 7.75805041e-02  6.77331761e-02  6.27871513e-01]
 [-1.52401894e-01  1.84574544e-01  3.41693342e-01]
 [ 1.14179403e-01 -1.41408235e-01  3.34311306e-01]
 [ 1.72511131e-01 -1.35713011e-01  2.24630535e-01]
 [-7.76674747e-02 -6.77032024e-02  6.09642208e-01]
 [-7.84747899e-02  2.39499390e-01  3.21988642e-01]
 [ 4.82373238e-02  4.90612388e-01  4.06185985e-02]
 [-3.72175574e-02  6.55590415e-01  0.00000000e+00]
 [-2.99082696e-02  2.47189403e-02  8.21632743e-01]
 [-7.94942006e-02  1.05363429e-02  1.07111990e+00]
 [-1.66297913e-01  4.03602719e-02  1.18278837e+00]
 [-9.36018527e-02 -7.02440739e-04  1.27684951e+00]
 [-1.77283585e-01 -5.31770587e-02  1.02891481e+00]
 [-1.71034992e-01 -1.46047071e-01  7.68677652e-01]
 [-2.47565567e-01  2.79812589e-02  6.93340182e-01]
 [ 3.43621783e-02  6.29156828e-02  1.00550127e+00]
 [ 2.05076575e-01  1.11778855e-01  7.97631085e-01]
 [ 2.61296511e-01  2.77534723e-01  5.93983531e-01]]
[[ 0.          0.          0.5776999 ]
 [ 0.06120243  0.07519929  0.59873956]
 [-0.25157633  0.21422967  0.48470253]
 [-0.10805666  0.02407342  0.19840574]
 [-0.1747128   0.09811348  0.08083892]
 [-0.061237   -0.07539714  0.5561445 ]
 [ 0.07492484  0.14221247  0.26189455]
 [ 0.34856042  0.34513536  0.08471906]
 [ 0.31174082  0.49806088  0.        ]
 [-0.02566519 -0.01294871  0.7903628 ]
 [-0.05591006 -0.02629471  1.0456816 ]
 [-0.14129798  0.01181924  1.1446934 ]
 [-0.0722347  -0.02267897  1.2447253 ]
 [-0.16473696 -0.08327618  1.0011504 ]
 [-0.27307838 -0.12958878  0.74656105]
 [-0.29584926  0.0670037   0.86036533]
 [ 0.05883604  0.02169669  0.9910445 ]
 [ 0.31038797  0.01863933  0.8842238 ]
 [ 0.43722636  0.10637347  0.6596345 ]]
[[ 0.          0.          0.54546845]
 [ 0.05974127  0.06876426  0.56621855]
 [-0.2603536   0.2185475   0.48880437]
 [-0.21955723  0.15186644  0.11404926]
 [-0.32273203  0.25146     0.02605319]
 [-0.05980483 -0.06899302  0.5240706 ]
 [ 0.11450168  0.11657953  0.23378569]
 [ 0.43067783  0.24906227  0.10807884]
 [ 0.44820875  0.38036403  0.        ]
 [-0.02138817 -0.01998489  0.76238155]
 [-0.04696193 -0.03741723  1.0196712 ]
 [-0.12895697  0.00780362  1.1125249 ]
 [-0.06668152 -0.02943075  1.2154428 ]
 [-0.1585867  -0.08633372  0.9755068 ]
 [-0.29569054 -0.11635426  0.738815  ]
 [-0.28016746  0.06235138  0.8981633 ]
 [ 0.07051066  0.00323299  0.97070783]
 [ 0.3241333  -0.01888603  0.8859755 ]
 [ 0.45065898  0.03226284  0.65026945]]
[[ 0.0000000e+00  0.0000000e+00  4.9720508e-01]
 [ 7.0292041e-02  6.4634189e-02  5.1383001e-01]
 [-2.0593798e-01  3.1000143e-01  3.9944214e-01]
 [-2.7102873e-01  4.2297831e-01  2.4626166e-02]
 [-3.8830441e-01  5.3607488e-01  0.0000000e+00]
 [-7.0486933e-02 -6.4795800e-02  4.7989032e-01]
 [ 7.4554607e-02  9.0586394e-02  1.5300882e-01]
 [ 4.2614824e-01  7.8784198e-02  1.5965289e-01]
 [ 5.3152233e-01  1.8042982e-01  7.5233251e-02]
 [-1.7459504e-02 -5.9503317e-04  7.1304929e-01]
 [-4.4635162e-02 -6.1990321e-03  9.6746624e-01]
 [-1.2552959e-01  3.4683287e-02  1.0612977e+00]
 [-6.5940946e-02 -3.0244589e-03  1.1637774e+00]
 [-1.6271701e-01 -5.3343952e-02  9.2933834e-01]
 [-2.9426897e-01 -1.1122470e-01  6.9933546e-01]
 [-2.4658793e-01  9.2818826e-02  8.1813008e-01]
 [ 7.8189880e-02  2.5879115e-02  9.1127062e-01]
 [ 3.1025776e-01 -2.7698874e-02  8.0375695e-01]
 [ 3.8510907e-01  5.4435804e-02  5.7083696e-01]]
[[ 0.          0.          0.53166974]
 [ 0.07511769  0.06922237  0.5474032 ]
 [-0.12690797  0.38681656  0.36512896]
 [-0.20291692  0.55368125  0.00872982]
 [-0.31605196  0.6709702   0.        ]
 [-0.07538465 -0.06931054  0.5153059 ]
 [ 0.00643004  0.05053446  0.16731471]
 [ 0.3633769  -0.03231627  0.21473378]
 [ 0.5048368   0.05185476  0.14609131]
 [-0.00777391  0.02536207  0.7444252 ]
 [-0.03205704  0.03450981  0.9973134 ]
 [-0.11599448  0.06766915  1.0962703 ]
 [-0.05244564  0.03248256  1.1979628 ]
 [-0.14680785 -0.02593592  0.963031  ]
 [-0.250813   -0.1186712   0.72992104]
 [-0.24287945  0.11039191  0.71793115]
 [ 0.08396788  0.07302341  0.93035233]
 [ 0.27566794  0.03741866  0.7692177 ]
 [ 0.2804078   0.15606937  0.56345606]]
[[ 0.          0.          0.6217746 ]
 [ 0.08336645  0.07239054  0.63797426]
 [-0.03995037  0.39912367  0.40341383]
 [-0.05716749  0.5214802   0.04044354]
 [-0.15302333  0.6549706   0.        ]
 [-0.08359731 -0.0723623   0.6051151 ]
 [-0.10129699  0.07655022  0.2792806 ]
 [ 0.23842472 -0.10845551  0.3107367 ]
 [ 0.3807187  -0.03721797  0.24439752]
 [ 0.00161454  0.05602977  0.82720083]
 [-0.0226856   0.0797528   1.0755976 ]
 [-0.10543875  0.11395401  1.1824961 ]
 [-0.03711817  0.07638663  1.2805113 ]
 [-0.13580194  0.00478798  1.0397791 ]
 [-0.20477986 -0.11844681  0.80895483]
 [-0.22301911  0.08247533  0.6760222 ]
 [ 0.09305793  0.12730318  1.0021635 ]
 [ 0.21507694  0.13941634  0.77783275]
 [ 0.13170397  0.28715768  0.6213131 ]]
[[ 0.          0.          0.65507615]
 [ 0.09223675  0.07476605  0.6709242 ]
 [ 0.09301074  0.38964015  0.40183032]
 [ 0.19235003  0.5004868   0.06346571]
 [ 0.07958791  0.6380929   0.        ]
 [-0.0923478  -0.07460339  0.63896066]
 [-0.20709151  0.1579078   0.38519943]
 [ 0.09769154 -0.0811294   0.30713034]
 [ 0.17947963 -0.01876545  0.2109111 ]
 [ 0.00267444  0.05021675  0.8585295 ]
 [-0.01699134  0.07685     1.1069432 ]
 [-0.09134857  0.11474836  1.2159314 ]
 [-0.02313215  0.07107061  1.3115642 ]
 [-0.13477755 -0.01027587  1.0748477 ]
 [-0.15072529 -0.16346061  0.8604018 ]
 [-0.16666001  0.01903314  0.7108893 ]
 [ 0.10215919  0.1415739   1.0327499 ]
 [ 0.12414617  0.22408412  0.782582  ]
 [-0.00968415  0.39469197  0.760756  ]]
[[ 0.          0.          0.65522647]
 [ 0.09157796  0.07357095  0.66234416]
 [ 0.23740962  0.28353593  0.36745864]
 [ 0.48536617  0.2484422   0.11320251]
 [ 0.42929733  0.34263065  0.        ]
 [-0.09158471 -0.07331191  0.64824986]
 [-0.2601719   0.25534984  0.507791  ]
 [-0.12112911  0.10492212  0.19102281]
 [-0.19073445  0.19283602  0.07404453]
 [-0.0016961   0.01657435  0.86510813]
 [-0.01923018  0.0140762   1.1167262 ]
 [-0.09632148  0.04931289  1.2161117 ]
 [-0.02600069  0.00231618  1.3067076 ]
 [-0.11482823 -0.08659017  1.0942638 ]
 [-0.03018021 -0.30838022  0.98933345]
 [ 0.01527964 -0.21239558  0.8232707 ]
 [ 0.07996415  0.10877159  1.049782  ]
 [-0.02142856  0.2524057   0.83906615]
 [-0.16252813  0.24179554  0.9740426 ]]
[[ 0.          0.          0.6113929 ]
 [ 0.08814053  0.07116333  0.61824346]
 [ 0.26064503  0.25535494  0.3144981 ]
 [ 0.5649648   0.16405135  0.15120849]
 [ 0.5656595   0.21150196  0.        ]
 [-0.08813213 -0.07092328  0.6049204 ]
 [-0.256638    0.210305    0.4698046 ]
 [-0.21632484  0.20447192  0.08936077]
 [-0.30596858  0.30752522  0.01052707]
 [-0.00315315 -0.01160128  0.82109785]
 [-0.01895358 -0.03223559  1.0708652 ]
 [-0.09972408  0.00279993  1.1649122 ]
 [-0.03038231 -0.04335749  1.255266  ]
 [-0.09476702 -0.12393326  1.0488296 ]
 [ 0.03038988 -0.34193343  1.0155427 ]
 [ 0.06882681 -0.2409324   0.8388548 ]
 [ 0.06848874  0.06620544  1.0115328 ]
 [-0.04241905  0.22188972  0.8138675 ]
 [-0.14592844  0.20227128  0.981997  ]]
[[ 0.          0.          0.5506604 ]
 [ 0.08428773  0.0632887   0.558584  ]
 [ 0.18837506  0.1686498   0.20815253]
 [ 0.49587262 -0.08261231  0.209571  ]
 [ 0.57187366 -0.08011118  0.11198023]
 [-0.08427909 -0.06309935  0.5433627 ]
 [-0.23857057  0.2371429   0.36835045]
 [-0.25140733  0.43959212  0.02490228]
 [-0.35949957  0.54612887  0.        ]
 [-0.01267102 -0.01781031  0.75640655]
 [-0.03641369 -0.04604554  1.0027382 ]
 [-0.13313147 -0.0171749   1.1019461 ]
 [-0.06386211 -0.05598402  1.1938092 ]
 [-0.09676965 -0.12618104  0.97634625]
 [ 0.04108547 -0.31875664  0.92789245]
 [ 0.03544819 -0.22062036  0.7478169 ]
 [ 0.03565863  0.04517087  0.9426416 ]
 [-0.00752898  0.2023607   0.7263813 ]
 [-0.12435323  0.24676794  0.8348662 ]]
[[ 0.          0.          0.55576336]
 [ 0.08156258  0.05761405  0.5583621 ]
 [ 0.08218377  0.11649728  0.19249126]
 [ 0.3476247  -0.2298184   0.2583743 ]
 [ 0.46134168 -0.25798136  0.20724058]
 [-0.08158235 -0.05750464  0.5537655 ]
 [-0.19672087  0.27005377  0.34254456]
 [-0.1945771   0.5179607   0.01880616]
 [-0.29878724  0.6466625   0.        ]
 [-0.02058943 -0.0070703   0.76170385]
 [-0.05475294 -0.03592744  1.0074947 ]
 [-0.15166998 -0.0099209   1.1152921 ]
 [-0.07975125 -0.05124271  1.2061926 ]
 [-0.11878368 -0.10543022  0.9783606 ]
 [ 0.01070772 -0.27259308  0.8618765 ]
 [-0.046436   -0.14536351  0.69818175]
 [ 0.02637515  0.04116815  0.94648945]
 [ 0.06218535  0.17597246  0.7069993 ]
 [-0.01014434  0.31591627  0.6941093 ]]
[[ 0.          0.          0.5753969 ]
 [ 0.07585502  0.06377947  0.5797479 ]
 [-0.06915613  0.13986765  0.2517912 ]
 [ 0.19364458 -0.23763442  0.31446356]
 [ 0.30517507 -0.2616529   0.25350368]
 [-0.07591992 -0.06373519  0.5714512 ]
 [-0.14035015  0.26946     0.32612923]
 [-0.04746853  0.5292416   0.02890694]
 [-0.15011477  0.6838388   0.        ]
 [-0.02809807  0.00595039  0.78048885]
 [-0.07227416 -0.01552168  1.0281184 ]
 [-0.1674481   0.00982493  1.1414137 ]
 [-0.08382987 -0.03272063  1.2320528 ]
 [-0.15087393 -0.08686596  0.9909531 ]
 [-0.09376697 -0.2173011   0.7761811 ]
 [-0.1804232  -0.05689554  0.6497561 ]
 [ 0.02096394  0.05145928  0.9622637 ]
 [ 0.13041124  0.14149167  0.7192764 ]
 [ 0.10965078  0.3248505   0.5685408 ]]
[[ 0.          0.          0.56882906]
 [ 0.05635911  0.08189709  0.58290035]
 [-0.21550387  0.20814636  0.3665156 ]
 [ 0.03524306 -0.04986328  0.28693172]
 [ 0.06253371 -0.02257049  0.1613059 ]
 [-0.0564625  -0.08196628  0.55463034]
 [ 0.00339714  0.17575115  0.26799542]
 [ 0.23491997  0.4272086   0.05025959]
 [ 0.1605329   0.58398646  0.        ]
 [-0.02668528  0.00354682  0.77456087]
 [-0.06517503 -0.01437172  1.0248778 ]
 [-0.15224896  0.010607    1.1353291 ]
 [-0.06956636 -0.02340573  1.2270337 ]
 [-0.1534942  -0.09096095  0.98595136]
 [-0.20423636 -0.19681019  0.7366251 ]
 [-0.28872544 -0.0127442   0.7405213 ]
 [ 0.03199846  0.05128708  0.9587    ]
 [ 0.25408292  0.10437483  0.8043877 ]
 [ 0.32315776  0.26173782  0.5949957 ]]
[[ 0.          0.          0.53773415]
 [ 0.05061733  0.07734607  0.55780244]
 [-0.276345    0.23078221  0.4587323 ]
 [-0.15331396  0.12535396  0.14442238]
 [-0.22999823  0.21493512  0.04114485]
 [-0.05069449 -0.07755953  0.51705235]
 [ 0.12064139  0.09092402  0.23257983]
 [ 0.45169798  0.24985471  0.09687138]
 [ 0.45109475  0.38115853  0.        ]
 [-0.02588703 -0.01829563  0.7506844 ]
 [-0.05394411 -0.03297931  1.0050756 ]
 [-0.12550068  0.00390714  1.1024795 ]
 [-0.05494148 -0.03153199  1.2030602 ]
 [-0.15565789 -0.09603429  0.9692283 ]
 [-0.2846898  -0.17531675  0.7403356 ]
 [-0.29959238  0.02125549  0.8514434 ]
 [ 0.05143848  0.02097121  0.9464747 ]
 [ 0.31596595  0.01995435  0.86925644]
 [ 0.41921225  0.11152843  0.63854903]]
[[ 0.00000000e+00  0.00000000e+00  4.95575368e-01]
 [ 5.64887412e-02  6.97002560e-02  5.12907267e-01]
 [-2.61331081e-01  2.52460688e-01  4.16115671e-01]
 [-2.61638165e-01  3.06998283e-01  5.18306792e-02]
 [-3.75632226e-01  4.12728399e-01  0.00000000e+00]
 [-5.66229299e-02 -6.99010119e-02  4.77594465e-01]
 [ 1.35424793e-01  7.70381093e-02  1.80368215e-01]
 [ 4.96615350e-01  1.27058238e-01  1.53796673e-01]
 [ 5.76783180e-01  2.46012092e-01  4.81657386e-02]
 [-2.41293274e-02 -2.33946443e-02  7.08079517e-01]
 [-4.91431840e-02 -3.91303003e-02  9.60677385e-01]
 [-1.16809785e-01  9.42349434e-04  1.05601740e+00]
 [-4.97623831e-02 -3.99464369e-02  1.15646362e+00]
 [-1.57956883e-01 -9.28416550e-02  9.27476406e-01]
 [-3.04250002e-01 -1.65105149e-01  7.16474175e-01]
 [-2.85990000e-01  4.54367399e-02  8.21560383e-01]
 [ 6.20882399e-02  6.50483370e-03  9.04703677e-01]
 [ 3.12442243e-01 -1.16815269e-02  8.33493710e-01]
 [ 3.93850029e-01  6.84308559e-02  5.98700047e-01]]
[[ 0.00000000e+00  0.00000000e+00  4.86643195e-01]
 [ 6.75161481e-02  6.79364279e-02  5.01515090e-01]
 [-1.76213473e-01  3.58214140e-01  3.51079822e-01]
 [-2.43424296e-01  5.07538795e-01  2.21878290e-03]
 [-3.58417630e-01  6.18274510e-01  0.00000000e+00]
 [-6.77897036e-02 -6.80797547e-02  4.71193194e-01]
 [ 7.02383891e-02  3.93747091e-02  1.47135943e-01]
 [ 4.19152439e-01 -2.45089531e-02  2.23754317e-01]
 [ 5.61162233e-01  5.82516193e-02  1.68467581e-01]
 [-1.25918575e-02  1.17082000e-02  6.99442565e-01]
 [-3.80541608e-02  7.11736083e-03  9.49282229e-01]
 [-1.07392803e-01  3.79378796e-02  1.04704392e+00]
 [-3.91261764e-02 -3.51428986e-04  1.14524508e+00]
 [-1.48569837e-01 -5.05683422e-02  9.16875184e-01]
 [-2.73042679e-01 -1.51694745e-01  6.98945999e-01]
 [-2.81520754e-01  6.78538233e-02  6.92067921e-01]
 [ 7.27304071e-02  4.83576655e-02  8.83666515e-01]
 [ 2.82275021e-01  3.24745476e-03  7.51312494e-01]
 [ 2.98895329e-01  1.03481896e-01  5.23247838e-01]]
[[ 0.0000000e+00  0.0000000e+00  5.4064596e-01]
 [ 7.2774790e-02  6.9757104e-02  5.5557567e-01]
 [-1.1109409e-01  3.9093459e-01  3.6600617e-01]
 [-1.5370300e-01  5.4737705e-01  1.3179302e-02]
 [-2.7031285e-01  6.7020702e-01  0.0000000e+00]
 [-7.3084965e-02 -6.9850214e-02  5.2524018e-01]
 [-2.5224406e-05  3.3934116e-02  1.9841465e-01]
 [ 3.3005965e-01 -1.0351965e-01  3.0009165e-01]
 [ 4.9416429e-01 -3.0251801e-02  2.7773437e-01]
 [-4.6565719e-03  2.9686287e-02  7.5066262e-01]
 [-3.2679938e-02  2.9430270e-02  9.9988872e-01]
 [-1.0559827e-01  5.7897925e-02  1.1047058e+00]
 [-3.3628237e-02  1.9028604e-02  1.1980193e+00]
 [-1.4065577e-01 -3.3773452e-02  9.6737581e-01]
 [-2.3302481e-01 -1.5260175e-01  7.4530560e-01]
 [-2.7590460e-01  5.1492549e-02  6.4979273e-01]
 [ 7.7508003e-02  7.5732917e-02  9.2999220e-01]
 [ 2.4303961e-01  5.0307155e-02  7.5119311e-01]
 [ 2.1611170e-01  1.8298332e-01  5.5166900e-01]]
[[ 0.          0.          0.6182852 ]
 [ 0.08208537  0.06933805  0.63332486]
 [-0.02835605  0.4023097   0.40752476]
 [-0.01311192  0.5191784   0.04381329]
 [-0.12531105  0.65110004  0.        ]
 [-0.08230948 -0.0693467   0.6028941 ]
 [-0.10025604  0.06465653  0.29447833]
 [ 0.22678459 -0.14034519  0.39510137]
 [ 0.38340843 -0.07424586  0.37048256]
 [ 0.00145253  0.05132143  0.82314354]
 [-0.02741079  0.06197494  1.0703809 ]
 [-0.09906092  0.09683514  1.1816847 ]
 [-0.02640043  0.05431479  1.2738305 ]
 [-0.1365342  -0.01041323  1.0362315 ]
 [-0.19353941 -0.14293092  0.813819  ]
 [-0.20962128  0.03685227  0.6731589 ]
 [ 0.08726758  0.1145837   0.9956625 ]
 [ 0.19009724  0.13945849  0.7723524 ]
 [ 0.10127798  0.2894948   0.6333313 ]]
[[ 0.          0.          0.62904286]
 [ 0.09383682  0.07319329  0.641165  ]
 [ 0.1575996   0.4024817   0.3896002 ]
 [ 0.32890663  0.48671842  0.08066672]
 [ 0.2348859   0.6144004   0.        ]
 [-0.09389098 -0.0729571   0.61686796]
 [-0.24842802  0.15837383  0.39317822]
 [ 0.03197594 -0.10619244  0.31408742]
 [ 0.07243618 -0.05925238  0.25314602]
 [-0.00330419  0.03906637  0.82833225]
 [-0.02961564  0.05303708  1.0745642 ]
 [-0.10002334  0.09209275  1.1833693 ]
 [-0.02647778  0.04245335  1.2738692 ]
 [-0.13654841 -0.04230157  1.0449748 ]
 [-0.07471749 -0.23965834  0.88605785]
 [-0.01975961 -0.13072741  0.70769995]
 [ 0.08234613  0.13411596  1.003517  ]
 [ 0.04458723  0.22960171  0.75792   ]
 [-0.13728088  0.31253693  0.80725276]]
[[ 0.00000000e+00  0.00000000e+00  6.26878858e-01]
 [ 8.80804509e-02  7.48796463e-02  6.34842396e-01]
 [ 2.61845797e-01  2.88883984e-01  3.50633174e-01]
 [ 5.48773766e-01  2.39938706e-01  1.30045414e-01]
 [ 5.06346226e-01  3.14711481e-01  0.00000000e+00]
 [-8.80215466e-02 -7.46263787e-02  6.19175017e-01]
 [-2.66193271e-01  2.41536200e-01  4.72259402e-01]
 [-1.11125186e-01  9.20279920e-02  1.82069033e-01]
 [-1.77386224e-01  1.74023241e-01  6.49701357e-02]
 [ 3.13206576e-04  2.48230994e-03  8.28328252e-01]
 [-1.52533185e-02 -1.03110671e-02  1.07497120e+00]
 [-8.86078998e-02  2.46893764e-02  1.17512691e+00]
 [-1.55460872e-02 -2.48809457e-02  1.26330400e+00]
 [-9.24759805e-02 -1.12498254e-01  1.05555391e+00]
 [ 3.23019177e-02 -3.26749623e-01  1.00049353e+00]
 [ 8.10102820e-02 -2.31638134e-01  8.29952836e-01]
 [ 6.96919262e-02  9.23512280e-02  1.01000440e+00]
 [-1.86005682e-02  2.54619241e-01  8.14617753e-01]
 [-1.50994152e-01  2.63392150e-01  9.66171205e-01]]
[[ 0.          0.          0.56492555]
 [ 0.07779203  0.07200269  0.5746883 ]
 [ 0.25494754  0.23537244  0.26320216]
 [ 0.59387803  0.12210026  0.19577882]
 [ 0.6250966   0.15241578  0.04270399]
 [-0.07774554 -0.07174161  0.5557128 ]
 [-0.26930606  0.20241264  0.40547362]
 [-0.20962352  0.2490814   0.06766421]
 [-0.2935571   0.34427565  0.        ]
 [-0.00293156 -0.02207574  0.7617946 ]
 [-0.01830048 -0.06059694  1.0038841 ]
 [-0.10607845 -0.03780538  1.1058033 ]
 [-0.02895151 -0.08064938  1.1928737 ]
 [-0.06662178 -0.15311229  0.97899246]
 [ 0.070011   -0.3494454   0.95159537]
 [ 0.09514558 -0.23019643  0.7799718 ]
 [ 0.04139953  0.04403746  0.94511294]
 [-0.03555445  0.21230896  0.75142205]
 [-0.14056727  0.2241736   0.8990363 ]]
[[ 0.0000000e+00  0.0000000e+00  5.2251071e-01]
 [ 7.9403654e-02  5.7256058e-02  5.3003514e-01]
 [ 1.5642592e-01  1.4650162e-01  1.7956978e-01]
 [ 4.4082952e-01 -1.8056452e-01  2.5423533e-01]
 [ 5.6006992e-01 -1.9833687e-01  1.9361049e-01]
 [-7.9340272e-02 -5.7138860e-02  5.1575309e-01]
 [-2.1215081e-01  2.5547543e-01  3.2196087e-01]
 [-2.2595227e-01  4.8362628e-01  1.3113558e-02]
 [-3.3564603e-01  5.9451073e-01  0.0000000e+00]
 [-1.2627115e-02 -1.6136438e-02  7.1884686e-01]
 [-3.9697714e-02 -6.3433737e-02  9.5824420e-01]
 [-1.3121139e-01 -4.0205836e-02  1.0658100e+00]
 [-5.0631396e-02 -8.1961930e-02  1.1525042e+00]
 [-8.2419589e-02 -1.3987082e-01  9.2354673e-01]
 [ 4.6351060e-02 -3.0249569e-01  8.2894981e-01]
 [ 8.7519735e-04 -1.8438298e-01  6.5853494e-01]
 [ 1.7155679e-02  2.9418528e-02  9.0542388e-01]
 [ 2.9074624e-02  1.9032222e-01  6.9013268e-01]
 [-8.8744178e-02  3.1094286e-01  7.1551085e-01]]
[[ 0.          0.          0.5401702 ]
 [ 0.07462886  0.05718383  0.54484   ]
 [ 0.06471039  0.12215322  0.19291633]
 [ 0.31591862 -0.26284575  0.28418922]
 [ 0.45434898 -0.29412892  0.24398202]
 [-0.07463001 -0.05709632  0.53620774]
 [-0.15536995  0.27170056  0.30808824]
 [-0.13049087  0.5297294   0.01396072]
 [-0.25292444  0.6565885   0.        ]
 [-0.01216055  0.00129803  0.73411   ]
 [-0.04326332 -0.04188782  0.9740815 ]
 [-0.13771828 -0.02192307  1.0874208 ]
 [-0.04575304 -0.06355423  1.1727607 ]
 [-0.08992676 -0.11558473  0.93426096]
 [ 0.00971037 -0.26582453  0.7806471 ]
 [-0.09964707 -0.12028925  0.6285321 ]
 [ 0.01864197  0.04182974  0.9202819 ]
 [ 0.09095232  0.18036604  0.6976228 ]
 [ 0.01949676  0.33585262  0.6164272 ]]
[[ 0.          0.          0.55264956]
 [ 0.06185081  0.07001242  0.5610062 ]
 [-0.1075753   0.15716402  0.24692374]
 [ 0.13910654 -0.2285827   0.31156725]
 [ 0.2539917  -0.24207217  0.2387918 ]
 [-0.06194796 -0.06997321  0.54470545]
 [-0.06834705  0.22437656  0.26809534]
 [ 0.06672037  0.49121842  0.0248509 ]
 [-0.05216733  0.6409072   0.        ]
 [-0.01882267  0.00129513  0.74265957]
 [-0.05854817 -0.03977478  0.98271304]
 [-0.14897822 -0.01933402  1.0971149 ]
 [-0.05212193 -0.06351364  1.1836706 ]
 [-0.12091999 -0.11962092  0.9391714 ]
 [-0.08577082 -0.25215542  0.7246143 ]
 [-0.25012362 -0.04908822  0.65582454]
 [ 0.01730903  0.0435994   0.9234408 ]
 [ 0.18302894  0.154978    0.72934324]
 [ 0.16835812  0.32553297  0.54550886]]
[[ 0.          0.          0.518768  ]
 [ 0.05179921  0.08481863  0.53733647]
 [-0.23574805  0.28901848  0.3704194 ]
 [-0.03902112  0.06390902  0.23522985]
 [-0.049406    0.12826124  0.1074858 ]
 [-0.05193897 -0.08496806  0.4998733 ]
 [ 0.06530435  0.06676     0.20409572]
 [ 0.35223758  0.2316041   0.06718871]
 [ 0.32209495  0.3743488   0.        ]
 [-0.01883726 -0.01351422  0.71823066]
 [-0.0483784  -0.04086098  0.96243006]
 [-0.12908557 -0.01507759  1.066398  ]
 [-0.03893509 -0.05099541  1.1551585 ]
 [-0.1398108  -0.11496338  0.9230684 ]
 [-0.24910523 -0.23599091  0.7063887 ]
 [-0.34322208 -0.00763762  0.7670265 ]
 [ 0.0478579   0.02632764  0.9064979 ]
 [ 0.29050323  0.0656386   0.7953249 ]
 [ 0.3296244   0.18286622  0.55585754]]
[[ 0.          0.          0.46086788]
 [ 0.05096749  0.0828445   0.4822865 ]
 [-0.26372963  0.28403878  0.36799905]
 [-0.17311043  0.25260186  0.07806048]
 [-0.2533118   0.35106254  0.        ]
 [-0.05111054 -0.08306358  0.4388979 ]
 [ 0.10303868  0.04329291  0.15587074]
 [ 0.47810704  0.13619953  0.10836741]
 [ 0.53808576  0.25907078  0.02405924]
 [-0.01869674 -0.02859724  0.6658633 ]
 [-0.03990695 -0.05214441  0.9123794 ]
 [-0.11055643 -0.01684105  1.0075998 ]
 [-0.02622344 -0.05905455  1.1012398 ]
 [-0.14452662 -0.11586928  0.88113046]
 [-0.30353642 -0.21920057  0.6984835 ]
 [-0.35285437  0.02327633  0.784354  ]
 [ 0.06633662  0.00752312  0.86199397]
 [ 0.3231026   0.01529858  0.7885531 ]
 [ 0.37119168  0.10959435  0.54564416]]
[[ 0.          0.          0.45278037]
 [ 0.05645944  0.0789647   0.47308445]
 [-0.23121172  0.32082236  0.34779218]
 [-0.22422442  0.39261195  0.0321548 ]
 [-0.32803994  0.493648    0.        ]
 [-0.05665335 -0.07916833  0.43192792]
 [ 0.08190403  0.05109161  0.1464085 ]
 [ 0.4776706   0.06264412  0.16101864]
 [ 0.58642817  0.16863987  0.08943391]
 [-0.01766783 -0.03141534  0.65389216]
 [-0.03634024 -0.05309939  0.89657503]
 [-0.10418712 -0.0206188   0.991015  ]
 [-0.02071584 -0.06557053  1.0851991 ]
 [-0.14446348 -0.11533335  0.8674168 ]
 [-0.30956197 -0.22256616  0.69679606]
 [-0.36498863  0.0260812   0.73905265]
 [ 0.07033929  0.0029321   0.844771  ]
 [ 0.31137988 -0.00475344  0.7542051 ]
 [ 0.34004122  0.09214404  0.5093496 ]]
[[ 0.00000000e+00  0.00000000e+00  4.47847903e-01]
 [ 6.07048534e-02  7.87991285e-02  4.67691064e-01]
 [-2.01151073e-01  3.48906547e-01  3.30377370e-01]
 [-2.17613786e-01  4.64497834e-01  1.09844804e-02]
 [-3.33098650e-01  5.64911902e-01  0.00000000e+00]
 [-6.09163791e-02 -7.89872557e-02  4.27485377e-01]
 [ 5.00646979e-02  4.94810939e-02  1.43769652e-01]
 [ 4.37083006e-01  2.23143697e-02  1.75868928e-01]
 [ 5.61613798e-01  1.20866388e-01  1.08066738e-01]
 [-1.32694645e-02 -2.27055848e-02  6.46619320e-01]
 [-3.16620097e-02 -3.93711925e-02  8.86513889e-01]
 [-9.89371315e-02 -1.09913349e-02  9.84283149e-01]
 [-1.40341651e-02 -5.32996058e-02  1.07626104e+00]
 [-1.38187006e-01 -1.03901982e-01  8.56919408e-01]
 [-2.96998799e-01 -2.20803753e-01  6.86594307e-01]
 [-3.66531610e-01  2.68901289e-02  6.86860561e-01]
 [ 7.26946741e-02  1.43397450e-02  8.31243932e-01]
 [ 2.95667708e-01 -3.12253833e-04  7.17094541e-01]
 [ 3.07126969e-01  1.12581789e-01  4.78618324e-01]]
[[ 0.00000000e+00  0.00000000e+00  4.59235549e-01]
 [ 6.51852712e-02  8.17602947e-02  4.77596223e-01]
 [-1.57314211e-01  3.80785167e-01  3.23127270e-01]
 [-1.69079483e-01  5.11791646e-01  2.62865424e-03]
 [-2.93498099e-01  6.22096419e-01  0.00000000e+00]
 [-6.53875247e-02 -8.19114298e-02  4.40400302e-01]
 [ 1.35503709e-04  4.66808677e-02  1.48807883e-01]
 [ 3.85915220e-01 -9.34112072e-03  1.78406119e-01]
 [ 5.10344207e-01  9.03491974e-02  1.11284494e-01]
 [-8.68744496e-03 -1.23695880e-02  6.52918041e-01]
 [-2.93654706e-02 -2.43914723e-02  8.89992893e-01]
 [-9.81440246e-02  1.14971399e-03  9.93099093e-01]
 [-1.27344904e-02 -3.90110016e-02  1.08512914e+00]
 [-1.35573640e-01 -9.64891315e-02  8.58727992e-01]
 [-2.74532378e-01 -2.24137276e-01  6.80486739e-01]
 [-3.53551984e-01  1.55923963e-02  6.33980513e-01]
 [ 7.43226856e-02  3.35133076e-02  8.31883967e-01]
 [ 2.73328245e-01  3.68371010e-02  6.90690517e-01]
 [ 2.56331921e-01  1.65364504e-01  4.67043072e-01]]
[[ 0.          0.          0.520295  ]
 [ 0.08355818  0.08246445  0.53510284]
 [-0.02297603  0.3933845   0.32868266]
 [ 0.08051141  0.48934007  0.03369373]
 [-0.04760858  0.61464095  0.        ]
 [-0.08360331 -0.08243934  0.5052795 ]
 [-0.14643696  0.16915253  0.24786353]
 [ 0.21749273  0.02643475  0.19032082]
 [ 0.25873706  0.13716435  0.10677364]
 [-0.0038552   0.01975928  0.7017767 ]
 [-0.02569431  0.02407813  0.92986155]
 [-0.0966146   0.05607486  1.0442793 ]
 [-0.01203914  0.00931537  1.1312716 ]
 [-0.1332455  -0.0691714   0.89871895]
 [-0.18014824 -0.23784247  0.6947741 ]
 [-0.22566663 -0.02090737  0.5861391 ]
 [ 0.0819468   0.09846073  0.87077963]
 [ 0.20757031  0.19998187  0.6769812 ]
 [ 0.10609019  0.39397758  0.59244734]]
[[ 0.          0.          0.55483156]
 [ 0.08208217  0.07999992  0.56711304]
 [ 0.18612184  0.23682785  0.27139786]
 [ 0.4735759   0.19228277  0.08935058]
 [ 0.38728702  0.27541488  0.        ]
 [-0.08202335 -0.07978614  0.5429456 ]
 [-0.2659399   0.22414078  0.3465218 ]
 [-0.14425072  0.254509    0.08838403]
 [-0.258748    0.36992466  0.02906513]
 [ 0.00413304  0.0012522   0.73932016]
 [-0.00897988 -0.03547415  0.97042483]
 [-0.09345274 -0.01351875  1.0820321 ]
 [ 0.00411717 -0.06939065  1.1571804 ]
 [-0.07077457 -0.14416596  0.9393196 ]
 [ 0.0573277  -0.35187566  0.8559212 ]
 [ 0.03856418 -0.1840625   0.7067232 ]
 [ 0.06143514  0.08062544  0.9193319 ]
 [ 0.05301327  0.263914    0.73103917]
 [-0.10171534  0.31092432  0.825809  ]]
[[ 0.          0.          0.4761727 ]
 [ 0.07301739  0.06577151  0.49250662]
 [ 0.26393777  0.17655344  0.20930716]
 [ 0.58854973  0.08265552  0.11296818]
 [ 0.57647866  0.12889227  0.00370035]
 [-0.07286197 -0.06553239  0.46055943]
 [-0.22480893  0.20559473  0.25397193]
 [-0.2623431   0.4262135   0.00746107]
 [-0.37997395  0.5254278   0.        ]
 [ 0.01277857 -0.0537584   0.6487117 ]
 [ 0.0172094  -0.1247071   0.8689593 ]
 [-0.0768053  -0.12484252  0.97463363]
 [ 0.02714894 -0.16629776  1.0452298 ]
 [-0.00659154 -0.21199423  0.83376104]
 [ 0.14245334 -0.3680197   0.753942  ]
 [ 0.08699352 -0.21767026  0.60893196]
 [ 0.05373894 -0.01645219  0.8269532 ]
 [ 0.02342142  0.15305217  0.6434226 ]
 [-0.0946146   0.19326317  0.76146007]]
[[ 0.0000000e+00  0.0000000e+00  4.5986983e-01]
 [ 6.7110874e-02  5.5922706e-02  4.7525698e-01]
 [ 2.5660872e-01  1.5279178e-01  1.7416683e-01]
 [ 5.7043296e-01 -1.6265482e-02  1.5493277e-01]
 [ 6.0248655e-01  6.0531795e-03  5.9268892e-02]
 [-6.6949129e-02 -5.5700663e-02  4.4527757e-01]
 [-1.9868621e-01  2.2863558e-01  2.3221123e-01]
 [-2.6303229e-01  4.9183476e-01  0.0000000e+00]
 [-3.7387294e-01  5.8979285e-01  2.0966828e-03]
 [ 1.2462564e-02 -5.4709896e-02  6.3377798e-01]
 [ 1.8079538e-02 -1.3326854e-01  8.5153723e-01]
 [-7.4274339e-02 -1.3464370e-01  9.5943427e-01]
 [ 2.8770462e-02 -1.7352986e-01  1.0284930e+00]
 [ 6.6716969e-04 -2.0557053e-01  8.1255329e-01]
 [ 1.5017128e-01 -3.3707699e-01  7.0779955e-01]
 [ 6.0987130e-02 -1.9480979e-01  5.6756121e-01]
 [ 4.3667778e-02 -3.5039186e-02  8.1265211e-01]
 [ 2.0735152e-02  1.3639224e-01  6.2394559e-01]
 [-7.9980776e-02  2.0478316e-01  7.1310747e-01]]
[[ 0.          0.          0.4707703 ]
 [ 0.06757876  0.04729484  0.48321384]
 [ 0.1541079   0.10597327  0.1408554 ]
 [ 0.39065564 -0.2563141   0.21952629]
 [ 0.49581152 -0.28880244  0.19967228]
 [-0.06748089 -0.047242    0.45909622]
 [-0.15434149  0.28133872  0.2493705 ]
 [-0.1517677   0.5403255   0.00488067]
 [-0.24690896  0.66325384  0.        ]
 [ 0.0069892  -0.04289475  0.64634347]
 [ 0.00384097 -0.12446311  0.86721015]
 [-0.07546787 -0.11615515  0.98544466]
 [ 0.02858613 -0.15879592  1.0572863 ]
 [-0.0174863  -0.18994816  0.81627905]
 [ 0.06435041 -0.31137887  0.62459064]
 [-0.11697842 -0.13759278  0.5523375 ]
 [ 0.03228193 -0.03094828  0.83255917]
 [ 0.07580218  0.13040665  0.639582  ]
 [ 0.02392574  0.2562991   0.5942025 ]]
[[ 0.          0.          0.5009877 ]
 [ 0.05910149  0.06415553  0.5154131 ]
 [-0.09309803  0.14608184  0.21727258]
 [ 0.1553672  -0.25707763  0.2878424 ]
 [ 0.27079248 -0.2813043   0.27104682]
 [-0.05911392 -0.06427186  0.48708838]
 [-0.08041868  0.24192408  0.20861402]
 [ 0.0878452   0.49126208  0.02536783]
 [-0.01325995  0.637912    0.        ]
 [-0.0160036  -0.02411783  0.67436415]
 [-0.04847932 -0.09062591  0.8989057 ]
 [-0.12610865 -0.07747629  1.0274935 ]
 [-0.01344486 -0.12846512  1.091086  ]
 [-0.10861082 -0.17723216  0.8471128 ]
 [-0.14248848 -0.29117984  0.623691  ]
 [-0.29233634 -0.08042103  0.65035504]
 [ 0.01469799  0.00547433  0.86171633]
 [ 0.15369678  0.16298857  0.6900098 ]
 [ 0.10140745  0.29073238  0.51622045]]
[[ 0.          0.          0.52409035]
 [ 0.04510023  0.0778914   0.5476745 ]
 [-0.23951975  0.21560805  0.3855045 ]
 [-0.00960644 -0.04684158  0.2641406 ]
 [ 0.00383284 -0.00748983  0.17414713]
 [-0.04519123 -0.07802878  0.5004694 ]
 [ 0.05155442  0.16008036  0.22501022]
 [ 0.31223935  0.38400126  0.07054812]
 [ 0.27482483  0.54412806  0.        ]
 [-0.03171392 -0.02694462  0.69903123]
 [-0.07931564 -0.07313886  0.92586875]
 [-0.15797657 -0.04704353  1.0426683 ]
 [-0.05744064 -0.09709805  1.1170462 ]
 [-0.16579637 -0.15838876  0.87696195]
 [-0.2840674  -0.2992732   0.6936519 ]
 [-0.39506656 -0.11494914  0.7631042 ]
 [ 0.01198243  0.00485671  0.8850215 ]
 [ 0.22700183  0.10783818  0.760563  ]
 [ 0.16302353  0.2639383   0.5719179 ]]
[[ 0.          0.          0.50709856]
 [ 0.03674381  0.07966011  0.5334484 ]
 [-0.31525755  0.19544151  0.44407988]
 [-0.19654852  0.01294747  0.14683598]
 [-0.26813272  0.0823102   0.06108558]
 [-0.03688798 -0.07984799  0.4803852 ]
 [ 0.13292798  0.10068133  0.21009165]
 [ 0.45142525  0.30095756  0.10582885]
 [ 0.47934866  0.4289116   0.        ]
 [-0.03926554 -0.04105982  0.67949843]
 [-0.09362969 -0.09326839  0.9027068 ]
 [-0.17776167 -0.05367351  1.0038579 ]
 [-0.09146327 -0.09940335  1.091228  ]
 [-0.18660721 -0.16879863  0.85137564]
 [-0.3481809  -0.29062307  0.6855442 ]
 [-0.44418308 -0.09388     0.7885709 ]
 [ 0.01142681 -0.02131739  0.8700714 ]
 [ 0.264847    0.0531756   0.78412414]
 [ 0.20939246  0.19935074  0.6316757 ]]
[[ 0.          0.          0.43172866]
 [ 0.04021823  0.07147059  0.45386615]
 [-0.3133002   0.24894732  0.38177535]
 [-0.33501142  0.23928222  0.04509461]
 [-0.44700122  0.3377952   0.        ]
 [-0.04041674 -0.07174667  0.4090847 ]
 [ 0.13588598  0.02123612  0.11589935]
 [ 0.47600353  0.07079485  0.13821244]
 [ 0.56955796  0.17169994  0.05303574]
 [-0.03987589 -0.04671852  0.60971487]
 [-0.09839385 -0.10311425  0.8334218 ]
 [-0.18596892 -0.06518877  0.92539227]
 [-0.11201364 -0.11336568  1.0191127 ]
 [-0.19643469 -0.16204368  0.7768654 ]
 [-0.3479005  -0.26453447  0.58295834]
 [-0.46018153 -0.08379056  0.5987147 ]
 [ 0.01573824 -0.04561785  0.8079895 ]
 [ 0.28272402  0.02002785  0.7586489 ]
 [ 0.25325906  0.24757254  0.76477087]]
[[ 0.          0.          0.44443825]
 [ 0.04225527  0.07252499  0.46459296]
 [-0.276358    0.2913801   0.36432165]
 [-0.33180416  0.34783977  0.03016832]
 [-0.4432612   0.44319832  0.        ]
 [-0.04250488 -0.07281563  0.4238394 ]
 [ 0.08361982 -0.03283378  0.13853538]
 [ 0.41944265 -0.07192297  0.22546868]
 [ 0.55897266  0.00889945  0.18571636]
 [-0.03260299 -0.04022856  0.63371915]
 [-0.09127367 -0.10582286  0.8605851 ]
 [-0.17743498 -0.07543102  0.95184934]
 [-0.11101228 -0.12130702  1.0425557 ]
 [-0.1845982  -0.1604119   0.7972517 ]
 [-0.29080245 -0.25711626  0.5709226 ]
 [-0.40996268 -0.11404469  0.48131675]
 [ 0.01963134 -0.05046529  0.83944714]
 [ 0.26372704  0.02377337  0.79392433]
 [ 0.2006586   0.21537179  0.90957135]]
[[ 0.          0.          0.50500625]
 [ 0.04538646  0.06064968  0.5210579 ]
 [-0.21051723  0.34375322  0.37939203]
 [-0.24621499  0.42174572  0.04024002]
 [-0.3345827   0.5257279   0.        ]
 [-0.04562636 -0.06094021  0.4886508 ]
 [ 0.0258819  -0.04890022  0.21080986]
 [ 0.32792908 -0.24105397  0.3389343 ]
 [ 0.5045286  -0.18388626  0.35174948]
 [-0.01766714 -0.02558362  0.69530785]
 [-0.06773858 -0.09662688  0.9202839 ]
 [-0.1492674  -0.06122476  1.0227853 ]
 [-0.08397743 -0.11205423  1.1058564 ]
 [-0.15010624 -0.1387438   0.8504709 ]
 [-0.21530516 -0.22562857  0.6100464 ]
 [-0.29705948 -0.13318588  0.45668334]
 [ 0.03264695 -0.04650766  0.9032809 ]
 [ 0.22373065  0.04975516  0.8966402 ]
 [ 0.15977919  0.1728549   1.0751271 ]]
[[ 0.          0.          0.58781457]
 [ 0.05357056  0.05715862  0.59645563]
 [-0.08311892  0.3818367   0.40343538]
 [-0.00812685  0.46918166  0.0797503 ]
 [-0.061966    0.587733    0.        ]
 [-0.05364736 -0.05728526  0.57918   ]
 [-0.1275475  -0.05677827  0.3213509 ]
 [ 0.17942715 -0.36414745  0.44489452]
 [ 0.3567568  -0.33550373  0.48450154]
 [ 0.00888598 -0.0077696   0.7820082 ]
 [-0.01679295 -0.0726608   1.0051401 ]
 [-0.1010614  -0.03318992  1.1085261 ]
 [-0.03345735 -0.07774377  1.1929746 ]
 [-0.07541327 -0.13159159  0.93790025]
 [-0.05108894 -0.23762465  0.73941606]
 [-0.02603986 -0.19255713  0.5345359 ]
 [ 0.05402756 -0.0062677   0.98536277]
 [ 0.12510572  0.089564    1.07076   ]
 [ 0.04722157  0.06665039  1.2639618 ]]
[[ 0.          0.          0.6100763 ]
 [ 0.06455562  0.06831294  0.61424065]
 [ 0.06003587  0.37051618  0.3737716 ]
 [ 0.2414728   0.41011065  0.11133856]
 [ 0.237919    0.5134695   0.        ]
 [-0.06445612 -0.06830009  0.60621166]
 [-0.2794356  -0.0233158   0.44746876]
 [ 0.03632982 -0.35917404  0.43239453]
 [ 0.1375219  -0.3538558   0.43781766]
 [ 0.0371163  -0.01381946  0.8022393 ]
 [ 0.04407676 -0.07215095  1.0378941 ]
 [-0.06302784 -0.03325108  1.1282521 ]
 [ 0.01202414 -0.06224895  1.2206284 ]
 [ 0.02154431 -0.15281503  0.9726813 ]
 [ 0.09035385 -0.24795565  0.79147065]
 [ 0.16699505 -0.2454724   0.6261589 ]
 [ 0.06960978  0.02471182  1.0243565 ]
 [-0.00563687  0.10280788  1.138144  ]
 [-0.08701216  0.04771608  1.3567263 ]]
[[ 0.          0.          0.55428207]
 [ 0.06267763  0.07769495  0.5567856 ]
 [ 0.16855387  0.28451803  0.2581574 ]
 [ 0.4403583   0.23301506  0.11783335]
 [ 0.494171    0.27669287  0.        ]
 [-0.06261054 -0.0775096   0.5522584 ]
 [-0.35323995 -0.01031088  0.5127795 ]
 [-0.17687301 -0.23915538  0.2402907 ]
 [-0.19676004 -0.18278542  0.1939747 ]
 [ 0.0565645  -0.01629092  0.7481067 ]
 [ 0.09221651 -0.07130378  0.9888675 ]
 [-0.01918046 -0.0576303   1.0797076 ]
 [ 0.05615649 -0.07553929  1.1692815 ]
 [ 0.12797132 -0.14045882  0.9220269 ]
 [ 0.25388065 -0.1963951   0.73241854]
 [ 0.3267619  -0.34553233  0.71713066]
 [ 0.05807654  0.02306721  0.9767039 ]
 [-0.13355413  0.0499039   1.0450011 ]
 [-0.27766097  0.05670923  1.2273624 ]]
[[ 0.          0.          0.42287678]
 [ 0.05497853  0.07304313  0.42059892]
 [ 0.16690353  0.21828236  0.10587639]
 [ 0.44960284  0.06637025  0.07663429]
 [ 0.53767     0.05503392  0.        ]
 [-0.05500701 -0.07282672  0.42593905]
 [-0.35217962 -0.01119424  0.4163    ]
 [-0.39438897 -0.09037444  0.05299729]
 [-0.47318915 -0.01221216  0.0360074 ]
 [ 0.04813235 -0.02059387  0.61343217]
 [ 0.08510531 -0.07097188  0.8526798 ]
 [-0.01770445 -0.06941006  0.94313353]
 [ 0.05865161 -0.08385247  1.0315995 ]
 [ 0.1424753  -0.13065915  0.7923777 ]
 [ 0.27777374 -0.22833653  0.680254  ]
 [ 0.34557438 -0.3846479   0.7745997 ]
 [ 0.02978614  0.00758749  0.8301538 ]
 [-0.17226505  0.01255897  0.8300679 ]
 [-0.36322954  0.06083843  0.8746846 ]]
[[ 0.          0.          0.36316806]
 [ 0.04482901  0.07037371  0.365903  ]
 [ 0.09264018  0.15968789  0.03575593]
 [ 0.33527374 -0.07048354  0.09212017]
 [ 0.44653314 -0.10864845  0.07190013]
 [-0.0449346  -0.07022908  0.36142057]
 [-0.34620643  0.00307599  0.31954145]
 [-0.51111615  0.04180229  0.        ]
 [-0.6227957   0.11570808  0.01689729]
 [ 0.03142542 -0.0281349   0.5525683 ]
 [ 0.05659385 -0.07130167  0.7930602 ]
 [-0.04241472 -0.07622755  0.8842322 ]
 [ 0.03289935 -0.08940941  0.9741505 ]
 [ 0.12310918 -0.1319753   0.74872756]
 [ 0.2406019  -0.29042482  0.7314403 ]
 [ 0.26837164 -0.4164324   0.9146698 ]
 [-0.00144318  0.00576371  0.75463486]
 [-0.15954746  0.05004984  0.6660857 ]
 [-0.31856644  0.09250191  0.5944643 ]]
[[ 0.          0.          0.37679663]
 [ 0.0396965   0.06806856  0.38354477]
 [-0.01318988  0.12977038  0.07375264]
 [ 0.21542513 -0.118341    0.14689538]
 [ 0.32887688 -0.16142131  0.15427789]
 [-0.03985069 -0.06803076  0.37103784]
 [-0.323924    0.04974658  0.2865035 ]
 [-0.52066547  0.14063284  0.        ]
 [-0.6420901   0.21924745  0.0394707 ]
 [ 0.02294527 -0.02677265  0.56231594]
 [ 0.04040311 -0.0561426   0.8012841 ]
 [-0.06227306 -0.05782846  0.8982146 ]
 [ 0.01761581 -0.07304537  0.985489  ]
 [ 0.09892234 -0.12417054  0.77734584]
 [ 0.1558182  -0.3084477   0.8687831 ]
 [ 0.15073937 -0.38210768  1.0982411 ]
 [-0.00528613  0.02355203  0.7442663 ]
 [-0.09794272  0.12461707  0.59480846]
 [-0.19963646  0.18527089  0.4576339 ]]
[[ 0.          0.          0.44114327]
 [ 0.02632633  0.07180348  0.4489039 ]
 [-0.19522962  0.10992442  0.23598216]
 [ 0.0760085  -0.10038909  0.21933073]
 [ 0.16920334 -0.13010189  0.19940734]
 [-0.02652416 -0.07183985  0.43411338]
 [-0.31304687  0.07612012  0.3032612 ]
 [-0.4517269   0.2199868   0.        ]
 [-0.5737689   0.3092203   0.02977246]
 [ 0.01550896 -0.02582493  0.62084585]
 [ 0.01938744 -0.04333881  0.8555329 ]
 [-0.09527576 -0.03501692  0.95187306]
 [-0.01526157 -0.05441618  1.0410676 ]
 [ 0.05381957 -0.12526506  0.8505486 ]
 [-0.00564078 -0.31695333  1.0678635 ]
 [-0.05052143 -0.3176003   1.3120472 ]
 [ 0.00215892  0.03337458  0.77997744]
 [ 0.01282557  0.13883804  0.58413595]
 [ 0.00880675  0.27074867  0.407907  ]]
[[ 0.          0.          0.5086445 ]
 [ 0.02463973  0.07926688  0.51804984]
 [-0.31601012  0.09541184  0.47882736]
 [-0.07363744 -0.06011823  0.2704758 ]
 [-0.03521706 -0.06452253  0.18083555]
 [-0.02478814 -0.07941142  0.49945682]
 [-0.28869492  0.08876283  0.3690748 ]
 [-0.28401822  0.17265433  0.01507297]
 [-0.38656622  0.26636964  0.        ]
 [ 0.02082667 -0.02644247  0.68843865]
 [ 0.02745317 -0.03733236  0.9224191 ]
 [-0.09942982 -0.01869634  1.0138695 ]
 [-0.02952561 -0.04386884  1.1054688 ]
 [ 0.02345053 -0.12417123  0.9248624 ]
 [-0.14684755 -0.25730595  1.1923983 ]
 [-0.21675628 -0.24184746  1.4156123 ]
 [ 0.05547529  0.03268823  0.84141123]
 [ 0.14136413  0.14672688  0.6592162 ]
 [ 0.25268352  0.2854872   0.48499247]]
[[ 0.          0.          0.47883895]
 [ 0.03917903  0.09368534  0.49780786]
 [-0.32085568  0.10835674  0.6147869 ]
 [-0.35417047 -0.05521068  0.26963735]
 [-0.43706846  0.01093879  0.20277861]
 [-0.03923873 -0.09398659  0.45960578]
 [-0.22452247  0.13584743  0.32507706]
 [-0.00976197  0.22175522  0.06498083]
 [-0.03645442  0.34223232  0.        ]
 [ 0.0259687  -0.05141875  0.66209245]
 [ 0.03750178 -0.0753344   0.89203894]
 [-0.09964345 -0.04782495  0.9601948 ]
 [-0.04441136 -0.07581651  1.0602206 ]
 [-0.02406851 -0.157009    0.8907299 ]
 [-0.26149535 -0.25730383  1.0556387 ]
 [-0.41703534 -0.22557634  1.2084162 ]
 [ 0.12554768 -0.01657903  0.8282367 ]
 [ 0.312151    0.06333402  0.695439  ]
 [ 0.49315375  0.19501276  0.602581  ]]
[[ 0.          0.          0.369647  ]
 [ 0.04050843  0.0788695   0.39214838]
 [-0.290684    0.111598    0.55879927]
 [-0.5589578  -0.01408201  0.27723914]
 [-0.66950285  0.04362299  0.29941404]
 [-0.0405979  -0.07927029  0.34678462]
 [-0.15890288  0.12181346  0.22018838]
 [ 0.14692324  0.19825329  0.05893183]
 [ 0.19013049  0.3064828   0.        ]
 [ 0.02382587 -0.05694546  0.55454576]
 [ 0.0239598  -0.09652519  0.7764865 ]
 [-0.10807359 -0.07179788  0.8166964 ]
 [-0.07089631 -0.0968599   0.9232651 ]
 [-0.05609762 -0.16247812  0.7570468 ]
 [-0.32204008 -0.24720421  0.7897396 ]
 [-0.5152415  -0.19819456  0.8207684 ]
 [ 0.13185135 -0.04998419  0.7446961 ]
 [ 0.3754825   0.03655916  0.7060696 ]
 [ 0.5384239   0.18175262  0.75144374]]
[[ 0.          0.          0.2874159 ]
 [ 0.03088081  0.07061542  0.3114639 ]
 [-0.2764958   0.09746988  0.4877423 ]
 [-0.6368338   0.00462431  0.31782508]
 [-0.7272208   0.02631542  0.3967477 ]
 [-0.03099023 -0.07103622  0.26312286]
 [-0.12941468  0.07274473  0.17960724]
 [ 0.17569897  0.14479789  0.05671671]
 [ 0.25953346  0.23442714  0.        ]
 [ 0.00215843 -0.06644271  0.4744159 ]
 [-0.01995274 -0.12550613  0.6922449 ]
 [-0.14184912 -0.10219374  0.71257496]
 [-0.12745848 -0.12235856  0.8199558 ]
 [-0.09081299 -0.18260084  0.65035766]
 [-0.3271083  -0.23451464  0.59508693]
 [-0.5017477  -0.12155086  0.56891215]
 [ 0.0812874  -0.07477108  0.6847465 ]
 [ 0.29477185  0.04969296  0.7408588 ]
 [ 0.3869084   0.18106091  0.86993504]]
[[ 0.          0.          0.24981336]
 [ 0.02439504  0.06639281  0.27349177]
 [-0.27051842  0.08912732  0.4534266 ]
 [-0.6468508   0.01564011  0.33943117]
 [-0.72026575  0.02121902  0.44389424]
 [-0.0244934  -0.06680879  0.22598115]
 [-0.129119    0.04097229  0.17831813]
 [ 0.15526266  0.13229358  0.06090556]
 [ 0.24067977  0.2134759   0.        ]
 [-0.00908846 -0.06530795  0.43631512]
 [-0.04218196 -0.12048566  0.64932764]
 [-0.1600131  -0.09997115  0.65759444]
 [-0.16392635 -0.12106588  0.7622519 ]
 [-0.10081389 -0.17780803  0.5990529 ]
 [-0.3230739  -0.22192064  0.5098511 ]
 [-0.504016   -0.13471493  0.45992792]
 [ 0.04608859 -0.06649655  0.65060127]
 [ 0.21398775  0.07745647  0.74436665]
 [ 0.2633934   0.19661891  0.8884317 ]]
[[ 0.          0.          0.2271653 ]
 [ 0.01850846  0.06751075  0.2498037 ]
 [-0.26785737  0.08066623  0.42249614]
 [-0.65379095  0.02322409  0.34446192]
 [-0.71087736  0.00528321  0.46499288]
 [-0.01859365 -0.06788655  0.20443366]
 [-0.14448398  0.00911249  0.1995223 ]
 [ 0.11008274  0.15463197  0.0652514 ]
 [ 0.17218366  0.2358379   0.        ]
 [-0.01764057 -0.06177455  0.41424024]
 [-0.06332704 -0.11190209  0.61990005]
 [-0.18186097 -0.08834437  0.61216563]
 [-0.20648962 -0.10486159  0.7127432 ]
 [-0.1153632  -0.17039801  0.5677825 ]
 [-0.32644683 -0.20172115  0.4497146 ]
 [-0.51622766 -0.13596347  0.38409978]
 [ 0.00498127 -0.04688218  0.6274103 ]
 [ 0.10204802  0.10638535  0.747444  ]
 [ 0.11429232  0.22144872  0.89035124]]
[[ 0.          0.          0.21649313]
 [ 0.00878892  0.07967404  0.23746762]
 [-0.25967464  0.12264742  0.3863058 ]
 [-0.6609941   0.06192797  0.34797442]
 [-0.7108836   0.0338265   0.4698093 ]
 [-0.00886641 -0.07989153  0.19551045]
 [-0.19058955 -0.03906579  0.25004685]
 [-0.00871745  0.23078653  0.05853644]
 [-0.02238284  0.29910088  0.        ]
 [-0.03454176 -0.06149651  0.40528244]
 [-0.10285297 -0.10294396  0.5896518 ]
 [-0.23041284 -0.07180607  0.5572462 ]
 [-0.26414308 -0.08735576  0.6538472 ]
 [-0.13734403 -0.166065    0.5467493 ]
 [-0.35062084 -0.16455573  0.40110546]
 [-0.5556011  -0.10560242  0.3332705 ]
 [-0.05849259 -0.01850569  0.5998543 ]
 [-0.10820153  0.12314767  0.7157447 ]
 [-0.18547225  0.1440773   0.8311337 ]]
[[ 0.          0.          0.1847747 ]
 [ 0.01112033  0.08949856  0.20634618]
 [-0.24906412  0.17131536  0.33641803]
 [-0.6451204   0.15398356  0.31192607]
 [-0.6975757   0.13054562  0.43317306]
 [-0.01125287 -0.08963348  0.16322625]
 [-0.22935674 -0.08271139  0.2279527 ]
 [-0.1313398   0.22805496  0.02749354]
 [-0.18208525  0.28357804  0.        ]
 [-0.05019292 -0.05920722  0.37792635]
 [-0.12701187 -0.09164721  0.53295696]
 [-0.2550054  -0.0543333   0.48555037]
 [-0.28319377 -0.07024655  0.57730234]
 [-0.14725268 -0.16003872  0.4976713 ]
 [-0.3663363  -0.13751051  0.3467247 ]
 [-0.58392364 -0.10112132  0.2822294 ]
 [-0.09550728  0.00103614  0.54662156]
 [-0.22883421  0.10941586  0.62108207]
 [-0.36677185  0.07481408  0.7138891 ]]
[[ 0.          0.          0.13496307]
 [ 0.01838515  0.10417754  0.16023052]
 [-0.26850563  0.24984229  0.26122463]
 [-0.6228346   0.26795486  0.19094306]
 [-0.6894653   0.26155773  0.29828015]
 [-0.01862248 -0.10423841  0.10976684]
 [-0.28191823 -0.1135366   0.16692896]
 [-0.2787165   0.24201643  0.        ]
 [-0.3606642   0.28749335  0.01967469]
 [-0.06642342 -0.06469533  0.32741433]
 [-0.16047406 -0.10541981  0.44953263]
 [-0.2905925  -0.06310801  0.38495055]
 [-0.30982828 -0.07880363  0.47183463]
 [-0.16712195 -0.18093581  0.42359912]
 [-0.3970768  -0.13934365  0.26722604]
 [-0.61689484 -0.10308867  0.21106122]
 [-0.14323029 -0.00177026  0.46881086]
 [-0.34568876  0.07065159  0.46743143]
 [-0.53859025 -0.02967235  0.49943033]]
[[ 0.          0.          0.10231978]
 [ 0.01914831  0.11246326  0.13378385]
 [-0.29810697  0.29253805  0.20154238]
 [-0.5709295   0.3711687   0.06459209]
 [-0.6672639   0.37633857  0.13749479]
 [-0.01945855 -0.11242473  0.07095376]
 [-0.3206891  -0.11650224  0.13882391]
 [-0.39640307  0.2814279   0.        ]
 [-0.48689055  0.31210536  0.05256191]
 [-0.06894326 -0.07547304  0.2796566 ]
 [-0.18293972 -0.1275367   0.3930933 ]
 [-0.30682993 -0.08714463  0.32126787]
 [-0.3213281  -0.10064751  0.40700406]
 [-0.18003762 -0.20853971  0.37805635]
 [-0.4033507  -0.16823487  0.20869371]
 [-0.6363715  -0.13965455  0.1708444 ]
 [-0.17202157 -0.01555124  0.4142449 ]
 [-0.40502077  0.05931842  0.34821898]
 [-0.61497355 -0.06155032  0.31755564]]
[[ 0.          0.          0.0767673 ]
 [ 0.01722701  0.11054118  0.11186973]
 [-0.3219428   0.282081    0.17336029]
 [-0.52721983  0.39555758  0.01481569]
 [-0.6445826   0.39842984  0.06191803]
 [-0.01755194 -0.1104541   0.04179184]
 [-0.34816605 -0.123085    0.1142866 ]
 [-0.42101407  0.30305016  0.        ]
 [-0.5180223   0.32269377  0.05720045]
 [-0.06343265 -0.09135493  0.23584563]
 [-0.17929563 -0.15492764  0.34955966]
 [-0.3001539  -0.11919449  0.27751178]
 [-0.3146031  -0.12390929  0.36043397]
 [-0.17132476 -0.23631933  0.34023905]
 [-0.3797603  -0.20108457  0.16044496]
 [-0.62728465 -0.17052248  0.14059612]
 [-0.17162555 -0.04155219  0.37566552]
 [-0.40681374  0.02938409  0.28680795]
 [-0.6149365  -0.09407613  0.23789506]]
[[ 0.00000000e+00  0.00000000e+00  4.20925468e-02]
 [ 1.56125836e-02  1.11997724e-01  8.43365341e-02]
 [-3.45713675e-01  2.69268215e-01  1.75331935e-01]
 [-5.05056679e-01  3.55886966e-01  1.19358525e-02]
 [-6.27092004e-01  3.52700621e-01  3.97188514e-02]
 [-1.58946309e-02 -1.11935958e-01  0.00000000e+00]
 [-3.75764728e-01 -1.33603781e-01  9.35807973e-02]
 [-4.07909364e-01  3.05830479e-01  1.64933503e-04]
 [-5.14756620e-01  3.21874261e-01  5.72047755e-02]
 [-5.48214577e-02 -9.96888801e-02  1.94215447e-01]
 [-1.59426957e-01 -1.70407742e-01  3.05555582e-01]
 [-2.84009099e-01 -1.32014439e-01  2.36291960e-01]
 [-2.96057224e-01 -1.35115758e-01  3.19521844e-01]
 [-1.45439938e-01 -2.48932064e-01  2.90439785e-01]
 [-3.36329520e-01 -2.28143379e-01  9.92134064e-02]
 [-6.05963707e-01 -2.11848885e-01  1.02934167e-01]
 [-1.57227129e-01 -5.97725213e-02  3.38885069e-01]
 [-4.02177989e-01  2.82043219e-03  2.46721521e-01]
 [-5.97972453e-01 -1.32659942e-01  2.04246491e-01]]
[[ 0.          0.          0.05653279]
 [ 0.00793903  0.11130111  0.11326167]
 [-0.3651352   0.22104043  0.26425883]
 [-0.3365892   0.34276298  0.08124897]
 [-0.44467598  0.3546296   0.05175328]
 [-0.00815402 -0.11130219  0.        ]
 [-0.40920255 -0.14175528  0.11484312]
 [-0.36520594  0.2854219   0.07226875]
 [-0.4828136   0.29221505  0.1564613 ]
 [-0.02653023 -0.11885199  0.1946346 ]
 [-0.09541827 -0.22255075  0.31721336]
 [-0.23525347 -0.18681377  0.2712858 ]
 [-0.24430436 -0.19069946  0.35457152]
 [-0.07857904 -0.30239117  0.2844687 ]
 [-0.23785162 -0.31143224  0.07508199]
 [-0.5518686  -0.28821057  0.14323492]
 [-0.09834917 -0.10469522  0.36120325]
 [-0.34739828 -0.02101812  0.28450316]
 [-0.51265585 -0.16198276  0.27674496]]
[[ 0.          0.          0.05774009]
 [ 0.00512885  0.11234657  0.11569972]
 [-0.38106835  0.22598167  0.26376638]
 [-0.3207646   0.28566572  0.09286276]
 [-0.4537021   0.29852653  0.089539  ]
 [-0.00524756 -0.11237325  0.        ]
 [-0.4015634  -0.12818879  0.12963128]
 [-0.30875587  0.27772337  0.10081998]
 [-0.4261024   0.3062019   0.17092034]
 [-0.01810334 -0.12641461  0.18740457]
 [-0.07226215 -0.2520968   0.3074137 ]
 [-0.2057957  -0.22375128  0.27130756]
 [-0.20231247 -0.22627987  0.35701787]
 [-0.03868496 -0.3264214   0.2595052 ]
 [-0.16651271 -0.3610387   0.04385304]
 [-0.48767924 -0.33160007  0.15886354]
 [-0.0829523  -0.13473167  0.35647604]
 [-0.3488355  -0.06454611  0.2850533 ]
 [-0.48121688 -0.2286262   0.29301554]]
[[ 0.          0.          0.06594163]
 [ 0.00073965  0.110586    0.1322708 ]
 [-0.41692477  0.21883152  0.23697238]
 [-0.31998253  0.22122929  0.10515326]
 [-0.48344475  0.22656536  0.15596706]
 [-0.00074261 -0.11068694  0.        ]
 [-0.41529682 -0.13377354  0.12533885]
 [-0.27652037  0.26158628  0.12378475]
 [-0.38494235  0.29033354  0.21072419]
 [ 0.00588999 -0.1349128   0.18222558]
 [-0.01622793 -0.29126498  0.29247773]
 [-0.13091479 -0.29568294  0.28203014]
 [-0.10894418 -0.2923314   0.35517246]
 [ 0.03267454 -0.348462    0.21408722]
 [-0.09496803 -0.40915388  0.0056673 ]
 [-0.38983023 -0.4727315   0.07988942]
 [-0.04831586 -0.1798555   0.358724  ]
 [-0.32240993 -0.10423446  0.2857269 ]
 [-0.43512756 -0.30780432  0.295477  ]]
[[ 0.          0.          0.06927933]
 [-0.00658078  0.0857257   0.13908455]
 [-0.39412922  0.23437048  0.1686171 ]
 [-0.32500327  0.07241082  0.29130533]
 [-0.38324973  0.0123221   0.3624695 ]
 [ 0.00664036 -0.08591718  0.        ]
 [-0.37283024 -0.08771703  0.06366877]
 [-0.13640061  0.31069225  0.0944093 ]
 [-0.16868633  0.31556466  0.19318105]
 [ 0.04645619 -0.12455729  0.17711285]
 [ 0.0742064  -0.2752881   0.28173375]
 [ 0.00516662 -0.31722295  0.29833093]
 [ 0.03334101 -0.31569573  0.34213877]
 [ 0.13842875 -0.29970986  0.1953233 ]
 [ 0.02805503 -0.38115793  0.00382622]
 [-0.21293825 -0.5441779   0.01764549]
 [ 0.004073   -0.20094287  0.36002183]
 [-0.27702233 -0.12288669  0.2745969 ]
 [-0.38127053 -0.34610194  0.25809875]]
[[ 0.          0.          0.15151376]
 [-0.01248587  0.07926847  0.23176493]
 [-0.4334724   0.19867869  0.26247096]
 [-0.5051291   0.23692644  0.18505628]
 [-0.6220118   0.18937233  0.21586601]
 [ 0.0126424  -0.07939571  0.07163728]
 [-0.37902218 -0.09421331  0.07514468]
 [-0.33821905  0.39011034  0.17690113]
 [-0.4127893   0.39644882  0.27071926]
 [ 0.08292767 -0.10880615  0.23731712]
 [ 0.15626201 -0.25654623  0.320769  ]
 [ 0.21816647 -0.30021477  0.30281484]
 [ 0.19319397 -0.28852326  0.3446167 ]
 [ 0.22889948 -0.23716374  0.2127451 ]
 [ 0.15519941 -0.33903086  0.00144216]
 [-0.03323448 -0.5419884   0.        ]
 [ 0.06747572 -0.21863863  0.4247543 ]
 [-0.18332997 -0.1433703   0.31108576]
 [-0.22932386 -0.33845195  0.20629448]]
[[ 0.          0.          0.19891727]
 [-0.01744926  0.06561559  0.2805    ]
 [-0.43471602  0.15621237  0.29561833]
 [-0.518833    0.24149784  0.17497808]
 [-0.616748    0.17933957  0.1813252 ]
 [ 0.01768921 -0.06570338  0.11772043]
 [-0.37699118 -0.07746198  0.08746496]
 [-0.3129691   0.4298466   0.17308041]
 [-0.3661608   0.41686326  0.2539345 ]
 [ 0.08989042 -0.11663809  0.27056527]
 [ 0.17915347 -0.27102497  0.34136623]
 [ 0.28528512 -0.3171513   0.31718695]
 [ 0.23924649 -0.31049836  0.35806632]
 [ 0.2564647  -0.2199078   0.23370837]
 [ 0.21455052 -0.30968043  0.01572403]
 [ 0.06164965 -0.54440594  0.        ]
 [ 0.07705863 -0.2569694   0.4514745 ]
 [-0.15791352 -0.19637153  0.3144804 ]
 [-0.1642021  -0.38293982  0.18300462]]
[[ 0.          0.          0.20973516]
 [-0.01993561  0.05763033  0.28884745]
 [-0.42857596  0.15076289  0.3048122 ]
 [-0.53055835  0.22356117  0.16421907]
 [-0.62165105  0.15579548  0.16158944]
 [ 0.02020479 -0.05769952  0.1309652 ]
 [-0.36585093 -0.05943589  0.09234588]
 [-0.30381244  0.434298    0.16283698]
 [-0.3539726   0.4133782   0.23248124]
 [ 0.09382544 -0.11667993  0.27710682]
 [ 0.19135314 -0.26665947  0.3449732 ]
 [ 0.31466514 -0.31593925  0.31768736]
 [ 0.26202357 -0.30556092  0.3596223 ]
 [ 0.26926872 -0.20482698  0.23935127]
 [ 0.24859369 -0.28793338  0.01640899]
 [ 0.10896438 -0.5333439   0.        ]
 [ 0.08677486 -0.26220456  0.45581308]
 [-0.14050327 -0.20251128  0.3103388 ]
 [-0.13038933 -0.3835134   0.16648534]]
