[[ 0.          0.          0.7738868 ]
 [ 0.01730824 -0.08828795  0.7738308 ]
 [-0.11515569 -0.05604842  0.4387725 ]
 [-0.50520205  0.06196184  0.6158257 ]
 [-0.6234946   0.12995186  0.5222207 ]
 [-0.01737955  0.08816346  0.7738542 ]
 [ 0.21799397  0.20637362  0.47841883]
 [ 0.26513797  0.20994896  0.03532851]
 [ 0.40847975  0.22788447  0.        ]
 [ 0.09235984  0.06560636  0.9581704 ]
 [ 0.14743587  0.13114369  1.1856182 ]
 [ 0.2530477   0.11466545  1.2603664 ]
 [ 0.21461952  0.09359592  1.3579512 ]
 [ 0.04951007  0.2349315   1.1340331 ]
 [-0.12122989  0.3724573   1.0660834 ]
 [-0.08386135  0.49595478  0.84713787]
 [ 0.22878908 -0.01860005  1.1903429 ]
 [ 0.2467019  -0.17375258  0.96569324]
 [ 0.3773714   0.03308094  0.9999334 ]]
[[ 0.          0.          0.7924899 ]
 [ 0.02829909 -0.08633482  0.79143095]
 [-0.04052298 -0.05401999  0.4438985 ]
 [-0.45775655  0.03533883  0.646557  ]
 [-0.59248674  0.10168677  0.5762556 ]
 [-0.02837095  0.08620452  0.7934584 ]
 [ 0.17956945  0.20998597  0.48904693]
 [ 0.17324331  0.18767452  0.04487443]
 [ 0.31673372  0.2210517   0.        ]
 [ 0.09275386  0.06923723  0.97650826]
 [ 0.15546882  0.1463575   1.2055129 ]
 [ 0.26068664  0.13248861  1.2858784 ]
 [ 0.22217727  0.11069107  1.3842759 ]
 [ 0.05784491  0.25269145  1.1432662 ]
 [-0.05418319  0.4141257   1.0426534 ]
 [ 0.04204661  0.53168714  0.83807075]
 [ 0.2387481  -0.0068137   1.2077875 ]
 [ 0.20514575 -0.17481042  1.0015589 ]
 [ 0.3202232   0.00990239  0.95021594]]
[[ 0.          0.          0.815566  ]
 [ 0.04068772 -0.08966751  0.8112556 ]
 [ 0.08547065 -0.04820514  0.45904082]
 [-0.35508513  0.0390662   0.6640295 ]
 [-0.47045946  0.09953193  0.58268523]
 [-0.04076669  0.08952039  0.8198059 ]
 [ 0.09012264  0.16545342  0.48130584]
 [-0.01648752  0.11538649  0.05728489]
 [ 0.11091023  0.16052848  0.        ]
 [ 0.09724141  0.07351847  0.9975449 ]
 [ 0.16946158  0.15860581  1.2283592 ]
 [ 0.26635683  0.13899112  1.3169892 ]
 [ 0.22125307  0.11664212  1.4195266 ]
 [ 0.0692642   0.26490045  1.1584    ]
 [ 0.0354498   0.405825    1.0015709 ]
 [ 0.19073701  0.5238605   0.8491634 ]
 [ 0.2537732   0.00829571  1.2289656 ]
 [ 0.17389649 -0.15527403  1.0428013 ]
 [ 0.2277011  -0.01266743  0.9412198 ]]
[[ 0.          0.          0.7922731 ]
 [ 0.04221441 -0.09341899  0.7870609 ]
 [ 0.24943124 -0.01231399  0.47858524]
 [-0.1424521   0.0181171   0.52311444]
 [-0.20380872  0.0743354   0.41031268]
 [-0.04229181  0.09323819  0.7974538 ]
 [-0.01636799  0.17799523  0.43428904]
 [-0.21721941  0.14327371  0.08190155]
 [-0.11253965  0.20907134  0.        ]
 [ 0.0916331   0.08304505  0.97985715]
 [ 0.1886281   0.17720386  1.1930373 ]
 [ 0.27639025  0.16119659  1.2765374 ]
 [ 0.23644519  0.14014477  1.3815625 ]
 [ 0.10384218  0.28961653  1.1234075 ]
 [ 0.13227728  0.38052186  0.9120953 ]
 [ 0.35208055  0.41717985  0.8827337 ]
 [ 0.24921426  0.02679104  1.197424  ]
 [ 0.05985209 -0.10485846  1.0515283 ]
 [ 0.0517306  -0.08426509  0.86032903]]
[[ 0.          0.          0.70794153]
 [ 0.02904936 -0.09785657  0.7021286 ]
 [ 0.3233021   0.01022673  0.45825893]
 [ 0.00903042  0.02430153  0.24269348]
 [ 0.05847744  0.05383706  0.10617459]
 [-0.02910975  0.09767649  0.71374494]
 [-0.11602077  0.15865475  0.3406624 ]
 [-0.38190433  0.1710085   0.11259019]
 [-0.33229166  0.24768955  0.        ]
 [ 0.08720265  0.06315164  0.9050424 ]
 [ 0.18189453  0.12886661  1.1270612 ]
 [ 0.2807758   0.11073679  1.1979787 ]
 [ 0.24167441  0.08681798  1.3083612 ]
 [ 0.11226426  0.24441326  1.0563529 ]
 [ 0.19048621  0.3033179   0.8174771 ]
 [ 0.33754414  0.31855232  0.9443511 ]
 [ 0.21928696 -0.02066624  1.1447731 ]
 [-0.027549   -0.13274217  1.1230538 ]
 [-0.05409019 -0.111288    0.9129537 ]]
[[ 0.          0.          0.67139864]
 [ 0.02747688 -0.09874365  0.66548324]
 [ 0.34727407  0.05989541  0.43545535]
 [ 0.28162703  0.13629845  0.06373113]
 [ 0.40763026  0.18814379  0.        ]
 [-0.02749659  0.09862657  0.6773134 ]
 [-0.17783405  0.07658601  0.27663714]
 [-0.5602313  -0.02173489  0.20079297]
 [-0.5869138   0.02326673  0.09546155]
 [ 0.07424682  0.03414153  0.877565  ]
 [ 0.1726135   0.05510616  1.1095942 ]
 [ 0.27967554  0.0309414   1.1774857 ]
 [ 0.23535562  0.00718153  1.2860813 ]
 [ 0.11006747  0.17589247  1.0369911 ]
 [ 0.18627283  0.26465937  0.79390955]
 [ 0.30629256  0.24339633  0.9175639 ]
 [ 0.18783684 -0.07727966  1.122215  ]
 [-0.05953753 -0.16991109  1.1712261 ]
 [-0.09779049 -0.17329387  0.94600415]]
[[ 0.          0.          0.6872768 ]
 [ 0.02900691 -0.09463723  0.6859075 ]
 [ 0.33259517  0.10457191  0.4444179 ]
 [ 0.31923234  0.15588641  0.04266316]
 [ 0.46206337  0.21072257  0.        ]
 [-0.02901121  0.09453958  0.6886428 ]
 [-0.15712985  0.07487312  0.26754388]
 [-0.5696232  -0.11344579  0.31128058]
 [-0.63563395 -0.09401053  0.23768556]
 [ 0.0760356   0.0334339   0.894089  ]
 [ 0.18016069  0.04349518  1.1272427 ]
 [ 0.28859934  0.01479217  1.2009606 ]
 [ 0.24336137 -0.00641841  1.3057158 ]
 [ 0.11073999  0.1644004   1.0603757 ]
 [ 0.14022408  0.27337146  0.8180256 ]
 [ 0.30378306  0.2658503   0.86141753]
 [ 0.18859392 -0.08172518  1.1220627 ]
 [-0.05555514 -0.15726712  1.1029278 ]
 [-0.08436898 -0.21027118  0.8708569 ]]
[[ 0.          0.          0.71700764]
 [ 0.03213247 -0.09236133  0.71665144]
 [ 0.3071937   0.12718208  0.46484455]
 [ 0.27876312  0.19027495  0.04558772]
 [ 0.42978746  0.24111122  0.        ]
 [-0.03215179  0.09225059  0.71735626]
 [-0.10356863  0.08963266  0.2889727 ]
 [-0.52390575 -0.14694548  0.40685046]
 [-0.60937226 -0.152852    0.3594574 ]
 [ 0.08271803  0.02159426  0.9207897 ]
 [ 0.17629784  0.02310556  1.1596434 ]
 [ 0.28689253 -0.00643939  1.2339265 ]
 [ 0.23569575 -0.0252282   1.3416429 ]
 [ 0.09723412  0.1412906   1.0994527 ]
 [ 0.07613241  0.25435472  0.86871123]
 [ 0.2584105   0.33432043  0.8194306 ]
 [ 0.18457007 -0.09753713  1.1362121 ]
 [-0.03681023 -0.17408325  1.0628806 ]
 [-0.04622476 -0.25863475  0.84072775]]
[[ 0.          0.          0.7345575 ]
 [ 0.03427678 -0.09205944  0.7331534 ]
 [ 0.2706662   0.14227162  0.4767313 ]
 [ 0.18877926  0.22453392  0.06233466]
 [ 0.32474008  0.29347116  0.        ]
 [-0.03433911  0.09194261  0.73594147]
 [-0.00934481  0.09069777  0.31773365]
 [-0.4358104  -0.16584426  0.47421533]
 [-0.53258216 -0.18849811  0.41590065]
 [ 0.09233105  0.02616532  0.9359143 ]
 [ 0.18458357  0.02323267  1.1790695 ]
 [ 0.29818863 -0.00749871  1.2599337 ]
 [ 0.24710532 -0.02659309  1.3626179 ]
 [ 0.0940713   0.13502654  1.1131413 ]
 [ 0.01643376  0.22600177  0.9016993 ]
 [ 0.10162895  0.35016316  0.77846545]
 [ 0.20275702 -0.09329745  1.1438937 ]
 [ 0.04557557 -0.15289073  0.9665695 ]
 [ 0.07428835 -0.25682077  0.8020341 ]]
[[ 0.          0.          0.74007374]
 [ 0.02683395 -0.09365695  0.735895  ]
 [ 0.16342135  0.10424002  0.43958807]
 [ 0.0142825   0.22906521  0.06923169]
 [ 0.13070716  0.29932666  0.        ]
 [-0.02692258  0.09351615  0.744208  ]
 [ 0.13045344  0.11645633  0.3725258 ]
 [-0.29205757 -0.08897848  0.46843415]
 [-0.35488212 -0.08906794  0.34945434]
 [ 0.09452376  0.03648715  0.9416615 ]
 [ 0.18352641  0.03653401  1.1887603 ]
 [ 0.29573634  0.00378042  1.2693057 ]
 [ 0.24885227 -0.01048136  1.3745008 ]
 [ 0.08876729  0.14395928  1.1262306 ]
 [-0.0684277   0.2235618   0.9681008 ]
 [-0.10024336  0.33548564  0.82793874]
 [ 0.20670426 -0.08432639  1.1445622 ]
 [ 0.09345245 -0.16050681  0.93415034]
 [ 0.19045278 -0.21658723  0.83775294]]
[[ 0.          0.          0.6778368 ]
 [ 0.01011837 -0.10325104  0.663083  ]
 [-0.05855934  0.00392979  0.33584857]
 [-0.26507825  0.1508112   0.11260217]
 [-0.21224973  0.22779918  0.        ]
 [-0.01023681  0.10308535  0.69249785]
 [ 0.2815972   0.12502295  0.42724133]
 [-0.08217824  0.03633219  0.2533372 ]
 [-0.03974946  0.05562967  0.09190607]
 [ 0.08645114  0.03821036  0.885358  ]
 [ 0.16803923  0.0528892   1.1374185 ]
 [ 0.27551144  0.02241617  1.2118758 ]
 [ 0.23361473  0.01309705  1.3192846 ]
 [ 0.06957638  0.16509786  1.0856341 ]
 [-0.13700494  0.25713164  1.0205228 ]
 [-0.21509522  0.34449828  0.8199749 ]
 [ 0.20644423 -0.08683684  1.1004412 ]
 [ 0.17959568 -0.19320194  0.8479179 ]
 [ 0.30687755 -0.0604284   0.9282265 ]]
[[ 0.0000000e+00  0.0000000e+00  7.2946286e-01]
 [ 2.1217600e-02 -9.7323187e-02  7.1397388e-01]
 [-1.1940421e-01 -1.1285245e-03  3.9741683e-01]
 [-4.1304082e-01  1.2985346e-01  3.3514035e-01]
 [-4.4919991e-01  2.1900600e-01  2.3458511e-01]
 [-2.1336578e-02  9.7164422e-02  7.4482661e-01]
 [ 2.3876721e-01  1.4376742e-01  4.8121601e-01]
 [ 9.2728376e-02  6.9345355e-02  8.1210017e-02]
 [ 2.1063966e-01  7.6042175e-02  0.0000000e+00]
 [ 7.3552385e-02  4.1571930e-02  9.4133854e-01]
 [ 1.3691935e-01  7.6965928e-02  1.1945825e+00]
 [ 2.4645728e-01  5.5304706e-02  1.2655671e+00]
 [ 2.1034856e-01  3.9884865e-02  1.3718234e+00]
 [ 3.3621009e-02  1.8481395e-01  1.1436608e+00]
 [-1.7308486e-01  3.0114788e-01  1.0964563e+00]
 [-1.9151032e-01  4.2041641e-01  8.7556362e-01]
 [ 2.1061853e-01 -6.4558566e-02  1.1699951e+00]
 [ 2.3891044e-01 -1.8709177e-01  9.3444377e-01]
 [ 3.3112371e-01  8.3397180e-03  9.9147332e-01]]
[[ 0.          0.          0.7512755 ]
 [ 0.02840058 -0.08772733  0.7367415 ]
 [-0.08894473 -0.02800992  0.40805253]
 [-0.45546955  0.05565165  0.4623356 ]
 [-0.5451096   0.1435657   0.38460717]
 [-0.02851347  0.08757876  0.7656843 ]
 [ 0.20434281  0.18634763  0.48525897]
 [ 0.16860647  0.14326042  0.05303055]
 [ 0.2938084   0.16192639  0.        ]
 [ 0.07095258  0.04446338  0.9584124 ]
 [ 0.13082482  0.08132458  1.2096207 ]
 [ 0.23997188  0.06339073  1.2900383 ]
 [ 0.20656279  0.04701102  1.3883992 ]
 [ 0.03176076  0.18785745  1.152433  ]
 [-0.14413482  0.32025093  1.0661458 ]
 [-0.11083293  0.45267472  0.85537195]
 [ 0.20834503 -0.06013405  1.1876729 ]
 [ 0.20467228 -0.20787704  0.96055984]
 [ 0.31021023 -0.01593325  0.9301658 ]]
[[ 0.          0.          0.76173735]
 [ 0.03161529 -0.08429696  0.7498294 ]
 [-0.04879301 -0.04859763  0.39592296]
 [-0.44532993  0.01043247  0.5102841 ]
 [-0.56200063  0.08846641  0.4483152 ]
 [-0.03169745  0.08416022  0.7735406 ]
 [ 0.1918679   0.24186492  0.4866801 ]
 [ 0.1802423   0.22188544  0.04772437]
 [ 0.31199026  0.25641555  0.        ]
 [ 0.07371985  0.05052048  0.9651563 ]
 [ 0.13477966  0.09227252  1.2146075 ]
 [ 0.24030444  0.07461607  1.3016585 ]
 [ 0.20567942  0.05692583  1.3979367 ]
 [ 0.0391115   0.19805396  1.1497115 ]
 [-0.10223626  0.3238626   1.0209875 ]
 [-0.02134685  0.46756935  0.82890475]
 [ 0.21441373 -0.05204725  1.1945043 ]
 [ 0.16973329 -0.20329626  0.9713906 ]
 [ 0.25858852 -0.06637554  0.8680756 ]]
[[ 0.          0.          0.7669437 ]
 [ 0.03521815 -0.08528399  0.75588584]
 [ 0.01525831 -0.05131656  0.4057211 ]
 [-0.40472028 -0.00147717  0.548633  ]
 [-0.52669436  0.07196665  0.47915685]
 [-0.03530551  0.08513828  0.7779011 ]
 [ 0.15634727  0.25738615  0.49601108]
 [ 0.10515505  0.22747135  0.05795819]
 [ 0.23757048  0.27305257  0.        ]
 [ 0.08069871  0.05750678  0.96365076]
 [ 0.14894997  0.11056849  1.2110451 ]
 [ 0.24925004  0.09572935  1.2973441 ]
 [ 0.21161687  0.07535768  1.3963871 ]
 [ 0.057005    0.21716446  1.1380804 ]
 [-0.04116295  0.34137887  0.99002004]
 [ 0.07970186  0.4893486   0.82643604]
 [ 0.22625047 -0.03213847  1.1912609 ]
 [ 0.14726084 -0.18278952  0.9864791 ]
 [ 0.1874644  -0.08140266  0.85734963]]
[[ 0.          0.          0.7887269 ]
 [ 0.04232635 -0.09197584  0.77282256]
 [ 0.14178146 -0.02922902  0.46153122]
 [-0.2850533   0.0334997   0.5796032 ]
 [-0.38794175  0.11575145  0.4774554 ]
 [-0.04244252  0.0917976   0.8045356 ]
 [ 0.06553015  0.19802016  0.4801165 ]
 [-0.08638719  0.13800603  0.06129444]
 [ 0.03464438  0.18404275  0.        ]
 [ 0.07992723  0.05233635  0.9891198 ]
 [ 0.16022378  0.11349869  1.2317853 ]
 [ 0.2558754   0.09471881  1.3180513 ]
 [ 0.21857584  0.07596022  1.4201369 ]
 [ 0.07059278  0.22723436  1.1547477 ]
 [ 0.04155921  0.36849332  0.97562146]
 [ 0.21847312  0.49369735  0.8531735 ]
 [ 0.23251468 -0.03112161  1.2138641 ]
 [ 0.11959855 -0.17285538  1.0248864 ]
 [ 0.13047028 -0.06968381  0.88777024]]
[[ 0.          0.          0.75156754]
 [ 0.03789093 -0.09630855  0.7390888 ]
 [ 0.31406787  0.01178715  0.47428298]
 [-0.05037416  0.04178581  0.3834263 ]
 [-0.04863988  0.11354131  0.23862356]
 [-0.03797516  0.09612074  0.7639979 ]
 [-0.07246083  0.19898675  0.4088037 ]
 [-0.35172197  0.17495364  0.09107065]
 [-0.27071422  0.24134612  0.        ]
 [ 0.08814527  0.06334628  0.9451287 ]
 [ 0.17845684  0.13147715  1.1773791 ]
 [ 0.27966386  0.10957122  1.253875  ]
 [ 0.24077678  0.0952999   1.3675816 ]
 [ 0.10996646  0.24723914  1.0988786 ]
 [ 0.16220352  0.33117825  0.8820637 ]
 [ 0.36601853  0.3982671   0.91444004]
 [ 0.22672357 -0.01722065  1.1816542 ]
 [ 0.00854517 -0.14956437  1.1116155 ]
 [-0.05924831 -0.16409487  0.91982734]]
[[ 0.          0.          0.66228974]
 [ 0.02439547 -0.10110283  0.6546607 ]
 [ 0.32308644 -0.01491196  0.4496733 ]
 [ 0.13605636 -0.00260204  0.10053718]
 [ 0.24813184  0.0444169   0.        ]
 [-0.02444905  0.10095422  0.6699127 ]
 [-0.14708263  0.18765828  0.3051854 ]
 [-0.4994228   0.17811811  0.15602624]
 [-0.5077872   0.23630786  0.03346705]
 [ 0.06363496  0.03168783  0.8711782 ]
 [ 0.1416855   0.05449954  1.1158257 ]
 [ 0.2624429   0.02311686  1.184694  ]
 [ 0.21852039  0.01445055  1.3026625 ]
 [ 0.09754291  0.18161494  1.0352161 ]
 [ 0.18765995  0.27434316  0.8048378 ]
 [ 0.30399373  0.26226264  0.9533998 ]
 [ 0.1531888  -0.09187239  1.1404412 ]
 [-0.10164198 -0.20956063  1.1933851 ]
 [-0.17553544 -0.23748149  0.9853246 ]]
[[ 0.          0.          0.6730721 ]
 [ 0.02741677 -0.10320184  0.6680804 ]
 [ 0.33438885  0.05850506  0.4466384 ]
 [ 0.27588338  0.11370575  0.05973548]
 [ 0.4231359   0.17690074  0.        ]
 [-0.02746794  0.10307973  0.67806196]
 [-0.14857884  0.1145311   0.2695226 ]
 [-0.58296365  0.00684607  0.25313783]
 [-0.64393073  0.0457375   0.16009903]
 [ 0.06902737  0.01920316  0.8813654 ]
 [ 0.1580266   0.02838418  1.1287824 ]
 [ 0.2816018  -0.00462431  1.1947381 ]
 [ 0.23689976 -0.01424688  1.3104111 ]
 [ 0.1057845   0.15369332  1.0456779 ]
 [ 0.15283033  0.25691497  0.81021255]
 [ 0.26868656  0.23860629  0.89622563]
 [ 0.1628636  -0.10347024  1.1391182 ]
 [-0.08712199 -0.19948208  1.1109694 ]
 [-0.15054813 -0.26632422  0.89656246]]
[[ 0.          0.          0.675417  ]
 [ 0.02797457 -0.09947924  0.67721957]
 [ 0.31514043  0.11345595  0.44131297]
 [ 0.30909455  0.19575116  0.03524798]
 [ 0.46456352  0.2583262   0.        ]
 [-0.02802484  0.09936568  0.67360747]
 [-0.09555669  0.09043625  0.25646415]
 [-0.55154467 -0.1109722   0.33927193]
 [-0.6460191  -0.08723578  0.27614772]
 [ 0.07999337  0.02083221  0.8784354 ]
 [ 0.17606765  0.01901731  1.1229432 ]
 [ 0.29734376 -0.01990512  1.1954057 ]
 [ 0.25489897 -0.02827883  1.309201  ]
 [ 0.11013507  0.14266571  1.0516143 ]
 [ 0.09541783  0.25865763  0.8294384 ]
 [ 0.24065751  0.30121297  0.8054284 ]
 [ 0.17649099 -0.10467261  1.1092583 ]
 [-0.04174885 -0.17205453  1.0124463 ]
 [-0.09693852 -0.28088227  0.80914736]]
[[ 0.          0.          0.70083654]
 [ 0.022081   -0.09822488  0.7016644 ]
 [ 0.28312993  0.11667004  0.46823817]
 [ 0.2304764   0.19986692  0.05231154]
 [ 0.38268533  0.2598631   0.        ]
 [-0.02215572  0.09808992  0.6999908 ]
 [-0.006682    0.09875765  0.28700495]
 [-0.4668783  -0.12382933  0.40510094]
 [-0.57092416 -0.12345713  0.35603365]
 [ 0.09048907  0.0193249   0.90095794]
 [ 0.1832169   0.00949189  1.1457255 ]
 [ 0.3093454  -0.0334909   1.223241  ]
 [ 0.2598142  -0.03823364  1.3333759 ]
 [ 0.11417615  0.12764871  1.0776083 ]
 [ 0.03933626  0.22169138  0.8587265 ]
 [ 0.16676067  0.29775015  0.7754549 ]
 [ 0.18185341 -0.1075305   1.1124547 ]
 [ 0.01987331 -0.16064152  0.94182515]
 [-0.01979874 -0.28776705  0.7856105 ]]
[[ 0.          0.          0.70023394]
 [ 0.01833338 -0.09722631  0.6983386 ]
 [ 0.22614312  0.10300414  0.44687015]
 [ 0.11480583  0.21007022  0.06304061]
 [ 0.24575962  0.2760206   0.        ]
 [-0.01843378  0.09708051  0.70209515]
 [ 0.09270652  0.09105477  0.32344472]
 [-0.35256842 -0.10065506  0.4379971 ]
 [-0.44706067 -0.10777685  0.34035003]
 [ 0.09660934  0.03183071  0.89904267]
 [ 0.19136906  0.02841094  1.1428947 ]
 [ 0.31386465 -0.01081195  1.2246822 ]
 [ 0.26458493 -0.01778883  1.3316146 ]
 [ 0.11889283  0.14438236  1.0728312 ]
 [ 0.00695965  0.23122865  0.8836732 ]
 [ 0.04149015  0.33303338  0.7980852 ]
 [ 0.18607393 -0.09163535  1.114562  ]
 [ 0.03263113 -0.16231002  0.9364055 ]
 [ 0.04903771 -0.2968109   0.7668487 ]]
[[ 0.          0.          0.6890555 ]
 [ 0.01434885 -0.09913829  0.67822206]
 [ 0.06878318  0.06287329  0.38732994]
 [-0.13311899  0.18840986  0.09118056]
 [-0.03510523  0.26991072  0.        ]
 [-0.01447099  0.09895452  0.69980824]
 [ 0.2586771   0.1273632   0.42538014]
 [-0.14025044  0.00222424  0.34357992]
 [-0.15216152  0.01903152  0.19350275]
 [ 0.1000128   0.03579298  0.88580376]
 [ 0.19833177  0.04140994  1.1290196 ]
 [ 0.3166377   0.00781068  1.2073134 ]
 [ 0.2673195   0.00617868  1.3171959 ]
 [ 0.11109782  0.15654549  1.0687242 ]
 [-0.07371268  0.26662043  0.98150754]
 [-0.12325996  0.38670743  0.83429766]
 [ 0.21533024 -0.09176949  1.0910447 ]
 [ 0.13802373 -0.18663779  0.8498875 ]
 [ 0.2509157  -0.14007542  0.84007156]]
[[ 0.          0.          0.6276097 ]
 [ 0.00870791 -0.1016798   0.61031544]
 [-0.08541004  0.0390124   0.31511074]
 [-0.35451138  0.15522128  0.18695295]
 [-0.33641788  0.25210476  0.06147146]
 [-0.00882847  0.10149664  0.644785  ]
 [ 0.2993662   0.1495694   0.42960373]
 [ 0.09098028  0.06704682  0.09760332]
 [ 0.19174044  0.069906    0.        ]
 [ 0.08564182  0.03592683  0.83417106]
 [ 0.16645683  0.05563045  1.0858449 ]
 [ 0.29057503  0.02314812  1.1610994 ]
 [ 0.24313714  0.02217382  1.2722244 ]
 [ 0.07582184  0.17022616  1.0346576 ]
 [-0.13579065  0.2732554   0.9931284 ]
 [-0.20024821  0.38833314  0.8142588 ]
 [ 0.21245585 -0.08990401  1.0500526 ]
 [ 0.19311595 -0.22081679  0.8096262 ]
 [ 0.29551756 -0.06090665  0.89038813]]
[[ 0.          0.          0.68250483]
 [ 0.01196774 -0.09024969  0.66435087]
 [-0.10940893 -0.02726391  0.3505085 ]
 [-0.45918986  0.06188837  0.34904408]
 [-0.5192883   0.15448129  0.26336735]
 [-0.01206959  0.09007645  0.7005302 ]
 [ 0.26963726  0.17937995  0.45680273]
 [ 0.22481126  0.11569738  0.05890656]
 [ 0.3449189   0.11660725  0.        ]
 [ 0.08445075  0.03613767  0.8887261 ]
 [ 0.16234335  0.06194559  1.1377304 ]
 [ 0.28303748  0.03754878  1.216455  ]
 [ 0.23950016  0.02791029  1.3209405 ]
 [ 0.0730267   0.17054361  1.0822465 ]
 [-0.13584562  0.2834385   1.0267886 ]
 [-0.1412012   0.4221949   0.834708  ]
 [ 0.2184017  -0.07787246  1.1062906 ]
 [ 0.19779548 -0.2216892   0.88307154]
 [ 0.30459705 -0.05345622  0.89556825]]
[[ 0.          0.          0.6890706 ]
 [ 0.01462437 -0.08294422  0.669987  ]
 [-0.07491557 -0.05558559  0.34528467]
 [-0.4679688   0.00463288  0.44202974]
 [-0.57291454  0.0854359   0.38783762]
 [-0.01470096  0.08278707  0.70804554]
 [ 0.25341332  0.22450906  0.45273033]
 [ 0.2805857   0.20622116  0.04338789]
 [ 0.4069766   0.216878    0.        ]
 [ 0.08170875  0.03192902  0.8934333 ]
 [ 0.15983242  0.06053278  1.1394188 ]
 [ 0.2713643   0.03675151  1.2247087 ]
 [ 0.22887506  0.02907896  1.3238124 ]
 [ 0.07800436  0.17015111  1.0779129 ]
 [-0.09258559  0.30875134  0.9888451 ]
 [-0.04672012  0.44076622  0.81102675]
 [ 0.21212555 -0.07929289  1.1080232 ]
 [ 0.15202019 -0.22868344  0.8996328 ]
 [ 0.279905   -0.07230708  0.8421196 ]]
[[ 0.          0.          0.7136574 ]
 [ 0.02242836 -0.08249774  0.6933821 ]
 [-0.01080791 -0.06304154  0.3673155 ]
 [-0.43296474 -0.02767965  0.5239664 ]
 [-0.5585155   0.04905     0.48658973]
 [-0.02248916  0.08234997  0.73383045]
 [ 0.22729698  0.2599572   0.47657067]
 [ 0.23099342  0.24506846  0.06182098]
 [ 0.36573324  0.28214294  0.        ]
 [ 0.0840759   0.03455321  0.91332626]
 [ 0.17014107  0.07487389  1.1552675 ]
 [ 0.27786276  0.05090803  1.2420453 ]
 [ 0.23499803  0.04103333  1.3378153 ]
 [ 0.09323213  0.18892357  1.0868948 ]
 [-0.02211657  0.3437395   0.95982176]
 [ 0.08682182  0.4832217   0.8116991 ]
 [ 0.22038022 -0.06555155  1.128945  ]
 [ 0.11510552 -0.21018825  0.9338959 ]
 [ 0.19581564 -0.10369846  0.81715363]]
[[ 0.          0.          0.73545885]
 [ 0.02798082 -0.08749275  0.716243  ]
 [ 0.09578072 -0.0426096   0.40010196]
 [-0.33659267  0.0081625   0.5756538 ]
 [-0.45225817  0.09018537  0.52709645]
 [-0.0280591   0.0873288   0.7545782 ]
 [ 0.16899884  0.25253007  0.48214   ]
 [ 0.09805582  0.21670693  0.07065719]
 [ 0.23415871  0.25207078  0.        ]
 [ 0.08868341  0.04358001  0.92989296]
 [ 0.17848344  0.09114283  1.1695995 ]
 [ 0.2854038   0.06808203  1.256098  ]
 [ 0.23765925  0.05583215  1.3524601 ]
 [ 0.10573801  0.20893407  1.0950267 ]
 [ 0.04597591  0.3592643   0.9396596 ]
 [ 0.19616048  0.4914206   0.8286315 ]
 [ 0.22447059 -0.05009615  1.1471356 ]
 [ 0.08046649 -0.18810281  0.9727732 ]
 [ 0.10141888 -0.09193356  0.83360827]]
[[ 0.          0.          0.7415313 ]
 [ 0.02828999 -0.10038186  0.72712904]
 [ 0.26485002 -0.02831823  0.44213757]
 [-0.14858139  0.01634964  0.5242895 ]
 [-0.19160599  0.08831447  0.42118573]
 [-0.02836271  0.10019492  0.7558817 ]
 [ 0.02285585  0.19086258  0.42826092]
 [-0.19331598  0.1592598   0.07445735]
 [-0.09769249  0.20513266  0.        ]
 [ 0.09144713  0.05178253  0.933733  ]
 [ 0.18797208  0.11128408  1.1708878 ]
 [ 0.29639217  0.08425102  1.249351  ]
 [ 0.24465975  0.07867032  1.3548999 ]
 [ 0.12755944  0.23803675  1.0868089 ]
 [ 0.16076866  0.3681035   0.89171433]
 [ 0.33928415  0.4099282   0.867172  ]
 [ 0.2193053  -0.03610817  1.163707  ]
 [-0.00609921 -0.13875358  1.0471916 ]
 [-0.07866433 -0.13962013  0.8624683 ]]
[[ 0.          0.          0.6253566 ]
 [ 0.01436947 -0.0994318   0.6143883 ]
 [ 0.35342714  0.00312787  0.40673316]
 [ 0.07817044  0.01908505  0.1877205 ]
 [ 0.14490363  0.07543889  0.06964684]
 [-0.0144393   0.09926826  0.6363055 ]
 [-0.0640654   0.18605812  0.2927649 ]
 [-0.38722813  0.22866714  0.09369999]
 [-0.3631305   0.2983222   0.        ]
 [ 0.07488413  0.04094565  0.82096934]
 [ 0.16760506  0.08034787  1.059858  ]
 [ 0.29080704  0.0355781   1.1244678 ]
 [ 0.24379142  0.03294206  1.2423477 ]
 [ 0.14718032  0.21158859  0.9747479 ]
 [ 0.2425127   0.3331048   0.76692265]
 [ 0.36465737  0.27719212  0.8683615 ]
 [ 0.15364206 -0.06630778  1.0778015 ]
 [-0.10884535 -0.18502149  1.1019028 ]
 [-0.1934587  -0.18739945  0.9088253 ]]
[[ 0.          0.          0.61317724]
 [ 0.00946454 -0.09642686  0.6057568 ]
 [ 0.34368628  0.02848202  0.4083578 ]
 [ 0.26628202  0.09357706  0.06813151]
 [ 0.39353758  0.15559533  0.        ]
 [-0.00949836  0.09628327  0.62059605]
 [-0.0885042   0.14217886  0.24767742]
 [-0.48281693  0.12010047  0.16987288]
 [-0.529426    0.18301111  0.08533168]
 [ 0.06129788  0.02473001  0.8157634 ]
 [ 0.14972508  0.03768715  1.0613449 ]
 [ 0.28470832 -0.01433995  1.1234202 ]
 [ 0.23629174 -0.01470679  1.2391849 ]
 [ 0.13522436  0.16382149  0.971342  ]
 [ 0.19867997  0.2646374   0.74723065]
 [ 0.31006357  0.17685957  0.8263116 ]
 [ 0.11731605 -0.09218019  1.0725772 ]
 [-0.15005827 -0.18128037  1.0629289 ]
 [-0.23703822 -0.24671873  0.86776197]]
[[ 0.          0.          0.6145755 ]
 [ 0.00454793 -0.09656823  0.6131704 ]
 [ 0.32604098  0.07079771  0.40859625]
 [ 0.33609563  0.16732734  0.0403161 ]
 [ 0.48319733  0.23031789  0.        ]
 [-0.00457273  0.09642779  0.6159838 ]
 [-0.06328861  0.09058222  0.21660966]
 [-0.49417853 -0.02233416  0.22978896]
 [-0.57867503  0.0091297   0.15405959]
 [ 0.06664141  0.02035998  0.815766  ]
 [ 0.14898555  0.01335448  1.0621942 ]
 [ 0.28144616 -0.04214528  1.129176  ]
 [ 0.22972612 -0.03964794  1.2417183 ]
 [ 0.1325839   0.13875243  0.9797764 ]
 [ 0.1593486   0.25353193  0.7516594 ]
 [ 0.3205136   0.22897841  0.73568606]
 [ 0.10625724 -0.10541964  1.0544832 ]
 [-0.14584465 -0.17192867  0.99711967]
 [-0.22057955 -0.29582322  0.79486865]]
[[ 0.00000000e+00  0.00000000e+00  6.24146104e-01]
 [ 3.62630934e-04 -9.71565396e-02  6.25002205e-01]
 [ 3.10325623e-01  1.00792050e-01  4.09246534e-01]
 [ 3.25045973e-01  2.31000364e-01  3.42093706e-02]
 [ 4.72759724e-01  2.89462566e-01  0.00000000e+00]
 [-4.00289893e-04  9.70274955e-02  6.23293102e-01]
 [ 4.21144068e-06  8.56605172e-02  2.16550440e-01]
 [-4.35618222e-01 -7.78941214e-02  2.80903220e-01]
 [-5.34451246e-01 -6.98919892e-02  2.14245200e-01]
 [ 7.97948837e-02  1.85854882e-02  8.21838975e-01]
 [ 1.63071871e-01  4.82410192e-04  1.06803966e+00]
 [ 2.90376067e-01 -5.36785722e-02  1.13910854e+00]
 [ 2.39744127e-01 -4.91091013e-02  1.25164473e+00]
 [ 1.37688100e-01  1.26140237e-01  9.92101312e-01]
 [ 1.14630505e-01  2.44914606e-01  7.67339766e-01]
 [ 2.65003443e-01  2.69064188e-01  6.69649959e-01]
 [ 1.21347725e-01 -1.13200366e-01  1.04650402e+00]
 [-1.00407451e-01 -1.59244716e-01  9.22552109e-01]
 [-1.40809327e-01 -3.05588126e-01  7.26650238e-01]]
[[ 0.          0.          0.6403829 ]
 [-0.00347379 -0.1012528   0.63987845]
 [ 0.27453366  0.08844215  0.41757983]
 [ 0.22640938  0.22728586  0.05841345]
 [ 0.36131614  0.29435635  0.        ]
 [ 0.00339612  0.10112427  0.64087695]
 [ 0.09695556  0.08864996  0.26158386]
 [-0.34623265 -0.06632745  0.34488803]
 [-0.4303741  -0.07634637  0.26728708]
 [ 0.09173143  0.02274878  0.83410084]
 [ 0.174888    0.01176602  1.0799062 ]
 [ 0.30534238 -0.0419445   1.1559119 ]
 [ 0.2520211  -0.03243703  1.2649117 ]
 [ 0.14819667  0.13712394  1.005205  ]
 [ 0.0698204   0.24707681  0.8013128 ]
 [ 0.12449133  0.27819854  0.6935878 ]
 [ 0.13109258 -0.10726124  1.0535755 ]
 [-0.03249337 -0.16895057  0.8574783 ]
 [-0.04732975 -0.31499088  0.7149823 ]]
[[ 0.0000000e+00  0.0000000e+00  6.4846563e-01]
 [-4.8720501e-03 -9.7878173e-02  6.4420402e-01]
 [ 1.2688866e-01  1.9832551e-02  3.7345678e-01]
 [-2.7656011e-02  1.7689645e-01  7.8341722e-02]
 [ 8.4296457e-02  2.4959430e-01  0.0000000e+00]
 [ 4.7805719e-03  9.7708575e-02  6.5266788e-01]
 [ 2.5825197e-01  8.0955133e-02  3.6563134e-01]
 [-1.7006105e-01 -1.9050390e-02  3.4780326e-01]
 [-1.9764802e-01 -1.9032657e-03  2.0906740e-01]
 [ 1.0066324e-01  2.9939383e-02  8.3676875e-01]
 [ 1.8440950e-01  3.1272292e-02  1.0850389e+00]
 [ 3.1275553e-01 -1.3695776e-02  1.1633840e+00]
 [ 2.5569481e-01 -4.9173832e-04  1.2711762e+00]
 [ 1.3576333e-01  1.4968726e-01  1.0168247e+00]
 [-2.3171484e-02  2.4774697e-01  8.9703792e-01]
 [-6.1287940e-02  3.1389683e-01  7.2182006e-01]
 [ 1.6441201e-01 -9.8043680e-02  1.0487134e+00]
 [ 4.2798325e-02 -1.8063203e-01  8.2990646e-01]
 [ 8.4433392e-02 -3.3693048e-01  7.6159823e-01]]
[[ 0.          0.          0.54690576]
 [-0.00901691 -0.10106215  0.53212625]
 [-0.024193    0.01751974  0.24643081]
 [-0.25481057  0.15098387  0.10500088]
 [-0.20381081  0.25606     0.        ]
 [ 0.00892628  0.1008986   0.56159025]
 [ 0.33073777  0.10714072  0.36497635]
 [ 0.03907966  0.01521492  0.10147518]
 [ 0.11899452  0.01503706  0.001737  ]
 [ 0.08525853  0.02996199  0.7460261 ]
 [ 0.16241285  0.04642144  0.99668443]
 [ 0.28940204  0.00622457  1.0735095 ]
 [ 0.23474377  0.02139854  1.1853532 ]
 [ 0.10326924  0.17343193  0.94012654]
 [-0.07794842  0.3100568   0.8728413 ]
 [-0.10549098  0.40487766  0.68139815]
 [ 0.16986373 -0.1078237   0.9597614 ]
 [ 0.11337584 -0.24375339  0.7311921 ]
 [ 0.21742094 -0.18110698  0.7808966 ]]
[[ 0.          0.          0.6044464 ]
 [-0.0050852  -0.09308538  0.58689713]
 [-0.08273181 -0.0422824   0.2947992 ]
 [-0.442854    0.02508274  0.29174066]
 [-0.4980695   0.12301219  0.20736334]
 [ 0.00499436  0.0929208   0.6218734 ]
 [ 0.32827985  0.1920634   0.42043877]
 [ 0.2515728   0.13065088  0.06964797]
 [ 0.3719588   0.13927534  0.        ]
 [ 0.07789074  0.03156868  0.803557  ]
 [ 0.14378658  0.06845954  1.0513883 ]
 [ 0.2646514   0.03183013  1.1338384 ]
 [ 0.21040662  0.03738666  1.2374638 ]
 [ 0.0848529   0.189475    0.9896754 ]
 [-0.09571792  0.32830182  0.90523124]
 [-0.08299187  0.41621864  0.7089708 ]
 [ 0.17183813 -0.08333123  1.021855  ]
 [ 0.12486809 -0.24526602  0.80980873]
 [ 0.2635352  -0.08386812  0.81187904]]
[[ 0.          0.          0.6369601 ]
 [ 0.00128261 -0.08868491  0.62074655]
 [-0.03820504 -0.0684948   0.3289485 ]
 [-0.4363898  -0.00892715  0.43862215]
 [-0.54510915  0.08570257  0.37246102]
 [-0.00135838  0.08852828  0.6530699 ]
 [ 0.28314394  0.19457452  0.4301203 ]
 [ 0.29560786  0.15663695  0.04938918]
 [ 0.42697734  0.16430807  0.        ]
 [ 0.07300469  0.03157231  0.83263916]
 [ 0.13812752  0.07340071  1.077116  ]
 [ 0.24810037  0.03556049  1.1661658 ]
 [ 0.19642043  0.04017425  1.2635827 ]
 [ 0.08577851  0.192153    1.0065901 ]
 [-0.04895964  0.3332501   0.8896662 ]
 [ 0.02364379  0.44283575  0.71731126]
 [ 0.16628158 -0.07704836  1.0487136 ]
 [ 0.08515757 -0.23175679  0.854259  ]
 [ 0.22438794 -0.0900704   0.7737911 ]]
[[ 0.          0.          0.6590558 ]
 [ 0.00893055 -0.09475546  0.6410668 ]
 [ 0.02973256 -0.08104616  0.35631084]
 [-0.40451187 -0.06909275  0.509899  ]
 [-0.5213709   0.01651096  0.4549968 ]
 [-0.009       0.09459206  0.67694944]
 [ 0.24950999  0.22008161  0.44203174]
 [ 0.22125448  0.17912549  0.04833412]
 [ 0.35799596  0.20848614  0.        ]
 [ 0.06811791  0.03717618  0.8545479 ]
 [ 0.13840598  0.08664459  1.0985264 ]
 [ 0.24838397  0.05015945  1.1863384 ]
 [ 0.19177108  0.05480599  1.2828703 ]
 [ 0.09295399  0.2139985   1.0212431 ]
 [ 0.01621899  0.36058936  0.8803463 ]
 [ 0.11790471  0.4369048   0.7415571 ]
 [ 0.16183983 -0.06764361  1.0753019 ]
 [ 0.04317814 -0.2137596   0.89021313]
 [ 0.16400465 -0.08440556  0.7667113 ]]
[[ 0.0000000e+00  0.0000000e+00  6.7428672e-01]
 [ 1.3025943e-02 -9.9416636e-02  6.5707594e-01]
 [ 1.1503947e-01 -9.1401428e-02  3.8227129e-01]
 [-3.2650915e-01 -7.9498291e-02  5.2154946e-01]
 [-4.2285150e-01  4.1353703e-04  4.5553911e-01]
 [-1.3111293e-02  9.9227235e-02  6.9140309e-01]
 [ 2.2429495e-01  2.3360309e-01  4.3821496e-01]
 [ 1.0164053e-01  1.8646094e-01  5.9437394e-02]
 [ 2.2812454e-01  2.2869712e-01  0.0000000e+00]
 [ 7.1035907e-02  3.3541411e-02  8.7077111e-01]
 [ 1.4084524e-01  9.2483282e-02  1.1151066e+00]
 [ 2.4837691e-01  5.3002656e-02  1.1978532e+00]
 [ 1.9294891e-01  5.6802928e-02  1.2979721e+00]
 [ 1.0308759e-01  2.2600427e-01  1.0355083e+00]
 [ 9.2902988e-02  4.0048116e-01  8.8757747e-01]
 [ 2.5063273e-01  5.0804132e-01  7.8944975e-01]
 [ 1.6031058e-01 -6.1246753e-02  1.0959642e+00]
 [ 1.3662621e-02 -2.0133138e-01  9.2048758e-01]
 [ 8.7305114e-02 -1.1007706e-01  7.8549153e-01]]
[[ 0.          0.          0.6779688 ]
 [ 0.01460096 -0.10478193  0.665117  ]
 [ 0.28120315 -0.0694637   0.4243709 ]
 [-0.15332867 -0.08196276  0.45595583]
 [-0.19554025 -0.02141619  0.351303  ]
 [-0.01466978  0.10457648  0.69075775]
 [ 0.12148912  0.20891595  0.3744378 ]
 [-0.12323374  0.19704148  0.08338165]
 [-0.04632074  0.25824422  0.        ]
 [ 0.07271865  0.03433658  0.8731072 ]
 [ 0.13655151  0.09572369  1.1169672 ]
 [ 0.25305867  0.05218655  1.1882148 ]
 [ 0.20008667  0.05965656  1.297487  ]
 [ 0.11370458  0.22876501  1.0333629 ]
 [ 0.15474701  0.36483818  0.8441497 ]
 [ 0.3440318   0.41803464  0.8567062 ]
 [ 0.13844636 -0.05532271  1.1169498 ]
 [-0.08319376 -0.17598473  1.0043446 ]
 [-0.04072448 -0.13350278  0.8226769 ]]
[[ 0.          0.          0.57013786]
 [ 0.00580508 -0.10793623  0.5622771 ]
 [ 0.34177384 -0.07608038  0.38522238]
 [ 0.11169855 -0.07018346  0.12092853]
 [ 0.20782971 -0.02455837  0.0250966 ]
 [-0.00586757  0.10776293  0.5779665 ]
 [ 0.05628323  0.20164326  0.21423495]
 [-0.3171774   0.23975882  0.10914463]
 [-0.3226406   0.30716842  0.        ]
 [ 0.05639262  0.02879502  0.77253634]
 [ 0.12024905  0.06517336  1.0229527 ]
 [ 0.25480092  0.00867692  1.0788012 ]
 [ 0.2050054   0.0126456   1.1988384 ]
 [ 0.12187834  0.20034719  0.94079924]
 [ 0.19365981  0.31306046  0.7278615 ]
 [ 0.3465479   0.30780685  0.82119447]
 [ 0.08020294 -0.08266321  1.0408368 ]
 [-0.18691081 -0.18157643  1.0191661 ]
 [-0.21267721 -0.18291464  0.79749167]]
[[ 0.          0.          0.5844821 ]
 [ 0.00210546 -0.10775659  0.5804608 ]
 [ 0.3034553  -0.0662355   0.38344675]
 [ 0.2956348  -0.05868638  0.02600038]
 [ 0.4466763  -0.01944602  0.        ]
 [-0.00214732  0.10758049  0.58848494]
 [ 0.08498754  0.17313513  0.2035451 ]
 [-0.33940357  0.17121689  0.18266127]
 [-0.37956125  0.22837043  0.07719755]
 [ 0.05671448  0.02781372  0.7888071 ]
 [ 0.12676556  0.04065597  1.038724  ]
 [ 0.2663304  -0.0163168   1.0979942 ]
 [ 0.21677002 -0.01258397  1.2152959 ]
 [ 0.12451866  0.17307892  0.9638135 ]
 [ 0.15766491  0.29678798  0.7417506 ]
 [ 0.30995542  0.29790306  0.75565875]
 [ 0.07679977 -0.09457436  1.0487739 ]
 [-0.19069313 -0.15161666  0.9557403 ]
 [-0.21278298 -0.24535093  0.7461077 ]]
[[ 0.          0.          0.59954554]
 [-0.00138492 -0.11008038  0.59667045]
 [ 0.28727138 -0.04170436  0.37283128]
 [ 0.3451936  -0.00746584  0.01466155]
 [ 0.506692    0.03411418  0.        ]
 [ 0.001336    0.10991193  0.6024015 ]
 [ 0.13020155  0.14950791  0.22183862]
 [-0.29193264  0.12850288  0.19357327]
 [-0.31736842  0.17360193  0.0973199 ]
 [ 0.06841541  0.02316383  0.80276376]
 [ 0.140925    0.03309786  1.0521119 ]
 [ 0.27788493 -0.02524912  1.1185672 ]
 [ 0.2279514  -0.01636863  1.2326863 ]
 [ 0.13322407  0.1640881   0.9798171 ]
 [ 0.11829255  0.27603137  0.7607901 ]
 [ 0.26412684  0.31400612  0.69684947]
 [ 0.08800587 -0.09894183  1.0528771 ]
 [-0.15998368 -0.14469635  0.9109706 ]
 [-0.16947946 -0.27256948  0.7124822 ]]
[[ 0.0000000e+00  0.0000000e+00  6.3257891e-01]
 [-5.6955218e-03 -1.1172761e-01  6.2910521e-01]
 [ 2.6737070e-01 -6.1890066e-02  3.9805871e-01]
 [ 2.4769378e-01  2.7155876e-03  4.0597022e-02]
 [ 3.9394140e-01  4.2548537e-02  0.0000000e+00]
 [ 5.6338310e-03  1.1155499e-01  6.3602358e-01]
 [ 1.9380713e-01  2.0431015e-01  2.8625733e-01]
 [-2.2126919e-01  1.9500130e-01  2.4394274e-01]
 [-2.1754971e-01  2.3487976e-01  1.2403506e-01]
 [ 7.7493623e-02  2.5623471e-02  8.3196205e-01]
 [ 1.4867644e-01  4.0508479e-02  1.0802946e+00]
 [ 2.8523818e-01 -1.5029013e-02  1.1498840e+00]
 [ 2.2837470e-01 -9.8323822e-04  1.2633172e+00]
 [ 1.3652872e-01  1.6918612e-01  1.0051775e+00]
 [ 1.0083044e-01  2.6362842e-01  7.9934084e-01]
 [ 2.0254423e-01  3.4887230e-01  7.3198891e-01]
 [ 9.3864307e-02 -9.2518181e-02  1.0731682e+00]
 [-1.3114981e-01 -1.6542859e-01  9.2605156e-01]
 [-1.3295539e-01 -3.1272829e-01  7.4873036e-01]]
[[ 0.          0.          0.6271098 ]
 [-0.01149256 -0.10655639  0.61813056]
 [ 0.22613671 -0.0537504   0.37361512]
 [ 0.18515     0.06638217  0.05368632]
 [ 0.32098702  0.11878359  0.        ]
 [ 0.01141609  0.10640298  0.6360434 ]
 [ 0.2515853   0.18234135  0.34132034]
 [-0.1361631   0.13612357  0.22763824]
 [-0.11185163  0.17020231  0.12642878]
 [ 0.07648173  0.0144029   0.82728815]
 [ 0.15000585  0.0269261   1.0751746 ]
 [ 0.28374133 -0.02291963  1.1462047 ]
 [ 0.2295551  -0.00910139  1.2583277 ]
 [ 0.1346174   0.15740949  1.0038998 ]
 [ 0.04543272  0.26719007  0.8440636 ]
 [ 0.09351552  0.31631795  0.7362344 ]
 [ 0.10292992 -0.11045444  1.0577364 ]
 [-0.07741896 -0.20280543  0.8735816 ]
 [-0.05997246 -0.3618533   0.7441138 ]]
[[ 0.          0.          0.568066  ]
 [-0.01404768 -0.10557821  0.5542474 ]
 [ 0.07974961 -0.01653799  0.29479975]
 [-0.14851461  0.10788989  0.11838737]
 [-0.06873631  0.19268253  0.01672375]
 [ 0.0139375   0.1053931   0.5817874 ]
 [ 0.3292359   0.13165224  0.3478138 ]
 [ 0.14444163  0.01699385  0.05845654]
 [ 0.24951954  0.0176155   0.        ]
 [ 0.08257289  0.01739141  0.76542014]
 [ 0.15094148  0.05035099  1.0161549 ]
 [ 0.2749383   0.00982094  1.0994095 ]
 [ 0.21187659  0.02949905  1.206276  ]
 [ 0.10623217  0.17994106  0.9524048 ]
 [-0.07883576  0.31030637  0.8767826 ]
 [-0.0793214   0.398742    0.6918241 ]
 [ 0.13698353 -0.10505253  0.99129856]
 [ 0.04685196 -0.23188885  0.77621764]
 [ 0.16247115 -0.194642    0.7771424 ]]
[[ 0.          0.          0.59413075]
 [-0.01616686 -0.09808149  0.5821248 ]
 [-0.0442766  -0.04512703  0.31591076]
 [-0.34296513  0.05806354  0.22735935]
 [-0.3398992   0.16725391  0.11333829]
 [ 0.01606617  0.09789976  0.6060206 ]
 [ 0.29968762  0.1343222   0.358547  ]
 [ 0.29272836  0.01276845  0.03066915]
 [ 0.42444953 -0.00524879  0.        ]
 [ 0.05092673  0.02168043  0.79934436]
 [ 0.08953141  0.06835303  1.0496125 ]
 [ 0.20151395  0.04522097  1.1454072 ]
 [ 0.12989676  0.06175935  1.2451696 ]
 [ 0.04175165  0.19726652  0.9789585 ]
 [-0.13443789  0.34424627  0.90406907]
 [-0.1020706   0.4116383   0.72126377]
 [ 0.09686852 -0.08831415  1.037099  ]
 [ 0.03593792 -0.24621546  0.83474624]
 [ 0.16986379 -0.1629676   0.81274545]]
[[ 0.          0.          0.62548417]
 [-0.01241696 -0.0978751   0.614064  ]
 [-0.05058701 -0.07275847  0.34232622]
 [-0.38357654 -0.00400251  0.2710215 ]
 [-0.42678696  0.104321    0.16511777]
 [ 0.01231051  0.09768756  0.6367732 ]
 [ 0.2935139   0.18714187  0.3792582 ]
 [ 0.31053948  0.09715021  0.03459078]
 [ 0.455004    0.09108007  0.        ]
 [ 0.03898371  0.02991086  0.8308965 ]
 [ 0.05963147  0.08711082  1.0809261 ]
 [ 0.16544361  0.06796116  1.1818624 ]
 [ 0.08671477  0.08689946  1.2748983 ]
 [ 0.01747706  0.21441674  0.99751437]
 [-0.119021    0.37171265  0.89484686]
 [-0.04232955  0.4292353   0.735886  ]
 [ 0.07518265 -0.06887192  1.0722451 ]
 [ 0.02086627 -0.23787786  0.8763985 ]
 [ 0.17722285 -0.14647079  0.8246755 ]]
[[ 0.          0.          0.6586042 ]
 [-0.00766853 -0.10194617  0.6498045 ]
 [ 0.01099644 -0.09288824  0.36337817]
 [-0.33858353 -0.00954574  0.32567084]
 [-0.39870256  0.09750518  0.21087334]
 [ 0.00754535  0.10173675  0.66727877]
 [ 0.28059852  0.21663503  0.41156664]
 [ 0.27768433  0.13177603  0.04579121]
 [ 0.4285348   0.12957048  0.        ]
 [ 0.04395424  0.03202288  0.86167413]
 [ 0.06108564  0.09695092  1.1098192 ]
 [ 0.16388047  0.07841313  1.2144471 ]
 [ 0.08205332  0.09949958  1.3080516 ]
 [ 0.02963202  0.22284481  1.0202794 ]
 [-0.06471212  0.39330274  0.89992446]
 [ 0.04653446  0.44496128  0.786641  ]
 [ 0.07167166 -0.05993679  1.0999067 ]
 [ 0.01191637 -0.23890352  0.91513556]
 [ 0.17552102 -0.16208085  0.86826223]]
[[ 0.          0.          0.66533524]
 [-0.00542565 -0.10916709  0.6582953 ]
 [ 0.08851573 -0.10479906  0.4073422 ]
 [-0.2750708  -0.00952435  0.37464076]
 [-0.33605868  0.11500248  0.24396425]
 [ 0.00528896  0.10892144  0.6722384 ]
 [ 0.24785587  0.2201033   0.40396684]
 [ 0.19676161  0.13067365  0.03054333]
 [ 0.34016395  0.12932366  0.        ]
 [ 0.03962222  0.03986654  0.8676407 ]
 [ 0.05913496  0.10586894  1.1183045 ]
 [ 0.16390592  0.08435851  1.2189463 ]
 [ 0.08470904  0.10800952  1.3162721 ]
 [ 0.03769635  0.23638272  1.0334282 ]
 [-0.00167878  0.40074536  0.8856313 ]
 [ 0.17301467  0.49916553  0.84663206]
 [ 0.06247211 -0.0536035   1.1101058 ]
 [-0.01682791 -0.2524603   0.9619573 ]
 [ 0.16468412 -0.16735227  0.9230305 ]]
[[ 0.00000000e+00  0.00000000e+00  7.25131392e-01]
 [-2.72970647e-04 -1.13124207e-01  7.30667353e-01]
 [ 2.97868311e-01 -1.27325028e-01  5.58035493e-01]
 [-6.70077130e-02 -5.10572940e-02  4.59944904e-01]
 [-8.82842466e-02  4.62556481e-02  3.14815342e-01]
 [ 1.59300864e-04  1.12857141e-01  7.19506741e-01]
 [ 1.06158249e-01  2.57430524e-01  3.91633570e-01]
 [-7.51669556e-02  2.12445319e-01  8.26377869e-02]
 [ 3.56075205e-02  2.54970431e-01  0.00000000e+00]
 [ 4.87176254e-02  4.65833396e-02  9.17568564e-01]
 [ 7.03646913e-02  1.14222914e-01  1.16455698e+00]
 [ 1.76814169e-01  7.59869218e-02  1.25249243e+00]
 [ 1.02146491e-01  1.10238075e-01  1.35253835e+00]
 [ 7.26382136e-02  2.44322658e-01  1.07830775e+00]
 [ 1.49833620e-01  3.79525125e-01  8.99001241e-01]
 [ 3.31794083e-01  4.13739800e-01  9.76464033e-01]
 [ 5.44672906e-02 -4.33731377e-02  1.17823696e+00]
 [-1.03049770e-01 -2.32687652e-01  1.12030339e+00]
 [ 7.73867220e-02 -1.66458130e-01  1.02624381e+00]]
[[ 0.          0.          0.6572871 ]
 [-0.00295794 -0.10056716  0.6658502 ]
 [ 0.35681844 -0.17582431  0.5549193 ]
 [ 0.11698703 -0.22266972  0.2790006 ]
 [ 0.18754902 -0.2043879   0.17702979]
 [ 0.00289249  0.10039623  0.648678  ]
 [-0.02461718  0.32837188  0.33090615]
 [-0.21747386  0.38603094  0.122666  ]
 [-0.17121041  0.44645986  0.        ]
 [ 0.03818756  0.04100238  0.84607965]
 [ 0.05740084  0.11288559  1.0881524 ]
 [ 0.15930216  0.0515328   1.169486  ]
 [ 0.0886334   0.09825295  1.2645977 ]
 [ 0.09387701  0.23222154  0.9993571 ]
 [ 0.25037163  0.3091522   0.8385239 ]
 [ 0.3586457   0.25130665  0.9611494 ]
 [ 0.00648219 -0.02544147  1.1227397 ]
 [-0.21441594 -0.16543686  1.1421523 ]
 [-0.08601052 -0.11961281  1.0456147 ]]
[[ 0.          0.          0.58900285]
 [-0.00814896 -0.09644887  0.5993738 ]
 [ 0.3527028  -0.16063385  0.47343943]
 [ 0.24476847 -0.25804904  0.14391735]
 [ 0.3540483  -0.24940053  0.10740337]
 [ 0.00807755  0.09628189  0.57861644]
 [-0.0770828   0.23047549  0.24269095]
 [-0.32541952  0.28661412  0.1042904 ]
 [-0.33560038  0.3612901   0.        ]
 [ 0.03506255  0.04244506  0.7887062 ]
 [ 0.05515886  0.1165137   1.0347581 ]
 [ 0.15397471  0.05677044  1.1173062 ]
 [ 0.08442876  0.09457487  1.2167256 ]
 [ 0.10166762  0.23220363  0.93539464]
 [ 0.2736367   0.2838741   0.74292994]
 [ 0.37401178  0.21341236  0.84689283]
 [-0.00899697 -0.02115875  1.0663593 ]
 [-0.24267352 -0.18206784  1.0953118 ]
 [-0.18859017 -0.21886107  1.063797  ]]
[[ 0.          0.          0.50628185]
 [-0.00280325 -0.09765533  0.51840514]
 [ 0.33714667 -0.11038858  0.36333787]
 [ 0.34412876 -0.22639939  0.00850192]
 [ 0.48222595 -0.19758683  0.        ]
 [ 0.0027394   0.09748504  0.4941454 ]
 [-0.10091722  0.1918492   0.11020818]
 [-0.42814976  0.13979766  0.11424524]
 [-0.4578358   0.19266513  0.05008808]
 [ 0.03443422  0.05583403  0.7131758 ]
 [ 0.047458    0.13266051  0.96262825]
 [ 0.1438418   0.08560574  1.0538595 ]
 [ 0.07329889  0.12059587  1.1505721 ]
 [ 0.08918865  0.23741663  0.86097765]
 [ 0.23492637  0.30446953  0.649403  ]
 [ 0.37295482  0.2184403   0.6640658 ]
 [-0.03079583  0.01198089  0.9842763 ]
 [-0.268991   -0.14485875  1.0263817 ]
 [-0.22117454 -0.2976631   1.1228614 ]]
[[ 0.00000000e+00  0.00000000e+00  5.51641464e-01]
 [-7.56949186e-04 -9.82083678e-02  5.64182818e-01]
 [ 3.34917963e-01 -8.82744938e-02  3.83176416e-01]
 [ 3.69569272e-01 -1.93969488e-01  0.00000000e+00]
 [ 5.35956264e-01 -1.62458479e-01  7.26443529e-03]
 [ 7.00742006e-04  9.80349034e-02  5.39087653e-01]
 [-9.98882055e-02  1.73528776e-01  1.50080502e-01]
 [-4.47288096e-01  7.89257288e-02  1.86071843e-01]
 [-5.10173917e-01  1.24136716e-01  1.61717206e-01]
 [ 2.38292143e-02  5.59979826e-02  7.61564851e-01]
 [ 2.28398629e-02  1.23205721e-01  1.01220560e+00]
 [ 1.21554658e-01  7.55662918e-02  1.10894907e+00]
 [ 5.22056445e-02  1.09867454e-01  1.20247567e+00]
 [ 5.82870841e-02  2.27444202e-01  9.11941707e-01]
 [ 1.98643863e-01  2.95087457e-01  6.97757483e-01]
 [ 3.39252859e-01  2.61560619e-01  6.55502796e-01]
 [-4.94621843e-02  7.35661387e-03  1.02388489e+00]
 [-2.69215882e-01 -1.51160568e-01  1.06583238e+00]
 [-2.79016793e-01 -3.01952928e-01  1.16435862e+00]]
[[ 0.          0.          0.5880452 ]
 [ 0.00395303 -0.09351638  0.60733205]
 [ 0.3112204  -0.04027694  0.4117421 ]
 [ 0.33799934 -0.09690535  0.00349635]
 [ 0.51047266 -0.05049157  0.        ]
 [-0.00399736  0.09335439  0.5687431 ]
 [-0.08549283  0.10292774  0.18837345]
 [-0.48530883 -0.11208385  0.28708935]
 [-0.5508374  -0.08265808  0.30271202]
 [ 0.00938979  0.04773621  0.7982187 ]
 [-0.0141444   0.10508397  1.0465851 ]
 [ 0.08274949  0.0617848   1.156348  ]
 [ 0.00374146  0.10005456  1.2418396 ]
 [ 0.01183321  0.21059114  0.9405283 ]
 [ 0.1265502   0.3103192   0.73027897]
 [ 0.21177162  0.28355253  0.675726  ]
 [-0.07853305 -0.00513506  1.0613917 ]
 [-0.29381758 -0.15814659  1.1158209 ]
 [-0.31122786 -0.33668298  1.2396734 ]]
[[ 0.          0.          0.62042123]
 [ 0.00209859 -0.09510972  0.63888717]
 [ 0.27319795 -0.04682869  0.4270382 ]
 [ 0.24052644 -0.08293414  0.02403945]
 [ 0.4003181  -0.03326744  0.        ]
 [-0.0021487   0.09494652  0.60191435]
 [-0.01645985  0.06590182  0.24016586]
 [-0.44879287 -0.15847003  0.39261347]
 [-0.53701156 -0.14373845  0.43706986]
 [-0.00389163  0.0433616   0.8358622 ]
 [-0.04407379  0.09725708  1.0816078 ]
 [ 0.05239078  0.06149656  1.1995277 ]
 [-0.03738994  0.09628654  1.2784958 ]
 [-0.03503758  0.2153163   0.9817612 ]
 [ 0.04395881  0.35017556  0.7882027 ]
 [ 0.11519918  0.35606176  0.734053  ]
 [-0.09976183 -0.01253858  1.0957165 ]
 [-0.308518   -0.15751392  1.2078345 ]
 [-0.2929639  -0.25266993  1.3589675 ]]
[[ 0.          0.          0.63577795]
 [-0.00511967 -0.09414526  0.6546507 ]
 [ 0.21297276 -0.10995409  0.40415442]
 [ 0.07115892 -0.11471897  0.05824733]
 [ 0.18407255 -0.0613324   0.        ]
 [ 0.00505304  0.09397238  0.6168461 ]
 [ 0.08210266  0.0188657   0.2927221 ]
 [-0.3970295  -0.19483143  0.41408888]
 [-0.48774123 -0.17507157  0.4159953 ]
 [-0.01548243  0.06071168  0.8423682 ]
 [-0.05077139  0.13327533  1.0858312 ]
 [ 0.04396657  0.09789604  1.2005477 ]
 [-0.04696602  0.13415283  1.2825454 ]
 [-0.05968881  0.25022405  0.9925064 ]
 [-0.02562629  0.411367    0.8305989 ]
 [ 0.05660321  0.5312678   0.8291594 ]
 [-0.10220085  0.01940116  1.1050571 ]
 [-0.27050185 -0.14404231  1.2860246 ]
 [-0.24779049 -0.18345731  1.4832668 ]]
[[ 0.00000000e+00  0.00000000e+00  5.50604463e-01]
 [-1.41314222e-02 -1.02227777e-01  5.68421781e-01]
 [ 1.85398817e-01 -1.90912470e-01  3.06010723e-01]
 [-1.28225848e-01 -1.24601364e-01  1.10282093e-01]
 [-8.99741128e-02 -5.18309474e-02  0.00000000e+00]
 [ 1.40537452e-02  1.02024823e-01  5.32706082e-01]
 [ 2.29094669e-01 -4.49833870e-02  2.92110592e-01]
 [-2.18996823e-01 -2.19423711e-01  2.28725076e-01]
 [-2.46310562e-01 -2.27129102e-01  1.85844988e-01]
 [-1.23676732e-02  5.94199002e-02  7.58132637e-01]
 [-4.44315225e-02  1.26372874e-01  1.00675058e+00]
 [ 5.81650771e-02  9.37838554e-02  1.11806405e+00]
 [-3.36329937e-02  1.30192876e-01  1.19999790e+00]
 [-6.12841100e-02  2.54037708e-01  9.25268114e-01]
 [-6.86947703e-02  4.63112086e-01  8.42198491e-01]
 [-2.66419649e-02  6.18819892e-01  9.52317119e-01]
 [-7.56326169e-02 -8.68141651e-04  1.02975273e+00]
 [-1.72546878e-01 -1.74753666e-01  1.28251529e+00]
 [-1.51222110e-01 -1.94583297e-01  1.49228191e+00]]
[[ 0.          0.          0.47128353]
 [-0.02115291 -0.10743423  0.48693776]
 [ 0.18304023 -0.23165104  0.26700693]
 [-0.24105701 -0.16386202  0.23382095]
 [-0.29595393 -0.07545558  0.12194464]
 [ 0.02105604  0.10720935  0.45550588]
 [ 0.32794905 -0.04433438  0.32750434]
 [ 0.03163831 -0.18122977  0.04032567]
 [ 0.12519729 -0.20659536  0.        ]
 [-0.01616733  0.0381183   0.6851372 ]
 [-0.03709959  0.09432736  0.9355597 ]
 [ 0.08024606  0.06728375  1.0299464 ]
 [-0.00643006  0.09544569  1.1241637 ]
 [-0.04298508  0.23106569  0.87217283]
 [-0.04723746  0.4622724   0.92061734]
 [ 0.01933764  0.61409914  1.0932813 ]
 [-0.05103831 -0.04794291  0.9508872 ]
 [-0.04970671 -0.22770095  1.1883074 ]
 [ 0.01786658 -0.20269895  1.4002061 ]]
[[ 0.          0.          0.45700932]
 [-0.02250981 -0.10366505  0.4794204 ]
 [ 0.2359691  -0.23049736  0.32632768]
 [-0.17839238 -0.19103855  0.28288716]
 [-0.21316887 -0.12142241  0.18230218]
 [ 0.02240555  0.10346376  0.4344888 ]
 [ 0.33652836 -0.08147049  0.3527276 ]
 [ 0.18379608 -0.25002965  0.        ]
 [ 0.297894   -0.28518975  0.00172737]
 [ 0.00160366  0.02872124  0.6735027 ]
 [-0.00150759  0.08192766  0.92093587]
 [ 0.11666197  0.04896748  1.0065165 ]
 [ 0.03948767  0.08172578  1.1042347 ]
 [ 0.00623236  0.2211183   0.86586344]
 [ 0.05959208  0.42758805  0.98978496]
 [ 0.15630284  0.57011366  1.1591471 ]
 [-0.0162597  -0.06696734  0.9374827 ]
 [ 0.03421643 -0.259368    1.1516063 ]
 [ 0.13624576 -0.27290374  1.3212893 ]]
[[ 0.          0.          0.43048772]
 [-0.02734761 -0.10244094  0.46282017]
 [ 0.26362637 -0.26556078  0.3668989 ]
 [-0.11668877 -0.25677827  0.23105478]
 [-0.11649215 -0.22283918  0.12237069]
 [ 0.02721525  0.10224403  0.398067  ]
 [ 0.3568138  -0.0858687   0.34433162]
 [ 0.30149162 -0.27805918  0.        ]
 [ 0.4237665  -0.31531924  0.0234395 ]
 [ 0.01223246  0.03536762  0.64327365]
 [ 0.03008404  0.08691856  0.8904937 ]
 [ 0.15586223  0.04371697  0.97566164]
 [ 0.08926276  0.07758361  1.0778893 ]
 [ 0.04832859  0.2255769   0.83889925]
 [ 0.1624154   0.35169113  0.98552   ]
 [ 0.27798843  0.45861125  1.1708425 ]
 [ 0.01011218 -0.06233892  0.91064274]
 [ 0.09447858 -0.26518983  1.0825676 ]
 [ 0.23675781 -0.29150718  1.248567  ]]
[[ 0.          0.          0.3716284 ]
 [-0.03641437 -0.09590558  0.40821546]
 [ 0.24968421 -0.3068114   0.38301495]
 [-0.02670411 -0.3952396   0.13104954]
 [ 0.02756993 -0.41667718  0.04763165]
 [ 0.03627244  0.09572673  0.3349738 ]
 [ 0.37297243 -0.09928577  0.3260964 ]
 [ 0.382407   -0.34496975  0.        ]
 [ 0.5086524  -0.39222318  0.03129005]
 [ 0.02801746  0.0274906   0.58498394]
 [ 0.062495    0.07159227  0.8285341 ]
 [ 0.18919215  0.02204978  0.9085774 ]
 [ 0.1244251   0.05326754  1.0172361 ]
 [ 0.0925061   0.20376858  0.78016204]
 [ 0.25233448  0.26212794  0.89184356]
 [ 0.38483098  0.2782501   1.0616089 ]
 [ 0.03570374 -0.07078007  0.84539807]
 [ 0.18457997 -0.2634623   0.9800206 ]
 [ 0.35598427 -0.24483156  1.127223  ]]
[[ 0.          0.          0.31437764]
 [-0.04652236 -0.0893956   0.34701905]
 [ 0.22909093 -0.34205925  0.36832452]
 [ 0.14287981 -0.49897304  0.06380376]
 [ 0.21900171 -0.53286827  0.05552018]
 [ 0.04637723  0.08926639  0.28169775]
 [ 0.37252626 -0.11234835  0.31883755]
 [ 0.45617497 -0.38144186  0.        ]
 [ 0.58147013 -0.43330634  0.05553541]
 [ 0.03674221  0.02912848  0.5245022 ]
 [ 0.10749383  0.06470776  0.7575778 ]
 [ 0.24235234  0.01301938  0.82679415]
 [ 0.18404111  0.03915715  0.9381901 ]
 [ 0.14702743  0.18825787  0.69810534]
 [ 0.34282517  0.20707017  0.75889444]
 [ 0.4923923   0.13107753  0.8679962 ]
 [ 0.06802921 -0.07079786  0.77530134]
 [ 0.26277912 -0.26515374  0.84290373]
 [ 0.44336742 -0.22574165  0.9469379 ]]
[[ 0.          0.          0.26526582]
 [-0.04875011 -0.08323097  0.2946211 ]
 [ 0.23828715 -0.34094673  0.34170213]
 [ 0.27944708 -0.553918    0.04734141]
 [ 0.3616702  -0.5974276   0.061894  ]
 [ 0.0485992   0.08309425  0.23587643]
 [ 0.35800338 -0.12508366  0.31402004]
 [ 0.5041194  -0.41236937  0.        ]
 [ 0.6256001  -0.4667039   0.06490627]
 [ 0.05087303  0.01956041  0.4766373 ]
 [ 0.14593665  0.04079953  0.7008369 ]
 [ 0.276595   -0.00771961  0.7546859 ]
 [ 0.22378874  0.01119441  0.87219846]
 [ 0.1844043   0.16155735  0.6397541 ]
 [ 0.37696338  0.21557698  0.6295033 ]
 [ 0.555001    0.12951103  0.66244686]
 [ 0.09955515 -0.08392671  0.70795107]
 [ 0.27920792 -0.2653073   0.6888877 ]
 [ 0.46795243 -0.2314471   0.7417432 ]]
[[ 0.          0.          0.22354813]
 [-0.04268135 -0.08345312  0.25306684]
 [ 0.26187712 -0.32130075  0.31229192]
 [ 0.3504306  -0.5670538   0.03556617]
 [ 0.4445275  -0.61042     0.07734574]
 [ 0.04253708  0.08332779  0.19401033]
 [ 0.35451362 -0.11285989  0.2895046 ]
 [ 0.5388161  -0.4073748   0.        ]
 [ 0.65912765 -0.4574862   0.07325251]
 [ 0.05392101  0.03162406  0.43636608]
 [ 0.15650111  0.06536904  0.6493806 ]
 [ 0.30148217  0.0127371   0.6978807 ]
 [ 0.25346035  0.03526109  0.818588  ]
 [ 0.19511938  0.18299866  0.5819473 ]
 [ 0.39489502  0.23197055  0.5439995 ]
 [ 0.542415    0.15129074  0.54788554]
 [ 0.10544889 -0.0581893   0.6582926 ]
 [ 0.25488672 -0.24201755  0.5949055 ]
 [ 0.4266541  -0.22482839  0.6011068 ]]
[[ 0.          0.          0.19283059]
 [-0.04470119 -0.07997608  0.221875  ]
 [ 0.27113503 -0.29901665  0.26797354]
 [ 0.45932937 -0.57667434  0.03144506]
 [ 0.5542821  -0.6235822   0.1135295 ]
 [ 0.04457311  0.07984355  0.16376728]
 [ 0.3494007  -0.10579227  0.25907257]
 [ 0.57203424 -0.40589562  0.        ]
 [ 0.6946373  -0.45846277  0.08925089]
 [ 0.06440206  0.03187278  0.40501213]
 [ 0.18325338  0.05936649  0.61392975]
 [ 0.33062038  0.00789088  0.65484774]
 [ 0.28813803  0.03784871  0.7715025 ]
 [ 0.21830973  0.17265084  0.5344236 ]
 [ 0.35026512  0.2676628   0.40316978]
 [ 0.45344627  0.22817945  0.2869572 ]
 [ 0.11552336 -0.0563198   0.60965896]
 [ 0.1687009  -0.22958535  0.4581692 ]
 [ 0.28403476 -0.25299442  0.3764974 ]]
[[ 0.          0.          0.17583653]
 [-0.04525181 -0.07880518  0.20279217]
 [ 0.2869467  -0.24992733  0.25697476]
 [ 0.5321427  -0.50955856  0.04961845]
 [ 0.63469285 -0.5387912   0.17942205]
 [ 0.04514255  0.07865898  0.14885813]
 [ 0.3457205  -0.11620507  0.22153357]
 [ 0.5774399  -0.42239264  0.        ]
 [ 0.6973323  -0.47800156  0.10988607]
 [ 0.05815585  0.06086655  0.38016915]
 [ 0.18388557  0.10059464  0.5906024 ]
 [ 0.34266713  0.04506662  0.6282815 ]
 [ 0.2952813   0.07776302  0.7434546 ]
 [ 0.21424705  0.20520872  0.49866036]
 [ 0.2930299   0.31876367  0.35111466]
 [ 0.36703503  0.37370992  0.24039373]
 [ 0.10240451 -0.01518947  0.5923777 ]
 [ 0.06141892 -0.19385819  0.44370136]
 [ 0.0855516  -0.30207708  0.33777896]]
[[ 0.          0.          0.16240454]
 [-0.04444742 -0.07781561  0.18600574]
 [ 0.29106817 -0.21968475  0.23450379]
 [ 0.55213165 -0.47959578  0.03337735]
 [ 0.6620794  -0.5130322   0.16867231]
 [ 0.04436261  0.07764958  0.1387684 ]
 [ 0.32593003 -0.09967753  0.20649089]
 [ 0.58223855 -0.39065674  0.        ]
 [ 0.7134274  -0.4392786   0.11631329]
 [ 0.05460191  0.08137429  0.35762298]
 [ 0.16565573  0.13768655  0.5726829 ]
 [ 0.32983074  0.08415812  0.60607827]
 [ 0.28051355  0.11243165  0.72466046]
 [ 0.19177118  0.23645976  0.47829038]
 [ 0.19544671  0.37328634  0.29743528]
 [ 0.20416795  0.4775387   0.16744   ]
 [ 0.07386196  0.02886239  0.5732199 ]
 [-0.0408057  -0.12689568  0.45090824]
 [-0.09731945 -0.23557678  0.31716627]]
[[ 0.          0.          0.15230481]
 [-0.04036784 -0.08138948  0.17485613]
 [ 0.29173577 -0.2063984   0.24742115]
 [ 0.54733294 -0.44752672  0.04013856]
 [ 0.670609   -0.48283717  0.1706144 ]
 [ 0.04027479  0.08122423  0.12971255]
 [ 0.34074107 -0.06783232  0.20253465]
 [ 0.5822725  -0.35358948  0.        ]
 [ 0.71623504 -0.39826506  0.11923444]
 [ 0.04022773  0.10101463  0.33235657]
 [ 0.12816244  0.1862281   0.53829575]
 [ 0.29554215  0.13071787  0.5704917 ]
 [ 0.24066432  0.1611188   0.69150585]
 [ 0.15052596  0.28014904  0.4485647 ]
 [ 0.11216804  0.41731957  0.27200043]
 [ 0.06676689  0.505908    0.11786173]
 [ 0.03201435  0.08019701  0.5469583 ]
 [-0.13281998 -0.05117691  0.44448835]
 [-0.24500495 -0.13323182  0.34421128]]
[[ 0.          0.          0.15204883]
 [-0.03569323 -0.0791411   0.18171392]
 [ 0.3100096  -0.18218942  0.2687051 ]
 [ 0.5180746  -0.44828403  0.05597118]
 [ 0.65275097 -0.49101022  0.15661189]
 [ 0.03560041  0.07897358  0.12233959]
 [ 0.3480295  -0.04978365  0.22007921]
 [ 0.53690374 -0.35227197  0.        ]
 [ 0.68097156 -0.39423877  0.08771728]
 [ 0.03082811  0.10860129  0.318303  ]
 [ 0.09255911  0.22706077  0.5100497 ]
 [ 0.2552157   0.17774042  0.54225534]
 [ 0.20320724  0.2115528   0.6557708 ]
 [ 0.11839352  0.31420535  0.41512614]
 [ 0.07943466  0.46447062  0.24130774]
 [ 0.02470028  0.56855965  0.08434939]
 [-0.00455667  0.12503323  0.5263168 ]
 [-0.19590786 -0.00827873  0.45617366]
 [-0.34294897 -0.10576344  0.3635413 ]]
[[ 0.          0.          0.14276335]
 [-0.03221212 -0.07749056  0.1814463 ]
 [ 0.33467504 -0.18429837  0.2775722 ]
 [ 0.46378565 -0.48406383  0.07404056]
 [ 0.5907073  -0.5172974   0.15360111]
 [ 0.03213369  0.07733388  0.10403448]
 [ 0.36660415 -0.04336554  0.2117415 ]
 [ 0.48696995 -0.37740597  0.        ]
 [ 0.6193062  -0.41955432  0.08130354]
 [-0.00711509  0.13673533  0.28737944]
 [ 0.04000684  0.28282535  0.45886084]
 [ 0.20084684  0.24238706  0.49133718]
 [ 0.14371645  0.27960658  0.5991356 ]
 [ 0.0642723   0.36620265  0.3594425 ]
 [ 0.03398228  0.49988216  0.19398305]
 [-0.01039341  0.5831195   0.04795784]
 [-0.05221409  0.17802748  0.47870502]
 [-0.2595536   0.04095301  0.4629046 ]
 [-0.40354016 -0.03993502  0.43958637]]
[[ 0.          0.          0.10831615]
 [-0.02800598 -0.07310717  0.15666167]
 [ 0.3514188  -0.17178348  0.29889965]
 [ 0.37170333 -0.48397863  0.09997958]
 [ 0.50267506 -0.5078492   0.14439699]
 [ 0.02792758  0.07296868  0.05991685]
 [ 0.3997512  -0.02527042  0.18589559]
 [ 0.41041285 -0.38032913  0.        ]
 [ 0.5253665  -0.4250452   0.04357882]
 [-0.03303041  0.15188119  0.22223207]
 [-0.03284664  0.33828813  0.37085935]
 [ 0.11846725  0.3094756   0.40860823]
 [ 0.04496699  0.35124642  0.51150846]
 [-0.00969954  0.419237    0.2694417 ]
 [ 0.0066613   0.53392696  0.14819047]
 [ 0.02447531  0.6004163   0.06197715]
 [-0.1107986   0.22655636  0.40104514]
 [-0.31411168  0.07039529  0.48785007]
 [-0.44569224 -0.0031904   0.56680834]]
[[ 0.          0.          0.10793236]
 [-0.02455807 -0.0692876   0.15940708]
 [ 0.36893505 -0.16888097  0.32901582]
 [ 0.32813573 -0.47174814  0.12960339]
 [ 0.44857275 -0.4895371   0.1864439 ]
 [ 0.02448253  0.06918275  0.05640842]
 [ 0.3953332  -0.02808893  0.1448656 ]
 [ 0.38232547 -0.38897324  0.        ]
 [ 0.47863036 -0.43614218  0.05457397]
 [-0.04903887  0.16437092  0.19845319]
 [-0.07787439  0.37622678  0.32222912]
 [ 0.04832587  0.36345428  0.36778566]
 [-0.03405672  0.40725628  0.46414933]
 [-0.0578416   0.44965523  0.22312626]
 [ 0.04701202  0.54418826  0.14055488]
 [ 0.1350041   0.64428705  0.12917241]
 [-0.13662712  0.25944334  0.37025648]
 [-0.2709585   0.06505144  0.4905999 ]
 [-0.32889083 -0.01218683  0.6213852 ]]
[[ 0.00000000e+00  0.00000000e+00  1.17553756e-01]
 [-2.18660440e-02 -5.93764335e-02  1.74464732e-01]
 [ 3.83732557e-01 -1.53105706e-01  3.18258286e-01]
 [ 3.58161211e-01 -5.14977574e-01  1.66658863e-01]
 [ 4.80940878e-01 -5.30807376e-01  2.02519432e-01]
 [ 2.17832029e-02  5.92888966e-02  6.05934560e-02]
 [ 3.91272306e-01  3.27929854e-04  7.08250999e-02]
 [ 4.22844112e-01 -3.59898150e-01  0.00000000e+00]
 [ 5.29777706e-01 -3.99649620e-01  4.25867438e-02]
 [-6.03619963e-02  1.72554538e-01  1.90494865e-01]
 [-1.09088510e-01  3.92402947e-01  2.96439946e-01]
 [ 2.45809555e-03  4.03129280e-01  3.33757937e-01]
 [-7.49006867e-02  4.48428065e-01  4.23178792e-01]
 [-9.50225890e-02  4.54546273e-01  1.90593138e-01]
 [ 5.45088127e-02  5.22494376e-01  1.11792311e-01]
 [ 1.70467675e-01  5.99538088e-01  1.27923295e-01]
 [-1.41027197e-01  2.74506211e-01  3.61115038e-01]
 [-1.55664384e-01  3.95394862e-02  4.32633638e-01]
 [-1.54488787e-01 -5.71255982e-02  5.02857506e-01]]
[[ 0.          0.          0.12395349]
 [-0.0131573  -0.04476201  0.18882081]
 [ 0.37627125 -0.13230684  0.2732886 ]
 [ 0.47848523 -0.53306943  0.21091369]
 [ 0.5979184  -0.53136057  0.23443498]
 [ 0.01311719  0.04469796  0.05904502]
 [ 0.39458013  0.06190045  0.05149293]
 [ 0.48656487 -0.28160575  0.        ]
 [ 0.6207721  -0.29835254  0.03904588]
 [-0.05952482  0.17998159  0.19540426]
 [-0.12359527  0.391353    0.29290614]
 [-0.01672721  0.4163679   0.31638774]
 [-0.09403652  0.46407396  0.402516  ]
 [-0.12857315  0.43874335  0.1924077 ]
 [ 0.017463    0.48840004  0.10082123]
 [ 0.16898227  0.57093704  0.12105224]
 [-0.1239602   0.2821758   0.3561899 ]
 [-0.06010401  0.06445855  0.39390862]
 [-0.00522224 -0.02786869  0.39942896]]
[[ 0.          0.          0.12886085]
 [-0.00501244 -0.02111774  0.20108135]
 [ 0.36520284 -0.07347312  0.254008  ]
 [ 0.5928395  -0.48143727  0.24638554]
 [ 0.7127539  -0.47031006  0.23748922]
 [ 0.00494678  0.02106337  0.05658435]
 [ 0.3677349   0.09275974  0.02009721]
 [ 0.46687728 -0.25794172  0.        ]
 [ 0.6173631  -0.26484305  0.03463538]
 [-0.04460941  0.17681289  0.19313651]
 [-0.11796081  0.38754678  0.27926463]
 [-0.02782261  0.4179681   0.29099977]
 [-0.10335758  0.4643281   0.37867427]
 [-0.13340878  0.41570133  0.18387447]
 [ 0.01557361  0.48157883  0.08095752]
 [ 0.19135116  0.55497766  0.0947227 ]
 [-0.08939272  0.2923846   0.3506447 ]
 [ 0.11527984  0.17571792  0.33946759]
 [ 0.25094044  0.24358128  0.3058411 ]]
[[ 0.          0.          0.14165492]
 [ 0.00423972 -0.00940539  0.21767595]
 [ 0.35128364 -0.02662963  0.23153804]
 [ 0.6062311  -0.4262518   0.24205749]
 [ 0.7141189  -0.4160789   0.21038952]
 [-0.00430538  0.00936381  0.06557629]
 [ 0.33013487  0.115131    0.00282188]
 [ 0.41297138 -0.23449773  0.        ]
 [ 0.57436585 -0.24307337  0.03022648]
 [-0.03477302  0.18798913  0.20232368]
 [-0.10589781  0.404319    0.28728747]
 [-0.02352609  0.45011228  0.28319573]
 [-0.0930593   0.48428497  0.38168818]
 [-0.14012113  0.4201588   0.1872514 ]
 [-0.01382814  0.47824624  0.06585966]
 [ 0.1399033   0.52108383  0.04246743]
 [-0.05180264  0.31801456  0.35148627]
 [ 0.1831528   0.2509044   0.3140123 ]
 [ 0.2862212   0.36191997  0.25215602]]
[[ 0.          0.          0.19478054]
 [ 0.01253849 -0.00221068  0.27271324]
 [ 0.34265852  0.03561931  0.23980132]
 [ 0.6258875  -0.36695203  0.23772867]
 [ 0.7331403  -0.35788503  0.19758157]
 [-0.01260279  0.00215857  0.11679451]
 [ 0.25943822  0.14049833  0.        ]
 [ 0.36970872 -0.19092923  0.03647034]
 [ 0.53381884 -0.20185006  0.0464205 ]
 [-0.04157011  0.19232693  0.25542575]
 [-0.11138207  0.40491283  0.33819002]
 [-0.04267105  0.46063128  0.33977383]
 [-0.1095314   0.48612064  0.4384091 ]
 [-0.15573266  0.41333205  0.24071582]
 [-0.04974934  0.46486673  0.08985253]
 [ 0.09409519  0.4938158   0.04269932]
 [-0.04308334  0.32339972  0.3981998 ]
 [ 0.19922149  0.2677817   0.31837988]
 [ 0.3036881   0.38413858  0.22176175]]
[[ 0.          0.          0.21995465]
 [ 0.02235437  0.00077741  0.29597306]
 [ 0.32761657  0.09233981  0.22582398]
 [ 0.6284671  -0.30990458  0.21548262]
 [ 0.7282604  -0.3017553   0.16744202]
 [-0.02242485 -0.00083106  0.14388186]
 [ 0.2140778   0.16462998  0.        ]
 [ 0.3499502  -0.15134668  0.04532205]
 [ 0.5082712  -0.15468866  0.042815  ]
 [-0.04289229  0.19416568  0.28416288]
 [-0.11761934  0.39964384  0.3728603 ]
 [-0.05660775  0.46302998  0.3802262 ]
 [-0.11716098  0.48165584  0.47877413]
 [-0.17026085  0.4040897   0.2745437 ]
 [-0.09207958  0.46052217  0.10599305]
 [ 0.04485941  0.4555751   0.02182165]
 [-0.03774136  0.32558712  0.42696542]
 [ 0.20547464  0.29442668  0.31840765]
 [ 0.2921034   0.4273777   0.18002059]]
[[ 0.0000000e+00  0.0000000e+00  2.6523364e-01]
 [ 3.3497430e-02  5.2929670e-04  3.3707091e-01]
 [ 3.2219625e-01  1.4856818e-01  2.4271144e-01]
 [ 6.1250281e-01 -2.5002876e-01  2.0254433e-01]
 [ 7.1148026e-01 -2.2863939e-01  1.3624549e-01]
 [-3.3573538e-02 -5.9340894e-04  1.9333747e-01]
 [ 1.7923439e-01  1.6945222e-01  0.0000000e+00]
 [ 3.0581653e-01 -1.4098346e-01  5.9213832e-02]
 [ 4.3291456e-01 -1.3994795e-01  4.0556788e-02]
 [-4.1689157e-02  1.9891912e-01  3.3743095e-01]
 [-1.1481905e-01  4.0596688e-01  4.3264484e-01]
 [-7.0011467e-02  4.7403246e-01  4.5267656e-01]
 [-1.2081480e-01  4.8606324e-01  5.4968548e-01]
 [-1.7838472e-01  4.0359721e-01  3.3613637e-01]
 [-1.3082212e-01  4.5136404e-01  1.5023753e-01]
 [-6.9576651e-03  4.8787594e-01  4.2539716e-02]
 [-2.4228334e-02  3.4128526e-01  4.7962418e-01]
 [ 2.1547943e-01  3.4575754e-01  3.4243059e-01]
 [ 2.7445775e-01  4.7890788e-01  1.7329800e-01]]
[[ 0.          0.          0.30176783]
 [ 0.04452359  0.00596265  0.3719638 ]
 [ 0.31508654  0.20505774  0.25619027]
 [ 0.58160985 -0.17167142  0.16184682]
 [ 0.67203677 -0.11346656  0.07880303]
 [-0.04461129 -0.00604869  0.2315107 ]
 [ 0.12500137  0.18367054  0.        ]
 [ 0.22765613 -0.11593325  0.07588027]
 [ 0.33020508 -0.09837654  0.03412756]
 [-0.04012096  0.20321289  0.38759315]
 [-0.11059329  0.41074663  0.50011796]
 [-0.08746266  0.49120235  0.52168083]
 [-0.12475246  0.49049366  0.62622774]
 [-0.19639483  0.39882368  0.40647423]
 [-0.1888864   0.41191947  0.20399264]
 [-0.11168405  0.4409855   0.03948054]
 [-0.0016745   0.35891643  0.53284776]
 [ 0.19173844  0.40377694  0.35611665]
 [ 0.2058569   0.5368638   0.16830721]]
[[ 0.          0.          0.34086555]
 [ 0.06032241  0.01101375  0.4072084 ]
 [ 0.29957116  0.28947112  0.2835901 ]
 [ 0.49031663 -0.06752685  0.10146432]
 [ 0.56292295  0.02070621  0.01699895]
 [-0.06042598 -0.01114275  0.2744581 ]
 [ 0.03689621  0.22094081  0.        ]
 [ 0.10065845 -0.1040031   0.09226936]
 [ 0.17685191 -0.08533749  0.0270294 ]
 [-0.04480617  0.19933201  0.44895443]
 [-0.10653675  0.39856592  0.5844385 ]
 [-0.117515    0.48494637  0.6225297 ]
 [-0.13923317  0.469294    0.7323958 ]
 [-0.21170497  0.37308735  0.5050956 ]
 [-0.24225879  0.33779597  0.28067198]
 [-0.22568157  0.356659    0.06842601]
 [ 0.01542473  0.3708988   0.59684896]
 [ 0.12732582  0.4434982   0.3863977 ]
 [ 0.10366509  0.58292603  0.18905854]]
[[ 0.          0.          0.37034664]
 [ 0.07415426  0.01732446  0.42841032]
 [ 0.30170074  0.3246848   0.3071773 ]
 [ 0.39516217 -0.00948387  0.08767483]
 [ 0.45886087  0.08944577  0.        ]
 [-0.07425083 -0.01750295  0.31220517]
 [-0.04928423  0.26250237  0.02702865]
 [ 0.02631506 -0.11465642  0.12065461]
 [ 0.09409592 -0.09665793  0.045306  ]
 [-0.04261761  0.18396926  0.50385225]
 [-0.10248145  0.3613279   0.67109984]
 [-0.14743692  0.4405307   0.7206186 ]
 [-0.14518559  0.41932875  0.8283982 ]
 [-0.22127181  0.32617134  0.5950765 ]
 [-0.27143225  0.2928838   0.3649922 ]
 [-0.28696924  0.32030576  0.13721544]
 [ 0.02283439  0.35556895  0.66274   ]
 [ 0.07636052  0.44602972  0.43656424]
 [ 0.01722504  0.5775728   0.23607239]]
[[ 0.          0.          0.40552047]
 [ 0.08500269  0.01618826  0.45556936]
 [ 0.29488906  0.3378322   0.31904536]
 [ 0.3166017   0.00479707  0.09397465]
 [ 0.38000792  0.10949123  0.        ]
 [-0.08509631 -0.01640435  0.3553914 ]
 [-0.09422386  0.2542293   0.05034491]
 [-0.03869938 -0.15862203  0.14096257]
 [-0.00164333 -0.13849604  0.05914927]
 [-0.0456758   0.16916527  0.5554484 ]
 [-0.09636682  0.32061827  0.7435016 ]
 [-0.16308236  0.39410108  0.80663323]
 [-0.15019816  0.36516628  0.9099604 ]
 [-0.22374421  0.28156757  0.674361  ]
 [-0.28204003  0.23998407  0.44676   ]
 [-0.32247615  0.27075422  0.21092845]
 [ 0.03106497  0.32510275  0.72492015]
 [ 0.04293896  0.4353464   0.5004277 ]
 [-0.05140647  0.5711467   0.30301875]]
[[ 0.          0.          0.43977115]
 [ 0.09033026  0.01881605  0.48350728]
 [ 0.27736726  0.35232776  0.31879914]
 [ 0.26001853  0.02795899  0.09852153]
 [ 0.31113642  0.13616824  0.        ]
 [-0.09042151 -0.01904587  0.3959558 ]
 [-0.11922693  0.24983907  0.09808126]
 [-0.08345018 -0.17341892  0.15200743]
 [-0.08377711 -0.13257319  0.06160542]
 [-0.04076237  0.16160116  0.59863925]
 [-0.08453932  0.29839736  0.80190575]
 [-0.16410407  0.3665309   0.87405777]
 [-0.1362091   0.328475    0.97307575]
 [-0.21666273  0.25643545  0.7376157 ]
 [-0.27377895  0.19852303  0.5151253 ]
 [-0.331567    0.21928954  0.27142483]
 [ 0.04152405  0.30877894  0.7726989 ]
 [ 0.01714084  0.4271903   0.5466751 ]
 [-0.10274053  0.5723649   0.36481056]]
[[ 0.          0.          0.4748793 ]
 [ 0.09287079  0.02376608  0.51393443]
 [ 0.24194047  0.3625081   0.3279403 ]
 [ 0.22084719  0.03760064  0.0956777 ]
 [ 0.24842146  0.15506968  0.        ]
 [-0.09295947 -0.02401218  0.4357406 ]
 [-0.14920285  0.23041755  0.13912833]
 [-0.13039672 -0.19435376  0.14879262]
 [-0.14600979 -0.14393193  0.05723861]
 [-0.03772515  0.15945092  0.63797617]
 [-0.07451572  0.28843936  0.8505341 ]
 [-0.16206625  0.35178167  0.9306209 ]
 [-0.12512678  0.30959913  1.0279795 ]
 [-0.20652056  0.24514145  0.788357  ]
 [-0.25556365  0.18758246  0.5694002 ]
 [-0.30893633  0.20751154  0.32763574]
 [ 0.04936397  0.30319676  0.81182075]
 [-0.00420719  0.42230734  0.584509  ]
 [-0.13625446  0.56478     0.41092357]]
[[ 0.          0.          0.49479368]
 [ 0.09313996  0.03257823  0.52732235]
 [ 0.20273115  0.3750923   0.3276329 ]
 [ 0.1811806   0.04819527  0.09792462]
 [ 0.19282088  0.16921157  0.        ]
 [-0.09322791 -0.03283747  0.46218127]
 [-0.19133699  0.23735818  0.17992684]
 [-0.15659758 -0.18464196  0.13907367]
 [-0.18633814 -0.12550396  0.04959682]
 [-0.03849488  0.15326121  0.6650994 ]
 [-0.07618326  0.269117    0.887977  ]
 [-0.17160344  0.3290977   0.9725393 ]
 [-0.11944985  0.28223836  1.0664204 ]
 [-0.20418912  0.22347623  0.8263117 ]
 [-0.24740428  0.1796969   0.6068339 ]
 [-0.2906272   0.18766189  0.36691898]
 [ 0.04533616  0.29007697  0.8421179 ]
 [-0.02422352  0.4068842   0.61390555]
 [-0.16594398  0.5430813   0.44041947]]
[[ 0.          0.          0.5107247 ]
 [ 0.09410805  0.03809999  0.53963137]
 [ 0.16585378  0.3847996   0.3225115 ]
 [ 0.15170144  0.05032167  0.10107085]
 [ 0.14873695  0.17358646  0.        ]
 [-0.09419718 -0.03836907  0.4817334 ]
 [-0.22252637  0.23178673  0.20589986]
 [-0.19227323 -0.18061072  0.13301414]
 [-0.23493424 -0.11786366  0.04093018]
 [-0.03856564  0.1463289   0.68668044]
 [-0.0753673   0.24990934  0.917995  ]
 [-0.17737386  0.3087215   1.0038978 ]
 [-0.119095    0.26019746  1.0957704 ]
 [-0.19971198  0.20254362  0.8589399 ]
 [-0.23327953  0.16850302  0.6366961 ]
 [-0.27488124  0.1619138   0.40019843]
 [ 0.0443504   0.2767975   0.8674867 ]
 [-0.03438142  0.38886577  0.6365237 ]
 [-0.18928218  0.513807    0.46536857]]
[[ 0.          0.          0.5240476 ]
 [ 0.09471725  0.04218153  0.55105966]
 [ 0.14129648  0.38976806  0.31469026]
 [ 0.13679348  0.05226916  0.10415751]
 [ 0.12360488  0.1752547   0.        ]
 [-0.09480631 -0.04245133  0.4969511 ]
 [-0.23783886  0.22651234  0.23003942]
 [-0.20759006 -0.16957086  0.1223585 ]
 [-0.26416725 -0.09674099  0.03118548]
 [-0.03637888  0.14402986  0.7017411 ]
 [-0.07370995  0.23943561  0.93674266]
 [-0.1777339   0.29690152  1.0246701 ]
 [-0.11484215  0.24573946  1.114394  ]
 [-0.1959899   0.18852028  0.8773411 ]
 [-0.22645807  0.15051736  0.6540429 ]
 [-0.26396412  0.1315765   0.41629332]
 [ 0.04522838  0.27026218  0.8835416 ]
 [-0.03651273  0.3811178   0.65159905]
 [-0.20218003  0.49820963  0.48568657]]
[[ 0.          0.          0.5378244 ]
 [ 0.09508458  0.04270541  0.56485087]
 [ 0.1251838   0.3882076   0.314105  ]
 [ 0.13274693  0.05060595  0.10109013]
 [ 0.11027671  0.1756514   0.        ]
 [-0.09517379 -0.04297189  0.5107139 ]
 [-0.24992669  0.21159993  0.2498306 ]
 [-0.21935922 -0.1753304   0.12090909]
 [-0.28139582 -0.09731662  0.02510566]
 [-0.03491328  0.14477228  0.7148515 ]
 [-0.07036328  0.23594093  0.95149434]
 [-0.17455652  0.29333204  1.0416706 ]
 [-0.11180019  0.23967522  1.1305338 ]
 [-0.19274545  0.18544164  0.89168775]
 [-0.21953684  0.14000875  0.66720074]
 [-0.25241458  0.11156069  0.43055877]
 [ 0.04755598  0.26610315  0.89501166]
 [-0.03872338  0.37495065  0.66476774]
 [-0.20746893  0.48835117  0.50206137]]
