[[ 0.          0.          0.7827844 ]
 [ 0.03239509 -0.08721467  0.7671806 ]
 [-0.09583345 -0.05842513  0.41289264]
 [-0.46154833 -0.01350163  0.6424092 ]
 [-0.6075051   0.05003543  0.6090797 ]
 [-0.03241047  0.0870856   0.7983339 ]
 [ 0.18175885  0.14769414  0.48000792]
 [ 0.1120568   0.07862639  0.05666888]
 [ 0.2669732   0.1018725   0.        ]
 [ 0.11551277  0.06458893  0.9751998 ]
 [ 0.24913993  0.13049251  1.1830027 ]
 [ 0.37646446  0.12234724  1.1752334 ]
 [ 0.38389444  0.12763932  1.2888021 ]
 [ 0.14884154  0.23216966  1.1496344 ]
 [-0.01926187  0.3600338   1.0789789 ]
 [ 0.05367806  0.44674215  0.8681425 ]
 [ 0.2990545  -0.01126868  1.1675776 ]
 [ 0.16826613 -0.20943573  1.0298603 ]
 [ 0.14760709 -0.24041124  0.83329505]]
[[ 0.          0.          0.7813812 ]
 [ 0.04214098 -0.08663921  0.76419955]
 [-0.0268784  -0.04172942  0.4053441 ]
 [-0.42001143 -0.02733117  0.6517352 ]
 [-0.56586194  0.0280472   0.62309396]
 [-0.04216588  0.08649735  0.7985099 ]
 [ 0.13089028  0.13100398  0.47003216]
 [ 0.01077432  0.04331797  0.0622701 ]
 [ 0.1584861   0.07659465  0.        ]
 [ 0.11353514  0.06279023  0.97401845]
 [ 0.24702302  0.12565094  1.1835946 ]
 [ 0.3765393   0.11329466  1.1768781 ]
 [ 0.38298085  0.11891228  1.2915423 ]
 [ 0.14693758  0.22988907  1.1478779 ]
 [ 0.02177416  0.36246452  1.0428047 ]
 [ 0.12384306  0.4413938   0.8537278 ]
 [ 0.3002897  -0.0143007   1.1657507 ]
 [ 0.15091272 -0.20025006  1.0396183 ]
 [ 0.10161948 -0.23102023  0.8473835 ]]
[[ 0.          0.          0.7695868 ]
 [ 0.04625706 -0.09298331  0.75403214]
 [ 0.12118694 -0.02608195  0.4048471 ]
 [-0.29100174 -0.00378346  0.60805655]
 [-0.39316908  0.05691773  0.55316854]
 [-0.0462883   0.09281385  0.78511703]
 [ 0.03702501  0.10828294  0.43286958]
 [-0.1808862  -0.0175789   0.08560145]
 [-0.0580648   0.03163397  0.        ]
 [ 0.11161561  0.05635406  0.96399784]
 [ 0.24569696  0.10965872  1.177016  ]
 [ 0.37303242  0.09053937  1.1742978 ]
 [ 0.373141    0.0955407   1.2907133 ]
 [ 0.15055767  0.22472894  1.139308  ]
 [ 0.11946515  0.36368835  0.98271906]
 [ 0.29447627  0.44084942  0.8757254 ]
 [ 0.29064673 -0.02958664  1.1557735 ]
 [ 0.09037705 -0.1886205   1.0725949 ]
 [-0.01442979 -0.26811904  0.8958484 ]]
[[ 0.          0.          0.69602954]
 [ 0.04096855 -0.09541318  0.68210626]
 [ 0.26759744 -0.0053632   0.38109338]
 [-0.1167585  -0.01773113  0.37137806]
 [-0.12698351  0.03233889  0.23878813]
 [-0.04100403  0.09522919  0.7099429 ]
 [-0.1020593   0.11693174  0.34829578]
 [-0.3691715   0.03148818  0.11844552]
 [-0.27846888  0.09175766  0.        ]
 [ 0.10243277  0.05495287  0.8919618 ]
 [ 0.23801644  0.11202496  1.1019592 ]
 [ 0.36713713  0.09130126  1.1008766 ]
 [ 0.3713241   0.08833295  1.2215662 ]
 [ 0.16179538  0.22948104  1.0701716 ]
 [ 0.20027591  0.31414014  0.85795164]
 [ 0.35760295  0.30500975  0.9139535 ]
 [ 0.2625646  -0.03026327  1.0864973 ]
 [ 0.03667523 -0.17665082  1.1225772 ]
 [-0.08370938 -0.23879978  0.98769295]]
[[ 0.          0.          0.6653402 ]
 [ 0.03565757 -0.09736791  0.65912527]
 [ 0.33853027  0.06188484  0.40199894]
 [ 0.0930915   0.06224084  0.12399065]
 [ 0.20054242  0.11564475  0.        ]
 [-0.03566487  0.09724264  0.67154473]
 [-0.20721719  0.05118746  0.30504915]
 [-0.5620942  -0.06041968  0.20897943]
 [-0.56566256 -0.01429391  0.09781021]
 [ 0.1006083   0.04403715  0.8631519 ]
 [ 0.23412992  0.06735289  1.0770342 ]
 [ 0.37424994  0.04624364  1.0740659 ]
 [ 0.3764702   0.03256994  1.1952894 ]
 [ 0.16997063  0.1924524   1.052985  ]
 [ 0.19768745  0.31747526  0.83203673]
 [ 0.36188388  0.30833435  0.9257088 ]
 [ 0.2310095  -0.06950906  1.0547417 ]
 [-0.00687305 -0.21319881  1.1306876 ]
 [-0.04076521 -0.21774442  0.9388659 ]]
[[ 0.          0.          0.6822124 ]
 [ 0.031977   -0.09952889  0.6800056 ]
 [ 0.34405923  0.09720792  0.42685995]
 [ 0.21911865  0.15048417  0.06477106]
 [ 0.35703987  0.21523917  0.        ]
 [-0.03197827  0.09943686  0.68441886]
 [-0.16925125  0.04451889  0.28695494]
 [-0.59055537 -0.12003669  0.3094055 ]
 [-0.6349601  -0.09773168  0.2190187 ]
 [ 0.10584489  0.02613999  0.8815815 ]
 [ 0.24165428  0.0240871   1.0971963 ]
 [ 0.38300782 -0.01020193  1.0998541 ]
 [ 0.38330323 -0.01959026  1.2214041 ]
 [ 0.17415768  0.1516549   1.0768852 ]
 [ 0.16324398  0.31266913  0.8771888 ]
 [ 0.34384447  0.32816124  0.8904424 ]
 [ 0.22964832 -0.10637087  1.0639193 ]
 [-0.00480109 -0.23099492  1.0457877 ]
 [-0.05000454 -0.29453358  0.8603344 ]]
[[ 0.          0.          0.69181615]
 [ 0.03133028 -0.0946103   0.6919449 ]
 [ 0.31978554  0.12846622  0.44444138]
 [ 0.24849996  0.21066964  0.04549462]
 [ 0.3919537   0.26347667  0.        ]
 [-0.03135183  0.0945254   0.69168323]
 [-0.09723341  0.0484519   0.2904917 ]
 [-0.5424527  -0.21115062  0.39739364]
 [-0.6391912  -0.20126313  0.35401666]
 [ 0.10765497  0.01021068  0.8897257 ]
 [ 0.23739034 -0.01243916  1.1061879 ]
 [ 0.37862074 -0.05550477  1.1094371 ]
 [ 0.37584686 -0.06359598  1.230593  ]
 [ 0.17105776  0.11022666  1.0926328 ]
 [ 0.10403082  0.2726623   0.9262153 ]
 [ 0.26656902  0.35394305  0.86766684]
 [ 0.21808523 -0.13199566  1.0592866 ]
 [ 0.02566703 -0.24791673  0.9567219 ]
 [-0.00809445 -0.32495093  0.7845574 ]]
[[ 0.          0.          0.7139342 ]
 [ 0.02872049 -0.10214929  0.7135312 ]
 [ 0.28049654  0.13262323  0.46271843]
 [ 0.15815818  0.21824071  0.06034559]
 [ 0.32614127  0.27035734  0.        ]
 [-0.02877456  0.10205796  0.7143321 ]
 [-0.00961422  0.07194722  0.3186873 ]
 [-0.45992628 -0.17889765  0.46611184]
 [-0.55583125 -0.1785576   0.42163795]
 [ 0.12003483  0.01510169  0.9119029 ]
 [ 0.25674856 -0.00945872  1.1299338 ]
 [ 0.39987692 -0.05698904  1.1335654 ]
 [ 0.39725542 -0.06601977  1.2539937 ]
 [ 0.18196875  0.10912985  1.1192212 ]
 [ 0.04146004  0.22202332  0.98223764]
 [ 0.07747297  0.32196254  0.8860246 ]
 [ 0.23855507 -0.1315611   1.0775628 ]
 [ 0.07047859 -0.2564218   0.96353054]
 [ 0.07822798 -0.33521643  0.8089614 ]]
[[ 0.00000000e+00  0.00000000e+00  6.93263531e-01]
 [ 2.82646716e-02 -9.92060602e-02  6.91967130e-01]
 [ 2.05277920e-01  9.33499634e-02  4.25062120e-01]
 [ 5.14814183e-02  2.09610105e-01  6.59817457e-02]
 [ 1.95800439e-01  2.67780691e-01  0.00000000e+00]
 [-2.83493251e-02  9.90841612e-02  6.94539368e-01]
 [ 1.09250739e-01  9.34095085e-02  3.35878968e-01]
 [-3.36588770e-01 -1.25075132e-01  4.51381743e-01]
 [-4.29359853e-01 -1.10158324e-01  3.70589048e-01]
 [ 1.21328250e-01  1.88568830e-02  8.92185867e-01]
 [ 2.54825115e-01 -9.36836004e-04  1.11572337e+00]
 [ 3.95174921e-01 -4.14867103e-02  1.12038445e+00]
 [ 3.89821887e-01 -5.31241596e-02  1.24136972e+00]
 [ 1.72660887e-01  1.09275073e-01  1.10124183e+00]
 [-2.50737518e-02  1.73751801e-01  1.00985122e+00]
 [-3.56335491e-02  2.91025132e-01  9.06153798e-01]
 [ 2.45662093e-01 -1.21735007e-01  1.05815375e+00]
 [ 1.16077811e-01 -2.23270506e-01  8.89378786e-01]
 [ 1.84368104e-01 -2.54607528e-01  8.08006585e-01]]
[[ 0.          0.          0.6488703 ]
 [ 0.01878772 -0.10326471  0.63930696]
 [ 0.05278632  0.02295014  0.35780722]
 [-0.16204363  0.17666513  0.12145382]
 [-0.07231557  0.24737203  0.        ]
 [-0.01893136  0.10310394  0.65836453]
 [ 0.22682396  0.08154099  0.3615825 ]
 [-0.17184477 -0.06888536  0.2929781 ]
 [-0.19368228 -0.04135478  0.14393902]
 [ 0.11583707  0.0202221   0.8483743 ]
 [ 0.24628209  0.01094839  1.0764339 ]
 [ 0.38232866 -0.03268471  1.0832855 ]
 [ 0.37651783 -0.03992242  1.2070193 ]
 [ 0.16549225  0.12873393  1.0644749 ]
 [-0.04912513  0.2274316   1.0733435 ]
 [-0.13799769  0.32736352  0.918182  ]
 [ 0.24827528 -0.12575153  1.0203018 ]
 [ 0.17454067 -0.262416    0.8046255 ]
 [ 0.3168344  -0.16883846  0.8557748 ]]
[[ 0.          0.          0.67527825]
 [ 0.02364717 -0.10231462  0.659827  ]
 [-0.07214978  0.02788597  0.35631108]
 [-0.31853887  0.16517568  0.31764072]
 [-0.3311363   0.24639815  0.19294491]
 [-0.02377445  0.10216076  0.69062275]
 [ 0.26655766  0.12097386  0.4512445 ]
 [-0.00478162  0.00137162  0.13082993]
 [ 0.10217102  0.03495347  0.        ]
 [ 0.11138566  0.02752408  0.88075536]
 [ 0.23874187  0.04769468  1.1107339 ]
 [ 0.38751304  0.02009505  1.1146941 ]
 [ 0.3851038   0.01398069  1.2397473 ]
 [ 0.14671132  0.15989733  1.0977025 ]
 [-0.07750417  0.26940954  1.1340114 ]
 [-0.1393261   0.37319177  0.9482487 ]
 [ 0.27062106 -0.09993374  1.0619526 ]
 [ 0.20836896 -0.25929612  0.8545513 ]
 [ 0.31782907 -0.13323624  0.903741  ]]
[[ 0.          0.          0.7336513 ]
 [ 0.03092027 -0.09795686  0.716544  ]
 [-0.0879247  -0.01161075  0.39138913]
 [-0.4131049   0.0817288   0.47580543]
 [-0.4783764   0.15814725  0.391634  ]
 [-0.03102307  0.09781069  0.75065   ]
 [ 0.23031393  0.12173973  0.48334908]
 [ 0.07951491  0.03212255  0.08157802]
 [ 0.21399626  0.06300461  0.        ]
 [ 0.10663864  0.03208412  0.9392824 ]
 [ 0.22777748  0.0575248   1.1695032 ]
 [ 0.37290102  0.03413042  1.187357  ]
 [ 0.36650586  0.03242445  1.3064308 ]
 [ 0.13524896  0.17017823  1.1455616 ]
 [-0.09452778  0.29720905  1.1403853 ]
 [-0.11612332  0.3939392   0.9404106 ]
 [ 0.2678449  -0.08899415  1.1318557 ]
 [ 0.18711281 -0.27086908  0.94736195]
 [ 0.27928334 -0.17581996  0.9078048 ]]
[[ 0.          0.          0.7509726 ]
 [ 0.03443763 -0.09516285  0.73217726]
 [-0.07258295 -0.05018264  0.3790318 ]
 [-0.44394755 -0.01444367  0.54509777]
 [-0.5508172   0.05212215  0.49189162]
 [-0.0344941   0.0950302   0.7696752 ]
 [ 0.20562036  0.15855809  0.48371333]
 [ 0.10525626  0.09540313  0.06025058]
 [ 0.2518069   0.1241886   0.        ]
 [ 0.10359177  0.04460844  0.9545878 ]
 [ 0.21893135  0.07797301  1.18322   ]
 [ 0.35636097  0.05711189  1.2108941 ]
 [ 0.34973198  0.05756831  1.3240802 ]
 [ 0.12703438  0.18844092  1.150974  ]
 [-0.07399753  0.31785345  1.0902318 ]
 [-0.01688196  0.4262372   0.9073485 ]
 [ 0.26523042 -0.06600302  1.1481133 ]
 [ 0.1554649  -0.24978022  0.9943297 ]
 [ 0.19630831 -0.2317721   0.874651  ]]
[[ 0.          0.          0.7622178 ]
 [ 0.04243986 -0.09395729  0.7438298 ]
 [-0.00605235 -0.04879811  0.381339  ]
 [-0.4119562  -0.04999353  0.5815086 ]
 [-0.53699106  0.00418764  0.54506814]
 [-0.04250528  0.09381209  0.7805135 ]
 [ 0.16435668  0.17105556  0.49125051]
 [ 0.0291441   0.095119    0.07473588]
 [ 0.17224368  0.13806033  0.        ]
 [ 0.09485613  0.0434868   0.965281  ]
 [ 0.20441812  0.07909429  1.1981275 ]
 [ 0.3408507   0.05661729  1.228907  ]
 [ 0.3309311   0.05682874  1.3425653 ]
 [ 0.11400784  0.18924624  1.1554179 ]
 [-0.03291471  0.3188208   1.0475466 ]
 [ 0.07664374  0.41745922  0.89115655]
 [ 0.2536946  -0.06187367  1.1646852 ]
 [ 0.11849582 -0.23953936  1.0336424 ]
 [ 0.11862698 -0.23512025  0.89518553]]
[[ 0.          0.          0.7718304 ]
 [ 0.04363303 -0.09953333  0.75425154]
 [ 0.10555547 -0.05155116  0.3952508 ]
 [-0.3263809  -0.04744755  0.6040086 ]
 [-0.44606417  0.0118988   0.5472184 ]
 [-0.04370466  0.09935595  0.78933126]
 [ 0.08992298  0.16286129  0.47427002]
 [-0.10825756  0.06447637  0.08391291]
 [ 0.04099461  0.10682887  0.        ]
 [ 0.09504955  0.04545264  0.97490954]
 [ 0.20365216  0.08222759  1.2095323 ]
 [ 0.34207755  0.0538502   1.2383314 ]
 [ 0.32458144  0.05481547  1.3563039 ]
 [ 0.11678118  0.19781387  1.1616415 ]
 [ 0.04940082  0.32363585  1.0086386 ]
 [ 0.20512731  0.42952627  0.91922873]
 [ 0.24923381 -0.06011027  1.1769068 ]
 [ 0.07167801 -0.22436962  1.09294   ]
 [ 0.02953019 -0.2514431   0.9765974 ]]
[[ 0.00000000e+00  0.00000000e+00  7.45803714e-01]
 [ 4.03534472e-02 -1.02498360e-01  7.29612172e-01]
 [ 2.96060205e-01 -1.59165859e-02  4.14208412e-01]
 [-9.51126590e-02 -9.55349207e-03  4.51003313e-01]
 [-1.08448774e-01  3.66435051e-02  3.52274954e-01]
 [-4.04218584e-02  1.02300495e-01  7.61954665e-01]
 [-7.64733702e-02  1.09892026e-01  4.05921072e-01]
 [-3.78675103e-01  3.37686539e-02  1.18475854e-01]
 [-2.76875675e-01  8.71524811e-02  0.00000000e+00]
 [ 9.22981575e-02  4.29760218e-02  9.50373888e-01]
 [ 2.00713336e-01  7.46831894e-02  1.18399906e+00]
 [ 3.33626032e-01  4.51650321e-02  1.21121764e+00]
 [ 3.10902178e-01  4.39345837e-02  1.33278298e+00]
 [ 1.38688505e-01  2.00063616e-01  1.13349748e+00]
 [ 1.72068208e-01  3.05449575e-01  9.28626001e-01]
 [ 3.56546611e-01  3.36557746e-01  9.65030074e-01]
 [ 2.24769592e-01 -7.05122948e-02  1.16072536e+00]
 [ 1.27657503e-03 -2.16372013e-01  1.16725326e+00]
 [-8.98747593e-02 -2.79508710e-01  1.00458825e+00]]
[[ 0.0000000e+00  0.0000000e+00  6.5874964e-01]
 [ 2.3338005e-02 -1.0548020e-01  6.5089351e-01]
 [ 3.3360410e-01  6.4186454e-03  3.9643288e-01]
 [ 2.7678296e-02 -1.1573195e-02  1.5829760e-01]
 [ 1.1511934e-01  3.2346249e-02  7.3817372e-03]
 [-2.3409143e-02  1.0528952e-01  6.6657490e-01]
 [-1.7527403e-01  9.4527036e-02  3.2803246e-01]
 [-5.1188391e-01  5.0220549e-02  1.4458609e-01]
 [-4.8953125e-01  9.8816872e-02  0.0000000e+00]
 [ 7.1393564e-02  3.5301730e-02  8.7202489e-01]
 [ 1.6448419e-01  4.2656660e-02  1.1140649e+00]
 [ 3.0798146e-01  1.0037780e-02  1.1433482e+00]
 [ 2.9143050e-01  3.5512447e-04  1.2717836e+00]
 [ 1.3157757e-01  1.7449614e-01  1.0622813e+00]
 [ 1.7697150e-01  2.8474012e-01  8.3346140e-01]
 [ 3.0935705e-01  2.4665409e-01  9.5636296e-01]
 [ 1.5078291e-01 -1.0466701e-01  1.0961001e+00]
 [-7.9828516e-02 -2.5840372e-01  1.1537437e+00]
 [-1.2878856e-01 -2.9148674e-01  9.4965196e-01]]
[[ 0.          0.          0.68123317]
 [ 0.02270596 -0.10836336  0.679991  ]
 [ 0.34822053  0.0486616   0.4238132 ]
 [ 0.20884962  0.11219555  0.07836854]
 [ 0.35728714  0.16960579  0.        ]
 [-0.02275877  0.10821607  0.68246526]
 [-0.18604681  0.05731511  0.3022306 ]
 [-0.5924753  -0.05881059  0.24070787]
 [-0.6214558  -0.02195066  0.13274056]
 [ 0.07158989  0.02118245  0.89786804]
 [ 0.16620928  0.01179212  1.1427543 ]
 [ 0.3163987  -0.03029251  1.1773015 ]
 [ 0.2801967  -0.03651875  1.299744  ]
 [ 0.13033578  0.14139262  1.0917473 ]
 [ 0.13232051  0.26127112  0.8551327 ]
 [ 0.26116404  0.19981995  0.9150746 ]
 [ 0.14524437 -0.12564513  1.1175871 ]
 [-0.07939781 -0.2665763   1.0882291 ]
 [-0.1146917  -0.31175968  0.8803623 ]]
[[ 0.          0.          0.68633413]
 [ 0.0229504  -0.09968745  0.6886518 ]
 [ 0.33112356  0.10253255  0.43973795]
 [ 0.28014013  0.1979124   0.04207397]
 [ 0.4441852   0.24636239  0.        ]
 [-0.02299496  0.09955592  0.68400437]
 [-0.12900887  0.031232    0.2873086 ]
 [-0.5916066  -0.1825718   0.33345693]
 [-0.6754099  -0.16037387  0.28864658]
 [ 0.08325952  0.00877     0.8968762 ]
 [ 0.17842296 -0.02635056  1.1379232 ]
 [ 0.31666815 -0.07302931  1.175793  ]
 [ 0.2792561  -0.07526314  1.2934301 ]
 [ 0.13012327  0.09894267  1.10265   ]
 [ 0.08698647  0.25153643  0.89830714]
 [ 0.22695127  0.24897754  0.84991145]
 [ 0.15952626 -0.14297295  1.0897448 ]
 [-0.03061535 -0.2466588   0.9799754 ]
 [-0.05508528 -0.32032236  0.81480473]]
[[ 0.          0.          0.69834673]
 [ 0.01983787 -0.10110109  0.7028403 ]
 [ 0.29257336  0.10930517  0.4509185 ]
 [ 0.22388135  0.20900822  0.04728323]
 [ 0.39472306  0.25007242  0.        ]
 [-0.0199055   0.10096373  0.6938412 ]
 [-0.05836085  0.033205    0.29541796]
 [-0.5119313  -0.20163888  0.38682777]
 [-0.60954195 -0.19795272  0.347006  ]
 [ 0.08762468  0.00834109  0.9094453 ]
 [ 0.18353392 -0.03224754  1.1518486 ]
 [ 0.32271552 -0.08055356  1.1917444 ]
 [ 0.27564344 -0.07668513  1.3041047 ]
 [ 0.13748078  0.09359196  1.1121527 ]
 [ 0.0563492   0.24337904  0.93347675]
 [ 0.14678948  0.25958052  0.8170421 ]
 [ 0.15531668 -0.1494498   1.1050956 ]
 [-0.01543984 -0.24529076  0.9487909 ]
 [ 0.00537041 -0.3370456   0.7880381 ]]
[[ 0.          0.          0.7072537 ]
 [ 0.01633496 -0.10104691  0.7101735 ]
 [ 0.23067479  0.07990634  0.4473455 ]
 [ 0.09727357  0.18676394  0.06626427]
 [ 0.25737783  0.2274847   0.        ]
 [-0.01642212  0.10088298  0.70430446]
 [ 0.05486478  0.04660228  0.33092016]
 [-0.39880288 -0.1671426   0.42035252]
 [-0.48925352 -0.16676462  0.3454697 ]
 [ 0.10065789  0.01245974  0.9156012 ]
 [ 0.20426954 -0.02740318  1.1551156 ]
 [ 0.3401122  -0.0773966   1.1965476 ]
 [ 0.30619323 -0.07886517  1.3193842 ]
 [ 0.14575134  0.09250638  1.1159844 ]
 [ 0.00303907  0.2020415   0.96850634]
 [ 0.0310702   0.2725774   0.84897697]
 [ 0.17887825 -0.14718041  1.1028074 ]
 [ 0.03077351 -0.2584282   0.938059  ]
 [ 0.07659131 -0.32693732  0.80231565]]
[[ 0.00000000e+00  0.00000000e+00  6.79283798e-01]
 [ 8.54246318e-03 -1.02981620e-01  6.75044000e-01]
 [ 7.63941035e-02  1.57844722e-02  3.87953550e-01]
 [-1.11921638e-01  1.60696387e-01  1.10776544e-01]
 [-8.08894634e-04  2.15696603e-01  0.00000000e+00]
 [-8.66971910e-03  1.02783211e-01  6.83450401e-01]
 [ 2.08504170e-01  6.82872534e-02  3.77856195e-01]
 [-2.02181995e-01 -7.09863305e-02  3.44011784e-01]
 [-2.30916768e-01 -5.63667417e-02  1.98209226e-01]
 [ 1.06342599e-01  1.16994828e-02  8.85342240e-01]
 [ 2.20002383e-01 -1.62934959e-02  1.12542462e+00]
 [ 3.49590451e-01 -6.38450682e-02  1.16436911e+00]
 [ 3.12309265e-01 -6.02841377e-02  1.28566742e+00]
 [ 1.51600137e-01  1.07610315e-01  1.09641647e+00]
 [-5.35466075e-02  2.21180379e-01  1.04710722e+00]
 [-1.28118485e-01  2.56873369e-01  8.49839568e-01]
 [ 2.10780859e-01 -1.46202832e-01  1.06813002e+00]
 [ 1.24864519e-01 -2.67963886e-01  8.51337910e-01]
 [ 2.37907052e-01 -2.36043915e-01  8.56596172e-01]]
[[ 0.00000000e+00  0.00000000e+00  6.40608251e-01]
 [ 5.46019152e-03 -1.07984655e-01  6.26071811e-01]
 [-8.44960883e-02 -1.51698291e-02  3.10756981e-01]
 [-3.31561267e-01  9.26026702e-02  2.21412808e-01]
 [-3.13524336e-01  1.65314674e-01  8.94678235e-02]
 [-5.59537858e-03  1.07769683e-01  6.55022025e-01]
 [ 2.76305705e-01  1.00321561e-01  4.14040595e-01]
 [-1.84849557e-02 -4.33802605e-04  1.40147746e-01]
 [ 7.95775652e-02  1.35608912e-02  0.00000000e+00]
 [ 9.48756486e-02  6.03997707e-03  8.52761328e-01]
 [ 1.97011948e-01 -7.27790594e-03  1.09977973e+00]
 [ 3.29760998e-01 -4.30126190e-02  1.14378691e+00]
 [ 2.94624388e-01 -3.91877890e-02  1.26564217e+00]
 [ 1.22259684e-01  1.17635131e-01  1.07146955e+00]
 [-9.93478894e-02  2.41521567e-01  1.06368315e+00]
 [-1.58837140e-01  2.82999367e-01  8.52423549e-01]
 [ 2.14143783e-01 -1.50855154e-01  1.04354715e+00]
 [ 1.54335201e-01 -2.97171086e-01  8.24086428e-01]
 [ 2.81503975e-01 -1.58654228e-01  8.80697966e-01]]
[[ 0.          0.          0.71174735]
 [ 0.01608164 -0.10018026  0.6955459 ]
 [-0.0931986  -0.00258365  0.3793339 ]
 [-0.412956    0.05835211  0.40289497]
 [-0.4546055   0.1378656   0.31750724]
 [-0.01620548  0.09998103  0.72782564]
 [ 0.259732    0.11718144  0.474063  ]
 [ 0.09663217  0.00777006  0.08715254]
 [ 0.22724846  0.02501225  0.        ]
 [ 0.09136543  0.00813556  0.9242052 ]
 [ 0.19081438  0.00581944  1.172215  ]
 [ 0.32251516 -0.02296621  1.2231951 ]
 [ 0.2850154  -0.02039343  1.3417902 ]
 [ 0.11253561  0.1290159   1.1349183 ]
 [-0.10441011  0.26485085  1.1005337 ]
 [-0.11099014  0.33310947  0.8824407 ]
 [ 0.22255565 -0.13747114  1.1243654 ]
 [ 0.15659079 -0.2905537   0.9099636 ]
 [ 0.27488667 -0.16909593  0.90600914]]
[[ 0.          0.          0.72227407]
 [ 0.01998076 -0.09537397  0.7046996 ]
 [-0.09412164 -0.04791152  0.36143103]
 [-0.4682582  -0.05355504  0.47379935]
 [-0.5571524   0.02142553  0.4381466 ]
 [-0.02006138  0.09520228  0.7397399 ]
 [ 0.24998854  0.16865245  0.4731318 ]
 [ 0.16000018  0.09267104  0.05779642]
 [ 0.30315706  0.10867482  0.        ]
 [ 0.08587894  0.01230499  0.9358079 ]
 [ 0.17762764  0.01412058  1.1837327 ]
 [ 0.30278563 -0.01254541  1.2442826 ]
 [ 0.26555687 -0.00931454  1.3569003 ]
 [ 0.10236487  0.13815153  1.1376595 ]
 [-0.07734987  0.2890013   1.0556016 ]
 [-0.02329746  0.35844725  0.849697  ]
 [ 0.21635349 -0.12776753  1.139855  ]
 [ 0.12562473 -0.2882929   0.9445463 ]
 [ 0.22096556 -0.19701728  0.87169105]]
[[ 0.00000000e+00  0.00000000e+00  7.40675688e-01]
 [ 2.59812027e-02 -9.41783041e-02  7.22303033e-01]
 [-4.62441221e-02 -5.11860847e-02  3.67371082e-01]
 [-4.45218563e-01 -9.40615833e-02  5.31963527e-01]
 [-5.61169684e-01 -2.55000889e-02  5.11756659e-01]
 [-2.60654166e-02  9.39996243e-02  7.58945286e-01]
 [ 2.20143244e-01  1.97462782e-01  4.89936441e-01]
 [ 1.07936144e-01  1.18653059e-01  7.54478574e-02]
 [ 2.62217999e-01  1.43357754e-01  0.00000000e+00]
 [ 7.98654929e-02  1.42314732e-02  9.53346908e-01]
 [ 1.69080794e-01  2.40583718e-02  1.20176005e+00]
 [ 2.88397998e-01 -5.33759594e-04  1.26560140e+00]
 [ 2.47734576e-01  2.11244822e-03  1.37651038e+00]
 [ 9.68017727e-02  1.46320164e-01  1.14712167e+00]
 [-4.27858233e-02  2.94463664e-01  1.02437401e+00]
 [ 7.13703260e-02  3.66372317e-01  8.39763701e-01]
 [ 2.11257949e-01 -1.16883487e-01  1.16445184e+00]
 [ 9.76178646e-02 -2.76762605e-01  9.84172225e-01]
 [ 1.60233736e-01 -2.02241451e-01  8.57756138e-01]]
[[ 0.          0.          0.7497647 ]
 [ 0.02862208 -0.09673154  0.73277164]
 [ 0.04077435 -0.04789767  0.3777481 ]
 [-0.38423187 -0.07833767  0.5565511 ]
 [-0.5076121  -0.00680548  0.5256808 ]
 [-0.02872083  0.09652616  0.7666546 ]
 [ 0.1638788   0.17703314  0.47588265]
 [ 0.00670751  0.08410442  0.07728988]
 [ 0.15618867  0.10945278  0.        ]
 [ 0.07894924  0.02128188  0.96240115]
 [ 0.1670121   0.0368413   1.2110052 ]
 [ 0.28936332  0.00793612  1.2755076 ]
 [ 0.24812743  0.00983733  1.3877177 ]
 [ 0.09503436  0.16054285  1.1512291 ]
 [ 0.01554722  0.3145951   1.0007292 ]
 [ 0.16997015  0.39405388  0.8689945 ]
 [ 0.20933802 -0.10774162  1.1775091 ]
 [ 0.07964164 -0.27229372  1.0157225 ]
 [ 0.08069772 -0.22661056  0.894398  ]]
[[ 0.          0.          0.74344254]
 [ 0.02980094 -0.10648301  0.72886443]
 [ 0.22862391 -0.03177038  0.4029658 ]
 [-0.19864494 -0.08570287  0.47994506]
 [-0.25221887 -0.02698535  0.37748808]
 [-0.02989896  0.10624439  0.75794494]
 [ 0.00384389  0.12667543  0.41836596]
 [-0.26029193  0.0462448   0.11472619]
 [-0.15308     0.09921294  0.        ]
 [ 0.08239686  0.03217524  0.95620954]
 [ 0.17368586  0.05272645  1.2042437 ]
 [ 0.2947584   0.02005225  1.2661539 ]
 [ 0.24711907  0.01859707  1.3829026 ]
 [ 0.11878179  0.18425727  1.1408257 ]
 [ 0.13365121  0.31753182  0.9347139 ]
 [ 0.3455127   0.34850487  0.93280566]
 [ 0.20016366 -0.0989362   1.1872151 ]
 [ 0.0029813  -0.2463197   1.0913794 ]
 [-0.0648334  -0.29188123  0.91493833]]
[[ 0.          0.          0.65572697]
 [ 0.02056524 -0.10841213  0.6440159 ]
 [ 0.31536353 -0.01999462  0.37246528]
 [-0.04755467 -0.08040175  0.20741594]
 [ 0.01503664 -0.03096038  0.05836266]
 [-0.02066028  0.10816978  0.6673905 ]
 [-0.13042718  0.11969048  0.3174125 ]
 [-0.43643877  0.08559757  0.12893522]
 [-0.40840042  0.15032876  0.        ]
 [ 0.06902446  0.02295135  0.87261194]
 [ 0.15334485  0.02635702  1.1236781 ]
 [ 0.27527815 -0.00320184  1.1871693 ]
 [ 0.22360992 -0.00938845  1.3048549 ]
 [ 0.11763148  0.16123253  1.062252  ]
 [ 0.17484066  0.26733357  0.8353733 ]
 [ 0.34818235  0.28270704  0.93493867]
 [ 0.15668344 -0.12254551  1.1132636 ]
 [-0.08616392 -0.24461643  1.082742  ]
 [-0.1399006  -0.23487489  0.89953357]]
[[ 0.          0.          0.6552936 ]
 [ 0.01719227 -0.10372107  0.6525762 ]
 [ 0.3349257   0.04158507  0.41294485]
 [ 0.21949431  0.11879677  0.07747155]
 [ 0.3685993   0.18551838  0.        ]
 [-0.01724925  0.10355303  0.65799487]
 [-0.17231998  0.05679521  0.2907924 ]
 [-0.573174   -0.08583936  0.22970423]
 [-0.63681495 -0.03557444  0.15133482]
 [ 0.0656798   0.01876462  0.8725186 ]
 [ 0.15032984  0.00556856  1.1234956 ]
 [ 0.27629688 -0.02970788  1.1873524 ]
 [ 0.21687841 -0.02748585  1.30077   ]
 [ 0.12198518  0.13317436  1.0593055 ]
 [ 0.14981279  0.2510319   0.82414657]
 [ 0.31935248  0.25372475  0.89257544]
 [ 0.13019851 -0.12712058  1.111052  ]
 [-0.11748645 -0.23625657  1.0626674 ]
 [-0.10863854 -0.26267883  0.84969497]]
[[ 0.          0.          0.65329504]
 [ 0.01329888 -0.10116498  0.65477645]
 [ 0.31790656  0.08394508  0.41583395]
 [ 0.25946486  0.17583293  0.04441327]
 [ 0.42534032  0.22849122  0.        ]
 [-0.01335552  0.10100015  0.6518063 ]
 [-0.12847316  0.04226109  0.26678097]
 [-0.5585711  -0.15401152  0.2838989 ]
 [-0.64429295 -0.12322855  0.24131727]
 [ 0.06972335  0.01225647  0.86783606]
 [ 0.15281013 -0.01629046  1.1172737 ]
 [ 0.2729758  -0.05992225  1.185773  ]
 [ 0.21727529 -0.05209374  1.300507  ]
 [ 0.12380149  0.11111781  1.0578818 ]
 [ 0.12666304  0.25805503  0.8413304 ]
 [ 0.28814754  0.2579251   0.82685065]
 [ 0.12362948 -0.13784882  1.091569  ]
 [-0.08922063 -0.22900535  0.9716322 ]
 [-0.08394226 -0.30457348  0.79173416]]
[[ 0.0000000e+00  0.0000000e+00  6.6561484e-01]
 [ 9.4507858e-03 -9.9522382e-02  6.6878641e-01]
 [ 2.6982015e-01  9.4609976e-02  4.2476043e-01]
 [ 2.0953958e-01  1.9518363e-01  4.2257905e-02]
 [ 3.7873745e-01  2.3682037e-01  0.0000000e+00]
 [-9.5359273e-03  9.9351458e-02  6.6243488e-01]
 [-4.5766074e-02  5.0924689e-02  2.7333313e-01]
 [-4.7652423e-01 -1.7917663e-01  3.4553188e-01]
 [-5.8394742e-01 -1.6459844e-01  3.2715389e-01]
 [ 7.6423243e-02  7.1288347e-03  8.7925249e-01]
 [ 1.5650401e-01 -3.5371900e-02  1.1286247e+00]
 [ 2.7375090e-01 -8.2081050e-02  1.2011257e+00]
 [ 2.1486227e-01 -6.8178892e-02  1.3136792e+00]
 [ 1.2916407e-01  9.2858374e-02  1.0735887e+00]
 [ 9.3945585e-02  2.5572285e-01  8.7714684e-01]
 [ 1.8040909e-01  2.3426561e-01  7.6035929e-01]
 [ 1.2197164e-01 -1.5021330e-01  1.0871712e+00]
 [-3.6146827e-02 -2.2535744e-01  8.8524604e-01]
 [-1.1624843e-03 -3.2425362e-01  7.4122739e-01]]
[[ 0.          0.          0.67568064]
 [ 0.00298914 -0.09998794  0.67776394]
 [ 0.21863042  0.06685241  0.42792308]
 [ 0.09427179  0.16888225  0.06725526]
 [ 0.25549802  0.21445853  0.        ]
 [-0.0030829   0.09981176  0.6735746 ]
 [ 0.04884252  0.05669984  0.30740914]
 [-0.40242118 -0.14657252  0.3956116 ]
 [-0.50956136 -0.14285353  0.35073107]
 [ 0.08233406  0.00396261  0.88665295]
 [ 0.16698669 -0.03976625  1.134892  ]
 [ 0.28417236 -0.08875877  1.21082   ]
 [ 0.222251   -0.07533062  1.3220669 ]
 [ 0.13030446  0.08997357  1.0818228 ]
 [ 0.05062024  0.2328476   0.90907514]
 [ 0.06929167  0.2110861   0.7650592 ]
 [ 0.13382083 -0.15897384  1.0891569 ]
 [-0.02548032 -0.25953344  0.91555285]
 [ 0.03452937 -0.3337757   0.78439057]]
[[ 0.          0.          0.6708344 ]
 [-0.00322876 -0.09652589  0.66847163]
 [ 0.09160023 -0.00825924  0.39675432]
 [-0.08357006  0.13531882  0.09058768]
 [ 0.04002114  0.1907754   0.        ]
 [ 0.00310748  0.09631517  0.6731447 ]
 [ 0.19799158  0.04890943  0.3571214 ]
 [-0.2338417  -0.09504497  0.3657224 ]
 [-0.31231478 -0.07036757  0.26548517]
 [ 0.09375811  0.00552124  0.88070524]
 [ 0.19077855 -0.03100699  1.1280671 ]
 [ 0.30246538 -0.07772261  1.1952202 ]
 [ 0.2482284  -0.06318671  1.3109161 ]
 [ 0.13751473  0.08772522  1.0848471 ]
 [-0.04685937  0.19081801  0.98261064]
 [-0.08486751  0.2021708   0.7844041 ]
 [ 0.17315392 -0.14830312  1.0764987 ]
 [ 0.09026098 -0.23603281  0.8501501 ]
 [ 0.21923792 -0.1968081   0.84870255]]
[[ 0.          0.          0.6014214 ]
 [-0.00656594 -0.10425936  0.58446753]
 [-0.1148552  -0.06262046  0.2712831 ]
 [-0.38591164  0.01329994  0.16755015]
 [-0.37001312  0.08645338  0.04887336]
 [ 0.00644876  0.10404184  0.6182553 ]
 [ 0.30985808  0.11381318  0.39243874]
 [ 0.0450304   0.04818547  0.13760132]
 [ 0.14410022  0.0738287   0.        ]
 [ 0.08583938  0.00162613  0.81487286]
 [ 0.1726851  -0.01969025  1.0672677 ]
 [ 0.284747   -0.05736089  1.1339489 ]
 [ 0.23415539 -0.04655492  1.2521901 ]
 [ 0.11034836  0.10534441  1.030489  ]
 [-0.10768175  0.23397073  0.9980957 ]
 [-0.1430304   0.2704391   0.77981216]
 [ 0.18429852 -0.16005594  1.0119863 ]
 [ 0.12999064 -0.30668223  0.78572583]
 [ 0.2539177  -0.17352274  0.8515285 ]]
[[ 0.          0.          0.6626951 ]
 [ 0.00898818 -0.09510028  0.6455787 ]
 [-0.11659462 -0.04828548  0.3250314 ]
 [-0.44674838 -0.01645774  0.32309395]
 [-0.4997431   0.06506467  0.24998575]
 [-0.00910099  0.09489322  0.6796845 ]
 [ 0.28436452  0.143174    0.44640553]
 [ 0.13640372  0.0516119   0.08302736]
 [ 0.26604187  0.06594855  0.        ]
 [ 0.08307289  0.00531356  0.87727904]
 [ 0.16597645 -0.00396714  1.1296377 ]
 [ 0.2763722  -0.03307533  1.2051826 ]
 [ 0.22260281 -0.02750289  1.318929  ]
 [ 0.10125145  0.11594653  1.0853342 ]
 [-0.10684067  0.25765666  1.026677  ]
 [-0.10169628  0.3170648   0.8154509 ]
 [ 0.19035377 -0.14257845  1.0797492 ]
 [ 0.12276627 -0.3002227   0.8658818 ]
 [ 0.23540479 -0.19372043  0.8674433 ]]
[[ 0.          0.          0.6637845 ]
 [ 0.0083258  -0.0919518   0.64663047]
 [-0.11556406 -0.08669576  0.30797684]
 [-0.47610945 -0.09404433  0.37559998]
 [-0.57457244 -0.01536295  0.3360544 ]
 [-0.00842274  0.09175954  0.68081427]
 [ 0.27458248  0.18056482  0.4412208 ]
 [ 0.20082778  0.11769408  0.06309271]
 [ 0.34330586  0.1333409   0.        ]
 [ 0.07652144  0.00773859  0.878652  ]
 [ 0.15292159  0.00342274  1.1305916 ]
 [ 0.2564977  -0.02210021  1.214397  ]
 [ 0.2004062  -0.01482219  1.3209734 ]
 [ 0.09079166  0.12171143  1.0799125 ]
 [-0.09515753  0.2643577   0.98509955]
 [-0.04362048  0.33498222  0.7882043 ]
 [ 0.17931086 -0.13371632  1.0828464 ]
 [ 0.09355351 -0.2974522   0.88792247]
 [ 0.21381831 -0.18919462  0.8248831 ]]
[[ 0.0000000e+00  0.0000000e+00  6.6878951e-01]
 [ 1.3470743e-02 -9.3330055e-02  6.5044785e-01]
 [-6.8472728e-02 -9.7720593e-02  3.0842900e-01]
 [-4.6233016e-01 -1.5466844e-01  4.1795936e-01]
 [-5.8182174e-01 -8.1884772e-02  4.0471506e-01]
 [-1.3563592e-02  9.3135916e-02  6.8700886e-01]
 [ 2.4942514e-01  2.2590190e-01  4.4951916e-01]
 [ 1.7121011e-01  1.6900253e-01  7.5939953e-02]
 [ 3.2586983e-01  1.9508225e-01  0.0000000e+00]
 [ 7.1734518e-02  1.1247873e-02  8.8474041e-01]
 [ 1.4894567e-01  1.6823441e-02  1.1364145e+00]
 [ 2.4780092e-01 -5.7673454e-03  1.2200111e+00]
 [ 1.9590604e-01  2.5767088e-04  1.3240607e+00]
 [ 8.6155459e-02  1.3787299e-01  1.0796506e+00]
 [-5.5767894e-02  2.8835273e-01  9.5541078e-01]
 [ 5.9686713e-02  3.6959201e-01  7.8695959e-01]
 [ 1.7826852e-01 -1.2118155e-01  1.0963874e+00]
 [ 6.6940501e-02 -2.8174224e-01  9.0869600e-01]
 [ 1.5261045e-01 -1.8038754e-01  7.8789258e-01]]
[[ 0.          0.          0.6814059 ]
 [ 0.0205167  -0.09945071  0.66291493]
 [ 0.00989221 -0.08966321  0.32188898]
 [-0.4144445  -0.15592104  0.45580357]
 [-0.53387004 -0.0747003   0.42918926]
 [-0.02062599  0.09923752  0.6997777 ]
 [ 0.20883012  0.23474428  0.44812557]
 [ 0.08654736  0.16818544  0.07983434]
 [ 0.24083295  0.20028341  0.        ]
 [ 0.07011923  0.01681121  0.8943557 ]
 [ 0.14480226  0.02588075  1.1461872 ]
 [ 0.24454707  0.00179052  1.2307107 ]
 [ 0.18669105  0.00739419  1.3342698 ]
 [ 0.08471011  0.15342343  1.0838609 ]
 [-0.00466593  0.3127631   0.9345687 ]
 [ 0.15740484  0.3983702   0.8148813 ]
 [ 0.17526273 -0.11518782  1.1056839 ]
 [ 0.05138665 -0.276163    0.9272287 ]
 [ 0.09612113 -0.17312217  0.8010967 ]]
[[ 0.          0.          0.68490833]
 [ 0.02206074 -0.10908168  0.67029387]
 [ 0.24260834 -0.03768766  0.37346846]
 [-0.1930181  -0.09575748  0.40779337]
 [-0.24093536 -0.03485003  0.31325924]
 [-0.02216642  0.10884204  0.6994511 ]
 [ 0.02227588  0.17681606  0.3780468 ]
 [-0.23738138  0.0931356   0.11240804]
 [-0.13861743  0.14809948  0.        ]
 [ 0.06873573  0.03104414  0.8961195 ]
 [ 0.14100291  0.04641622  1.1495434 ]
 [ 0.24986222  0.01803303  1.2275755 ]
 [ 0.18820176  0.02355725  1.3373919 ]
 [ 0.10295948  0.18312645  1.0786159 ]
 [ 0.12622422  0.32268602  0.8807399 ]
 [ 0.33950126  0.38747627  0.9015314 ]
 [ 0.15175319 -0.10208163  1.1276093 ]
 [-0.03726786 -0.26072848  1.0611677 ]
 [-0.02356267 -0.19594358  0.88272226]]
[[ 0.00000000e+00  0.00000000e+00  6.03790998e-01]
 [ 1.12672672e-02 -1.09867975e-01  5.93624949e-01]
 [ 3.15970540e-01 -3.26548517e-02  3.57911706e-01]
 [-2.72156857e-02 -5.17256260e-02  1.59203947e-01]
 [ 4.24648002e-02 -4.71037626e-03  3.68845463e-02]
 [-1.13526657e-02  1.09644994e-01  6.13921285e-01]
 [-9.19028521e-02  1.88762099e-01  2.85892487e-01]
 [-3.86695206e-01  1.47732139e-01  1.23267680e-01]
 [-3.66559684e-01  2.05259949e-01  0.00000000e+00]
 [ 4.80714813e-02  2.39381194e-02  8.18219960e-01]
 [ 1.10572986e-01  3.01417112e-02  1.07397270e+00]
 [ 2.26576447e-01 -7.95984268e-03  1.14874542e+00]
 [ 1.61298662e-01  3.94582748e-05  1.26036763e+00]
 [ 1.04340188e-01  1.68451428e-01  1.00035453e+00]
 [ 1.63382083e-01  2.80950904e-01  7.83381283e-01]
 [ 3.23535651e-01  3.12036753e-01  9.00916278e-01]
 [ 8.51851031e-02 -1.14452302e-01  1.06705618e+00]
 [-1.48437470e-01 -2.48693407e-01  1.07347429e+00]
 [-1.26215711e-01 -1.79637432e-01  8.53976607e-01]]
[[ 0.          0.          0.6131531 ]
 [ 0.00769608 -0.10866679  0.60805994]
 [ 0.32882023  0.01900822  0.39232707]
 [ 0.18211032  0.07462955  0.06175202]
 [ 0.3221647   0.13038313  0.        ]
 [-0.00774572  0.10848709  0.6182241 ]
 [-0.10392955  0.15541843  0.2593619 ]
 [-0.4904921   0.06425881  0.2209512 ]
 [-0.5526543   0.11338359  0.14120403]
 [ 0.04938564  0.01980628  0.82786345]
 [ 0.11477594  0.00690207  1.0821576 ]
 [ 0.2389788  -0.03896612  1.1575569 ]
 [ 0.16853291 -0.02392292  1.2690889 ]
 [ 0.11009598  0.13825929  1.009716  ]
 [ 0.14410551  0.25135443  0.77523625]
 [ 0.30219185  0.22861962  0.84961665]
 [ 0.0757477  -0.12497815  1.0650132 ]
 [-0.15658824 -0.24053836  1.0228182 ]
 [-0.1288164  -0.262403    0.8034567 ]]
[[ 0.          0.          0.6131271 ]
 [ 0.00211571 -0.10884459  0.6125363 ]
 [ 0.29713652  0.03459379  0.39044717]
 [ 0.2279488   0.14504293  0.03479439]
 [ 0.38483858  0.19115019  0.        ]
 [-0.00217228  0.10867469  0.6137041 ]
 [-0.05202598  0.13233837  0.24051848]
 [-0.47047472 -0.04440522  0.28908342]
 [-0.5783297  -0.00394884  0.25425714]
 [ 0.05953355  0.00798737  0.825831  ]
 [ 0.12637907 -0.02841941  1.077399  ]
 [ 0.23815414 -0.07526994  1.1570477 ]
 [ 0.16549867 -0.05655676  1.2667642 ]
 [ 0.11268786  0.10419047  1.0140165 ]
 [ 0.11845823  0.2435991   0.78977996]
 [ 0.28659904  0.25428075  0.7718339 ]
 [ 0.08360264 -0.14801943  1.0419841 ]
 [-0.12430081 -0.24528717  0.92685616]
 [-0.09037048 -0.32786012  0.7394512 ]]
[[ 0.          0.          0.6370865 ]
 [ 0.00198082 -0.10854477  0.64183795]
 [ 0.25807607  0.04039843  0.41102058]
 [ 0.15261643  0.13208342  0.04695308]
 [ 0.31077558  0.17549717  0.        ]
 [-0.00207261  0.10836796  0.6323206 ]
 [ 0.03124856  0.14529417  0.2677336 ]
 [-0.3914116  -0.0574396   0.3696148 ]
 [-0.5108246  -0.03376979  0.34372702]
 [ 0.06803242  0.00660801  0.84884346]
 [ 0.13307235 -0.03835258  1.1005746 ]
 [ 0.241478   -0.0893313   1.1837492 ]
 [ 0.17463587 -0.06805062  1.2905385 ]
 [ 0.11724345  0.0946224   1.0382137 ]
 [ 0.09102885  0.2554977   0.83150125]
 [ 0.21007024  0.26499277  0.7276939 ]
 [ 0.08398066 -0.15491426  1.053776  ]
 [-0.06675367 -0.24975516  0.8612952 ]
 [-0.01793794 -0.35926324  0.7186074 ]]
[[ 0.          0.          0.61545247]
 [-0.00321658 -0.10743998  0.6154583 ]
 [ 0.21327245  0.01545794  0.3830248 ]
 [ 0.06477969  0.1708895   0.06984627]
 [ 0.21553573  0.21959847  0.        ]
 [ 0.00312229  0.10727468  0.6154131 ]
 [ 0.1169934   0.1304183   0.28010216]
 [-0.32547408 -0.0496501   0.36638632]
 [-0.4326235  -0.02587819  0.31504917]
 [ 0.0702275  -0.00188421  0.82796913]
 [ 0.14232093 -0.04798728  1.0794451 ]
 [ 0.2522456  -0.09412509  1.1614854 ]
 [ 0.1837331  -0.07548207  1.2666428 ]
 [ 0.11848843  0.08248022  1.0219712 ]
 [ 0.02504513  0.19625697  0.8338368 ]
 [ 0.08890926  0.18778434  0.70634794]
 [ 0.09555966 -0.17144853  1.0335546 ]
 [-0.0523587  -0.30297285  0.8699434 ]
 [ 0.00397792 -0.4207279   0.7483394 ]]
[[ 0.          0.          0.6016572 ]
 [-0.01032408 -0.10258181  0.59593606]
 [ 0.07799854 -0.02106938  0.3372994 ]
 [-0.11796716  0.13347149  0.10832429]
 [-0.02035284  0.19538409  0.        ]
 [ 0.01020594  0.10237188  0.6073092 ]
 [ 0.2239942   0.05793017  0.31964663]
 [-0.20386028 -0.06321654  0.29010272]
 [-0.25073978 -0.04102233  0.1744723 ]
 [ 0.07833559  0.00178191  0.8118665 ]
 [ 0.1522153  -0.03722477  1.0656064 ]
 [ 0.25997865 -0.08490273  1.1470584 ]
 [ 0.19785997 -0.06337452  1.2569444 ]
 [ 0.11446033  0.08977476  1.0160297 ]
 [-0.05144578  0.21233025  0.9090953 ]
 [-0.05279508  0.23534834  0.7007327 ]
 [ 0.12726323 -0.16713074  1.0086868 ]
 [ 0.05430795 -0.29120845  0.79335076]
 [ 0.12928781 -0.36683565  0.7971725 ]]
[[ 0.00000000e+00  0.00000000e+00  5.76554418e-01]
 [-1.07332468e-02 -1.02642767e-01  5.57224393e-01]
 [-1.06785111e-01 -6.36837482e-02  2.57113248e-01]
 [-3.84213746e-01  8.59975815e-03  2.10885376e-01]
 [-4.01799172e-01  9.73582864e-02  9.69641805e-02]
 [ 1.06224213e-02  1.02423064e-01  5.95767140e-01]
 [ 3.07857186e-01  1.24881193e-01  3.81690145e-01]
 [ 6.93312809e-02  5.98929524e-02  1.14269018e-01]
 [ 1.80366591e-01  7.89825320e-02  0.00000000e+00]
 [ 7.41415471e-02  8.27714801e-04  7.88608670e-01]
 [ 1.45811751e-01 -1.83782876e-02  1.04485273e+00]
 [ 2.46993735e-01 -5.63404262e-02  1.13155222e+00]
 [ 1.85440451e-01 -4.45944071e-02  1.23958540e+00]
 [ 9.48493034e-02  1.11398876e-01  9.97983754e-01]
 [-1.04388416e-01  2.45997846e-01  9.23841119e-01]
 [-8.51859748e-02  2.96138763e-01  7.11785793e-01]
 [ 1.55301183e-01 -1.62380159e-01  9.89540339e-01]
 [ 1.00188717e-01 -3.40667635e-01  7.87475884e-01]
 [ 1.84278697e-01 -2.74107635e-01  8.23715270e-01]]
[[ 0.0000000e+00  0.0000000e+00  6.0361785e-01]
 [-7.6537579e-04 -9.5236592e-02  5.8293796e-01]
 [-1.2820828e-01 -8.7091714e-02  2.6575062e-01]
 [-4.8464966e-01 -8.2613468e-02  3.1852382e-01]
 [-5.7247543e-01  2.2513866e-03  2.4774730e-01]
 [ 6.7245960e-04  9.5038868e-02  6.2418133e-01]
 [ 2.9307345e-01  1.8168652e-01  4.1236061e-01]
 [ 2.0988896e-01  1.4299178e-01  6.3508868e-02]
 [ 3.5117173e-01  1.6006947e-01  0.0000000e+00]
 [ 6.4896919e-02  9.5377862e-04  8.1521589e-01]
 [ 1.3382989e-01  3.5607815e-03  1.0699389e+00]
 [ 2.2937399e-01 -2.8441012e-02  1.1622264e+00]
 [ 1.7118943e-01 -1.8587530e-02  1.2623310e+00]
 [ 7.9322994e-02  1.2715071e-01  1.0165973e+00]
 [-1.0239020e-01  2.6506379e-01  9.1156030e-01]
 [-4.3405190e-02  3.1336305e-01  7.0655704e-01]
 [ 1.5948564e-01 -1.3646597e-01  1.0246682e+00]
 [ 1.0051283e-01 -3.1373045e-01  8.3133221e-01]
 [ 1.8522888e-01 -2.4905697e-01  8.0272192e-01]]
[[ 0.          0.          0.6280657 ]
 [ 0.00322706 -0.09818324  0.6075983 ]
 [-0.0882795  -0.09494075  0.2700894 ]
 [-0.47265714 -0.12300555  0.38265634]
 [-0.5885086  -0.04218677  0.33310124]
 [-0.00331723  0.09799772  0.6484275 ]
 [ 0.26313713  0.20084526  0.4154724 ]
 [ 0.1900712   0.16746292  0.05317551]
 [ 0.34297246  0.18334657  0.        ]
 [ 0.06549134  0.00924709  0.83978164]
 [ 0.13865928  0.02505857  1.0930647 ]
 [ 0.23322225 -0.00449008  1.1856782 ]
 [ 0.17277062  0.00446993  1.2818582 ]
 [ 0.08670492  0.15098447  1.0315986 ]
 [-0.062093    0.29302797  0.89485717]
 [ 0.04491107  0.34908044  0.72300565]
 [ 0.16533369 -0.11930561  1.05321   ]
 [ 0.07385117 -0.2938541   0.87194765]
 [ 0.1683104  -0.22413845  0.79518175]]
[[ 0.          0.          0.6409995 ]
 [ 0.00733149 -0.10566448  0.6223475 ]
 [-0.01840933 -0.10770237  0.28984174]
 [-0.42440027 -0.14079559  0.4146428 ]
 [-0.535341   -0.06574148  0.37569922]
 [-0.00742206  0.1054688   0.6595519 ]
 [ 0.23639454  0.22561158  0.42782027]
 [ 0.09168874  0.1938948   0.08061916]
 [ 0.25567803  0.21510768  0.        ]
 [ 0.06374301  0.02150378  0.85333776]
 [ 0.1376906   0.04592291  1.1068909 ]
 [ 0.23580217  0.01523226  1.1993611 ]
 [ 0.17017686  0.02470064  1.2949877 ]
 [ 0.09393271  0.1801498   1.039438  ]
 [ 0.00925301  0.34510362  0.8824249 ]
 [ 0.1788291   0.42821276  0.76791954]
 [ 0.15729707 -0.10399228  1.0724927 ]
 [ 0.04024552 -0.2818574   0.9092906 ]
 [ 0.09963569 -0.23220326  0.80459654]]
[[ 0.          0.          0.658706  ]
 [ 0.01533219 -0.11308002  0.6442035 ]
 [ 0.14920573 -0.09439352  0.32953393]
 [-0.28146088 -0.13019677  0.41665184]
 [-0.36049438 -0.06204692  0.34334558]
 [-0.01543111  0.11285141  0.6731265 ]
 [ 0.1474807   0.224626    0.3889055 ]
 [-0.09752348  0.17655504  0.09960508]
 [ 0.01993478  0.2204907   0.        ]
 [ 0.06631914  0.02897669  0.87295103]
 [ 0.1370986   0.05367732  1.1281925 ]
 [ 0.24267611  0.02085632  1.2181041 ]
 [ 0.16958714  0.03113866  1.3126647 ]
 [ 0.10066312  0.1916902   1.0519204 ]
 [ 0.08236316  0.33158493  0.85459393]
 [ 0.29080236  0.40282643  0.8294545 ]
 [ 0.14517939 -0.0951069   1.1039963 ]
 [-0.02967066 -0.26351723  0.9984452 ]
 [-0.00499596 -0.20793812  0.84405667]]
[[ 0.00000000e+00  0.00000000e+00  5.91177344e-01]
 [ 2.79155374e-03 -1.14482075e-01  5.85002840e-01]
 [ 3.22852969e-01 -8.28336328e-02  3.43737721e-01]
 [-8.92397761e-03 -8.80723596e-02  1.88886315e-01]
 [ 3.85921448e-02 -4.54992056e-02  8.68899226e-02]
 [-2.89067999e-03  1.14251591e-01  5.97300828e-01]
 [ 4.51501235e-02  2.31475219e-01  2.48030752e-01]
 [-3.03877950e-01  2.28683829e-01  1.25719309e-01]
 [-2.99623787e-01  2.95412153e-01  0.00000000e+00]
 [ 5.26834875e-02  2.35361904e-02  8.07916820e-01]
 [ 1.12023503e-01  2.89104283e-02  1.06527662e+00]
 [ 2.30530858e-01 -1.32868290e-02  1.14077210e+00]
 [ 1.59008414e-01  1.03247166e-03  1.25065851e+00]
 [ 1.13584101e-01  1.72399193e-01  9.88415897e-01]
 [ 1.49904147e-01  3.05647433e-01  7.65504539e-01]
 [ 3.42757344e-01  2.99282074e-01  8.26824486e-01]
 [ 7.92184621e-02 -1.14317209e-01  1.05236614e+00]
 [-1.50462657e-01 -2.54096359e-01  1.04617476e+00]
 [-1.10020757e-01 -1.75980493e-01  8.22852731e-01]]
[[ 0.          0.          0.57486635]
 [-0.00675717 -0.11464423  0.5716381 ]
 [ 0.30023533 -0.11771195  0.3691083 ]
 [ 0.16645573 -0.06597167  0.04007304]
 [ 0.3145969  -0.03853339  0.        ]
 [ 0.00668674  0.1144259   0.57807183]
 [ 0.04522681  0.20427194  0.21896946]
 [-0.3479399   0.19895136  0.18448475]
 [-0.40669274  0.26588285  0.07794935]
 [ 0.04511825  0.00912219  0.79459834]
 [ 0.10110605 -0.00296789  1.0516769 ]
 [ 0.22218987 -0.05569577  1.1237888 ]
 [ 0.15431774 -0.03795958  1.2355976 ]
 [ 0.11270592  0.13648552  0.9833624 ]
 [ 0.1165126   0.27676585  0.75777227]
 [ 0.31287128  0.28595698  0.76676464]
 [ 0.04566115 -0.13529426  1.032624  ]
 [-0.19673415 -0.26076517  0.99505216]
 [-0.17225356 -0.2774226   0.7762838 ]]
[[ 0.00000000e+00  0.00000000e+00  5.77755272e-01]
 [-9.25456546e-03 -1.15893945e-01  5.75926781e-01]
 [ 2.85409272e-01 -1.00312829e-01  3.66415650e-01]
 [ 2.20881820e-01 -4.29555178e-02  1.56456232e-02]
 [ 3.75736386e-01 -2.18613744e-02  0.00000000e+00]
 [ 9.18375887e-03  1.15680501e-01  5.79558372e-01]
 [ 9.97240692e-02  2.07668707e-01  2.27608502e-01]
 [-2.97645330e-01  2.04710156e-01  2.04404056e-01]
 [-3.37181181e-01  2.62737960e-01  9.23246741e-02]
 [ 5.12949452e-02  1.47715658e-02  7.96181202e-01]
 [ 1.09865889e-01  3.30746174e-04  1.05221057e+00]
 [ 2.30674595e-01 -5.27632535e-02  1.12754822e+00]
 [ 1.58901304e-01 -3.03611755e-02  1.23721623e+00]
 [ 1.20119989e-01  1.39017701e-01  9.87357616e-01]
 [ 1.02771923e-01  2.85236090e-01  7.66956329e-01]
 [ 2.94519514e-01  2.93685436e-01  7.18104243e-01]
 [ 4.68389988e-02 -1.29853338e-01  1.02612758e+00]
 [-1.81818113e-01 -2.59229183e-01  9.47689772e-01]
 [-1.49518400e-01 -2.83708364e-01  7.29229331e-01]]
[[ 0.          0.          0.60363865]
 [-0.01312106 -0.11855728  0.60229355]
 [ 0.25829136 -0.12043166  0.37637174]
 [ 0.16779536 -0.05453265  0.04181707]
 [ 0.32276934 -0.0342688   0.        ]
 [ 0.01303682  0.11833598  0.60495263]
 [ 0.16273758  0.22024933  0.26993567]
 [-0.21943012  0.20974612  0.23093113]
 [-0.24658099  0.2673883   0.1085104 ]
 [ 0.05885799  0.0139458   0.82095   ]
 [ 0.11547188 -0.00703058  1.0785459 ]
 [ 0.22987077 -0.0564453   1.1618253 ]
 [ 0.15172628 -0.03122979  1.2655833 ]
 [ 0.1194488   0.13423812  1.0170124 ]
 [ 0.08711267  0.27229843  0.7964659 ]
 [ 0.2503569   0.29764077  0.709455  ]
 [ 0.05518461 -0.13603052  1.0433397 ]
 [-0.15383536 -0.2644026   0.929091  ]
 [-0.11045596 -0.31679612  0.7172661 ]]
[[ 0.          0.          0.6065203 ]
 [-0.01880154 -0.11887507  0.6008538 ]
 [ 0.238556   -0.1177858   0.36406982]
 [ 0.12031171  0.0061354   0.04832959]
 [ 0.27572957  0.02505141  0.        ]
 [ 0.01871334  0.11866461  0.61215496]
 [ 0.20128208  0.20635708  0.30783966]
 [-0.18531442  0.18388675  0.23629344]
 [-0.19806358  0.22933581  0.11082089]
 [ 0.05920964  0.01123799  0.8226915 ]
 [ 0.1158834  -0.00761688  1.0803897 ]
 [ 0.22767684 -0.05547392  1.1613309 ]
 [ 0.14905213 -0.02603394  1.2628007 ]
 [ 0.11792377  0.1343565   1.0169209 ]
 [ 0.06639774  0.27232093  0.8201301 ]
 [ 0.18795131  0.30062985  0.7033717 ]
 [ 0.0581269  -0.14121807  1.0476763 ]
 [-0.12105594 -0.26822236  0.89672947]
 [-0.08293433 -0.36243242  0.7200935 ]]
[[ 0.          0.          0.5565124 ]
 [-0.02067976 -0.11361074  0.5438245 ]
 [ 0.15630196 -0.0732477   0.29103974]
 [-0.03242894  0.07314256  0.09384567]
 [ 0.07446057  0.11652473  0.        ]
 [ 0.0205767   0.11339024  0.5691182 ]
 [ 0.26368853  0.15317145  0.3301824 ]
 [-0.08122115  0.04970899  0.14503035]
 [-0.04116802  0.06714362  0.05013782]
 [ 0.06732339  0.00672269  0.77195436]
 [ 0.1272549  -0.00921261  1.0295153 ]
 [ 0.23105738 -0.05457312  1.1196318 ]
 [ 0.15594178 -0.02603096  1.2126899 ]
 [ 0.11086927  0.13164288  0.96921927]
 [-0.01790617  0.26270133  0.8144511 ]
 [ 0.03851454  0.301469    0.63341546]
 [ 0.08811069 -0.15528455  0.9934922 ]
 [-0.04374852 -0.31548408  0.8247615 ]
 [ 0.03600773 -0.4156217   0.72644675]]
[[ 0.          0.          0.5860303 ]
 [-0.02085175 -0.11245587  0.57016367]
 [-0.02947176 -0.05851024  0.27331236]
 [-0.30244976  0.07411131  0.19338983]
 [-0.28003025  0.15227467  0.08365244]
 [ 0.02074167  0.11225114  0.60178363]
 [ 0.2938394   0.11720127  0.36596408]
 [ 0.14703742  0.02324927  0.05054146]
 [ 0.2613043  -0.00284541  0.        ]
 [ 0.0529729   0.00821832  0.8046058 ]
 [ 0.10268776  0.00524753  1.0656972 ]
 [ 0.19515543 -0.02966601  1.1622014 ]
 [ 0.12236711 -0.00717163  1.2549977 ]
 [ 0.06651772  0.1498456   1.0066495 ]
 [-0.10302323  0.2902968   0.87435377]
 [-0.081386    0.29615098  0.6606749 ]
 [ 0.09998283 -0.14960608  1.0277038 ]
 [ 0.03621818 -0.3419917   0.8395621 ]
 [ 0.17856702 -0.33016253  0.8385203 ]]
[[ 0.00000000e+00  0.00000000e+00  6.02012753e-01]
 [-1.46825518e-02 -1.08797707e-01  5.87726235e-01]
 [-7.93151036e-02 -7.44259059e-02  2.78757215e-01]
 [-3.99678260e-01  1.78065300e-02  2.38846242e-01]
 [-4.31518137e-01  1.08582765e-01  1.30075514e-01]
 [ 1.45820733e-02  1.08606562e-01  6.16178036e-01]
 [ 3.03906679e-01  1.70724511e-01  3.80200684e-01]
 [ 2.28350163e-01  1.16330415e-01  4.93220091e-02]
 [ 3.64481866e-01  1.00885868e-01  0.00000000e+00]
 [ 3.70466821e-02  1.72262788e-02  8.22357178e-01]
 [ 7.29131699e-02  2.85213590e-02  1.08378768e+00]
 [ 1.59410805e-01 -6.06834888e-04  1.18402076e+00]
 [ 8.20536837e-02  2.16322541e-02  1.27269530e+00]
 [ 3.42123881e-02  1.70024157e-01  1.02308846e+00]
 [-1.00494310e-01  3.28648984e-01  8.80043209e-01]
 [-3.32881510e-02  3.31934184e-01  6.85006320e-01]
 [ 8.50043967e-02 -1.26758248e-01  1.04970050e+00]
 [ 3.74681950e-02 -3.39234769e-01  8.76539588e-01]
 [ 1.90127850e-01 -3.32076967e-01  8.81561935e-01]]
[[ 0.          0.          0.638958  ]
 [-0.01805532 -0.10834646  0.62572825]
 [-0.03611318 -0.1306284   0.28771073]
 [-0.37175018 -0.04723901  0.28019446]
 [-0.4312895   0.03267094  0.18711632]
 [ 0.01795411  0.1081655   0.6520733 ]
 [ 0.3090502   0.19258216  0.41411853]
 [ 0.21812414  0.16470397  0.06884366]
 [ 0.36362183  0.15920794  0.        ]
 [ 0.03234101  0.01743485  0.8608081 ]
 [ 0.06392215  0.03293779  1.1222715 ]
 [ 0.14625861  0.00816607  1.2243145 ]
 [ 0.06175496  0.03302419  1.3074404 ]
 [ 0.03655931  0.17309788  1.057245  ]
 [-0.05560431  0.346061    0.8895075 ]
 [ 0.06121155  0.3529381   0.72976494]
 [ 0.07259134 -0.12096748  1.0900772 ]
 [ 0.03064904 -0.34110776  0.93252265]
 [ 0.17332983 -0.45287693  0.91542864]]
[[ 0.          0.          0.6497501 ]
 [-0.01297077 -0.11546611  0.64372253]
 [ 0.02185562 -0.16061181  0.30427203]
 [-0.3421076  -0.09457645  0.28870267]
 [-0.4018723  -0.02080905  0.1914632 ]
 [ 0.01286076  0.11526743  0.65566635]
 [ 0.299039    0.20272201  0.41908816]
 [ 0.14833498  0.17384201  0.06438947]
 [ 0.30445728  0.16984987  0.        ]
 [ 0.03213451  0.01818357  0.8711159 ]
 [ 0.05895693  0.02968597  1.1339023 ]
 [ 0.13999614  0.00306553  1.2414589 ]
 [ 0.05069275  0.02868629  1.3226923 ]
 [ 0.04087575  0.17365772  1.0686793 ]
 [ 0.00517172  0.35583925  0.89541686]
 [ 0.13471575  0.32973373  0.7718312 ]
 [ 0.06274779 -0.12539503  1.0961931 ]
 [ 0.02733561 -0.3621815   0.9661871 ]
 [ 0.19849765 -0.41639885  0.98838586]]
[[ 0.          0.          0.7203152 ]
 [-0.01010094 -0.11983278  0.7187453 ]
 [ 0.21533912 -0.2046391   0.47473204]
 [-0.16123891 -0.17441761  0.4008778 ]
 [-0.1812844  -0.13107157  0.29169577]
 [ 0.00999192  0.11958963  0.72181034]
 [ 0.1622864   0.2550481   0.40776145]
 [-0.09045385  0.2236177   0.10847676]
 [ 0.00798625  0.28091308  0.        ]
 [ 0.03117908  0.03340019  0.9390073 ]
 [ 0.04995062  0.04820815  1.1995106 ]
 [ 0.13080724  0.01224852  1.3101854 ]
 [ 0.03211012  0.04400241  1.3986781 ]
 [ 0.06910383  0.19144148  1.1391298 ]
 [ 0.1555052   0.34566516  0.9465955 ]
 [ 0.34510282  0.29761708  0.9575503 ]
 [ 0.03550349 -0.10535088  1.1614912 ]
 [ 0.0141788  -0.37608257  1.1280396 ]
 [ 0.17026946 -0.39181852  1.1680365 ]]
[[ 0.          0.          0.6488871 ]
 [-0.01566251 -0.11751585  0.65032566]
 [ 0.28614372 -0.27630386  0.5063416 ]
 [ 0.01430687 -0.2686534   0.24557337]
 [ 0.12492731 -0.28392702  0.16385219]
 [ 0.01554388  0.117327    0.64741826]
 [ 0.04025546  0.35849166  0.31644142]
 [-0.18632638  0.41068357  0.11694819]
 [-0.17287427  0.49308202  0.        ]
 [ 0.01811063  0.0350759   0.8659883 ]
 [ 0.01634539  0.05252719  1.1269753 ]
 [ 0.09314305  0.00327259  1.2345781 ]
 [-0.00764117  0.04906845  1.3234788 ]
 [ 0.07309137  0.1857872   1.0655615 ]
 [ 0.254839    0.24114802  0.8849015 ]
 [ 0.37567276  0.14543033  0.952232  ]
 [-0.02990599 -0.08723113  1.0892994 ]
 [-0.08219174 -0.36444426  1.0743568 ]
 [ 0.09549627 -0.328291    1.1408086 ]]
[[ 0.          0.          0.58889914]
 [-0.01856017 -0.1175603   0.59238523]
 [ 0.27955562 -0.2848398   0.4618746 ]
 [ 0.03930539 -0.2789666   0.17074117]
 [ 0.14352217 -0.27828377  0.10768226]
 [ 0.01842486  0.11738276  0.5853895 ]
 [ 0.02370737  0.32905686  0.23564333]
 [-0.23240748  0.37166825  0.10277656]
 [-0.25769636  0.4544671   0.        ]
 [ 0.00916684  0.03974494  0.8077407 ]
 [ 0.00616759  0.06536722  1.067835  ]
 [ 0.08030828  0.01729709  1.1735787 ]
 [-0.01986346  0.06148136  1.2625571 ]
 [ 0.06249881  0.19511658  1.000165  ]
 [ 0.2559023   0.21390942  0.805843  ]
 [ 0.37861416  0.07647625  0.8682358 ]
 [-0.03940822 -0.07730007  1.0317928 ]
 [-0.08945911 -0.34758207  1.0046084 ]
 [ 0.09364215 -0.34404856  1.0744556 ]]
[[ 0.          0.          0.53180707]
 [-0.0215443  -0.11778259  0.53857565]
 [ 0.29375142 -0.29365876  0.40713984]
 [ 0.06461981 -0.27105147  0.1119656 ]
 [ 0.17509285 -0.26859495  0.03067899]
 [ 0.02139542  0.11759721  0.52501816]
 [ 0.01816934  0.28357232  0.13417134]
 [-0.28963828  0.2697714   0.0778029 ]
 [-0.35509604  0.33744156  0.        ]
 [ 0.01362196  0.0398076   0.74889016]
 [ 0.01182735  0.06039625  1.0098119 ]
 [ 0.08347248  0.01145554  1.1198838 ]
 [-0.01653113  0.05180848  1.2107843 ]
 [ 0.06342667  0.18863004  0.93822366]
 [ 0.2494012   0.22392629  0.7419684 ]
 [ 0.37958154  0.10590096  0.75846696]
 [-0.0367563  -0.07907003  0.9682601 ]
 [-0.10108956 -0.35767382  0.9284004 ]
 [ 0.06779873 -0.40456274  1.0034083 ]]
[[ 0.0000000e+00  0.0000000e+00  5.0496030e-01]
 [-1.4661260e-02 -1.2307853e-01  5.1275980e-01]
 [ 3.0219451e-01 -2.7207667e-01  3.5685557e-01]
 [ 3.7511334e-02 -2.4631494e-01  7.1007311e-02]
 [ 1.4618686e-01 -2.3303723e-01  0.0000000e+00]
 [ 1.4517341e-02  1.2289734e-01  4.9713627e-01]
 [ 2.5811967e-02  2.9414773e-01  9.8978847e-02]
 [-3.1338754e-01  2.6241761e-01  8.3396614e-02]
 [-3.9216119e-01  3.1233799e-01  1.8556684e-02]
 [ 5.5936184e-03  4.2647168e-02  7.2764409e-01]
 [-1.0489635e-03  6.5203190e-02  9.8874843e-01]
 [ 7.4736632e-02  2.3227274e-02  1.1004882e+00]
 [-2.9542208e-02  6.2484026e-02  1.1866195e+00]
 [ 4.1532684e-02  1.9467312e-01  9.0903199e-01]
 [ 2.1090403e-01  2.3225337e-01  7.0622951e-01]
 [ 3.2240763e-01  1.2941252e-01  6.8007016e-01]
 [-4.6636846e-02 -7.6225936e-02  9.5041633e-01]
 [-1.2538865e-01 -3.5061604e-01  9.0294445e-01]
 [ 4.1858196e-02 -3.5951120e-01  9.5637161e-01]]
[[ 0.          0.          0.4959521 ]
 [-0.0060648  -0.12412237  0.5039725 ]
 [ 0.30021545 -0.24201012  0.30573642]
 [-0.01355493 -0.22186339  0.0670118 ]
 [ 0.07034752 -0.18708158  0.        ]
 [ 0.00593176  0.12394161  0.48789778]
 [ 0.01838976  0.27306408  0.07502165]
 [-0.366939    0.2085962   0.13040367]
 [-0.47157073  0.23608899  0.07059422]
 [-0.00773797  0.04161331  0.7215719 ]
 [-0.02054228  0.06211382  0.9828614 ]
 [ 0.05907813  0.02706766  1.0989028 ]
 [-0.04721949  0.0629158   1.1787856 ]
 [ 0.00358993  0.19368494  0.8988557 ]
 [ 0.14215931  0.2601546   0.69583476]
 [ 0.25295514  0.25574797  0.6420454 ]
 [-0.06032686 -0.07745278  0.94574565]
 [-0.15735815 -0.3384238   0.90065074]
 [-0.03218589 -0.31407487  0.94196975]]
[[ 0.          0.          0.4897753 ]
 [-0.00211249 -0.12234274  0.49804965]
 [ 0.25976598 -0.21361321  0.24758862]
 [-0.08800434 -0.1945898   0.07464951]
 [-0.03998442 -0.14585865  0.        ]
 [ 0.00199543  0.12214513  0.48145938]
 [ 0.00412244  0.2396875   0.05713043]
 [-0.4082001   0.15106288  0.15918061]
 [-0.53316665  0.1623227   0.11401722]
 [-0.02570464  0.04180494  0.71440756]
 [-0.04934866  0.0593611   0.9753729 ]
 [ 0.02962209  0.02584833  1.0916831 ]
 [-0.07579228  0.05335063  1.1673336 ]
 [-0.046589    0.19071722  0.89162254]
 [ 0.04134323  0.286854    0.6859732 ]
 [ 0.10990401  0.32680374  0.6269508 ]
 [-0.08066157 -0.07531345  0.9399025 ]
 [-0.20398737 -0.30987006  0.9123762 ]
 [-0.16119137 -0.35979557  0.9291789 ]]
[[ 0.          0.          0.47972682]
 [ 0.00493626 -0.11629596  0.48791575]
 [ 0.18664932 -0.18426436  0.17008522]
 [-0.22642237 -0.15529448  0.0671804 ]
 [-0.21783012 -0.10974875  0.        ]
 [-0.00502945  0.11610314  0.47147143]
 [-0.01468373  0.18660945  0.04737565]
 [-0.44455308  0.07257798  0.15082577]
 [-0.5689397   0.06561905  0.10037044]
 [-0.05322407  0.0392589   0.69940174]
 [-0.09234039  0.05755591  0.9570081 ]
 [-0.01337235  0.03034997  1.0683888 ]
 [-0.11662522  0.05014431  1.1380652 ]
 [-0.10403758  0.1939528   0.8732767 ]
 [-0.07488203  0.36511132  0.72228456]
 [-0.05608606  0.49193832  0.70780826]
 [-0.11737931 -0.07105762  0.92905855]
 [-0.26404452 -0.27046105  0.9647992 ]
 [-0.23114559 -0.20585427  1.0122951 ]]
[[ 0.          0.          0.5256229 ]
 [ 0.00122401 -0.11602475  0.5321426 ]
 [ 0.13581842 -0.15838414  0.19010216]
 [-0.28571266 -0.13105196  0.11425328]
 [-0.27004153 -0.08065492  0.        ]
 [-0.00130897  0.11582075  0.5190215 ]
 [-0.00466194  0.15442678  0.09805405]
 [-0.42261016  0.06135216  0.17528066]
 [-0.52548575  0.05524716  0.09775525]
 [-0.06543864  0.03705849  0.74115294]
 [-0.11259133  0.05829304  0.99795437]
 [-0.03089881  0.03207326  1.1051934 ]
 [-0.1336053   0.05282754  1.1809869 ]
 [-0.12330274  0.19505274  0.92074823]
 [-0.11165953  0.398125    0.82633924]
 [-0.11071327  0.5101413   0.8835763 ]
 [-0.13449112 -0.06914669  0.97427744]
 [-0.26534697 -0.25233623  1.0803578 ]
 [-0.2361767  -0.17413288  1.1693141 ]]
[[ 0.          0.          0.5262977 ]
 [-0.00207439 -0.11785325  0.5340092 ]
 [ 0.10098109 -0.17275468  0.17710763]
 [-0.31913793 -0.14160442  0.10146603]
 [-0.31521112 -0.09740686  0.        ]
 [ 0.00200445  0.11766158  0.51850945]
 [ 0.02574077  0.13663423  0.11406836]
 [-0.3642875   0.09802824  0.1554544 ]
 [-0.44116548  0.11114618  0.05874634]
 [-0.07213786  0.03476359  0.7378284 ]
 [-0.11820538  0.05935267  0.99366176]
 [-0.0397625   0.02952969  1.0946181 ]
 [-0.1381742   0.05484354  1.1753392 ]
 [-0.12600517  0.19713199  0.9208429 ]
 [-0.11345303  0.39680934  0.9072759 ]
 [-0.08330292  0.4569761   1.0290656 ]
 [-0.14006272 -0.07329199  0.9772831 ]
 [-0.24908446 -0.26182356  1.1603968 ]
 [-0.21939853 -0.20897031  1.2907604 ]]
[[ 0.          0.          0.5149863 ]
 [-0.00560556 -0.11904836  0.523499  ]
 [ 0.11659548 -0.16130322  0.18344074]
 [-0.28734958 -0.12008798  0.1064274 ]
 [-0.28191411 -0.07449263  0.        ]
 [ 0.00551568  0.11885331  0.506392  ]
 [ 0.07659539  0.11590704  0.12429965]
 [-0.30114174  0.10350031  0.1412462 ]
 [-0.35268354  0.13194543  0.03303716]
 [-0.06794356  0.03416339  0.7256539 ]
 [-0.11168005  0.05853599  0.9820215 ]
 [-0.0317591   0.02408528  1.0784612 ]
 [-0.12471162  0.05208206  1.1656725 ]
 [-0.1104653   0.19751143  0.91752756]
 [-0.06954546  0.3907037   0.9729817 ]
 [-0.01159805  0.41369903  1.1149704 ]
 [-0.13365497 -0.07719868  0.96536314]
 [-0.19381663 -0.27864805  1.1803442 ]
 [-0.14373228 -0.20893413  1.3457571 ]]
[[ 0.          0.          0.4951751 ]
 [-0.00382946 -0.12469544  0.50375855]
 [ 0.18267727 -0.15748465  0.20659351]
 [-0.22120407 -0.10955054  0.11609736]
 [-0.20681806 -0.07097101  0.        ]
 [ 0.00371563  0.12450077  0.48651078]
 [ 0.16648631  0.12047556  0.15811399]
 [-0.21594706  0.10056216  0.1351429 ]
 [-0.23007855  0.13724977  0.01851475]
 [-0.05459793  0.0310936   0.7065005 ]
 [-0.0866124   0.05431706  0.9651123 ]
 [-0.00162865  0.01728207  1.0525695 ]
 [-0.09020589  0.04955208  1.1507834 ]
 [-0.07889897  0.19244984  0.90559816]
 [ 0.02422003  0.36407992  1.0357859 ]
 [ 0.12251867  0.36561018  1.1801991 ]
 [-0.10646624 -0.08213201  0.95073867]
 [-0.12571503 -0.29285428  1.1969227 ]
 [-0.03347723 -0.21445256  1.3920267 ]]
[[ 0.          0.          0.48057792]
 [-0.01070007 -0.13013165  0.48926288]
 [ 0.27785987 -0.17496571  0.25289357]
 [-0.08583662 -0.11648601  0.10876048]
 [-0.03249301 -0.09819987  0.        ]
 [ 0.01054857  0.12994543  0.47182503]
 [ 0.29547986  0.115796    0.22491834]
 [-0.07149532  0.10256335  0.13534519]
 [-0.0413304   0.14355981  0.00304535]
 [-0.02812417  0.02887383  0.6930962 ]
 [-0.04442191  0.04493487  0.9527999 ]
 [ 0.05574077  0.00333309  1.0276005 ]
 [-0.01919201  0.03418303  1.1387156 ]
 [-0.02380545  0.18569475  0.90412605]
 [ 0.17851898  0.2941582   1.0514293 ]
 [ 0.2932276   0.21916753  1.2131047 ]
 [-0.06127273 -0.09481883  0.929384  ]
 [-0.01200596 -0.31485924  1.1518149 ]
 [ 0.13092175 -0.2555452   1.3363847 ]]
[[ 0.          0.          0.49330255]
 [-0.01806243 -0.1267201   0.5034837 ]
 [ 0.34017378 -0.21840692  0.34846464]
 [ 0.1322161  -0.18299413  0.09205416]
 [ 0.26107013 -0.19566494  0.03515783]
 [ 0.01788849  0.12657179  0.4830731 ]
 [ 0.39424872  0.08722375  0.3411948 ]
 [ 0.1166195   0.05610859  0.10620862]
 [ 0.21090987  0.08304858  0.        ]
 [ 0.02042215  0.02323028  0.7011938 ]
 [ 0.04580709  0.05022931  0.9532794 ]
 [ 0.16692632 -0.003225    1.0119054 ]
 [ 0.10065614  0.02314544  1.1332078 ]
 [ 0.08042264  0.18435895  0.9087193 ]
 [ 0.3345689   0.2014746   1.0148523 ]
 [ 0.4670317   0.06322449  1.1749096 ]
 [ 0.01573092 -0.09319323  0.92770076]
 [ 0.10489231 -0.3251531   1.0440941 ]
 [ 0.29259247 -0.27792013  1.2057395 ]]
[[ 0.00000000e+00  0.00000000e+00  4.90017354e-01]
 [-1.76994540e-02 -1.19121499e-01  5.00055194e-01]
 [ 3.52753341e-01 -2.11754054e-01  4.02575314e-01]
 [ 2.93608129e-01 -1.96268469e-01  5.49234748e-02]
 [ 4.38308775e-01 -2.11234212e-01  4.06106710e-02]
 [ 1.75265223e-02  1.19003214e-01  4.79939014e-01]
 [ 4.06928122e-01  7.92288184e-02  4.04570282e-01]
 [ 2.58063376e-01  3.33374739e-02  5.65798879e-02]
 [ 3.88959289e-01  5.22080064e-02  0.00000000e+00]
 [ 4.11120541e-02  1.06130987e-02  6.88307166e-01]
 [ 8.32052529e-02  2.95161009e-02  9.25060391e-01]
 [ 2.15857387e-01 -2.74912417e-02  9.77312446e-01]
 [ 1.62455946e-01 -1.10014081e-02  1.09846449e+00]
 [ 1.23700380e-01  1.58294201e-01  8.82361650e-01]
 [ 3.95776242e-01  1.53038979e-01  9.28146005e-01]
 [ 5.29875636e-01 -6.36637211e-04  1.05054402e+00]
 [ 4.72532362e-02 -1.09300613e-01  8.99337888e-01]
 [ 1.71143591e-01 -3.33555907e-01  9.60107684e-01]
 [ 3.63759160e-01 -2.74841517e-01  1.08402658e+00]]
[[ 0.          0.          0.45689216]
 [-0.0186457  -0.11275844  0.46665496]
 [ 0.36179435 -0.20238043  0.39992255]
 [ 0.41632736 -0.21263221  0.02681682]
 [ 0.56685114 -0.22676587  0.04477242]
 [ 0.01848318  0.11265089  0.4470914 ]
 [ 0.39614332  0.06193392  0.39872128]
 [ 0.3736871  -0.01297125  0.00930578]
 [ 0.5172114  -0.0099999   0.        ]
 [ 0.05050237 -0.00495091  0.6513669 ]
 [ 0.09917621 -0.00500208  0.880358  ]
 [ 0.2419773  -0.05949825  0.9254135 ]
 [ 0.19823265 -0.04941809  1.0484341 ]
 [ 0.14227295  0.11832339  0.8373194 ]
 [ 0.38013738  0.13697267  0.8305379 ]
 [ 0.51255727 -0.0386399   0.89574844]
 [ 0.05662459 -0.1350621   0.8497917 ]
 [ 0.19507706 -0.344656    0.8683659 ]
 [ 0.3510185  -0.2701915   0.9472029 ]]
[[ 0.          0.          0.4409336 ]
 [-0.02246496 -0.11140782  0.4488526 ]
 [ 0.37637228 -0.19209138  0.3923589 ]
 [ 0.52810156 -0.20117047  0.01975751]
 [ 0.68576896 -0.22096124  0.06343114]
 [ 0.02231301  0.111304    0.43297872]
 [ 0.39295793  0.05850698  0.39246577]
 [ 0.48931724 -0.02482745  0.        ]
 [ 0.6480237  -0.04639158  0.03712264]
 [ 0.06821687 -0.012236    0.63371986]
 [ 0.13636428 -0.01740152  0.85866296]
 [ 0.28425926 -0.06701541  0.89922595]
 [ 0.2515555  -0.0611335   1.0190437 ]
 [ 0.17200595  0.10628444  0.8094316 ]
 [ 0.36781263  0.18585375  0.7517252 ]
 [ 0.4649338   0.02862971  0.7174153 ]
 [ 0.08537708 -0.14331937  0.8266905 ]
 [ 0.1613751  -0.3573261   0.79833454]
 [ 0.24529028 -0.37862104  0.7872547 ]]
[[ 0.          0.          0.41981697]
 [-0.02312498 -0.11458892  0.42816862]
 [ 0.3656455  -0.19830452  0.36916548]
 [ 0.5843203  -0.2015782   0.01201689]
 [ 0.7456311  -0.21596766  0.07732269]
 [ 0.02299337  0.11447321  0.41141754]
 [ 0.38554513  0.06586229  0.37069568]
 [ 0.5515557  -0.01236835  0.        ]
 [ 0.70539033 -0.03698033  0.07050017]
 [ 0.06616262 -0.01571392  0.61630225]
 [ 0.13939172 -0.02437234  0.8461613 ]
 [ 0.29368573 -0.07462126  0.88171333]
 [ 0.26573303 -0.06359887  0.99861664]
 [ 0.16620061  0.10048747  0.79432327]
 [ 0.27591896  0.21304949  0.67176604]
 [ 0.32020614  0.13646382  0.5523151 ]
 [ 0.07791024 -0.14620942  0.8095593 ]
 [ 0.06595622 -0.33183977  0.6959909 ]
 [ 0.06422129 -0.3922903   0.61862046]]
[[ 0.          0.          0.4135907 ]
 [-0.02590149 -0.1161301   0.42284638]
 [ 0.3671459  -0.18782483  0.3606761 ]
 [ 0.61291057 -0.18105352  0.01740822]
 [ 0.7781497  -0.20199132  0.08841389]
 [ 0.02578416  0.11599585  0.40427426]
 [ 0.392087    0.07384758  0.35920966]
 [ 0.57541096  0.0266453   0.        ]
 [ 0.7257837   0.00607571  0.06534877]
 [ 0.04687297 -0.01844181  0.61195546]
 [ 0.11574292 -0.02324611  0.84906244]
 [ 0.28099874 -0.08096102  0.8856367 ]
 [ 0.24847317 -0.05894423  0.9962735 ]
 [ 0.14353147  0.10341072  0.7924862 ]
 [ 0.16225956  0.23082191  0.6548019 ]
 [ 0.17434597  0.23612477  0.5187355 ]
 [ 0.0432518  -0.139709    0.8139955 ]
 [-0.06659971 -0.2821649   0.6549041 ]
 [-0.1022132  -0.38551766  0.5229547 ]]
[[ 0.          0.          0.37203026]
 [-0.0283854  -0.1183525   0.3801169 ]
 [ 0.36654204 -0.21601385  0.33354563]
 [ 0.6115062  -0.20544395  0.01811865]
 [ 0.7888987  -0.22938594  0.08754843]
 [ 0.02828611  0.11819663  0.3638746 ]
 [ 0.4132555   0.07631522  0.34389633]
 [ 0.5296111   0.06821105  0.        ]
 [ 0.6842897   0.05144203  0.03611618]
 [ 0.01913204 -0.00664058  0.56691504]
 [ 0.06535311 -0.00479302  0.81032056]
 [ 0.22823393 -0.06654891  0.85523206]
 [ 0.18788153 -0.04174638  0.9640942 ]
 [ 0.08935079  0.12683025  0.7544019 ]
 [ 0.06253717  0.2834939   0.62003887]
 [ 0.05863413  0.36970484  0.48409516]
 [-0.00844432 -0.11993119  0.77146494]
 [-0.17657208 -0.2386604   0.6415111 ]
 [-0.2331671  -0.34710664  0.5107057 ]]
[[ 0.          0.          0.31213158]
 [-0.03009425 -0.11547956  0.31624427]
 [ 0.39015782 -0.24237573  0.2949378 ]
 [ 0.610844   -0.22634983  0.01891041]
 [ 0.7873013  -0.24667442  0.06692269]
 [ 0.03000046  0.11532643  0.30794442]
 [ 0.44164115  0.05181846  0.31131047]
 [ 0.49596137  0.10636435  0.        ]
 [ 0.64960396  0.08190265  0.01824281]
 [-0.00470832 -0.00342058  0.4953491 ]
 [ 0.0147374  -0.00387761  0.73832387]
 [ 0.16987318 -0.06681314  0.7964115 ]
 [ 0.11462255 -0.03694332  0.8941322 ]
 [ 0.03582546  0.12782186  0.6829902 ]
 [-0.0134287   0.28479293  0.5427078 ]
 [-0.04393058  0.4079481   0.38088933]
 [-0.04920718 -0.12147847  0.69069886]
 [-0.22816025 -0.22921385  0.5312016 ]
 [-0.2558877  -0.3324349   0.3757879 ]]
[[ 0.          0.          0.26592606]
 [-0.03114802 -0.11638421  0.27049252]
 [ 0.39227033 -0.2591798   0.2757094 ]
 [ 0.6091327  -0.21800815  0.0245811 ]
 [ 0.78967905 -0.23645058  0.08339241]
 [ 0.03104644  0.11624697  0.261294  ]
 [ 0.44503498  0.02386885  0.29416358]
 [ 0.4754817   0.09040216  0.        ]
 [ 0.63136196  0.0487209   0.042007  ]
 [-0.02182366  0.00564982  0.44322038]
 [-0.02012364  0.01318261  0.68045723]
 [ 0.13305607 -0.05117142  0.7426506 ]
 [ 0.06629625 -0.01277167  0.8284367 ]
 [-0.00136539  0.14102915  0.6265553 ]
 [-0.06935392  0.25607923  0.46056512]
 [-0.1044948   0.36119932  0.28636143]
 [-0.07787682 -0.10654378  0.6290581 ]
 [-0.23206538 -0.20261271  0.43239808]
 [-0.22258142 -0.30869907  0.3106946 ]]
[[ 0.          0.          0.21155521]
 [-0.02679968 -0.11775501  0.2115559 ]
 [ 0.4259497  -0.2422665   0.26268426]
 [ 0.58807874 -0.13961336  0.0423515 ]
 [ 0.77504283 -0.16414306  0.11178021]
 [ 0.02667496  0.11762723  0.21148771]
 [ 0.4748872   0.02273766  0.28431022]
 [ 0.45797974  0.10489383  0.        ]
 [ 0.6386682   0.05256045  0.06370895]
 [-0.06291895  0.00292417  0.3731773 ]
 [-0.10751329  0.01682958  0.5984477 ]
 [ 0.0356937  -0.0436222   0.664994  ]
 [-0.03286678 -0.00666666  0.7476988 ]
 [-0.08085769  0.1374209   0.5475001 ]
 [-0.09649235  0.24774566  0.39141265]
 [-0.11705698  0.30930924  0.23454788]
 [-0.15189542 -0.1025911   0.54288745]
 [-0.22161281 -0.23871736  0.33879572]
 [-0.19214906 -0.34880197  0.28868112]]
[[ 0.          0.          0.16106749]
 [-0.02946588 -0.11525728  0.14970952]
 [ 0.41455805 -0.26859516  0.21312574]
 [ 0.5296329  -0.05524132  0.03498662]
 [ 0.7475023  -0.10385609  0.11671774]
 [ 0.02932002  0.115145    0.1723589 ]
 [ 0.5038035  -0.03035203  0.2692141 ]
 [ 0.40786403  0.07710551  0.        ]
 [ 0.6036706   0.01641551  0.07207268]
 [-0.11452974 -0.002446    0.29824966]
 [-0.2214123   0.01123673  0.50224483]
 [-0.1142809  -0.04869053  0.58401716]
 [-0.18382663 -0.00398427  0.65696037]
 [-0.18681988  0.12993753  0.45701832]
 [-0.09655304  0.24683495  0.3500523 ]
 [-0.03873464  0.28095353  0.30058885]
 [-0.24585149 -0.10498749  0.43305427]
 [-0.22242782 -0.2776969   0.28578898]
 [-0.1534772  -0.32458806  0.33649367]]
[[ 0.00000000e+00  0.00000000e+00  1.21466532e-01]
 [-3.17927822e-02 -1.11375466e-01  9.49403495e-02]
 [ 3.97049785e-01 -2.80374110e-01  1.62188828e-01]
 [ 4.23453182e-01  4.05141711e-03  0.00000000e+00]
 [ 6.46658421e-01 -6.01908118e-02  7.54804164e-02]
 [ 3.16561162e-02  1.11323386e-01  1.47950947e-01]
 [ 4.99241531e-01 -5.01920134e-02  2.68571973e-01]
 [ 3.86573106e-01  9.06618983e-02  3.23461741e-03]
 [ 5.95204949e-01  2.88383141e-02  9.82730985e-02]
 [-1.57711789e-01 -2.52263993e-03  2.27932379e-01]
 [-3.25940788e-01 -6.41077757e-04  3.95819664e-01]
 [-2.52246499e-01 -5.08373380e-02  4.93508279e-01]
 [-3.24880958e-01 -3.03685665e-04  5.48634648e-01]
 [-2.72706419e-01  1.15305156e-01  3.69465590e-01]
 [-4.32883799e-02  2.13909850e-01  3.41667891e-01]
 [ 3.22000198e-02  7.78729022e-02  4.06886041e-01]
 [-3.28482181e-01 -1.15379557e-01  3.15244913e-01]
 [-1.79416895e-01 -3.13089371e-01  2.26066187e-01]
 [-1.65710062e-01 -3.03847313e-01  3.79511714e-01]]
[[ 0.          0.          0.09803602]
 [-0.04180982 -0.09953837  0.05432221]
 [ 0.3752997  -0.32416478  0.16310099]
 [ 0.4152401  -0.01136525  0.00480459]
 [ 0.54887986 -0.04399002  0.01494383]
 [ 0.04165325  0.0995051   0.14172785]
 [ 0.49219543 -0.09458777  0.29187465]
 [ 0.390105    0.11605796  0.02437794]
 [ 0.5105036   0.09355894  0.        ]
 [-0.1883224   0.00445942  0.18546145]
 [-0.3902074   0.00522661  0.33729097]
 [-0.3249503  -0.05543363  0.43247086]
 [-0.39844617  0.00470018  0.48127362]
 [-0.3099453   0.10133025  0.33483478]
 [-0.02915996  0.11404189  0.36335763]
 [ 0.03255856 -0.06509122  0.4654324 ]
 [-0.39712426 -0.10378446  0.24814396]
 [-0.21631327 -0.32160372  0.20840943]
 [-0.21816573 -0.25454745  0.3665429 ]]
[[ 0.          0.          0.05927534]
 [-0.03564524 -0.09165544  0.        ]
 [ 0.38136053 -0.3043157   0.11940338]
 [ 0.4542457   0.0434091   0.00467774]
 [ 0.5833365   0.01917555  0.00363699]
 [ 0.03550618  0.09164205  0.11853169]
 [ 0.47721446 -0.09662013  0.28747338]
 [ 0.4281048   0.16090515  0.02704744]
 [ 0.56940013  0.12613967  0.02631246]
 [-0.19637986 -0.00921183  0.1435775 ]
 [-0.41156864 -0.02928045  0.29117492]
 [-0.35346964 -0.09676093  0.38291252]
 [-0.427891   -0.04244632  0.42610437]
 [-0.32379204  0.06012326  0.31071627]
 [-0.02233695  0.08170804  0.34982705]
 [ 0.04826102 -0.08143219  0.4228564 ]
 [-0.42361206 -0.12198851  0.18826489]
 [-0.25090072 -0.33783817  0.1533959 ]
 [-0.22146875 -0.30526948  0.31519258]]
[[ 0.          0.          0.06448042]
 [-0.03643247 -0.08971383  0.        ]
 [ 0.38739818 -0.2927571   0.08614872]
 [ 0.5017194   0.08038352  0.03016394]
 [ 0.6459911   0.04100003  0.05665785]
 [ 0.03629897  0.089709    0.12895153]
 [ 0.46636248 -0.10900807  0.30787614]
 [ 0.45169592  0.12820736  0.054465  ]
 [ 0.5927264   0.09271783  0.05717006]
 [-0.20271498 -0.01452247  0.14714739]
 [-0.4210291  -0.03289899  0.29485637]
 [-0.36544317 -0.10218361  0.38733727]
 [-0.43784618 -0.04504719  0.4284206 ]
 [-0.32845163  0.0546993   0.3178106 ]
 [-0.01984243  0.07179093  0.35813004]
 [ 0.05527776 -0.14921278  0.4208173 ]
 [-0.44095623 -0.1220107   0.18854474]
 [-0.28207326 -0.33606812  0.15509325]
 [-0.23477024 -0.34787682  0.32163125]]
[[ 0.          0.          0.0688927 ]
 [-0.03992641 -0.08402417  0.        ]
 [ 0.38887388 -0.27176476  0.0615298 ]
 [ 0.54882956  0.09984891  0.02541308]
 [ 0.66896963  0.06086839  0.05529751]
 [ 0.03978837  0.08400136  0.13778256]
 [ 0.4496998  -0.14181718  0.32464904]
 [ 0.4705401   0.07340371  0.08927034]
 [ 0.61300004  0.03515849  0.07598136]
 [-0.20808294 -0.00999817  0.14478444]
 [-0.4296407  -0.02524741  0.28613752]
 [-0.3727774  -0.10241392  0.37547725]
 [-0.4427142  -0.03440943  0.41384172]
 [-0.3233087   0.05117178  0.31280905]
 [-0.0101344   0.02687246  0.35554892]
 [ 0.06324746 -0.21882933  0.40333837]
 [-0.45867652 -0.10602297  0.17328863]
 [-0.3068722  -0.3178499   0.1310821 ]
 [-0.26692253 -0.40682444  0.27931285]]
[[ 0.          0.          0.07405689]
 [-0.04368516 -0.07794684  0.        ]
 [ 0.3968135  -0.25947583  0.06172953]
 [ 0.5679764   0.09267523  0.00598916]
 [ 0.6586875   0.05818519  0.02083363]
 [ 0.04353891  0.07792591  0.14811456]
 [ 0.4382301  -0.16922763  0.33322433]
 [ 0.5137182   0.02787338  0.13488662]
 [ 0.6481274  -0.00964108  0.11300363]
 [-0.2018745  -0.007295    0.15375954]
 [-0.42677388 -0.02959514  0.29487187]
 [-0.37682983 -0.10624963  0.377121  ]
 [-0.4407153  -0.03534889  0.41764024]
 [-0.31176338  0.03677502  0.329065  ]
 [ 0.01238918 -0.02722505  0.3675293 ]
 [ 0.0690994  -0.26548645  0.39587316]
 [-0.45914972 -0.09969804  0.17409441]
 [-0.30805442 -0.30741125  0.11209082]
 [-0.25785962 -0.40767303  0.24036282]]
[[ 0.          0.          0.08467463]
 [-0.0474665  -0.070549    0.00206646]
 [ 0.38849413 -0.25706536  0.07565887]
 [ 0.5990684   0.08391591  0.        ]
 [ 0.69659704  0.03962787  0.01115476]
 [ 0.04732914  0.0705241   0.16728973]
 [ 0.41809762 -0.19125071  0.33293974]
 [ 0.5685564   0.00865939  0.18473893]
 [ 0.71588516 -0.03782761  0.18116477]
 [-0.19287139 -0.01739203  0.17285389]
 [-0.41653287 -0.05640954  0.31982183]
 [-0.37670532 -0.13298851  0.39944777]
 [-0.4389495  -0.06101334  0.44170663]
 [-0.29510945  0.00172812  0.36601108]
 [ 0.0263469  -0.082072    0.3930004 ]
 [ 0.0619058  -0.31683186  0.37810424]
 [-0.45898092 -0.11412679  0.18916923]
 [-0.33681375 -0.32648882  0.10222557]
 [-0.26879382 -0.45722735  0.20214528]]
[[ 0.          0.          0.08748883]
 [-0.04584128 -0.06275409  0.        ]
 [ 0.37611884 -0.23668316  0.05298574]
 [ 0.6160598   0.09659667  0.01032612]
 [ 0.73699534  0.04343324  0.01083586]
 [ 0.04571275  0.0627012   0.17498574]
 [ 0.39687812 -0.20816517  0.32629478]
 [ 0.61900544 -0.0432279   0.23192407]
 [ 0.7663858  -0.095754    0.25558594]
 [-0.18764906 -0.02874756  0.18217641]
 [-0.4105649  -0.08748031  0.3349014 ]
 [-0.37950453 -0.1618393   0.4149194 ]
 [-0.4398741  -0.09087843  0.4514721 ]
 [-0.28616178 -0.03638443  0.38556692]
 [ 0.02905647 -0.11653316  0.39075956]
 [ 0.04613616 -0.34916857  0.33321816]
 [-0.45996046 -0.1324      0.19934162]
 [-0.36407468 -0.32714736  0.07531103]
 [-0.28457192 -0.5273949   0.14514989]]
[[ 0.          0.          0.09611949]
 [-0.0482453  -0.05954193  0.0059738 ]
 [ 0.37119776 -0.2155997   0.02042879]
 [ 0.6701987   0.0978144   0.        ]
 [ 0.7897081   0.03680992  0.01329646]
 [ 0.04812536  0.05948864  0.18628271]
 [ 0.3758006  -0.22663975  0.31723776]
 [ 0.66410005 -0.138158    0.25991178]
 [ 0.7890355  -0.19996151  0.29781666]
 [-0.18100601 -0.04231662  0.19628355]
 [-0.3942424  -0.11013091  0.35297415]
 [-0.37461057 -0.18338273  0.42968363]
 [-0.424541   -0.11301702  0.46389416]
 [-0.26507717 -0.06705713  0.40438458]
 [ 0.03130343 -0.15026484  0.37427035]
 [ 0.03156409 -0.3747968   0.2766409 ]
 [-0.45506176 -0.14664312  0.21474858]
 [-0.39008337 -0.3299251   0.06455138]
 [-0.316992   -0.5649617   0.10741696]]
[[ 0.          0.          0.11798923]
 [-0.04845858 -0.05320789  0.02866938]
 [ 0.3618874  -0.19122568  0.01572593]
 [ 0.6852875   0.11114693  0.        ]
 [ 0.8168158   0.04414567  0.01095635]
 [ 0.04833957  0.05315013  0.20732848]
 [ 0.3623233  -0.23925097  0.3200218 ]
 [ 0.68367803 -0.18823144  0.2883467 ]
 [ 0.80336154 -0.25634953  0.33768058]
 [-0.17467597 -0.05455538  0.21947727]
 [-0.3828509  -0.13593379  0.37527746]
 [-0.37256148 -0.2076542   0.44851846]
 [-0.416951   -0.14119303  0.48106706]
 [-0.25149563 -0.10023718  0.42707598]
 [ 0.03471062 -0.18394119  0.37016863]
 [ 0.02119848 -0.38964474  0.24279292]
 [-0.44807273 -0.15907302  0.23560855]
 [-0.39187753 -0.31924143  0.05573623]
 [-0.32645035 -0.57003146  0.0698465 ]]
[[ 0.          0.          0.14005126]
 [-0.05072135 -0.04714628  0.05277545]
 [ 0.35561347 -0.18521804  0.02151132]
 [ 0.6927365   0.11395469  0.        ]
 [ 0.8267391   0.04323418  0.00390226]
 [ 0.05060384  0.04708777  0.22735207]
 [ 0.35260266 -0.25060737  0.3270951 ]
 [ 0.7045493  -0.20765997  0.3208818 ]
 [ 0.82519156 -0.27909684  0.37453157]
 [-0.1679954  -0.05860386  0.24028338]
 [-0.37160105 -0.14897496  0.39232582]
 [-0.37028104 -0.21987827  0.4619357 ]
 [-0.40836346 -0.15325329  0.49303758]
 [-0.23901972 -0.11791444  0.4445377 ]
 [ 0.03747801 -0.19451424  0.37074775]
 [ 0.01488551 -0.39226645  0.2246359 ]
 [-0.43972737 -0.16212508  0.25228104]
 [-0.3871457  -0.30323926  0.05459996]
 [-0.33920276 -0.56054944  0.05776478]]
[[ 0.          0.          0.17417565]
 [-0.0518157  -0.03722433  0.08761882]
 [ 0.34600863 -0.15889582  0.03474662]
 [ 0.6896517   0.12449592  0.01713672]
 [ 0.8200567   0.05951335  0.        ]
 [ 0.05170806  0.03715526  0.2607587 ]
 [ 0.34115922 -0.25778055  0.33502948]
 [ 0.72130525 -0.23508412  0.3479536 ]
 [ 0.8391354  -0.30858833  0.399619  ]
 [-0.16477115 -0.06306092  0.2746321 ]
 [-0.36596137 -0.15884586  0.42510846]
 [-0.37249708 -0.22687817  0.49376333]
 [-0.40572345 -0.15839642  0.5213206 ]
 [-0.23284051 -0.13490182  0.4772652 ]
 [ 0.03143498 -0.20940414  0.3871714 ]
 [-0.00361523 -0.40130055  0.23287472]
 [-0.4372134  -0.16160876  0.2871027 ]
 [-0.39503375 -0.2833821   0.07459143]
 [-0.370577   -0.5428301   0.07213721]]
[[ 0.          0.          0.1927128 ]
 [-0.05096927 -0.02761579  0.10716069]
 [ 0.34032357 -0.13015422  0.03279306]
 [ 0.6940087   0.14663467  0.0244274 ]
 [ 0.8265623   0.07868043  0.        ]
 [ 0.0508653   0.02754447  0.2782895 ]
 [ 0.32672474 -0.26034868  0.32477212]
 [ 0.7289373  -0.24325782  0.35155475]
 [ 0.8371472  -0.32021213  0.39492768]
 [-0.16396698 -0.07019845  0.29151762]
 [-0.36400923 -0.17315534  0.43907297]
 [-0.3810929  -0.23699039  0.50329024]
 [-0.4065575  -0.16934165  0.5302186 ]
 [-0.2315894  -0.15674564  0.491252  ]
 [ 0.02206512 -0.2268542   0.38880455]
 [-0.02652731 -0.4150461   0.23451309]
 [-0.43792143 -0.16322741  0.30455065]
 [-0.40333635 -0.26809067  0.07922502]
 [-0.3986525  -0.5247356   0.09184141]]
[[ 0.          0.          0.21805415]
 [-0.04820738 -0.01776075  0.13444382]
 [ 0.32920235 -0.10190143  0.03261602]
 [ 0.6877275   0.1749926   0.03125863]
 [ 0.827261    0.09910989  0.        ]
 [ 0.04810047  0.01768782  0.30168962]
 [ 0.30576718 -0.26879478  0.3120589 ]
 [ 0.719515   -0.2533368   0.34970158]
 [ 0.8238758  -0.3320172   0.38197142]
 [-0.16284189 -0.07072053  0.31362975]
 [-0.36292142 -0.1742095   0.45733258]
 [-0.3887505  -0.23599046  0.51729965]
 [-0.40981355 -0.16975543  0.5462313 ]
 [-0.23202038 -0.17002922  0.5087726 ]
 [ 0.00883313 -0.25250357  0.394657  ]
 [-0.05616925 -0.42856902  0.22678885]
 [-0.4360722  -0.15006892  0.3252251 ]
 [-0.4087664  -0.23525718  0.08720598]
 [-0.4211455  -0.49864364  0.08822343]]
[[ 0.          0.          0.24993867]
 [-0.04594041 -0.0040666   0.17023113]
 [ 0.31787556 -0.07445049  0.03594102]
 [ 0.6814406   0.1961447   0.04409634]
 [ 0.8246398   0.11854744  0.        ]
 [ 0.04583375  0.00398935  0.32967052]
 [ 0.28766024 -0.27530637  0.3059712 ]
 [ 0.7100549  -0.2515492   0.3490749 ]
 [ 0.8125106  -0.33161122  0.3645239 ]
 [-0.16576338 -0.06960823  0.33835775]
 [-0.3711341  -0.17196786  0.47120655]
 [-0.41271546 -0.22953235  0.52188164]
 [-0.4247572  -0.16875473  0.5536868 ]
 [-0.24262533 -0.18428358  0.5265449 ]
 [-0.01437251 -0.27722782  0.40049914]
 [-0.09004555 -0.44463298  0.22319424]
 [-0.4413597  -0.12916648  0.34197477]
 [-0.42198914 -0.1976768   0.09800407]
 [-0.46518534 -0.45092228  0.08800966]]
[[ 0.          0.          0.28027734]
 [-0.0458864   0.00978667  0.2045669 ]
 [ 0.3061921  -0.05011526  0.0443581 ]
 [ 0.6737616   0.21964923  0.06410643]
 [ 0.8149372   0.14864016  0.        ]
 [ 0.04577624 -0.00987969  0.35601187]
 [ 0.27318043 -0.2851679   0.2985748 ]
 [ 0.7009054  -0.24784064  0.3508962 ]
 [ 0.80796117 -0.3273666   0.3463884 ]
 [-0.16953258 -0.06943643  0.36079007]
 [-0.38097554 -0.17222863  0.48167482]
 [-0.43763736 -0.22460982  0.5205759 ]
 [-0.44113615 -0.16993521  0.5530007 ]
 [-0.25278208 -0.19830677  0.5395504 ]
 [-0.03226219 -0.29340878  0.40570462]
 [-0.11402519 -0.44980127  0.22136816]
 [-0.45021835 -0.11480047  0.35776025]
 [-0.43477917 -0.16451652  0.10450652]
 [-0.50021446 -0.40362668  0.08785883]]
[[ 0.          0.          0.30395645]
 [-0.04377938  0.02444318  0.23162717]
 [ 0.29911062 -0.01375574  0.04626638]
 [ 0.67151666  0.24706599  0.08133128]
 [ 0.80939716  0.18409762  0.        ]
 [ 0.04367078 -0.02454599  0.3763095 ]
 [ 0.25532478 -0.29017502  0.2835757 ]
 [ 0.6895598  -0.23865002  0.34332126]
 [ 0.7998198  -0.31685457  0.32038713]
 [-0.1742425  -0.06797715  0.37710327]
 [-0.39075708 -0.16522902  0.48601642]
 [-0.4678825  -0.20339993  0.5127208 ]
 [-0.45637    -0.15526444  0.54601955]
 [-0.26428628 -0.20671299  0.54544616]
 [-0.05870128 -0.30597264  0.40622693]
 [-0.12965102 -0.45944107  0.22189507]
 [-0.45729893 -0.0933331   0.36881524]
 [-0.4497784  -0.12414762  0.11225396]
 [-0.52647686 -0.3662336   0.10097599]]
[[ 0.          0.          0.3211959 ]
 [-0.0420415   0.04142435  0.25328213]
 [ 0.28893474  0.02386686  0.04164553]
 [ 0.6594486   0.27462736  0.09760591]
 [ 0.7923229   0.21586354  0.        ]
 [ 0.04193699 -0.0415364   0.389134  ]
 [ 0.2359721  -0.29571256  0.25402722]
 [ 0.6657138  -0.2376993   0.329596  ]
 [ 0.7828496  -0.31526107  0.28831258]
 [-0.18009284 -0.06203547  0.38258654]
 [-0.40545133 -0.1530469   0.47689462]
 [-0.49748832 -0.17332457  0.48903555]
 [-0.4758426  -0.13400647  0.526613  ]
 [-0.27998754 -0.20907249  0.5385189 ]
 [-0.07692844 -0.30795977  0.39449167]
 [-0.14797792 -0.4382773   0.19210854]
 [-0.46806628 -0.06586072  0.36543047]
 [-0.46723372 -0.081056    0.10590881]
 [-0.5599804  -0.32322106  0.09207714]]
[[ 0.          0.          0.34201849]
 [-0.03877734  0.05744244  0.28038082]
 [ 0.26657048  0.04794717  0.0371016 ]
 [ 0.63895655  0.2831727   0.11194298]
 [ 0.7633854   0.23339216  0.        ]
 [ 0.03867071 -0.05756819  0.40368038]
 [ 0.200513   -0.3132906   0.22337353]
 [ 0.62929976 -0.24650618  0.30392593]
 [ 0.7522603  -0.3222379   0.24880573]
 [-0.18711488 -0.05116434  0.3935805 ]
 [-0.42127922 -0.13454108  0.47596884]
 [-0.52276975 -0.14193411  0.4777475 ]
 [-0.49257767 -0.10968745  0.5213671 ]
 [-0.2985227  -0.20503855  0.5353232 ]
 [-0.10037884 -0.28989542  0.3727556 ]
 [-0.17266905 -0.39934343  0.16160738]
 [-0.47858703 -0.03493002  0.37010497]
 [-0.48634928 -0.03491926  0.10504642]
 [-0.5935937  -0.27809975  0.07504922]]
[[ 0.          0.          0.3675891 ]
 [-0.0343023   0.0728301   0.3141    ]
 [ 0.2285294   0.06456599  0.03224394]
 [ 0.60630167  0.28076434  0.12545097]
 [ 0.72446644  0.23889996  0.        ]
 [ 0.03420122 -0.07296726  0.4211055 ]
 [ 0.16205004 -0.32137278  0.19010672]
 [ 0.58018804 -0.25081462  0.27582446]
 [ 0.70857346 -0.3213632   0.20638886]
 [-0.19538794 -0.04330724  0.40902698]
 [-0.43756872 -0.11948512  0.4790085 ]
 [-0.5443818  -0.11884101  0.47023982]
 [-0.51167655 -0.09342889  0.51872957]
 [-0.31991702 -0.20581967  0.533664  ]
 [-0.12412045 -0.27637705  0.34474218]
 [-0.21430954 -0.36276358  0.13221729]
 [-0.48701966 -0.00677753  0.3799106 ]
 [-0.50346947  0.01378542  0.107474  ]
 [-0.6260065  -0.22113803  0.06223926]]
[[ 0.          0.          0.38409597]
 [-0.02741466  0.08458992  0.3369822 ]
 [ 0.19571824  0.07856721  0.01930368]
 [ 0.58397317  0.27032393  0.13346547]
 [ 0.69658077  0.23084125  0.        ]
 [ 0.02731705 -0.08472451  0.43124127]
 [ 0.12689525 -0.32595444  0.16460016]
 [ 0.5420674  -0.25409096  0.25002402]
 [ 0.67416406 -0.32057366  0.17107317]
 [-0.19765708 -0.03352779  0.41835973]
 [-0.44384426 -0.10041011  0.47778246]
 [-0.5630183  -0.08376323  0.45751488]
 [-0.5210502  -0.06792438  0.51093495]
 [-0.33364463 -0.20011638  0.52787256]
 [-0.14757715 -0.2616673   0.3186752 ]
 [-0.22779994 -0.3583191   0.12408549]
 [-0.48411155  0.02200011  0.38521135]
 [-0.5117613   0.05861841  0.1085639 ]
 [-0.6435319  -0.17123806  0.05739978]]
[[ 0.          0.          0.4030841 ]
 [-0.02276286  0.09322901  0.3604317 ]
 [ 0.17120385  0.09307611  0.01539639]
 [ 0.5649546   0.26635587  0.14088476]
 [ 0.67094386  0.22898579  0.        ]
 [ 0.02267429 -0.09335861  0.44576865]
 [ 0.10668218 -0.31261456  0.14347601]
 [ 0.5127488  -0.24210256  0.22964248]
 [ 0.6450591  -0.3090402   0.14616495]
 [-0.19983101 -0.03019752  0.43332183]
 [-0.44697478 -0.08880286  0.48489687]
 [-0.573652   -0.06052819  0.45160007]
 [-0.52635086 -0.05624889  0.51162696]
 [-0.34459916 -0.19773072  0.53100395]
 [-0.16811264 -0.253363    0.3094968 ]
 [-0.25461054 -0.328258    0.10817587]
 [-0.47745776  0.04111581  0.3989601 ]
 [-0.51334447  0.08934997  0.11977249]
 [-0.654433   -0.13568169  0.06297952]]
[[ 0.          0.          0.41786325]
 [-0.01835318  0.09742757  0.37860107]
 [ 0.15077941  0.10227993  0.01268607]
 [ 0.5453505   0.25994635  0.14596617]
 [ 0.64407367  0.22746792  0.        ]
 [ 0.01826879 -0.09755617  0.4571564 ]
 [ 0.08445282 -0.29867747  0.1296449 ]
 [ 0.48469412 -0.23150107  0.21441737]
 [ 0.61534655 -0.29820782  0.12658218]
 [-0.20342371 -0.02716932  0.4452701 ]
 [-0.45296296 -0.07963867  0.49103534]
 [-0.5832243  -0.04455109  0.45157874]
 [-0.5326816  -0.04546079  0.512712  ]
 [-0.3567925  -0.19334863  0.53304243]
 [-0.18952417 -0.24391234  0.30233446]
 [-0.28026515 -0.29893395  0.09896529]
 [-0.47673303  0.05358338  0.41152284]
 [-0.52104306  0.11023304  0.13213617]
 [-0.66689867 -0.10850143  0.06858739]]
