[[ 0.          0.          0.76411414]
 [ 0.11194609  0.04669626  0.7797204 ]
 [ 0.00501185  0.3001932   0.45180365]
 [-0.07148501  0.28898343  0.03949255]
 [-0.15373787  0.41377512  0.        ]
 [-0.11215112 -0.04677378  0.74808216]
 [-0.01319625 -0.04284045  0.3236537 ]
 [ 0.25790763 -0.41439417  0.4216507 ]
 [ 0.39318198 -0.428076    0.3249545 ]
 [ 0.01720734  0.06220312  0.9931357 ]
 [ 0.00319046  0.06419045  1.2492027 ]
 [-0.04881654  0.14690852  1.3404131 ]
 [-0.03581539  0.12305868  1.4651058 ]
 [-0.15021938  0.04462871  1.2119294 ]
 [-0.29214495 -0.001635    0.9890145 ]
 [-0.2480211   0.22305402  0.8525803 ]
 [ 0.15435487  0.05945149  1.188149  ]
 [ 0.34803188 -0.0027124   1.04491   ]
 [ 0.39843428  0.10027298  0.8330381 ]]
[[ 0.          0.          0.7857425 ]
 [ 0.1135468   0.04877747  0.80215013]
 [ 0.03435439  0.30350614  0.4652313 ]
 [-0.01783253  0.26400518  0.04250729]
 [-0.09538104  0.39617866  0.        ]
 [-0.11373251 -0.04880514  0.7689709 ]
 [-0.05586137 -0.00540361  0.3501974 ]
 [ 0.21878862 -0.3900078   0.46049654]
 [ 0.35800675 -0.40035927  0.36762595]
 [ 0.01633517  0.06428251  1.0141635 ]
 [ 0.00235834  0.07078934  1.2697067 ]
 [-0.04748759  0.15007985  1.3651206 ]
 [-0.03384027  0.12480533  1.4877944 ]
 [-0.15168795  0.04376626  1.2338562 ]
 [-0.2916866  -0.02992669  1.0160004 ]
 [-0.25599134  0.18491974  0.8566217 ]
 [ 0.15520239  0.07387736  1.2073239 ]
 [ 0.32958233  0.04680607  1.0429267 ]
 [ 0.3532096   0.19204411  0.85417414]]
[[ 0.          0.          0.7819649 ]
 [ 0.11366619  0.05630733  0.7977506 ]
 [ 0.12083247  0.31423253  0.4556092 ]
 [ 0.12920815  0.21398199  0.04905564]
 [ 0.04585382  0.3469674   0.        ]
 [-0.11381765 -0.05624707  0.7659643 ]
 [-0.14862311  0.08567926  0.40436572]
 [ 0.11130917 -0.31446338  0.47323474]
 [ 0.22566688 -0.2982629   0.36757872]
 [ 0.01238425  0.06513402  1.0081946 ]
 [-0.00179568  0.08526701  1.2632307 ]
 [-0.0500536   0.15770483  1.3604667 ]
 [-0.0322267   0.13144958  1.4782629 ]
 [-0.15178114  0.0370203   1.2319245 ]
 [-0.27930236 -0.11536337  1.041034  ]
 [-0.24312222  0.09084792  0.8805919 ]
 [ 0.15157583  0.10988501  1.1990488 ]
 [ 0.25833488  0.16623731  0.9892816 ]
 [ 0.20454887  0.37583798  0.88856065]]
[[ 0.          0.          0.7144022 ]
 [ 0.1142857   0.05099162  0.7228381 ]
 [ 0.23836896  0.27502492  0.4128854 ]
 [ 0.3302744   0.08983135  0.07794237]
 [ 0.2797281   0.2209484   0.        ]
 [-0.11436034 -0.05087183  0.7058892 ]
 [-0.22531575  0.19647694  0.5077004 ]
 [-0.04786317 -0.12654224  0.38165033]
 [-0.04165557 -0.06839216  0.24404263]
 [-0.00186628  0.04028721  0.9461555 ]
 [-0.02462394  0.05550873  1.2025433 ]
 [-0.06643571  0.1368497   1.2938892 ]
 [-0.05337002  0.10337514  1.408461  ]
 [-0.17125782 -0.01582974  1.181851  ]
 [-0.23431484 -0.23739731  1.0634193 ]
 [-0.17653364 -0.10808322  0.9279759 ]
 [ 0.12445174  0.10841113  1.1451386 ]
 [ 0.13684975  0.27591968  0.9536849 ]
 [ 0.01836322  0.44830164  1.0001605 ]]
[[ 0.          0.          0.65073574]
 [ 0.10429785  0.0520974   0.6517212 ]
 [ 0.29516754  0.21678197  0.3972987 ]
 [ 0.42730987 -0.05011296  0.12434822]
 [ 0.41887236  0.03018171  0.        ]
 [-0.10434659 -0.0519538   0.6497991 ]
 [-0.24201787  0.21514963  0.5509652 ]
 [-0.17306219 -0.04311037  0.21379647]
 [-0.22053254  0.03959185  0.09187472]
 [-0.01611739  0.01949099  0.8865344 ]
 [-0.04326335  0.02660307  1.143229  ]
 [-0.08129759  0.11230743  1.2231598 ]
 [-0.06947669  0.07826447  1.3370535 ]
 [-0.16729987 -0.05402875  1.1312646 ]
 [-0.13740896 -0.29212323  1.1134568 ]
 [-0.0628859  -0.29632258  0.9609107 ]
 [ 0.08816114  0.09315062  1.0887764 ]
 [ 0.01508128  0.29642946  0.9526889 ]
 [-0.1471707   0.34931403  1.0992129 ]]
[[ 0.          0.          0.6289825 ]
 [ 0.10023676  0.05185353  0.62903523]
 [ 0.2980753   0.18438539  0.3762987 ]
 [ 0.43769765 -0.12945259  0.14502376]
 [ 0.4496039  -0.07880908  0.        ]
 [-0.10029417 -0.05169659  0.62907606]
 [-0.25165495  0.2065255   0.5213486 ]
 [-0.22354835  0.00522664  0.12837261]
 [-0.28292686  0.10440609  0.02783233]
 [-0.02363873  0.01325846  0.8636597 ]
 [-0.05489107  0.0200333   1.1197077 ]
 [-0.09376995  0.10674345  1.1990583 ]
 [-0.08073068  0.07519644  1.3129203 ]
 [-0.17141391 -0.06102696  1.1106291 ]
 [-0.12512466 -0.2928763   1.1352254 ]
 [-0.05272772 -0.3190723   0.9779824 ]
 [ 0.07003008  0.09096014  1.0663912 ]
 [-0.01444948  0.30815423  0.94040215]
 [-0.17880902  0.3406868   1.0976102 ]]
[[ 0.          0.          0.64833426]
 [ 0.10775386  0.05133215  0.6498898 ]
 [ 0.25934517  0.14126217  0.33925837]
 [ 0.39253566 -0.27410328  0.31031537]
 [ 0.43358356 -0.26775783  0.16050988]
 [-0.10782705 -0.05120372  0.6471437 ]
 [-0.2367608   0.25212103  0.47373855]
 [-0.26698565  0.1663073   0.05371988]
 [-0.34877545  0.30070716  0.        ]
 [-0.03182282  0.01243812  0.8827333 ]
 [-0.07108675  0.01593435  1.1376014 ]
 [-0.12371859  0.09516519  1.2242239 ]
 [-0.11159784  0.06552762  1.3389021 ]
 [-0.18536568 -0.06322679  1.119699  ]
 [-0.1165462  -0.26102144  1.0459777 ]
 [-0.05388276 -0.24994439  0.8847526 ]
 [ 0.05496431  0.08894107  1.0814583 ]
 [ 0.01869983  0.30733207  0.90937006]
 [-0.14817083  0.4056245   0.99840474]]
[[ 0.          0.          0.66861665]
 [ 0.11425514  0.05553071  0.6686632 ]
 [ 0.16283117  0.06399006  0.29458976]
 [ 0.2922206  -0.38650504  0.4009432 ]
 [ 0.35619652 -0.41519377  0.30063036]
 [-0.11432882 -0.05543262  0.6690053 ]
 [-0.19842455  0.29737857  0.43181032]
 [-0.22457802  0.31470284  0.02448481]
 [-0.30490115  0.4776875   0.        ]
 [-0.03229397  0.03034306  0.89870226]
 [-0.07371647  0.03670669  1.153374  ]
 [-0.1345343   0.0986858   1.2523065 ]
 [-0.1191783   0.06648976  1.3648269 ]
 [-0.18629473 -0.03847107  1.1269921 ]
 [-0.13219903 -0.20547602  0.96210474]
 [-0.10568805 -0.14199868  0.7763092 ]
 [ 0.05436917  0.10272747  1.096708  ]
 [ 0.08098565  0.27845284  0.8782785 ]
 [-0.04345351  0.430765    0.8592837 ]]
[[ 0.          0.          0.71280545]
 [ 0.11552547  0.05844199  0.71598446]
 [ 0.05998305  0.06547827  0.31965205]
 [ 0.19542831 -0.40580502  0.4906432 ]
 [ 0.26463088 -0.45925522  0.41669834]
 [-0.11562414 -0.05837971  0.7100396 ]
 [-0.15913934  0.29431534  0.43911636]
 [-0.13167402  0.32602698  0.0257557 ]
 [-0.20933497  0.503881    0.        ]
 [-0.03443878  0.04153493  0.93879825]
 [-0.0839435   0.04829103  1.1930666 ]
 [-0.15222676  0.10083568  1.303725  ]
 [-0.13475677  0.05951357  1.4105647 ]
 [-0.19855127 -0.02984738  1.1585675 ]
 [-0.18779594 -0.17319095  0.9307486 ]
 [-0.18844837 -0.02105632  0.7521673 ]
 [ 0.04993128  0.10820484  1.1379993 ]
 [ 0.1460845   0.237542    0.9085239 ]
 [ 0.10068522  0.4004543   0.7744595 ]]
[[ 0.          0.          0.70851594]
 [ 0.10996792  0.06245416  0.7112968 ]
 [-0.02729025  0.09205458  0.33910805]
 [ 0.13591373 -0.36564347  0.51165354]
 [ 0.18495077 -0.40817046  0.41759056]
 [-0.11010083 -0.0623976   0.7060611 ]
 [-0.12358329  0.28826225  0.42052963]
 [-0.0374766   0.31513846  0.03233415]
 [-0.11542758  0.49522746  0.        ]
 [-0.03506594  0.04910302  0.93181   ]
 [-0.08896778  0.05169147  1.1849307 ]
 [-0.16044849  0.10279512  1.2979057 ]
 [-0.14213479  0.05865723  1.4036677 ]
 [-0.20512602 -0.02238476  1.1508375 ]
 [-0.23085731 -0.13682485  0.9134138 ]
 [-0.23227803  0.05225591  0.762252  ]
 [ 0.04499006  0.1022726   1.1280041 ]
 [ 0.18427742  0.18318936  0.91726077]
 [ 0.20089437  0.3323452   0.7318521 ]]
[[ 0.          0.          0.6680554 ]
 [ 0.10083547  0.06370056  0.6738361 ]
 [-0.14054394  0.1938888   0.44150108]
 [ 0.02749136 -0.19066708  0.434806  ]
 [ 0.01895519 -0.16347116  0.29424047]
 [-0.10095693 -0.06375857  0.66217506]
 [-0.0196114   0.22187869  0.35600135]
 [ 0.1643577   0.2385998   0.05861366]
 [ 0.1035905   0.41610304  0.        ]
 [-0.03324214  0.04417084  0.8943994 ]
 [-0.08157651  0.04678142  1.1488626 ]
 [-0.14915681  0.10647863  1.2557242 ]
 [-0.126545    0.06644833  1.3658924 ]
 [-0.20985627 -0.00747365  1.1114236 ]
 [-0.32263324 -0.08096655  0.89018   ]
 [-0.2975204   0.13024133  0.86092323]
 [ 0.05320624  0.06815267  1.0951756 ]
 [ 0.24634504  0.02990815  0.96440685]
 [ 0.37123576  0.13005358  0.75672805]]
[[ 0.          0.          0.6250419 ]
 [ 0.09579803  0.0511546   0.6344055 ]
 [-0.18667027  0.2038283   0.5472765 ]
 [-0.11859065 -0.05218118  0.23444527]
 [-0.20854034  0.04890791  0.13554591]
 [-0.09590712 -0.05140669  0.61517435]
 [ 0.10131508  0.12316805  0.310542  ]
 [ 0.32297027  0.08919036  0.10004061]
 [ 0.29930663  0.22734562  0.        ]
 [-0.02984681  0.02593756  0.8605481 ]
 [-0.07213387  0.02111     1.1183722 ]
 [-0.12496303  0.09992623  1.2108247 ]
 [-0.10692395  0.06708395  1.3307173 ]
 [-0.21355303 -0.00279036  1.081718  ]
 [-0.36456633 -0.00890896  0.8796593 ]
 [-0.28947377  0.16577971  1.0214535 ]
 [ 0.06875645  0.01416701  1.0732248 ]
 [ 0.28687721 -0.07597879  1.0523366 ]
 [ 0.45156807 -0.06674527  0.8724411 ]]
[[ 0.0000000e+00  0.0000000e+00  5.9932899e-01]
 [ 9.8435268e-02  4.4684015e-02  6.0817051e-01]
 [-1.8076158e-01  2.0123494e-01  5.3042805e-01]
 [-1.8753396e-01  4.9457848e-02  1.3210145e-01]
 [-3.0301261e-01  1.7111829e-01  7.3136330e-02]
 [-9.8570794e-02 -4.4971239e-02  5.8990169e-01]
 [ 1.3000064e-01  9.0447694e-02  2.8067952e-01]
 [ 3.7365353e-01 -1.3229072e-02  1.1765519e-01]
 [ 3.8804549e-01  9.9968910e-02  0.0000000e+00]
 [-2.5297243e-02  1.8468887e-02  8.4025520e-01]
 [-6.0832344e-02  1.3831496e-02  1.0980170e+00]
 [-1.1117157e-01  9.7347736e-02  1.1868293e+00]
 [-9.5196888e-02  6.5506101e-02  1.3093381e+00]
 [-2.0907843e-01  1.2615323e-03  1.0646549e+00]
 [-3.6197460e-01  2.5435865e-02  8.7811208e-01]
 [-2.6552063e-01  1.8504673e-01  1.0461977e+00]
 [ 8.5558817e-02 -6.6822767e-03  1.0573475e+00]
 [ 3.0028975e-01 -1.0648173e-01  1.0666333e+00]
 [ 4.6282709e-01 -1.3049424e-01  8.9636362e-01]]
[[ 0.          0.          0.5257256 ]
 [ 0.10265563  0.03728097  0.5375993 ]
 [-0.1440025   0.22388315  0.42628264]
 [-0.21748748  0.19524074  0.0165922 ]
 [-0.33083612  0.32343918  0.        ]
 [-0.10288014 -0.03755222  0.5132333 ]
 [ 0.13151199  0.09608598  0.19842762]
 [ 0.412201   -0.08050191  0.14940548]
 [ 0.48603085  0.00277528  0.0412403 ]
 [-0.01662457  0.01069722  0.7677245 ]
 [-0.04645775 -0.00124007  1.0249138 ]
 [-0.09509772  0.08227175  1.1150132 ]
 [-0.0818737   0.0475539   1.2341824 ]
 [-0.19719389 -0.00422257  0.98954177]
 [-0.3461907   0.05054879  0.81296134]
 [-0.24034667  0.23295808  0.9510579 ]
 [ 0.10429955 -0.02182543  0.9864998 ]
 [ 0.32330638 -0.10651645  0.99987656]
 [ 0.4533746  -0.14345337  0.8173592 ]]
[[ 0.          0.          0.5701575 ]
 [ 0.10640547  0.03438793  0.58374476]
 [-0.08124784  0.28545386  0.40046006]
 [-0.17038167  0.35796446  0.        ]
 [-0.27263057  0.48362285  0.00620484]
 [-0.10669492 -0.03460519  0.55595267]
 [ 0.09335312  0.07875332  0.20948893]
 [ 0.38857934 -0.16675496  0.25629482]
 [ 0.50626385 -0.11431393  0.17020327]
 [-0.00499598  0.01564151  0.81171143]
 [-0.02913391  0.00622556  1.0682473 ]
 [-0.0810304   0.08572525  1.1595759 ]
 [-0.06597494  0.05222344  1.2784805 ]
 [-0.18225315  0.00721821  1.030767  ]
 [-0.32725644  0.05596685  0.84013665]
 [-0.23197609  0.28391743  0.8853433 ]
 [ 0.12661043 -0.01237589  1.0286078 ]
 [ 0.3344006  -0.09800842  0.99799573]
 [ 0.42858207 -0.1150418   0.7915987 ]]
[[ 0.          0.          0.67151845]
 [ 0.11205912  0.03948924  0.6867548 ]
 [-0.01777327  0.32245782  0.42280895]
 [-0.09613489  0.3548506   0.01289105]
 [-0.18941528  0.47930446  0.        ]
 [-0.11230688 -0.03963674  0.6557722 ]
 [ 0.02358711  0.06403381  0.27589414]
 [ 0.31501344 -0.25235236  0.39558765]
 [ 0.4558475  -0.21941966  0.31992257]
 [ 0.01065426  0.03634313  0.90970933]
 [-0.00715682  0.03233829  1.165322  ]
 [-0.0639881   0.11068189  1.259727  ]
 [-0.04664451  0.08003283  1.3802419 ]
 [-0.16299579  0.0252631   1.1305416 ]
 [-0.31223214  0.0095664   0.9199132 ]
 [-0.24837568  0.24422762  0.8461051 ]
 [ 0.14996548  0.02039474  1.1152614 ]
 [ 0.33973038 -0.05074489  1.0134406 ]
 [ 0.39303237  0.00735024  0.80414796]]
[[ 0.          0.          0.7398128 ]
 [ 0.11417931  0.0482384   0.75790626]
 [ 0.0409532   0.3254797   0.45033288]
 [-0.01102704  0.29549614  0.03164881]
 [-0.10891274  0.4224233   0.        ]
 [-0.11437505 -0.04829445  0.7213492 ]
 [-0.05499064  0.06581298  0.33256125]
 [ 0.2254267  -0.3079425   0.4824674 ]
 [ 0.37349808 -0.29455107  0.40413442]
 [ 0.01654887  0.05038834  0.973263  ]
 [ 0.00182437  0.05466327  1.2280338 ]
 [-0.05664333  0.13275963  1.3236392 ]
 [-0.03836069  0.10491949  1.4435704 ]
 [-0.1529278   0.03043276  1.1950482 ]
 [-0.29304266 -0.04258348  0.975874  ]
 [-0.25144875  0.17680076  0.8346712 ]
 [ 0.15877041  0.05803227  1.1705883 ]
 [ 0.32456267  0.03700274  1.0203979 ]
 [ 0.33336273  0.15953499  0.8373798 ]]
[[ 0.00000000e+00  0.00000000e+00  7.36846685e-01]
 [ 1.16199061e-01  5.32314740e-02  7.54443884e-01]
 [ 1.20943420e-01  3.36141676e-01  4.44633931e-01]
 [ 1.28658831e-01  2.37414330e-01  4.48358655e-02]
 [ 2.85997763e-02  3.64382863e-01  0.00000000e+00]
 [-1.16383903e-01 -5.31863198e-02  7.19051242e-01]
 [-1.37585402e-01  1.28831580e-01  3.78594309e-01]
 [ 1.02586597e-01 -2.67560393e-01  4.83839273e-01]
 [ 2.28583634e-01 -2.42702127e-01  3.82544041e-01]
 [ 1.41613316e-02  5.67405820e-02  9.66177583e-01]
 [-3.41966748e-04  7.45567679e-02  1.22114635e+00]
 [-5.22310883e-02  1.47745073e-01  1.31757498e+00]
 [-3.19764763e-02  1.20010138e-01  1.43348837e+00]
 [-1.51115686e-01  2.97093391e-02  1.19193530e+00]
 [-2.74769247e-01 -1.18057296e-01  9.90146816e-01]
 [-2.36787558e-01  7.98508972e-02  8.30674231e-01]
 [ 1.57586828e-01  9.47222710e-02  1.16138864e+00]
 [ 2.74942517e-01  1.41204119e-01  9.72634912e-01]
 [ 2.22764969e-01  3.33862990e-01  8.69377315e-01]]
[[ 0.          0.          0.6710882 ]
 [ 0.11505464  0.05324197  0.6824728 ]
 [ 0.25097698  0.27775013  0.39192557]
 [ 0.3487612   0.05560565  0.08484334]
 [ 0.298758    0.18185854  0.        ]
 [-0.11510015 -0.05313677  0.6597055 ]
 [-0.2394985   0.22444597  0.50277746]
 [-0.0846292  -0.11472291  0.3498812 ]
 [-0.10235257 -0.04702309  0.2142809 ]
 [-0.00165027  0.03229737  0.9033265 ]
 [-0.02130545  0.04280084  1.1599817 ]
 [-0.06574441  0.12026429  1.2554077 ]
 [-0.04426658  0.07981139  1.3667207 ]
 [-0.16521668 -0.02901727  1.1384959 ]
 [-0.19903511 -0.2500608   0.99042654]
 [-0.1462909  -0.14160118  0.8613037 ]
 [ 0.12441319  0.09572268  1.1040012 ]
 [ 0.12802823  0.25613788  0.9286171 ]
 [-0.00885907  0.38951582  0.99429923]]
[[ 0.          0.          0.6324741 ]
 [ 0.10796703  0.05569979  0.63943315]
 [ 0.29694703  0.21307078  0.36870062]
 [ 0.43351206 -0.0843212   0.1246531 ]
 [ 0.4130206  -0.00154841  0.        ]
 [-0.10798764 -0.05558145  0.6256354 ]
 [-0.25678474  0.23762706  0.54337204]
 [-0.19115171 -0.02946278  0.1983554 ]
 [-0.2572488   0.06734842  0.0890426 ]
 [-0.00839464  0.01777956  0.8665358 ]
 [-0.02688524  0.02401841  1.1234255 ]
 [-0.0671372   0.10940903  1.2098949 ]
 [-0.04861275  0.06850332  1.3199029 ]
 [-0.15214339 -0.05963898  1.1098875 ]
 [-0.13141914 -0.29933083  1.040421  ]
 [-0.06768261 -0.2553318   0.9212684 ]
 [ 0.10478542  0.09477186  1.0675405 ]
 [ 0.03769735  0.314236    0.9388962 ]
 [-0.12305087  0.3583132   1.0879059 ]]
[[ 0.          0.          0.58693874]
 [ 0.10588263  0.05553065  0.5924873 ]
 [ 0.30237353  0.19560881  0.3095693 ]
 [ 0.46206474 -0.14879733  0.15071109]
 [ 0.47458422 -0.09993505  0.00467056]
 [-0.10592996 -0.05539598  0.5816729 ]
 [-0.258131    0.22268271  0.48039597]
 [-0.25906634  0.0561074   0.06899357]
 [-0.33700418  0.17930388  0.        ]
 [-0.0174584   0.00522357  0.82124674]
 [-0.03805551  0.0067406   1.0769954 ]
 [-0.08332403  0.08985716  1.1609015 ]
 [-0.06111605  0.05406654  1.2722652 ]
 [-0.15312988 -0.07830989  1.0678264 ]
 [-0.10761277 -0.29721963  1.0616648 ]
 [-0.06175827 -0.28795305  0.9367801 ]
 [ 0.08450761  0.08701485  1.020297  ]
 [ 0.00263333  0.3216679   0.89536923]
 [-0.14493364  0.36356652  1.0493964 ]]
[[ 0.          0.          0.61495626]
 [ 0.11028515  0.05931268  0.61568815]
 [ 0.19681531  0.11057729  0.26331842]
 [ 0.34977192 -0.32777625  0.330926  ]
 [ 0.4066478  -0.33628094  0.21187413]
 [-0.11037163 -0.05923005  0.614683  ]
 [-0.2203682   0.27508253  0.42753476]
 [-0.26784918  0.29009467  0.01921046]
 [-0.35650676  0.4442769   0.        ]
 [-0.02679604  0.01602212  0.8486713 ]
 [-0.05870233  0.01437658  1.1035242 ]
 [-0.11890295  0.08320165  1.1967778 ]
 [-0.08894153  0.04955167  1.3107326 ]
 [-0.17149937 -0.06621501  1.0770414 ]
 [-0.13389403 -0.22295287  0.90872705]
 [-0.10657376 -0.1187664   0.74471277]
 [ 0.06574493  0.09269673  1.0484848 ]
 [ 0.06197301  0.2970251   0.8570088 ]
 [-0.07667911  0.43741518  0.89468825]]
[[ 0.00000000e+00  0.00000000e+00  6.50491893e-01]
 [ 1.11881882e-01  6.24355897e-02  6.50944650e-01]
 [ 9.89366323e-02  6.86690211e-02  2.57318497e-01]
 [ 2.47937322e-01 -3.88485610e-01  4.02942091e-01]
 [ 3.17554414e-01 -4.28762674e-01  3.19721222e-01]
 [-1.11975536e-01 -6.23949319e-02  6.50523961e-01]
 [-1.84420973e-01  2.90311724e-01  4.03304517e-01]
 [-2.11352408e-01  3.64630044e-01  1.24841928e-03]
 [-3.02513421e-01  5.31519651e-01  0.00000000e+00]
 [-2.55203918e-02  2.58524567e-02  8.80581260e-01]
 [-6.21641502e-02  2.22820938e-02  1.13498199e+00]
 [-1.30290508e-01  7.64689445e-02  1.23847222e+00]
 [-1.02762729e-01  4.16559577e-02  1.34975219e+00]
 [-1.71158224e-01 -5.74834049e-02  1.10542011e+00]
 [-1.40820071e-01 -1.88676313e-01  8.78084600e-01]
 [-1.35118350e-01 -3.71711180e-02  7.25648999e-01]
 [ 6.20900765e-02  9.28166807e-02  1.07840896e+00]
 [ 1.21073231e-01  2.54963428e-01  8.66132140e-01]
 [ 2.62645409e-02  4.15042520e-01  7.96751380e-01]]
[[ 0.          0.          0.6753026 ]
 [ 0.10892221  0.06562563  0.6741134 ]
 [ 0.02909707  0.06889889  0.28324217]
 [ 0.16839707 -0.39944607  0.46008924]
 [ 0.24393237 -0.44986242  0.39647043]
 [-0.10904952 -0.0655927   0.676927  ]
 [-0.15032758  0.2881623   0.4133427 ]
 [-0.12800264  0.35505876  0.00881702]
 [-0.22051907  0.5353214   0.        ]
 [-0.02591344  0.03501041  0.90069366]
 [-0.06856167  0.02842554  1.1541939 ]
 [-0.14071614  0.0780378   1.2615743 ]
 [-0.10781056  0.04427755  1.3739023 ]
 [-0.17850716 -0.05082166  1.123797  ]
 [-0.17851327 -0.16732134  0.8841928 ]
 [-0.18506926  0.02746193  0.73578954]
 [ 0.05680814  0.09062836  1.0944122 ]
 [ 0.15748201  0.19672298  0.87934273]
 [ 0.12420865  0.3449285   0.7383442 ]]
[[ 0.          0.          0.68782973]
 [ 0.10434534  0.06868704  0.6902949 ]
 [-0.09559682  0.14823359  0.3888817 ]
 [ 0.06419772 -0.27781272  0.50614333]
 [ 0.09339821 -0.28663087  0.39166185]
 [-0.10450281 -0.06869459  0.68551564]
 [-0.07868397  0.25807238  0.39433426]
 [ 0.0278836   0.2712099   0.03671861]
 [-0.06155543  0.45154554  0.        ]
 [-0.02958524  0.04397699  0.9112147 ]
 [-0.07740031  0.04032135  1.1640754 ]
 [-0.14402926  0.0976488   1.2722042 ]
 [-0.11366397  0.06180036  1.3849838 ]
 [-0.19679826 -0.0286755   1.1315233 ]
 [-0.26882103 -0.11700366  0.8915596 ]
 [-0.26827526  0.10001317  0.8200763 ]
 [ 0.05450202  0.08458099  1.1042395 ]
 [ 0.22734675  0.12595913  0.93202347]
 [ 0.31176296  0.27870443  0.73938674]]
[[ 0.          0.          0.6291781 ]
 [ 0.09125134  0.0637756   0.6387164 ]
 [-0.19114146  0.20248944  0.51200676]
 [-0.06338389 -0.10042793  0.33918455]
 [-0.1088104  -0.02775788  0.22283977]
 [-0.09137962 -0.06395283  0.61932564]
 [ 0.05918828  0.1622718   0.31110948]
 [ 0.26264623  0.18434551  0.07544035]
 [ 0.2022827   0.34937242  0.        ]
 [-0.02159522  0.02915961  0.85938895]
 [-0.05771772  0.02138236  1.1163213 ]
 [-0.11648956  0.08641607  1.218715  ]
 [-0.08820421  0.05306375  1.333981  ]
 [-0.18785198 -0.02373376  1.0786661 ]
 [-0.34345642 -0.04797269  0.8587964 ]
 [-0.2812708   0.1552116   0.9472799 ]
 [ 0.0764993   0.04065412  1.0645814 ]
 [ 0.30517828  0.00711241  0.9875237 ]
 [ 0.45212546  0.06535067  0.7829627 ]]
[[ 0.          0.          0.6067437 ]
 [ 0.09072126  0.05525113  0.6175761 ]
 [-0.20411384  0.20191434  0.5473433 ]
 [-0.19056326  0.0101029   0.17490041]
 [-0.30106866  0.11812115  0.11187539]
 [-0.09084404 -0.05555596  0.59537953]
 [ 0.12118071  0.10093606  0.2960341 ]
 [ 0.36517206  0.01315925  0.12176719]
 [ 0.35955277  0.13478756  0.        ]
 [-0.01527985  0.0154369   0.8454261 ]
 [-0.04356265  0.00332829  1.103336  ]
 [-0.09546317  0.08100295  1.1974745 ]
 [-0.06985763  0.04933655  1.3187065 ]
 [-0.18503954 -0.02294561  1.0675268 ]
 [-0.35084906 -0.00242576  0.8841247 ]
 [-0.24008176  0.1553599   1.0408642 ]
 [ 0.09705643  0.00164163  1.0592917 ]
 [ 0.33372372 -0.07163194  1.0339463 ]
 [ 0.48065507 -0.0743545   0.83367133]]
[[ 0.          0.          0.550901  ]
 [ 0.0925043   0.04830515  0.56164   ]
 [-0.20335823  0.17661658  0.47956508]
 [-0.25317466  0.08297038  0.07129759]
 [-0.37175015  0.1998645   0.04351443]
 [-0.09266066 -0.0486182   0.53958774]
 [ 0.12979637  0.09449001  0.23416716]
 [ 0.39995492 -0.0333803   0.13110596]
 [ 0.43760473  0.06956649  0.        ]
 [-0.01280468  0.00934835  0.791124  ]
 [-0.03807774 -0.00659046  1.0488636 ]
 [-0.08836044  0.07484245  1.1413853 ]
 [-0.06409709  0.04276514  1.2628984 ]
 [-0.182569   -0.02405563  1.0139221 ]
 [-0.35130695  0.02142119  0.8445911 ]
 [-0.22967762  0.17794275  0.99337494]
 [ 0.10436172 -0.01395935  1.0076389 ]
 [ 0.34110844 -0.08818582  0.99749625]
 [ 0.47991621 -0.0881359   0.7980343 ]]
[[ 0.          0.          0.52273595]
 [ 0.09970478  0.04267742  0.53387034]
 [-0.13390541  0.26463836  0.39967406]
 [-0.22933728  0.2921155   0.        ]
 [-0.3487618   0.4102967   0.00700003]
 [-0.09995849 -0.04293757  0.51098436]
 [ 0.10093619  0.08368051  0.17863855]
 [ 0.3997694  -0.12209073  0.18925753]
 [ 0.495574   -0.05671746  0.08497143]
 [-0.00426377  0.01234536  0.7630025 ]
 [-0.0254382  -0.00152814  1.0201267 ]
 [-0.07490278  0.0763371   1.1134934 ]
 [-0.05239797  0.04223651  1.2313159 ]
 [-0.17284513 -0.00791162  0.9849019 ]
 [-0.3342266   0.05894899  0.80698407]
 [-0.20635805  0.2523163   0.90259385]
 [ 0.12329614 -0.01072472  0.9767853 ]
 [ 0.35007113 -0.08391184  0.9358201 ]
 [ 0.450576   -0.07877418  0.7222818 ]]
[[ 0.          0.          0.59013414]
 [ 0.10781123  0.04352541  0.60123885]
 [-0.06438132  0.3262552   0.3927652 ]
 [-0.14653012  0.41278282  0.        ]
 [-0.25696558  0.53381395  0.00640154]
 [-0.10811649 -0.04370839  0.57848006]
 [ 0.04611855  0.0703046   0.21719295]
 [ 0.3405887  -0.20735723  0.2878092 ]
 [ 0.46817905 -0.16365391  0.20607513]
 [ 0.00883201  0.02264059  0.82852477]
 [-0.0064534   0.01231703  1.0850103 ]
 [-0.0601668   0.08711785  1.1826301 ]
 [-0.03719625  0.05294949  1.3006402 ]
 [-0.15691215  0.00341538  1.0508158 ]
 [-0.3103056   0.03333753  0.8606768 ]
 [-0.21375754  0.26495412  0.8616665 ]
 [ 0.14632507  0.00741383  1.0346603 ]
 [ 0.35165748 -0.05526179  0.9438168 ]
 [ 0.4102264  -0.02877767  0.72136986]]
[[ 0.          0.          0.69007945]
 [ 0.11368579  0.04708073  0.7023403 ]
 [-0.00965896  0.3344778   0.42148668]
 [-0.08812419  0.34415525  0.0159452 ]
 [-0.189821    0.4655606   0.        ]
 [-0.11393388 -0.04717543  0.6774092 ]
 [-0.02712902  0.08266255  0.30423453]
 [ 0.25948346 -0.25632277  0.4275333 ]
 [ 0.40721196 -0.23183703  0.35464707]
 [ 0.01807874  0.04056433  0.92492354]
 [ 0.00574473  0.03784871  1.1806709 ]
 [-0.05178231  0.11360252  1.2798798 ]
 [-0.02794833  0.08312851  1.3998886 ]
 [-0.1463099   0.01655757  1.1467452 ]
 [-0.29810724 -0.02257806  0.93583655]
 [-0.23893425  0.20428842  0.8281218 ]
 [ 0.15946046  0.04090664  1.1216073 ]
 [ 0.34053028  0.00186351  0.97810584]
 [ 0.36022085  0.09178944  0.7670875 ]]
[[ 0.          0.          0.7430084 ]
 [ 0.11599132  0.05814474  0.7554369 ]
 [ 0.06733344  0.34888303  0.4422901 ]
 [ 0.04145303  0.2984701   0.03393173]
 [-0.06228498  0.42707497  0.        ]
 [-0.11616679 -0.05813181  0.7303337 ]
 [-0.13037929  0.11416414  0.38402525]
 [ 0.15377885 -0.2657768   0.49592447]
 [ 0.286474   -0.24197048  0.41142112]
 [ 0.02076884  0.05429     0.97229546]
 [ 0.01180377  0.06335655  1.2275503 ]
 [-0.04429934  0.13435763  1.3294989 ]
 [-0.01633336  0.1062535   1.4466661 ]
 [-0.1371969   0.01755571  1.1961223 ]
 [-0.27595645 -0.0952861   0.9818033 ]
 [-0.24478209  0.10755721  0.82010263]
 [ 0.16390473  0.09015575  1.1628366 ]
 [ 0.30084342  0.1287851   0.9836252 ]
 [ 0.26410472  0.30599695  0.8487939 ]]
[[ 0.          0.          0.7119256 ]
 [ 0.11768654  0.06099684  0.7239343 ]
 [ 0.1898028   0.32574353  0.40440294]
 [ 0.2658375   0.16745824  0.06026053]
 [ 0.17353666  0.29791     0.        ]
 [-0.11775717 -0.06087701  0.6998885 ]
 [-0.25680166  0.19842194  0.5019289 ]
 [-0.02250474 -0.16329382  0.43617386]
 [ 0.00188556 -0.09863061  0.31543726]
 [ 0.01331793  0.04539403  0.93988836]
 [ 0.00445614  0.05900681  1.1961834 ]
 [-0.04773535  0.1260885   1.2991401 ]
 [-0.02217963  0.08986795  1.4107795 ]
 [-0.13855496 -0.01827687  1.171218  ]
 [-0.22065079 -0.2121835   0.98347914]
 [-0.18350932 -0.06232105  0.85075575]
 [ 0.14960697  0.11529744  1.1333038 ]
 [ 0.19007362  0.25206465  0.93913245]
 [ 0.06063548  0.4138249   0.9531846 ]]
[[ 0.          0.          0.6695    ]
 [ 0.10957602  0.06010678  0.67309564]
 [ 0.25945842  0.24054725  0.3712979 ]
 [ 0.39523864 -0.02298135  0.10352337]
 [ 0.3546536   0.07662678  0.        ]
 [-0.10960744 -0.05997434  0.66601163]
 [-0.2805515   0.2262533   0.57501215]
 [-0.17531756 -0.05393419  0.26939046]
 [-0.23213427  0.03145945  0.14750236]
 [-0.00369071  0.0223942   0.9019538 ]
 [-0.01834272  0.0285739   1.1584473 ]
 [-0.06177365  0.10789216  1.2499259 ]
 [-0.03968151  0.06483459  1.3592578 ]
 [-0.14503351 -0.06180117  1.1421697 ]
 [-0.14516164 -0.3079062   1.0575247 ]
 [-0.09063691 -0.22818512  0.9327939 ]
 [ 0.11324715  0.10399246  1.1036899 ]
 [ 0.06896051  0.3072869   0.9577615 ]
 [-0.08773763  0.39100522  1.0804849 ]]
[[ 0.          0.          0.6314458 ]
 [ 0.1022854   0.06274039  0.63405883]
 [ 0.27703238  0.19648889  0.33642644]
 [ 0.45447806 -0.10648999  0.13274437]
 [ 0.4669873  -0.04450095  0.        ]
 [-0.10235312 -0.06256004  0.6291168 ]
 [-0.29221517  0.18692395  0.5400138 ]
 [-0.29107904  0.02531314  0.12995571]
 [-0.37450558  0.14446166  0.05645353]
 [-0.01385399  0.00516051  0.86383146]
 [-0.03078548  0.00729463  1.1195325 ]
 [-0.07190474  0.0862639   1.2088501 ]
 [-0.05279064  0.04394799  1.3169198 ]
 [-0.14338507 -0.08308479  1.108752  ]
 [-0.09772845 -0.3252274   1.1260777 ]
 [-0.03509486 -0.27240703  0.97863686]
 [ 0.08880252  0.09135091  1.0675583 ]
 [-0.00286484  0.31478557  0.95216966]
 [-0.14675906  0.35002962  1.111903  ]]
[[ 0.00000000e+00  0.00000000e+00  5.90424836e-01]
 [ 1.00918159e-01  6.10433668e-02  5.92055678e-01]
 [ 2.59621888e-01  1.65891171e-01  2.69098103e-01]
 [ 4.50970829e-01 -1.90375209e-01  1.84851468e-01]
 [ 4.80909586e-01 -1.65565968e-01  4.37071919e-02]
 [-1.01001754e-01 -6.09018430e-02  5.89221776e-01]
 [-2.74062157e-01  2.12646231e-01  4.62168097e-01]
 [-3.41166079e-01  1.06272191e-01  5.42367101e-02]
 [-4.35529411e-01  2.36248255e-01  0.00000000e+00]
 [-1.70287751e-02  2.50533223e-04  8.23695302e-01]
 [-3.71698439e-02 -6.07091188e-03  1.07838547e+00]
 [-8.42879117e-02  6.96343184e-02  1.17004967e+00]
 [-6.51561320e-02  2.93364525e-02  1.27899981e+00]
 [-1.45963013e-01 -9.35916901e-02  1.06591392e+00]
 [-9.57272947e-02 -3.12322736e-01  1.08107948e+00]
 [-3.36864740e-02 -2.48598322e-01  9.32218432e-01]
 [ 7.88940787e-02  7.97086954e-02  1.02506196e+00]
 [-2.32033432e-03  3.07539105e-01  8.90082836e-01]
 [-1.51991367e-01  3.59939575e-01  1.03198266e+00]]
[[ 0.          0.          0.60329884]
 [ 0.10367091  0.06548198  0.6068978 ]
 [ 0.13451914  0.07997391  0.21753258]
 [ 0.31363076 -0.35832417  0.30655396]
 [ 0.38909042 -0.38320798  0.21224174]
 [-0.10376045 -0.06540713  0.60023636]
 [-0.22766772  0.256667    0.37922722]
 [-0.29875633  0.33616588  0.        ]
 [-0.39969075  0.47787297  0.00789386]
 [-0.02069242  0.01628837  0.8349854 ]
 [-0.05010373  0.01199776  1.0895352 ]
 [-0.11559406  0.07237118  1.189825  ]
 [-0.09324969  0.0336526   1.2983551 ]
 [-0.15327577 -0.07353094  1.0618308 ]
 [-0.09782895 -0.24400377  0.8926823 ]
 [-0.09906991 -0.11184067  0.701818  ]
 [ 0.06701634  0.0924243   1.0368246 ]
 [ 0.08183606  0.27415946  0.8296866 ]
 [-0.0603983   0.42249876  0.83689576]]
[[ 0.          0.          0.65210503]
 [ 0.1032967   0.06777237  0.65013915]
 [ 0.02902724  0.05684653  0.25792012]
 [ 0.20193279 -0.409752    0.40388656]
 [ 0.28210694 -0.452237    0.31514883]
 [-0.10341048 -0.06772435  0.65451896]
 [-0.17820585  0.2782808   0.40113914]
 [-0.20644435  0.37846598  0.01104707]
 [-0.29091138  0.5489702   0.        ]
 [-0.02328713  0.02474785  0.88151073]
 [-0.05965208  0.01774395  1.135325  ]
 [-0.13547261  0.06618756  1.2420099 ]
 [-0.10346809  0.03060919  1.3517091 ]
 [-0.16276604 -0.07005864  1.1033387 ]
 [-0.14741711 -0.19951624  0.87013364]
 [-0.1756325  -0.02303881  0.70845777]
 [ 0.05951223  0.09183875  1.0780303 ]
 [ 0.14290677  0.22057758  0.8487493 ]
 [ 0.0517329   0.3887811   0.76046336]]
[[ 0.          0.          0.69415545]
 [ 0.10116881  0.06981908  0.6951188 ]
 [-0.07466056  0.10225019  0.34796032]
 [ 0.12008032 -0.3261947   0.48279855]
 [ 0.17190814 -0.34969652  0.36681265]
 [-0.10132083 -0.06975233  0.6934641 ]
 [-0.13685259  0.27489358  0.40817666]
 [-0.0943338   0.34428367  0.02622217]
 [-0.17535394  0.52480686  0.        ]
 [-0.02641886  0.04056215  0.919811  ]
 [-0.07109627  0.03432477  1.1735001 ]
 [-0.14618775  0.08441579  1.2829194 ]
 [-0.11021163  0.04355961  1.3923875 ]
 [-0.17982376 -0.04988438  1.1410801 ]
 [-0.21000397 -0.17971322  0.91476387]
 [-0.24084564  0.02634786  0.76338136]
 [ 0.05369325  0.09785354  1.1142606 ]
 [ 0.1978863   0.1818755   0.9015045 ]
 [ 0.21561591  0.3560214   0.7235083 ]]
[[ 0.          0.          0.65512854]
 [ 0.0955718   0.07042973  0.6637569 ]
 [-0.18963845  0.19942987  0.50352937]
 [-0.02502459 -0.13248369  0.38409105]
 [-0.05340477 -0.07580432  0.25595918]
 [-0.09571236 -0.07053854  0.6463118 ]
 [ 0.00296564  0.1828994   0.32974824]
 [ 0.18410349  0.21523613  0.0521307 ]
 [ 0.11789527  0.3898857   0.        ]
 [-0.01861987  0.03654936  0.88443166]
 [-0.05386417  0.03660661  1.140125  ]
 [-0.12349309  0.09700036  1.2433372 ]
 [-0.0876405   0.06291223  1.3576527 ]
 [-0.1814937  -0.02527183  1.1037775 ]
 [-0.31685442 -0.10637349  0.89366156]
 [-0.28788644  0.11610757  0.8933292 ]
 [ 0.0781808   0.06711727  1.0865569 ]
 [ 0.28946266  0.04069382  0.96731806]
 [ 0.42514086  0.12757415  0.754823  ]]
[[ 0.          0.          0.6085014 ]
 [ 0.09275155  0.06029865  0.62034535]
 [-0.20968136  0.19989863  0.5681636 ]
 [-0.18538553 -0.00768131  0.20750839]
 [-0.30292308  0.10189545  0.1301614 ]
 [-0.09286989 -0.06059497  0.5961353 ]
 [ 0.10830496  0.09459956  0.2966451 ]
 [ 0.34676868  0.04688579  0.0950889 ]
 [ 0.33348504  0.17895275  0.        ]
 [-0.01487691  0.01541045  0.8468133 ]
 [-0.04179792  0.00714716  1.1050842 ]
 [-0.0957963   0.08387935  1.1984367 ]
 [-0.07033765  0.05291539  1.319577  ]
 [-0.18257478 -0.02867383  1.0686022 ]
 [-0.3546517  -0.03839996  0.882191  ]
 [-0.27040303  0.14178318  1.0254015 ]
 [ 0.09786413  0.01177415  1.0608959 ]
 [ 0.33169353 -0.07258996  1.0193989 ]
 [ 0.4837681  -0.06967674  0.8201096 ]]
[[ 0.          0.          0.55297685]
 [ 0.09530853  0.05143716  0.5643674 ]
 [-0.19693756  0.20983166  0.50656164]
 [-0.25316572  0.11579281  0.10108858]
 [-0.38412336  0.24381685  0.0693104 ]
 [-0.09547693 -0.0517462   0.5410314 ]
 [ 0.12699047  0.09315684  0.2334364 ]
 [ 0.39964396 -0.0177618   0.10430813]
 [ 0.43689495  0.08726421  0.        ]
 [-0.01170552  0.00674286  0.7935242 ]
 [-0.03406718 -0.0080857   1.0513506 ]
 [-0.08527776  0.07263809  1.143601  ]
 [-0.06254978  0.04017425  1.2654582 ]
 [-0.18102399 -0.03143552  1.0168185 ]
 [-0.35670912  0.00432014  0.85509187]
 [-0.25492585  0.16969532  1.0192556 ]
 [ 0.10915592 -0.01078463  1.0100479 ]
 [ 0.34886432 -0.09645301  0.9849248 ]
 [ 0.48360133 -0.10891519  0.78314364]]
[[ 0.          0.          0.49833995]
 [ 0.09897932  0.04466273  0.50855726]
 [-0.15310243  0.26591352  0.40048307]
 [-0.25290668  0.28390256  0.        ]
 [-0.37995043  0.40929002  0.00864229]
 [-0.09921794 -0.04493346  0.48751765]
 [ 0.10986257  0.08878636  0.15928704]
 [ 0.40957162 -0.09132329  0.136255  ]
 [ 0.50069237 -0.01550031  0.04286969]
 [-0.00352711  0.00754377  0.7380113 ]
 [-0.02218463 -0.00847608  0.9958571 ]
 [-0.07448804  0.06923938  1.0898993 ]
 [-0.05314711  0.03611958  1.2085524 ]
 [-0.1702475  -0.0224601   0.9601326 ]
 [-0.35247466  0.02343652  0.7896642 ]
 [-0.24822184  0.20595533  0.9295685 ]
 [ 0.12484859 -0.01373094  0.9527184 ]
 [ 0.352595   -0.09232539  0.9074414 ]
 [ 0.45436025 -0.10174232  0.6954207 ]]
[[ 0.          0.          0.55011386]
 [ 0.10101678  0.04503136  0.5596694 ]
 [-0.10005519  0.31557316  0.38893825]
 [-0.20640597  0.40190467  0.        ]
 [-0.3306893   0.51631147  0.02056122]
 [-0.10132939 -0.04523871  0.539971  ]
 [ 0.07203694  0.07122934  0.18782726]
 [ 0.3755241  -0.17018804  0.24444956]
 [ 0.5004834  -0.12077886  0.16254747]
 [ 0.00834632  0.01597011  0.78801095]
 [-0.00484015  0.00456333  1.0451658 ]
 [-0.05912179  0.07852805  1.142     ]
 [-0.03839235  0.04376793  1.2583559 ]
 [-0.1519734  -0.00941285  1.0104711 ]
 [-0.32572126  0.02195987  0.8199934 ]
 [-0.23757398  0.2455898   0.89094394]
 [ 0.14413063  0.00451767  0.99732023]
 [ 0.35160094 -0.06038296  0.9162173 ]
 [ 0.4124776  -0.05125681  0.69197494]]
[[ 0.          0.          0.66387165]
 [ 0.11014768  0.05044283  0.675531  ]
 [-0.02637561  0.33783317  0.41043338]
 [-0.11883923  0.3795304   0.00907236]
 [-0.23279816  0.49589312  0.        ]
 [-0.11041965 -0.05053909  0.6517778 ]
 [-0.00828154  0.06288096  0.2686866 ]
 [ 0.29260454 -0.24298199  0.4014785 ]
 [ 0.439254   -0.21294025  0.32747832]
 [ 0.01962253  0.04016456  0.8976577 ]
 [ 0.01003833  0.03798127  1.1533306 ]
 [-0.04878373  0.10876465  1.2562053 ]
 [-0.02389933  0.07523447  1.3734976 ]
 [-0.13886148  0.01025563  1.1223477 ]
 [-0.2979861  -0.03903639  0.91987175]
 [-0.25102985  0.1904811   0.84697586]
 [ 0.16217111  0.04785335  1.0950097 ]
 [ 0.34620348  0.01323387  0.9594815 ]
 [ 0.35799515  0.10204697  0.7541745 ]]
[[ 0.          0.          0.7200342 ]
 [ 0.11282779  0.05997207  0.7340838 ]
 [ 0.05352202  0.36334312  0.43438107]
 [ 0.01723443  0.3508522   0.02715266]
 [-0.09710902  0.47677884  0.        ]
 [-0.11301742 -0.05995419  0.7057339 ]
 [-0.12107006  0.09864885  0.34788156]
 [ 0.18169528 -0.25579906  0.4826837 ]
 [ 0.31838    -0.23131388  0.4039021 ]
 [ 0.02230274  0.0566887   0.9467394 ]
 [ 0.01503701  0.06664777  1.2013885 ]
 [-0.044585    0.12933767  1.307727  ]
 [-0.01825824  0.0998314   1.422616  ]
 [-0.12845623  0.01556489  1.1704911 ]
 [-0.2628994  -0.11504416  0.9670119 ]
 [-0.23850596  0.09615484  0.8345731 ]
 [ 0.16385323  0.09981465  1.1382185 ]
 [ 0.30768567  0.14706028  0.959303  ]
 [ 0.25233826  0.33282045  0.834454  ]]
[[ 0.          0.          0.70962775]
 [ 0.11231592  0.06536081  0.7253607 ]
 [ 0.16348705  0.36101094  0.4175946 ]
 [ 0.22043058  0.26638788  0.04879189]
 [ 0.10465837  0.3998394   0.        ]
 [-0.11240793 -0.06521781  0.69384354]
 [-0.24357095  0.17815629  0.4505742 ]
 [ 0.03625487 -0.18599564  0.45883852]
 [ 0.09879589 -0.13627565  0.3585478 ]
 [ 0.01813651  0.05269606  0.9347119 ]
 [ 0.01338393  0.06945336  1.1910499 ]
 [-0.04762697  0.12759513  1.2968203 ]
 [-0.02256277  0.09291953  1.4071927 ]
 [-0.12234759 -0.00626177  1.1599336 ]
 [-0.198769   -0.1858243   0.9550829 ]
 [-0.15227804 -0.01190691  0.82919896]
 [ 0.15366574  0.12741956  1.129586  ]
 [ 0.22126207  0.2508302   0.91995835]
 [ 0.06984148  0.4240467   0.92203844]]
[[ 0.          0.          0.66549075]
 [ 0.1075145   0.06409734  0.67370796]
 [ 0.25352108  0.25653768  0.3735932 ]
 [ 0.39198926  0.03040588  0.09548146]
 [ 0.34142083  0.1462341   0.        ]
 [-0.10755187 -0.06390673  0.65732944]
 [-0.27850544  0.23440367  0.55763465]
 [-0.14502952 -0.05673176  0.2866289 ]
 [-0.197691    0.03139734  0.15811265]
 [ 0.00553247  0.02687754  0.8965591 ]
 [-0.00636853  0.02818635  1.1538222 ]
 [-0.0567269   0.10232443  1.2487736 ]
 [-0.03589856  0.05646896  1.3577585 ]
 [-0.13024181 -0.06542295  1.1312728 ]
 [-0.117048   -0.30477524  1.0152426 ]
 [-0.0721968  -0.21034156  0.8424028 ]
 [ 0.122738    0.1089676   1.101115  ]
 [ 0.08703865  0.30631325  0.94063854]
 [-0.0725095   0.36231065  1.066262  ]]
[[ 0.          0.          0.63131255]
 [ 0.10071112  0.06695117  0.6359319 ]
 [ 0.28075844  0.22249782  0.34412214]
 [ 0.47309488 -0.05703714  0.14165112]
 [ 0.46490836  0.0123232   0.        ]
 [-0.10074408 -0.06675778  0.62688124]
 [-0.2844004   0.21046676  0.5479706 ]
 [-0.24988583  0.00755379  0.17179784]
 [-0.33413643  0.11944807  0.07116407]
 [-0.00357027  0.01204863  0.8622717 ]
 [-0.01757816  0.00463089  1.1191154 ]
 [-0.06524046  0.08248365  1.2067363 ]
 [-0.04276517  0.04016995  1.3171916 ]
 [-0.12692073 -0.08688352  1.098415  ]
 [-0.04072291 -0.32653737  1.0517235 ]
 [-0.01459493 -0.2713611   0.8769499 ]
 [ 0.10181834  0.09361732  1.0715451 ]
 [ 0.01165568  0.3133379   0.9424442 ]
 [-0.11724684  0.3252387   1.1113179 ]]
[[ 0.          0.          0.59715503]
 [ 0.09951874  0.06700644  0.59928405]
 [ 0.22891113  0.16449824  0.24920121]
 [ 0.45359743 -0.19916356  0.22237834]
 [ 0.50466466 -0.18303415  0.08384496]
 [-0.09960935 -0.06683774  0.5954189 ]
 [-0.26976892  0.23259315  0.45066828]
 [-0.33374768  0.16990224  0.04984456]
 [-0.43024582  0.30436796  0.        ]
 [-0.01351092  0.00500095  0.82666606]
 [-0.03783808 -0.01014727  1.0812953 ]
 [-0.09962545  0.05817437  1.1744916 ]
 [-0.07957097  0.0195142   1.2859578 ]
 [-0.14098611 -0.0978809   1.0531462 ]
 [-0.04607324 -0.3003168   0.9456735 ]
 [-0.04029974 -0.19192788  0.77544576]
 [ 0.07874547  0.08166087  1.033445  ]
 [ 0.02259035  0.30022368  0.8649976 ]
 [-0.11811733  0.379183    0.9874539 ]]
[[ 0.00000000e+00  0.00000000e+00  5.90843320e-01]
 [ 1.02697521e-01  6.81900308e-02  5.90061784e-01]
 [ 1.06785156e-01  9.38840508e-02  2.03136802e-01]
 [ 3.08191061e-01 -3.40925843e-01  3.10803622e-01]
 [ 4.01993513e-01 -3.64677578e-01  2.15363473e-01]
 [-1.02809086e-01 -6.80927038e-02  5.92090487e-01]
 [-2.09085733e-01  2.72071570e-01  3.77057195e-01]
 [-2.68890917e-01  3.73812556e-01  0.00000000e+00]
 [-3.70367885e-01  5.24772823e-01  3.79788876e-03]
 [-1.76980384e-02  1.60479695e-02  8.18252563e-01]
 [-4.90222126e-02  9.17345285e-04  1.07146323e+00]
 [-1.25624835e-01  5.13646007e-02  1.17370236e+00]
 [-1.01855047e-01  1.69751644e-02  1.28394151e+00]
 [-1.48323208e-01 -8.53889287e-02  1.04030931e+00]
 [-9.64842588e-02 -2.15284348e-01  8.14627290e-01]
 [-1.04175985e-01 -5.54534718e-02  6.58037424e-01]
 [ 6.53668493e-02  8.42192471e-02  1.01582742e+00]
 [ 9.12077054e-02  2.59515643e-01  8.03912699e-01]
 [-3.70747298e-02  4.14878309e-01  8.01085174e-01]]
[[ 0.          0.          0.61483395]
 [ 0.10204927  0.07249666  0.6127629 ]
 [ 0.00832571  0.10886645  0.23446625]
 [ 0.20162615 -0.3510707   0.37637767]
 [ 0.2895096  -0.39315712  0.3022188 ]
 [-0.10216819 -0.07243875  0.61730117]
 [-0.16222113  0.2891518   0.37992868]
 [-0.1740152   0.4107969   0.        ]
 [-0.27305302  0.5837202   0.00198162]
 [-0.02116872  0.02372786  0.83896065]
 [-0.05958837  0.00625321  1.0912502 ]
 [-0.13881359  0.05019146  1.1974097 ]
 [-0.11207761  0.01536334  1.3092749 ]
 [-0.15968746 -0.08065835  1.0584134 ]
 [-0.13853465 -0.19738686  0.81219053]
 [-0.17174317  0.00250846  0.6662627 ]
 [ 0.05670278  0.08407292  1.0338213 ]
 [ 0.14474645  0.21159637  0.81134343]
 [ 0.07203294  0.39583614  0.724215  ]]
[[ 0.          0.          0.6578777 ]
 [ 0.0983238   0.07752614  0.6599952 ]
 [-0.1205076   0.14282289  0.35262945]
 [ 0.08447874 -0.28015238  0.4419864 ]
 [ 0.12882155 -0.2946769   0.32681695]
 [-0.09848212 -0.07750128  0.65591836]
 [-0.09993847  0.2615671   0.37895027]
 [-0.01441634  0.35030815  0.02039909]
 [-0.11384442  0.52485645  0.        ]
 [-0.02592282  0.0327265   0.8795185 ]
 [-0.06967176  0.01906884  1.1325328 ]
 [-0.14175761  0.0677042   1.2435292 ]
 [-0.11618333  0.02973288  1.355063  ]
 [-0.18060547 -0.06261939  1.0993161 ]
 [-0.23550811 -0.16763014  0.8615303 ]
 [-0.26081818  0.0602458   0.76651883]
 [ 0.05354165  0.08184505  1.0746658 ]
 [ 0.21530077  0.14216024  0.8823258 ]
 [ 0.25930327  0.31630793  0.71125454]]
[[ 0.          0.          0.5907054 ]
 [ 0.08388957  0.0723628   0.60134614]
 [-0.21250555  0.22388136  0.50200856]
 [-0.07863304 -0.07430074  0.31801713]
 [-0.12689152  0.00504708  0.19036245]
 [-0.08398368 -0.07252726  0.57969636]
 [ 0.05900528  0.1449222   0.29425114]
 [ 0.27891505  0.20434073  0.06400692]
 [ 0.21409012  0.364358    0.        ]
 [-0.01781887  0.01544207  0.81911063]
 [-0.04823427  0.0029642   1.0759143 ]
 [-0.12012133  0.06013095  1.1819353 ]
 [-0.08868364  0.02415144  1.2936009 ]
 [-0.17494269 -0.05379093  1.0381484 ]
 [-0.3456219  -0.10850482  0.8275822 ]
 [-0.3076453   0.09888005  0.9027252 ]
 [ 0.08133064  0.03448793  1.0267603 ]
 [ 0.2961439  -0.00889072  0.94030774]
 [ 0.43640232  0.04324141  0.72749686]]
[[ 0.          0.          0.54097784]
 [ 0.08435982  0.06163209  0.5524523 ]
 [-0.22509685  0.21703914  0.50525457]
 [-0.21696058  0.06811187  0.14302027]
 [-0.33098757  0.18766019  0.08379221]
 [-0.08447243 -0.06189461  0.5289229 ]
 [ 0.14060679  0.10072075  0.24653766]
 [ 0.4314141   0.08828908  0.10151505]
 [ 0.43535805  0.21932721  0.        ]
 [-0.01116059  0.01211345  0.7767393 ]
 [-0.03398778 -0.00468871  1.0346123 ]
 [-0.09906006  0.06768364  1.1309879 ]
 [-0.07225454  0.03308666  1.2475474 ]
 [-0.17077222 -0.0425033   1.0006315 ]
 [-0.36109367 -0.04752791  0.82451725]
 [-0.26686245  0.12570113  0.9769481 ]
 [ 0.10175151  0.01050144  0.9905392 ]
 [ 0.33593494 -0.05933663  0.9576844 ]
 [ 0.48732895 -0.0486026   0.75427186]]
[[ 0.0000000e+00  0.0000000e+00  4.6993774e-01]
 [ 8.8950545e-02  5.2413784e-02  4.8163968e-01]
 [-2.0153588e-01  2.3681180e-01  4.1635045e-01]
 [-2.5956202e-01  2.0289138e-01  2.3361951e-02]
 [-3.8149387e-01  3.3110461e-01  5.2653551e-03]
 [-8.9119568e-02 -5.2636843e-02  4.5760775e-01]
 [ 1.4565027e-01  1.0701887e-01  1.7034423e-01]
 [ 4.6610457e-01  3.6147177e-02  1.0226819e-01]
 [ 5.2876467e-01  1.4419508e-01  0.0000000e+00]
 [-6.4102262e-03  1.1912912e-02  7.0587444e-01]
 [-2.5475167e-02 -8.0583096e-03  9.6347845e-01]
 [-8.8171929e-02  6.4812303e-02  1.0589638e+00]
 [-6.6966318e-02  2.8668106e-02  1.1737752e+00]
 [-1.6592900e-01 -3.4843057e-02  9.3129283e-01]
 [-3.5621494e-01 -1.4762491e-02  7.6256567e-01]
 [-2.4323997e-01  1.5236354e-01  9.0508789e-01]
 [ 1.1309625e-01 -3.1736493e-04  9.1952473e-01]
 [ 3.4895855e-01 -7.3012978e-02  8.8602746e-01]
 [ 4.7847298e-01 -6.8004027e-02  6.8227088e-01]]
[[ 0.0000000e+00  0.0000000e+00  5.0655669e-01]
 [ 9.2370771e-02  4.7599804e-02  5.1838601e-01]
 [-1.4739957e-01  2.9862261e-01  3.8776159e-01]
 [-2.5364184e-01  3.3698440e-01  0.0000000e+00]
 [-3.7725973e-01  4.5331609e-01  1.0649025e-02]
 [-9.2623770e-02 -4.7774304e-02  4.9405712e-01]
 [ 1.0762052e-01  9.2442513e-02  1.7739826e-01]
 [ 4.4753152e-01 -5.8589280e-02  2.1006653e-01]
 [ 5.6336379e-01  1.1613399e-02  1.1700654e-01]
 [ 5.0712936e-04  1.6228527e-02  7.4085373e-01]
 [-1.5859125e-02  3.0300915e-03  9.9782556e-01]
 [-7.6429591e-02  7.2084665e-02  1.0926502e+00]
 [-5.9935980e-02  3.5924315e-02  1.2077553e+00]
 [-1.5696016e-01 -1.6875863e-02  9.6468991e-01]
 [-3.3464825e-01  7.5453818e-03  7.7809298e-01]
 [-2.2759628e-01  2.0867038e-01  8.6460733e-01]
 [ 1.2534986e-01  7.8966320e-03  9.4955695e-01]
 [ 3.5540867e-01 -5.7312012e-02  8.8043272e-01]
 [ 4.2951864e-01 -4.3556385e-02  6.6207719e-01]]
[[ 0.          0.          0.5788143 ]
 [ 0.09805792  0.05159725  0.59283787]
 [-0.06805243  0.34538218  0.3752269 ]
 [-0.17364788  0.4283955   0.        ]
 [-0.2981549   0.534605    0.01131028]
 [-0.09837598 -0.05168095  0.5642381 ]
 [ 0.03254426  0.06164828  0.21126485]
 [ 0.37006927 -0.1671041   0.3304064 ]
 [ 0.5226375  -0.12848079  0.25859025]
 [ 0.01176226  0.03203203  0.8106546 ]
 [-0.00162988  0.02758968  1.0668691 ]
 [-0.0646555   0.09226614  1.1660507 ]
 [-0.04506886  0.05791771  1.2813028 ]
 [-0.1426636  -0.00222132  1.0346146 ]
 [-0.30598506 -0.02734524  0.83823586]
 [-0.24838036  0.20470592  0.79119575]
 [ 0.14377002  0.04306069  1.0118049 ]
 [ 0.35120136  0.00921744  0.8943957 ]
 [ 0.37348437  0.0722997   0.68226075]]
[[ 0.          0.          0.63494736]
 [ 0.10238516  0.05649142  0.64908135]
 [ 0.01479793  0.38090762  0.38306394]
 [-0.0437393   0.4402532   0.00900334]
 [-0.16684982  0.55656254  0.        ]
 [-0.10265127 -0.05644865  0.620469  ]
 [-0.07093966  0.0946683   0.26535293]
 [ 0.26630378 -0.18643926  0.42251164]
 [ 0.43001425 -0.16085625  0.35359138]
 [ 0.01847827  0.05059904  0.86052155]
 [ 0.00824904  0.06168807  1.1153915 ]
 [-0.0559561   0.12109649  1.2198505 ]
 [-0.03387017  0.08950245  1.3335683 ]
 [-0.13012312  0.01578897  1.0836892 ]
 [-0.27534142 -0.07929944  0.8737437 ]
 [-0.24765655  0.13543808  0.75021225]
 [ 0.15396637  0.08916485  1.0546192 ]
 [ 0.3256676   0.11053568  0.8943664 ]
 [ 0.2936645   0.25042096  0.74008477]]
[[ 0.          0.          0.6467076 ]
 [ 0.10178639  0.06710226  0.6620941 ]
 [ 0.12970144  0.3924995   0.38028947]
 [ 0.17849696  0.38651374  0.03679806]
 [ 0.04490778  0.51384276  0.        ]
 [-0.10194662 -0.066944    0.631177  ]
 [-0.21010493  0.13458087  0.3580517 ]
 [ 0.11134169 -0.18186486  0.43259132]
 [ 0.21730602 -0.1517758   0.33067748]
 [ 0.01582548  0.05674914  0.8683996 ]
 [ 0.00761302  0.07982001  1.1243924 ]
 [-0.05613476  0.13152325  1.2303009 ]
 [-0.03455389  0.10186744  1.3411641 ]
 [-0.12454349  0.00794718  1.0934362 ]
 [-0.21193564 -0.16905436  0.89021546]
 [-0.18472484  0.01627643  0.7483206 ]
 [ 0.14767145  0.12919122  1.0635637 ]
 [ 0.24551693  0.2285659   0.8748659 ]
 [ 0.13420443  0.42222387  0.8399893 ]]
[[ 0.00000000e+00  0.00000000e+00  6.20408535e-01]
 [ 1.06153727e-01  6.48913234e-02  6.29626572e-01]
 [ 2.56007016e-01  3.17204267e-01  3.60675275e-01]
 [ 3.90426159e-01  1.64572060e-01  7.75195360e-02]
 [ 3.20417166e-01  2.95579910e-01  0.00000000e+00]
 [-1.06208399e-01 -6.46576732e-02  6.11176252e-01]
 [-2.85128176e-01  2.26697981e-01  5.10083914e-01]
 [-7.56296813e-02 -7.36787021e-02  3.24826896e-01]
 [-1.02752946e-01 -7.22736120e-03  1.89728171e-01]
 [ 8.82025436e-03  3.68813574e-02  8.47052693e-01]
 [ 1.78305432e-04  4.66033220e-02  1.10463166e+00]
 [-6.21653348e-02  1.06388628e-01  1.20678544e+00]
 [-4.40326557e-02  6.14418983e-02  1.31373000e+00]
 [-1.24753818e-01 -4.97155190e-02  1.08043897e+00]
 [-1.29958957e-01 -2.57749528e-01  9.13394570e-01]
 [-6.69905022e-02 -1.04345135e-01  7.75714576e-01]
 [ 1.27407864e-01  1.25034273e-01  1.04944015e+00]
 [ 1.09817415e-01  3.03902388e-01  8.88514280e-01]
 [-5.22015691e-02  3.95539194e-01  9.87402856e-01]]
[[ 0.00000000e+00  0.00000000e+00  6.07893705e-01]
 [ 1.02273315e-01  6.94039091e-02  6.15086973e-01]
 [ 3.08116436e-01  2.75709659e-01  3.53604615e-01]
 [ 4.87096012e-01  4.16347086e-02  1.11009359e-01]
 [ 4.67780620e-01  1.46083832e-01  0.00000000e+00]
 [-1.02300271e-01 -6.91697150e-02  6.00807667e-01]
 [-2.99225032e-01  2.30267271e-01  5.53306460e-01]
 [-2.03363940e-01 -1.77579224e-02  2.07573533e-01]
 [-2.72265851e-01  8.22369158e-02  9.26748514e-02]
 [-1.27850752e-03  1.41468346e-02  8.37370992e-01]
 [-1.32351965e-02  9.51200724e-03  1.09516335e+00]
 [-6.87177926e-02  7.54495859e-02  1.19259751e+00]
 [-5.19538224e-02  2.69661546e-02  1.29819584e+00]
 [-1.20259151e-01 -9.47806239e-02  1.07087541e+00]
 [-7.11981505e-02 -3.24436128e-01  9.76426125e-01]
 [-2.94469688e-02 -1.86725646e-01  8.40031743e-01]
 [ 1.01789460e-01  1.07106686e-01  1.04773974e+00]
 [ 1.25474632e-02  3.30974996e-01  9.21933949e-01]
 [-1.41193867e-01  3.42712700e-01  1.08177507e+00]]
[[ 0.00000000e+00  0.00000000e+00  5.74840963e-01]
 [ 9.59701836e-02  6.99314326e-02  5.78921497e-01]
 [ 2.67875344e-01  2.10894361e-01  2.65067220e-01]
 [ 5.05434871e-01 -1.14197552e-01  1.87750012e-01]
 [ 5.53093433e-01 -8.89209509e-02  4.79344130e-02]
 [-9.60195214e-02 -6.96496144e-02  5.71117640e-01]
 [-2.95952708e-01  2.14024857e-01  4.69517857e-01]
 [-3.10084403e-01  1.19468898e-01  6.83639646e-02]
 [-4.12954926e-01  2.46218652e-01  0.00000000e+00]
 [-1.40514020e-02  1.21414661e-03  8.01268220e-01]
 [-3.48644033e-02 -1.60790980e-02  1.05616212e+00]
 [-9.54678580e-02  4.52492833e-02  1.15563774e+00]
 [-8.23273361e-02 -5.16462326e-03  1.26077652e+00]
 [-1.26757458e-01 -1.13476515e-01  1.03676069e+00]
 [-2.61510685e-02 -3.33742440e-01  1.03198266e+00]
 [-5.10762632e-03 -1.99979484e-01  8.65631223e-01]
 [ 6.77362457e-02  8.37707520e-02  1.00949013e+00]
 [-1.41164511e-02  3.11622977e-01  8.64902675e-01]
 [-1.64845943e-01  3.55958700e-01  9.93270993e-01]]
[[ 0.          0.          0.56475127]
 [ 0.09652248  0.07138851  0.56698895]
 [ 0.1476944   0.1332787   0.19905561]
 [ 0.37068003 -0.2921819   0.28746372]
 [ 0.46658194 -0.32151058  0.19505987]
 [-0.09658289 -0.07121386  0.56299704]
 [-0.24141452  0.27244142  0.3937881 ]
 [-0.3054359   0.34903955  0.01296496]
 [-0.4016326   0.49210986  0.        ]
 [-0.01692963  0.01080303  0.79215944]
 [-0.04602548 -0.00504023  1.0455964 ]
 [-0.12815985  0.04165077  1.1456711 ]
 [-0.10941746  0.00581384  1.2570704 ]
 [-0.13030833 -0.10032928  1.0188391 ]
 [-0.05132418 -0.26880482  0.87430006]
 [-0.07037819 -0.11614019  0.71176904]
 [ 0.05354798  0.09020436  0.99474263]
 [ 0.04757895  0.28620368  0.7982023 ]
 [-0.08674249  0.41111293  0.79527354]]
[[ 0.          0.          0.58391637]
 [ 0.09558763  0.0722746   0.5816208 ]
 [ 0.02492287  0.12943146  0.21753502]
 [ 0.22663903 -0.30958176  0.37186164]
 [ 0.32930586 -0.3702436   0.3170663 ]
 [-0.09567776 -0.07217118  0.586661  ]
 [-0.16779694  0.30785638  0.37851474]
 [-0.1940872   0.44585195  0.01220614]
 [-0.28258714  0.62023723  0.        ]
 [-0.01960786  0.02019648  0.8091347 ]
 [-0.05550607  0.0027729   1.0619947 ]
 [-0.14112496  0.04095608  1.1674032 ]
 [-0.1157447   0.00530052  1.2790363 ]
 [-0.14764538 -0.08601445  1.0308012 ]
 [-0.113387   -0.20699164  0.79705876]
 [-0.1619635  -0.02485372  0.661154  ]
 [ 0.05424091  0.08422026  1.0059489 ]
 [ 0.13093321  0.2291735   0.7829442 ]
 [ 0.0685682   0.37422007  0.6806842 ]]
[[ 0.          0.          0.62330383]
 [ 0.09515493  0.07609451  0.62242585]
 [-0.08216427  0.14429218  0.29233956]
 [ 0.12871388 -0.2878722   0.43601975]
 [ 0.20923415 -0.33504003  0.35186607]
 [-0.09529193 -0.0760151   0.62450397]
 [-0.12794691  0.27938902  0.3769511 ]
 [-0.08250144  0.41216862  0.02096599]
 [-0.17661059  0.58940625  0.        ]
 [-0.02245774  0.02324703  0.847485  ]
 [-0.06358153  0.00447127  1.1001132 ]
 [-0.1490089   0.04500288  1.2125793 ]
 [-0.12271732  0.00465119  1.3213046 ]
 [-0.16515118 -0.08646882  1.0693805 ]
 [-0.18271346 -0.21299264  0.8404185 ]
 [-0.22574922  0.01052774  0.72081023]
 [ 0.05237179  0.07986981  1.0411692 ]
 [ 0.1730288   0.1724655   0.8256011 ]
 [ 0.18852183  0.31459367  0.6579404 ]]
[[ 0.          0.          0.6012498 ]
 [ 0.08604325  0.07841979  0.60909045]
 [-0.20808282  0.24419565  0.45475414]
 [-0.02331098 -0.0779596   0.35832834]
 [-0.03638959 -0.02457634  0.23125118]
 [-0.08610198 -0.07851475  0.59316206]
 [ 0.03058508  0.17222968  0.3042617 ]
 [ 0.23436739  0.23943153  0.05628896]
 [ 0.14681771  0.41048062  0.        ]
 [-0.01860099  0.01966794  0.8274599 ]
 [-0.04953247  0.00684926  1.0829384 ]
 [-0.13041434  0.05383813  1.1909773 ]
 [-0.09847242  0.01765239  1.3015289 ]
 [-0.1669533  -0.06965387  1.0474662 ]
 [-0.32158434 -0.16070814  0.8461135 ]
 [-0.3114715   0.0656828   0.84222144]
 [ 0.07157483  0.05215102  1.0290968 ]
 [ 0.26806396  0.0128876   0.9111069 ]
 [ 0.41392383  0.07004932  0.71307284]]
[[ 0.          0.          0.54098916]
 [ 0.08025321  0.06698531  0.5509058 ]
 [-0.24059916  0.2214      0.48820907]
 [-0.19114149  0.06784567  0.15870225]
 [-0.30120462  0.17826778  0.08493418]
 [-0.08031445 -0.06723754  0.53044355]
 [ 0.14139119  0.07915112  0.24371454]
 [ 0.4428702   0.09619454  0.10250604]
 [ 0.4289224   0.23262724  0.        ]
 [-0.01316779  0.00982161  0.774884  ]
 [-0.03597929 -0.01028919  1.0329585 ]
 [-0.10020667  0.05534315  1.1299706 ]
 [-0.0747814   0.02061361  1.2475171 ]
 [-0.16633561 -0.05404547  1.0017763 ]
 [-0.36393765 -0.07531185  0.8280872 ]
 [-0.28176445  0.12226707  0.94857377]
 [ 0.09420685  0.01104215  0.9831339 ]
 [ 0.33699477 -0.06382945  0.9462394 ]
 [ 0.4971245  -0.05274212  0.7510412 ]]
[[ 0.0000000e+00  0.0000000e+00  4.6303031e-01]
 [ 8.2491405e-02  5.6414936e-02  4.7283071e-01]
 [-2.1741456e-01  2.4258277e-01  4.0675235e-01]
 [-2.5716275e-01  1.9917113e-01  2.3033202e-02]
 [-3.7844908e-01  3.1923193e-01  0.0000000e+00]
 [-8.2606539e-02 -5.6641009e-02  4.5254564e-01]
 [ 1.5787071e-01  9.0163261e-02  1.6575316e-01]
 [ 4.9435928e-01  4.6763420e-02  9.8946929e-02]
 [ 5.4212618e-01  1.5730631e-01  7.9536438e-04]
 [-7.3041655e-03  1.0301977e-02  6.9952488e-01]
 [-2.4115860e-02 -1.0865003e-02  9.5712161e-01]
 [-8.1668518e-02  5.8340371e-02  1.0523609e+00]
 [-6.0794204e-02  2.2905827e-02  1.1695143e+00]
 [-1.6096240e-01 -4.2346299e-02  9.2771804e-01]
 [-3.6562991e-01 -3.7004501e-02  7.6368225e-01]
 [-2.6549658e-01  1.4907557e-01  8.9235127e-01]
 [ 1.1014977e-01  2.3378432e-03  9.0826833e-01]
 [ 3.5889691e-01 -6.4210743e-02  8.7994885e-01]
 [ 4.9540794e-01 -4.7335267e-02  6.8641484e-01]]
[[ 0.0000000e+00  0.0000000e+00  4.9133337e-01]
 [ 8.8888004e-02  5.0265033e-02  5.0005221e-01]
 [-1.6725537e-01  3.0210263e-01  3.8130805e-01]
 [-2.7070156e-01  3.5487929e-01  0.0000000e+00]
 [-3.8976467e-01  4.7072995e-01  1.9388467e-02]
 [-8.9101210e-02 -5.0459407e-02  4.8190230e-01]
 [ 1.3093311e-01  8.9463115e-02  1.6767368e-01]
 [ 4.8116386e-01 -4.4379354e-02  1.9573507e-01]
 [ 5.8399487e-01  3.0842751e-02  1.1258638e-01]
 [-6.6890381e-05  1.1255041e-02  7.2845095e-01]
 [-1.2447508e-02 -2.9744208e-03  9.8527002e-01]
 [-6.9370016e-02  6.3137949e-02  1.0813165e+00]
 [-4.7144301e-02  2.8071761e-02  1.1975622e+00]
 [-1.5221266e-01 -2.7319729e-02  9.5379961e-01]
 [-3.4857744e-01 -1.5098393e-02  7.7818835e-01]
 [-2.5817516e-01  2.0465642e-01  8.5172975e-01]
 [ 1.2633526e-01  7.1598887e-03  9.3451512e-01]
 [ 3.6402965e-01 -5.2599609e-02  8.7231201e-01]
 [ 4.5094526e-01 -5.0425902e-02  6.6096878e-01]]
[[ 0.          0.          0.552236  ]
 [ 0.09306182  0.05057942  0.56235236]
 [-0.10751912  0.34162223  0.371699  ]
 [-0.22152802  0.43882665  0.        ]
 [-0.34516478  0.5448493   0.02393442]
 [-0.09335657 -0.05071349  0.54150295]
 [ 0.07134868  0.05854118  0.18567774]
 [ 0.4143202  -0.13747674  0.2913184 ]
 [ 0.5573747  -0.09635088  0.22329569]
 [ 0.00844891  0.02305046  0.7869991 ]
 [-0.00436515  0.01376969  1.0431337 ]
 [-0.0636353   0.0769906   1.141174  ]
 [-0.04215301  0.04350102  1.25735   ]
 [-0.14254704 -0.01488432  1.0118768 ]
 [-0.31947076 -0.0333496   0.82675284]
 [-0.27145907  0.2084198   0.79875743]
 [ 0.13660401  0.02994454  0.9871137 ]
 [ 0.3546195  -0.00824922  0.8854507 ]
 [ 0.39091083  0.02880382  0.6680433 ]]
[[ 0.          0.          0.6270959 ]
 [ 0.09812613  0.05487847  0.6389992 ]
 [-0.04596683  0.35561302  0.38301623]
 [-0.13687202  0.4241869   0.        ]
 [-0.26781446  0.5288322   0.00669575]
 [-0.09839709 -0.0549418   0.614744  ]
 [-0.00321576  0.06248885  0.2385309 ]
 [ 0.3215943  -0.20605159  0.39740568]
 [ 0.48114705 -0.18058786  0.34089667]
 [ 0.01548328  0.03690176  0.8586998 ]
 [ 0.00381616  0.03233367  1.1145253 ]
 [-0.05737774  0.09437865  1.2173903 ]
 [-0.03322478  0.06316596  1.3339937 ]
 [-0.1333147  -0.00819361  1.0835176 ]
 [-0.29799655 -0.08231217  0.8797226 ]
 [-0.28214863  0.13962957  0.77022904]
 [ 0.14528072  0.0578846   1.0511849 ]
 [ 0.3410508   0.05564305  0.910141  ]
 [ 0.33041507  0.17757402  0.7203853 ]]
[[ 0.          0.          0.6741424 ]
 [ 0.10214496  0.06931647  0.686371  ]
 [ 0.0570932   0.38817325  0.39789206]
 [ 0.0552724   0.39786884  0.01540869]
 [-0.08564612  0.51725847  0.        ]
 [-0.10230897 -0.06924989  0.66169053]
 [-0.14788255  0.10211521  0.3258345 ]
 [ 0.17786536 -0.21145216  0.4731816 ]
 [ 0.31391847 -0.18505016  0.39497423]
 [ 0.01662015  0.05008069  0.8996718 ]
 [ 0.00616338  0.06107026  1.1557286 ]
 [-0.06071004  0.11035836  1.2633717 ]
 [-0.02750328  0.08358765  1.3770229 ]
 [-0.12092799 -0.00806466  1.1245401 ]
 [-0.24500658 -0.16941187  0.9225615 ]
 [-0.2336683   0.01910961  0.7711963 ]
 [ 0.14399259  0.1118325   1.0896522 ]
 [ 0.27240753  0.18705797  0.901538  ]
 [ 0.18506335  0.3585332   0.8041482 ]]
[[ 0.          0.          0.6553825 ]
 [ 0.10181472  0.07328119  0.6686774 ]
 [ 0.19358258  0.33901268  0.36355138]
 [ 0.31811026  0.25423747  0.05304027]
 [ 0.19665827  0.38489088  0.        ]
 [-0.10187317 -0.07305867  0.64204735]
 [-0.27602017  0.18475996  0.44911522]
 [ 0.00633632 -0.10907029  0.3963111 ]
 [ 0.02456155 -0.05917501  0.26236624]
 [ 0.01571868  0.0433808   0.8789944 ]
 [ 0.00938535  0.05259421  1.137307  ]
 [-0.06234776  0.10040045  1.2453189 ]
 [-0.03332576  0.06907368  1.3565587 ]
 [-0.10706034 -0.05159214  1.1075379 ]
 [-0.13903014 -0.2703285   0.9415083 ]
 [-0.11160707 -0.11294428  0.8049953 ]
 [ 0.1275689   0.13760734  1.0754341 ]
 [ 0.13935192  0.28081608  0.8887031 ]
 [-0.02320386  0.38795593  0.92649853]]
[[ 0.          0.          0.63815856]
 [ 0.09675353  0.08054025  0.64927244]
 [ 0.28542224  0.25597733  0.35533458]
 [ 0.49727172  0.06485897  0.11223388]
 [ 0.4429474   0.16498792  0.        ]
 [-0.09674007 -0.0802865   0.627206  ]
 [-0.3072015   0.2156282   0.5406388 ]
 [-0.1728932  -0.02768266  0.22243547]
 [-0.24741735  0.0695647   0.1018737 ]
 [ 0.01135543  0.02099583  0.86525106]
 [ 0.007961    0.01198864  1.1237102 ]
 [-0.06933341  0.0591749   1.2323439 ]
 [-0.03641258  0.01752067  1.3365694 ]
 [-0.08570457 -0.11148411  1.0951769 ]
 [-0.05671395 -0.34784245  0.98093015]
 [-0.02361546 -0.2308218   0.85644454]
 [ 0.10233637  0.1256949   1.0683161 ]
 [ 0.0055393   0.30426547  0.92667663]
 [-0.16382134  0.28829736  1.0723015 ]]
[[ 0.00000000e+00  0.00000000e+00  5.87844074e-01]
 [ 9.01184529e-02  8.32120329e-02  5.95634460e-01]
 [ 2.80677438e-01  2.09475517e-01  2.77602613e-01]
 [ 5.50050557e-01 -4.14159000e-02  1.51076555e-01]
 [ 5.54534853e-01 -1.07508898e-03  3.27861309e-03]
 [-9.00812969e-02 -8.29237550e-02  5.80439150e-01]
 [-3.16083968e-01  1.87527180e-01  4.68843102e-01]
 [-2.72579491e-01  6.68125153e-02  7.05650449e-02]
 [-3.78446400e-01  1.77661926e-01  0.00000000e+00]
 [ 5.73303178e-03  2.70190835e-03  8.13799560e-01]
 [ 7.12946057e-05 -1.54473782e-02  1.06993735e+00]
 [-8.49303156e-02  2.59275436e-02  1.18001842e+00]
 [-4.84826714e-02 -1.43944621e-02  1.28210282e+00]
 [-6.97116405e-02 -1.37240529e-01  1.04369378e+00]
 [ 3.00388783e-02 -3.78524154e-01  1.01129448e+00]
 [ 3.43091711e-02 -2.44469345e-01  8.71082902e-01]
 [ 7.51238763e-02  1.07302696e-01  1.01827145e+00]
 [-4.09539789e-02  2.85314083e-01  8.66840720e-01]
 [-2.00078964e-01  2.80372947e-01  1.00989974e+00]]
[[ 0.          0.          0.59252095]
 [ 0.08987867  0.08086716  0.5989794 ]
 [ 0.18794912  0.13885307  0.22281548]
 [ 0.45533895 -0.23486662  0.26679936]
 [ 0.5363681  -0.25009903  0.15833169]
 [-0.08987893 -0.08065131  0.5865864 ]
 [-0.27061558  0.20957641  0.40195486]
 [-0.30963933  0.26084578  0.01588845]
 [-0.42690927  0.38101426  0.        ]
 [ 0.00869295  0.0014762   0.81783104]
 [-0.00314511 -0.02195022  1.0709518 ]
 [-0.09966668  0.01287937  1.179458  ]
 [-0.06921356 -0.01975852  1.287272  ]
 [-0.06256384 -0.14296883  1.0363989 ]
 [ 0.02637425 -0.3522311   0.9308702 ]
 [-0.03351726 -0.18160015  0.7861986 ]
 [ 0.06509899  0.0992662   1.0235358 ]
 [ 0.01270007  0.27278948  0.83324087]
 [-0.16076592  0.32523024  0.8695506 ]]
[[ 0.          0.          0.5986633 ]
 [ 0.09349129  0.08410028  0.60354763]
 [ 0.03803496  0.11800313  0.21736112]
 [ 0.26976305 -0.32732558  0.34141913]
 [ 0.37737864 -0.38896483  0.28709525]
 [-0.09350124 -0.08399405  0.5942029 ]
 [-0.18393463  0.27026737  0.36855707]
 [-0.18526036  0.40788138  0.00543046]
 [-0.31055313  0.5651959   0.        ]
 [-0.00674606  0.01659559  0.8255726 ]
 [-0.02954681  0.00508633  1.0798478 ]
 [-0.12083052  0.03865921  1.1906557 ]
 [-0.08376512  0.00630295  1.3012788 ]
 [-0.10224263 -0.11273763  1.0428742 ]
 [-0.08023104 -0.27242646  0.82777214]
 [-0.14917167 -0.09085169  0.71871775]
 [ 0.05603442  0.11356032  1.0265512 ]
 [ 0.11320125  0.26641244  0.8124685 ]
 [-0.01367328  0.38624582  0.75651205]]
[[ 0.          0.          0.6403445 ]
 [ 0.08839615  0.08615331  0.64026517]
 [-0.07278566  0.13624918  0.28176278]
 [ 0.16038388 -0.30287194  0.4161941 ]
 [ 0.25596493 -0.36837804  0.3527404 ]
 [-0.08844964 -0.08608539  0.64074916]
 [-0.12882993  0.2603753   0.37615615]
 [-0.07528991  0.3953473   0.02537024]
 [-0.19973075  0.5650783   0.        ]
 [-0.01302687  0.02167179  0.86719656]
 [-0.04054495  0.0132727   1.1225044 ]
 [-0.12735927  0.04805946  1.2371838 ]
 [-0.08447451  0.01036942  1.3443284 ]
 [-0.12382703 -0.10298455  1.0897589 ]
 [-0.14895347 -0.253515    0.8583609 ]
 [-0.21985723 -0.0438544   0.7865751 ]
 [ 0.05574957  0.11477137  1.0633975 ]
 [ 0.16620785  0.24865693  0.85697913]
 [ 0.06634204  0.40389758  0.77026623]]
[[ 0.00000000e+00  0.00000000e+00  6.13839924e-01]
 [ 7.71094859e-02  8.33836943e-02  6.21573985e-01]
 [-2.22677171e-01  2.28186190e-01  4.50164527e-01]
 [ 9.95862111e-03 -9.30779576e-02  3.58365297e-01]
 [ 9.89494100e-03 -6.45938218e-02  2.31757164e-01]
 [-7.71532059e-02 -8.35142732e-02  6.05853498e-01]
 [ 6.00003488e-02  1.45584568e-01  2.97694504e-01]
 [ 2.74916619e-01  2.43347883e-01  5.90156913e-02]
 [ 1.75599590e-01  4.01744783e-01  0.00000000e+00]
 [-7.21363723e-03  1.02286935e-02  8.44075203e-01]
 [-2.47423276e-02 -5.53995371e-04  1.10179114e+00]
 [-1.05520964e-01  4.16080952e-02  1.21249282e+00]
 [-5.98881170e-02  6.17998838e-03  1.31996357e+00]
 [-1.31522134e-01 -9.04133320e-02  1.06441820e+00]
 [-2.84209967e-01 -1.81969672e-01  8.46507192e-01]
 [-2.91652948e-01  3.63773108e-02  9.21042442e-01]
 [ 8.54817256e-02  6.85211718e-02  1.04958498e+00]
 [ 3.07667524e-01  1.03745222e-01  9.36916351e-01]
 [ 3.47840965e-01  2.24626139e-01  7.28361964e-01]]
[[ 0.          0.          0.57940185]
 [ 0.07402849  0.07496998  0.5909572 ]
 [-0.25628656  0.21829662  0.49725026]
 [-0.13575545  0.0361819   0.18944716]
 [-0.24234477  0.12344551  0.09600067]
 [-0.07403067 -0.07521991  0.5672234 ]
 [ 0.15097716  0.06381443  0.26471326]
 [ 0.4592391   0.09491658  0.1022051 ]
 [ 0.4422626   0.22522575  0.        ]
 [-0.00222098 -0.00186493  0.8158082 ]
 [-0.01244609 -0.02074498  1.0749179 ]
 [-0.08761142  0.03206646  1.1802602 ]
 [-0.0449535  -0.00341648  1.2918835 ]
 [-0.1354387  -0.08775589  1.0444376 ]
 [-0.32324994 -0.13358113  0.85164875]
 [-0.26486725  0.06029066  0.9924487 ]
 [ 0.10822625  0.02890864  1.0219622 ]
 [ 0.35354477  0.01316854  0.9657796 ]
 [ 0.42066282  0.08468165  0.7444966 ]]
[[ 0.          0.          0.52438176]
 [ 0.0783948   0.07049771  0.5358342 ]
 [-0.23934084  0.22568494  0.4266363 ]
 [-0.22921109  0.16618758  0.04252848]
 [-0.3638633   0.2789822   0.        ]
 [-0.07845759 -0.07071882  0.5122329 ]
 [ 0.14815205  0.04798162  0.19133079]
 [ 0.5024055  -0.01124829  0.11159986]
 [ 0.5618768   0.0886136   0.00664145]
 [ 0.00342243  0.00518595  0.7612262 ]
 [-0.00494512 -0.01750314  1.0199006 ]
 [-0.07985462  0.0381223   1.1237922 ]
 [-0.03805166  0.0050627   1.2348446 ]
 [-0.13580623 -0.07272559  0.99138576]
 [-0.32999364 -0.0972845   0.80825275]
 [-0.24975038  0.09791017  0.9338629 ]
 [ 0.12140822  0.02174467  0.9644531 ]
 [ 0.3634309   0.0034726   0.9131782 ]
 [ 0.42078817  0.08164942  0.6981721 ]]
[[ 0.          0.          0.5355266 ]
 [ 0.08602366  0.06539465  0.5461985 ]
 [-0.18390426  0.28885382  0.39216384]
 [-0.2618367   0.3171937   0.00159311]
 [-0.40393764  0.42917153  0.        ]
 [-0.0861892  -0.06557824  0.52417237]
 [ 0.11125872  0.04966515  0.1764552 ]
 [ 0.47544295 -0.09402794  0.19732496]
 [ 0.5915369  -0.03030163  0.10538992]
 [ 0.01016325  0.01232104  0.77308893]
 [ 0.00324432 -0.00495297  1.0313236 ]
 [-0.06499308  0.05074531  1.1331756 ]
 [-0.02830067  0.01891428  1.2462838 ]
 [-0.13052809 -0.05341616  0.999866  ]
 [-0.30900797 -0.08900279  0.8060756 ]
 [-0.23692864  0.13331908  0.87868243]
 [ 0.13586476  0.02992633  0.9734406 ]
 [ 0.3621103   0.01706252  0.89149815]
 [ 0.37076026  0.10419148  0.6859844 ]]
[[ 0.          0.          0.5956942 ]
 [ 0.09298075  0.06578836  0.60762864]
 [-0.10835248  0.34003547  0.37657946]
 [-0.19956052  0.4172173   0.        ]
 [-0.34206992  0.52447456  0.00181425]
 [-0.09321772 -0.0658685   0.58325505]
 [ 0.02731425  0.03502265  0.21196997]
 [ 0.38356793 -0.1890468   0.30713958]
 [ 0.5421469  -0.1503467   0.24181825]
 [ 0.01538525  0.02648453  0.8307866 ]
 [ 0.00690242  0.01621711  1.0884197 ]
 [-0.06029005  0.07093394  1.1921616 ]
 [-0.02274776  0.04024595  1.3065861 ]
 [-0.12458326 -0.03929865  1.0567827 ]
 [-0.27351484 -0.13366473  0.8569045 ]
 [-0.2422241   0.10233355  0.8109492 ]
 [ 0.14237766  0.05989787  1.0248092 ]
 [ 0.33827734  0.08505234  0.89735734]
 [ 0.29256046  0.22494127  0.7255719 ]]
[[ 0.          0.          0.66402566]
 [ 0.09596893  0.07539016  0.675816  ]
 [-0.02758913  0.35264957  0.390197  ]
 [-0.06242806  0.39728194  0.00602448]
 [-0.21053642  0.5093095   0.        ]
 [-0.09617165 -0.07540275  0.65194166]
 [-0.10327774  0.06239673  0.2921986 ]
 [ 0.24482241 -0.22791414  0.41145855]
 [ 0.4022326  -0.19488302  0.34888253]
 [ 0.01696913  0.03611828  0.89464617]
 [ 0.00634235  0.031645    1.1518567 ]
 [-0.06133351  0.07954657  1.259594  ]
 [-0.019072    0.05478674  1.3720458 ]
 [-0.11512887 -0.04438534  1.1192809 ]
 [-0.22431462 -0.19994208  0.910015  ]
 [-0.21118799  0.01111215  0.7758946 ]
 [ 0.13637152  0.09430224  1.0841419 ]
 [ 0.27538118  0.17251512  0.9022992 ]
 [ 0.17137568  0.3424453   0.80113536]]
[[ 0.          0.          0.6728735 ]
 [ 0.09652956  0.08467378  0.69051063]
 [ 0.11962947  0.33025602  0.3658509 ]
 [ 0.21559802  0.30670023  0.04335505]
 [ 0.05284472  0.44200772  0.        ]
 [-0.09659099 -0.08448552  0.6551699 ]
 [-0.2586763   0.12622039  0.41409588]
 [ 0.07854    -0.16781296  0.40466455]
 [ 0.13974245 -0.12474108  0.28477648]
 [ 0.01406548  0.03473639  0.8999905 ]
 [ 0.00612728  0.03366655  1.1582606 ]
 [-0.07469931  0.06983143  1.2706412 ]
 [-0.03167304  0.04283983  1.3780309 ]
 [-0.0965314  -0.07311094  1.1257267 ]
 [-0.09603658 -0.26166618  0.9179534 ]
 [-0.08270404 -0.08917621  0.79055893]
 [ 0.11526633  0.12904698  1.0955551 ]
 [ 0.14248629  0.2656297   0.88428235]
 [-0.03706355  0.34496298  0.9135585 ]]
[[ 0.          0.          0.68384916]
 [ 0.09206047  0.09093959  0.6939003 ]
 [ 0.22931871  0.21981472  0.36700308]
 [ 0.4243186   0.03986096  0.11415082]
 [ 0.3322923   0.13946551  0.        ]
 [-0.09202024 -0.09069785  0.67396295]
 [-0.31461406  0.18450898  0.55041075]
 [-0.11757976 -0.06167561  0.26214808]
 [-0.18437575  0.01358575  0.12353331]
 [ 0.01961156  0.01175795  0.912962  ]
 [ 0.023004   -0.0061605   1.1704485 ]
 [-0.07178212  0.02223641  1.2741774 ]
 [-0.03000464 -0.00740844  1.3779185 ]
 [-0.03077389 -0.1458374   1.1435816 ]
 [ 0.0476733  -0.3920418   1.0483477 ]
 [ 0.03499165 -0.21758652  0.92457056]
 [ 0.08111162  0.13081077  1.1152079 ]
 [-0.01291429  0.2700463   0.9475814 ]
 [-0.18728805  0.20076364  1.0735354 ]]
[[ 0.          0.          0.64956224]
 [ 0.08700081  0.09232391  0.659707  ]
 [ 0.24961962  0.20216788  0.32733166]
 [ 0.5070824  -0.02739796  0.16283652]
 [ 0.4899018   0.02380753  0.        ]
 [-0.08692635 -0.0920575   0.639781  ]
 [-0.33122104  0.1667657   0.50343853]
 [-0.24045256  0.00776327  0.1302793 ]
 [-0.3417461   0.10908899  0.03842211]
 [ 0.02661158 -0.00184739  0.87835705]
 [ 0.03978997 -0.02455282  1.133676  ]
 [-0.0663019  -0.00218004  1.2357987 ]
 [-0.02605676 -0.02817625  1.3406931 ]
 [ 0.02434922 -0.16565031  1.1018453 ]
 [ 0.0994381  -0.39482266  1.046917  ]
 [ 0.08011952 -0.22337566  0.9252798 ]
 [ 0.06271189  0.11867416  1.0848436 ]
 [-0.0565204   0.22756842  0.91265345]
 [-0.21208173  0.1768151   1.044918  ]]
[[ 0.          0.          0.63531965]
 [ 0.08389501  0.08453678  0.64288175]
 [ 0.18483089  0.15760113  0.27028143]
 [ 0.47294736 -0.161775    0.270281  ]
 [ 0.54190415 -0.16846079  0.12279749]
 [-0.08379783 -0.08429027  0.62824667]
 [-0.2814856   0.1854164   0.43266407]
 [-0.29395092  0.18131149  0.04823971]
 [-0.4048892   0.29542232  0.        ]
 [ 0.03204844  0.00703053  0.86284137]
 [ 0.04172289 -0.02347437  1.1149551 ]
 [-0.07043109  0.0017845   1.2220442 ]
 [-0.02869515 -0.02649218  1.3293412 ]
 [ 0.02892386 -0.15711734  1.0738909 ]
 [ 0.10486922 -0.3621984   0.9877029 ]
 [ 0.03668629 -0.1853685   0.8492378 ]
 [ 0.06061311  0.11285943  1.0704055 ]
 [-0.00298147  0.24763325  0.87422514]
 [-0.16842264  0.2738788   0.9219177 ]]
[[ 0.          0.          0.6085313 ]
 [ 0.08489548  0.08272803  0.6137608 ]
 [ 0.05566465  0.09459162  0.21732989]
 [ 0.31948543 -0.30882037  0.31599313]
 [ 0.43744987 -0.35805976  0.21942791]
 [-0.08483991 -0.0825563   0.6037264 ]
 [-0.19435006  0.23576544  0.36609042]
 [-0.20106626  0.3664242   0.02281386]
 [-0.32092667  0.50719523  0.        ]
 [ 0.02061446  0.01548083  0.836354  ]
 [ 0.02032612 -0.00566953  1.0894402 ]
 [-0.08539589  0.01948428  1.2030909 ]
 [-0.03796476 -0.010122    1.3106308 ]
 [-0.01153933 -0.13618746  1.0483758 ]
 [ 0.03151071 -0.3110544   0.8674588 ]
 [-0.08480214 -0.15194592  0.7798384 ]
 [ 0.06265395  0.11796391  1.040525  ]
 [ 0.09726772  0.24355891  0.82590806]
 [-0.04666123  0.3239252   0.7716538 ]]
[[ 0.          0.          0.6265872 ]
 [ 0.08207385  0.08798976  0.62945974]
 [-0.12344559  0.1492858   0.3044317 ]
 [ 0.16498837 -0.25002933  0.39507174]
 [ 0.2566349  -0.28908223  0.29694802]
 [-0.08209199 -0.08796267  0.62393695]
 [-0.07487497  0.19924855  0.32702115]
 [ 0.01095631  0.33452338  0.02656788]
 [-0.11819047  0.4943539   0.        ]
 [ 0.00894121  0.0065113   0.8555795 ]
 [ 0.00354731 -0.0124985   1.1100016 ]
 [-0.09372839  0.0201757   1.2269708 ]
 [-0.03858865 -0.01549405  1.331356  ]
 [-0.07130611 -0.1369487   1.0724589 ]
 [-0.12390891 -0.28817165  0.860836  ]
 [-0.20521373 -0.08616148  0.84217966]
 [ 0.08558623  0.09718975  1.0562421 ]
 [ 0.230285    0.22024663  0.87270325]
 [ 0.14951877  0.37062407  0.7608622 ]]
[[ 0.0000000e+00  0.0000000e+00  5.8827788e-01]
 [ 7.3462635e-02  8.5592762e-02  5.9330034e-01]
 [-2.4643052e-01  2.1046549e-01  4.2152029e-01]
 [-1.2969226e-03 -1.0220525e-01  3.1884086e-01]
 [-1.9127741e-02 -7.1232796e-02  1.9343576e-01]
 [-7.3452123e-02 -8.5768305e-02  5.8300102e-01]
 [ 8.3460659e-02  1.0927406e-01  2.6597220e-01]
 [ 3.0116326e-01  2.0610130e-01  6.4741433e-02]
 [ 2.1448569e-01  3.6489791e-01  0.0000000e+00]
 [ 1.1731264e-02  1.1642277e-03  8.2218146e-01]
 [ 1.1418304e-02 -1.5522629e-02  1.0794331e+00]
 [-7.4850187e-02  2.4522185e-02  1.1881154e+00]
 [-2.6750986e-02 -8.3407760e-03  1.2945542e+00]
 [-9.5152028e-02 -1.1231804e-01  1.0424800e+00]
 [-2.5021008e-01 -2.1752295e-01  8.3881873e-01]
 [-2.5329989e-01 -6.7321658e-03  9.1992772e-01]
 [ 1.1954288e-01  6.4863026e-02  1.0270356e+00]
 [ 3.4050119e-01  1.3171583e-01  9.2214739e-01]
 [ 3.1421018e-01  2.6248774e-01  7.2441721e-01]]
[[ 0.          0.          0.56926686]
 [ 0.06962103  0.0784689   0.5773206 ]
 [-0.27031708  0.19976395  0.46384722]
 [-0.13074553  0.02872327  0.1744042 ]
 [-0.24316081  0.113166    0.08249551]
 [-0.06958858 -0.0787309   0.56063   ]
 [ 0.14710492  0.05942085  0.24497515]
 [ 0.46325028  0.07975048  0.11071485]
 [ 0.45800275  0.2061292   0.        ]
 [ 0.01562153 -0.00699693  0.80725753]
 [ 0.01999185 -0.03187948  1.0654421 ]
 [-0.05473837  0.02057421  1.1686728 ]
 [-0.01370697 -0.01373255  1.2810204 ]
 [-0.09955421 -0.10905948  1.0338968 ]
 [-0.28806046 -0.18585831  0.848575  ]
 [-0.24199986  0.01378727  0.964851  ]
 [ 0.13744572  0.02970287  1.0131899 ]
 [ 0.37991065  0.03701389  0.94112897]
 [ 0.36652905  0.15875551  0.7355695 ]]
[[ 0.          0.          0.5352479 ]
 [ 0.07721218  0.07377002  0.54673636]
 [-0.2322275   0.24268901  0.4108864 ]
 [-0.20618671  0.16990513  0.03640485]
 [-0.34780163  0.2769231   0.        ]
 [-0.07725962 -0.07399115  0.5231475 ]
 [ 0.11073752  0.06571716  0.19158927]
 [ 0.480991   -0.01675466  0.15304118]
 [ 0.5619711   0.07578424  0.0419535 ]
 [ 0.017366   -0.00322182  0.7734596 ]
 [ 0.02247677 -0.02853608  1.0313771 ]
 [-0.04935075  0.02477461  1.1331282 ]
 [-0.00762506 -0.0077163   1.2460744 ]
 [-0.10393471 -0.09844074  1.0008342 ]
 [-0.29303297 -0.18203348  0.824945  ]
 [-0.23816763  0.04320601  0.9045107 ]
 [ 0.14489448  0.02726376  0.97812104]
 [ 0.3831835   0.04333714  0.8990512 ]
 [ 0.3372662   0.20494394  0.7245463 ]]
[[ 0.00000000e+00  0.00000000e+00  5.77515244e-01]
 [ 8.02574754e-02  7.80886412e-02  5.89554548e-01]
 [-1.74097836e-01  3.00275713e-01  3.84783655e-01]
 [-1.98921621e-01  3.12857687e-01  1.76250935e-04]
 [-3.53292763e-01  4.12333369e-01  0.00000000e+00]
 [-8.03787857e-02 -7.82433897e-02  5.64963818e-01]
 [ 3.25074866e-02  5.57860136e-02  2.03716636e-01]
 [ 4.18675780e-01 -1.06290102e-01  2.25578249e-01]
 [ 5.50389051e-01 -4.49331999e-02  1.24791354e-01]
 [ 1.94113832e-02  3.31211090e-03  8.16700697e-01]
 [ 2.37095542e-02 -1.33439004e-02  1.07371199e+00]
 [-5.04847020e-02  3.25189829e-02  1.17753386e+00]
 [-1.02333724e-05  2.75516510e-03  1.28954971e+00]
 [-9.73677710e-02 -9.02550220e-02  1.04517078e+00]
 [-2.68465400e-01 -2.22447261e-01  8.74323785e-01]
 [-2.41150886e-01  2.13557184e-02  8.68752122e-01]
 [ 1.45573586e-01  5.19575477e-02  1.01605821e+00]
 [ 3.60163152e-01  1.18297249e-01  9.05718505e-01]
 [ 2.57861018e-01  2.92182833e-01  7.77562857e-01]]
[[ 0.          0.          0.618957  ]
 [ 0.08309928  0.08843307  0.6303255 ]
 [-0.11679196  0.31652868  0.37098432]
 [-0.12931883  0.35986742  0.        ]
 [-0.2894938   0.46111223  0.00362521]
 [-0.08322667 -0.08852501  0.60720384]
 [-0.05135056  0.04825306  0.2422086 ]
 [ 0.3460567  -0.15666267  0.27516305]
 [ 0.48471016 -0.10341847  0.18435782]
 [ 0.02260053  0.00825225  0.8562509 ]
 [ 0.02567076 -0.0043827   1.1133476 ]
 [-0.04901097  0.03675044  1.2197827 ]
 [ 0.01091308  0.00790054  1.3295176 ]
 [-0.08716187 -0.09514463  1.084598  ]
 [-0.22817394 -0.26421008  0.9131666 ]
 [-0.24136773 -0.03209245  0.849044  ]
 [ 0.14510216  0.07676601  1.051871  ]
 [ 0.31832868  0.18411261  0.91026753]
 [ 0.18075868  0.35969523  0.8357246 ]]
[[ 0.          0.          0.6889813 ]
 [ 0.09471259  0.09479729  0.7015915 ]
 [ 0.0332766   0.2965479   0.36787647]
 [ 0.10670461  0.22907364  0.0385288 ]
 [-0.05911376  0.35425246  0.        ]
 [-0.0947009  -0.09471039  0.67626995]
 [-0.23603454  0.1247365   0.39994407]
 [ 0.13221468 -0.15923306  0.33506975]
 [ 0.16792074 -0.09840277  0.20652297]
 [ 0.02378819  0.02760163  0.9188963 ]
 [ 0.02380073  0.01674181  1.1769786 ]
 [-0.05860849  0.05122626  1.2913586 ]
 [ 0.00482151  0.02120286  1.3958405 ]
 [-0.06944365 -0.10218737  1.1435413 ]
 [-0.06837077 -0.31207237  0.95084   ]
 [-0.10358299 -0.12046799  0.8520858 ]
 [ 0.12467147  0.12829578  1.1141416 ]
 [ 0.16486946  0.29175055  0.92799026]
 [-0.01261528  0.36209825  0.98769736]]
[[ 0.          0.          0.69420457]
 [ 0.09462456  0.09240767  0.7029769 ]
 [ 0.17982335  0.16830504  0.3466632 ]
 [ 0.37923062 -0.046067    0.09631062]
 [ 0.27161047  0.04697037  0.        ]
 [-0.09449588 -0.09225196  0.68565536]
 [-0.31377253  0.15717354  0.50792426]
 [-0.16660541 -0.08147156  0.1840018 ]
 [-0.25782198  0.01259547  0.08168387]
 [ 0.030938    0.00750564  0.92463124]
 [ 0.04781548 -0.0132156   1.1809738 ]
 [-0.04842501  0.01546204  1.2872823 ]
 [ 0.00985913 -0.02131498  1.3874824 ]
 [ 0.00566447 -0.15139687  1.1511602 ]
 [ 0.10238135 -0.40610954  1.1036332 ]
 [ 0.07850951 -0.27948654  0.96446276]
 [ 0.09494819  0.12769938  1.126519  ]
 [-0.01088032  0.23624173  0.9638037 ]
 [-0.15566683  0.14225936  1.1180205 ]]
[[ 0.          0.          0.66089976]
 [ 0.08659443  0.09220186  0.67193717]
 [ 0.23826036  0.11180858  0.3369996 ]
 [ 0.49381185 -0.14825702  0.13224828]
 [ 0.4539226  -0.0915575   0.        ]
 [-0.08643869 -0.09209023  0.65034354]
 [-0.32563296  0.11237183  0.4562448 ]
 [-0.3388697  -0.0202623   0.07681954]
 [-0.469309    0.08657223  0.0327909 ]
 [ 0.04235421 -0.01238593  0.88932014]
 [ 0.07550582 -0.03763163  1.1427481 ]
 [-0.02819942 -0.01594323  1.2427015 ]
 [ 0.02897575 -0.04606038  1.3422145 ]
 [ 0.06772959 -0.17478335  1.108608  ]
 [ 0.1836822  -0.38858622  1.0551925 ]
 [ 0.15525493 -0.2889653   0.9180055 ]
 [ 0.09182     0.106006    1.1003788 ]
 [-0.0519117   0.1933749   0.9668819 ]
 [-0.14409184  0.10756525  1.1199841 ]]
[[ 0.          0.          0.59722656]
 [ 0.07580937  0.08550259  0.60893655]
 [ 0.23142311  0.0666405   0.26226553]
 [ 0.51531017 -0.22099477  0.1653997 ]
 [ 0.5461092  -0.20330292  0.02390909]
 [-0.07564247 -0.08538149  0.5861481 ]
 [-0.30064198  0.08246797  0.3602754 ]
 [-0.41532543  0.06569707  0.        ]
 [-0.55849284  0.15316737  0.00229543]
 [ 0.04949913 -0.01225637  0.8240675 ]
 [ 0.08523899 -0.0468325   1.0741495 ]
 [-0.02007244 -0.03206116  1.1749971 ]
 [ 0.04114179 -0.06038696  1.2749782 ]
 [ 0.09257093 -0.17139834  1.0331196 ]
 [ 0.22751462 -0.35734984  0.9608946 ]
 [ 0.16802806 -0.28207946  0.83875275]
 [ 0.08586524  0.08812869  1.0367954 ]
 [-0.03853263  0.18369219  0.89730567]
 [-0.12539355  0.14586538  1.0370455 ]]
[[ 0.          0.          0.5848307 ]
 [ 0.07270464  0.06860691  0.59853804]
 [ 0.16462913  0.02433115  0.21201786]
 [ 0.41240138 -0.380608    0.24634516]
 [ 0.52509886 -0.4177472   0.1748476 ]
 [-0.07254949 -0.06853893  0.57176965]
 [-0.23361719  0.14257377  0.33543506]
 [-0.3435136   0.23026481  0.        ]
 [-0.4692099   0.33696935  0.01471663]
 [ 0.05007698 -0.00546791  0.81125003]
 [ 0.08224297 -0.0445227   1.0603516 ]
 [-0.01866273 -0.03158122  1.1676147 ]
 [ 0.04431265 -0.06075758  1.2695675 ]
 [ 0.09302068 -0.15605623  1.013004  ]
 [ 0.18513775 -0.34235695  0.87436545]
 [ 0.07048294 -0.251025    0.7742138 ]
 [ 0.07884519  0.07656798  1.0269084 ]
 [ 0.05960321  0.17578198  0.8359844 ]
 [-0.05958189  0.24377045  0.8859955 ]]
[[ 0.          0.          0.5967574 ]
 [ 0.06835271  0.07304551  0.6077721 ]
 [ 0.0291165   0.02114818  0.22483873]
 [ 0.21814036 -0.4630342   0.31282905]
 [ 0.36202395 -0.5414704   0.30292726]
 [-0.06827527 -0.07305773  0.5862485 ]
 [-0.17676091  0.19643791  0.3507709 ]
 [-0.17183027  0.31328452  0.01039702]
 [-0.29664415  0.45650113  0.        ]
 [ 0.03533153  0.00209218  0.8267301 ]
 [ 0.05738101 -0.02513033  1.0783322 ]
 [-0.04412666 -0.00819516  1.1933342 ]
 [ 0.03511437 -0.03938264  1.2922897 ]
 [ 0.04348754 -0.14626688  1.0314004 ]
 [ 0.03947815 -0.31294703  0.83317035]
 [-0.10977679 -0.20064597  0.79097456]
 [ 0.07459475  0.0930717   1.0419726 ]
 [ 0.1257695   0.17124349  0.83448493]
 [ 0.03326171  0.23437211  0.75046587]]
[[ 0.          0.          0.61341655]
 [ 0.02846386  0.09483607  0.6285744 ]
 [-0.22886042  0.05461644  0.32294634]
 [ 0.00428693 -0.31509557  0.3654604 ]
 [ 0.12619033 -0.37603408  0.3058887 ]
 [-0.02850966 -0.09490094  0.5984583 ]
 [-0.11372444  0.13238207  0.31879076]
 [ 0.03982406  0.32252854  0.05514121]
 [-0.0723832   0.48365638  0.        ]
 [ 0.00324291  0.00452256  0.84833586]
 [-0.0046428  -0.01000962  1.101564  ]
 [-0.0950966   0.01530522  1.2228596 ]
 [-0.01021136 -0.01796848  1.3181636 ]
 [-0.03629769 -0.14606595  1.0604903 ]
 [-0.16072637 -0.28799844  0.8480903 ]
 [-0.3170522  -0.10332152  0.8904995 ]
 [ 0.03110503  0.1087575   1.0608113 ]
 [ 0.15180713  0.20118487  0.88217586]
 [ 0.18097287  0.28743076  0.7048237 ]]
[[ 0.00000000e+00  0.00000000e+00  7.08886862e-01]
 [ 3.60502154e-02  1.00178324e-01  7.26897597e-01]
 [-3.70696545e-01  1.01002529e-01  6.20983005e-01]
 [-1.60771340e-01 -1.23321474e-01  3.44171911e-01]
 [-2.45163739e-01 -9.47387516e-02  2.11470902e-01]
 [-3.60735692e-02 -1.00428395e-01  6.90514982e-01]
 [ 8.00356194e-02  9.73352790e-03  3.41353029e-01]
 [ 3.23102117e-01  1.06721401e-01  9.29298401e-02]
 [ 2.78795242e-01  2.16767073e-01  0.00000000e+00]
 [ 4.24174685e-03  1.51322633e-02  9.45393562e-01]
 [ 1.30192097e-03 -2.35652924e-03  1.20154881e+00]
 [-5.68842888e-02  4.85991836e-02  1.31764078e+00]
 [ 2.93516368e-02  1.48689747e-02  1.41755629e+00]
 [-8.63869414e-02 -1.07819051e-01  1.15389109e+00]
 [-2.71843433e-01 -2.41210282e-01  1.00478613e+00]
 [-3.41986060e-01 -3.84749472e-02  1.11525655e+00]
 [ 7.77372271e-02  8.18324089e-02  1.15600955e+00]
 [ 2.60367274e-01  1.13477558e-01  1.03570068e+00]
 [ 3.57241005e-01  1.69061929e-01  8.37949872e-01]]
[[ 0.          0.          0.68885326]
 [ 0.03162978  0.09598891  0.70675236]
 [-0.3740636   0.10070163  0.60189295]
 [-0.26686317 -0.09201121  0.22508064]
 [-0.3970403  -0.04858387  0.12094891]
 [-0.03160455 -0.09631275  0.67042524]
 [ 0.11728609 -0.0133706   0.31584936]
 [ 0.4330542   0.05058104  0.11501855]
 [ 0.4509179   0.12323439  0.        ]
 [ 0.0183125   0.01543398  0.9269016 ]
 [ 0.02565175 -0.0087955   1.1841178 ]
 [-0.03224815  0.04692072  1.2961962 ]
 [ 0.05639488  0.01082647  1.4004667 ]
 [-0.06675026 -0.10197639  1.1361036 ]
 [-0.26013026 -0.21933663  0.98558867]
 [-0.34263438 -0.0262      1.0493628 ]
 [ 0.10382044  0.06296578  1.1375926 ]
 [ 0.27864492  0.06364596  1.019423  ]
 [ 0.40294167  0.14019622  0.85146606]]
[[ 0.00000000e+00  0.00000000e+00  6.35071397e-01]
 [ 3.03217527e-02  9.30479318e-02  6.49914443e-01]
 [-3.58245969e-01  1.02217585e-01  5.19755542e-01]
 [-3.25641245e-01 -4.71921861e-02  1.05467677e-01]
 [-4.62090045e-01  5.60992956e-03  2.65222192e-02]
 [-3.03234160e-02 -9.33854431e-02  6.19606018e-01]
 [ 1.18571997e-01 -5.29760122e-02  2.53737181e-01]
 [ 4.85267580e-01 -6.64868355e-02  1.21005058e-01]
 [ 5.52369297e-01 -7.52842426e-03  0.00000000e+00]
 [ 3.89278233e-02  1.01961643e-02  8.74386191e-01]
 [ 5.97028546e-02 -2.42646933e-02  1.13030684e+00]
 [ 7.53169879e-04  2.88351774e-02  1.23945439e+00]
 [ 8.86159465e-02 -6.90585375e-03  1.34474778e+00]
 [-3.15159410e-02 -1.10774428e-01  1.08060002e+00]
 [-2.20369861e-01 -2.20918506e-01  9.14809048e-01]
 [-3.34767252e-01 -3.97878587e-02  9.16901588e-01]
 [ 1.36715770e-01  4.42729592e-02  1.08603823e+00]
 [ 2.98244208e-01  4.59219813e-02  9.71043944e-01]
 [ 4.40400869e-01  1.51746660e-01  8.46779108e-01]]
[[ 0.00000000e+00  0.00000000e+00  6.72291994e-01]
 [ 3.30730155e-02  8.66411701e-02  6.81946874e-01]
 [-2.92393625e-01  1.16672099e-01  4.79056627e-01]
 [-2.88811028e-01  4.64597940e-02  5.07709980e-02]
 [-4.20673251e-01  1.07559621e-01  0.00000000e+00]
 [-3.30846310e-02 -8.69929269e-02  6.62104249e-01]
 [ 9.59440470e-02 -7.53592849e-02  2.92942256e-01]
 [ 4.75993752e-01 -2.00026453e-01  3.15943390e-01]
 [ 6.06099606e-01 -1.56156480e-01  2.12881297e-01]
 [ 6.82072043e-02 -9.10207629e-04  9.10381436e-01]
 [ 1.13540173e-01 -4.87872362e-02  1.16313171e+00]
 [ 5.92000782e-02 -4.05329466e-03  1.27430058e+00]
 [ 1.46717504e-01 -3.80943418e-02  1.37539768e+00]
 [ 3.47139165e-02 -1.26108885e-01  1.11130953e+00]
 [-1.22119114e-01 -2.28990212e-01  9.15138185e-01]
 [-2.65968442e-01 -1.16908297e-01  8.19802403e-01]
 [ 1.84247702e-01  1.87896788e-02  1.12299633e+00]
 [ 3.33728939e-01  2.95315683e-02  1.03707469e+00]
 [ 4.99980628e-01  1.40875995e-01  9.87033248e-01]]
[[ 0.          0.          0.73350906]
 [ 0.03646607  0.07946522  0.741173  ]
 [-0.23837471  0.11634572  0.47023994]
 [-0.21144882  0.02285475  0.04869592]
 [-0.3326329   0.0986799   0.        ]
 [-0.03639249 -0.07985363  0.72552997]
 [ 0.063694   -0.08379501  0.35792655]
 [ 0.39547378 -0.2836005   0.46701002]
 [ 0.56300545 -0.25903648  0.40357393]
 [ 0.08435344 -0.00770508  0.9687935 ]
 [ 0.1477351  -0.06017238  1.2176425 ]
 [ 0.09798801 -0.02005064  1.3285426 ]
 [ 0.18400145 -0.0536952   1.4280932 ]
 [ 0.08079533 -0.123862    1.1658561 ]
 [-0.03718879 -0.22645554  0.95717096]
 [-0.16296223 -0.2090871   0.82201   ]
 [ 0.20840368 -0.00333613  1.178664  ]
 [ 0.34020925 -0.00503758  1.1156011 ]
 [ 0.507774    0.07633531  1.0938509 ]]
[[ 0.          0.          0.7973535 ]
 [ 0.03961393  0.07073641  0.80262315]
 [-0.13623643  0.10578606  0.45298243]
 [-0.0015111  -0.04945946  0.07864374]
 [-0.07992806  0.03026664  0.        ]
 [-0.03946993 -0.07106335  0.79214245]
 [-0.01912796 -0.08209687  0.43016505]
 [ 0.21253204 -0.4285901   0.5754781 ]
 [ 0.4036157  -0.43134925  0.5760685 ]
 [ 0.10762753 -0.01483065  1.0220815 ]
 [ 0.19722459 -0.07230008  1.263756  ]
 [ 0.15450002 -0.04591686  1.3758404 ]
 [ 0.24168772 -0.0780322   1.4713166 ]
 [ 0.14880116 -0.12419799  1.2180274 ]
 [ 0.12797129 -0.23883472  1.0676485 ]
 [ 0.09473364 -0.32615566  0.9517    ]
 [ 0.23961645 -0.02087891  1.2251414 ]
 [ 0.34599286  0.00888881  1.2093847 ]
 [ 0.4712484   0.03051272  1.2384311 ]]
[[ 0.          0.          0.78046733]
 [ 0.04727954  0.06825913  0.7792124 ]
 [-0.05834354  0.09515116  0.3955177 ]
 [ 0.17355528 -0.09215432  0.10161614]
 [ 0.14612293 -0.01756877  0.        ]
 [-0.04710842 -0.06849503  0.7821063 ]
 [-0.13806635 -0.03658164  0.44033933]
 [ 0.06505638 -0.46868172  0.53383267]
 [ 0.24144715 -0.48845327  0.5582526 ]
 [ 0.11496542 -0.01488537  0.9971312 ]
 [ 0.21309042 -0.07428408  1.2369173 ]
 [ 0.17854014 -0.04842961  1.3472047 ]
 [ 0.2615949  -0.08025461  1.4415696 ]
 [ 0.17704996 -0.12208331  1.1997323 ]
 [ 0.24839187 -0.22898373  1.1594473 ]
 [ 0.3035156  -0.3123557   1.1361921 ]
 [ 0.24551281 -0.01044455  1.1939096 ]
 [ 0.30770656  0.04664722  1.2108145 ]
 [ 0.3755464   0.05483621  1.2678099 ]]
[[ 0.          0.          0.71646535]
 [ 0.05220982  0.06098352  0.7141001 ]
 [-0.03158556  0.08063293  0.31424522]
 [ 0.2571866  -0.10881245  0.10934889]
 [ 0.2779063  -0.06050396  0.        ]
 [-0.05203911 -0.06112169  0.7193458 ]
 [-0.22884114 -0.0044688   0.4057711 ]
 [ 0.01621968 -0.39495254  0.45594555]
 [ 0.16763732 -0.41036868  0.45648882]
 [ 0.11936478 -0.0165443   0.92814404]
 [ 0.22260207 -0.07574913  1.1658787 ]
 [ 0.18388757 -0.04496408  1.2792649 ]
 [ 0.26347765 -0.07813674  1.3727179 ]
 [ 0.19897142 -0.11870539  1.1347241 ]
 [ 0.33045337 -0.19815221  1.1711929 ]
 [ 0.42511427 -0.25697777  1.2078264 ]
 [ 0.24824852 -0.00781375  1.1193212 ]
 [ 0.2712515   0.05951408  1.1529745 ]
 [ 0.2940135   0.06701583  1.2102449 ]]
[[ 0.          0.          0.5498978 ]
 [ 0.05255381  0.05392833  0.5481055 ]
 [-0.04603614  0.06635132  0.1505261 ]
 [ 0.24886662 -0.18942016  0.11406824]
 [ 0.34771118 -0.1957019   0.        ]
 [-0.05243475 -0.05397639  0.55216825]
 [-0.338791    0.03270899  0.3528039 ]
 [-0.05063403 -0.21425575  0.2219314 ]
 [ 0.04506764 -0.19881696  0.15706432]
 [ 0.10666866 -0.01850155  0.76489586]
 [ 0.20300865 -0.06800327  1.0046093 ]
 [ 0.14731687 -0.03157669  1.1177433 ]
 [ 0.21897843 -0.0622924   1.2134205 ]
 [ 0.19440612 -0.11768231  0.98875755]
 [ 0.34100157 -0.17792839  1.1530483 ]
 [ 0.4510129  -0.21862966  1.3041463 ]
 [ 0.20803683  0.01216474  0.9519408 ]
 [ 0.13201332  0.12120891  1.0282562 ]
 [ 0.06245882  0.14093387  1.1303542 ]]
[[ 0.          0.          0.47499424]
 [ 0.05715045  0.06035104  0.47205973]
 [-0.10719958  0.08245447  0.13106999]
 [ 0.16739094 -0.22227502  0.14926529]
 [ 0.28267288 -0.2506203   0.05603117]
 [-0.05712549 -0.06039999  0.47838077]
 [-0.37814862  0.05370148  0.37586436]
 [-0.16670367 -0.12919977  0.0864079 ]
 [-0.14269501 -0.05925265  0.        ]
 [ 0.07952131 -0.01658218  0.69843334]
 [ 0.15297173 -0.05398229  0.94369704]
 [ 0.08948183 -0.01746809  1.0555191 ]
 [ 0.15821406 -0.04886031  1.1524284 ]
 [ 0.1415731  -0.1230408   0.93260014]
 [ 0.22304812 -0.1774658   1.17258   ]
 [ 0.30577114 -0.17696053  1.3594296 ]
 [ 0.15596488  0.04023686  0.8887643 ]
 [ 0.01588146  0.16965336  0.9691289 ]
 [-0.12961018  0.18393928  1.083086  ]]
[[ 0.          0.          0.48959798]
 [ 0.0579738   0.07734663  0.48596662]
 [-0.17260948  0.11757821  0.23278481]
 [ 0.11193961 -0.16675626  0.22981653]
 [ 0.2021263  -0.19502527  0.12728089]
 [-0.05796472 -0.07735124  0.4936534 ]
 [-0.38939816  0.04360468  0.45732892]
 [-0.2408025  -0.05960867  0.07851225]
 [-0.28667027  0.04101837  0.        ]
 [ 0.05573442 -0.01336899  0.7174331 ]
 [ 0.10611442 -0.04307124  0.96822834]
 [ 0.03645293 -0.00921404  1.0774977 ]
 [ 0.09808628 -0.04170382  1.1791723 ]
 [ 0.08797505 -0.1398358   0.948028  ]
 [ 0.10217108 -0.2157911   1.2170017 ]
 [ 0.1424514  -0.18295783  1.420332  ]
 [ 0.11351035  0.06839436  0.91620076]
 [-0.06492752  0.22478426  0.98364294]
 [-0.25567672  0.23095602  1.0930165 ]]
[[ 0.00000000e+00  0.00000000e+00  4.39548314e-01]
 [ 5.91550097e-02  1.04605533e-01  4.35073882e-01]
 [-2.15907156e-01  2.21272677e-01  3.20241809e-01]
 [ 6.07406050e-02 -8.58950615e-03  1.83542669e-01]
 [ 6.14638478e-02  4.52071428e-04  5.03659248e-02]
 [-5.91922998e-02 -1.04536936e-01  4.44434166e-01]
 [-3.97437572e-01  2.24538147e-03  4.53522265e-01]
 [-3.38269174e-01 -1.55617595e-02  3.59374285e-02]
 [-4.48709548e-01  8.01404119e-02  0.00000000e+00]
 [ 2.97180992e-02  1.96948647e-04  6.70651376e-01]
 [ 5.11417985e-02 -1.70402527e-02  9.24826443e-01]
 [-3.41631621e-02  1.34768486e-02  1.02773619e+00]
 [ 1.60327442e-02 -1.23060346e-02  1.13360083e+00]
 [ 3.75859439e-02 -1.49902463e-01  8.95332694e-01]
 [-5.97031452e-02 -2.80283600e-01  1.15651560e+00]
 [-7.85109773e-02 -2.09300160e-01  1.36541963e+00]
 [ 6.14561886e-02  1.15558177e-01  8.77168357e-01]
 [-1.49490386e-01  2.88226128e-01  9.14863288e-01]
 [-3.70225728e-01  3.00250828e-01  1.00398612e+00]]
[[ 0.          0.          0.40082547]
 [ 0.05662311  0.11733688  0.39367807]
 [-0.2358472   0.24003743  0.43361703]
 [-0.11704436  0.07081991  0.07982734]
 [-0.22269201  0.13042983  0.        ]
 [-0.05674234 -0.11729138  0.4083548 ]
 [-0.4038797  -0.02389354  0.4687202 ]
 [-0.45736516  0.04808256  0.06865805]
 [-0.5841231   0.1469422   0.09707308]
 [-0.00902367  0.0148809   0.6349238 ]
 [-0.02332066  0.01809534  0.8912506 ]
 [-0.12702222  0.04904246  0.9780036 ]
 [-0.08606591  0.0346151   1.0898681 ]
 [-0.0310153  -0.12456515  0.86459535]
 [-0.25340366 -0.2170378   1.0856397 ]
 [-0.34905326 -0.11144423  1.2617027 ]
 [-0.01310235  0.15126061  0.84111816]
 [-0.24918562  0.2994991   0.8406973 ]
 [-0.4819796   0.32222033  0.8807084 ]]
[[ 0.          0.          0.32516137]
 [ 0.05617225  0.11725474  0.31850997]
 [-0.24008009  0.23144557  0.42157888]
 [-0.27042115  0.15775825  0.01466167]
 [-0.39911613  0.22971377  0.        ]
 [-0.05631261 -0.1171773   0.3320496 ]
 [-0.39730906 -0.03906451  0.42046446]
 [-0.49565175  0.11995712  0.06362882]
 [-0.616104    0.20590422  0.12386046]
 [-0.03463566  0.02292338  0.5545277 ]
 [-0.07484935  0.03850764  0.80663276]
 [-0.19503915  0.07019329  0.8880174 ]
 [-0.15564713  0.05884355  1.0021044 ]
 [-0.08385231 -0.10327363  0.77523947]
 [-0.35884655 -0.15899977  0.93418586]
 [-0.5048741  -0.04639721  1.0703881 ]
 [-0.05979677  0.16811687  0.7543333 ]
 [-0.29055548  0.32708466  0.716406  ]
 [-0.51980025  0.35835898  0.7253754 ]]
[[ 0.          0.          0.26042658]
 [ 0.0526854   0.11259942  0.25469258]
 [-0.23740906  0.24163458  0.37793237]
 [-0.4003963   0.1961619   0.        ]
 [-0.52089775  0.26303327  0.02804671]
 [-0.05288623 -0.11249866  0.2663283 ]
 [-0.38893494 -0.05949514  0.36356136]
 [-0.5341196   0.13890103  0.05077282]
 [-0.6489698   0.20566586  0.13169974]
 [-0.04806377  0.02568601  0.48478764]
 [-0.11495113  0.04379815  0.7279656 ]
 [-0.24778947  0.07580352  0.8031307 ]
 [-0.21005338  0.06763196  0.9193356 ]
 [-0.12014861 -0.0930987   0.68935966]
 [-0.40602    -0.13012698  0.7662241 ]
 [-0.58297867 -0.00237668  0.85359174]
 [-0.09552962  0.16864353  0.67553633]
 [-0.31155485  0.33423474  0.59914577]
 [-0.53965807  0.36411116  0.57464015]]
[[ 0.          0.          0.18205667]
 [ 0.0458212   0.10969876  0.1789286 ]
 [-0.25208163  0.23932886  0.2820009 ]
 [-0.5623309   0.17978586  0.        ]
 [-0.6544497   0.22023872  0.09791047]
 [-0.04615012 -0.10966393  0.18537025]
 [-0.39129654 -0.0624138   0.25808662]
 [-0.5956528   0.15418231  0.04131836]
 [-0.6947006   0.20339577  0.13818234]
 [-0.0588246   0.02379288  0.41073102]
 [-0.17536297  0.05619401  0.6287994 ]
 [-0.31175113  0.09620893  0.6784857 ]
 [-0.2922703   0.09183854  0.800642  ]
 [-0.17805457 -0.08051246  0.5959063 ]
 [-0.44386983 -0.12128642  0.52932066]
 [-0.6159729   0.01465768  0.53368133]
 [-0.14483103  0.17735389  0.57409316]
 [-0.31878316  0.32036     0.42619002]
 [-0.52297354  0.31454712  0.34942144]]
[[ 0.          0.          0.15571003]
 [ 0.04462795  0.10566533  0.15144825]
 [-0.2625149   0.2369611   0.23847324]
 [-0.6164334   0.18376152  0.        ]
 [-0.69384474  0.2102401   0.11963303]
 [-0.04499674 -0.10565552  0.16012415]
 [-0.3926035  -0.05543274  0.22024451]
 [-0.63002956  0.15251112  0.04459031]
 [-0.7159184   0.19256514  0.15202215]
 [-0.06407881  0.03903246  0.37874752]
 [-0.19281662  0.08963642  0.58382803]
 [-0.3294656   0.13303483  0.62086815]
 [-0.32288182  0.13128167  0.7454966 ]
 [-0.19722387 -0.04895908  0.5590656 ]
 [-0.4221541  -0.10252069  0.39130872]
 [-0.5927899   0.02647543  0.31824446]
 [-0.16195051  0.20331854  0.52502096]
 [-0.3058222   0.32257497  0.32307196]
 [-0.48517835  0.30044788  0.19900018]]
[[ 0.          0.          0.14337447]
 [ 0.04570893  0.10532177  0.13769764]
 [-0.265908    0.2664544   0.23439553]
 [-0.6291661   0.22245705  0.        ]
 [-0.7088858   0.24622403  0.13121217]
 [-0.04607183 -0.10529108  0.14917153]
 [-0.39232862 -0.0315368   0.21735245]
 [-0.6427634   0.17157307  0.05421024]
 [-0.7282711   0.21055013  0.16865414]
 [-0.06921469  0.04801106  0.35839683]
 [-0.19456044  0.10018557  0.5647843 ]
 [-0.33287698  0.14371032  0.5971751 ]
 [-0.3299383   0.14259428  0.7226207 ]
 [-0.19658436 -0.038333    0.54204255]
 [-0.3910764  -0.09944093  0.3430531 ]
 [-0.5530495   0.02927627  0.24792267]
 [-0.16406614  0.20795241  0.50643444]
 [-0.26685202  0.312879    0.27961344]
 [-0.4286555   0.3112765   0.12383859]]
[[ 0.          0.          0.15058614]
 [ 0.04526222  0.10707384  0.14319064]
 [-0.28647915  0.2814922   0.25051373]
 [-0.6466201   0.24702173  0.        ]
 [-0.73190844  0.278632    0.13179952]
 [-0.04558877 -0.10703953  0.15804939]
 [-0.40882057 -0.03857785  0.2401681 ]
 [-0.6770233   0.14935276  0.07260075]
 [-0.76927435  0.19253394  0.1859628 ]
 [-0.06566018  0.06029397  0.3646512 ]
 [-0.18143997  0.11588132  0.57639486]
 [-0.32535154  0.16091663  0.6021366 ]
 [-0.32599574  0.16220629  0.7283826 ]
 [-0.1775534  -0.02764159  0.5590447 ]
 [-0.32173413 -0.11465606  0.33393812]
 [-0.44937938 -0.01892556  0.21541542]
 [-0.15230939  0.22047794  0.51819676]
 [-0.20083272  0.28796142  0.26941296]
 [-0.339755    0.29734796  0.07621291]]
[[ 0.          0.          0.18891124]
 [ 0.04376186  0.11486033  0.17934561]
 [-0.30103028  0.33868015  0.29260266]
 [-0.5952643   0.3889407   0.        ]
 [-0.69713414  0.43061015  0.10305288]
 [-0.04399006 -0.11473165  0.19845982]
 [-0.42111582 -0.02321883  0.2976313 ]
 [-0.685322    0.16590996  0.09464248]
 [-0.7824673   0.21518634  0.18497753]
 [-0.03512719  0.08153485  0.39606416]
 [-0.11229217  0.13937491  0.61969465]
 [-0.27012676  0.1856519   0.65211594]
 [-0.26425618  0.1893065   0.7785865 ]
 [-0.09683354 -0.01400688  0.61143327]
 [-0.10815828 -0.15062067  0.36918002]
 [-0.14245145 -0.17066908  0.16664594]
 [-0.08597827  0.24353808  0.558286  ]
 [-0.02935308  0.26806462  0.30939806]
 [-0.13088469  0.29712594  0.07541642]]
[[ 0.          0.          0.20214602]
 [ 0.04362298  0.11802789  0.19726945]
 [-0.29489908  0.3599511   0.30062565]
 [-0.52096355  0.44288474  0.        ]
 [-0.6380782   0.48618644  0.07819556]
 [-0.04379384 -0.11783198  0.20694762]
 [-0.42174166 -0.01569024  0.30749357]
 [-0.6388045   0.17815024  0.07234703]
 [-0.7400676   0.23450334  0.14191365]
 [-0.00572648  0.07346943  0.39964783]
 [-0.05406466  0.11983389  0.6303124 ]
 [-0.21899796  0.16404939  0.68087876]
 [-0.19949162  0.16317028  0.8044338 ]
 [-0.03635088 -0.0375239   0.61507124]
 [ 0.01447716 -0.19375879  0.38820872]
 [ 0.02536255 -0.27944317  0.17726585]
 [-0.02650598  0.23108816  0.5650407 ]
 [ 0.06738192  0.25095305  0.33950403]
 [-0.02302484  0.29683626  0.10278907]]
[[ 0.          0.          0.13246292]
 [ 0.04353952  0.13101149  0.13442332]
 [-0.3011252   0.35495704  0.32207176]
 [-0.42749447  0.29919362  0.        ]
 [-0.55755985  0.3387211   0.01890372]
 [-0.04357702 -0.13084923  0.13032025]
 [-0.41462347 -0.01355487  0.29673094]
 [-0.4947743   0.11016563  0.02628094]
 [-0.63164467  0.19002038  0.05431779]
 [ 0.06152925  0.04208878  0.32558677]
 [ 0.08259767  0.06768763  0.56411314]
 [-0.07276259  0.115192    0.6447593 ]
 [-0.03355744  0.10060632  0.7603994 ]
 [ 0.0923069  -0.10061342  0.5283445 ]
 [ 0.17953444 -0.28238255  0.3346123 ]
 [ 0.15288648 -0.4316067   0.18562815]
 [ 0.11152779  0.18868321  0.50321877]
 [ 0.17114405  0.22404008  0.28975803]
 [ 0.08506751  0.29897165  0.08171371]]
[[ 0.          0.          0.07391264]
 [ 0.03679929  0.13607365  0.08058175]
 [-0.30472836  0.3451786   0.36051056]
 [-0.39180487  0.19521621  0.01217395]
 [-0.5228722   0.22569641  0.        ]
 [-0.03669675 -0.1360013   0.06694732]
 [-0.40744    -0.04472467  0.31253803]
 [-0.44026506  0.01322419  0.02220573]
 [-0.5852113   0.09174665  0.02708703]
 [ 0.09714989  0.02926444  0.26362392]
 [ 0.16996388  0.06207067  0.5005066 ]
 [ 0.0225407   0.10490888  0.5891956 ]
 [ 0.06800435  0.08678389  0.6998773 ]
 [ 0.17891343 -0.10565999  0.45914003]
 [ 0.21495134 -0.25697684  0.2474778 ]
 [ 0.11199436 -0.39631617  0.13909915]
 [ 0.18600509  0.17929757  0.43619797]
 [ 0.16981436  0.186167    0.211956  ]
 [ 0.04452505  0.24184236  0.05196538]]
[[ 0.          0.          0.04794745]
 [ 0.01718871  0.1285967   0.06377049]
 [-0.29588777  0.25552458  0.43777686]
 [-0.32566077  0.01515309  0.05475426]
 [-0.4459054   0.02765797  0.        ]
 [-0.01704957 -0.12858059  0.03160971]
 [-0.36560845 -0.07797363  0.3813215 ]
 [-0.34105158 -0.12407106  0.05916198]
 [-0.4674807  -0.08790237  0.00777112]
 [ 0.14015664  0.00524819  0.22258545]
 [ 0.2784599   0.03388238  0.43940687]
 [ 0.15354024  0.06438953  0.5373799 ]
 [ 0.20586239  0.05743384  0.63560504]
 [ 0.28139466 -0.11846393  0.40068805]
 [ 0.1899412  -0.11886948  0.14014085]
 [-0.02606525 -0.16458428  0.10458548]
 [ 0.2701305   0.15248853  0.3753367 ]
 [ 0.12393291  0.17192306  0.16734828]
 [-0.10450688  0.12819648  0.12023334]]
