[[ 0.          0.          0.72591513]
 [ 0.02482549 -0.11295121  0.7157279 ]
 [ 0.20508547  0.12390578  0.36028284]
 [ 0.07251664  0.24834713  0.04773706]
 [ 0.24275151  0.33688983  0.        ]
 [-0.02465889  0.11282456  0.7362345 ]
 [ 0.14521828  0.03835687  0.3382348 ]
 [-0.29944238 -0.13425979  0.5139148 ]
 [-0.37535393 -0.11500773  0.45160747]
 [ 0.11589444  0.02301468  0.8981062 ]
 [ 0.2405155   0.03372547  1.1078714 ]
 [ 0.3606426   0.01429239  1.1707878 ]
 [ 0.3441275   0.00685114  1.2884059 ]
 [ 0.1550122   0.14782211  1.0628756 ]
 [ 0.02211208  0.22054097  0.8471016 ]
 [ 0.17125806  0.28754467  0.6532357 ]
 [ 0.2640286  -0.10151584  1.0611218 ]
 [ 0.21999025 -0.17899702  0.8034811 ]
 [ 0.30558395 -0.08880793  0.56680554]]
[[ 0.          0.          0.6628382 ]
 [ 0.0288475  -0.11161506  0.64378875]
 [ 0.03420655  0.12024534  0.28767368]
 [-0.20461342  0.21811679  0.07180822]
 [-0.08533484  0.33097234  0.        ]
 [-0.02878858  0.11137627  0.68142915]
 [ 0.28152683  0.11085352  0.4514122 ]
 [-0.02360306  0.01164681  0.2650597 ]
 [ 0.01788134  0.08822635  0.15418005]
 [ 0.09904818  0.03470902  0.8582339 ]
 [ 0.20604506  0.06423834  1.0827613 ]
 [ 0.32118493  0.06974751  1.1327522 ]
 [ 0.31300354  0.05801857  1.2539784 ]
 [ 0.09549992  0.15826279  1.0375564 ]
 [-0.1270864   0.2092576   0.93495107]
 [-0.03742088  0.3472047   0.7171122 ]
 [ 0.26433152 -0.07264674  1.0486379 ]
 [ 0.26422903 -0.20011356  0.8105245 ]
 [ 0.38247013 -0.04309187  0.7097876 ]]
[[ 0.          0.          0.62711865]
 [ 0.03920344 -0.10588298  0.6086465 ]
 [-0.09956267  0.12399648  0.29563755]
 [-0.4251621   0.18257871  0.19433743]
 [-0.40246278  0.3008925   0.08540708]
 [-0.03916025  0.1054998   0.64477706]
 [ 0.30503607  0.11294913  0.48603892]
 [ 0.2564892   0.04372907  0.06390172]
 [ 0.40238613  0.0745284   0.        ]
 [ 0.06397983  0.00992128  0.84327567]
 [ 0.14453515  0.03519955  1.0839214 ]
 [ 0.25840878  0.06068853  1.1190444 ]
 [ 0.26403078  0.04672563  1.2459425 ]
 [ 0.01987368  0.12789437  1.0439084 ]
 [-0.2385526   0.20769349  1.0445516 ]
 [-0.23694098  0.27392665  0.80943584]
 [ 0.22808874 -0.1031594   1.0672451 ]
 [ 0.31043684 -0.22902709  0.84947664]
 [ 0.41146445 -0.01173742  0.90633714]]
[[ 0.          0.          0.60779387]
 [ 0.04157849 -0.10200154  0.59121025]
 [-0.11040601  0.13476606  0.28296527]
 [-0.44839978  0.19589067  0.25808558]
 [-0.46043158  0.30986488  0.14878431]
 [-0.04152536  0.10162387  0.6235648 ]
 [ 0.30873728  0.13991705  0.46218473]
 [ 0.31934267  0.08165959  0.05016762]
 [ 0.47421896  0.11250836  0.        ]
 [ 0.05463448  0.00495911  0.8265243 ]
 [ 0.12905024  0.03127778  1.0669746 ]
 [ 0.24238013  0.06051308  1.0989584 ]
 [ 0.25165948  0.04864949  1.2258699 ]
 [ 0.00672556  0.12529281  1.0253892 ]
 [-0.25250894  0.2003091   1.0369087 ]
 [-0.27030516  0.24901772  0.80060995]
 [ 0.21342313 -0.10291171  1.0554626 ]
 [ 0.3165719  -0.22583735  0.85702825]
 [ 0.40353093 -0.00307733  0.9199197 ]]
[[ 0.          0.          0.6548201 ]
 [ 0.04370424 -0.09910846  0.64237916]
 [-0.08512759  0.07892853  0.2916865 ]
 [-0.43156898  0.1486736   0.41665858]
 [-0.5050443   0.26893014  0.35268334]
 [-0.04357557  0.09867609  0.66648066]
 [ 0.29974717  0.19040771  0.4410297 ]
 [ 0.34907752  0.17305306  0.03402734]
 [ 0.5007733   0.2196446   0.        ]
 [ 0.04220108  0.00720952  0.873816  ]
 [ 0.11024277  0.0375776   1.1122587 ]
 [ 0.21999466  0.06412393  1.1478329 ]
 [ 0.2343094   0.05486494  1.2704015 ]
 [-0.00354711  0.13353866  1.0606189 ]
 [-0.23797843  0.22582325  1.0102432 ]
 [-0.25598657  0.25297695  0.77381647]
 [ 0.19166449 -0.08928308  1.107314  ]
 [ 0.28021765 -0.19929597  0.89497364]
 [ 0.38529798  0.02212375  0.9165241 ]]
[[ 0.          0.          0.71415484]
 [ 0.04527323 -0.09954733  0.7039075 ]
 [ 0.01814666  0.0221886   0.3228035 ]
 [-0.34244365  0.0412902   0.53832173]
 [-0.44547233  0.1766006   0.51687557]
 [-0.04517867  0.09919941  0.7238684 ]
 [ 0.25682512  0.22865017  0.42846364]
 [ 0.25412443  0.25813666  0.02668869]
 [ 0.41321078  0.29967698  0.        ]
 [ 0.04707329  0.03581522  0.9244174 ]
 [ 0.12461285  0.08556297  1.1524332 ]
 [ 0.23353106  0.10383677  1.1980317 ]
 [ 0.24311006  0.09756428  1.3203981 ]
 [ 0.01727945  0.18881634  1.0878608 ]
 [-0.14963844  0.30210096  0.94679046]
 [-0.08634374  0.3284571   0.73080635]
 [ 0.1956776  -0.04952416  1.1507409 ]
 [ 0.20894122 -0.19308338  0.93990463]
 [ 0.33054984 -0.01726534  0.7958369 ]]
[[ 0.          0.          0.73456746]
 [ 0.04328121 -0.11300444  0.7257391 ]
 [ 0.15581933 -0.03667134  0.3743233 ]
 [-0.23275638 -0.02811424  0.5523822 ]
 [-0.32238442  0.10089396  0.49743998]
 [-0.0431055   0.11279409  0.74307424]
 [ 0.19753654  0.27457947  0.42027575]
 [ 0.09765987  0.3083385   0.03738332]
 [ 0.2686092   0.34151158  0.        ]
 [ 0.05555379  0.04668368  0.9390507 ]
 [ 0.13870123  0.10058564  1.167422  ]
 [ 0.24962427  0.1023894   1.2339666 ]
 [ 0.24075505  0.09752631  1.3519685 ]
 [ 0.0393876   0.21877587  1.091273  ]
 [-0.02607888  0.32228592  0.88852656]
 [ 0.0978782   0.31003115  0.72248006]
 [ 0.19783175 -0.04465002  1.1662385 ]
 [ 0.14820066 -0.19783983  0.9555265 ]
 [ 0.23954028 -0.03725955  0.7585958 ]]
[[ 0.          0.          0.67176145]
 [ 0.04450722 -0.1166265   0.66867197]
 [ 0.3243661  -0.08755654  0.47358733]
 [-0.05969162 -0.18902716  0.35288692]
 [-0.04963819 -0.13002819  0.23773709]
 [-0.04425504  0.11663076  0.6747903 ]
 [ 0.0319327   0.36586204  0.33449852]
 [-0.2067177   0.3852665   0.08496964]
 [-0.06792586  0.4482877   0.        ]
 [ 0.07550166  0.05617426  0.8758951 ]
 [ 0.15735215  0.0985148   1.1127024 ]
 [ 0.26987258  0.08416122  1.1812775 ]
 [ 0.25528783  0.08631378  1.3001637 ]
 [ 0.08869371  0.22596881  1.0345408 ]
 [ 0.18162167  0.32600203  0.8111649 ]
 [ 0.3088423   0.20393676  0.811294  ]
 [ 0.18982309 -0.05828753  1.107949  ]
 [ 0.04377232 -0.20130602  0.93205   ]
 [ 0.08902516 -0.05339439  0.76960266]]
[[ 0.          0.          0.5940528 ]
 [ 0.02618491 -0.11984409  0.596123  ]
 [ 0.35906678 -0.09059808  0.47193375]
 [ 0.21183169 -0.18269777  0.08039969]
 [ 0.3350588  -0.15391141  0.00793707]
 [-0.02592979  0.11988661  0.5922478 ]
 [-0.07406466  0.39071235  0.28554213]
 [-0.39559668  0.41934597  0.13984805]
 [-0.33870146  0.47946307  0.        ]
 [ 0.06856763  0.03728092  0.8092672 ]
 [ 0.13113332  0.04382408  1.0554254 ]
 [ 0.24389736  0.00813752  1.1233046 ]
 [ 0.22485298  0.01691842  1.2405405 ]
 [ 0.11868646  0.18113405  0.98819137]
 [ 0.2888347   0.24774066  0.8203856 ]
 [ 0.38285553  0.12042186  0.9507539 ]
 [ 0.11179101 -0.10237181  1.0416086 ]
 [-0.06268641 -0.22432883  0.9193378 ]
 [-0.01106365 -0.03648137  0.7832769 ]]
[[ 0.          0.          0.59137857]
 [ 0.02315336 -0.11346707  0.5904836 ]
 [ 0.34806737 -0.07810012  0.44474357]
 [ 0.4028745  -0.14059597  0.04047823]
 [ 0.55828935 -0.11943936  0.        ]
 [-0.02293504  0.11349575  0.5928024 ]
 [-0.12747906  0.316126    0.27405646]
 [-0.49956775  0.3156169   0.26467717]
 [-0.5080276   0.36642402  0.14311767]
 [ 0.06042375  0.00926757  0.8112024 ]
 [ 0.11750218 -0.00543067  1.0563672 ]
 [ 0.23205209 -0.05148292  1.1212658 ]
 [ 0.21190749 -0.03952646  1.2352201 ]
 [ 0.12389345  0.12885675  0.9976566 ]
 [ 0.3089566   0.19811888  0.8631574 ]
 [ 0.36917076  0.09371364  1.0353291 ]
 [ 0.08647192 -0.1392403   1.0392513 ]
 [-0.09384784 -0.24458656  0.9833008 ]
 [-0.03314842 -0.07879032  0.8545514 ]]
[[ 0.00000000e+00  0.00000000e+00  5.68611741e-01]
 [ 2.51965150e-02 -1.05497986e-01  5.63996851e-01]
 [ 3.49132389e-01  1.37493759e-02  3.61142099e-01]
 [ 4.98236060e-01  5.65453172e-02  0.00000000e+00]
 [ 6.55007005e-01  9.51582193e-02  5.00220060e-03]
 [-2.50622705e-02  1.05481178e-01  5.73844194e-01]
 [-1.11689627e-01  2.28350759e-01  2.18677044e-01]
 [-5.11446655e-01  1.15203686e-01  3.41961563e-01]
 [-5.78953028e-01  1.87423989e-01  3.12517613e-01]
 [ 6.25451729e-02  3.91960144e-04  7.84711003e-01]
 [ 1.23043731e-01 -2.02682018e-02  1.02763438e+00]
 [ 2.41167456e-01 -7.51968622e-02  1.09177244e+00]
 [ 2.21422046e-01 -6.29006624e-02  1.20298600e+00]
 [ 1.20917276e-01  1.07858449e-01  9.70054507e-01]
 [ 2.64172584e-01  2.16876656e-01  7.93057561e-01]
 [ 3.59741509e-01  1.18082821e-01  9.19417620e-01]
 [ 9.92151648e-02 -1.44236147e-01  1.00618029e+00]
 [-5.49133569e-02 -2.35770509e-01  8.93037617e-01]
 [ 1.00275129e-02 -9.68504846e-02  7.50678718e-01]]
[[ 0.          0.          0.64327705]
 [ 0.03149386 -0.11052883  0.6401082 ]
 [ 0.32657236  0.0906671   0.39893022]
 [ 0.37031767  0.12708318  0.01632369]
 [ 0.53927296  0.20549804  0.        ]
 [-0.03132567  0.11044342  0.64692104]
 [-0.02196791  0.16751604  0.2647538 ]
 [-0.43096125 -0.01664212  0.44746506]
 [-0.51943886  0.02684803  0.46501535]
 [ 0.07601632  0.00243804  0.85367674]
 [ 0.14769045 -0.01721165  1.0946814 ]
 [ 0.2633125  -0.0585607   1.1683449 ]
 [ 0.23674506 -0.05251497  1.2815852 ]
 [ 0.11593153  0.11393514  1.0318117 ]
 [ 0.18571025  0.25239077  0.81901026]
 [ 0.3433608   0.17552471  0.8552477 ]
 [ 0.14364907 -0.1479117   1.0707275 ]
 [ 0.01215347 -0.22489977  0.8782173 ]
 [ 0.07184008 -0.10277323  0.7019565 ]]
[[ 0.          0.          0.70698225]
 [ 0.02643505 -0.1132485   0.69971335]
 [ 0.25578523  0.1236755   0.403077  ]
 [ 0.19264811  0.1972177   0.0389117 ]
 [ 0.36922818  0.2800275   0.        ]
 [-0.02621416  0.11310915  0.71459705]
 [ 0.09720342  0.07069603  0.32730618]
 [-0.3444245  -0.13445456  0.49156252]
 [-0.44900846 -0.09796405  0.5010566 ]
 [ 0.08781236  0.01088607  0.9079764 ]
 [ 0.16774453 -0.00402981  1.1477883 ]
 [ 0.28044066 -0.04214603  1.2343843 ]
 [ 0.24493238 -0.04444003  1.342282  ]
 [ 0.1083777   0.12424675  1.0880706 ]
 [ 0.09503769  0.2706837   0.87751   ]
 [ 0.2685627   0.26986986  0.7885314 ]
 [ 0.18146104 -0.14221096  1.1100808 ]
 [ 0.1046128  -0.22102961  0.8733132 ]
 [ 0.19456452 -0.10556059  0.6717928 ]]
[[ 0.          0.          0.6842543 ]
 [ 0.02700206 -0.11380861  0.6702947 ]
 [ 0.04933995  0.12190744  0.34662378]
 [-0.17356446  0.2014443   0.08312404]
 [-0.04082471  0.31296247  0.        ]
 [-0.02690699  0.11358202  0.697888  ]
 [ 0.292759    0.11880693  0.46566838]
 [-0.03872176  0.00577411  0.3248202 ]
 [-0.01394464  0.08079052  0.22029972]
 [ 0.08500076  0.02652681  0.8888221 ]
 [ 0.16818847  0.03988963  1.1287913 ]
 [ 0.28068087  0.02729189  1.2070551 ]
 [ 0.24686363  0.0160346   1.3203161 ]
 [ 0.07002171  0.14167964  1.069627  ]
 [-0.10957696  0.22508314  0.94349694]
 [ 0.0303769   0.35333002  0.7608993 ]
 [ 0.22251275 -0.10127997  1.0914981 ]
 [ 0.215563   -0.2368542   0.85384303]
 [ 0.3442334  -0.08231106  0.7471776 ]]
[[ 0.          0.          0.59195876]
 [ 0.03002413 -0.10663243  0.5732857 ]
 [-0.08283534  0.12593253  0.27404606]
 [-0.39992195  0.21404365  0.15773371]
 [-0.36285818  0.33502963  0.04227346]
 [-0.02998382  0.10630307  0.60987574]
 [ 0.33064795  0.11049567  0.46713978]
 [ 0.2192931   0.02683306  0.0832907 ]
 [ 0.3534844   0.05782962  0.        ]
 [ 0.05917805  0.01052704  0.8107506 ]
 [ 0.12384526  0.02123049  1.06048   ]
 [ 0.2344434   0.02701485  1.1203043 ]
 [ 0.21257138  0.02397436  1.2454245 ]
 [ 0.01446557  0.11710379  1.003156  ]
 [-0.22641313  0.2023134   0.9673693 ]
 [-0.16768149  0.28245932  0.74471974]
 [ 0.19873098 -0.11653316  1.0345    ]
 [ 0.274902   -0.24826619  0.8084724 ]
 [ 0.37962055 -0.03508201  0.8591397 ]]
[[ 0.          0.          0.6094892 ]
 [ 0.03607103 -0.10426896  0.5917997 ]
 [-0.096687    0.11620854  0.27594176]
 [-0.45244682  0.19647445  0.26898333]
 [-0.4668535   0.31525105  0.17934665]
 [-0.03599893  0.10388302  0.6264039 ]
 [ 0.32476044  0.14510849  0.45578864]
 [ 0.32700205  0.08697313  0.04975498]
 [ 0.48092532  0.1233049   0.        ]
 [ 0.04495159  0.00268812  0.8287854 ]
 [ 0.10073449  0.01466382  1.0785857 ]
 [ 0.2125393   0.02836424  1.1349121 ]
 [ 0.19091758  0.02481008  1.258632  ]
 [-0.01035117  0.11383536  1.0220165 ]
 [-0.24593979  0.2125076   0.99543047]
 [-0.21546718  0.2653817   0.7695509 ]
 [ 0.1805551  -0.12024847  1.0565428 ]
 [ 0.28396088 -0.23898198  0.8430471 ]
 [ 0.36412513 -0.01798698  0.9166081 ]]
[[ 0.          0.          0.6520831 ]
 [ 0.03597534 -0.10017009  0.63657004]
 [-0.0752269   0.083478    0.2938887 ]
 [-0.41097772  0.18046913  0.4175316 ]
 [-0.48988187  0.30792207  0.35918918]
 [-0.0358101   0.09974021  0.66686875]
 [ 0.31026024  0.18570714  0.4379341 ]
 [ 0.34710276  0.15946946  0.04041868]
 [ 0.49738234  0.20478633  0.        ]
 [ 0.03811929  0.01212172  0.86954796]
 [ 0.0909279   0.02943251  1.117802  ]
 [ 0.19912645  0.03691095  1.1825993 ]
 [ 0.1758979   0.03697723  1.3010025 ]
 [-0.01209354  0.131518    1.0554608 ]
 [-0.22165224  0.24157083  0.9814379 ]
 [-0.18441916  0.2690647   0.75443476]
 [ 0.16561532 -0.09993502  1.097816  ]
 [ 0.2458409  -0.2150035   0.874573  ]
 [ 0.35136655  0.0024467   0.9024768 ]]
[[ 0.          0.          0.7190117 ]
 [ 0.03646906 -0.10158559  0.70686704]
 [ 0.0068411   0.01431996  0.33054435]
 [-0.34053412  0.05336859  0.53466654]
 [-0.4556784   0.19542535  0.5181515 ]
 [-0.03628436  0.1012177   0.7306347 ]
 [ 0.26775044  0.21015751  0.43055272]
 [ 0.2703758   0.20599574  0.03615206]
 [ 0.43227738  0.24986053  0.        ]
 [ 0.04109986  0.03215012  0.93021303]
 [ 0.10128321  0.06366473  1.1716132 ]
 [ 0.20852552  0.05535188  1.2474577 ]
 [ 0.18407553  0.06036037  1.360991  ]
 [ 0.00484557  0.17243263  1.0998785 ]
 [-0.14371711  0.2881413   0.95601964]
 [-0.05713534  0.31224775  0.7391483 ]
 [ 0.1671845  -0.07117355  1.1542964 ]
 [ 0.18996468 -0.20885274  0.9267487 ]
 [ 0.3049226  -0.01850672  0.8396048 ]]
[[ 0.          0.          0.7268355 ]
 [ 0.03702626 -0.11194179  0.718437  ]
 [ 0.16270947 -0.05715412  0.36452407]
 [-0.2275376  -0.06901705  0.5631132 ]
 [-0.34326017  0.06273791  0.5070385 ]
 [-0.036777    0.11175896  0.73502165]
 [ 0.20533475  0.25942492  0.4033274 ]
 [ 0.10639894  0.271182    0.04738361]
 [ 0.2684338   0.3086468   0.        ]
 [ 0.05055601  0.0428904   0.9366068 ]
 [ 0.11708958  0.07770368  1.1778805 ]
 [ 0.22552231  0.05674136  1.2648389 ]
 [ 0.19549286  0.0658614   1.3758988 ]
 [ 0.03300656  0.19999486  1.0932484 ]
 [-0.00505137  0.30652755  0.8791909 ]
 [ 0.12523071  0.26577133  0.72069544]
 [ 0.16881375 -0.06698418  1.1644412 ]
 [ 0.11610305 -0.21489602  0.9431292 ]
 [ 0.19736202 -0.06792787  0.7476772 ]]
[[ 0.          0.          0.6567386 ]
 [ 0.03188793 -0.1200854   0.65247244]
 [ 0.33961624 -0.10258573  0.46147686]
 [-0.03300268 -0.21190539  0.2826172 ]
 [ 0.03516281 -0.17843342  0.1758759 ]
 [-0.03163712  0.12011276  0.6610203 ]
 [ 0.02229746  0.33852383  0.30450267]
 [-0.24511188  0.33686283  0.09435374]
 [-0.13682926  0.4122838   0.        ]
 [ 0.0736867   0.04792085  0.86576355]
 [ 0.14407995  0.0771125   1.1115797 ]
 [ 0.24682626  0.04670477  1.1987212 ]
 [ 0.21182445  0.05449116  1.3075173 ]
 [ 0.09264386  0.20702255  1.0250887 ]
 [ 0.21079087  0.31886008  0.80980295]
 [ 0.33350924  0.18759382  0.81497574]
 [ 0.16475573 -0.08424577  1.1037943 ]
 [ 0.02156621 -0.22356823  0.9166661 ]
 [ 0.05234063 -0.07960646  0.77098656]]
[[ 0.          0.          0.59573054]
 [ 0.01849997 -0.1193296   0.5926396 ]
 [ 0.35947067 -0.10158212  0.45926374]
 [ 0.25477612 -0.18991381  0.05725133]
 [ 0.41594723 -0.17834371  0.        ]
 [-0.01827459  0.11936176  0.5991681 ]
 [-0.11439657  0.34343946  0.28894663]
 [-0.44827527  0.36208877  0.14492464]
 [-0.41531992  0.4300563   0.01753896]
 [ 0.05699336  0.02734384  0.8144059 ]
 [ 0.1059991   0.02744162  1.0654961 ]
 [ 0.21147445 -0.0162437   1.146328  ]
 [ 0.18059805 -0.00413126  1.2547187 ]
 [ 0.10592177  0.16733596  0.993762  ]
 [ 0.2894631   0.24003142  0.8258222 ]
 [ 0.364269    0.10278195  0.96475786]
 [ 0.07928069 -0.12047771  1.0496356 ]
 [-0.09307498 -0.25302     0.9317989 ]
 [-0.03130089 -0.08227387  0.80448735]]
[[ 0.          0.          0.5812881 ]
 [ 0.01562667 -0.11227835  0.5762958 ]
 [ 0.33710158 -0.08834124  0.41191995]
 [ 0.41959646 -0.13901919  0.02250624]
 [ 0.58768487 -0.12142301  0.        ]
 [-0.01548853  0.11230663  0.58682317]
 [-0.1523816   0.28064603  0.25927186]
 [-0.5438632   0.28121632  0.24311087]
 [-0.56911016  0.33766174  0.14316678]
 [ 0.04510793  0.01446004  0.8019402 ]
 [ 0.08486517  0.00372016  1.0515835 ]
 [ 0.19139269 -0.04951072  1.1355331 ]
 [ 0.15942271 -0.03500867  1.2372553 ]
 [ 0.09896359  0.1371792   0.9915001 ]
 [ 0.29584244  0.2060681   0.8413216 ]
 [ 0.3499147   0.10885933  1.0185516 ]
 [ 0.04870169 -0.13119063  1.0289097 ]
 [-0.12674819 -0.25278965  0.9379005 ]
 [-0.05757222 -0.11081769  0.812606  ]]
[[ 0.00000000e+00  0.00000000e+00  5.86616874e-01]
 [ 1.66068375e-02 -1.08931929e-01  5.80521643e-01]
 [ 3.30156595e-01 -8.48963857e-04  3.55508447e-01]
 [ 4.63862181e-01  2.26092339e-02  0.00000000e+00]
 [ 6.34349227e-01  4.97034192e-02  5.28013706e-03]
 [-1.65237412e-02  1.08916245e-01  5.93331337e-01]
 [-1.14913568e-01  2.17720941e-01  2.29912400e-01]
 [-5.33766985e-01  1.12814277e-01  3.36183637e-01]
 [-6.08819127e-01  1.78900570e-01  3.03487182e-01]
 [ 4.84630428e-02  2.54565477e-03  8.04241598e-01]
 [ 9.26738828e-02 -1.15081668e-02  1.05171192e+00]
 [ 2.03035355e-01 -6.85172081e-02  1.13455081e+00]
 [ 1.62069649e-01 -4.84786034e-02  1.23857558e+00]
 [ 1.02209121e-01  1.18700743e-01  9.89717245e-01]
 [ 2.55008280e-01  2.27925882e-01  8.07496965e-01]
 [ 3.53524804e-01  1.24323338e-01  9.48347092e-01]
 [ 5.99621534e-02 -1.44047588e-01  1.02457559e+00]
 [-8.10495988e-02 -2.54062384e-01  8.76419604e-01]
 [-8.49381462e-03 -1.24176800e-01  7.13236809e-01]]
[[ 0.          0.          0.63572276]
 [ 0.02296939 -0.11114657  0.6319332 ]
 [ 0.30220294  0.07867476  0.3735072 ]
 [ 0.36531836  0.12804282  0.01137859]
 [ 0.55283     0.18703711  0.        ]
 [-0.02282152  0.11104696  0.63999647]
 [-0.0137225   0.15686123  0.26456153]
 [-0.44593757 -0.01725753  0.42529595]
 [-0.5594232   0.03689997  0.44596142]
 [ 0.06034506 -0.00171153  0.8497327 ]
 [ 0.11390489 -0.01737323  1.0958406 ]
 [ 0.22301085 -0.06517303  1.1868613 ]
 [ 0.17577673 -0.05447364  1.2888439 ]
 [ 0.09795696  0.11335081  1.0323385 ]
 [ 0.18039213  0.24516447  0.8097965 ]
 [ 0.33602583  0.16523151  0.8548984 ]
 [ 0.10240905 -0.15262806  1.0658178 ]
 [ 0.00542776 -0.23493198  0.839054  ]
 [ 0.09623678 -0.13216427  0.652758  ]]
[[ 0.          0.          0.6935067 ]
 [ 0.01782023 -0.11389271  0.6900552 ]
 [ 0.23172732  0.10140538  0.3857187 ]
 [ 0.18187222  0.15822661  0.03618026]
 [ 0.3668765   0.21843177  0.        ]
 [-0.01758696  0.11374943  0.6972869 ]
 [ 0.12240884  0.0602763   0.32240674]
 [-0.34715885 -0.10101448  0.45654655]
 [-0.46662766 -0.04173999  0.44246322]
 [ 0.07475317  0.01001836  0.90043736]
 [ 0.13504648 -0.00725943  1.1454928 ]
 [ 0.24240051 -0.04922247  1.2472599 ]
 [ 0.18879117 -0.04624939  1.3459836 ]
 [ 0.09546964  0.12390429  1.077838  ]
 [ 0.11068136  0.2867246   0.86186415]
 [ 0.30297124  0.28674373  0.780831  ]
 [ 0.1425952  -0.1499236   1.1110831 ]
 [ 0.0788146  -0.23822525  0.870288  ]
 [ 0.19913466 -0.13725601  0.67501295]]
[[ 0.          0.          0.6545938 ]
 [ 0.00927448 -0.11275178  0.63721406]
 [-0.0202666   0.07422221  0.30896243]
 [-0.25315246  0.19344637  0.07526284]
 [-0.13807379  0.29154694  0.        ]
 [-0.0092013   0.11252457  0.67153144]
 [ 0.3311336   0.07798469  0.47191864]
 [ 0.03866776  0.02037457  0.2338697 ]
 [ 0.09786254  0.08413735  0.11246979]
 [ 0.06717464  0.00926031  0.8705622 ]
 [ 0.13289055  0.00901419  1.1193488 ]
 [ 0.22799355 -0.00948644  1.2134247 ]
 [ 0.18184549 -0.02337766  1.3167514 ]
 [ 0.05979824  0.11909649  1.05001   ]
 [-0.10925457  0.2396014   0.91051745]
 [ 0.05365579  0.3195665   0.7218253 ]
 [ 0.17467761 -0.13380966  1.088692  ]
 [ 0.1645023  -0.27430066  0.84875625]
 [ 0.29381424 -0.1300413   0.79709315]]
[[ 0.          0.          0.60739535]
 [ 0.01327017 -0.11006366  0.58773994]
 [-0.09409815  0.09025338  0.26923147]
 [-0.4117828   0.21598607  0.14823389]
 [-0.3670017   0.32815534  0.05133265]
 [-0.01321802  0.10975133  0.62632114]
 [ 0.34307975  0.06121533  0.4666991 ]
 [ 0.23412442 -0.01169521  0.07690376]
 [ 0.37028313  0.01215112  0.        ]
 [ 0.050459    0.00231624  0.8285032 ]
 [ 0.1058484   0.00673023  1.0802119 ]
 [ 0.20527841 -0.0058375   1.1619325 ]
 [ 0.16856268 -0.01073015  1.2748734 ]
 [ 0.01816345  0.11357704  1.0146973 ]
 [-0.20017138  0.23113889  0.93728423]
 [-0.0803203   0.2863269   0.7219131 ]
 [ 0.16436067 -0.13543823  1.0569178 ]
 [ 0.20385799 -0.27231163  0.820802  ]
 [ 0.31973693 -0.07666866  0.860569  ]]
[[ 0.          0.          0.62779826]
 [ 0.0162738  -0.10818427  0.60965437]
 [-0.10638194  0.06994879  0.26809394]
 [-0.46071547  0.19092062  0.26695067]
 [-0.47294593  0.31233603  0.18141985]
 [-0.01617338  0.10782928  0.64521074]
 [ 0.33470076  0.07666817  0.44842768]
 [ 0.35566902  0.03188384  0.04934502]
 [ 0.5124131   0.05074203  0.        ]
 [ 0.03926802 -0.00198664  0.8481588 ]
 [ 0.08701257  0.00369403  1.0995421 ]
 [ 0.18586859 -0.00911468  1.1827114 ]
 [ 0.15074967 -0.01290512  1.2933648 ]
 [-0.00193969  0.11223698  1.030578  ]
 [-0.20814645  0.24622482  0.96019244]
 [-0.11065483  0.28204232  0.7408147 ]
 [ 0.14888498 -0.13596103  1.0816503 ]
 [ 0.20275584 -0.26906958  0.85310876]
 [ 0.31030825 -0.06253916  0.89524144]]
[[ 0.00000000e+00  0.00000000e+00  6.62019491e-01]
 [ 2.04522386e-02 -1.04626469e-01  6.48298860e-01]
 [-6.88987598e-02  4.14990485e-02  2.88297474e-01]
 [-4.14491385e-01  1.61542088e-01  3.97020459e-01]
 [-4.88684118e-01  2.96395242e-01  3.33386689e-01]
 [-2.02958211e-02  1.04243904e-01  6.75087094e-01]
 [ 3.21406096e-01  1.30277634e-01  4.27011132e-01]
 [ 3.70143473e-01  1.24173641e-01  3.71534824e-02]
 [ 5.36303282e-01  1.47052646e-01  0.00000000e+00]
 [ 3.02037410e-02  3.44198942e-03  8.80762696e-01]
 [ 7.14628622e-02  1.43328905e-02  1.13082933e+00]
 [ 1.65318191e-01 -7.31766224e-04  1.21982336e+00]
 [ 1.28785551e-01 -1.20002031e-03  1.32497716e+00]
 [-1.29699185e-02  1.20999485e-01  1.05397248e+00]
 [-1.89583272e-01  2.52774179e-01  9.44936693e-01]
 [-8.85599554e-02  2.74375200e-01  7.31550515e-01]
 [ 1.31588787e-01 -1.20631814e-01  1.11861396e+00]
 [ 1.64505005e-01 -2.53233194e-01  8.88551533e-01]
 [ 2.93255806e-01 -5.39148003e-02  8.79009068e-01]]
[[ 0.          0.          0.7311194 ]
 [ 0.02648315 -0.10594907  0.7187468 ]
 [ 0.03034718  0.00526756  0.3495211 ]
 [-0.32519263  0.06606518  0.5312462 ]
 [-0.43217367  0.22149347  0.49291652]
 [-0.02632982  0.1056466   0.74305016]
 [ 0.26471737  0.16731559  0.4212305 ]
 [ 0.24676287  0.17353445  0.03449428]
 [ 0.41689453  0.19599116  0.        ]
 [ 0.03555371  0.02656507  0.94345725]
 [ 0.08284084  0.0486621   1.1888251 ]
 [ 0.17590086  0.02679509  1.2828127 ]
 [ 0.14243855  0.03278059  1.3881106 ]
 [ 0.00319156  0.15858704  1.1019194 ]
 [-0.11163497  0.2871435   0.9233364 ]
 [ 0.01933409  0.29351512  0.732384  ]
 [ 0.13418072 -0.09041408  1.177625  ]
 [ 0.10996929 -0.23933911  0.954976  ]
 [ 0.2368567  -0.06946048  0.81957173]]
[[ 0.          0.          0.74564564]
 [ 0.03051952 -0.11775652  0.73762554]
 [ 0.19291645 -0.05230883  0.41681838]
 [-0.2000457  -0.05509411  0.54389733]
 [-0.29814464  0.08859137  0.46537614]
 [-0.0303282   0.11761641  0.75348604]
 [ 0.19003385  0.2344187   0.39615926]
 [ 0.05514729  0.24704865  0.0458408 ]
 [ 0.22459498  0.2742291   0.        ]
 [ 0.04086558  0.04036541  0.9575443 ]
 [ 0.09214249  0.073847    1.2033955 ]
 [ 0.18633923  0.04007858  1.3037002 ]
 [ 0.14407071  0.04495692  1.4019182 ]
 [ 0.02914556  0.19720006  1.1078644 ]
 [ 0.02839562  0.3159312   0.87649107]
 [ 0.21065627  0.28944016  0.77191806]
 [ 0.12832178 -0.07783449  1.1973813 ]
 [ 0.05635673 -0.22971721  0.97947687]
 [ 0.14833072 -0.09452945  0.7847826 ]]
[[ 0.          0.          0.6055573 ]
 [ 0.02291933 -0.11902291  0.6086228 ]
 [ 0.3622961  -0.100246    0.45470896]
 [ 0.0479579  -0.21101701  0.19107693]
 [ 0.14228109 -0.18040514  0.09283799]
 [-0.02267651  0.11901602  0.602652  ]
 [-0.03494923  0.29417622  0.25056034]
 [-0.33337152  0.308923    0.0639134 ]
 [-0.27811065  0.3928033   0.        ]
 [ 0.05458444  0.04265611  0.8241459 ]
 [ 0.09927505  0.0623005   1.0756054 ]
 [ 0.19500387  0.01811558  1.1771041 ]
 [ 0.14897606  0.02723742  1.276504  ]
 [ 0.08319186  0.19482964  0.9861174 ]
 [ 0.23640618  0.27426016  0.78193384]
 [ 0.36366832  0.15052712  0.86612356]
 [ 0.09658337 -0.09896845  1.0700562 ]
 [-0.03921428 -0.23809062  0.87821746]
 [ 0.02674286 -0.09747623  0.7775275 ]]
[[ 0.          0.          0.5872124 ]
 [ 0.01333749 -0.11865197  0.59067833]
 [ 0.35674632 -0.09289354  0.44826418]
 [ 0.2886206  -0.18785793  0.04851705]
 [ 0.46031547 -0.17247736  0.        ]
 [-0.0131654   0.1187092   0.584189  ]
 [-0.14490372  0.29098317  0.27134725]
 [-0.48659104  0.32254246  0.14218545]
 [-0.48854518  0.39301175  0.03240734]
 [ 0.0395085   0.03111312  0.8082536 ]
 [ 0.06728756  0.03469196  1.061274  ]
 [ 0.16229095 -0.01713324  1.1589153 ]
 [ 0.11884139 -0.00192392  1.2567117 ]
 [ 0.09008913  0.16984352  0.9884695 ]
 [ 0.29032484  0.19914517  0.833534  ]
 [ 0.34836298  0.10162133  0.9963436 ]
 [ 0.02699613 -0.11419061  1.0417117 ]
 [-0.13656141 -0.2453975   0.9056379 ]
 [-0.0653961  -0.12731491  0.80054104]]
[[ 0.          0.          0.56433237]
 [ 0.01193913 -0.11224921  0.566233  ]
 [ 0.33370757 -0.0812075   0.39506036]
 [ 0.42469448 -0.10225493  0.00242478]
 [ 0.59130436 -0.07882291  0.        ]
 [-0.01181976  0.11232115  0.56298894]
 [-0.1491552   0.24699152  0.23068991]
 [-0.541888    0.27064127  0.21606517]
 [-0.59476453  0.34329736  0.13134009]
 [ 0.03503577  0.02128184  0.7847785 ]
 [ 0.06193034  0.01866174  1.0353231 ]
 [ 0.15875939 -0.0392729   1.1283894 ]
 [ 0.12017182 -0.02033138  1.2254195 ]
 [ 0.0892627   0.14661181  0.96467286]
 [ 0.29211766  0.17184098  0.8192913 ]
 [ 0.33700433  0.09371784  0.9945269 ]
 [ 0.01841348 -0.11990634  1.0159199 ]
 [-0.1544667  -0.2363305   0.8962772 ]
 [-0.07350332 -0.13572639  0.7744901 ]]
[[ 0.          0.          0.60246813]
 [ 0.01706504 -0.11067225  0.6036354 ]
 [ 0.33890575  0.04528436  0.38506538]
 [ 0.43930382  0.06245172  0.01323366]
 [ 0.6161908   0.12620282  0.        ]
 [-0.01700532  0.11070389  0.60179377]
 [-0.06732287  0.18841243  0.24632934]
 [-0.506941    0.09970173  0.36021674]
 [-0.6097548   0.17214906  0.3469963 ]
 [ 0.04452805  0.01267314  0.8181766 ]
 [ 0.08077154  0.00821373  1.0664244 ]
 [ 0.18546045 -0.04872769  1.1623499 ]
 [ 0.13255896 -0.02434391  1.2620517 ]
 [ 0.08878025  0.13553941  0.99537885]
 [ 0.2397021   0.21695843  0.79671913]
 [ 0.35721564  0.1396119   0.9248227 ]
 [ 0.05501735 -0.13201532  1.0451331 ]
 [-0.08110915 -0.2310716   0.8607824 ]
 [ 0.00230464 -0.148672    0.71383893]]
[[ 0.          0.          0.6546067 ]
 [ 0.01527768 -0.10861379  0.65416133]
 [ 0.28721088  0.10254253  0.39880654]
 [ 0.30574554  0.16580966  0.0334146 ]
 [ 0.4855243   0.24624431  0.        ]
 [-0.01516483  0.10857959  0.65547305]
 [ 0.03901485  0.09459838  0.27454317]
 [-0.42883006 -0.06113833  0.43064812]
 [-0.5607708  -0.01019005  0.44873923]
 [ 0.0537381   0.00743596  0.86653554]
 [ 0.09717689 -0.0017353   1.1146873 ]
 [ 0.19936682 -0.04882479  1.2167149 ]
 [ 0.13670209 -0.03049803  1.3153747 ]
 [ 0.08087227  0.12140542  1.0383699 ]
 [ 0.15954468  0.24776798  0.8125974 ]
 [ 0.34308055  0.20214829  0.8408496 ]
 [ 0.08911639 -0.1398347   1.0913063 ]
 [-0.01188364 -0.209126    0.8490459 ]
 [ 0.0818074  -0.15275295  0.66852456]]
[[ 0.          0.          0.6347153 ]
 [ 0.00726607 -0.11252531  0.63077235]
 [ 0.1136018   0.10667498  0.32686847]
 [-0.00694536  0.23439449  0.04991961]
 [ 0.15603916  0.32423452  0.        ]
 [-0.00715697  0.11236656  0.63869673]
 [ 0.24318126  0.03499776  0.33714354]
 [-0.17981902 -0.03371173  0.37140992]
 [-0.23606442  0.01680991  0.28549454]
 [ 0.06159629  0.00818478  0.84646475]
 [ 0.11457287  0.00470334  1.0940268 ]
 [ 0.20689574 -0.02579784  1.204677  ]
 [ 0.13638186 -0.01951218  1.2990441 ]
 [ 0.07187651  0.13052928  1.0164188 ]
 [ 0.05428988  0.31835443  0.82436293]
 [ 0.28063786  0.38108632  0.7358185 ]
 [ 0.13283002 -0.14378884  1.0697203 ]
 [ 0.08136576 -0.26892272  0.8431956 ]
 [ 0.21540356 -0.16784653  0.69265455]]
[[ 0.00000000e+00  0.00000000e+00  5.53983510e-01]
 [ 1.60564482e-03 -1.04886711e-01  5.42468131e-01]
 [-9.47455168e-02  8.79657865e-02  2.36302167e-01]
 [-3.55652630e-01  2.42197499e-01  8.77043009e-02]
 [-2.80919552e-01  3.48048329e-01  0.00000000e+00]
 [-1.62632018e-03  1.04651488e-01  5.64975917e-01]
 [ 3.55590671e-01  3.72475684e-02  4.06187117e-01]
 [ 1.08573690e-01 -8.10176134e-04  1.37361526e-01]
 [ 2.09959805e-01  2.79123783e-02  3.85619402e-02]
 [ 4.96272035e-02  1.07292831e-03  7.75216460e-01]
 [ 9.98809338e-02  1.93795562e-03  1.02690935e+00]
 [ 1.87444121e-01 -2.42515206e-02  1.12359142e+00]
 [ 1.30072638e-01 -2.14151740e-02  1.22810006e+00]
 [ 3.14507745e-02  1.09791905e-01  9.49446976e-01]
 [-1.23801053e-01  2.60354042e-01  8.36930990e-01]
 [ 2.90703848e-02  3.21674675e-01  6.71391368e-01]
 [ 1.45014793e-01 -1.42715633e-01  1.00879121e+00]
 [ 1.50019228e-01 -2.97333091e-01  7.81937182e-01]
 [ 2.79401243e-01 -1.43237233e-01  7.51470983e-01]]
[[ 0.          0.          0.590146  ]
 [ 0.00240893 -0.10587294  0.57771635]
 [-0.13848057  0.09729061  0.27228883]
 [-0.47513604  0.25855184  0.2279087 ]
 [-0.46198618  0.37681454  0.13212031]
 [-0.00239385  0.10559243  0.6018354 ]
 [ 0.34885275  0.05350198  0.42818052]
 [ 0.3146633   0.04768741  0.05637664]
 [ 0.46984214  0.06316996  0.        ]
 [ 0.03755224 -0.00574087  0.80990064]
 [ 0.08300787  0.00440601  1.0621033 ]
 [ 0.17571574 -0.01684195  1.1524415 ]
 [ 0.12500264 -0.0122146   1.2602861 ]
 [ 0.00656048  0.10990214  0.9832438 ]
 [-0.20534673  0.22945353  0.90084636]
 [-0.07934317  0.2636043   0.69708425]
 [ 0.13521668 -0.13983068  1.0485245 ]
 [ 0.18881243 -0.28037116  0.81795526]
 [ 0.30760902 -0.09289925  0.8448167 ]]
[[ 0.          0.          0.62468755]
 [ 0.01452317 -0.1015112   0.61440444]
 [-0.10441968  0.07197675  0.29134208]
 [-0.46044582  0.21176317  0.4076274 ]
 [-0.5284929   0.3474898   0.35209337]
 [-0.01438951  0.10117415  0.6343132 ]
 [ 0.32161218  0.12735702  0.4055087 ]
 [ 0.38646057  0.1332942   0.03164917]
 [ 0.5460341   0.1605131   0.        ]
 [ 0.03581934  0.00983846  0.8424907 ]
 [ 0.07740585  0.02454779  1.0923136 ]
 [ 0.16694707  0.00645685  1.1867545 ]
 [ 0.1154699   0.00867963  1.2897654 ]
 [-0.00170932  0.13093609  1.014263  ]
 [-0.1831013   0.25635248  0.9082918 ]
 [-0.07717076  0.2644578   0.7039206 ]
 [ 0.133852   -0.11195219  1.0775124 ]
 [ 0.16837911 -0.25174883  0.85098124]
 [ 0.29640195 -0.05829047  0.8335562 ]]
[[ 0.00000000e+00  0.00000000e+00  6.69782162e-01]
 [ 2.53176615e-02 -9.93838012e-02  6.63241506e-01]
 [-3.82658169e-02  4.42419946e-02  3.26469183e-01]
 [-3.91272306e-01  1.53290153e-01  5.29763162e-01]
 [-4.85315204e-01  3.02109450e-01  5.24198771e-01]
 [-2.51778960e-02  9.90515798e-02  6.75838768e-01]
 [ 2.78690577e-01  1.66324109e-01  3.96281272e-01]
 [ 3.17654520e-01  1.78452611e-01  2.37325430e-02]
 [ 4.84125644e-01  2.03060627e-01  0.00000000e+00]
 [ 3.00493948e-02  1.50196403e-02  8.86270404e-01]
 [ 6.80490732e-02  3.32511961e-02  1.13567710e+00]
 [ 1.57862559e-01  1.39788985e-02  1.23527098e+00]
 [ 1.04451865e-01  2.15682983e-02  1.33437955e+00]
 [-9.52156633e-03  1.41300887e-01  1.05160832e+00]
 [-1.40588403e-01  2.72747397e-01  8.95542443e-01]
 [-7.21536577e-04  2.82228172e-01  7.26957679e-01]
 [ 1.24395609e-01 -1.03021979e-01  1.11988759e+00]
 [ 1.24508977e-01 -2.44954795e-01  9.02396321e-01]
 [ 2.51126796e-01 -6.74367771e-02  7.84849644e-01]]
[[ 0.          0.          0.70697147]
 [ 0.02666192 -0.11103757  0.6991488 ]
 [ 0.08174703 -0.00627375  0.37008423]
 [-0.30286846  0.06420343  0.6100677 ]
 [-0.39769667  0.21194665  0.6160321 ]
 [-0.02652471  0.11081071  0.7145785 ]
 [ 0.22034252  0.20870288  0.39812446]
 [ 0.13666707  0.22415695  0.04106158]
 [ 0.3158189   0.24255466  0.        ]
 [ 0.03503773  0.03133728  0.92244875]
 [ 0.08021677  0.0491856   1.1709121 ]
 [ 0.17258692  0.01997769  1.2775908 ]
 [ 0.11776683  0.03580242  1.3744655 ]
 [ 0.0144078   0.1691609   1.0828471 ]
 [-0.03082013  0.28706834  0.8760195 ]
 [ 0.12682328  0.25440094  0.7587894 ]
 [ 0.11984295 -0.09511918  1.1557107 ]
 [ 0.06482321 -0.2456652   0.9418691 ]
 [ 0.18479468 -0.09306085  0.76217705]]
[[ 0.          0.          0.6666345 ]
 [ 0.0285879  -0.11994293  0.6618244 ]
 [ 0.28500286 -0.08267036  0.3871051 ]
 [-0.16356096 -0.15678357  0.4239923 ]
 [-0.18766841 -0.0768477   0.35417995]
 [-0.0284025   0.11995549  0.6714791 ]
 [ 0.04933257  0.33031374  0.33647028]
 [-0.17452759  0.3354972   0.06958121]
 [-0.01486523  0.3852198   0.        ]
 [ 0.05385169  0.04089484  0.8806376 ]
 [ 0.1044498   0.0625855   1.1301225 ]
 [ 0.19407946  0.0176571   1.2404835 ]
 [ 0.1342047   0.03844082  1.3301511 ]
 [ 0.07880472  0.19593719  1.040874  ]
 [ 0.16833574  0.2889065   0.8101273 ]
 [ 0.3080907   0.16676039  0.84994805]
 [ 0.108744   -0.09680027  1.118763  ]
 [-0.01354505 -0.22784583  0.90793127]
 [ 0.08689632 -0.09128129  0.75961316]]
[[ 0.          0.          0.5632482 ]
 [ 0.01292171 -0.12163553  0.56294185]
 [ 0.37125635 -0.0682967   0.3704639 ]
 [ 0.08265942 -0.16212717  0.11032403]
 [ 0.1882972  -0.13393718  0.01610458]
 [-0.01279151  0.12172823  0.56381017]
 [-0.10747033  0.30878425  0.26608694]
 [-0.43140596  0.3384006   0.1029695 ]
 [-0.37325996  0.40187353  0.        ]
 [ 0.0450215   0.03154419  0.78446335]
 [ 0.08409056  0.04077816  1.0374115 ]
 [ 0.17402667 -0.01715714  1.1403694 ]
 [ 0.11502205  0.00730711  1.2289832 ]
 [ 0.09846725  0.17522007  0.95949244]
 [ 0.26596832  0.22530395  0.772671  ]
 [ 0.35655698  0.10677224  0.9203408 ]
 [ 0.047314   -0.1160827   1.0278392 ]
 [-0.11923457 -0.23550245  0.85126805]
 [-0.05447593 -0.1226476   0.7128306 ]]
[[ 0.          0.          0.60610276]
 [ 0.0139981  -0.11449176  0.6026863 ]
 [ 0.3629694  -0.030114    0.41010004]
 [ 0.32797533 -0.07345551  0.0481323 ]
 [ 0.48612332 -0.03371072  0.        ]
 [-0.01394328  0.1145942   0.61000425]
 [-0.12849844  0.26519215  0.2823121 ]
 [-0.5501342   0.2663464   0.28171808]
 [-0.594043    0.31609616  0.18845093]
 [ 0.03647952  0.02108684  0.82583946]
 [ 0.06770865  0.02281958  1.0766809 ]
 [ 0.164417   -0.03788668  1.1746347 ]
 [ 0.10781778 -0.01259905  1.2652173 ]
 [ 0.09742828  0.15047222  1.0072463 ]
 [ 0.2848093   0.20700955  0.8279534 ]
 [ 0.3664611   0.1197466   0.991529  ]
 [ 0.01980987 -0.12017     1.0597833 ]
 [-0.15241975 -0.23872262  0.93000215]
 [-0.08769997 -0.14769705  0.79831254]]
[[ 0.          0.          0.6078391 ]
 [ 0.01759382 -0.10769086  0.6066314 ]
 [ 0.33457997  0.07600807  0.37712514]
 [ 0.39982373  0.09790319  0.02347267]
 [ 0.5781326   0.1568777   0.        ]
 [-0.01754627  0.10771054  0.6095807 ]
 [-0.05669564  0.18331015  0.25920296]
 [-0.5110968   0.06709455  0.41033688]
 [-0.61818445  0.13104665  0.39885426]
 [ 0.04656567  0.00936882  0.82287145]
 [ 0.08394862  0.00196859  1.0711179 ]
 [ 0.1831508  -0.05294704  1.1734935 ]
 [ 0.1203896  -0.02995008  1.2651575 ]
 [ 0.09100504  0.1235483   1.0005932 ]
 [ 0.20619556  0.22064061  0.7851823 ]
 [ 0.35958308  0.14903626  0.8747963 ]
 [ 0.05627583 -0.13380262  1.0487901 ]
 [-0.05076561 -0.21457438  0.8255205 ]
 [ 0.04670037 -0.14059041  0.6877902 ]]
[[ 0.00000000e+00  0.00000000e+00  6.29991174e-01]
 [ 1.36132278e-02 -1.08395338e-01  6.28398061e-01]
 [ 2.80218452e-01  1.20003521e-01  3.79978359e-01]
 [ 2.83909112e-01  1.77727580e-01  2.77327299e-02]
 [ 4.68014717e-01  2.43635714e-01  0.00000000e+00]
 [-1.35155320e-02  1.08338699e-01  6.32040679e-01]
 [ 5.46851009e-02  1.06206357e-01  2.72564977e-01]
 [-4.15605605e-01 -5.18498123e-02  4.52253580e-01]
 [-5.48990130e-01  8.95909965e-03  4.56850082e-01]
 [ 5.75253814e-02  1.02774054e-02  8.42883468e-01]
 [ 1.01711690e-01  9.49501991e-04  1.09047771e+00]
 [ 1.98618531e-01 -4.29565907e-02  1.19878078e+00]
 [ 1.26730576e-01 -2.50384808e-02  1.29027343e+00]
 [ 8.88378620e-02  1.24555826e-01  1.01416636e+00]
 [ 1.34139597e-01  2.74921477e-01  7.92812347e-01]
 [ 3.42267007e-01  2.66414315e-01  8.04437995e-01]
 [ 8.91099423e-02 -1.40923291e-01  1.06977534e+00]
 [ 4.45592403e-03 -2.38521308e-01  8.39801192e-01]
 [ 1.13751233e-01 -1.71657681e-01  6.74968541e-01]]
[[ 0.          0.          0.5945082 ]
 [ 0.00610726 -0.10473623  0.5892574 ]
 [ 0.08725499  0.12901697  0.3174646 ]
 [-0.03572792  0.27657455  0.06051344]
 [ 0.12537973  0.37195805  0.        ]
 [-0.00605693  0.10459037  0.5997595 ]
 [ 0.24619399  0.042923    0.324746  ]
 [-0.17345598 -0.0434444   0.36174983]
 [-0.21821627  0.00602937  0.27431145]
 [ 0.05867402  0.00723185  0.8073901 ]
 [ 0.10915149  0.0070695   1.0569189 ]
 [ 0.19646648 -0.02445012  1.1710634 ]
 [ 0.11394702 -0.01082671  1.2588923 ]
 [ 0.06927457  0.12766787  0.9785379 ]
 [ 0.0220352   0.33905026  0.8174598 ]
 [ 0.25105315  0.40878424  0.71663344]
 [ 0.12483197 -0.14301491  1.0336992 ]
 [ 0.0828245  -0.2929445   0.81772316]
 [ 0.20703447 -0.18219009  0.71106267]]
[[ 0.          0.          0.52349603]
 [-0.0036453  -0.10138121  0.5116153 ]
 [-0.09795451  0.11655267  0.22652322]
 [-0.3663249   0.29914254  0.10747766]
 [-0.29115963  0.4095254   0.        ]
 [ 0.00360213  0.10118686  0.53485024]
 [ 0.34479293  0.02129558  0.35509568]
 [ 0.11253846 -0.00972703  0.11252898]
 [ 0.21191218  0.01337701  0.02684048]
 [ 0.04717667  0.0033364   0.7415012 ]
 [ 0.09672935  0.00818288  0.99347353]
 [ 0.18164404 -0.019683    1.0954665 ]
 [ 0.10626139 -0.00124073  1.1982193 ]
 [ 0.03202071  0.11654741  0.9177186 ]
 [-0.12598667  0.28296116  0.8201208 ]
 [ 0.04153304  0.3393553   0.64794827]
 [ 0.13656242 -0.13761932  0.97084856]
 [ 0.1489328  -0.29471925  0.7395621 ]
 [ 0.27269784 -0.14103517  0.75919855]]
[[ 0.          0.          0.5641891 ]
 [ 0.00854497 -0.10172644  0.5514153 ]
 [-0.10320312  0.1233574   0.24976355]
 [-0.46438122  0.2731096   0.25203723]
 [-0.46520722  0.39376113  0.16395131]
 [-0.00851217  0.10143919  0.57628524]
 [ 0.3595608   0.08276946  0.38864183]
 [ 0.34062207  0.04728234  0.03427243]
 [ 0.48422277  0.07166624  0.        ]
 [ 0.03577232 -0.00324115  0.77993596]
 [ 0.0804522   0.00803685  1.0310651 ]
 [ 0.17041835 -0.01305401  1.1271093 ]
 [ 0.1041787  -0.00159585  1.2317854 ]
 [ 0.00195659  0.11382964  0.95530283]
 [-0.20108098  0.25094464  0.8800994 ]
 [-0.0609445   0.28599596  0.68731046]
 [ 0.13323918 -0.1327618   1.0122476 ]
 [ 0.17748758 -0.28037277  0.7876177 ]
 [ 0.30056155 -0.09391947  0.8171592 ]]
[[ 0.          0.          0.5889312 ]
 [ 0.01219724 -0.09915631  0.578308  ]
 [-0.07503249  0.08826032  0.26568952]
 [-0.43220514  0.219394    0.37742853]
 [-0.5018023   0.35950562  0.32145002]
 [-0.01208141  0.09883906  0.59893423]
 [ 0.32973474  0.12898493  0.36791065]
 [ 0.3925662   0.12873459  0.01761043]
 [ 0.5454312   0.14757764  0.        ]
 [ 0.03679927  0.01344018  0.80520976]
 [ 0.08203293  0.03671178  1.0547196 ]
 [ 0.16568798  0.01185763  1.1525753 ]
 [ 0.10537465  0.02502555  1.2540622 ]
 [ 0.00718874  0.13864371  0.9752368 ]
 [-0.18172348  0.25497192  0.86270326]
 [-0.04390584  0.26539856  0.6755598 ]
 [ 0.1303176  -0.10075998  1.0376649 ]
 [ 0.13852894 -0.25408942  0.8215683 ]
 [ 0.2735913  -0.07536372  0.7874869 ]]
[[ 0.          0.          0.6327367 ]
 [ 0.01586724 -0.09756798  0.62398964]
 [-0.01992353  0.04888692  0.29887065]
 [-0.37363315  0.1518838   0.47508684]
 [-0.4689594   0.30179736  0.4440778 ]
 [-0.01570484  0.09727474  0.64098394]
 [ 0.29505104  0.17330274  0.37660462]
 [ 0.33248335  0.18976146  0.01866329]
 [ 0.4991575   0.20667523  0.        ]
 [ 0.0341406   0.02864662  0.8474513 ]
 [ 0.07807627  0.05975303  1.0954716 ]
 [ 0.16434006  0.03275067  1.1982297 ]
 [ 0.10093848  0.05087548  1.2944909 ]
 [ 0.00831828  0.16736686  1.0113379 ]
 [-0.132018    0.28316325  0.86266255]
 [ 0.02788178  0.2908857   0.6951679 ]
 [ 0.12122735 -0.07991484  1.0804418 ]
 [ 0.0964821  -0.23658127  0.8665587 ]
 [ 0.22485681 -0.09201268  0.75233334]]
[[ 0.          0.          0.65032876]
 [ 0.02064301 -0.11538193  0.64314383]
 [ 0.17548957 -0.05447495  0.32509923]
 [-0.27100676 -0.03677794  0.4810981 ]
 [-0.34213042  0.07229975  0.39686844]
 [-0.02048922  0.11530376  0.65733796]
 [ 0.18278578  0.26611865  0.32909134]
 [ 0.03542387  0.27493134  0.05628824]
 [ 0.20326947  0.30288708  0.        ]
 [ 0.04930553  0.04997084  0.86179847]
 [ 0.09922799  0.08410957  1.1079643 ]
 [ 0.1862936   0.04070675  1.2176034 ]
 [ 0.12191185  0.0670616   1.312062  ]
 [ 0.06244315  0.20893121  1.0162864 ]
 [ 0.07017712  0.33188233  0.810225  ]
 [ 0.24920008  0.27456924  0.7706524 ]
 [ 0.10877006 -0.07159892  1.0961779 ]
 [ 0.0085364  -0.21708773  0.8819481 ]
 [ 0.12699312 -0.09388153  0.7284928 ]]
[[ 0.          0.          0.55758846]
 [ 0.01846591 -0.11784568  0.5587345 ]
 [ 0.3600014  -0.01899564  0.3658974 ]
 [ 0.02114897 -0.11387753  0.19734949]
 [ 0.10064921 -0.07884422  0.08106589]
 [-0.01831651  0.11798557  0.55651677]
 [-0.04181759  0.27890673  0.24017978]
 [-0.34658933  0.29809672  0.12335595]
 [-0.28588402  0.35965136  0.        ]
 [ 0.04038259  0.05170733  0.7708801 ]
 [ 0.06902174  0.07507938  1.0217606 ]
 [ 0.1648572   0.01160282  1.1255603 ]
 [ 0.10578802  0.04401284  1.2219436 ]
 [ 0.08299945  0.19883358  0.935547  ]
 [ 0.19514945  0.25339195  0.7303891 ]
 [ 0.33895725  0.15620992  0.8387316 ]
 [ 0.03506267 -0.08269593  1.0143731 ]
 [-0.12501381 -0.20460753  0.81828904]
 [-0.03503462 -0.122444    0.65155023]]
[[ 0.          0.          0.5630635 ]
 [ 0.01375074 -0.11546746  0.5657954 ]
 [ 0.3770241  -0.02098656  0.40390646]
 [ 0.2810291  -0.09907323  0.06378788]
 [ 0.43140694 -0.05862522  0.        ]
 [-0.0136703   0.11562549  0.56069034]
 [-0.07828937  0.27815986  0.25913155]
 [-0.4787801   0.30074766  0.21840101]
 [-0.50888485  0.3502867   0.09524035]
 [ 0.02917834  0.04258335  0.7787059 ]
 [ 0.04523625  0.05554497  1.0299171 ]
 [ 0.1468544  -0.01211125  1.1289203 ]
 [ 0.08508483  0.02083725  1.224484  ]
 [ 0.08867934  0.18036619  0.95569164]
 [ 0.25643885  0.2166422   0.77374107]
 [ 0.35710907  0.14014944  0.93544674]
 [-0.01331219 -0.09257936  1.010595  ]
 [-0.16673931 -0.23633464  0.85829175]
 [-0.07368994 -0.15998714  0.70342445]]
[[ 0.          0.          0.5540554 ]
 [ 0.00949749 -0.11241821  0.5561004 ]
 [ 0.35984614 -0.00855418  0.37311488]
 [ 0.39153582 -0.04650509  0.03600252]
 [ 0.55846286 -0.00411636  0.        ]
 [-0.00942461  0.11253355  0.5524822 ]
 [-0.05188622  0.2263162   0.2141631 ]
 [-0.47874022  0.23783824  0.2914867 ]
 [-0.5616102   0.30825678  0.19990021]
 [ 0.03093031  0.03224319  0.76509744]
 [ 0.04817724  0.03520977  1.0120835 ]
 [ 0.15165713 -0.03435296  1.1128571 ]
 [ 0.08937149  0.00243461  1.2082968 ]
 [ 0.08755328  0.1493918   0.93902266]
 [ 0.23235175  0.17378029  0.7430849 ]
 [ 0.35582262  0.11970124  0.89288056]
 [-0.00751832 -0.10285044  0.98552775]
 [-0.12312596 -0.24183966  0.8081707 ]
 [-0.00506544 -0.16537814  0.66305006]]
[[ 0.          0.          0.5431615 ]
 [ 0.00758488 -0.11263056  0.547086  ]
 [ 0.34980363  0.03707501  0.35153994]
 [ 0.3761397   0.03185922  0.02747208]
 [ 0.5481889   0.07370055  0.        ]
 [-0.00748077  0.11267784  0.539666  ]
 [ 0.02449681  0.1904505   0.19398043]
 [-0.41171014  0.16706812  0.309406  ]
 [-0.51177835  0.2394456   0.23422766]
 [ 0.0389921   0.02595979  0.7536365 ]
 [ 0.06403531  0.02981123  0.9994654 ]
 [ 0.16760501 -0.03408653  1.1047662 ]
 [ 0.09645361  0.00173348  1.1974529 ]
 [ 0.08808538  0.14386505  0.92340636]
 [ 0.20244661  0.21898037  0.7176385 ]
 [ 0.36393455  0.15365268  0.82323205]
 [ 0.02191921 -0.11157596  0.9751789 ]
 [-0.0661561  -0.23692009  0.7657275 ]
 [ 0.07161301 -0.1461777   0.64888304]]
[[ 0.00000000e+00  0.00000000e+00  5.23046434e-01]
 [-3.59761342e-03 -1.12041838e-01  5.20805180e-01]
 [ 2.69860625e-01  5.89201599e-02  2.77745366e-01]
 [ 1.89300090e-01  1.81661844e-01  3.53497267e-02]
 [ 3.58307123e-01  2.40456849e-01  0.00000000e+00]
 [ 3.72367725e-03  1.11968547e-01  5.25451005e-01]
 [ 2.25982904e-01  8.18249434e-02  2.23105490e-01]
 [-1.99349999e-01  7.00987875e-02  2.64663458e-01]
 [-2.71858662e-01  1.48930714e-01  1.60652936e-01]
 [ 5.76438829e-02  2.47630924e-02  7.35067487e-01]
 [ 1.09283358e-01  4.87360656e-02  9.80965912e-01]
 [ 2.04795524e-01  4.22000885e-04  1.09002733e+00]
 [ 1.25120699e-01  2.68117189e-02  1.17756140e+00]
 [ 1.01315536e-01  1.65688545e-01  8.99212301e-01]
 [ 1.48445889e-01  3.43438029e-01  7.15359569e-01]
 [ 3.98204178e-01  3.80785614e-01  7.22928107e-01]
 [ 9.40884948e-02 -1.08897060e-01  9.66752410e-01]
 [ 5.41034937e-02 -2.83300877e-01  7.71354556e-01]
 [ 1.89872950e-01 -1.67995155e-01  6.56608045e-01]]
[[ 0.          0.          0.49811015]
 [-0.01431659 -0.10508826  0.48834407]
 [ 0.02030366  0.07305191  0.20059559]
 [-0.26441664  0.25134033  0.1254729 ]
 [-0.19990686  0.34594738  0.04016933]
 [ 0.01429256  0.10488231  0.50727105]
 [ 0.3710991   0.06262116  0.30564657]
 [ 0.20576867  0.11476097  0.09915185]
 [ 0.34130505  0.12811247  0.        ]
 [ 0.03662668  0.01438265  0.7114167 ]
 [ 0.08024209  0.05300042  0.9577663 ]
 [ 0.16117284  0.03083813  1.0557611 ]
 [ 0.09515564  0.04811168  1.1567328 ]
 [ 0.0280735   0.1552603   0.8729017 ]
 [-0.11447744  0.31722444  0.7523638 ]
 [ 0.07396798  0.3527295   0.6099206 ]
 [ 0.11371152 -0.09888402  0.95263666]
 [ 0.18579152 -0.26566625  0.7476729 ]
 [ 0.2603349  -0.12038249  0.8084521 ]]
[[ 0.00000000e+00  0.00000000e+00  5.37638307e-01]
 [ 6.27679750e-03 -9.71741527e-02  5.34611881e-01]
 [-5.29038161e-02  1.25469089e-01  2.49108523e-01]
 [-4.03530002e-01  2.77451575e-01  2.41793483e-01]
 [-4.25015986e-01  4.00452763e-01  1.61489040e-01]
 [-6.31642714e-03  9.69429165e-02  5.39861977e-01]
 [ 3.60806704e-01  1.03166118e-01  3.25402021e-01]
 [ 4.44709957e-01  9.22633111e-02  3.54799032e-02]
 [ 6.09715343e-01  8.85204673e-02  0.00000000e+00]
 [ 8.38224776e-04  1.54709816e-02  7.43943036e-01]
 [ 1.29527301e-02  6.57993555e-02  9.83762622e-01]
 [ 9.80856568e-02  5.45815825e-02  1.07530355e+00]
 [ 3.05382125e-02  6.20579123e-02  1.17351842e+00]
 [-6.12111241e-02  1.55562967e-01  8.94809484e-01]
 [-2.56985605e-01  2.66479284e-01  8.11645865e-01]
 [-1.03461966e-01  2.90627629e-01  6.42062485e-01]
 [ 7.29967952e-02 -7.49267042e-02  9.94379640e-01]
 [ 1.76021636e-01 -2.37329602e-01  8.17028224e-01]
 [ 2.50272274e-01 -3.68987918e-02  8.83922279e-01]]
[[ 0.00000000e+00  0.00000000e+00  5.44997215e-01]
 [ 1.06386095e-02 -9.33842212e-02  5.46446264e-01]
 [-5.09669334e-02  1.10619292e-01  2.54195571e-01]
 [-4.18430597e-01  2.50771314e-01  2.90402323e-01]
 [-4.70460773e-01  3.76537561e-01  2.16148704e-01]
 [-1.06610395e-02  9.31612179e-02  5.42797983e-01]
 [ 3.37251037e-01  1.34291887e-01  3.14592779e-01]
 [ 4.73882288e-01  1.48460627e-01  2.39987373e-02]
 [ 6.39060616e-01  1.47379190e-01  0.00000000e+00]
 [-6.56939857e-03  2.62030512e-02  7.52086282e-01]
 [-7.14663416e-04  8.94871354e-02  9.88969088e-01]
 [ 8.00167471e-02  7.79271722e-02  1.08369291e+00]
 [ 1.20773986e-02  8.46362114e-02  1.17772484e+00]
 [-7.55124241e-02  1.75989598e-01  8.96209002e-01]
 [-2.62834549e-01  2.73629308e-01  7.93490052e-01]
 [-1.19139016e-01  2.72963107e-01  6.27400279e-01]
 [ 6.04685694e-02 -4.76210117e-02  1.00267553e+00]
 [ 1.56819820e-01 -2.15922102e-01  8.40178609e-01]
 [ 2.51748502e-01 -6.48236275e-03  8.63366723e-01]]
[[ 0.          0.          0.59296215]
 [ 0.02177435 -0.08861946  0.5996289 ]
 [ 0.00473322  0.07324205  0.30000535]
 [-0.36806774  0.1806337   0.39727056]
 [-0.46384966  0.33099642  0.34134555]
 [-0.0217516   0.08842264  0.585669  ]
 [ 0.29364645  0.17845038  0.33191314]
 [ 0.42655507  0.22347459  0.02738935]
 [ 0.5885483   0.23942134  0.        ]
 [-0.00784311  0.05215079  0.796731  ]
 [-0.00356968  0.13585427  1.0267413 ]
 [ 0.07191348  0.1252845   1.1288147 ]
 [ 0.00218377  0.13069564  1.2123462 ]
 [-0.07679199  0.21623677  0.9245652 ]
 [-0.22764587  0.28762513  0.78006995]
 [-0.05496134  0.30260658  0.6356971 ]
 [ 0.05820493  0.00203654  1.0469217 ]
 [ 0.12745295 -0.16967767  0.89070857]
 [ 0.24341533  0.02860546  0.8180873 ]]
[[ 0.          0.          0.64285135]
 [ 0.02811336 -0.10242334  0.6591348 ]
 [ 0.22661713 -0.0177772   0.40343544]
 [-0.19354519  0.02241564  0.4799996 ]
 [-0.2868799   0.15575427  0.40535498]
 [-0.02806247  0.10236904  0.6262193 ]
 [ 0.2508345   0.24725725  0.3424535 ]
 [ 0.21081783  0.33537814  0.05055475]
 [ 0.37840015  0.35975352  0.        ]
 [ 0.01390735  0.08733955  0.8406851 ]
 [ 0.03852164  0.18879941  1.0637437 ]
 [ 0.09801682  0.17259777  1.1821945 ]
 [ 0.02394383  0.18355584  1.2470081 ]
 [ 0.0024839   0.2876969   0.95321834]
 [ 0.0261134   0.3765276   0.7773603 ]
 [ 0.20233911  0.3286659   0.74434596]
 [ 0.06528598  0.04229879  1.0891621 ]
 [ 0.06218694 -0.12717292  0.8840102 ]
 [ 0.225739    0.01648143  0.77743804]]
[[ 0.          0.          0.65076226]
 [ 0.02284977 -0.11042805  0.6762703 ]
 [ 0.35035932 -0.11951502  0.5669873 ]
 [ 0.02247748 -0.31075108  0.32773972]
 [ 0.09454015 -0.29120332  0.22954315]
 [-0.02270932  0.1105253   0.62525374]
 [ 0.03506655  0.33492944  0.3291613 ]
 [-0.15824807  0.39584002  0.11630183]
 [-0.05953115  0.47215456  0.        ]
 [ 0.02664372  0.10216692  0.84430695]
 [ 0.03153058  0.18259463  1.0788478 ]
 [ 0.07437462  0.15717196  1.2015419 ]
 [-0.00600456  0.19136208  1.2709024 ]
 [ 0.05828813  0.29262486  0.9797513 ]
 [ 0.21380097  0.3490411   0.8114444 ]
 [ 0.3808306   0.296196    0.97051585]
 [ 0.00521111  0.02409241  1.0871978 ]
 [-0.02355329 -0.15296593  0.8760046 ]
 [ 0.14673248 -0.05864172  0.83105046]]
[[ 0.          0.          0.60867137]
 [ 0.01729044 -0.1140234   0.63464767]
 [ 0.36944583 -0.15644407  0.5186374 ]
 [ 0.23728615 -0.3802964   0.15575528]
 [ 0.3991176  -0.37693578  0.10012978]
 [-0.01717491  0.11415465  0.5830526 ]
 [-0.06606606  0.3223298   0.28118804]
 [-0.3251931   0.36952138  0.12202263]
 [-0.31578442  0.44648758  0.        ]
 [ 0.01127516  0.09865414  0.80624855]
 [-0.01228477  0.15906167  1.0464225 ]
 [ 0.03626214  0.13300437  1.1721225 ]
 [-0.05092159  0.16524464  1.2404903 ]
 [ 0.04727221  0.2628257   0.9636226 ]
 [ 0.24647485  0.28140008  0.80256736]
 [ 0.40187567  0.24783295  0.9518775 ]
 [-0.0608485   0.01335266  1.0321618 ]
 [-0.10886654 -0.17143935  0.85504365]
 [ 0.01120468 -0.11521373  0.7734057 ]]
[[ 0.          0.          0.54263365]
 [ 0.01570037 -0.1092062   0.5619653 ]
 [ 0.38331547 -0.0934124   0.40312284]
 [ 0.42627525 -0.27326742  0.02535117]
 [ 0.6089027  -0.25069517  0.        ]
 [-0.01568469  0.10928365  0.52392954]
 [-0.1067726   0.21070108  0.17483646]
 [-0.44073644  0.20726568  0.20110166]
 [-0.4763664   0.24501128  0.08122438]
 [-0.00329005  0.07456255  0.7512441 ]
 [-0.03710338  0.11728299  0.9958419 ]
 [ 0.01542199  0.09309769  1.1200716 ]
 [-0.07053164  0.11753124  1.1898564 ]
 [ 0.01646113  0.21981841  0.914822  ]
 [ 0.22069445  0.27238524  0.74030674]
 [ 0.40178925  0.22829889  0.8219538 ]
 [-0.07662959 -0.02130386  0.9806286 ]
 [-0.13874099 -0.18887173  0.8596511 ]
 [-0.04954461 -0.15369102  0.7492727 ]]
[[ 0.          0.          0.581357  ]
 [ 0.02048903 -0.10370394  0.59815633]
 [ 0.3527171  -0.04391463  0.389045  ]
 [ 0.43919915 -0.18940514  0.01060903]
 [ 0.62271833 -0.15343148  0.        ]
 [-0.0205601   0.10375268  0.5652088 ]
 [-0.10907257  0.12773561  0.2068888 ]
 [-0.4750712   0.04114261  0.2915142 ]
 [-0.53658116  0.08637092  0.20181516]
 [-0.01077013  0.07153022  0.7915121 ]
 [-0.04843031  0.11486322  1.0350027 ]
 [ 0.00581367  0.09519839  1.1600404 ]
 [-0.0768756   0.11334938  1.230442  ]
 [-0.00896692  0.21150863  0.94680375]
 [ 0.15697429  0.28137317  0.7450199 ]
 [ 0.35813645  0.27252984  0.7551658 ]
 [-0.07633544 -0.01557726  1.027224  ]
 [-0.15750311 -0.16249219  0.9356082 ]
 [-0.10385974 -0.1531093   0.8373889 ]]
[[ 0.          0.          0.67513156]
 [ 0.03022935 -0.10185559  0.69987386]
 [ 0.29244608  0.04489927  0.42325747]
 [ 0.30548054 -0.08754808  0.02880645]
 [ 0.48011124 -0.02044749  0.        ]
 [-0.03042224  0.10186556  0.65092874]
 [-0.09363912  0.03193772  0.27312404]
 [-0.48152077 -0.11733903  0.46027794]
 [-0.56237483 -0.07885301  0.4116711 ]
 [-0.03129134  0.08142874  0.8780275 ]
 [-0.08772343  0.13132802  1.1179814 ]
 [-0.02584964  0.12563908  1.2403023 ]
 [-0.10818121  0.13239074  1.3151215 ]
 [-0.08210731  0.22393727  1.016348  ]
 [ 0.02329727  0.34484538  0.7922089 ]
 [ 0.19443469  0.4595575   0.71257895]
 [-0.08736344  0.01366398  1.1251984 ]
 [-0.153328   -0.06879273  1.1121783 ]
 [-0.17955294 -0.07089192  1.0814446 ]]
[[ 0.          0.          0.69445837]
 [ 0.03389744 -0.09391513  0.7228136 ]
 [ 0.23811206  0.08456431  0.42580554]
 [ 0.11969493 -0.07371038  0.05453616]
 [ 0.27548593  0.01442343  0.        ]
 [-0.03407168  0.09384303  0.6665228 ]
 [-0.0638158  -0.04039067  0.28483814]
 [-0.48313725 -0.28000957  0.48708832]
 [-0.58526313 -0.24946463  0.45463067]
 [-0.04992349  0.07967022  0.8940545 ]
 [-0.12128122  0.1315431   1.1304538 ]
 [-0.04979575  0.13221294  1.2495316 ]
 [-0.12934916  0.13792324  1.3298631 ]
 [-0.14304927  0.21917182  1.0178385 ]
 [-0.10300416  0.3598428   0.80537856]
 [-0.01054564  0.53396314  0.69613934]
 [-0.10243531  0.01810175  1.1501541 ]
 [-0.1380851  -0.03731385  1.2133033 ]
 [-0.16162202 -0.02384079  1.2607919 ]]
[[ 0.          0.          0.65305024]
 [ 0.03289039 -0.08484155  0.6825645 ]
 [ 0.19134942  0.12386641  0.388506  ]
 [-0.02107566 -0.03898454  0.07780564]
 [ 0.10717838  0.06611437  0.        ]
 [-0.03307405  0.0846922   0.62383264]
 [-0.03550798 -0.06558549  0.23985398]
 [-0.45743257 -0.351366    0.4260766 ]
 [-0.56424546 -0.32592165  0.39091063]
 [-0.0569085   0.07677682  0.8535993 ]
 [-0.13367783  0.12803537  1.0891938 ]
 [-0.05841858  0.12784559  1.2037345 ]
 [-0.13325298  0.13351887  1.2887313 ]
 [-0.17419922  0.21055418  0.9749254 ]
 [-0.20606485  0.34142822  0.77786064]
 [-0.18261689  0.5522719   0.6670368 ]
 [-0.10311718  0.0160597   1.1138457 ]
 [-0.10439112 -0.04016238  1.2006782 ]
 [-0.09622899 -0.03782582  1.2731805 ]]
[[ 0.          0.          0.5454402 ]
 [ 0.03615195 -0.07754192  0.5781976 ]
 [ 0.16413353  0.10640933  0.2970238 ]
 [-0.13352616 -0.05256531  0.10430878]
 [-0.05441511  0.05910277  0.        ]
 [-0.03640886  0.07731433  0.51285386]
 [-0.00928912 -0.07157299  0.11723837]
 [-0.41477555 -0.35519782  0.29061168]
 [-0.50558317 -0.3345338   0.2397958 ]
 [-0.06212803  0.07226646  0.74930686]
 [-0.14134273  0.12072775  0.9858105 ]
 [-0.05776738  0.11556458  1.0936013 ]
 [-0.12708297  0.12159681  1.1832806 ]
 [-0.20031667  0.19990677  0.8764422 ]
 [-0.3060828   0.3273974   0.72845995]
 [-0.35377192  0.5468518   0.6393305 ]
 [-0.09805697  0.00978434  1.0114977 ]
 [-0.0588351  -0.0564605   1.1197813 ]
 [-0.01463299 -0.06131852  1.2307696 ]]
[[ 0.          0.          0.4387052 ]
 [ 0.03846961 -0.07674602  0.4733914 ]
 [ 0.15317221  0.05338927  0.2128471 ]
 [-0.17638898 -0.08517483  0.11426967]
 [-0.1421252   0.01983315  0.00120166]
 [-0.03873391  0.07644963  0.4041084 ]
 [ 0.0156491  -0.06317094  0.        ]
 [-0.37673923 -0.34407365  0.1454429 ]
 [-0.44598672 -0.32418305  0.0773229 ]
 [-0.06176829  0.06776763  0.6461184 ]
 [-0.13780631  0.11494172  0.88521695]
 [-0.04655712  0.10507441  0.98773444]
 [-0.1103681   0.10751426  1.0805775 ]
 [-0.20466849  0.19360667  0.7838522 ]
 [-0.35601044  0.31663066  0.70111   ]
 [-0.4619224   0.51331043  0.6476991 ]
 [-0.08728805  0.00475845  0.9067277 ]
 [-0.02323144 -0.06026322  1.0405006 ]
 [ 0.03193611 -0.08291709  1.1896191 ]]
[[ 0.          0.          0.49223915]
 [ 0.04249646 -0.08653107  0.5284651 ]
 [ 0.18532044 -0.09283522  0.36927423]
 [-0.21882653 -0.29591814  0.35921612]
 [-0.25719973 -0.21770161  0.3141074 ]
 [-0.04271565  0.0861512   0.45606053]
 [ 0.0908739   0.03512597  0.07770628]
 [-0.25246757 -0.22470146  0.1122849 ]
 [-0.212662   -0.18952847  0.        ]
 [-0.04976655  0.05713096  0.7051591 ]
 [-0.10344857  0.09736419  0.9517317 ]
 [ 0.00612565  0.08520114  1.0350842 ]
 [-0.04009393  0.08803666  1.1397657 ]
 [-0.17264998  0.18482858  0.87227297]
 [-0.31001544  0.33891374  0.9175091 ]
 [-0.47614217  0.44372368  0.97118556]
 [-0.05381207 -0.01471022  0.96007705]
 [ 0.05312841 -0.06908792  1.1621124 ]
 [ 0.10952664 -0.09865499  1.3622938 ]]
[[ 0.          0.          0.5293858 ]
 [ 0.03901154 -0.08542769  0.57046396]
 [ 0.2195082  -0.18031947  0.4748156 ]
 [-0.21145302 -0.4130644   0.446438  ]
 [-0.22314686 -0.3815238   0.4163803 ]
 [-0.03919556  0.08503629  0.4882973 ]
 [ 0.12941788  0.06114861  0.14152557]
 [-0.14223032 -0.1291309   0.1064994 ]
 [-0.06090126 -0.08640546  0.        ]
 [-0.02968175  0.05735588  0.74283034]
 [-0.06319678  0.09634733  0.99052525]
 [ 0.05561645  0.07796627  1.0657303 ]
 [ 0.01752318  0.08372813  1.1772474 ]
 [-0.1195612   0.18776625  0.92271435]
 [-0.20050725  0.35900676  1.0382714 ]
 [-0.3583737   0.43029583  1.1556368 ]
 [-0.02816506 -0.01782373  0.99444735]
 [ 0.09068708 -0.07786763  1.2259963 ]
 [ 0.16359855 -0.09933668  1.4438998 ]]
[[ 0.          0.          0.52839184]
 [ 0.03001071 -0.08928151  0.57744026]
 [ 0.2654496  -0.2719318   0.55397666]
 [-0.13537976 -0.53972256  0.49502325]
 [-0.06338644 -0.5876931   0.46234357]
 [-0.03020757  0.08896393  0.47928184]
 [ 0.18203661  0.08074057  0.19112062]
 [-0.04696665 -0.09949392  0.09335861]
 [ 0.06380431 -0.07033736  0.        ]
 [ 0.00608059  0.06810907  0.73350686]
 [ 0.00452052  0.10041666  0.977417  ]
 [ 0.13321084  0.07235205  1.0436962 ]
 [ 0.10570428  0.07648903  1.160574  ]
 [-0.02435917  0.19367945  0.92672515]
 [-0.01478781  0.3461159   1.1089565 ]
 [-0.07171139  0.4126557   1.3124099 ]
 [ 0.01043965 -0.01417285  0.9765295 ]
 [ 0.12914564 -0.11626244  1.2103058 ]
 [ 0.24201965 -0.1300869   1.4282401 ]]
[[ 0.          0.          0.4953    ]
 [ 0.02539773 -0.09193237  0.5478095 ]
 [ 0.27650648 -0.2880594   0.5681308 ]
 [-0.03017463 -0.5807825   0.46111244]
 [ 0.09972519 -0.6445986   0.43800455]
 [-0.02558114  0.09169243  0.44275412]
 [ 0.241179    0.1421563   0.21055567]
 [ 0.03395419 -0.04250243  0.08267689]
 [ 0.15843108 -0.02449429  0.        ]
 [ 0.03279351  0.07571021  0.6915053 ]
 [ 0.05884734  0.10843295  0.9293444 ]
 [ 0.19096312  0.07184082  0.98333627]
 [ 0.1716364   0.0742768   1.102586  ]
 [ 0.05466483  0.2048609   0.8931596 ]
 [ 0.13590439  0.31916624  1.0921757 ]
 [ 0.17094435  0.35995984  1.3306214 ]
 [ 0.0428181  -0.00616291  0.9285604 ]
 [ 0.17889485 -0.13860476  1.135997  ]
 [ 0.33003068 -0.13004762  1.3412703 ]]
[[ 0.          0.          0.41224033]
 [ 0.02141203 -0.09608549  0.464037  ]
 [ 0.29301387 -0.273964    0.5427757 ]
 [ 0.15070778 -0.5788734   0.39088526]
 [ 0.30332333 -0.6293626   0.39371532]
 [-0.02150431  0.09590326  0.36044568]
 [ 0.29307473  0.16887456  0.204689  ]
 [ 0.10990648 -0.0563764   0.05540949]
 [ 0.24881193 -0.04136261  0.        ]
 [ 0.05731366  0.07348156  0.60352594]
 [ 0.10937641  0.10197169  0.83162355]
 [ 0.2486896   0.05313686  0.8716333 ]
 [ 0.23172101  0.05825424  0.9913254 ]
 [ 0.12523407  0.20188469  0.79828805]
 [ 0.28589967  0.25496733  0.9681786 ]
 [ 0.40028036  0.2630263   1.167767  ]
 [ 0.07321607 -0.01730326  0.8303995 ]
 [ 0.24539    -0.17935073  0.99449944]
 [ 0.421066   -0.16859001  1.1757822 ]]
[[ 0.          0.          0.3173108 ]
 [ 0.01389977 -0.09527312  0.3664856 ]
 [ 0.30509394 -0.26192418  0.4891225 ]
 [ 0.30665427 -0.5333179   0.32846597]
 [ 0.45493865 -0.5698225   0.35613957]
 [-0.01394164  0.09513879  0.26817492]
 [ 0.32143158  0.15844198  0.18424255]
 [ 0.19553986 -0.09325007  0.02186695]
 [ 0.34934238 -0.08649707  0.        ]
 [ 0.08252212  0.06542808  0.50486547]
 [ 0.16116549  0.09167722  0.7225445 ]
 [ 0.30356488  0.03836885  0.75279707]
 [ 0.29122594  0.04322737  0.8704997 ]
 [ 0.18775609  0.18823376  0.67882186]
 [ 0.38488388  0.17339239  0.7843621 ]
 [ 0.547935    0.13870203  0.9282717 ]
 [ 0.10712721 -0.02551836  0.71866286]
 [ 0.28763586 -0.21657452  0.81378376]
 [ 0.4825611  -0.21049047  0.9705366 ]]
[[ 0.          0.          0.25744253]
 [ 0.00265065 -0.08890223  0.30149287]
 [ 0.307908   -0.26612982  0.43787682]
 [ 0.39662224 -0.5148491   0.2766361 ]
 [ 0.52641034 -0.5463266   0.3171379 ]
 [-0.00261437  0.08873989  0.21339127]
 [ 0.3228982   0.11305019  0.17317578]
 [ 0.2717297  -0.16604246  0.        ]
 [ 0.4253543  -0.17518196  0.00584394]
 [ 0.10605758  0.05274811  0.43650097]
 [ 0.21250492  0.07602525  0.63929945]
 [ 0.35392576  0.02176657  0.66226244]
 [ 0.34654412  0.02893943  0.7782374 ]
 [ 0.24259996  0.16523328  0.5854708 ]
 [ 0.4300102   0.10467374  0.60628253]
 [ 0.6083383   0.02875498  0.69603133]
 [ 0.14849752 -0.03636995  0.6389222 ]
 [ 0.34294826 -0.24232659  0.676708  ]
 [ 0.5529542  -0.24266037  0.79646224]]
[[ 0.          0.          0.2313031 ]
 [-0.00821907 -0.07940964  0.26950094]
 [ 0.32717064 -0.2531755   0.39729485]
 [ 0.44752467 -0.4865887   0.24440002]
 [ 0.5573194  -0.5216607   0.2865345 ]
 [ 0.00833531  0.07923553  0.19307032]
 [ 0.3194133   0.0587072   0.17743711]
 [ 0.3471228  -0.24163407  0.        ]
 [ 0.49386877 -0.2491684   0.03062265]
 [ 0.12676215  0.04200268  0.3962028 ]
 [ 0.25905722  0.06776437  0.58275366]
 [ 0.3970049   0.01334655  0.60134155]
 [ 0.39187634  0.02443302  0.715667  ]
 [ 0.28415525  0.15326917  0.5213472 ]
 [ 0.45460093  0.08827657  0.46066564]
 [ 0.6396444  -0.00078033  0.48213893]
 [ 0.19703527 -0.04117036  0.5891578 ]
 [ 0.40767404 -0.2465383   0.59633195]
 [ 0.624789   -0.24712676  0.65534353]]
[[ 0.          0.          0.20353666]
 [-0.00830162 -0.07411095  0.24080008]
 [ 0.33985004 -0.24193141  0.358394  ]
 [ 0.46740246 -0.4749585   0.20682243]
 [ 0.5670141  -0.51338667  0.24540332]
 [ 0.00846573  0.07393176  0.16616699]
 [ 0.33273286  0.06073716  0.16369443]
 [ 0.4142903  -0.2297443   0.        ]
 [ 0.55433595 -0.23775634  0.03808981]
 [ 0.13671854  0.04607153  0.35585472]
 [ 0.2818748   0.08465928  0.52806437]
 [ 0.4210567   0.03192639  0.5430553 ]
 [ 0.41728428  0.04418972  0.65651363]
 [ 0.2994063   0.1658282   0.46369597]
 [ 0.4566508   0.09299184  0.3537081 ]
 [ 0.6532211   0.01904497  0.3377154 ]
 [ 0.2263723  -0.02410242  0.5392101 ]
 [ 0.43339935 -0.23171511  0.5272952 ]
 [ 0.6520133  -0.23648554  0.5559299 ]]
[[ 0.          0.          0.19890301]
 [-0.0043465  -0.07419994  0.23601602]
 [ 0.35033473 -0.21806766  0.3412648 ]
 [ 0.48771197 -0.45389515  0.17541598]
 [ 0.5827885  -0.48968154  0.20666194]
 [ 0.00456207  0.07404622  0.1615653 ]
 [ 0.34702253  0.07555629  0.15790497]
 [ 0.4669817  -0.21331495  0.        ]
 [ 0.6013489  -0.22115275  0.04169984]
 [ 0.13812664  0.05331127  0.3366366 ]
 [ 0.29037935  0.1051552   0.4928944 ]
 [ 0.43148547  0.05917057  0.5039562 ]
 [ 0.42790538  0.07249188  0.61899096]
 [ 0.29888245  0.1903848   0.42684656]
 [ 0.45759815  0.14167476  0.27632976]
 [ 0.66652834  0.0896936   0.23090778]
 [ 0.23908105 -0.00856158  0.5114307 ]
 [ 0.44512135 -0.21413535  0.49233687]
 [ 0.65356183 -0.2320019   0.502516  ]]
[[ 0.          0.          0.19188243]
 [ 0.00306935 -0.07687755  0.23016918]
 [ 0.36044633 -0.17783031  0.33918297]
 [ 0.5068939  -0.41781342  0.15112688]
 [ 0.60106725 -0.44315717  0.17372563]
 [-0.00283138  0.07678469  0.15322104]
 [ 0.3551173   0.11464061  0.14885074]
 [ 0.48511803 -0.16921179  0.        ]
 [ 0.6249821  -0.18061528  0.03813851]
 [ 0.13126972  0.06988278  0.31751472]
 [ 0.279693    0.14182952  0.46149468]
 [ 0.42304194  0.10180369  0.46983767]
 [ 0.41993386  0.12101549  0.58257776]
 [ 0.2770288   0.22680582  0.3907818 ]
 [ 0.4310586   0.17889139  0.21754006]
 [ 0.64142656  0.13120078  0.13083616]
 [ 0.23462173  0.02210501  0.48767948]
 [ 0.44145823 -0.1823489   0.4796285 ]
 [ 0.6386455  -0.21813434  0.47747046]]
[[ 0.          0.          0.18834794]
 [ 0.01431867 -0.07855323  0.22985905]
 [ 0.36833805 -0.13395621  0.33808398]
 [ 0.50454044 -0.39308655  0.11214951]
 [ 0.604043   -0.39741933  0.12411451]
 [-0.01408995  0.07853706  0.14631748]
 [ 0.3544376   0.16900206  0.1357603 ]
 [ 0.47226077 -0.11935842  0.        ]
 [ 0.62021905 -0.13142863  0.0384964 ]
 [ 0.11872831  0.09740581  0.3022401 ]
 [ 0.25448775  0.20064819  0.42845583]
 [ 0.39811954  0.16906269  0.43235615]
 [ 0.3944044   0.19705436  0.53986335]
 [ 0.23674427  0.28195816  0.35506788]
 [ 0.3820508   0.25396013  0.15674365]
 [ 0.6039545   0.2651536   0.04347196]
 [ 0.2188385   0.07859913  0.46462238]
 [ 0.41871363 -0.12470868  0.4703134 ]
 [ 0.60102046 -0.16853154  0.4698604 ]]
[[ 0.          0.          0.2601065 ]
 [ 0.03929723 -0.07027057  0.32684165]
 [ 0.378628   -0.05213457  0.42705   ]
 [ 0.34998494 -0.3742425   0.1571928 ]
 [ 0.47690558 -0.36820891  0.14086819]
 [-0.03926019  0.07030743  0.1928162 ]
 [ 0.34185418  0.26290363  0.12357487]
 [ 0.24544615 -0.02853407  0.14562455]
 [ 0.35985228 -0.01552622  0.17254817]
 [ 0.06239616  0.15838915  0.36154598]
 [ 0.13576996  0.3270012   0.46805742]
 [ 0.27592382  0.32572573  0.4773776 ]
 [ 0.26524973  0.3843708   0.55377054]
 [ 0.08370376  0.38914466  0.38550892]
 [ 0.18855038  0.39414993  0.14687935]
 [ 0.40099782  0.46139663  0.        ]
 [ 0.1386035   0.21487422  0.52724004]
 [ 0.31721696  0.01020738  0.6295303 ]
 [ 0.43384045 -0.12839162  0.6699208 ]]
[[ 0.          0.          0.25834057]
 [ 0.05028227 -0.06280011  0.32659018]
 [ 0.35959673 -0.02821517  0.41235632]
 [ 0.28578755 -0.38007528  0.16120186]
 [ 0.41232556 -0.3693683   0.14720249]
 [-0.05029545  0.06278542  0.1894474 ]
 [ 0.3093182   0.30634207  0.11933836]
 [ 0.17326942 -0.00235334  0.16281925]
 [ 0.27293822  0.02445243  0.1799956 ]
 [ 0.04368458  0.17159124  0.36099485]
 [ 0.09886272  0.35982317  0.4575886 ]
 [ 0.22946386  0.37228438  0.45364657]
 [ 0.21240209  0.43837854  0.51694024]
 [ 0.01770076  0.42032266  0.3795661 ]
 [ 0.08689182  0.44455713  0.13098204]
 [ 0.30110165  0.5479606   0.        ]
 [ 0.13421907  0.25016725  0.5224171 ]
 [ 0.29966602  0.05224764  0.6254879 ]
 [ 0.42578292 -0.07249135  0.6692368 ]]
[[ 0.          0.          0.26280534]
 [ 0.06729688 -0.05411774  0.32798588]
 [ 0.3429939   0.03127533  0.40168732]
 [ 0.28525105 -0.37142825  0.21001966]
 [ 0.3774624  -0.34487906  0.20449524]
 [-0.06730616  0.05405055  0.19693953]
 [ 0.26191768  0.35761267  0.14550984]
 [ 0.1553524   0.02504694  0.16376375]
 [ 0.24297908  0.07525367  0.19165908]
 [ 0.02930335  0.17742634  0.36128643]
 [ 0.07626639  0.38469973  0.44651744]
 [ 0.19949584  0.40942675  0.41822293]
 [ 0.17912641  0.480832    0.47448426]
 [-0.0392558   0.4419099   0.38027373]
 [-0.02732806  0.4493177   0.12235518]
 [ 0.19108635  0.56727266  0.        ]
 [ 0.15003695  0.28080204  0.5163986 ]
 [ 0.32193992  0.11036298  0.60256153]
 [ 0.4701277   0.03182074  0.6448422 ]]
[[ 0.          0.          0.27668145]
 [ 0.07627167 -0.04818271  0.3394689 ]
 [ 0.35284898  0.0680123   0.37547654]
 [ 0.23924094 -0.33490288  0.19404429]
 [ 0.3299641  -0.30524024  0.19110595]
 [-0.07633482  0.04806257  0.21322143]
 [ 0.23805404  0.37581277  0.13437638]
 [ 0.07355058  0.05184387  0.16114037]
 [ 0.1554928   0.0996941   0.17725708]
 [ 0.01635078  0.18099906  0.3754536 ]
 [ 0.04966146  0.40100902  0.45126528]
 [ 0.16103029  0.436027    0.4111931 ]
 [ 0.13856721  0.50897515  0.46344617]
 [-0.08428991  0.44931358  0.39602485]
 [-0.11706221  0.45219445  0.1348068 ]
 [ 0.07721021  0.59238684  0.        ]
 [ 0.14723599  0.30299684  0.5205286 ]
 [ 0.3268128   0.12932166  0.5643505 ]
 [ 0.49127072  0.08892247  0.5589603 ]]
[[ 0.          0.          0.2844243 ]
 [ 0.08013545 -0.04361217  0.34259868]
 [ 0.36065096  0.09975223  0.3495615 ]
 [ 0.2540262  -0.3048212   0.18656902]
 [ 0.31983393 -0.2627824   0.17936708]
 [-0.08019352  0.04350196  0.22559261]
 [ 0.20970228  0.39178765  0.13067028]
 [ 0.06039796  0.07820937  0.156451  ]
 [ 0.13531879  0.12769571  0.16040665]
 [ 0.0098624   0.177829    0.38516936]
 [ 0.03792675  0.3988162   0.46183792]
 [ 0.14317462  0.43677086  0.42006937]
 [ 0.11692846  0.5083099   0.47216743]
 [-0.10805929  0.44036692  0.41532508]
 [-0.16548932  0.44557416  0.15430412]
 [ 0.00329179  0.5960535   0.        ]
 [ 0.15244438  0.30628496  0.5253817 ]
 [ 0.3286311   0.1302317   0.5252867 ]
 [ 0.49696016  0.10400121  0.48172632]]
[[ 0.          0.          0.30561376]
 [ 0.08452287 -0.04115765  0.36164603]
 [ 0.3876589   0.15200007  0.34038025]
 [ 0.28004166 -0.2507685   0.19290483]
 [ 0.3321437  -0.1964649   0.17662172]
 [-0.08460268  0.04108103  0.24891919]
 [ 0.18973804  0.40364605  0.12525941]
 [ 0.04094859  0.09057572  0.16456962]
 [ 0.11313261  0.13821551  0.16195834]
 [ 0.00857646  0.18555602  0.40992528]
 [ 0.03265087  0.4124306   0.4899373 ]
 [ 0.1331691   0.45341456  0.4483768 ]
 [ 0.10804471  0.5218808   0.49822932]
 [-0.11903048  0.45213914  0.44885114]
 [-0.19317472  0.46148744  0.19051298]
 [-0.06261289  0.59643114  0.        ]
 [ 0.15403466  0.32424623  0.5497837 ]
 [ 0.3289529   0.14742711  0.51085174]
 [ 0.4961815   0.12255509  0.42788875]]
[[ 0.          0.          0.31192544]
 [ 0.08338506 -0.04095738  0.36556798]
 [ 0.4024505   0.162965    0.33428112]
 [ 0.30745608 -0.23872167  0.17839251]
 [ 0.35894588 -0.18415359  0.15471739]
 [-0.08344968  0.04089     0.25766525]
 [ 0.17494437  0.40176636  0.11336181]
 [ 0.02042042  0.09980632  0.15676507]
 [ 0.08791823  0.1396134   0.14929871]
 [ 0.00498164  0.18334132  0.4178093 ]
 [ 0.02484541  0.40345487  0.5033605 ]
 [ 0.1223975   0.4449808   0.46913743]
 [ 0.09436089  0.51028824  0.51754   ]
 [-0.1274175   0.44180626  0.46190965]
 [-0.20917436  0.45220366  0.20569342]
 [-0.10339832  0.58859426  0.        ]
 [ 0.14621888  0.3176111   0.5576037 ]
 [ 0.31742746  0.14114815  0.5048052 ]
 [ 0.48058283  0.11185659  0.3987563 ]]
[[ 0.          0.          0.30322003]
 [ 0.08799969 -0.04028314  0.35638377]
 [ 0.41060355  0.17734405  0.2619959 ]
 [ 0.23538053 -0.2390087   0.17753065]
 [ 0.27476126 -0.18939906  0.12626378]
 [-0.0880679   0.04018899  0.24943505]
 [ 0.14361744  0.40810835  0.05859841]
 [ 0.03215283  0.06631653  0.1622214 ]
 [ 0.09749525  0.10337529  0.12008861]
 [ 0.00945332  0.17471671  0.42149898]
 [ 0.03298301  0.38968295  0.52425134]
 [ 0.12535916  0.430238    0.5034944 ]
 [ 0.09776029  0.49049464  0.5522959 ]
 [-0.11967039  0.42756748  0.48369312]
 [-0.20380506  0.4442239   0.22748539]
 [-0.14201477  0.5603548   0.        ]
 [ 0.15543143  0.30440578  0.57534623]
 [ 0.3074301   0.13651443  0.49395847]
 [ 0.45866194  0.11306867  0.36415938]]
[[ 0.          0.          0.28616095]
 [ 0.09101763 -0.04151077  0.33645484]
 [ 0.41618818  0.19543484  0.22043842]
 [ 0.21268511 -0.22355223  0.16039118]
 [ 0.26751044 -0.17330024  0.10109258]
 [-0.0911001   0.04143328  0.23526831]
 [ 0.12318133  0.40039366  0.01491311]
 [ 0.02079111  0.05013092  0.14052264]
 [ 0.08764494  0.0846439   0.09504527]
 [ 0.01500697  0.16887385  0.41156065]
 [ 0.04061055  0.37667233  0.52577865]
 [ 0.13314487  0.41818756  0.51338106]
 [ 0.10416666  0.47267368  0.5650499 ]
 [-0.11207116  0.415196    0.48468435]
 [-0.20166719  0.4327805   0.23120517]
 [-0.14934069  0.5554993   0.        ]
 [ 0.16078421  0.28913915  0.5736717 ]
 [ 0.29638872  0.11397061  0.48235986]
 [ 0.44336745  0.08662754  0.34499425]]
[[ 0.          0.          0.2905658 ]
 [ 0.09171896 -0.0442066   0.33719712]
 [ 0.41591203  0.21213177  0.21385726]
 [ 0.20903164 -0.21162316  0.16146538]
 [ 0.27822548 -0.16471525  0.08711964]
 [-0.09177549  0.04412179  0.24332693]
 [ 0.10047448  0.3901552   0.        ]
 [ 0.01727837  0.01150273  0.14046915]
 [ 0.07868657  0.04076423  0.08090575]
 [ 0.02364512  0.16455287  0.4241523 ]
 [ 0.0563729   0.36309016  0.5501721 ]
 [ 0.14876123  0.40297705  0.5457075 ]
 [ 0.11717962  0.4539353   0.60093254]
 [-0.09671563  0.40597874  0.50700897]
 [-0.19375506  0.42612773  0.2586439 ]
 [-0.13831931  0.5484903   0.0278624 ]
 [ 0.17126252  0.27076754  0.5920515 ]
 [ 0.28958318  0.08899285  0.4961328 ]
 [ 0.4408732   0.06900608  0.368196  ]]
[[ 0.          0.          0.29993975]
 [ 0.09404448 -0.04546308  0.34403002]
 [ 0.41267738  0.22913317  0.2238453 ]
 [ 0.23148099 -0.18379545  0.17305927]
 [ 0.3023761  -0.12681462  0.09938344]
 [-0.09410769  0.04538825  0.25528982]
 [ 0.0704328   0.390127    0.        ]
 [ 0.01804083  0.00380112  0.1555602 ]
 [ 0.08463722  0.02902691  0.09946722]
 [ 0.03310024  0.15890363  0.44065365]
 [ 0.07498223  0.35168746  0.57740146]
 [ 0.16606455  0.3897859   0.5805894 ]
 [ 0.13254869  0.43373773  0.63743025]
 [-0.07741335  0.40057856  0.5329148 ]
 [-0.18761158  0.4278236   0.2913633 ]
 [-0.11894315  0.565884    0.06823425]
 [ 0.18610746  0.25225842  0.61382914]
 [ 0.2883817   0.0647106   0.51924944]
 [ 0.44746456  0.07257442  0.40571952]]
[[ 0.          0.          0.3196674 ]
 [ 0.09590614 -0.04485495  0.35806552]
 [ 0.402699    0.2516154   0.24893606]
 [ 0.25631207 -0.13070154  0.1566237 ]
 [ 0.34155312 -0.05679469  0.08282626]
 [-0.09593855  0.04478333  0.28076434]
 [ 0.02956235  0.37131003  0.        ]
 [ 0.0026724  -0.00556521  0.15780318]
 [ 0.06723024  0.00933886  0.11039291]
 [ 0.04428472  0.15288809  0.4672668 ]
 [ 0.09548376  0.335493    0.61631215]
 [ 0.18717541  0.3695701   0.63635314]
 [ 0.14823432  0.4037766   0.69655347]
 [-0.05685072  0.3877926   0.5701388 ]
 [-0.17527473  0.41728985  0.33717006]
 [-0.08192831  0.57962716  0.13524005]
 [ 0.20185849  0.23024103  0.6450401 ]
 [ 0.28401327  0.02305445  0.55338186]
 [ 0.45259368  0.05248501  0.45911908]]
[[ 0.0000000e+00  0.0000000e+00  3.3038014e-01]
 [ 9.5489368e-02 -4.4195436e-02  3.6488026e-01]
 [ 3.9091149e-01  2.7789351e-01  2.7516815e-01]
 [ 2.6220512e-01 -4.4210926e-02  1.3667263e-01]
 [ 3.5761881e-01  4.9622551e-02  6.7468047e-02]
 [-9.5517963e-02  4.4132590e-02  2.9539412e-01]
 [-1.1877343e-02  3.4276420e-01  0.0000000e+00]
 [-1.6536137e-02 -6.5904900e-02  1.5430114e-01]
 [ 4.2209707e-02 -6.2514111e-02  1.2383993e-01]
 [ 5.5132031e-02  1.5100348e-01  4.7889009e-01]
 [ 1.1606875e-01  3.2638049e-01  6.3552952e-01]
 [ 2.0955282e-01  3.5677716e-01  6.6862357e-01]
 [ 1.6741444e-01  3.8321728e-01  7.3011315e-01]
 [-3.4359396e-02  3.8054374e-01  5.8433610e-01]
 [-1.5785617e-01  3.9815113e-01  3.5670006e-01]
 [-4.6836138e-02  5.6712776e-01  1.7170396e-01]
 [ 2.1654634e-01  2.1632266e-01  6.5699798e-01]
 [ 2.8336257e-01 -6.8661571e-04  5.6771600e-01]
 [ 4.6518907e-01  4.5683622e-02  4.9118608e-01]]
[[ 0.          0.          0.3359719 ]
 [ 0.09605895 -0.04302402  0.36699003]
 [ 0.37569538  0.30177873  0.29198766]
 [ 0.25674048  0.04414481  0.10654128]
 [ 0.35781407  0.14795536  0.04485625]
 [-0.09606118  0.04293842  0.30449355]
 [-0.06526637  0.30649513  0.        ]
 [-0.0521011  -0.13177359  0.15495108]
 [ 0.01114848 -0.14613524  0.13649914]
 [ 0.06936083  0.1508187   0.48278064]
 [ 0.1415986   0.31955796  0.6433703 ]
 [ 0.23657353  0.34118512  0.6931236 ]
 [ 0.18904625  0.3581305   0.7524481 ]
 [-0.00630638  0.37200564  0.58770883]
 [-0.12963122  0.37262398  0.36092696]
 [ 0.00324617  0.5408677   0.19427085]
 [ 0.23705697  0.20681882  0.6565915 ]
 [ 0.28630483 -0.02346766  0.5729631 ]
 [ 0.47718805  0.0230267   0.5075446 ]]
[[ 0.          0.          0.33268782]
 [ 0.09592155 -0.0432043   0.36039445]
 [ 0.36435816  0.31415233  0.29223064]
 [ 0.24115217  0.1198782   0.08205518]
 [ 0.34922165  0.22824101  0.02708301]
 [-0.09590092  0.04310662  0.30455363]
 [-0.09915119  0.27980363  0.        ]
 [-0.07035738 -0.16986363  0.14182423]
 [-0.00850388 -0.19237599  0.14370686]
 [ 0.07707198  0.15178648  0.47567442]
 [ 0.15600845  0.3175451   0.63737285]
 [ 0.25351447  0.33143547  0.6973643 ]
 [ 0.20223495  0.34812516  0.75631475]
 [ 0.010702    0.36998338  0.57743335]
 [-0.11127123  0.35420573  0.35179988]
 [ 0.04051983  0.5246897   0.19837674]
 [ 0.24782982  0.20313483  0.6457694 ]
 [ 0.28924358 -0.02964172  0.5641166 ]
 [ 0.48807415  0.02534682  0.5089586 ]]
