[[ 0.          0.          0.6568483 ]
 [ 0.02910786 -0.08768164  0.63673764]
 [-0.22611393 -0.07480118  0.28533056]
 [-0.66173273 -0.13701874  0.43965444]
 [-0.78061104 -0.06920819  0.4111985 ]
 [-0.0290509   0.08736298  0.6762062 ]
 [ 0.3100224   0.21596289  0.43409935]
 [ 0.38248974  0.24901006  0.03654212]
 [ 0.5328858   0.27188808  0.        ]
 [ 0.05727834  0.0527657   0.87062347]
 [ 0.11414964  0.07781488  1.0977528 ]
 [ 0.2228432   0.11043078  1.1230446 ]
 [ 0.2169261   0.08333915  1.2454737 ]
 [ 0.00801001  0.15347993  1.0485194 ]
 [-0.23279256  0.22270578  0.97298896]
 [-0.25301355  0.25410897  0.7399804 ]
 [ 0.19638683 -0.033521    1.0954862 ]
 [ 0.2757299  -0.09026352  0.8634696 ]
 [ 0.32883954  0.08839864  0.9996973 ]]
[[ 0.          0.          0.7082399 ]
 [ 0.04029081 -0.08692086  0.6907127 ]
 [-0.14014485 -0.04690388  0.3086654 ]
 [-0.58865356 -0.14068776  0.5519092 ]
 [-0.7255473  -0.06767653  0.5692777 ]
 [-0.04023352  0.08666304  0.7252126 ]
 [ 0.27278656  0.2537511   0.437145  ]
 [ 0.29460013  0.26005542  0.04741037]
 [ 0.44289672  0.2839249   0.        ]
 [ 0.06114009  0.06393057  0.9189397 ]
 [ 0.12641329  0.10571662  1.1435386 ]
 [ 0.23050025  0.14093721  1.1778378 ]
 [ 0.21766019  0.11379892  1.2986867 ]
 [ 0.01829444  0.18602034  1.0897156 ]
 [-0.17830843  0.27100304  0.96265113]
 [-0.11567995  0.26272684  0.7500831 ]
 [ 0.20673195 -0.01320639  1.1436014 ]
 [ 0.226464   -0.11900499  0.94110835]
 [ 0.32467467  0.09543419  0.932175  ]]
[[ 0.0000000e+00  0.0000000e+00  7.1058095e-01]
 [ 4.8089638e-02 -9.1446996e-02  6.9353312e-01]
 [ 3.5471097e-04 -5.9763312e-02  2.9575548e-01]
 [-4.4966206e-01 -1.6594386e-01  5.8723712e-01]
 [-5.9203696e-01 -8.6576968e-02  6.1374354e-01]
 [-4.7979794e-02  9.1255002e-02  7.2728151e-01]
 [ 2.2076748e-01  3.1084991e-01  4.1338310e-01]
 [ 1.4966387e-01  2.9451463e-01  6.3426673e-02]
 [ 2.9345259e-01  3.2775319e-01  0.0000000e+00]
 [ 7.3108941e-02  7.4674547e-02  9.1659486e-01]
 [ 1.5737921e-01  1.4078245e-01  1.1390326e+00]
 [ 2.5927746e-01  1.8082523e-01  1.1822723e+00]
 [ 2.4698679e-01  1.5631479e-01  1.3023654e+00]
 [ 5.2407771e-02  2.3648483e-01  1.0871551e+00]
 [-4.5082718e-02  3.4025413e-01  9.0052164e-01]
 [ 1.2442681e-01  3.3057338e-01  7.9534733e-01]
 [ 2.3501626e-01  1.5237868e-02  1.1275067e+00]
 [ 1.9215208e-01 -1.3155432e-01  9.0769243e-01]
 [ 2.9404631e-01  6.6116758e-02  7.8044033e-01]]
[[ 0.          0.          0.67639995]
 [ 0.04563455 -0.10166426  0.6603437 ]
 [ 0.10935873 -0.1072706   0.2804707 ]
 [-0.34135067 -0.19821173  0.54672647]
 [-0.47272503 -0.11918154  0.5459764 ]
 [-0.04549038  0.10154634  0.69219434]
 [ 0.17734224  0.35855722  0.3649423 ]
 [ 0.03206813  0.33123773  0.07456535]
 [ 0.17306256  0.37552273  0.        ]
 [ 0.0825891   0.07283716  0.8776083 ]
 [ 0.17638072  0.13679028  1.0982747 ]
 [ 0.27869666  0.17486405  1.1498199 ]
 [ 0.27068627  0.15090162  1.26758   ]
 [ 0.07679396  0.25134766  1.0525198 ]
 [ 0.07206736  0.345758    0.8295574 ]
 [ 0.24363925  0.25702187  0.8225089 ]
 [ 0.25055334  0.00143459  1.0789742 ]
 [ 0.18148372 -0.14111486  0.8439573 ]
 [ 0.27299854  0.03409936  0.6730744 ]]
[[ 0.          0.          0.60484004]
 [ 0.04224291 -0.1127831   0.59240305]
 [ 0.35390204  0.04065791  0.4146119 ]
 [ 0.02164576 -0.06862417  0.24595094]
 [ 0.12609982 -0.06498492  0.08393347]
 [-0.04217062  0.11296877  0.61709845]
 [-0.0732305   0.34942377  0.28974688]
 [-0.39625412  0.29774824  0.11895341]
 [-0.3340227   0.36029857  0.        ]
 [ 0.07200836  0.05366355  0.81145144]
 [ 0.13748862  0.07683676  1.0413241 ]
 [ 0.24749169  0.08915812  1.0959799 ]
 [ 0.22972669  0.05345619  1.2069342 ]
 [ 0.08636923  0.2165514   1.0156356 ]
 [ 0.30244517  0.28397518  0.8639827 ]
 [ 0.3652863   0.15828562  1.0331225 ]
 [ 0.17478377 -0.0701533   1.0122399 ]
 [ 0.09021825 -0.19293997  0.78373694]
 [ 0.16023296 -0.06676335  0.5963791 ]]
[[ 0.          0.          0.6183855 ]
 [ 0.03601666 -0.11328837  0.61431396]
 [ 0.38772112  0.04264778  0.46939746]
 [ 0.21287373 -0.02053642  0.11373192]
 [ 0.37776607  0.00132793  0.        ]
 [-0.03594934  0.11346108  0.6225006 ]
 [-0.139836    0.31958553  0.33136636]
 [-0.526181    0.28245756  0.20958242]
 [-0.5243337   0.32613876  0.06894153]
 [ 0.06166125  0.02103406  0.82795906]
 [ 0.11873047  0.01786011  1.0645186 ]
 [ 0.23315698  0.0193134   1.1138093 ]
 [ 0.2090967  -0.01340568  1.2195508 ]
 [ 0.08755863  0.16922456  1.0394416 ]
 [ 0.33679417  0.2188094   0.92690384]
 [ 0.3769604   0.11570442  1.1233804 ]
 [ 0.13686755 -0.12112772  1.0330584 ]
 [ 0.03457226 -0.20563306  0.80380607]
 [ 0.11769329 -0.13672689  0.5773576 ]]
[[ 0.          0.          0.6173861 ]
 [ 0.03868721 -0.11057253  0.6116071 ]
 [ 0.38772792  0.09189692  0.4361612 ]
 [ 0.41928595  0.16047078  0.04250002]
 [ 0.59897417  0.2008932   0.        ]
 [-0.03866565  0.11071308  0.6234396 ]
 [-0.16574672  0.21659037  0.28514993]
 [-0.5867857   0.08756386  0.36973336]
 [-0.6556612   0.13583735  0.2787786 ]
 [ 0.07169946  0.01194976  0.8256622 ]
 [ 0.13418601 -0.00128052  1.0624186 ]
 [ 0.24568735 -0.01078397  1.111547  ]
 [ 0.22682393 -0.03399587  1.2183855 ]
 [ 0.10787522  0.1445539   1.0343864 ]
 [ 0.33515167  0.20566136  0.88895637]
 [ 0.42491785  0.10509366  1.067339  ]
 [ 0.15198119 -0.13533723  1.0264447 ]
 [ 0.04725373 -0.23347126  0.85185355]
 [ 0.0927245  -0.18136945  0.6823142 ]]
[[ 0.0000000e+00  0.0000000e+00  6.2561178e-01]
 [ 3.6196448e-02 -1.0884816e-01  6.1796784e-01]
 [ 3.5754496e-01  1.1628243e-01  3.9608395e-01]
 [ 4.1981035e-01  2.6753187e-01  2.5659561e-02]
 [ 6.0634482e-01  3.1967130e-01  0.0000000e+00]
 [-3.6155052e-02  1.0887424e-01  6.3356179e-01]
 [-1.3209341e-01  1.0986072e-01  2.4597818e-01]
 [-5.3583032e-01 -1.0786444e-01  4.3605733e-01]
 [-6.5669274e-01 -6.9297597e-02  4.2128327e-01]
 [ 8.8252380e-02  1.8076360e-02  8.2929909e-01]
 [ 1.6261823e-01  1.1955798e-03  1.0620676e+00]
 [ 2.6712102e-01 -1.2373656e-02  1.1164906e+00]
 [ 2.4406195e-01 -2.9213786e-02  1.2247635e+00]
 [ 1.2869102e-01  1.3907981e-01  1.0276761e+00]
 [ 2.7418154e-01  2.3624191e-01  8.2710683e-01]
 [ 4.1592318e-01  1.1292392e-01  9.1949731e-01]
 [ 1.8102238e-01 -1.2689725e-01  1.0243390e+00]
 [ 9.0910703e-02 -2.1650116e-01  8.0587298e-01]
 [ 1.5779856e-01 -1.4161608e-01  6.4529884e-01]]
[[ 0.0000000e+00  0.0000000e+00  6.4787233e-01]
 [ 3.0961677e-02 -1.1265437e-01  6.3739157e-01]
 [ 3.2263541e-01  1.4444987e-01  3.8937747e-01]
 [ 2.9742026e-01  3.1454507e-01  3.6880255e-02]
 [ 4.8782569e-01  3.6465722e-01  0.0000000e+00]
 [-3.0923665e-02  1.1261223e-01  6.5868157e-01]
 [-4.7635667e-02  6.1582923e-02  2.5315142e-01]
 [-4.7099006e-01 -2.1068829e-01  4.7454467e-01]
 [-6.1242169e-01 -1.9138363e-01  4.9131280e-01]
 [ 9.7502559e-02  2.0021975e-02  8.4553051e-01]
 [ 1.8031906e-01 -7.5480342e-04  1.0758371e+00]
 [ 2.8268939e-01 -1.2521774e-02  1.1366949e+00]
 [ 2.5496358e-01 -3.1239092e-02  1.2459919e+00]
 [ 1.3392945e-01  1.3193408e-01  1.0348632e+00]
 [ 1.8726762e-01  2.4320400e-01  7.9979467e-01]
 [ 3.4489024e-01  1.3767302e-01  7.8284788e-01]
 [ 1.9887827e-01 -1.3243476e-01  1.0378058e+00]
 [ 1.2395111e-01 -2.2933504e-01  8.0542332e-01]
 [ 2.0208618e-01 -1.2849241e-01  6.2241942e-01]]
[[ 0.          0.          0.6542928 ]
 [ 0.02264925 -0.11522982  0.6402038 ]
 [ 0.25924578  0.16150375  0.34788975]
 [ 0.15564378  0.35775977  0.04788232]
 [ 0.34723523  0.39450443  0.        ]
 [-0.02261357  0.11514921  0.6686566 ]
 [ 0.05400296  0.04102048  0.26843607]
 [-0.39150804 -0.2135576   0.47305402]
 [-0.52867943 -0.18861398  0.4845628 ]
 [ 0.10813373  0.03044441  0.8478092 ]
 [ 0.1989493   0.01624098  1.0753438 ]
 [ 0.30202997  0.00634047  1.144035  ]
 [ 0.2687465  -0.01908612  1.251898  ]
 [ 0.14815053  0.1432066   1.028289  ]
 [ 0.114677    0.24140045  0.7837149 ]
 [ 0.255117    0.18412912  0.6701873 ]
 [ 0.214216   -0.12096936  1.0370772 ]
 [ 0.15048888 -0.24893838  0.8065175 ]
 [ 0.24029297 -0.11690299  0.6255195 ]]
[[ 0.          0.          0.6170673 ]
 [ 0.00540165 -0.11370258  0.5992771 ]
 [ 0.04422042  0.15004598  0.26799786]
 [-0.1740748   0.40974265  0.09165967]
 [-0.01168281  0.4678259   0.        ]
 [-0.0054092   0.11355052  0.6345071 ]
 [ 0.30710495  0.02111304  0.36945546]
 [-0.1120285  -0.04509592  0.31656724]
 [-0.12486778  0.01803428  0.19063628]
 [ 0.09060483 -0.00512107  0.8172556 ]
 [ 0.17688654 -0.02956063  1.0550908 ]
 [ 0.2848844  -0.04949307  1.1340873 ]
 [ 0.24462247 -0.08100402  1.2337155 ]
 [ 0.12304761  0.09492204  1.0080174 ]
 [-0.04967849  0.22585464  0.853109  ]
 [-0.06145009  0.25819784  0.6049399 ]
 [ 0.20072737 -0.16518304  1.0216311 ]
 [ 0.23382974 -0.29835102  0.77973366]
 [ 0.28511012 -0.10558146  0.9126051 ]]
[[ 0.00000000e+00  0.00000000e+00  5.58048129e-01]
 [-2.24300474e-03 -1.11207344e-01  5.37701964e-01]
 [-1.06638059e-01  1.20321035e-01  2.49465168e-01]
 [-3.75094175e-01  3.58640224e-01  1.46822482e-01]
 [-3.01661909e-01  4.28048402e-01  1.56686306e-02]
 [ 2.17565149e-03  1.11005746e-01  5.77675104e-01]
 [ 3.64687443e-01  2.91163325e-02  4.10391062e-01]
 [ 7.43553787e-02  2.96009779e-02  1.33006454e-01]
 [ 1.81641519e-01  5.46089411e-02  0.00000000e+00]
 [ 7.82952532e-02 -1.03785098e-03  7.68086910e-01]
 [ 1.52852088e-01 -2.15261877e-02  1.01391804e+00]
 [ 2.61537492e-01 -3.14942598e-02  1.09275961e+00]
 [ 2.21661150e-01 -7.03881383e-02  1.19122458e+00]
 [ 8.89929533e-02  9.72339213e-02  9.67245221e-01]
 [-1.38520658e-01  2.26221800e-01  8.67145061e-01]
 [-1.85441941e-01  2.70161390e-01  6.18113935e-01]
 [ 1.88540056e-01 -1.53083324e-01  9.83052969e-01]
 [ 2.67423838e-01 -2.66611725e-01  7.95040071e-01]
 [ 2.67183810e-01 -1.10436708e-01  9.80800629e-01]]
[[ 0.          0.          0.65336025]
 [ 0.00947006 -0.10672425  0.63341403]
 [-0.16852015  0.07546651  0.3241009 ]
 [-0.5409639   0.21948808  0.36774623]
 [-0.562224    0.31118172  0.26552233]
 [-0.00952617  0.10642594  0.67238736]
 [ 0.34479856  0.07694063  0.49358478]
 [ 0.25602493  0.05629253  0.08152175]
 [ 0.4137348   0.08587199  0.        ]
 [ 0.07023324  0.0188337   0.8693172 ]
 [ 0.13692528  0.00948644  1.1135879 ]
 [ 0.24629694  0.01600409  1.1833926 ]
 [ 0.20989788 -0.02717537  1.2853638 ]
 [ 0.05260976  0.11421892  1.0689578 ]
 [-0.2006846   0.23741806  0.99458826]
 [-0.23184222  0.27245033  0.7474017 ]
 [ 0.18983705 -0.117028    1.092861  ]
 [ 0.30613518 -0.19519787  0.9197563 ]
 [ 0.30103913 -0.02329472  1.091624  ]]
[[ 0.          0.          0.70408833]
 [ 0.02791951 -0.09736102  0.68621486]
 [-0.1530424   0.04829267  0.35271174]
 [-0.5582967   0.07112437  0.53901446]
 [-0.6381958   0.17490897  0.5033055 ]
 [-0.02790938  0.09699178  0.72111976]
 [ 0.30030707  0.1499204   0.46832114]
 [ 0.30661133  0.1054014   0.04538548]
 [ 0.46949458  0.14723057  0.        ]
 [ 0.06182906  0.03660497  0.9203024 ]
 [ 0.12397638  0.04818839  1.1584249 ]
 [ 0.23048067  0.06239271  1.2122253 ]
 [ 0.20054647  0.02436757  1.3212292 ]
 [ 0.0300421   0.14641368  1.1086868 ]
 [-0.19022694  0.27407753  1.0058024 ]
 [-0.14778888  0.29589832  0.7784781 ]
 [ 0.18901658 -0.07652849  1.1474952 ]
 [ 0.27383795 -0.1748767   0.92424357]
 [ 0.3254182   0.03082034  1.0355892 ]]
[[ 0.00000000e+00  0.00000000e+00  7.56337881e-01]
 [ 3.60104069e-02 -9.34364349e-02  7.39433944e-01]
 [-8.14077035e-02  4.15317416e-02  3.84216130e-01]
 [-4.92699444e-01  2.13980675e-04  6.60416663e-01]
 [-5.94100595e-01  1.07119925e-01  6.79743469e-01]
 [-3.59662101e-02  9.31052417e-02  7.72607028e-01]
 [ 2.62615860e-01  1.92167014e-01  4.67664748e-01]
 [ 2.23357052e-01  1.16177201e-01  5.19517064e-02]
 [ 3.81507784e-01  1.61533058e-01  0.00000000e+00]
 [ 6.51275963e-02  5.29129952e-02  9.68330622e-01]
 [ 1.35306209e-01  8.28700364e-02  1.20168638e+00]
 [ 2.41576731e-01  9.14892554e-02  1.25995851e+00]
 [ 2.07225189e-01  5.69186807e-02  1.36703575e+00]
 [ 4.06673253e-02  1.79299116e-01  1.14813554e+00]
 [-1.26895010e-01  3.07162225e-01  9.88100469e-01]
 [-2.63702869e-03  2.85773218e-01  8.10828328e-01]
 [ 1.99023411e-01 -4.48974669e-02  1.18864822e+00]
 [ 2.31115043e-01 -1.69801295e-01  9.44251359e-01]
 [ 3.35372716e-01  3.39268446e-02  9.61122215e-01]]
[[ 0.          0.          0.7666639 ]
 [ 0.04290706 -0.09593913  0.74832374]
 [ 0.0495717   0.00735781  0.38129908]
 [-0.37989128 -0.07886678  0.68435836]
 [-0.5029195   0.02490889  0.7213221 ]
 [-0.04286454  0.09570729  0.7846452 ]
 [ 0.20844546  0.25677928  0.4563588 ]
 [ 0.08662731  0.17219651  0.07157242]
 [ 0.2381211   0.21201235  0.        ]
 [ 0.07513864  0.06519166  0.97529435]
 [ 0.1595475   0.11214697  1.206242  ]
 [ 0.26681858  0.1251548   1.2728789 ]
 [ 0.23183465  0.09786373  1.3793119 ]
 [ 0.06559647  0.22141623  1.1505004 ]
 [ 0.00149181  0.350107    0.93820935]
 [ 0.1995128   0.30872506  0.87278706]
 [ 0.22200254 -0.02179736  1.1873223 ]
 [ 0.18899263 -0.16937605  0.94355315]
 [ 0.30484724  0.00601284  0.8304063 ]]
[[ 0.          0.          0.71681476]
 [ 0.03933986 -0.11039618  0.69669974]
 [ 0.17659864 -0.05306295  0.3571789 ]
 [-0.27531964 -0.1365782   0.5918559 ]
 [-0.39306653 -0.02872817  0.56608045]
 [-0.03916829  0.110261    0.7366691 ]
 [ 0.15555431  0.3355344   0.4013524 ]
 [-0.04709128  0.26675403  0.08429462]
 [ 0.10346393  0.3147664   0.        ]
 [ 0.08106887  0.06145622  0.924175  ]
 [ 0.1673233   0.10444087  1.1569138 ]
 [ 0.27027124  0.11798537  1.2291033 ]
 [ 0.23582402  0.09260654  1.3353689 ]
 [ 0.0849432   0.23309529  1.1073145 ]
 [ 0.12579755  0.34396505  0.871467  ]
 [ 0.29464555  0.21626681  0.91702855]
 [ 0.22650519 -0.036553    1.130465  ]
 [ 0.15701093 -0.16616017  0.8791696 ]
 [ 0.26514706 -0.00912204  0.71515775]]
[[ 0.          0.          0.6469568 ]
 [ 0.03382926 -0.11738491  0.6397689 ]
 [ 0.3377058   0.00271878  0.42834103]
 [ 0.00688412 -0.14083505  0.2334871 ]
 [ 0.11649328 -0.1445362   0.06750363]
 [-0.03379307  0.11749253  0.6540864 ]
 [-0.11180222  0.29173148  0.33140957]
 [-0.46591896  0.25948232  0.12968451]
 [-0.40321094  0.3067869   0.        ]
 [ 0.06536996  0.03825884  0.86023307]
 [ 0.11767343  0.04635432  1.1054068 ]
 [ 0.22607508  0.05556607  1.1758465 ]
 [ 0.1852291   0.02668446  1.2807097 ]
 [ 0.07906083  0.18803951  1.0608387 ]
 [ 0.30681866  0.23602653  0.88749135]
 [ 0.33586213  0.11738515  1.0840294 ]
 [ 0.14329506 -0.10308278  1.0745113 ]
 [ 0.0293868  -0.20135805  0.8408231 ]
 [ 0.07157873 -0.10780403  0.7093216 ]]
[[ 0.          0.          0.6559681 ]
 [ 0.0298724  -0.11612064  0.65504533]
 [ 0.36026287  0.00230803  0.46439663]
 [ 0.21778077 -0.07852155  0.09722775]
 [ 0.37939405 -0.05963713  0.        ]
 [-0.02986053  0.11620612  0.6571525 ]
 [-0.19100678  0.240801    0.35924065]
 [-0.6194586   0.20845462  0.26871556]
 [-0.6393852   0.24019372  0.1338948 ]
 [ 0.05898105  0.01282139  0.87128687]
 [ 0.10571375  0.00425237  1.1200039 ]
 [ 0.21107888  0.01326156  1.1865153 ]
 [ 0.16961735 -0.01558971  1.2882717 ]
 [ 0.08363435  0.15116408  1.0736225 ]
 [ 0.33809507  0.17270961  0.9436354 ]
 [ 0.36984926  0.08927453  1.1600955 ]
 [ 0.11860141 -0.13734332  1.0946239 ]
 [-0.01835268 -0.21726751  0.89247566]
 [ 0.03487608 -0.15494871  0.72410786]]
[[ 0.          0.          0.65053594]
 [ 0.03533912 -0.11328245  0.650214  ]
 [ 0.3566954   0.04878628  0.4331357 ]
 [ 0.39841855  0.10365421  0.0353564 ]
 [ 0.5739392   0.14510298  0.        ]
 [-0.03533235  0.1133414   0.6512446 ]
 [-0.21404776  0.13819322  0.3063481 ]
 [-0.658868    0.02076897  0.3913777 ]
 [-0.7377711   0.06761234  0.32553864]
 [ 0.06883861  0.01051076  0.8624272 ]
 [ 0.12305242 -0.00325108  1.1065202 ]
 [ 0.21973874  0.00175935  1.17705   ]
 [ 0.18473639 -0.02768767  1.2750318 ]
 [ 0.09841482  0.14043164  1.062546  ]
 [ 0.3113373   0.18018146  0.89679337]
 [ 0.39849806  0.08141661  1.0663974 ]
 [ 0.1405958  -0.13473842  1.0753723 ]
 [ 0.00334167 -0.19033529  0.8670248 ]
 [ 0.03873669 -0.14417332  0.71924037]]
[[ 0.          0.          0.657476  ]
 [ 0.03239839 -0.11011495  0.6545552 ]
 [ 0.3317088   0.08219084  0.40329748]
 [ 0.39008364  0.19443563  0.01603681]
 [ 0.5801409   0.23855782  0.        ]
 [-0.0323775   0.11012366  0.660831  ]
 [-0.16383731  0.0764015   0.28325894]
 [-0.58280694 -0.13013476  0.45892638]
 [-0.7061975  -0.08913082  0.47974324]
 [ 0.07829553  0.01469634  0.8659965 ]
 [ 0.13760357 -0.00360858  1.1086909 ]
 [ 0.22648275 -0.00883836  1.1809024 ]
 [ 0.18895304 -0.03741831  1.2766409 ]
 [ 0.11053676  0.13093454  1.0631561 ]
 [ 0.25458074  0.20630789  0.8465675 ]
 [ 0.39558905  0.09466828  0.9317688 ]
 [ 0.15230408 -0.12960917  1.0745115 ]
 [ 0.04614107 -0.1908107   0.83868384]
 [ 0.11048192 -0.13458213  0.67551565]]
[[ 0.          0.          0.68145114]
 [ 0.02606174 -0.11297522  0.67411023]
 [ 0.29313952  0.10834599  0.39910278]
 [ 0.25751296  0.2470623   0.03067988]
 [ 0.4540885   0.2830671   0.        ]
 [-0.02603468  0.11289568  0.6892543 ]
 [-0.05631621  0.05223367  0.2906149 ]
 [-0.48946846 -0.20727128  0.508569  ]
 [-0.6379601  -0.16685279  0.5479731 ]
 [ 0.08895115  0.01636386  0.88508964]
 [ 0.15846139 -0.00361085  1.1241589 ]
 [ 0.24767104 -0.01074436  1.2012653 ]
 [ 0.20589206 -0.03788847  1.2978485 ]
 [ 0.12326007  0.1257315   1.0742894 ]
 [ 0.18668497  0.2263489   0.8289266 ]
 [ 0.33521393  0.12098631  0.80289876]
 [ 0.16979264 -0.1354549   1.0918243 ]
 [ 0.06791039 -0.24354431  0.8630941 ]
 [ 0.15783799 -0.15750194  0.691497  ]]
[[ 0.          0.          0.6864698 ]
 [ 0.01290117 -0.11425133  0.67711943]
 [ 0.22454822  0.13048527  0.3620652 ]
 [ 0.0953881   0.31619483  0.04806519]
 [ 0.29065388  0.35010877  0.        ]
 [-0.0128992   0.11414775  0.6961644 ]
 [ 0.06922141  0.03382927  0.30141857]
 [-0.3921646  -0.1928173   0.50268954]
 [-0.53960407 -0.1402362   0.5108304 ]
 [ 0.09841794  0.02257493  0.8873918 ]
 [ 0.17547578  0.00666061  1.1250241 ]
 [ 0.26941705 -0.00179121  1.2080731 ]
 [ 0.22053072 -0.03296787  1.3038989 ]
 [ 0.13361548  0.13393512  1.0647581 ]
 [ 0.13012396  0.25488934  0.82520986]
 [ 0.26782817  0.23185226  0.70295566]
 [ 0.18518844 -0.13329849  1.0981157 ]
 [ 0.09619066 -0.2732921   0.8911958 ]
 [ 0.19089511 -0.19387259  0.75249267]]
[[ 0.00000000e+00  0.00000000e+00  6.12406850e-01]
 [-1.13759562e-03 -1.09822258e-01  5.98903179e-01]
 [-3.87188867e-02  1.15691066e-01  2.56574333e-01]
 [-2.78356403e-01  3.60952556e-01  9.50191021e-02]
 [-1.52297825e-01  4.18674141e-01  0.00000000e+00]
 [ 1.13580003e-03  1.09605961e-01  6.25371873e-01]
 [ 3.28334808e-01  1.33500248e-02  3.75324696e-01]
 [-4.45381701e-02  2.66760588e-04  2.47502029e-01]
 [-4.42868657e-02  7.41273761e-02  1.21726304e-01]
 [ 7.98992291e-02  2.23356485e-03  8.20424795e-01]
 [ 1.56966493e-01 -6.03270531e-03  1.06490195e+00]
 [ 2.58071601e-01 -1.25498772e-02  1.14840913e+00]
 [ 2.08438784e-01 -4.16101217e-02  1.24783337e+00]
 [ 1.01757631e-01  1.13963842e-01  1.00933075e+00]
 [-7.98012167e-02  2.64791906e-01  8.66131544e-01]
 [-5.24847209e-02  2.93209732e-01  6.10481501e-01]
 [ 1.89337671e-01 -1.40298218e-01  1.03890026e+00]
 [ 2.11076856e-01 -2.90218711e-01  8.07679236e-01]
 [ 2.84533143e-01 -1.07777685e-01  9.25197303e-01]]
[[ 0.00000000e+00  0.00000000e+00  6.16521716e-01]
 [-9.73660499e-04 -1.09245911e-01  5.95903397e-01]
 [-1.40275538e-01  1.13877654e-01  2.99330860e-01]
 [-4.64893699e-01  3.18400860e-01  2.32918143e-01]
 [-4.41717505e-01  4.04898942e-01  1.19312942e-01]
 [ 9.14674252e-04  1.08966373e-01  6.36306286e-01]
 [ 3.60928088e-01  2.68165767e-02  4.51902390e-01]
 [ 1.50656581e-01  8.59862566e-03  1.00883722e-01]
 [ 2.88323879e-01  3.12685370e-02  0.00000000e+00]
 [ 6.72501251e-02  8.09906423e-03  8.31986606e-01]
 [ 1.34808138e-01  6.78777695e-04  1.07885814e+00]
 [ 2.43202940e-01  5.49119711e-03  1.15060282e+00]
 [ 2.02441499e-01 -2.55028605e-02  1.25673831e+00]
 [ 6.78021163e-02  1.16413772e-01  1.02889395e+00]
 [-1.66186035e-01  2.61163026e-01  9.37793493e-01]
 [-1.62031084e-01  2.95269549e-01  6.86114669e-01]
 [ 1.78084567e-01 -1.31993204e-01  1.05882585e+00]
 [ 2.74280667e-01 -2.46044025e-01  8.64584327e-01]
 [ 2.94882238e-01 -6.81913793e-02  1.03148270e+00]]
[[ 0.          0.          0.6917662 ]
 [ 0.01514659 -0.10391856  0.66986525]
 [-0.14402248  0.09195879  0.3498674 ]
 [-0.5534295   0.17784265  0.4345209 ]
 [-0.6059305   0.28392312  0.3629817 ]
 [-0.01514884  0.10357549  0.71276003]
 [ 0.33133525  0.10042989  0.47267067]
 [ 0.2862461   0.06582797  0.05376273]
 [ 0.452587    0.0939554   0.        ]
 [ 0.06054872  0.02690716  0.90923685]
 [ 0.12127174  0.03862044  1.1513269 ]
 [ 0.22878729  0.05092919  1.214757  ]
 [ 0.19216886  0.0167039   1.3229485 ]
 [ 0.03525878  0.14091259  1.0979974 ]
 [-0.18942669  0.26995188  0.9996606 ]
 [-0.15502158  0.30191225  0.7643299 ]
 [ 0.1821751  -0.09169555  1.1391519 ]
 [ 0.2851179  -0.18282977  0.9238401 ]
 [ 0.3209438   0.0134905   1.0679978 ]]
[[ 0.          0.          0.7355842 ]
 [ 0.02736902 -0.09890243  0.7168373 ]
 [-0.10111074  0.08025891  0.37774417]
 [-0.50732815  0.10313386  0.58936465]
 [-0.5958047   0.22347794  0.57122886]
 [-0.02732942  0.0985401   0.75358117]
 [ 0.289408    0.16224475  0.46820036]
 [ 0.25627166  0.09582382  0.05321419]
 [ 0.41627032  0.13570732  0.        ]
 [ 0.05638228  0.04093531  0.9521297 ]
 [ 0.11758976  0.06634617  1.1893955 ]
 [ 0.22378998  0.07396409  1.251613  ]
 [ 0.1853568   0.03912854  1.3581862 ]
 [ 0.02616512  0.16515589  1.1321695 ]
 [-0.16050166  0.2956623   0.99599713]
 [-0.05403504  0.29963803  0.79203266]
 [ 0.18221235 -0.06497869  1.1798626 ]
 [ 0.24334759 -0.17755198  0.9386906 ]
 [ 0.34229183  0.02826861  1.0081084 ]]
[[ 0.          0.          0.76750535]
 [ 0.03385025 -0.102626    0.7487797 ]
 [ 0.03297697  0.02906743  0.38970467]
 [-0.38035104 -0.02094283  0.6541307 ]
 [-0.498477    0.10360991  0.6670886 ]
 [-0.03379818  0.10235516  0.7858182 ]
 [ 0.22991914  0.23128235  0.457196  ]
 [ 0.08634579  0.13427317  0.07660407]
 [ 0.24258159  0.1709674   0.        ]
 [ 0.06654585  0.06365331  0.97916746]
 [ 0.14026113  0.1074951   1.2148463 ]
 [ 0.24545203  0.11467692  1.286622  ]
 [ 0.2020472   0.08608127  1.3883872 ]
 [ 0.05339598  0.21802992  1.1526442 ]
 [-0.01870772  0.35912958  0.9503833 ]
 [ 0.20148613  0.31994674  0.86598253]
 [ 0.19730861 -0.03144988  1.2005209 ]
 [ 0.17741826 -0.18616673  0.9576834 ]
 [ 0.3216849  -0.01988636  0.86190486]]
[[ 0.          0.          0.7165109 ]
 [ 0.0299454  -0.11627025  0.69740975]
 [ 0.18415147 -0.08216023  0.3492737 ]
 [-0.29266497 -0.15631184  0.5597278 ]
 [-0.3874818  -0.06498998  0.521969  ]
 [-0.02980605  0.11615041  0.73541206]
 [ 0.16413242  0.3207991   0.39170346]
 [-0.0604247   0.2612266   0.09236008]
 [ 0.08726767  0.31209016  0.        ]
 [ 0.07979603  0.06355295  0.922261  ]
 [ 0.16148227  0.1087203   1.1557364 ]
 [ 0.26505274  0.11770064  1.2343252 ]
 [ 0.21469301  0.09564078  1.3342049 ]
 [ 0.09162372  0.23935974  1.0963255 ]
 [ 0.14924741  0.34325087  0.8609128 ]
 [ 0.31838354  0.21956044  0.91088307]
 [ 0.2127487  -0.0375621   1.1344109 ]
 [ 0.14234547 -0.17810673  0.8917664 ]
 [ 0.2642045  -0.05016992  0.71111333]]
[[ 0.          0.          0.66682535]
 [ 0.03186929 -0.11937417  0.6572424 ]
 [ 0.34310892 -0.04497927  0.430273  ]
 [-0.0455538  -0.17568114  0.27340576]
 [ 0.03435528 -0.18584049  0.12370735]
 [-0.03177696  0.11944946  0.6764252 ]
 [-0.08377242  0.31179324  0.32386386]
 [-0.42894626  0.27595767  0.13272905]
 [-0.360391    0.3282813   0.        ]
 [ 0.07050106  0.0468733   0.8761004 ]
 [ 0.1299581   0.06831723  1.12008   ]
 [ 0.23021546  0.08237392  1.1962805 ]
 [ 0.18777958  0.04656368  1.2972002 ]
 [ 0.09287542  0.20793104  1.0672472 ]
 [ 0.3014286   0.2708015   0.8901012 ]
 [ 0.37179506  0.13901234  1.0675316 ]
 [ 0.15669845 -0.08314657  1.0943354 ]
 [ 0.04872088 -0.20003182  0.8705168 ]
 [ 0.10273477 -0.12020844  0.6724946 ]]
[[ 0.          0.          0.6595411 ]
 [ 0.01906037 -0.11759327  0.6545485 ]
 [ 0.3659348  -0.03763163  0.47272605]
 [ 0.16926023 -0.1278609   0.09725887]
 [ 0.33133847 -0.12450516  0.        ]
 [-0.01900845  0.1176938   0.6648429 ]
 [-0.17902741  0.27541688  0.3523701 ]
 [-0.5940776   0.27328897  0.25161505]
 [-0.6143648   0.3144853   0.0910297 ]
 [ 0.05484117  0.02664044  0.8711114 ]
 [ 0.0974692   0.02883428  1.1194046 ]
 [ 0.1998946   0.03185099  1.1924261 ]
 [ 0.15866758  0.00590998  1.2944124 ]
 [ 0.09031805  0.17084208  1.0650928 ]
 [ 0.3330518   0.19618115  0.91756177]
 [ 0.36466116  0.1095649   1.1299436 ]
 [ 0.09545493 -0.11291909  1.0910311 ]
 [-0.02818571 -0.21016636  0.88514686]
 [ 0.00920272 -0.18125618  0.6877513 ]]
[[ 0.          0.          0.6584469 ]
 [ 0.023495   -0.11430985  0.6581073 ]
 [ 0.3603812   0.02253704  0.4361451 ]
 [ 0.39375108  0.06470823  0.03496677]
 [ 0.57311046  0.1009075   0.        ]
 [-0.02345976  0.11436991  0.65929586]
 [-0.20708963  0.13584091  0.3053742 ]
 [-0.6573857   0.01896867  0.39325723]
 [-0.754248    0.08344737  0.31898907]
 [ 0.06382434  0.01396054  0.87096536]
 [ 0.11191969  0.0024403   1.1173074 ]
 [ 0.20895982 -0.00845939  1.1942236 ]
 [ 0.1690751  -0.02656364  1.2935007 ]
 [ 0.10581027  0.1401856   1.063958  ]
 [ 0.300705    0.18627495  0.8788949 ]
 [ 0.38810825  0.08163467  1.0447423 ]
 [ 0.11155172 -0.12871537  1.0890795 ]
 [-0.01267892 -0.19069433  0.8910514 ]
 [ 0.00852985 -0.17346087  0.7012542 ]]
[[ 0.          0.          0.6762302 ]
 [ 0.02653775 -0.11242579  0.67509246]
 [ 0.32231635  0.07147045  0.4186631 ]
 [ 0.35651672  0.1605311   0.02538103]
 [ 0.55031747  0.20047164  0.        ]
 [-0.02648999  0.11240806  0.6778494 ]
 [-0.1507013   0.06834364  0.29139087]
 [-0.59368515 -0.13719049  0.46626353]
 [-0.7324956  -0.08371133  0.467727  ]
 [ 0.07418054  0.0208759   0.8860403 ]
 [ 0.12958628  0.0051457   1.1306525 ]
 [ 0.22306761 -0.01078749  1.205744  ]
 [ 0.1798613  -0.03037918  1.3022963 ]
 [ 0.11353238  0.13842767  1.0774623 ]
 [ 0.24251628  0.21573797  0.8561379 ]
 [ 0.3940884   0.12607205  0.9105036 ]
 [ 0.12827945 -0.12448174  1.100342  ]
 [-0.0016733  -0.18736477  0.86538345]
 [ 0.08847064 -0.14414278  0.7033052 ]]
[[ 0.          0.          0.6887336 ]
 [ 0.01767349 -0.11658643  0.6860969 ]
 [ 0.268462    0.09718382  0.40072167]
 [ 0.18537782  0.23634142  0.03836405]
 [ 0.39100158  0.26119953  0.        ]
 [-0.01763134  0.11648629  0.69185245]
 [-0.01048288  0.03614435  0.29681748]
 [-0.47405964 -0.22477281  0.5128112 ]
 [-0.63419545 -0.16398537  0.53238577]
 [ 0.08208992  0.02119958  0.8946241 ]
 [ 0.14471593  0.0057247   1.1377006 ]
 [ 0.24065815 -0.01270184  1.2152551 ]
 [ 0.19430222 -0.03131497  1.3144779 ]
 [ 0.12343557  0.1347537   1.0779583 ]
 [ 0.17377816  0.2223452   0.8320138 ]
 [ 0.29724985  0.1865786   0.7317753 ]
 [ 0.13986465 -0.12992156  1.1116523 ]
 [ 0.04854505 -0.24498998  0.8847275 ]
 [ 0.16564606 -0.17282301  0.7070398 ]]
[[ 0.00000000e+00  0.00000000e+00  6.75916314e-01]
 [-3.18627805e-04 -1.20135158e-01  6.69852436e-01]
 [ 1.44038409e-01  1.12416059e-01  3.36713552e-01]
 [-3.21871489e-02  3.31588030e-01  6.54723644e-02]
 [ 1.56650573e-01  3.79716665e-01  0.00000000e+00]
 [ 2.81047076e-04  1.20026425e-01  6.82147503e-01]
 [ 1.80031776e-01 -8.23333859e-03  3.27046543e-01]
 [-2.90369838e-01 -1.46228254e-01  4.54265445e-01]
 [-3.86347651e-01 -9.31851119e-02  3.84645462e-01]
 [ 8.48624557e-02  2.20106095e-02  8.83293450e-01]
 [ 1.52058214e-01  1.17541552e-02  1.12726998e+00]
 [ 2.53758460e-01 -4.76449728e-03  1.21090531e+00]
 [ 1.95163012e-01 -2.47098207e-02  1.30945492e+00]
 [ 1.26847595e-01  1.43682271e-01  1.06074309e+00]
 [ 1.09360211e-01  2.74858356e-01  8.35672200e-01]
 [ 2.08627522e-01  3.36412102e-01  6.37894213e-01]
 [ 1.46880865e-01 -1.32215083e-01  1.10413027e+00]
 [ 8.29036534e-02 -3.08295101e-01  9.07963097e-01]
 [ 2.20122814e-01 -1.90072626e-01  7.88313627e-01]]
[[ 0.00000000e+00  0.00000000e+00  5.91531634e-01]
 [-1.34291146e-02 -1.12863310e-01  5.73369205e-01]
 [-9.88833830e-02  8.99231732e-02  2.52208829e-01]
 [-3.79339516e-01  3.27905416e-01  1.20357186e-01]
 [-2.94276655e-01  3.85512859e-01  0.00000000e+00]
 [ 1.33418329e-02  1.12642251e-01  6.09038174e-01]
 [ 3.62746418e-01  1.13277137e-03  4.07809794e-01]
 [ 1.48489848e-02  1.51140690e-02  1.99678123e-01]
 [ 1.10422768e-01  4.19277549e-02  7.08884001e-02]
 [ 7.04534426e-02  5.78054786e-03  8.06595683e-01]
 [ 1.39072835e-01  2.52884626e-03  1.05556583e+00]
 [ 2.37357795e-01  1.21003389e-03  1.13683820e+00]
 [ 1.86844110e-01 -1.87835097e-02  1.24313188e+00]
 [ 9.15650055e-02  1.21535063e-01  9.95629191e-01]
 [-8.74661803e-02  2.63561934e-01  8.42367172e-01]
 [-7.20936805e-02  2.93632984e-01  5.90613127e-01]
 [ 1.66536465e-01 -1.33052081e-01  1.02814913e+00]
 [ 1.95832133e-01 -2.89588839e-01  7.99064219e-01]
 [ 2.80637562e-01 -1.12977803e-01  9.18732047e-01]]
[[ 0.          0.          0.61802995]
 [-0.0081963  -0.10530576  0.5988846 ]
 [-0.16146079  0.08453119  0.2934554 ]
 [-0.50372994  0.28386837  0.28788447]
 [-0.5274762   0.37914145  0.17335251]
 [ 0.00815972  0.10501464  0.63631237]
 [ 0.37268245  0.02934447  0.4656667 ]
 [ 0.23615187  0.03077626  0.08046657]
 [ 0.40426603  0.03580034  0.        ]
 [ 0.06161575  0.01758468  0.83591235]
 [ 0.1226892   0.0210723   1.0842794 ]
 [ 0.22580786  0.02475935  1.1588204 ]
 [ 0.1768167   0.001481    1.2642556 ]
 [ 0.06060992  0.12934631  1.0287247 ]
 [-0.15675655  0.27055144  0.92180526]
 [-0.13803472  0.29944924  0.682742  ]
 [ 0.16307971 -0.10950699  1.0660292 ]
 [ 0.25899345 -0.23341689  0.8553351 ]
 [ 0.3018495  -0.05119807  1.0064249 ]]
[[ 0.          0.          0.65797275]
 [ 0.00659992 -0.10059562  0.6414306 ]
 [-0.15883252  0.05638632  0.31535336]
 [-0.54963756  0.152782    0.44499654]
 [-0.6285177   0.26520765  0.38270366]
 [-0.00659585  0.10024243  0.6736417 ]
 [ 0.3354704   0.07920912  0.44512463]
 [ 0.335565    0.05023611  0.03594375]
 [ 0.5111404   0.06430119  0.        ]
 [ 0.05544171  0.02802697  0.8771392 ]
 [ 0.10920472  0.03872871  1.1217467 ]
 [ 0.21062459  0.04278785  1.1917496 ]
 [ 0.16923127  0.02008915  1.3019161 ]
 [ 0.03651701  0.13981265  1.0647811 ]
 [-0.1711387   0.2750398   0.9505472 ]
 [-0.11231831  0.29879397  0.7261497 ]
 [ 0.15813583 -0.0888941   1.1048837 ]
 [ 0.25725073 -0.20095885  0.87974536]
 [ 0.32522714 -0.00462621  0.99422896]]
[[ 0.          0.          0.7296798 ]
 [ 0.0211327  -0.09766656  0.7168799 ]
 [-0.08491708  0.05079338  0.3718084 ]
 [-0.4895899   0.05718354  0.59114313]
 [-0.6039951   0.18278596  0.5875925 ]
 [-0.02108638  0.0973013   0.7417922 ]
 [ 0.2933535   0.13032466  0.4484445 ]
 [ 0.27008367  0.0429697   0.04678226]
 [ 0.437787    0.07210183  0.        ]
 [ 0.05401446  0.04112078  0.9479064 ]
 [ 0.10725915  0.05943039  1.1896635 ]
 [ 0.20743608  0.05649704  1.2655342 ]
 [ 0.15927383  0.03406745  1.371258  ]
 [ 0.03181437  0.16017467  1.1277016 ]
 [-0.1337016   0.3001412   0.97399175]
 [ 0.00692603  0.31108353  0.7988477 ]
 [ 0.15829071 -0.06994119  1.1728555 ]
 [ 0.21047595 -0.19857313  0.9315779 ]
 [ 0.33637872 -0.00783233  0.95883423]]
[[ 0.          0.          0.7619276 ]
 [ 0.02903665 -0.09970384  0.7487776 ]
 [ 0.04119367  0.00161776  0.39598086]
 [-0.37568393 -0.06580904  0.64645404]
 [-0.5117041   0.0586583   0.6776134 ]
 [-0.02897233  0.0994251   0.7746974 ]
 [ 0.24014226  0.2152575   0.4345672 ]
 [ 0.1267483   0.10862058  0.08809149]
 [ 0.2902381   0.14700067  0.        ]
 [ 0.06567632  0.05717063  0.9757515 ]
 [ 0.13366592  0.08830255  1.2150023 ]
 [ 0.23237872  0.08353561  1.2988544 ]
 [ 0.18244636  0.06719804  1.3997009 ]
 [ 0.05984392  0.20014611  1.1483734 ]
 [-0.01852603  0.34054688  0.94078887]
 [ 0.2008725   0.30370387  0.86777425]
 [ 0.17938066 -0.04882452  1.1972679 ]
 [ 0.16133231 -0.20381872  0.9531069 ]
 [ 0.31792802 -0.06560645  0.83492833]]
[[ 0.          0.          0.69304913]
 [ 0.0228365  -0.12177236  0.6800735 ]
 [ 0.24141857 -0.09910503  0.36805713]
 [-0.23802933 -0.16200069  0.4907346 ]
 [-0.29664692 -0.09186572  0.41131103]
 [-0.02270941  0.12174044  0.7058756 ]
 [ 0.13429937  0.33266476  0.36029875]
 [-0.12805054  0.29496258  0.1017372 ]
 [ 0.01801331  0.3411566   0.        ]
 [ 0.07509385  0.06730665  0.89828485]
 [ 0.14450844  0.10673362  1.1374369 ]
 [ 0.24683243  0.09080523  1.2280942 ]
 [ 0.18655042  0.07688993  1.3237382 ]
 [ 0.09608327  0.2403697   1.0702114 ]
 [ 0.19183224  0.33421594  0.8402834 ]
 [ 0.35408086  0.23166513  0.9239382 ]
 [ 0.17441767 -0.04530534  1.1161627 ]
 [ 0.0980778  -0.16784859  0.8657992 ]
 [ 0.23143686 -0.06507234  0.7003546 ]]
[[ 0.          0.          0.6432384 ]
 [ 0.0214925  -0.1213318   0.6388753 ]
 [ 0.3496918  -0.06590447  0.43250924]
 [-0.01043463 -0.16931671  0.22144619]
 [ 0.10088402 -0.18973821  0.07090437]
 [-0.02147845  0.12145461  0.6476989 ]
 [-0.11650229  0.2684056   0.3138148 ]
 [-0.48715872  0.25773913  0.13238245]
 [-0.4363879   0.29048118  0.        ]
 [ 0.05921098  0.04506731  0.85756034]
 [ 0.10658026  0.06211275  1.1074001 ]
 [ 0.20372364  0.05934554  1.1943752 ]
 [ 0.14613187  0.02993006  1.287204  ]
 [ 0.08760111  0.20404303  1.0534354 ]
 [ 0.3009678   0.24851198  0.8658546 ]
 [ 0.34780473  0.12243995  1.04387   ]
 [ 0.11060184 -0.09303385  1.0823    ]
 [-0.02326836 -0.22981153  0.91498303]
 [ 0.00626722 -0.16767803  0.7470541 ]]
[[ 0.          0.          0.6478479 ]
 [ 0.0163699  -0.11927054  0.64720315]
 [ 0.36959094 -0.04466213  0.4642734 ]
 [ 0.2330454  -0.11580855  0.08067083]
 [ 0.4252736  -0.11341137  0.        ]
 [-0.01637632  0.1193758   0.6488983 ]
 [-0.19744459  0.21899775  0.32040897]
 [-0.64154315  0.20306426  0.26976362]
 [-0.68645823  0.23738965  0.1549659 ]
 [ 0.04613885  0.02691989  0.86123025]
 [ 0.07686281  0.02513742  1.1113878 ]
 [ 0.17375734  0.01570594  1.1962448 ]
 [ 0.11718617 -0.01157397  1.2850697 ]
 [ 0.07927886  0.17006451  1.0599045 ]
 [ 0.31494397  0.19410768  0.89367986]
 [ 0.3718805   0.10136583  1.101995  ]
 [ 0.0673174  -0.11749247  1.0823655 ]
 [-0.10229231 -0.21294692  0.9530586 ]
 [-0.06076305 -0.1545563   0.7799442 ]]
[[ 0.          0.          0.6242354 ]
 [ 0.01973515 -0.11490461  0.62177706]
 [ 0.35517323  0.0172478   0.41449693]
 [ 0.40912282  0.06767082  0.02557337]
 [ 0.59677196  0.09350014  0.        ]
 [-0.01973958  0.11497802  0.6272085 ]
 [-0.18823934  0.13765183  0.2767348 ]
 [-0.653092    0.01415162  0.3811022 ]
 [-0.7616644   0.07925625  0.32805783]
 [ 0.05357226  0.01800989  0.8382861 ]
 [ 0.09053384  0.00760207  1.0863436 ]
 [ 0.18640873 -0.01277232  1.1695044 ]
 [ 0.13887353 -0.02311176  1.2655244 ]
 [ 0.09115726  0.14579976  1.0325196 ]
 [ 0.28478777  0.19006014  0.8440082 ]
 [ 0.38867468  0.08391643  0.9817996 ]
 [ 0.08422974 -0.12684876  1.0545896 ]
 [-0.03097967 -0.20301576  0.85743475]
 [ 0.02092355 -0.16754416  0.7048087 ]]
[[ 0.          0.          0.6421269 ]
 [ 0.02086163 -0.11185218  0.64059186]
 [ 0.33421874  0.07069786  0.40681654]
 [ 0.3680359   0.1711446   0.02642554]
 [ 0.5587395   0.21441627  0.        ]
 [-0.02084256  0.11184601  0.6441555 ]
 [-0.13930269  0.0750556   0.27090102]
 [-0.5922312  -0.12899442  0.4420879 ]
 [-0.73581326 -0.07427584  0.4459949 ]
 [ 0.06262347  0.02355877  0.85350895]
 [ 0.10590947  0.01156837  1.1001592 ]
 [ 0.20224163 -0.01588511  1.1846554 ]
 [ 0.15003017 -0.02393657  1.2790129 ]
 [ 0.10101656  0.14577213  1.0449905 ]
 [ 0.23060451  0.22260275  0.81923354]
 [ 0.38873607  0.12795448  0.8647249 ]
 [ 0.09737267 -0.12266073  1.0671704 ]
 [-0.00662557 -0.20376746  0.8341892 ]
 [ 0.08414471 -0.1547971   0.68823445]]
[[ 0.00000000e+00  0.00000000e+00  6.61891818e-01]
 [ 9.50251147e-03 -1.19140141e-01  6.58757508e-01]
 [ 2.80061752e-01  8.72990489e-02  3.89316648e-01]
 [ 2.15224653e-01  2.36670941e-01  3.66233587e-02]
 [ 4.21187967e-01  2.67473936e-01  0.00000000e+00]
 [-9.46094468e-03  1.19059868e-01  6.65497601e-01]
 [-9.27439891e-04  5.74572384e-02  2.78578073e-01]
 [-4.72052693e-01 -1.81148589e-01  4.87278223e-01]
 [-6.32372260e-01 -1.22168720e-01  4.92279738e-01]
 [ 6.93507567e-02  2.35751718e-02  8.70362699e-01]
 [ 1.19396284e-01  1.08045042e-02  1.11555231e+00]
 [ 2.19773307e-01 -2.22609639e-02  1.19975865e+00]
 [ 1.64566636e-01 -2.83027291e-02  1.29482317e+00]
 [ 1.13337815e-01  1.45048976e-01  1.05458653e+00]
 [ 1.75138697e-01  2.49651268e-01  8.09459925e-01]
 [ 3.16673219e-01  1.83425725e-01  7.37810791e-01]
 [ 1.03657097e-01 -1.31981760e-01  1.08741879e+00]
 [ 1.59555376e-02 -2.52573460e-01  8.58611226e-01]
 [ 1.52494609e-01 -1.93396702e-01  6.94616079e-01]]
[[ 0.0000000e+00  0.0000000e+00  6.3476956e-01]
 [-9.0762191e-03 -1.2154208e-01  6.2447941e-01]
 [ 1.3089691e-01  1.1205232e-01  3.0576333e-01]
 [-5.3328127e-02  3.5199714e-01  6.5362930e-02]
 [ 1.2877049e-01  4.0048429e-01  0.0000000e+00]
 [ 9.0859868e-03  1.2141949e-01  6.4513940e-01]
 [ 2.4039803e-01  2.4897397e-02  3.1233943e-01]
 [-2.2453520e-01 -6.3604310e-02  4.0971720e-01]
 [-3.0795157e-01 -1.0623038e-03  3.1966788e-01]
 [ 6.8670489e-02  1.8917978e-02  8.4630042e-01]
 [ 1.2618618e-01  1.8489659e-02  1.0918764e+00]
 [ 2.2879273e-01 -1.1665702e-02  1.1820465e+00]
 [ 1.6386321e-01 -2.1096408e-02  1.2776015e+00]
 [ 1.1329469e-01  1.5120226e-01  1.0252709e+00]
 [ 7.2537005e-02  2.9832983e-01  8.0222148e-01]
 [ 1.8473138e-01  3.4754694e-01  6.0813427e-01]
 [ 1.1468975e-01 -1.2886116e-01  1.0680428e+00]
 [ 8.4038764e-02 -3.0109921e-01  8.5601974e-01]
 [ 2.5178853e-01 -1.7919901e-01  7.6836246e-01]]
[[ 0.          0.          0.5637581 ]
 [-0.02449717 -0.10931726  0.5463365 ]
 [-0.11420178  0.07921773  0.22316283]
 [-0.40431604  0.32527077  0.1291906 ]
 [-0.34151876  0.38616362  0.        ]
 [ 0.02440197  0.10911173  0.5804729 ]
 [ 0.38162434  0.00691137  0.375032  ]
 [ 0.08553159  0.03927284  0.13627994]
 [ 0.21021646  0.05321747  0.00618702]
 [ 0.05448046  0.00567947  0.77800477]
 [ 0.10808457  0.00781649  1.0277035 ]
 [ 0.20383844 -0.00804889  1.1128458 ]
 [ 0.15265864 -0.0240922   1.2147088 ]
 [ 0.07587545  0.12633881  0.9660006 ]
 [-0.10805684  0.2799063   0.82480586]
 [-0.06615642  0.29163498  0.57947755]
 [ 0.12563264 -0.13058722  1.0043783 ]
 [ 0.1756249  -0.30683035  0.7898681 ]
 [ 0.29806322 -0.13651462  0.8762045 ]]
[[ 0.          0.          0.6166734 ]
 [-0.01455629 -0.10338227  0.6014667 ]
 [-0.15135306  0.06829393  0.2748741 ]
 [-0.50207186  0.28049138  0.29043338]
 [-0.5391254   0.37765986  0.18367326]
 [ 0.01451243  0.10311519  0.63098925]
 [ 0.3943052   0.05169232  0.44057614]
 [ 0.30034572  0.0552761   0.07329994]
 [ 0.47783196  0.05515754  0.        ]
 [ 0.05679067  0.02971621  0.83005023]
 [ 0.10853073  0.0413422   1.0756912 ]
 [ 0.20763016  0.03637159  1.1577675 ]
 [ 0.15476446  0.01381332  1.2558622 ]
 [ 0.05318549  0.15116864  1.0190412 ]
 [-0.15580207  0.28973377  0.90904343]
 [-0.09741712  0.28444257  0.668313  ]
 [ 0.14384902 -0.09431887  1.0574303 ]
 [ 0.22535902 -0.25513825  0.85347074]
 [ 0.3298743  -0.06832665  0.9537549 ]]
[[ 0.          0.          0.65203345]
 [ 0.00238293 -0.09848823  0.6371708 ]
 [-0.12854367  0.05164385  0.30105707]
 [-0.5090241   0.18663774  0.4511721 ]
 [-0.6003487   0.30501664  0.4013691 ]
 [-0.00237013  0.09816445  0.66609174]
 [ 0.35999215  0.10377979  0.42512655]
 [ 0.35814482  0.05450135  0.04420757]
 [ 0.5352147   0.06668252  0.        ]
 [ 0.05274057  0.03890093  0.868719  ]
 [ 0.09870668  0.05397531  1.1128192 ]
 [ 0.19538796  0.05017358  1.1946586 ]
 [ 0.14237386  0.02688104  1.2930689 ]
 [ 0.03348759  0.1579136   1.0526669 ]
 [-0.14960709  0.29947078  0.92331934]
 [-0.03203155  0.28456965  0.7128533 ]
 [ 0.14223729 -0.07703099  1.0960498 ]
 [ 0.21832466 -0.2317292   0.8835183 ]
 [ 0.345786   -0.04399371  0.9391897 ]]
[[ 0.          0.          0.6943277 ]
 [ 0.01494477 -0.09855568  0.68245256]
 [-0.0354716   0.04916883  0.33538693]
 [-0.42132908  0.10510844  0.57373625]
 [-0.5379623   0.2441185   0.57016283]
 [-0.0149167   0.09821801  0.7056395 ]
 [ 0.31441718  0.14094302  0.42126128]
 [ 0.25858018  0.05797863  0.04745209]
 [ 0.42875913  0.07704669  0.        ]
 [ 0.04752393  0.04143122  0.9128052 ]
 [ 0.09417196  0.06581151  1.1564181 ]
 [ 0.18945989  0.05495209  1.2411764 ]
 [ 0.12973712  0.03942817  1.336893  ]
 [ 0.0306255   0.17122126  1.0926129 ]
 [-0.09376937  0.31480575  0.9147608 ]
 [ 0.0968001   0.29439083  0.7860817 ]
 [ 0.13415481 -0.06846413  1.1402282 ]
 [ 0.16990778 -0.23439401  0.91748625]
 [ 0.33198443 -0.07257287  0.8880193 ]]
[[ 0.          0.          0.698689  ]
 [ 0.01975691 -0.11354166  0.68964463]
 [ 0.11347766 -0.05020887  0.32539204]
 [-0.3229572  -0.0568753   0.58547807]
 [-0.44351882  0.06811413  0.577099  ]
 [-0.01967698  0.11333381  0.70747024]
 [ 0.25936097  0.22864994  0.3846297 ]
 [ 0.081383    0.19225934  0.07721412]
 [ 0.25237036  0.21414733  0.        ]
 [ 0.06139925  0.06274664  0.91137445]
 [ 0.12335838  0.09987709  1.1513251 ]
 [ 0.21951693  0.08313793  1.2400776 ]
 [ 0.16323291  0.07692409  1.3357868 ]
 [ 0.07063946  0.22540689  1.0796233 ]
 [ 0.07598274  0.35058838  0.8596842 ]
 [ 0.25357303  0.22245711  0.8480064 ]
 [ 0.15497506 -0.04567695  1.1358933 ]
 [ 0.1262922  -0.2107008   0.8992994 ]
 [ 0.30284375 -0.09252554  0.7697716 ]]
[[ 0.          0.          0.6591182 ]
 [ 0.01990316 -0.12086063  0.65278894]
 [ 0.28383687 -0.12841403  0.37430248]
 [-0.19465029 -0.19186234  0.4303316 ]
 [-0.24046552 -0.13866648  0.34919152]
 [-0.0197918   0.1208877   0.6653871 ]
 [ 0.10169448  0.32628593  0.3006577 ]
 [-0.20644343  0.3463601   0.1113652 ]
 [-0.06980002  0.38910213  0.        ]
 [ 0.06056955  0.07750739  0.86463356]
 [ 0.11361109  0.12894067  1.1058707 ]
 [ 0.20874184  0.09663528  1.198056  ]
 [ 0.15114145  0.08636916  1.2874367 ]
 [ 0.09205134  0.25855982  1.0335066 ]
 [ 0.22927618  0.31218484  0.81615824]
 [ 0.34414068  0.17921971  0.95326805]
 [ 0.1244739  -0.02601752  1.090565  ]
 [ 0.06704433 -0.15702376  0.8413663 ]
 [ 0.212185   -0.06935845  0.692476  ]]
[[ 0.          0.          0.595926  ]
 [ 0.01627494 -0.12338071  0.593988  ]
 [ 0.3729666  -0.07969502  0.42790228]
 [ 0.1064772  -0.18863177  0.13533077]
 [ 0.26510245 -0.2024082   0.02682418]
 [-0.01627257  0.12352704  0.59820545]
 [-0.13804692  0.2707834   0.24747598]
 [-0.52808475  0.31304353  0.13404548]
 [-0.5259771   0.35525614  0.        ]
 [ 0.02689515  0.04399264  0.80820686]
 [ 0.03859063  0.06093797  1.0585418 ]
 [ 0.13529149  0.03851551  1.1430137 ]
 [ 0.0795835   0.02128607  1.2377267 ]
 [ 0.05318671  0.20145485  0.99498475]
 [ 0.28156656  0.23311347  0.8291566 ]
 [ 0.32952845  0.14310837  1.0178484 ]
 [ 0.01740895 -0.08707091  1.0374576 ]
 [-0.1144567  -0.21203326  0.8875896 ]
 [-0.06895585 -0.1761347   0.72723746]]
[[ 0.          0.          0.5755038 ]
 [ 0.01048066 -0.11819749  0.5764067 ]
 [ 0.35868233 -0.09126671  0.42011243]
 [ 0.29331556 -0.16738766  0.04547828]
 [ 0.48252285 -0.17587501  0.        ]
 [-0.01048688  0.11832237  0.57514054]
 [-0.17782217  0.21648812  0.2381768 ]
 [-0.6052034   0.24777329  0.20425773]
 [-0.6641471   0.28985316  0.09844738]
 [ 0.0187767   0.0434026   0.7863139 ]
 [ 0.02249714  0.05718237  1.035342  ]
 [ 0.11842492  0.02794933  1.1179868 ]
 [ 0.06083969  0.02159166  1.213958  ]
 [ 0.05111065  0.18845451  0.97167313]
 [ 0.27718106  0.21495575  0.8134362 ]
 [ 0.33685264  0.13693386  0.9836581 ]
 [-0.01178162 -0.07474434  1.0132821 ]
 [-0.20781948 -0.19393301  0.9403821 ]
 [-0.15178081 -0.17699178  0.7909478 ]]
[[ 0.          0.          0.5534141 ]
 [ 0.00851761 -0.11709141  0.5545347 ]
 [ 0.3552243  -0.05011123  0.36966687]
 [ 0.42154765 -0.06977665  0.        ]
 [ 0.60248774 -0.07418239  0.00314617]
 [-0.0085068   0.11717653  0.5529011 ]
 [-0.16042069  0.16691045  0.18570715]
 [-0.6008979   0.14200135  0.26332486]
 [-0.7068839   0.20795104  0.19514376]
 [ 0.01931813  0.04020998  0.76566315]
 [ 0.02382615  0.05251184  1.0128013 ]
 [ 0.12579262  0.01707095  1.0937893 ]
 [ 0.07068662  0.02037716  1.1935375 ]
 [ 0.05358375  0.17620993  0.94655895]
 [ 0.24591564  0.21736804  0.76113987]
 [ 0.3615262   0.1425918   0.8820389 ]
 [-0.0096105  -0.07338092  0.990682  ]
 [-0.17814255 -0.17049696  0.8836297 ]
 [-0.11934248 -0.15475088  0.72433966]]
[[ 0.          0.          0.5572672 ]
 [ 0.00602522 -0.12398287  0.5575685 ]
 [ 0.35415518  0.02458026  0.3404323 ]
 [ 0.44607133  0.13230497  0.        ]
 [ 0.6480012   0.1435687   0.01568723]
 [-0.00601916  0.12397647  0.5575281 ]
 [-0.05518405  0.11489058  0.16334143]
 [-0.5070155  -0.00843637  0.32250252]
 [-0.6563481   0.06333289  0.30757985]
 [ 0.03758476  0.03952101  0.76697886]
 [ 0.05744732  0.0445123   1.0132776 ]
 [ 0.15557823  0.00916624  1.102776  ]
 [ 0.09264974  0.01632649  1.1993656 ]
 [ 0.07317871  0.17667559  0.94822586]
 [ 0.19654779  0.27023637  0.7246945 ]
 [ 0.37046915  0.18369283  0.74440974]
 [ 0.03211486 -0.09304821  0.98492825]
 [-0.07197288 -0.1871143   0.7755294 ]
 [-0.00950849 -0.14567053  0.623047  ]]
[[ 0.0000000e+00  0.0000000e+00  5.9889430e-01]
 [-6.8018585e-04 -1.2752673e-01  6.0236239e-01]
 [ 3.3001345e-01  4.5827404e-02  3.5444957e-01]
 [ 3.1645098e-01  1.9924763e-01  2.2675812e-02]
 [ 5.1866645e-01  2.2678316e-01  0.0000000e+00]
 [ 7.3101372e-04  1.2750830e-01  5.9587890e-01]
 [ 7.6285437e-02  6.8347901e-02  1.9988096e-01]
 [-4.0282193e-01 -6.7483649e-02  3.5921693e-01]
 [-5.5159301e-01  5.0626397e-03  3.1479719e-01]
 [ 4.6037659e-02  4.0014863e-02  8.0620694e-01]
 [ 7.1458563e-02  4.3205947e-02  1.0518095e+00]
 [ 1.6848391e-01  7.0068836e-03  1.1476109e+00]
 [ 9.8094910e-02  1.3650656e-02  1.2401597e+00]
 [ 8.3433628e-02  1.7935759e-01  9.8404980e-01]
 [ 1.6009843e-01  3.0623907e-01  7.5052828e-01]
 [ 3.2963550e-01  2.5718033e-01  6.6031480e-01]
 [ 4.4510037e-02 -1.0409421e-01  1.0231516e+00]
 [-4.4593628e-02 -2.2118433e-01  7.9322445e-01]
 [ 8.2089022e-02 -1.6094309e-01  6.4926916e-01]]
[[ 0.0000000e+00  0.0000000e+00  5.9111875e-01]
 [-2.3681970e-02 -1.1869421e-01  5.8215684e-01]
 [ 2.0857921e-01  5.4970920e-02  2.8820008e-01]
 [ 2.2570789e-04  2.9411304e-01  6.4693391e-02]
 [ 1.5253377e-01  3.4888524e-01  0.0000000e+00]
 [ 2.3731230e-02  1.1865532e-01  6.0006082e-01]
 [ 3.1531572e-01  3.7208736e-02  3.0484810e-01]
 [-8.4983431e-02  7.2382435e-02  2.7884209e-01]
 [-1.1274952e-01  1.3795820e-01  1.5122050e-01]
 [ 3.4864757e-02  2.9832199e-02  8.0168140e-01]
 [ 6.4774230e-02  4.9828172e-02  1.0488658e+00]
 [ 1.5885013e-01  2.1737635e-02  1.1436343e+00]
 [ 8.4044814e-02  1.8947482e-02  1.2356095e+00]
 [ 6.8956643e-02  1.7724466e-01  9.7226685e-01]
 [ 7.8231685e-02  3.4662354e-01  7.7240199e-01]
 [ 1.7168793e-01  3.5505700e-01  5.5124509e-01]
 [ 3.9905474e-02 -9.8806411e-02  1.0275096e+00]
 [-4.4402555e-03 -2.6946560e-01  8.1842721e-01]
 [ 1.8154715e-01 -1.9314098e-01  7.1786970e-01]]
[[ 0.          0.          0.56758606]
 [-0.02988815 -0.11126165  0.55360526]
 [-0.02382705  0.05639932  0.20916867]
 [-0.35233015  0.320171    0.13599402]
 [-0.28885376  0.38718915  0.02137649]
 [ 0.02972675  0.11109793  0.58093935]
 [ 0.41486153 -0.00350273  0.3818467 ]
 [ 0.19517466  0.01998684  0.09265688]
 [ 0.33663434  0.01904553  0.        ]
 [ 0.0267432   0.02083682  0.7758992 ]
 [ 0.05676517  0.05190173  1.0229619 ]
 [ 0.14505017  0.04331428  1.1094403 ]
 [ 0.0768811   0.04407543  1.2095438 ]
 [ 0.03153438  0.16873428  0.9509464 ]
 [-0.13894448  0.318619    0.8148596 ]
 [-0.11027023  0.33106583  0.5708598 ]
 [ 0.06902657 -0.09497136  1.008456  ]
 [ 0.1050173  -0.2965463   0.82221365]
 [ 0.26919106 -0.14656103  0.8613812 ]]
[[ 0.          0.          0.5727553 ]
 [-0.01574644 -0.0966199   0.56549436]
 [-0.13501823  0.06352696  0.24520794]
 [-0.500771    0.2740634   0.22826064]
 [-0.53228664  0.37260404  0.12531596]
 [ 0.01558737  0.09640315  0.5791461 ]
 [ 0.38106874  0.03054264  0.3726225 ]
 [ 0.42157173 -0.01680976  0.02689606]
 [ 0.60434145 -0.02717799  0.        ]
 [ 0.01254776  0.04211687  0.7770067 ]
 [ 0.02150792  0.08534351  1.016005  ]
 [ 0.09645725  0.098088    1.1033704 ]
 [ 0.0304643   0.08711785  1.1962445 ]
 [-0.02933172  0.18599725  0.9418379 ]
 [-0.22559786  0.33314148  0.85703367]
 [-0.18863994  0.34918988  0.6327347 ]
 [ 0.06007031 -0.0503501   1.0124838 ]
 [ 0.13831732 -0.24130177  0.85120493]
 [ 0.2253758  -0.05243176  0.93168736]]
[[ 0.          0.          0.5790432 ]
 [-0.0121482  -0.09095499  0.5738976 ]
 [-0.14478144  0.05271962  0.2513341 ]
 [-0.5168893   0.24696606  0.27331924]
 [-0.5778688   0.35724396  0.18369591]
 [ 0.01200068  0.0907217   0.5833399 ]
 [ 0.36058334  0.04500245  0.3578995 ]
 [ 0.44810253 -0.00810033  0.02460194]
 [ 0.63164556 -0.02037692  0.        ]
 [ 0.00998542  0.04984613  0.7829199 ]
 [ 0.01151374  0.09294873  1.0169313 ]
 [ 0.08235739  0.10968745  1.1094902 ]
 [ 0.01180281  0.092426    1.1963654 ]
 [-0.04311718  0.18759972  0.9392482 ]
 [-0.23230964  0.330934    0.84979   ]
 [-0.18067938  0.34660685  0.6344329 ]
 [ 0.05384395 -0.03653586  1.0191242 ]
 [ 0.13066417 -0.22717774  0.86392593]
 [ 0.22281411 -0.03607881  0.93104285]]
[[ 0.          0.          0.66810715]
 [ 0.00172263 -0.08739673  0.66482127]
 [-0.07965994  0.03290346  0.3292241 ]
 [-0.47038648  0.18042758  0.42230892]
 [-0.58439535  0.33074474  0.36938435]
 [-0.00183399  0.08719222  0.67064446]
 [ 0.3248455   0.09370717  0.40056357]
 [ 0.39119858  0.04144907  0.05179721]
 [ 0.57691884  0.04219651  0.        ]
 [ 0.0141014   0.07123998  0.8740238 ]
 [ 0.01774473  0.13430679  1.1061141 ]
 [ 0.07878409  0.15379322  1.2090895 ]
 [-0.00290701  0.14071524  1.2878301 ]
 [-0.03975388  0.22106203  1.0198292 ]
 [-0.18789405  0.35593423  0.8753391 ]
 [-0.03234711  0.38367513  0.71638566]
 [ 0.06050394  0.00581998  1.1115396 ]
 [ 0.09385721 -0.200055    0.947091  ]
 [ 0.2400097  -0.06272419  0.9267345 ]]
[[ 0.          0.          0.72689   ]
 [ 0.01420647 -0.09832937  0.7303262 ]
 [ 0.08778904 -0.02607843  0.38906342]
 [-0.3372098   0.03318533  0.48893392]
 [-0.47903168  0.19782716  0.45431975]
 [-0.01429113  0.09821436  0.722887  ]
 [ 0.29441708  0.13580051  0.42400807]
 [ 0.24693727  0.12895149  0.0697189 ]
 [ 0.43975306  0.13297862  0.        ]
 [ 0.02987919  0.1031889   0.92413485]
 [ 0.05138383  0.19067195  1.1486742 ]
 [ 0.11047875  0.21239668  1.2612748 ]
 [ 0.01595603  0.2143709   1.3359512 ]
 [ 0.00193486  0.28511828  1.0510983 ]
 [-0.04331893  0.3764684   0.8241774 ]
 [ 0.16763455  0.35627228  0.7579316 ]
 [ 0.08859984  0.0515441   1.1545027 ]
 [ 0.08347768 -0.16442788  0.98128945]
 [ 0.26763994 -0.05647942  0.9253887 ]]
[[ 0.          0.          0.7742195 ]
 [ 0.02863925 -0.12030567  0.77654403]
 [ 0.26969063 -0.1523411   0.5406827 ]
 [-0.15695818 -0.17152116  0.44948983]
 [-0.21918637 -0.08167011  0.3497913 ]
 [-0.02869378  0.120343    0.771688  ]
 [ 0.1665839   0.2574998   0.42302755]
 [-0.02727982  0.25816628  0.09638804]
 [ 0.15310338  0.28244764  0.        ]
 [ 0.06222698  0.11637494  0.9613343 ]
 [ 0.08914378  0.19147745  1.1845727 ]
 [ 0.143565    0.21135789  1.3064439 ]
 [ 0.03319383  0.20785034  1.3707638 ]
 [ 0.05666398  0.31718543  1.1119643 ]
 [ 0.17573625  0.40965086  0.8823783 ]
 [ 0.37049934  0.3390976   0.9264319 ]
 [ 0.12373674  0.03550881  1.1691722 ]
 [ 0.11898193 -0.19245762  1.0467993 ]
 [ 0.30172366 -0.03161439  1.0007646 ]]
[[ 0.0000000e+00  0.0000000e+00  7.7546722e-01]
 [ 1.6418613e-02 -1.2981401e-01  7.7992404e-01]
 [ 2.7606946e-01 -2.5355026e-01  5.9744662e-01]
 [-5.8860123e-02 -3.9884552e-01  3.0181634e-01]
 [ 1.5435845e-02 -4.3474418e-01  1.6552514e-01]
 [-1.6526885e-02  1.2989622e-01  7.7111894e-01]
 [-7.2875530e-02  2.6283258e-01  4.3457440e-01]
 [-3.4735018e-01  3.0630663e-01  1.3443100e-01]
 [-2.4823672e-01  3.4289962e-01  0.0000000e+00]
 [ 1.5947580e-02  9.8119020e-02  9.6597910e-01]
 [-5.2552521e-03  1.3571668e-01  1.2032541e+00]
 [ 5.5260379e-02  1.4704299e-01  1.3257258e+00]
 [-4.7284573e-02  1.3582557e-01  1.3875780e+00]
 [ 3.9421767e-04  2.7406543e-01  1.1325288e+00]
 [ 2.8162673e-01  2.7181846e-01  1.0265009e+00]
 [ 3.5144511e-01  1.5839541e-01  1.2230017e+00]
 [-5.5956678e-04 -2.5574237e-02  1.1805967e+00]
 [-2.5796749e-02 -2.6425141e-01  1.1412692e+00]
 [ 1.7691770e-01 -1.4882079e-01  1.1303945e+00]]
[[ 0.00000000e+00  0.00000000e+00  6.86175704e-01]
 [ 9.30044428e-03 -1.29084557e-01  6.92069232e-01]
 [ 2.79295564e-01 -2.65453845e-01  4.69734192e-01]
 [ 1.86215341e-03 -4.14044321e-01  1.48176074e-01]
 [ 1.08520925e-01 -4.54262376e-01  2.28381157e-02]
 [-9.43477452e-03  1.29134789e-01  6.80620790e-01]
 [-1.27507836e-01  2.18405202e-01  3.41896057e-01]
 [-4.72692728e-01  3.11989844e-01  1.50801063e-01]
 [-4.62550521e-01  3.57478082e-01  0.00000000e+00]
 [ 1.98151916e-04  8.54776949e-02  8.71802270e-01]
 [-3.43471318e-02  1.24088198e-01  1.10499644e+00]
 [ 2.58269608e-02  1.40400648e-01  1.22833848e+00]
 [-7.19724149e-02  1.22922957e-01  1.28481483e+00]
 [-1.52351409e-02  2.58729070e-01  1.03133321e+00]
 [ 2.87268758e-01  2.21398592e-01  1.01615584e+00]
 [ 2.77896225e-01  1.52247787e-01  1.20959353e+00]
 [-4.24970910e-02 -3.17903161e-02  1.09651434e+00]
 [-7.25197941e-02 -2.46664137e-01  1.15017474e+00]
 [ 8.66530687e-02 -2.68399954e-01  1.21925533e+00]]
[[ 0.          0.          0.67594635]
 [ 0.01357173 -0.12348921  0.685008  ]
 [ 0.2709763  -0.19488102  0.41390276]
 [-0.02365567 -0.3253054   0.11481017]
 [ 0.09376195 -0.3431055   0.        ]
 [-0.01378547  0.1235018   0.66738605]
 [-0.18440782  0.15378848  0.29823563]
 [-0.58589697  0.17697549  0.25517786]
 [-0.6327789   0.2226718   0.12589127]
 [-0.02371766  0.06539382  0.86537135]
 [-0.08065914  0.09917837  1.0948901 ]
 [-0.02628805  0.12355584  1.2162892 ]
 [-0.1200611   0.10602438  1.2740874 ]
 [-0.06170461  0.22399557  1.0235449 ]
 [ 0.20066202  0.19628236  1.1226326 ]
 [ 0.13878992  0.1637227   1.2858566 ]
 [-0.09715703 -0.04314229  1.1029454 ]
 [-0.12638532 -0.21927038  1.2280836 ]
 [ 0.01900662 -0.20731613  1.3356848 ]]
[[ 0.          0.          0.63519806]
 [ 0.02130686 -0.11483084  0.64244246]
 [ 0.23126766 -0.13494655  0.3438201 ]
 [-0.09923858 -0.23798087  0.10255164]
 [-0.01483358 -0.21569687  0.        ]
 [-0.02155285  0.1147702   0.62847275]
 [-0.18358743  0.10609302  0.24256033]
 [-0.6023898   0.03699437  0.30513808]
 [-0.6815386   0.09312272  0.21015897]
 [-0.03777167  0.05866919  0.8344039 ]
 [-0.10463463  0.09644538  1.0627217 ]
 [-0.05736492  0.12772876  1.1836295 ]
 [-0.15041456  0.11062026  1.2382658 ]
 [-0.09497291  0.20952547  0.9943117 ]
 [ 0.10092626  0.20514917  1.1542457 ]
 [ 0.04199911  0.20974457  1.3114045 ]
 [-0.1131181  -0.03509104  1.0751355 ]
 [-0.13957326 -0.18004113  1.2422292 ]
 [-0.02005381 -0.18322754  1.3910084 ]]
[[ 0.          0.          0.54751354]
 [ 0.03338911 -0.09281823  0.5548497 ]
 [ 0.17148253 -0.09312183  0.22779521]
 [-0.19268224 -0.1947214   0.09430903]
 [-0.1738007  -0.1337977   0.        ]
 [-0.03366306  0.09263474  0.5406977 ]
 [-0.15359953  0.04299861  0.14543802]
 [-0.57474077 -0.13577017  0.28047377]
 [-0.67537236 -0.07758692  0.23447847]
 [-0.04328261  0.04995106  0.7543565 ]
 [-0.11527726  0.08323348  0.987148  ]
 [-0.06802261  0.12296718  1.0966365 ]
 [-0.15585202  0.11164153  1.1567662 ]
 [-0.11921856  0.18161064  0.9207152 ]
 [ 0.00305575  0.18390161  1.1186345 ]
 [-0.03686932  0.21678442  1.2704421 ]
 [-0.10170166 -0.03228381  0.9965789 ]
 [-0.08944578 -0.13730627  1.1881263 ]
 [ 0.01352949 -0.12489605  1.3563673 ]]
[[ 0.          0.          0.45974955]
 [ 0.04303099 -0.0701766   0.46858978]
 [ 0.13756488 -0.0714263   0.13121608]
 [-0.24397556 -0.19546062  0.08408013]
 [-0.28448924 -0.12323838  0.        ]
 [-0.04325538  0.06985893  0.45141548]
 [-0.11611713 -0.01815012  0.04980525]
 [-0.5010403  -0.26096773  0.21032259]
 [-0.60994625 -0.21512744  0.20589855]
 [-0.0389185   0.04105705  0.6741789 ]
 [-0.10736527  0.06800601  0.9118136 ]
 [-0.06012169  0.11025065  1.0183796 ]
 [-0.14518997  0.09641618  1.0806783 ]
 [-0.1193122   0.15325457  0.8481686 ]
 [-0.02732588  0.15720165  1.0629271 ]
 [-0.07116188  0.1833539   1.2191938 ]
 [-0.07795641 -0.03170702  0.91852915]
 [-0.02560286 -0.11889434  1.1111282 ]
 [ 0.07024519 -0.08917928  1.2908342 ]]
[[ 0.          0.          0.40738085]
 [ 0.04853632 -0.05735251  0.41839853]
 [ 0.12922135 -0.07044497  0.09401369]
 [-0.25830123 -0.23170707  0.11590967]
 [-0.34105453 -0.15884769  0.0583252 ]
 [-0.04871155  0.05690816  0.39686814]
 [-0.05591904 -0.0533911   0.        ]
 [-0.39929277 -0.33186007  0.17234495]
 [-0.5000922  -0.29860383  0.1975148 ]
 [-0.03222151  0.02560249  0.62640595]
 [-0.09104957  0.03922632  0.8694253 ]
 [-0.04425092  0.08261013  0.977661  ]
 [-0.12737843  0.06114298  1.0379791 ]
 [-0.10938716  0.11264101  0.80582607]
 [-0.03596871  0.0961706   1.0243657 ]
 [-0.08805561  0.08780253  1.1942565 ]
 [-0.04731429 -0.04573134  0.87028956]
 [ 0.04883191 -0.11179644  1.0531276 ]
 [ 0.14110985 -0.07208151  1.2455088 ]]
[[ 0.          0.          0.40158638]
 [ 0.04522672 -0.06031367  0.4143131 ]
 [ 0.13856961 -0.09979492  0.10061702]
 [-0.2474463  -0.27436945  0.14203998]
 [-0.33875448 -0.20580088  0.09583423]
 [-0.04537288  0.05982569  0.38938698]
 [-0.01751642 -0.06651199  0.        ]
 [-0.34707737 -0.33741388  0.17703393]
 [-0.43231213 -0.30145222  0.20776242]
 [-0.02213187  0.02473298  0.62014776]
 [-0.07056627  0.03128392  0.8657542 ]
 [-0.0238451   0.07191151  0.97556853]
 [-0.10568449  0.04977912  1.0328301 ]
 [-0.08367658  0.10944417  0.8021569 ]
 [ 0.02465677  0.11729544  1.0224316 ]
 [-0.02053104  0.09870213  1.1993893 ]
 [-0.02944754 -0.05601293  0.8609241 ]
 [ 0.08452224 -0.13414496  1.03884   ]
 [ 0.18439457 -0.09534001  1.2306267 ]]
[[ 0.          0.          0.39350763]
 [ 0.04244241 -0.06421417  0.4081975 ]
 [ 0.16359282 -0.12243044  0.10917512]
 [-0.22284591 -0.30103713  0.15640321]
 [-0.3036171  -0.23013778  0.11102289]
 [-0.0425863   0.06372647  0.3793274 ]
 [ 0.01959444 -0.07273686  0.        ]
 [-0.31259736 -0.3248932   0.1764166 ]
 [-0.38592404 -0.28336418  0.1947442 ]
 [-0.00946879  0.02888989  0.6137932 ]
 [-0.04816073  0.03285182  0.8604397 ]
 [-0.00303103  0.06867909  0.9765854 ]
 [-0.08578409  0.04880077  1.0273652 ]
 [-0.05656099  0.11686951  0.79750496]
 [ 0.08026733  0.12101376  1.0189164 ]
 [ 0.04284893  0.09141141  1.2089193 ]
 [-0.01423141 -0.06060579  0.8527359 ]
 [ 0.11085951 -0.15371436  1.0293785 ]
 [ 0.22332571 -0.12600613  1.2225857 ]]
[[ 0.          0.          0.35120302]
 [ 0.02636388 -0.09140731  0.37281457]
 [ 0.25378996 -0.20290446  0.13642004]
 [-0.13955584 -0.31174237  0.12631917]
 [-0.1463157  -0.25630635  0.0479297 ]
 [-0.02645452  0.0911037   0.32990175]
 [ 0.16714662 -0.02574769  0.        ]
 [-0.18894438 -0.17775953  0.12411827]
 [-0.22225028 -0.11609754  0.0606707 ]
 [ 0.03145754  0.03935885  0.56407875]
 [ 0.03546925  0.04451379  0.811539  ]
 [ 0.09054625  0.0661279   0.9368795 ]
 [-0.00218181  0.05878103  0.98474646]
 [ 0.05001584  0.1557593   0.75785726]
 [ 0.28354603  0.16155344  0.9598345 ]
 [ 0.31952578  0.11856478  1.1834128 ]
 [ 0.03637426 -0.08226043  0.7992847 ]
 [ 0.1886183  -0.233152    0.98754615]
 [ 0.37224758 -0.2214737   1.173212  ]]
[[ 0.          0.          0.39447498]
 [ 0.01437235 -0.10397743  0.421723  ]
 [ 0.30327165 -0.23896606  0.27563524]
 [-0.06874985 -0.33163828  0.11590973]
 [ 0.00675973 -0.3220528   0.01040339]
 [-0.01441391  0.103796    0.36730218]
 [ 0.27812266  0.01327538  0.12461001]
 [-0.06120728 -0.05967346  0.11739033]
 [-0.03407221 -0.00447693  0.        ]
 [ 0.07042851  0.04379329  0.5970018 ]
 [ 0.10575896  0.03522497  0.84135246]
 [ 0.17449127  0.04119015  0.95880896]
 [ 0.0777095   0.04853427  1.0263344 ]
 [ 0.13656229  0.14690003  0.7924013 ]
 [ 0.40494555  0.12210125  0.94202775]
 [ 0.5136627   0.03953308  1.1508417 ]
 [ 0.08380959 -0.10081035  0.8220317 ]
 [ 0.24752024 -0.27763894  0.97451866]
 [ 0.46739405 -0.31162864  1.1356204 ]]
[[ 0.          0.          0.44856933]
 [ 0.00306556 -0.11055017  0.47418386]
 [ 0.311972   -0.2573864   0.40965763]
 [-0.00253008 -0.37118018  0.12834427]
 [ 0.10909018 -0.38429672  0.02679214]
 [-0.00306647  0.11040087  0.42293066]
 [ 0.34123957  0.0309673   0.25770617]
 [ 0.02285938 -0.03229195  0.12956408]
 [ 0.09328198 -0.00307864  0.        ]
 [ 0.09505849  0.04288508  0.64560413]
 [ 0.15359129  0.02810344  0.8847806 ]
 [ 0.23368195  0.01693416  0.99316895]
 [ 0.14341243  0.03173453  1.0704236 ]
 [ 0.19816759  0.13927624  0.836828  ]
 [ 0.477273    0.09919757  0.91672933]
 [ 0.6427207   0.00128371  1.0784423 ]
 [ 0.11488505 -0.10658151  0.8614706 ]
 [ 0.29647437 -0.29903173  0.96150756]
 [ 0.53390384 -0.33469605  1.0837615 ]]
[[ 0.          0.          0.47252235]
 [-0.00607758 -0.11550759  0.4964309 ]
 [ 0.31038833 -0.26191932  0.49844536]
 [ 0.08915678 -0.38084987  0.14278537]
 [ 0.22336328 -0.39925575  0.05321011]
 [ 0.00610886  0.11538195  0.44851893]
 [ 0.37814867  0.04670216  0.3515706 ]
 [ 0.09888845 -0.03156343  0.1220443 ]
 [ 0.20597076 -0.02680755  0.        ]
 [ 0.10928212  0.03968021  0.6644634 ]
 [ 0.18650393  0.02366921  0.8978065 ]
 [ 0.28042623 -0.00682548  0.9942286 ]
 [ 0.19994631  0.01240659  1.080508  ]
 [ 0.23822834  0.13688299  0.8508223 ]
 [ 0.51548266  0.08928853  0.8480487 ]
 [ 0.71490777 -0.0206486   0.9193436 ]
 [ 0.13564755 -0.10867     0.8744545 ]
 [ 0.3620166  -0.30397028  0.91395736]
 [ 0.5974927  -0.3165942   0.9825698 ]]
[[ 0.          0.          0.45417425]
 [-0.01083011 -0.11792906  0.47931498]
 [ 0.30045092 -0.27972233  0.5196506 ]
 [ 0.14541867 -0.40116835  0.13772368]
 [ 0.2928905  -0.42157722  0.06208298]
 [ 0.01085452  0.11782944  0.42890033]
 [ 0.39458245  0.04607552  0.37779906]
 [ 0.14800194 -0.04391026  0.11118853]
 [ 0.27817884 -0.05541801  0.        ]
 [ 0.11883254  0.04113369  0.64145374]
 [ 0.2115058   0.02387396  0.8646612 ]
 [ 0.3187928  -0.01773283  0.94905853]
 [ 0.24665248  0.00164622  1.0441511 ]
 [ 0.26523972  0.13551515  0.8187013 ]
 [ 0.5339206   0.10571262  0.76827633]
 [ 0.74587244 -0.00803673  0.7642312 ]
 [ 0.15307626 -0.10610032  0.8445496 ]
 [ 0.40846112 -0.30376935  0.84271026]
 [ 0.64039266 -0.310117    0.87226135]]
[[ 0.00000000e+00  0.00000000e+00  4.05716479e-01]
 [-1.64415725e-02 -1.16779305e-01  4.29784328e-01]
 [ 2.90689379e-01 -2.97766894e-01  5.04805326e-01]
 [ 2.03262806e-01 -4.28598076e-01  1.16891921e-01]
 [ 3.58231187e-01 -4.54028785e-01  5.97391129e-02]
 [ 1.64891910e-02  1.16670325e-01  3.81505728e-01]
 [ 4.07406986e-01  4.46669906e-02  3.72631967e-01]
 [ 2.00140566e-01 -5.52585423e-02  9.26129222e-02]
 [ 3.48987490e-01 -7.51427710e-02  0.00000000e+00]
 [ 1.26898080e-01  3.76550108e-02  5.85272014e-01]
 [ 2.31702924e-01  1.27871633e-02  7.97696114e-01]
 [ 3.47787738e-01 -3.48590314e-02  8.70326459e-01]
 [ 2.85130739e-01 -1.85220838e-02  9.70920622e-01]
 [ 2.86745280e-01  1.21804237e-01  7.51533985e-01]
 [ 5.31052828e-01  1.03201628e-01  6.61488891e-01]
 [ 7.43849874e-01 -6.45935535e-04  6.10115945e-01]
 [ 1.65688708e-01 -1.10733390e-01  7.79890358e-01]
 [ 4.23779011e-01 -3.07122797e-01  7.42136359e-01]
 [ 6.52807236e-01 -3.09224904e-01  7.38853872e-01]]
[[ 0.          0.          0.33431366]
 [-0.02100977 -0.1155016   0.35448918]
 [ 0.28869218 -0.30629534  0.46538058]
 [ 0.30773228 -0.47992802  0.09290501]
 [ 0.47173858 -0.51656485  0.06096989]
 [ 0.02107544  0.11542195  0.31398192]
 [ 0.41317478  0.04719962  0.35417235]
 [ 0.2994781  -0.09487399  0.05334529]
 [ 0.46660325 -0.12043121  0.        ]
 [ 0.1383592   0.02388138  0.5005232 ]
 [ 0.26465088 -0.00383848  0.6958288 ]
 [ 0.38638437 -0.05467644  0.7515919 ]
 [ 0.339441   -0.04622221  0.85908186]
 [ 0.31161314  0.10404825  0.6475995 ]
 [ 0.5175469   0.11667355  0.4888486 ]
 [ 0.6857034   0.05743559  0.3585268 ]
 [ 0.1957667  -0.11809646  0.67375994]
 [ 0.41216743 -0.3107521   0.57233393]
 [ 0.6209707  -0.2847271   0.5094226 ]]
[[ 0.          0.          0.25834632]
 [-0.02012119 -0.10723677  0.2763269 ]
 [ 0.294867   -0.29791695  0.3862015 ]
 [ 0.43952405 -0.50506616  0.07630995]
 [ 0.60391843 -0.5493971   0.07559559]
 [ 0.02022427  0.10717332  0.24020776]
 [ 0.3934337   0.02932038  0.3024303 ]
 [ 0.4101404  -0.16540752  0.0071564 ]
 [ 0.57749027 -0.18935247  0.        ]
 [ 0.1546477   0.02614328  0.40503985]
 [ 0.30919802  0.01167291  0.5757244 ]
 [ 0.43520164 -0.03901416  0.61169004]
 [ 0.4096461  -0.03568655  0.7270992 ]
 [ 0.33950755  0.10737279  0.5259614 ]
 [ 0.46764714  0.14860123  0.2914575 ]
 [ 0.56388193  0.14841108  0.07807393]
 [ 0.23708616 -0.09159911  0.55332315]
 [ 0.35345483 -0.2915599   0.39256462]
 [ 0.4991907  -0.24172404  0.24679117]]
[[ 0.          0.          0.25496477]
 [-0.01653632 -0.09952196  0.27200952]
 [ 0.31233472 -0.29285967  0.33865577]
 [ 0.53750706 -0.50383914  0.11478227]
 [ 0.6889874  -0.5555183   0.13940997]
 [ 0.01667561  0.09944506  0.23779297]
 [ 0.39690873  0.02142102  0.2967048 ]
 [ 0.4969076  -0.19793627  0.03391211]
 [ 0.65970516 -0.21662454  0.05158769]
 [ 0.1636218   0.03155291  0.38663054]
 [ 0.33900577  0.03633931  0.5356489 ]
 [ 0.46456856 -0.01588795  0.556445  ]
 [ 0.4602628  -0.00861242  0.67305005]
 [ 0.3514143   0.12384799  0.48641512]
 [ 0.40334958  0.20077789  0.22772992]
 [ 0.43314594  0.2538564   0.        ]
 [ 0.2691877  -0.06320356  0.51896054]
 [ 0.25825006 -0.26576442  0.35195142]
 [ 0.3249262  -0.19501863  0.16877882]]
[[ 0.          0.          0.26546857]
 [-0.01568423 -0.08800946  0.2847662 ]
 [ 0.29207796 -0.30884495  0.26725435]
 [ 0.5618677  -0.5395352   0.14899412]
 [ 0.6909641  -0.6063188   0.19366974]
 [ 0.01587923  0.0878749   0.2460391 ]
 [ 0.3961254  -0.00970121  0.27839088]
 [ 0.5889963  -0.26449877  0.07193497]
 [ 0.7477981  -0.28787452  0.11572489]
 [ 0.1413477   0.04323676  0.38386056]
 [ 0.30987805  0.06332743  0.5086632 ]
 [ 0.44887066  0.00858006  0.50248766]
 [ 0.46903306  0.02550533  0.6139351 ]
 [ 0.31180292  0.14260495  0.46327683]
 [ 0.2385295   0.2387659   0.21640572]
 [ 0.19102767  0.34306172  0.        ]
 [ 0.23593038 -0.02583542  0.5140341 ]
 [ 0.05381055 -0.15576777  0.38137302]
 [-0.02202272 -0.14439704  0.18370381]]
[[ 0.          0.          0.22831738]
 [-0.00992709 -0.08658293  0.25306034]
 [ 0.29949903 -0.2871064   0.22662817]
 [ 0.5553732  -0.5158255   0.12554896]
 [ 0.67384875 -0.57933056  0.17845124]
 [ 0.01013291  0.08642766  0.20343229]
 [ 0.40161735  0.0024235   0.23131102]
 [ 0.62665296 -0.2590786   0.07167998]
 [ 0.7910322  -0.28157625  0.13159493]
 [ 0.10357175  0.06004754  0.34669256]
 [ 0.2402401   0.09740852  0.46468994]
 [ 0.3943162   0.0335536   0.44188857]
 [ 0.4240464   0.06232941  0.5467783 ]
 [ 0.24127182  0.17016667  0.41413057]
 [ 0.09762571  0.25718597  0.2053653 ]
 [ 0.02987348  0.3484611   0.        ]
 [ 0.16160119  0.01216573  0.49382547]
 [-0.07090025 -0.06887168  0.38932163]
 [-0.19524546 -0.10092583  0.21382985]]
[[ 0.          0.          0.17186177]
 [-0.00409961 -0.08823777  0.2015925 ]
 [ 0.31748754 -0.2415823   0.17548046]
 [ 0.5756488  -0.41194725  0.07778469]
 [ 0.6905934  -0.45503926  0.14382896]
 [ 0.00427048  0.08810189  0.1420725 ]
 [ 0.3981117   0.01744192  0.15714687]
 [ 0.62156034 -0.22599167  0.03427914]
 [ 0.7839899  -0.24389401  0.09981259]
 [ 0.06013726  0.05750243  0.2883057 ]
 [ 0.16039494  0.10344997  0.40425813]
 [ 0.32072484  0.03819227  0.38009265]
 [ 0.351368    0.07275105  0.48054314]
 [ 0.15725394  0.17250061  0.34543997]
 [-0.03298011  0.2520645   0.18715031]
 [-0.08676688  0.33043563  0.        ]
 [ 0.08406126  0.01790848  0.4509075 ]
 [-0.16583844 -0.05173409  0.3806253 ]
 [-0.3166525  -0.09106088  0.25126132]]
[[ 0.          0.          0.12514411]
 [-0.00313766 -0.09225295  0.1613542 ]
 [ 0.33029985 -0.21178672  0.14844   ]
 [ 0.56139624 -0.32731125  0.04035674]
 [ 0.6776489  -0.35455385  0.11476555]
 [ 0.00327132  0.09217727  0.08891495]
 [ 0.4055168   0.02357705  0.08842726]
 [ 0.58229744 -0.18763861  0.0094799 ]
 [ 0.7394686  -0.20446444  0.06910232]
 [ 0.02361996  0.063798    0.24111313]
 [ 0.09212796  0.12188503  0.3594383 ]
 [ 0.25257233  0.05907232  0.34555662]
 [ 0.27362776  0.09499425  0.44085175]
 [ 0.08023655  0.18552959  0.2919888 ]
 [-0.14078787  0.23606068  0.17741859]
 [-0.1477203   0.3140544   0.        ]
 [ 0.01713387  0.03921056  0.41645437]
 [-0.2383179  -0.03289075  0.39012396]
 [-0.4009223  -0.05375685  0.30615264]]
[[ 0.          0.          0.0875883 ]
 [-0.00600596 -0.08670835  0.13777746]
 [ 0.35527623 -0.21626931  0.17654687]
 [ 0.466716   -0.34059814  0.03242023]
 [ 0.5769118  -0.356695    0.12180991]
 [ 0.0060981   0.08661833  0.03739124]
 [ 0.4230394  -0.00479836  0.        ]
 [ 0.42072487 -0.24727109  0.02104538]
 [ 0.55053836 -0.26203933  0.04234002]
 [-0.01318641  0.08889683  0.2062695 ]
 [ 0.01863166  0.18091267  0.33279407]
 [ 0.17419542  0.13437533  0.33962166]
 [ 0.17388645  0.17266569  0.4251725 ]
 [ 0.00446965  0.24502416  0.25791907]
 [-0.18488985  0.3251225   0.17057799]
 [-0.11556804  0.32995877  0.01127343]
 [-0.04624305  0.09985593  0.39414972]
 [-0.29952508  0.02962089  0.43313766]
 [-0.48648268 -0.02532509  0.417004  ]]
[[ 0.00000000e+00  0.00000000e+00  8.20247978e-02]
 [-7.44672492e-04 -6.35481551e-02  1.36643022e-01]
 [ 3.39868784e-01 -2.36353755e-01  1.91890657e-01]
 [ 4.20546591e-01 -4.22556967e-01  1.61405623e-01]
 [ 5.23889005e-01 -4.56856310e-01  2.55203009e-01]
 [ 7.52281398e-04  6.33980185e-02  2.74212584e-02]
 [ 2.83840656e-01  3.29764262e-02  0.00000000e+00]
 [ 4.07539546e-01 -2.86161542e-01  3.17590237e-02]
 [ 4.97155547e-01 -2.92106718e-01  8.07282254e-02]
 [-4.11390215e-02  1.09406725e-01  1.93879262e-01]
 [-4.28501219e-02  2.37152487e-01  3.13148439e-01]
 [ 1.09577596e-01  2.00159788e-01  3.28161657e-01]
 [ 8.72187540e-02  2.65125334e-01  3.91933560e-01]
 [-4.60840166e-02  2.86380172e-01  2.19025418e-01]
 [-1.36953086e-01  3.11610579e-01  6.41293079e-02]
 [-3.09694856e-02  2.84965694e-01  3.08975577e-04]
 [-1.00107595e-01  1.67114556e-01  3.90317261e-01]
 [-2.99790204e-01  5.28623462e-02  4.50543880e-01]
 [-4.39956635e-01 -2.22234130e-02  5.30292034e-01]]
[[ 0.          0.          0.20192827]
 [-0.00505392 -0.03043718  0.26420605]
 [ 0.29560018 -0.27597308  0.22169372]
 [ 0.39191407 -0.5483149   0.34091786]
 [ 0.4812088  -0.5971693   0.44112068]
 [ 0.00483515  0.03020557  0.13943136]
 [ 0.2992505  -0.08009396  0.12811646]
 [ 0.37583953 -0.44899243  0.18535762]
 [ 0.46244812 -0.4826363   0.2434919 ]
 [-0.04905402  0.18260375  0.24088587]
 [-0.07559597  0.39772725  0.28955954]
 [ 0.05505002  0.3988018   0.33025014]
 [-0.00164181  0.46309516  0.38343537]
 [-0.06587851  0.43568444  0.18800889]
 [ 0.03862449  0.4073916   0.        ]
 [ 0.09347349  0.33320406  0.1191346 ]
 [-0.10522902  0.32746023  0.3574705 ]
 [-0.04657574  0.11116017  0.36442506]
 [ 0.04078825 -0.00529133  0.40148586]]
[[ 0.          0.          0.23907724]
 [-0.01114783 -0.01319172  0.29939806]
 [ 0.26368162 -0.2627999   0.24397913]
 [ 0.38663703 -0.6206218   0.35198128]
 [ 0.4837519  -0.6898676   0.39868838]
 [ 0.01093002  0.01295483  0.1784966 ]
 [ 0.29396552 -0.12735504  0.17126651]
 [ 0.3390026  -0.49421275  0.23302409]
 [ 0.4144237  -0.54879963  0.2770324 ]
 [-0.05877963  0.18627262  0.25527596]
 [-0.0967797   0.4117675   0.28919128]
 [ 0.02005145  0.42650732  0.33330902]
 [-0.0408088   0.48782584  0.378899  ]
 [-0.08062673  0.44575536  0.17504528]
 [ 0.06135483  0.4122943   0.        ]
 [ 0.09431957  0.32565105  0.15442908]
 [-0.12286302  0.34356797  0.3704186 ]
 [-0.01894577  0.12388317  0.4461143 ]
 [ 0.10144196 -0.01707971  0.5223167 ]]
[[ 0.          0.          0.24208474]
 [-0.01212661 -0.00694146  0.30532193]
 [ 0.24769568 -0.25103682  0.24530518]
 [ 0.42210513 -0.6117166   0.36999917]
 [ 0.5238041  -0.6823708   0.4146005 ]
 [ 0.01192803  0.0066759   0.17867059]
 [ 0.27708077 -0.14421971  0.17312858]
 [ 0.30974331 -0.5001359   0.23152119]
 [ 0.37073958 -0.5515444   0.2839769 ]
 [-0.05510901  0.18566778  0.2524734 ]
 [-0.09200251  0.41083163  0.27627927]
 [ 0.02041881  0.43436527  0.31258854]
 [-0.03770909  0.49260938  0.35476142]
 [-0.07961853  0.44193196  0.15750489]
 [ 0.05010501  0.39683148  0.        ]
 [ 0.08244892  0.32561284  0.15067197]
 [-0.11600968  0.345765    0.37241432]
 [ 0.01852171  0.11619991  0.45272976]
 [ 0.16486624 -0.02832626  0.50321954]]
[[ 0.          0.          0.23217684]
 [-0.00904668  0.00074933  0.29869336]
 [ 0.23080713 -0.22362846  0.22784862]
 [ 0.45811027 -0.5979239   0.35278636]
 [ 0.5616899  -0.6637336   0.39394218]
 [ 0.00889288 -0.00104202  0.16549043]
 [ 0.26080564 -0.15722707  0.16304249]
 [ 0.2609878  -0.51067996  0.20508027]
 [ 0.30043793 -0.55354     0.2639859 ]
 [-0.04679433  0.18466389  0.24183033]
 [-0.07572627  0.4077416   0.25920057]
 [ 0.03212594  0.43600482  0.2861013 ]
 [-0.02128097  0.4951387   0.322977  ]
 [-0.06964955  0.43857372  0.13996106]
 [ 0.0339913   0.39900002  0.        ]
 [ 0.07571614  0.3538779   0.13741116]
 [-0.09395304  0.3413998   0.36474246]
 [ 0.07900336  0.11228728  0.44401464]
 [ 0.25122562 -0.02250528  0.45777085]]
[[ 0.          0.          0.22854416]
 [-0.00480903  0.0046787   0.2964577 ]
 [ 0.2267384  -0.19993916  0.2151286 ]
 [ 0.47524357 -0.56689274  0.34306383]
 [ 0.578599   -0.6283193   0.37482804]
 [ 0.00467495 -0.00497034  0.16051084]
 [ 0.25038418 -0.14999881  0.1569278 ]
 [ 0.24177921 -0.49103442  0.20138107]
 [ 0.26818025 -0.5283799   0.26111472]
 [-0.04606956  0.17951442  0.24197747]
 [-0.07504156  0.39626282  0.25773835]
 [ 0.03018953  0.42936313  0.2773257 ]
 [-0.01981834  0.4863388   0.3125196 ]
 [-0.07459575  0.42752308  0.13746329]
 [ 0.00821477  0.3942299   0.        ]
 [ 0.05753992  0.3609679   0.12267679]
 [-0.08694193  0.3349039   0.37121278]
 [ 0.09720004  0.11607422  0.4516611 ]
 [ 0.26500064 -0.01443587  0.45153806]]
[[ 0.00000000e+00  0.00000000e+00  2.25859776e-01]
 [-2.22321134e-04  6.28997386e-03  2.96736777e-01]
 [ 2.24844635e-01 -1.75063804e-01  2.00391948e-01]
 [ 4.95396972e-01 -5.10243654e-01  3.38714898e-01]
 [ 5.98344266e-01 -5.66774845e-01  3.68928224e-01]
 [ 8.77045095e-05 -6.57165796e-03  1.54900014e-01]
 [ 2.33043522e-01 -1.54390037e-01  1.49339899e-01]
 [ 2.12988794e-01 -4.92153615e-01  1.95592150e-01]
 [ 2.35570669e-01 -5.24733543e-01  2.61071801e-01]
 [-4.30911779e-02  1.83720216e-01  2.43521750e-01]
 [-7.07144737e-02  4.00545657e-01  2.58408129e-01]
 [ 3.37999910e-02  4.40846443e-01  2.70234466e-01]
 [-1.37357712e-02  4.97973382e-01  3.03328872e-01]
 [-7.73974657e-02  4.30488944e-01  1.39910027e-01]
 [-7.88737833e-03  4.05182570e-01  0.00000000e+00]
 [ 4.89854813e-02  3.79674435e-01  1.14708379e-01]
 [-7.67518729e-02  3.39317083e-01  3.76451313e-01]
 [ 1.11117907e-01  1.23895034e-01  4.45300758e-01]
 [ 2.67482907e-01 -2.13124156e-02  4.23986018e-01]]
[[ 0.          0.          0.2291815 ]
 [ 0.00218605  0.00266436  0.30013275]
 [ 0.2222425  -0.14564954  0.17908579]
 [ 0.5016958  -0.4758031   0.3053141 ]
 [ 0.59764063 -0.5174403   0.3176571 ]
 [-0.00233603 -0.0029416   0.15813205]
 [ 0.22803175 -0.16890442  0.14449283]
 [ 0.18791229 -0.52321243  0.21109825]
 [ 0.20292541 -0.55276155  0.2834068 ]
 [-0.04338722  0.17875218  0.24917221]
 [-0.06846499  0.39166883  0.26264113]
 [ 0.034187    0.43662658  0.26934344]
 [-0.0125404   0.49266976  0.3035176 ]
 [-0.0862269   0.42906976  0.15151182]
 [-0.01926544  0.43467742  0.        ]
 [ 0.03744172  0.40098852  0.10330972]
 [-0.06797463  0.329095    0.3789991 ]
 [ 0.10809217  0.12442173  0.45855337]
 [ 0.2521979  -0.00423814  0.4232685 ]]
[[ 0.          0.          0.24904205]
 [ 0.01333578  0.00778562  0.31743315]
 [ 0.19343488 -0.07677329  0.14340347]
 [ 0.48585498 -0.37343875  0.2626493 ]
 [ 0.58490086 -0.39360264  0.24603795]
 [-0.01353296 -0.00804392  0.18064128]
 [ 0.17203636 -0.20729728  0.14135616]
 [ 0.13671434 -0.560659    0.27358055]
 [ 0.1612458  -0.59452176  0.3509708 ]
 [-0.04985876  0.1698438   0.26642242]
 [-0.08421859  0.37112916  0.27193564]
 [ 0.0167046   0.4316929   0.26046515]
 [-0.02759399  0.4799993   0.30022693]
 [-0.11780167  0.40368903  0.16807629]
 [-0.06897509  0.43251675  0.        ]
 [ 0.01286055  0.43041903  0.0773052 ]
 [-0.0658583   0.31957033  0.39119357]
 [ 0.08181667  0.14014001  0.48215294]
 [ 0.18220815  0.00355151  0.42520168]]
[[ 0.          0.          0.2727545 ]
 [ 0.02298383  0.01627764  0.33826712]
 [ 0.17794245  0.00136955  0.12198076]
 [ 0.48152745 -0.2464636   0.22013925]
 [ 0.57941836 -0.25523263  0.18876126]
 [-0.02319751 -0.01650973  0.20727524]
 [ 0.1316337  -0.24951375  0.1425834 ]
 [ 0.10462874 -0.6018113   0.33348078]
 [ 0.12923235 -0.6410848   0.4105266 ]
 [-0.05551614  0.15874088  0.27910078]
 [-0.09971222  0.34229735  0.27380106]
 [-0.00513476  0.4175508   0.25136536]
 [-0.05463675  0.44409013  0.29269892]
 [-0.14510632  0.36853367  0.17585286]
 [-0.11463532  0.39919597  0.        ]
 [-0.01606715  0.41739565  0.06601754]
 [-0.0653314   0.3031587   0.39401126]
 [ 0.06705414  0.15879014  0.4934883 ]
 [ 0.13174812 -0.0085796   0.4128381 ]]
[[ 0.          0.          0.28223214]
 [ 0.02826865  0.02610549  0.34122735]
 [ 0.14680435  0.04652643  0.08848868]
 [ 0.45521268 -0.14537519  0.16362756]
 [ 0.53948915 -0.15007651  0.11281095]
 [-0.02843678 -0.0263469   0.22333282]
 [ 0.07692602 -0.3111803   0.12375501]
 [ 0.07234699 -0.6577325   0.33339515]
 [ 0.10401621 -0.70447624  0.3977932 ]
 [-0.058847    0.13473627  0.27368674]
 [-0.11025073  0.28991047  0.25501725]
 [-0.02483103  0.36873853  0.22379696]
 [-0.07690415  0.3803497   0.26307333]
 [-0.15517834  0.3139215   0.163623  ]
 [-0.12791845  0.36392194  0.        ]
 [-0.02695958  0.39375985  0.05789691]
 [-0.07081267  0.26357704  0.3742748 ]
 [ 0.03569959  0.15276831  0.49443102]
 [ 0.0870308  -0.00746416  0.42443514]]
[[ 0.          0.          0.29464877]
 [ 0.03375083  0.03470728  0.35023844]
 [ 0.12208508  0.08859594  0.06076583]
 [ 0.42441916 -0.07077356  0.12892087]
 [ 0.5024628  -0.0769076   0.06626451]
 [-0.03392917 -0.03490867  0.23916756]
 [ 0.03415631 -0.33306438  0.11113411]
 [ 0.05354792 -0.6799249   0.3110667 ]
 [ 0.08800715 -0.7392484   0.35652173]
 [-0.06238774  0.1267516   0.27734736]
 [-0.12105498  0.27164617  0.24600154]
 [-0.04476923  0.35788918  0.20637536]
 [-0.09674481  0.35807815  0.24694161]
 [-0.16969311  0.28902724  0.15918303]
 [-0.14969426  0.34501678  0.        ]
 [-0.04282862  0.39208063  0.04999852]
 [-0.07378055  0.25751466  0.36472434]
 [ 0.02127586  0.1759139   0.48849156]
 [ 0.06369582  0.00703338  0.4137055 ]]
[[ 0.          0.          0.30152637]
 [ 0.03742789  0.03857391  0.35075384]
 [ 0.09659652  0.10731211  0.03652066]
 [ 0.39956337 -0.01635072  0.10689011]
 [ 0.47256535 -0.02005702  0.03261745]
 [-0.03761483 -0.03874169  0.25242186]
 [ 0.00239478 -0.33858013  0.0984298 ]
 [ 0.04034865 -0.67896366  0.2849931 ]
 [ 0.07488221 -0.7470527   0.31280178]
 [-0.06503598  0.1199001   0.275997  ]
 [-0.1265244   0.25982183  0.23444682]
 [-0.05803169  0.35185093  0.18776633]
 [-0.1062438   0.34586006  0.2297271 ]
 [-0.17963445  0.2730012   0.1538732 ]
 [-0.16237316  0.34427828  0.        ]
 [-0.05218616  0.39763904  0.04389769]
 [-0.07376316  0.25405604  0.349956  ]
 [ 0.01077273  0.19119701  0.4807687 ]
 [ 0.04554439  0.02077773  0.40415922]]
[[ 0.0000000e+00  0.0000000e+00  3.0948514e-01]
 [ 4.3753862e-02  4.4775881e-02  3.5215744e-01]
 [ 7.6166302e-02  1.2375140e-01  2.0273924e-02]
 [ 3.7717766e-01  2.4519965e-02  9.8108813e-02]
 [ 4.4983998e-01  2.4599612e-02  1.5944302e-02]
 [-4.3946505e-02 -4.4911988e-02  2.6694888e-01]
 [-2.5548309e-02 -3.4509760e-01  8.8860601e-02]
 [ 4.0766269e-02 -6.8001962e-01  2.5448328e-01]
 [ 8.3916724e-02 -7.5475889e-01  2.6805031e-01]
 [-6.8649769e-02  1.1739346e-01  2.7619553e-01]
 [-1.3679895e-01  2.5359067e-01  2.2503313e-01]
 [-7.7939853e-02  3.4761673e-01  1.7132360e-01]
 [-1.2222433e-01  3.3804703e-01  2.1608101e-01]
 [-1.9295135e-01  2.6276287e-01  1.4914639e-01]
 [-1.7964470e-01  3.3783609e-01  0.0000000e+00]
 [-6.5618247e-02  3.9183134e-01  3.6767989e-02]
 [-7.7907801e-02  2.5329870e-01  3.3720148e-01]
 [-3.1774491e-04  1.9971240e-01  4.7312388e-01]
 [ 3.5540115e-02  3.7787713e-02  3.9656138e-01]]
[[ 0.          0.          0.32761836]
 [ 0.04962615  0.05467009  0.35833383]
 [ 0.04643635  0.1405667   0.01507342]
 [ 0.34831727  0.05853513  0.10960534]
 [ 0.4203148   0.05953753  0.02099079]
 [-0.04981549 -0.05479029  0.29703063]
 [-0.06022201 -0.35168833  0.08709896]
 [ 0.04036391 -0.67867064  0.23297024]
 [ 0.08685663 -0.76254165  0.22494549]
 [-0.07753584  0.11321901  0.28243032]
 [-0.15911515  0.24404572  0.21781936]
 [-0.11344492  0.34210587  0.15553376]
 [-0.1531116   0.3235231   0.20165482]
 [-0.21999502  0.24272078  0.15077677]
 [-0.2105993   0.32080415  0.        ]
 [-0.08562775  0.389786    0.03224903]
 [-0.09011164  0.25600594  0.32492334]
 [-0.01219851  0.20867088  0.46795705]
 [ 0.02646413  0.05680953  0.38719887]]
[[ 0.          0.          0.37207213]
 [ 0.05802831  0.07153726  0.3756963 ]
 [-0.02019311  0.14900225  0.02473158]
 [ 0.30210572  0.0723038   0.15446413]
 [ 0.3725202   0.06945452  0.05220935]
 [-0.05817593 -0.07161634  0.36848724]
 [-0.10874557 -0.3183269   0.09687093]
 [ 0.07430083 -0.60584956  0.2149913 ]
 [ 0.13180426 -0.6869641   0.17406496]
 [-0.10372494  0.11208941  0.30499586]
 [-0.2192556   0.2422982   0.2127873 ]
 [-0.20825252  0.34547153  0.13283873]
 [-0.23426205  0.3146419   0.18197979]
 [-0.2893569   0.21916756  0.16721965]
 [-0.2846905   0.32362473  0.        ]
 [-0.13483116  0.42720526  0.01658764]
 [-0.1279659   0.27777207  0.30923453]
 [-0.01324648  0.25169337  0.46919262]
 [ 0.03604447  0.14404681  0.36869234]]
[[ 0.          0.          0.3977251 ]
 [ 0.06100386  0.08065785  0.38842165]
 [-0.06497434  0.14660102  0.03768173]
 [ 0.2700771   0.06155039  0.18501425]
 [ 0.34403217  0.05857882  0.07649529]
 [-0.06115575 -0.08072802  0.40698627]
 [-0.14084338 -0.30186254  0.11141133]
 [ 0.09276363 -0.54902804  0.20525873]
 [ 0.15754846 -0.62208414  0.14360541]
 [-0.11751556  0.12499253  0.3233081 ]
 [-0.25160366  0.2625265   0.22061574]
 [-0.26643622  0.36412105  0.13200343]
 [-0.2820443   0.33268002  0.18172699]
 [-0.32821235  0.22157437  0.1875478 ]
 [-0.3390264   0.3218335   0.        ]
 [-0.17531255  0.45413262  0.00258416]
 [-0.14921865  0.31062788  0.30803406]
 [-0.00433659  0.2779119   0.46170348]
 [ 0.05452635  0.20355982  0.334991  ]]
[[ 0.          0.          0.4240967 ]
 [ 0.06049079  0.08705298  0.40518874]
 [-0.10988098  0.14821902  0.05893779]
 [ 0.24157257  0.069969    0.20464846]
 [ 0.31830445  0.06888461  0.09484869]
 [-0.06068118 -0.08709426  0.4429137 ]
 [-0.16434743 -0.29599375  0.14293694]
 [ 0.0979985  -0.5166706   0.20196179]
 [ 0.16041434 -0.5796926   0.1312527 ]
 [-0.13112766  0.13470593  0.3543266 ]
 [-0.28221104  0.2811918   0.2543446 ]
 [-0.3232059   0.37640718  0.16526407]
 [-0.32325813  0.34799585  0.21550214]
 [-0.36093304  0.22367598  0.23225074]
 [-0.39299864  0.29802853  0.02252397]
 [-0.22876504  0.43984872  0.        ]
 [-0.16987002  0.34134346  0.33060518]
 [ 0.01586115  0.3064679   0.45061943]
 [ 0.06657114  0.25972146  0.2870786 ]]
[[ 0.          0.          0.440561  ]
 [ 0.05851619  0.08924566  0.41638306]
 [-0.14554112  0.14106454  0.07556739]
 [ 0.21366194  0.06829968  0.21565296]
 [ 0.29321665  0.06641126  0.10911587]
 [-0.0587258  -0.08927084  0.46461272]
 [-0.18883392 -0.29612038  0.16802067]
 [ 0.09325233 -0.49075007  0.20602119]
 [ 0.1521492  -0.5467421   0.1313546 ]
 [-0.13866176  0.1453299   0.37526473]
 [-0.29796904  0.3046428   0.2826029 ]
 [-0.360959    0.38780212  0.19794859]
 [-0.34674743  0.36629128  0.24734847]
 [-0.37917566  0.23550975  0.2683283 ]
 [-0.42231733  0.30058944  0.04836887]
 [-0.27139688  0.4238123   0.        ]
 [-0.17910302  0.36742434  0.34717995]
 [ 0.04053624  0.33048916  0.42904752]
 [ 0.07637978  0.30909637  0.23485067]]
[[ 0.          0.          0.45464087]
 [ 0.05523088  0.08973877  0.4287325 ]
 [-0.1765542   0.13809407  0.09523875]
 [ 0.19099823  0.06492367  0.21967855]
 [ 0.27281803  0.06619731  0.11985663]
 [-0.05546658 -0.08976619  0.4803766 ]
 [-0.21044219 -0.30386117  0.19810456]
 [ 0.08426332 -0.48040196  0.20659247]
 [ 0.13589567 -0.53227186  0.12812093]
 [-0.14609648  0.15360436  0.40026075]
 [-0.31212378  0.3253644   0.321622  ]
 [-0.39621592  0.39512908  0.2451778 ]
 [-0.3668363   0.3828572   0.29410833]
 [-0.39526892  0.24853715  0.31370655]
 [-0.44370568  0.3076921   0.0827651 ]
 [-0.32211655  0.3792913   0.        ]
 [-0.18804479  0.3887841   0.37269664]
 [ 0.06882644  0.34915686  0.3965858 ]
 [ 0.07814074  0.33568734  0.16430634]]
[[ 0.          0.          0.45877093]
 [ 0.05161753  0.0891496   0.43016016]
 [-0.19623852  0.13545309  0.10402319]
 [ 0.17805146  0.07360114  0.21712232]
 [ 0.25988203  0.07815316  0.12260556]
 [-0.05186281 -0.08917467  0.48718768]
 [-0.22388113 -0.31562704  0.21640047]
 [ 0.07549724 -0.47661534  0.2054942 ]
 [ 0.1195921  -0.5285568   0.12374955]
 [-0.15055633  0.15722017  0.41350836]
 [-0.3188448   0.33547115  0.34620178]
 [-0.4118343   0.39989814  0.27691996]
 [-0.375398    0.39230037  0.3274817 ]
 [-0.40339866  0.25570494  0.34102795]
 [-0.45128095  0.3101492   0.10458192]
 [-0.3504141   0.35444063  0.        ]
 [-0.19358215  0.39862043  0.38724855]
 [ 0.08252174  0.35472283  0.36116743]
 [ 0.07087936  0.33943594  0.10813051]]
