[[ 0.          0.          0.7557758 ]
 [ 0.03039834 -0.08921031  0.74312365]
 [-0.16041347 -0.02595231  0.41222018]
 [-0.5627211  -0.06147906  0.6031037 ]
 [-0.68251145  0.03494198  0.5919139 ]
 [-0.03034412  0.08901478  0.7677747 ]
 [ 0.26210275  0.2015365   0.46852523]
 [ 0.2849735   0.16558015  0.05378109]
 [ 0.445514    0.17972654  0.        ]
 [ 0.10681947  0.06806961  0.95078504]
 [ 0.22249821  0.09361658  1.1543436 ]
 [ 0.34459287  0.07841042  1.1510005 ]
 [ 0.34405503  0.07258809  1.2770565 ]
 [ 0.10972013  0.18036073  1.129354  ]
 [-0.13501012  0.2693084   1.0776852 ]
 [-0.15057951  0.30950773  0.8283336 ]
 [ 0.2748823  -0.04807317  1.136555  ]
 [ 0.18638295 -0.253947    0.99053514]
 [ 0.27629018 -0.1867901   0.78381336]]
[[ 0.          0.          0.77208495]
 [ 0.03697703 -0.08952956  0.7577311 ]
 [-0.11757632 -0.01965985  0.40913588]
 [-0.53909343 -0.07966244  0.6311567 ]
 [-0.663596    0.01959135  0.6429635 ]
 [-0.03688884  0.08938614  0.7858423 ]
 [ 0.2425122   0.22242846  0.47372678]
 [ 0.23191145  0.17914927  0.06228918]
 [ 0.38969257  0.20325816  0.        ]
 [ 0.1087435   0.07680365  0.9661134 ]
 [ 0.2303184   0.11492896  1.1683259 ]
 [ 0.35536528  0.09715912  1.1669354 ]
 [ 0.35549974  0.09469718  1.2920573 ]
 [ 0.11631813  0.2046693   1.1404194 ]
 [-0.09336093  0.28898183  1.0459448 ]
 [-0.08130164  0.3222606   0.80228865]
 [ 0.28494656 -0.0277147   1.152657  ]
 [ 0.1749411  -0.23171519  1.0053151 ]
 [ 0.23090935 -0.17870967  0.7969889 ]]
[[ 0.00000000e+00  0.00000000e+00  7.45501995e-01]
 [ 4.46495265e-02 -1.04445964e-01  7.31178939e-01]
 [ 5.83512858e-02 -5.24212420e-02  3.46589684e-01]
 [-4.19937640e-01 -1.46777451e-01  5.77059865e-01]
 [-5.39970636e-01 -5.62374294e-02  5.79535604e-01]
 [-4.44524437e-02  1.04425400e-01  7.59435177e-01]
 [ 1.88187331e-01  3.07141364e-01  4.30430174e-01]
 [ 4.13715467e-02  2.32827038e-01  9.09970999e-02]
 [ 1.84823185e-01  2.74960518e-01  0.00000000e+00]
 [ 1.17244154e-01  8.70722830e-02  9.32981610e-01]
 [ 2.53713608e-01  1.46051258e-01  1.12779760e+00]
 [ 3.85977447e-01  1.28333986e-01  1.14252937e+00]
 [ 3.73891234e-01  1.26926005e-01  1.26249743e+00]
 [ 1.50548458e-01  2.61902660e-01  1.09276378e+00]
 [ 9.86153260e-02  3.63150924e-01  9.07097518e-01]
 [ 1.92618072e-01  3.10347855e-01  7.17102945e-01]
 [ 3.00832152e-01 -1.13219023e-04  1.11790037e+00]
 [ 1.14846915e-01 -1.58421248e-01  9.76088881e-01]
 [ 3.97660658e-02 -2.15270415e-01  7.88916588e-01]]
[[ 0.          0.          0.6588389 ]
 [ 0.03848077 -0.11852948  0.64367646]
 [ 0.27856266 -0.03857106  0.3500514 ]
 [-0.14985079 -0.14770773  0.3315243 ]
 [-0.15928392 -0.09288454  0.20068169]
 [-0.03824578  0.11860781  0.673736  ]
 [ 0.0138531   0.3881566   0.3546474 ]
 [-0.31520116  0.27807623  0.1389789 ]
 [-0.22900438  0.32638827  0.        ]
 [ 0.11072288  0.05950683  0.8552464 ]
 [ 0.24485359  0.09666786  1.0602648 ]
 [ 0.3796825   0.07458821  1.0832301 ]
 [ 0.37475955  0.06671846  1.20482   ]
 [ 0.17286092  0.23028466  1.0309274 ]
 [ 0.25631815  0.3093794   0.79782313]
 [ 0.39256907  0.17724025  0.8293818 ]
 [ 0.25362095 -0.05640811  1.0466677 ]
 [ 0.02214004 -0.20536523  1.0805684 ]
 [-0.10975199 -0.23460357  0.99962103]]
[[ 0.          0.          0.6525459 ]
 [ 0.03529277 -0.11258548  0.6395841 ]
 [ 0.3721422   0.03693092  0.4232726 ]
 [ 0.11131227 -0.02601451  0.15250242]
 [ 0.23438749  0.01721781  0.        ]
 [-0.03517123  0.11268198  0.6654991 ]
 [-0.15311995  0.29532987  0.39706874]
 [-0.55801326  0.18284315  0.2436167 ]
 [-0.5644628   0.22373378  0.11110669]
 [ 0.0930592   0.03042585  0.8501649 ]
 [ 0.2008827   0.02524963  1.0612731 ]
 [ 0.33422482  0.00623345  1.078311  ]
 [ 0.32910556 -0.01175809  1.1967213 ]
 [ 0.14933632  0.16707462  1.0440183 ]
 [ 0.2269243   0.2616266   0.8114304 ]
 [ 0.35750994  0.16025752  0.94913214]
 [ 0.19310838 -0.11860511  1.0424099 ]
 [-0.02976698 -0.2739335   1.1882421 ]
 [-0.08246354 -0.26137674  1.0682607 ]]
[[ 0.          0.          0.6785654 ]
 [ 0.03040894 -0.11210409  0.6664974 ]
 [ 0.37240356  0.04337208  0.45467678]
 [ 0.26490816  0.04117662  0.08989787]
 [ 0.41918746  0.09241039  0.        ]
 [-0.03028393  0.11215746  0.690859  ]
 [-0.16932409  0.2384395   0.41366023]
 [-0.6320683   0.12402374  0.38294974]
 [-0.6721302   0.16530411  0.26208615]
 [ 0.09888649  0.0193616   0.8722953 ]
 [ 0.21435952  0.00542223  1.0819637 ]
 [ 0.34562021 -0.02068174  1.0989227 ]
 [ 0.34961224 -0.03647727  1.2164638 ]
 [ 0.15850812  0.143729    1.067653  ]
 [ 0.17491701  0.26389974  0.8536136 ]
 [ 0.32818827  0.18855977  0.9357315 ]
 [ 0.20368373 -0.13302225  1.0554327 ]
 [-0.03075529 -0.26649287  1.1424181 ]
 [-0.04436696 -0.25152767  1.0008426 ]]
[[ 0.          0.          0.67468584]
 [ 0.02964132 -0.10524029  0.6627843 ]
 [ 0.34889802  0.07667795  0.4233972 ]
 [ 0.37742728  0.1652562   0.03855211]
 [ 0.5413927   0.22585094  0.        ]
 [-0.02949583  0.105205    0.6870104 ]
 [-0.13224673  0.10577573  0.34601915]
 [-0.5882689  -0.11400859  0.45325434]
 [-0.699139   -0.04111987  0.42205492]
 [ 0.11216236  0.01669471  0.8630233 ]
 [ 0.2302652  -0.0161041   1.0698113 ]
 [ 0.36877307 -0.07549119  1.0832597 ]
 [ 0.37361056 -0.0749805   1.2041227 ]
 [ 0.18049458  0.11221853  1.0659573 ]
 [ 0.09017058  0.2638622   0.8837162 ]
 [ 0.23347214  0.27227974  0.8013606 ]
 [ 0.20877641 -0.1456407   1.0170135 ]
 [ 0.01263606 -0.26539865  0.9039392 ]
 [ 0.03891012 -0.22119546  0.7090112 ]]
[[ 0.          0.          0.6917658 ]
 [ 0.0261796  -0.10920922  0.6800289 ]
 [ 0.30519125  0.08946761  0.41513675]
 [ 0.29691294  0.20719445  0.04351622]
 [ 0.47922826  0.25964475  0.        ]
 [-0.02603313  0.10912045  0.70388067]
 [-0.06135437  0.07452148  0.32908723]
 [-0.51664436 -0.18090418  0.47754565]
 [-0.63941437 -0.11038169  0.47423083]
 [ 0.12378804  0.02069275  0.8773587 ]
 [ 0.2539726  -0.01633328  1.079596  ]
 [ 0.3922437  -0.07682765  1.0906367 ]
 [ 0.39759195 -0.07748076  1.2122537 ]
 [ 0.19914798  0.10790089  1.0802466 ]
 [ 0.04590151  0.2538972   0.9290503 ]
 [ 0.06717611  0.324808    0.7706389 ]
 [ 0.23117286 -0.14626163  1.0245289 ]
 [ 0.05926408 -0.27435982  0.86064726]
 [ 0.1157015  -0.2508338   0.6582189 ]]
[[ 0.          0.          0.6840792 ]
 [ 0.0212978  -0.11421829  0.67198426]
 [ 0.23700842  0.10540563  0.37910664]
 [ 0.14587879  0.2544045   0.05566967]
 [ 0.34199464  0.30467367  0.        ]
 [-0.02119351  0.11405341  0.69642055]
 [ 0.05680311  0.04698879  0.31041843]
 [-0.41160145 -0.19033697  0.46140575]
 [-0.53462756 -0.12477012  0.447704  ]
 [ 0.13453855  0.01711352  0.86931455]
 [ 0.2736112  -0.02706376  1.0699006 ]
 [ 0.41425624 -0.08301628  1.0816168 ]
 [ 0.4199024  -0.0837712   1.2047766 ]
 [ 0.2135134   0.09451261  1.0718875 ]
 [-0.00891802  0.22750399  0.98685527]
 [-0.10752255  0.31837547  0.81446755]
 [ 0.25394168 -0.15945303  1.0130167 ]
 [ 0.10864554 -0.2783629   0.807635  ]
 [ 0.24024066 -0.23349279  0.6829707 ]]
[[ 0.00000000e+00  0.00000000e+00  6.18960798e-01]
 [ 1.24089047e-02 -1.13482572e-01  6.01357102e-01]
 [ 7.85624534e-02  7.40657002e-02  3.20475191e-01]
 [-1.45173669e-01  2.77540028e-01  1.05907500e-01]
 [ 1.64315552e-02  3.49022806e-01  0.00000000e+00]
 [-1.23638958e-02  1.13276251e-01  6.36266351e-01]
 [ 2.57318139e-01  6.10045493e-02  3.19336534e-01]
 [-1.59435838e-01 -8.11198950e-02  3.18151951e-01]
 [-1.85523003e-01 -1.39065087e-02  1.96726441e-01]
 [ 1.20987371e-01 -6.28650188e-04  8.12323749e-01]
 [ 2.48218492e-01 -5.96929789e-02  1.02329993e+00]
 [ 3.98699343e-01 -9.80198383e-02  1.03692722e+00]
 [ 4.02545214e-01 -1.02161944e-01  1.16416883e+00]
 [ 1.78254753e-01  5.70177734e-02  1.02730560e+00]
 [-8.62000883e-02  1.71475977e-01  1.06552887e+00]
 [-2.37714529e-01  2.98558474e-01  9.22634661e-01]
 [ 2.49063969e-01 -1.88031971e-01  9.65038061e-01]
 [ 1.67496651e-01 -3.26449305e-01  7.44588137e-01]
 [ 3.65417778e-01 -2.31891513e-01  7.91867137e-01]]
[[ 0.00000000e+00  0.00000000e+00  6.08772516e-01]
 [ 6.74512237e-03 -1.04114741e-01  5.90772271e-01]
 [-1.02317646e-01  6.73207194e-02  3.32258552e-01]
 [-3.63908142e-01  2.38461286e-01  2.44813591e-01]
 [-3.21714789e-01  3.20186436e-01  1.03158474e-01]
 [-6.74429163e-03  1.03856258e-01  6.26113772e-01]
 [ 3.43164623e-01  8.03260952e-02  4.19422597e-01]
 [ 7.56483972e-02  2.91646719e-02  1.49355978e-01]
 [ 1.91394448e-01  6.49074316e-02  0.00000000e+00]
 [ 9.86509174e-02  7.54103065e-04  8.16655278e-01]
 [ 2.08349064e-01 -4.11112010e-02  1.04244399e+00]
 [ 3.62624109e-01 -5.88722527e-02  1.04926264e+00]
 [ 3.64439547e-01 -6.81675076e-02  1.18122005e+00]
 [ 1.25789419e-01  6.67326450e-02  1.04719794e+00]
 [-1.14025071e-01  1.83669746e-01  1.14800942e+00]
 [-2.26301134e-01  3.10672522e-01  9.92551804e-01]
 [ 2.32763886e-01 -1.68556318e-01  9.88469124e-01]
 [ 2.04981506e-01 -3.28041375e-01  7.87374258e-01]
 [ 3.59967142e-01 -2.43725032e-01  9.04225886e-01]]
[[ 0.          0.          0.7009579 ]
 [ 0.02111106 -0.09956454  0.6856015 ]
 [-0.14134485  0.05998552  0.41296655]
 [-0.48000956  0.16100174  0.44266832]
 [-0.5100702   0.25589573  0.3369901 ]
 [-0.02111738  0.09923626  0.71549946]
 [ 0.3302238   0.10368526  0.49616298]
 [ 0.22533733  0.0390932   0.09517276]
 [ 0.38661382  0.06888354  0.        ]
 [ 0.09066038  0.01503325  0.9167021 ]
 [ 0.18932834 -0.01367152  1.1455617 ]
 [ 0.33568406 -0.03858668  1.1563839 ]
 [ 0.33271593 -0.0418179   1.2882982 ]
 [ 0.09423908  0.08731389  1.1391027 ]
 [-0.14753191  0.21217653  1.2104049 ]
 [-0.23251817  0.31508982  1.0205725 ]
 [ 0.22802684 -0.1467908   1.1000911 ]
 [ 0.20778579 -0.31733465  0.9105631 ]
 [ 0.36107084 -0.18996337  0.97614276]]
[[ 0.0000000e+00  0.0000000e+00  7.3148251e-01]
 [ 3.1011529e-02 -9.8721772e-02  7.1577847e-01]
 [-1.2358442e-01  4.9638957e-02  4.2047942e-01]
 [-4.9355066e-01  9.0548165e-02  5.7880265e-01]
 [-5.7004011e-01  1.9814926e-01  5.2439111e-01]
 [-3.1008646e-02  9.8421097e-02  7.4639046e-01]
 [ 2.8957695e-01  1.3818100e-01  4.7429603e-01]
 [ 2.9071504e-01  7.9648435e-02  5.2683949e-02]
 [ 4.6152839e-01  1.0390544e-01  0.0000000e+00]
 [ 9.1496840e-02  3.8492918e-02  9.4272876e-01]
 [ 1.8974930e-01  2.8410465e-02  1.1683514e+00]
 [ 3.2230935e-01 -1.2736320e-03  1.1890018e+00]
 [ 3.1171736e-01 -1.4010668e-03  1.3169520e+00]
 [ 8.6582273e-02  1.2626061e-01  1.1476485e+00]
 [-1.6264725e-01  2.5050655e-01  1.1215845e+00]
 [-1.9716042e-01  3.1442696e-01  8.8965070e-01]
 [ 2.3489425e-01 -1.1133230e-01  1.1327745e+00]
 [ 1.8245304e-01 -2.9546231e-01  9.6754164e-01]
 [ 3.1449485e-01 -1.7742801e-01  8.8835776e-01]]
[[ 0.          0.          0.7675942 ]
 [ 0.03750703 -0.0995623   0.75211585]
 [-0.08766358  0.0231891   0.42105004]
 [-0.483918    0.01762832  0.645925  ]
 [-0.58770627  0.13055663  0.63859344]
 [-0.03743092  0.09933552  0.7824111 ]
 [ 0.263622    0.17388481  0.47569177]
 [ 0.2487703   0.1057353   0.05381715]
 [ 0.41573626  0.13197333  0.        ]
 [ 0.09390196  0.06243581  0.9714736 ]
 [ 0.19756621  0.07555416  1.1910082 ]
 [ 0.3296793   0.0418843   1.2186425 ]
 [ 0.31596357  0.0454784   1.3445926 ]
 [ 0.09323852  0.17415279  1.1591749 ]
 [-0.12722045  0.28333408  1.0601959 ]
 [-0.1010863   0.32659265  0.82028663]
 [ 0.24171814 -0.07083601  1.1628616 ]
 [ 0.14817145 -0.27334672  1.011014  ]
 [ 0.23660335 -0.18382835  0.83696693]]
[[ 0.          0.          0.78851265]
 [ 0.04062446 -0.10676499  0.7749077 ]
 [ 0.02700588 -0.03026009  0.3982521 ]
 [-0.43252116 -0.11941072  0.6342394 ]
 [-0.56103474 -0.0159038   0.6349274 ]
 [-0.04047869  0.10667568  0.80169356]
 [ 0.20434663  0.24507523  0.46676424]
 [ 0.07787085  0.15701705  0.0771479 ]
 [ 0.23975861  0.1853261   0.        ]
 [ 0.09925989  0.08468691  0.98315495]
 [ 0.21321064  0.12808734  1.1971465 ]
 [ 0.34757423  0.08789879  1.2371236 ]
 [ 0.32396752  0.09832639  1.3581452 ]
 [ 0.119725    0.24415189  1.1536632 ]
 [ 0.02842465  0.3598774   0.9745935 ]
 [ 0.11624921  0.35180056  0.7888671 ]
 [ 0.24582294 -0.02090865  1.1738583 ]
 [ 0.0791215  -0.21536924  1.0573659 ]
 [ 0.06100333 -0.2353857   0.8959246 ]]
[[ 0.          0.          0.70771784]
 [ 0.0308059  -0.12156828  0.6911205 ]
 [ 0.2520824  -0.06795281  0.36266008]
 [-0.20903371 -0.18979578  0.4301609 ]
 [-0.24780813 -0.11913839  0.37015772]
 [-0.03056668  0.12158629  0.7240342 ]
 [ 0.10510468  0.36347702  0.37794608]
 [-0.20189166  0.25634214  0.11291945]
 [-0.0692354   0.29686365  0.        ]
 [ 0.10393297  0.07102506  0.9000875 ]
 [ 0.22275048  0.10906631  1.1155074 ]
 [ 0.35689536  0.06594637  1.1644663 ]
 [ 0.31927127  0.07733637  1.2790107 ]
 [ 0.15805319  0.24480587  1.0714496 ]
 [ 0.21071522  0.3312987   0.8358666 ]
 [ 0.35172066  0.22226255  0.8114134 ]
 [ 0.22798151 -0.04537812  1.0947001 ]
 [-0.00708995 -0.21747768  1.1006289 ]
 [-0.09038432 -0.2568329   0.95345026]]
[[ 0.          0.          0.61345327]
 [ 0.02762516 -0.11687034  0.6030289 ]
 [ 0.378042    0.02001444  0.4059546 ]
 [ 0.07105465 -0.06733903  0.16637453]
 [ 0.16857386 -0.03155601  0.00223011]
 [-0.02747747  0.1169892   0.62383974]
 [-0.10086507  0.31354505  0.35004166]
 [-0.48613775  0.2538798   0.16563928]
 [-0.45241874  0.2770046   0.        ]
 [ 0.07383744  0.042952    0.8169539 ]
 [ 0.16051471  0.05162257  1.0432966 ]
 [ 0.29586834  0.01732323  1.0851606 ]
 [ 0.27656865  0.01293856  1.2073588 ]
 [ 0.13106126  0.19016975  0.99461365]
 [ 0.21553373  0.26883537  0.7677001 ]
 [ 0.35265547  0.17932446  0.8971132 ]
 [ 0.13621217 -0.09892049  1.0338511 ]
 [-0.08973204 -0.2541172   1.1328493 ]
 [-0.11772762 -0.22292295  0.9808448 ]]
[[ 0.          0.          0.66116095]
 [ 0.02260608 -0.11508703  0.655542  ]
 [ 0.38403112  0.01703498  0.47303337]
 [ 0.2098898  -0.03336108  0.11202741]
 [ 0.35394657  0.0118559   0.        ]
 [-0.022448    0.11516716  0.6670164 ]
 [-0.15238237  0.276248    0.40591875]
 [-0.5798632   0.22916873  0.31258923]
 [-0.5929184   0.2558413   0.15601343]
 [ 0.06623418  0.0299371   0.86963946]
 [ 0.14575486  0.03426951  1.1001616 ]
 [ 0.2863292  -0.01566333  1.1401023 ]
 [ 0.26235825 -0.00904673  1.2607398 ]
 [ 0.12897305  0.16836655  1.0427129 ]
 [ 0.1851702   0.25298673  0.8101922 ]
 [ 0.32430133  0.18940243  0.9613434 ]
 [ 0.10756558 -0.11025301  1.0975072 ]
 [-0.12002687 -0.25246817  1.1611309 ]
 [-0.12800147 -0.21378201  0.9886576 ]]
[[ 0.          0.          0.6514964 ]
 [ 0.02675439 -0.11180837  0.6463546 ]
 [ 0.35905653  0.05390613  0.41720635]
 [ 0.3953666   0.1494534   0.03958499]
 [ 0.5723228   0.20274079  0.        ]
 [-0.0266427   0.11175586  0.6570788 ]
 [-0.15975225  0.11859292  0.32138234]
 [-0.64262784 -0.02881907  0.40910804]
 [-0.74636906  0.04103619  0.3600418 ]
 [ 0.09195606  0.02115597  0.85261726]
 [ 0.1840862  -0.00543073  1.077953  ]
 [ 0.3216871  -0.07047972  1.1242723 ]
 [ 0.2981022  -0.05842787  1.2415988 ]
 [ 0.14831588  0.12842306  1.0562382 ]
 [ 0.08937643  0.26099753  0.84190553]
 [ 0.24761793  0.2885782   0.8097314 ]
 [ 0.15993217 -0.14135718  1.0322262 ]
 [-0.03631893 -0.25465083  0.92532694]
 [-0.00390071 -0.20044632  0.7560596 ]]
[[ 0.          0.          0.67558014]
 [ 0.02300873 -0.11115649  0.67128193]
 [ 0.32225364  0.07177389  0.4185701 ]
 [ 0.34197807  0.18089128  0.03661811]
 [ 0.5357147   0.2368933   0.        ]
 [-0.02285098  0.11104549  0.6803284 ]
 [-0.09916375  0.06570825  0.3145654 ]
 [-0.57533866 -0.1394498   0.45205688]
 [-0.70602214 -0.05991495  0.44483408]
 [ 0.10043783  0.01932923  0.8742456 ]
 [ 0.1981565  -0.01778302  1.099757  ]
 [ 0.33428645 -0.09375188  1.1445558 ]
 [ 0.2953899  -0.07980397  1.2558041 ]
 [ 0.16408208  0.11264604  1.0792861 ]
 [ 0.04742463  0.24778098  0.8856449 ]
 [ 0.1464849   0.31541088  0.7379334 ]
 [ 0.16661507 -0.14912362  1.0491142 ]
 [-0.0121993  -0.24920924  0.8638152 ]
 [ 0.07710782 -0.19302018  0.68201095]]
[[ 0.          0.          0.68286335]
 [ 0.01358404 -0.11737038  0.67866   ]
 [ 0.2717816   0.08292547  0.40747145]
 [ 0.22255503  0.21158227  0.04565656]
 [ 0.43453264  0.2599685   0.        ]
 [-0.01340812  0.11720853  0.687429  ]
 [ 0.00308808  0.03304669  0.31165862]
 [-0.47180593 -0.17889562  0.45462582]
 [-0.59939706 -0.10557954  0.44533885]
 [ 0.11018933  0.016496    0.87922716]
 [ 0.21524745 -0.03323507  1.1032531 ]
 [ 0.35218108 -0.11215496  1.1484373 ]
 [ 0.31897923 -0.09623802  1.2651765 ]
 [ 0.18373935  0.09694639  1.0783137 ]
 [ 0.00952971  0.22737448  0.9182056 ]
 [ 0.0095395   0.31050327  0.7217566 ]
 [ 0.17845377 -0.16575015  1.0525222 ]
 [ 0.01715008 -0.26016593  0.8418515 ]
 [ 0.17268305 -0.19467053  0.67690647]]
[[ 0.          0.          0.6336994 ]
 [-0.00299069 -0.11706463  0.6254367 ]
 [ 0.07460815  0.05462772  0.32538092]
 [-0.09988295  0.26702216  0.09540898]
 [ 0.08359942  0.32675284  0.        ]
 [ 0.0030807   0.11686126  0.6417525 ]
 [ 0.24967144  0.03795159  0.3253547 ]
 [-0.16534808 -0.06458238  0.34124926]
 [-0.18836004 -0.01013592  0.2122528 ]
 [ 0.11269733  0.00420709  0.8328303 ]
 [ 0.2229278  -0.05215454  1.0591049 ]
 [ 0.3658123  -0.11000994  1.101498  ]
 [ 0.3350288  -0.09907082  1.2237084 ]
 [ 0.17237955  0.07158905  1.0390459 ]
 [-0.08066027  0.20049492  1.009443  ]
 [-0.16951409  0.3267669   0.7961753 ]
 [ 0.20991397 -0.18310888  1.0048589 ]
 [ 0.1097216  -0.30806857  0.7804544 ]
 [ 0.32055852 -0.22390637  0.7742795 ]]
[[ 0.          0.          0.5643272 ]
 [-0.01111456 -0.10605524  0.5488519 ]
 [-0.11404687  0.0473572   0.27341333]
 [-0.3436854   0.25073442  0.17953974]
 [-0.2659987   0.3157655   0.03609765]
 [ 0.01107646  0.10580263  0.57916963]
 [ 0.33645162  0.03777729  0.36393857]
 [ 0.05113373  0.03968424  0.15590209]
 [ 0.16650137  0.06301308  0.        ]
 [ 0.09357539 -0.00641677  0.7750401 ]
 [ 0.18789108 -0.05673611  1.0121973 ]
 [ 0.32602504 -0.08579469  1.0589199 ]
 [ 0.28899664 -0.08706337  1.1838107 ]
 [ 0.12453867  0.05816519  0.9972755 ]
 [-0.12363811  0.19321573  1.0371971 ]
 [-0.20519441  0.31665006  0.8314997 ]
 [ 0.20012489 -0.183978    0.95821714]
 [ 0.15486753 -0.3396068   0.75018483]
 [ 0.31504208 -0.257429    0.8427925 ]]
[[ 0.          0.          0.6615839 ]
 [ 0.00668495 -0.09547779  0.64510953]
 [-0.15713412  0.06654716  0.3780797 ]
 [-0.4801699   0.19949381  0.38816154]
 [-0.4892136   0.28934765  0.27497947]
 [-0.00667668  0.09515367  0.67725873]
 [ 0.34140837  0.0703402   0.46105868]
 [ 0.22692072  0.0488134   0.0989694 ]
 [ 0.39087105  0.06396371  0.        ]
 [ 0.08911268  0.01244597  0.8790374 ]
 [ 0.17513402 -0.02622092  1.1183193 ]
 [ 0.30897957 -0.04946446  1.1670661 ]
 [ 0.27172458 -0.04699451  1.2916459 ]
 [ 0.09302393  0.07756305  1.0967126 ]
 [-0.1533764   0.21925467  1.1299727 ]
 [-0.21084183  0.3157651   0.90749377]
 [ 0.2085055  -0.1535756   1.0683635 ]
 [ 0.1777699  -0.32481438  0.8726921 ]
 [ 0.3264196  -0.21382132  0.9490869 ]]
[[ 0.          0.          0.7086339 ]
 [ 0.02211592 -0.09596413  0.69371223]
 [-0.1374642   0.05723229  0.40804553]
 [-0.4983772   0.11840185  0.550031  ]
 [-0.57016826  0.22065422  0.50254166]
 [-0.02209206  0.0956088   0.72272867]
 [ 0.3043944   0.10748497  0.45737755]
 [ 0.3097511   0.04372501  0.04880482]
 [ 0.48251307  0.06121975  0.        ]
 [ 0.08591595  0.0273281   0.92427844]
 [ 0.16901118  0.00776237  1.1613842 ]
 [ 0.29287237 -0.0198608   1.2145218 ]
 [ 0.25616753 -0.01403791  1.336808  ]
 [ 0.07468223  0.10677239  1.1271877 ]
 [-0.16123328  0.24106345  1.0812985 ]
 [-0.17150858  0.30845043  0.8433578 ]
 [ 0.21359864 -0.12640995  1.1201001 ]
 [ 0.16453224 -0.30328736  0.93472564]
 [ 0.30455205 -0.18877882  0.90010196]]
[[ 0.          0.          0.7390994 ]
 [ 0.03014439 -0.09642483  0.7243574 ]
 [-0.10310868  0.04453528  0.41412544]
 [-0.47748297  0.0572231   0.62930304]
 [-0.57451946  0.16862741  0.6230649 ]
 [-0.0300693   0.09610052  0.7531431 ]
 [ 0.28038383  0.15176539  0.4643852 ]
 [ 0.27220613  0.06943846  0.05165207]
 [ 0.4475174   0.08725166  0.        ]
 [ 0.08834246  0.04419126  0.9497398 ]
 [ 0.17590117  0.0379492   1.1836293 ]
 [ 0.2977797   0.00758243  1.2382164 ]
 [ 0.25894815  0.01534981  1.358397  ]
 [ 0.07946756  0.13725126  1.1389316 ]
 [-0.1350849   0.25504097  1.0352793 ]
 [-0.09472063  0.29928342  0.7892577 ]
 [ 0.22184032 -0.10021535  1.1504323 ]
 [ 0.13936642 -0.29280227  0.9752393 ]
 [ 0.2567349  -0.1995719   0.83890927]]
[[ 0.          0.          0.7603169 ]
 [ 0.03266498 -0.10568486  0.7468682 ]
 [-0.03479481 -0.01500013  0.40035802]
 [-0.45636648 -0.06602436  0.6387626 ]
 [-0.576798    0.04796553  0.66263413]
 [-0.03253074  0.10543852  0.7732729 ]
 [ 0.24572003  0.20333596  0.45989585]
 [ 0.15707302  0.11430484  0.06579858]
 [ 0.334877    0.13344443  0.        ]
 [ 0.08887951  0.06263426  0.96713203]
 [ 0.1822698   0.08049256  1.1991429 ]
 [ 0.30281785  0.03975257  1.266992  ]
 [ 0.25908405  0.05756104  1.3831445 ]
 [ 0.09284239  0.19071704  1.1426301 ]
 [-0.04084173  0.30456567  0.97147   ]
 [ 0.06466685  0.32612193  0.7594844 ]
 [ 0.22070622 -0.06444249  1.1706114 ]
 [ 0.10714494 -0.25462994  0.9958453 ]
 [ 0.13690278 -0.22564407  0.8273107 ]]
[[ 0.          0.          0.69327664]
 [ 0.02646635 -0.11857712  0.68127346]
 [ 0.16515732 -0.07099357  0.3350408 ]
 [-0.290246   -0.15945025  0.46680427]
 [-0.37051386 -0.06210567  0.41978297]
 [-0.0262415   0.11848285  0.705     ]
 [ 0.15076287  0.3176076   0.37421775]
 [-0.09629461  0.22174343  0.09988928]
 [ 0.05609532  0.2565269   0.        ]
 [ 0.09660273  0.06697527  0.8943375 ]
 [ 0.19997533  0.1063551   1.1239653 ]
 [ 0.3232152   0.06054568  1.1998175 ]
 [ 0.27233276  0.08325976  1.3112096 ]
 [ 0.13172792  0.23195955  1.059761  ]
 [ 0.1306397   0.31608355  0.8274396 ]
 [ 0.33019283  0.27097237  0.7644383 ]
 [ 0.20844057 -0.04892269  1.1133118 ]
 [ 0.0262416  -0.23189801  0.98740995]
 [ 0.00841889 -0.2152653   0.81926644]]
[[ 0.          0.          0.6217561 ]
 [ 0.02505637 -0.11803242  0.60895413]
 [ 0.34933642 -0.00217694  0.3841132 ]
 [-0.00251998 -0.08905363  0.22422484]
 [ 0.07432113 -0.05248612  0.06044865]
 [-0.02490411  0.11809648  0.6345442 ]
 [-0.09730011  0.29147094  0.32422507]
 [-0.47327268  0.22908813  0.1508587 ]
 [-0.440242    0.26401883  0.        ]
 [ 0.07830729  0.03618944  0.83150136]
 [ 0.16482759  0.04507256  1.0709488 ]
 [ 0.2838615   0.00879854  1.146023  ]
 [ 0.22871092  0.01167291  1.2520308 ]
 [ 0.1271972   0.18269888  1.0157899 ]
 [ 0.20775548  0.25058705  0.783178  ]
 [ 0.35403445  0.14704368  0.8877523 ]
 [ 0.15282357 -0.11113083  1.0665601 ]
 [-0.08467444 -0.2318746   1.0382216 ]
 [-0.1564538  -0.20916268  0.89607656]]
[[ 0.          0.          0.64714074]
 [ 0.02555623 -0.10564744  0.63910437]
 [ 0.3771986   0.01823355  0.45038393]
 [ 0.21061149 -0.02871865  0.1140238 ]
 [ 0.34882966  0.01866764  0.        ]
 [-0.02537245  0.10567372  0.65543634]
 [-0.18687847  0.2407597   0.37436754]
 [-0.6172645   0.16195992  0.295312  ]
 [-0.6859      0.21268028  0.18370807]
 [ 0.07197545  0.02613062  0.8584628 ]
 [ 0.14635493  0.01496059  1.0996641 ]
 [ 0.26410866 -0.02554393  1.1703922 ]
 [ 0.20489782 -0.01657391  1.2740626 ]
 [ 0.12143461  0.14573765  1.0424271 ]
 [ 0.18666475  0.23534414  0.8021789 ]
 [ 0.33265704  0.1753253   0.9522293 ]
 [ 0.13212186 -0.12117091  1.0981972 ]
 [-0.13353232 -0.20723492  1.1296265 ]
 [-0.15033549 -0.1915019   0.9445648 ]]
[[ 0.          0.          0.64437556]
 [ 0.02179907 -0.1068258   0.6404408 ]
 [ 0.35803127  0.03111836  0.4241988 ]
 [ 0.36631727  0.09071535  0.05524576]
 [ 0.5366522   0.13864923  0.        ]
 [-0.02164529  0.10681048  0.6487423 ]
 [-0.19492865  0.14686549  0.33207738]
 [-0.6572431   0.01336172  0.36206216]
 [-0.7687111   0.09148002  0.30558538]
 [ 0.07684664  0.0216388   0.85041326]
 [ 0.15252268  0.00370568  1.0898533 ]
 [ 0.2693355  -0.05667153  1.1632034 ]
 [ 0.21731824 -0.04232943  1.2684779 ]
 [ 0.13100442  0.13001806  1.0379424 ]
 [ 0.13072059  0.23617962  0.8018181 ]
 [ 0.29278868  0.20255536  0.8533944 ]
 [ 0.13025135 -0.12871036  1.0803307 ]
 [-0.11963673 -0.20252696  1.0315511 ]
 [-0.09991255 -0.20589225  0.8531254 ]]
[[ 0.          0.          0.6524631 ]
 [ 0.01767573 -0.11208554  0.64963293]
 [ 0.309997    0.0723545   0.40953726]
 [ 0.329715    0.14557701  0.02961421]
 [ 0.5294853   0.18942088  0.        ]
 [-0.01752606  0.11196505  0.65576684]
 [-0.1026147   0.07441711  0.3024232 ]
 [-0.56968343 -0.13722633  0.42577636]
 [-0.71784544 -0.05104166  0.4421395 ]
 [ 0.09456749  0.02772422  0.851051  ]
 [ 0.1777148  -0.00234291  1.0880331 ]
 [ 0.2974045  -0.06976801  1.1645609 ]
 [ 0.2459175  -0.05048513  1.273632  ]
 [ 0.15549596  0.12046549  1.0434369 ]
 [ 0.06279883  0.23059815  0.82385623]
 [ 0.1809079   0.28229082  0.680223  ]
 [ 0.14725323 -0.13006487  1.0509217 ]
 [-0.01648717 -0.19617537  0.8274903 ]
 [ 0.08520199 -0.19014162  0.6572522 ]]
[[ 0.          0.          0.65426224]
 [ 0.00636931 -0.11399627  0.65209645]
 [ 0.26089665  0.08306448  0.40009815]
 [ 0.22633564  0.18482852  0.04364485]
 [ 0.43780738  0.22535181  0.        ]
 [-0.00623177  0.11383548  0.65684795]
 [-0.00819653  0.03239918  0.2992026 ]
 [-0.4821017  -0.18040453  0.43668753]
 [-0.6280706  -0.10532299  0.46045586]
 [ 0.10092551  0.02506386  0.85283697]
 [ 0.18566379 -0.01421437  1.0902187 ]
 [ 0.30739453 -0.08487111  1.171035  ]
 [ 0.25000125 -0.06217998  1.2785993 ]
 [ 0.16324374  0.1050975   1.0445142 ]
 [ 0.02824503  0.20893785  0.8474248 ]
 [ 0.08228779  0.3042928   0.63690627]
 [ 0.15105021 -0.1396685   1.0465817 ]
 [ 0.00599363 -0.2106452   0.8109965 ]
 [ 0.15101734 -0.21079057  0.6618975 ]]
[[ 0.          0.          0.5982202 ]
 [-0.01655809 -0.11465634  0.5932956 ]
 [ 0.13410008  0.06903626  0.32639426]
 [-0.0060187   0.29106072  0.07609534]
 [ 0.1855145   0.3428593   0.        ]
 [ 0.01663319  0.11445215  0.6032134 ]
 [ 0.2068768  -0.00671124  0.2772838 ]
 [-0.2665879  -0.1389053   0.35200176]
 [-0.37248224 -0.06400865  0.30930197]
 [ 0.10731763  0.01249084  0.8015046 ]
 [ 0.20111537 -0.04054087  1.0380458 ]
 [ 0.32390273 -0.10482764  1.1213396 ]
 [ 0.26017877 -0.08381611  1.2301488 ]
 [ 0.16653013  0.08184317  1.0006864 ]
 [-0.04960635  0.20771757  0.8890789 ]
 [-0.08753163  0.32010722  0.65023774]
 [ 0.17767945 -0.16959259  0.9871918 ]
 [ 0.07708219 -0.28125164  0.74584436]
 [ 0.27336603 -0.25780568  0.72299695]]
[[ 0.          0.          0.524799  ]
 [-0.02749231 -0.09796585  0.507983  ]
 [-0.12412721  0.02118652  0.24994403]
 [-0.35849643  0.26814583  0.15185142]
 [-0.28004804  0.32380214  0.02361059]
 [ 0.02743907  0.09772052  0.5410022 ]
 [ 0.3540194   0.00860967  0.32977057]
 [ 0.0924243   0.08073953  0.15353888]
 [ 0.2008093   0.11032686  0.        ]
 [ 0.08649483 -0.00760773  0.73804903]
 [ 0.16878116 -0.06093448  0.98118913]
 [ 0.28904268 -0.09089988  1.0473678 ]
 [ 0.23337884 -0.08670473  1.1647921 ]
 [ 0.11262045  0.05050978  0.9515955 ]
 [-0.13118243  0.18847144  0.9565468 ]
 [-0.19496757  0.3029062   0.72801316]
 [ 0.18139869 -0.1827148   0.928686  ]
 [ 0.14323175 -0.34807783  0.7205711 ]
 [ 0.30131364 -0.27347657  0.82281476]]
[[ 0.          0.          0.601668  ]
 [-0.00618192 -0.08992463  0.5845108 ]
 [-0.164745    0.06278971  0.33589375]
 [-0.48625898  0.23689023  0.3407293 ]
 [-0.49248695  0.32487702  0.24533805]
 [ 0.00615192  0.08961398  0.6180464 ]
 [ 0.36429405  0.04078554  0.4213102 ]
 [ 0.28557402  0.1126582   0.1002053 ]
 [ 0.45185637  0.12189227  0.        ]
 [ 0.08420418  0.01164694  0.81772757]
 [ 0.16059072 -0.02744418  1.0609372 ]
 [ 0.27758455 -0.05270511  1.127306  ]
 [ 0.22451603 -0.04648376  1.2464837 ]
 [ 0.08844965  0.07382587  1.0257405 ]
 [-0.1559496   0.21895349  1.0289031 ]
 [-0.19596624  0.31359336  0.80050075]
 [ 0.19036853 -0.15119153  1.0131402 ]
 [ 0.16002598 -0.32701737  0.8111943 ]
 [ 0.30775952 -0.22650948  0.9055648 ]]
[[ 0.          0.          0.630025  ]
 [ 0.00997457 -0.08300995  0.61527634]
 [-0.15206674  0.05933699  0.34729165]
 [-0.508276    0.16779026  0.46563005]
 [-0.5872678   0.28037867  0.42050597]
 [-0.00996649  0.08266813  0.64400625]
 [ 0.3348754   0.08604945  0.41588676]
 [ 0.37154597  0.11410305  0.05702144]
 [ 0.54576683  0.11969835  0.        ]
 [ 0.08043677  0.02325925  0.843117  ]
 [ 0.15015137 -0.00682017  1.0851575 ]
 [ 0.25817144 -0.03507274  1.159522  ]
 [ 0.20253444 -0.02498382  1.2759004 ]
 [ 0.0693541   0.08225563  1.0406401 ]
 [-0.165532    0.21740896  0.9844404 ]
 [-0.16926762  0.29533115  0.7475712 ]
 [ 0.19105381 -0.12500861  1.0423368 ]
 [ 0.14911601 -0.30222616  0.85178053]
 [ 0.2912826  -0.20700255  0.84646046]]
[[ 0.00000000e+00  0.00000000e+00  6.53642595e-01]
 [ 1.85671523e-02 -8.69439021e-02  6.40558183e-01]
 [-1.03609726e-01  3.85407805e-02  3.48081082e-01]
 [-4.76735145e-01  9.29572433e-02  5.40913999e-01]
 [-5.88640690e-01  2.16394603e-01  5.47915399e-01]
 [-1.85139813e-02  8.66203681e-02  6.66078627e-01]
 [ 3.07309806e-01  1.42652526e-01  4.11106557e-01]
 [ 3.37678969e-01  1.29887640e-01  5.16915917e-02]
 [ 5.18216908e-01  1.34011626e-01  0.00000000e+00]
 [ 7.99671486e-02  3.72329801e-02  8.64073157e-01]
 [ 1.52898625e-01  2.17129290e-02  1.10382664e+00]
 [ 2.58493543e-01 -1.36526227e-02  1.18095303e+00]
 [ 2.03140646e-01  4.35352325e-04  1.29430699e+00]
 [ 7.05361664e-02  1.12758368e-01  1.05107939e+00]
 [-1.36532992e-01  2.33827055e-01  9.34291661e-01]
 [-8.34926367e-02  2.81827897e-01  6.96301699e-01]
 [ 1.94795385e-01 -1.02290958e-01  1.06886387e+00]
 [ 1.21338487e-01 -2.86651611e-01  8.83128524e-01]
 [ 2.47222483e-01 -2.09348351e-01  7.57066607e-01]]
[[ 0.          0.          0.67206347]
 [ 0.02766043 -0.09476992  0.6587902 ]
 [-0.03049834 -0.01116964  0.3332678 ]
 [-0.43850756 -0.03250209  0.5700429 ]
 [-0.5699091   0.08644537  0.6044895 ]
 [-0.02753966  0.09452701  0.6848828 ]
 [ 0.27976745  0.20925729  0.41352442]
 [ 0.2330653   0.19200948  0.06592536]
 [ 0.41408926  0.20425713  0.        ]
 [ 0.08351849  0.05661909  0.8777081 ]
 [ 0.16696864  0.06468868  1.1145234 ]
 [ 0.2720988   0.02619034  1.197762  ]
 [ 0.21536514  0.04632759  1.3067592 ]
 [ 0.08642673  0.16426852  1.0550812 ]
 [-0.06301661  0.27155444  0.88172555]
 [ 0.06235539  0.2943797   0.6757592 ]
 [ 0.2054993  -0.06453076  1.0805656 ]
 [ 0.10176212 -0.23463674  0.8810704 ]
 [ 0.14714083 -0.19297674  0.6877063 ]]
[[ 0.          0.          0.6054478 ]
 [ 0.023699   -0.11618717  0.592972  ]
 [ 0.2264265  -0.04007179  0.2933595 ]
 [-0.21393438 -0.07686305  0.41585767]
 [-0.27686143  0.0086778   0.3595001 ]
 [-0.02348223  0.11617661  0.6176937 ]
 [ 0.17031974  0.36770853  0.3251795 ]
 [-0.04860541  0.34944004  0.10341275]
 [ 0.1062434   0.3710768   0.        ]
 [ 0.08787011  0.07197659  0.80207926]
 [ 0.17914994  0.1108844   1.0351785 ]
 [ 0.2911978   0.05901659  1.1195378 ]
 [ 0.22818664  0.08645201  1.2259607 ]
 [ 0.1224864   0.23291063  0.9675168 ]
 [ 0.11787036  0.30525887  0.7391819 ]
 [ 0.33648902  0.2597916   0.7074772 ]
 [ 0.18209663 -0.04491743  1.0131624 ]
 [ 0.00671633 -0.23625103  0.91294634]
 [ 0.02049633 -0.18182048  0.72708625]]
[[ 0.00000000e+00  0.00000000e+00  5.40359855e-01]
 [ 2.01658979e-02 -1.19912177e-01  5.30532300e-01]
 [ 3.94273043e-01  3.98597121e-03  3.52544129e-01]
 [ 5.90436012e-02 -3.15437317e-02  1.79500669e-01]
 [ 1.42053545e-01 -9.42444801e-03  4.20557559e-02]
 [-2.00045034e-02  1.20091133e-01  5.50246656e-01]
 [-6.33344054e-02  3.73267293e-01  2.80618608e-01]
 [-3.85410011e-01  3.86947215e-01  1.45329297e-01]
 [-3.29618126e-01  4.15038377e-01  0.00000000e+00]
 [ 5.56161627e-02  4.15226072e-02  7.48037815e-01]
 [ 1.19697303e-01  6.29509389e-02  9.88960028e-01]
 [ 2.34691605e-01  2.11060047e-04  1.06757689e+00]
 [ 1.64922774e-01  1.84228420e-02  1.16698050e+00]
 [ 1.11080147e-01  1.95764899e-01  9.18296456e-01]
 [ 2.01268703e-01  2.59048522e-01  7.00231910e-01]
 [ 3.45433444e-01  1.77671030e-01  8.33900690e-01]
 [ 8.12717527e-02 -8.94695222e-02  9.92394447e-01]
 [-1.55880362e-01 -2.32170910e-01  1.03411794e+00]
 [-1.35311961e-01 -1.15970805e-01  8.37106645e-01]]
[[ 0.          0.          0.5419286 ]
 [ 0.01612891 -0.11381272  0.5317104 ]
 [ 0.41349918  0.04498991  0.3940506 ]
 [ 0.29951957  0.08393928  0.08098286]
 [ 0.44507843  0.11595517  0.        ]
 [-0.01598427  0.1140115   0.55248576]
 [-0.11441821  0.32671577  0.29346383]
 [-0.5156857   0.33171323  0.2530327 ]
 [-0.55265564  0.3617988   0.13087481]
 [ 0.04724437  0.03418918  0.7485347 ]
 [ 0.10070808  0.0431619   0.9896529 ]
 [ 0.22469509 -0.02611589  1.0651085 ]
 [ 0.15737979 -0.00453186  1.1671709 ]
 [ 0.11062425  0.17011267  0.9140868 ]
 [ 0.17354679  0.2451449   0.6877318 ]
 [ 0.31200424  0.17806008  0.83517206]
 [ 0.04731003 -0.09401947  0.9923109 ]
 [-0.18624431 -0.20722461  1.018193  ]
 [-0.14516816 -0.13135183  0.8133409 ]]
[[ 0.0000000e+00  0.0000000e+00  5.3203654e-01]
 [ 1.0401435e-02 -1.0860624e-01  5.2337843e-01]
 [ 3.8483393e-01  6.0597435e-02  3.5712630e-01]
 [ 4.4901001e-01  1.9244295e-01  3.3029377e-02]
 [ 6.2104321e-01  2.1980119e-01  0.0000000e+00]
 [-1.0261916e-02  1.0872759e-01  5.4121864e-01]
 [-1.0859427e-01  2.0550472e-01  2.4727255e-01]
 [-5.5764484e-01  1.1612561e-01  3.2752663e-01]
 [-6.7354250e-01  1.8735890e-01  2.8084603e-01]
 [ 6.4350151e-02  1.9391328e-02  7.3177290e-01]
 [ 1.2691346e-01 -1.7353892e-04  9.6984231e-01]
 [ 2.4515840e-01 -7.1819246e-02  1.0536454e+00]
 [ 1.7329478e-01 -4.7738314e-02  1.1544368e+00]
 [ 1.2838054e-01  1.2147391e-01  9.1419655e-01]
 [ 1.2607630e-01  2.2117361e-01  6.7645305e-01]
 [ 2.8871435e-01  1.7416151e-01  7.1214449e-01]
 [ 8.6863719e-02 -1.2671000e-01  9.4772780e-01]
 [-1.4421760e-01 -2.0665409e-01  8.8413495e-01]
 [-5.9857611e-02 -1.7947650e-01  6.9523764e-01]]
[[ 0.00000000e+00  0.00000000e+00  5.61846256e-01]
 [ 1.07623823e-02 -1.17126778e-01  5.60413003e-01]
 [ 3.39078635e-01  1.12171918e-01  3.60893011e-01]
 [ 3.65444124e-01  2.35324025e-01  2.51852870e-02]
 [ 5.65548062e-01  2.73502290e-01  0.00000000e+00]
 [-1.06481612e-02  1.17149435e-01  5.63760638e-01]
 [-3.24521139e-02  1.15346119e-01  2.31459707e-01]
 [-4.78868335e-01 -6.71901256e-02  3.75331044e-01]
 [-6.43014193e-01  1.12890825e-02  3.91857982e-01]
 [ 8.78176615e-02  3.52853537e-02  7.55850196e-01]
 [ 1.59781098e-01 -3.06934118e-04  9.89396334e-01]
 [ 2.77183115e-01 -6.84553087e-02  1.08082676e+00]
 [ 2.08149970e-01 -4.41115499e-02  1.18407118e+00]
 [ 1.50006205e-01  1.19433910e-01  9.36945856e-01]
 [ 6.63558468e-02  2.21181586e-01  7.03354239e-01]
 [ 1.85966060e-01  2.33865216e-01  5.55944800e-01]
 [ 1.19537503e-01 -1.27843678e-01  9.45728898e-01]
 [-3.05597354e-02 -2.00007379e-01  7.16977358e-01]
 [ 1.01757795e-01 -2.07251906e-01  5.47255516e-01]]
[[ 0.          0.          0.55575514]
 [ 0.00242499 -0.1196305   0.5547009 ]
 [ 0.2990882   0.12026735  0.34505004]
 [ 0.23532148  0.27230236  0.04618144]
 [ 0.4496041   0.31003922  0.        ]
 [-0.00232995  0.11959659  0.55719274]
 [ 0.06385437  0.06426603  0.22525993]
 [-0.38388544 -0.12407985  0.3733466 ]
 [-0.5444076  -0.05521595  0.39409038]
 [ 0.0957039   0.03339194  0.7519928 ]
 [ 0.17255175 -0.00500354  0.988917  ]
 [ 0.29318076 -0.07274446  1.0807513 ]
 [ 0.22146559 -0.04694533  1.1823584 ]
 [ 0.16295385  0.11256248  0.93769   ]
 [ 0.03252215  0.21335234  0.7223231 ]
 [ 0.11004718  0.26774403  0.5121048 ]
 [ 0.1313829  -0.13483527  0.94484246]
 [ 0.00582219 -0.2331585   0.7100209 ]
 [ 0.18213016 -0.23665547  0.5674832 ]]
[[ 0.          0.          0.48302874]
 [-0.02220035 -0.11296745  0.47563586]
 [ 0.13342899  0.09578559  0.24356692]
 [-0.0635778   0.39030853  0.094098  ]
 [ 0.10938103  0.45271686  0.        ]
 [ 0.02224362  0.11284631  0.4902937 ]
 [ 0.30532664  0.0155009   0.21839973]
 [-0.08802763  0.0058468   0.26508623]
 [-0.15048641  0.06356479  0.18113378]
 [ 0.08877475  0.0139852   0.68760276]
 [ 0.16684787 -0.03046232  0.9281043 ]
 [ 0.28675818 -0.09839639  1.0166324 ]
 [ 0.2169816  -0.07652396  1.1196151 ]
 [ 0.14309211  0.09550798  0.886029  ]
 [-0.07130569  0.2205373   0.7695471 ]
 [-0.08399221  0.30326766  0.5187066 ]
 [ 0.14274655 -0.16534653  0.8803665 ]
 [ 0.08935314 -0.31996372  0.6553737 ]
 [ 0.31579417 -0.2597898   0.6797497 ]]
[[ 0.          0.          0.47662413]
 [-0.02310407 -0.0943127   0.4601007 ]
 [-0.11686027  0.07273786  0.23426023]
 [-0.37038887  0.3555847   0.22227654]
 [-0.3329143   0.43868193  0.0932354 ]
 [ 0.02305125  0.09417742  0.4925006 ]
 [ 0.39296126  0.03130715  0.31610945]
 [ 0.21206883  0.1730165   0.1302523 ]
 [ 0.36104643  0.18738681  0.        ]
 [ 0.08036588  0.00775233  0.6803067 ]
 [ 0.14963841 -0.03563994  0.92251533]
 [ 0.26053658 -0.07191008  1.0046706 ]
 [ 0.19790484 -0.06352073  1.115468  ]
 [ 0.09684236  0.07149693  0.88489467]
 [-0.15365827  0.19281909  0.8547948 ]
 [-0.18178082  0.28076276  0.61019224]
 [ 0.16305578 -0.16274427  0.87136984]
 [ 0.14884368 -0.35703325  0.6905832 ]
 [ 0.31312948 -0.26396245  0.7999348 ]]
[[ 0.          0.          0.52428144]
 [-0.00832078 -0.08207536  0.5090455 ]
 [-0.14308617  0.08139522  0.27935207]
 [-0.46258467  0.29479295  0.36129743]
 [-0.5130116   0.40642643  0.2773458 ]
 [ 0.00832704  0.08187184  0.5387562 ]
 [ 0.38131094  0.07504287  0.36809093]
 [ 0.37148118  0.19999513  0.08182269]
 [ 0.5514569   0.20083702  0.        ]
 [ 0.07965784  0.02274549  0.72871846]
 [ 0.15010403 -0.00339741  0.96953404]
 [ 0.25634032 -0.03746325  1.0550303 ]
 [ 0.19422969 -0.03024566  1.1634512 ]
 [ 0.08076388  0.09110916  0.9241524 ]
 [-0.15758806  0.21311185  0.8757925 ]
 [-0.14843598  0.28337875  0.6332983 ]
 [ 0.1808607  -0.12891999  0.9261255 ]
 [ 0.1687347  -0.32864606  0.7573494 ]
 [ 0.3211125  -0.20869365  0.8245692 ]]
[[ 0.0000000e+00  0.0000000e+00  5.6972051e-01]
 [ 3.1339265e-03 -8.1094384e-02  5.5527955e-01]
 [-1.2022075e-01  6.8001300e-02  2.9273814e-01]
 [-4.4634673e-01  2.2534260e-01  4.6738517e-01]
 [-5.4169005e-01  3.5667253e-01  4.2877212e-01]
 [-3.0706488e-03  8.0846496e-02  5.8344752e-01]
 [ 3.4957260e-01  1.2073052e-01  3.7211660e-01]
 [ 3.9056838e-01  1.9727454e-01  5.0705612e-02]
 [ 5.7511663e-01  1.9274467e-01  0.0000000e+00]
 [ 7.7772602e-02  3.5725951e-02  7.7277988e-01]
 [ 1.4790215e-01  2.2719175e-02  1.0114108e+00]
 [ 2.4822450e-01 -1.0528266e-02  1.0998700e+00]
 [ 1.8401344e-01 -9.3072653e-04  1.2050564e+00]
 [ 7.1384102e-02  1.1381233e-01  9.5486915e-01]
 [-1.4148667e-01  2.3851454e-01  8.4600109e-01]
 [-7.7121988e-02  2.9485053e-01  6.1226028e-01]
 [ 1.8493325e-01 -1.0220066e-01  9.7656000e-01]
 [ 1.5018162e-01 -2.9946941e-01  8.0456901e-01]
 [ 2.9314387e-01 -2.1104956e-01  7.6964146e-01]]
[[ 0.          0.          0.6111436 ]
 [ 0.01679626 -0.08865486  0.59764344]
 [-0.06326584  0.04018253  0.30605304]
 [-0.41388506  0.12210162  0.5422338 ]
 [-0.531519    0.26395136  0.5483004 ]
 [-0.01669537  0.08842739  0.62405884]
 [ 0.30677685  0.17334282  0.38408345]
 [ 0.28511816  0.19497895  0.05765313]
 [ 0.4818588   0.19873732  0.        ]
 [ 0.074653    0.05291609  0.8115989 ]
 [ 0.14819618  0.06247026  1.0479369 ]
 [ 0.25121456  0.02018243  1.1377381 ]
 [ 0.18380885  0.04062581  1.242823  ]
 [ 0.07313998  0.15692759  0.98173857]
 [-0.09510174  0.2713647   0.8165124 ]
 [ 0.0351293   0.2979339   0.6145782 ]
 [ 0.1837543  -0.06813881  1.0196819 ]
 [ 0.12265491 -0.25853673  0.8477383 ]
 [ 0.2276003  -0.22438876  0.7174823 ]]
[[ 0.          0.          0.58709085]
 [ 0.02455872 -0.10645473  0.5751973 ]
 [ 0.09732434 -0.06239742  0.25027442]
 [-0.33365718 -0.06554711  0.46991175]
 [-0.4531762   0.05137495  0.4625787 ]
 [-0.02431089  0.10635439  0.59870666]
 [ 0.24368563  0.3010372   0.3308394 ]
 [ 0.07812738  0.3318798   0.08667779]
 [ 0.25924945  0.34179246  0.        ]
 [ 0.08385684  0.07428752  0.7804207 ]
 [ 0.17111209  0.11491299  1.011168  ]
 [ 0.28146878  0.06031889  1.1015979 ]
 [ 0.20924975  0.09420347  1.2029757 ]
 [ 0.11044389  0.22382611  0.93426585]
 [ 0.05593284  0.30743253  0.70649767]
 [ 0.2521273   0.27043647  0.6219783 ]
 [ 0.18687138 -0.02749783  0.99477553]
 [ 0.041694   -0.20780832  0.8459549 ]
 [ 0.07112053 -0.19916475  0.67845106]]
[[ 0.          0.          0.51176155]
 [ 0.00908684 -0.119678    0.5063071 ]
 [ 0.35735542 -0.04543743  0.29514173]
 [-0.00480632 -0.05538997  0.2459242 ]
 [ 0.02028531 -0.02319148  0.12448376]
 [-0.00880435  0.11984603  0.51726276]
 [ 0.08658012  0.36895114  0.21072236]
 [-0.23914775  0.43331856  0.12925005]
 [-0.18169737  0.48262286  0.        ]
 [ 0.06503194  0.05202456  0.7056704 ]
 [ 0.13440971  0.07913628  0.9376227 ]
 [ 0.25308233  0.00853032  1.0181036 ]
 [ 0.17665213  0.03573388  1.1169121 ]
 [ 0.12759858  0.20354414  0.86412895]
 [ 0.17007837  0.2736964   0.63412404]
 [ 0.3633406   0.19189364  0.70583284]
 [ 0.09356102 -0.07290468  0.9364854 ]
 [-0.13583434 -0.23208852  0.94076836]
 [-0.08120747 -0.12963331  0.7171819 ]]
[[ 0.00000000e+00  0.00000000e+00  4.87517208e-01]
 [-4.61433083e-04 -1.22148909e-01  4.83408451e-01]
 [ 4.19166356e-01 -2.51701623e-02  3.55063617e-01]
 [ 2.67660111e-01  2.47985125e-04  6.89335465e-02]
 [ 4.17075872e-01  8.86997581e-03  0.00000000e+00]
 [ 7.09190965e-04  1.22296952e-01  4.91992295e-01]
 [ 3.04198116e-02  3.00474733e-01  1.67672396e-01]
 [-3.71146977e-01  3.64075124e-01  1.69090778e-01]
 [-4.39804971e-01  4.17414010e-01  5.58238029e-02]
 [ 4.61549200e-02  2.29144841e-02  6.95547462e-01]
 [ 1.00131676e-01  2.18928158e-02  9.36413348e-01]
 [ 2.26635456e-01 -4.61413264e-02  1.00752866e+00]
 [ 1.53391898e-01 -2.19972730e-02  1.11347353e+00]
 [ 1.12525359e-01  1.53962880e-01  8.66094291e-01]
 [ 1.44360781e-01  2.64218748e-01  6.44127727e-01]
 [ 3.30908358e-01  2.12047517e-01  7.12809682e-01]
 [ 3.96160632e-02 -1.17053360e-01  9.36774433e-01]
 [-1.99769586e-01 -2.26379722e-01  9.51950848e-01]
 [-1.25441387e-01 -1.23922646e-01  7.55399823e-01]]
[[ 0.          0.          0.48879647]
 [-0.00574866 -0.12153561  0.48302066]
 [ 0.40318498 -0.03528801  0.35091555]
 [ 0.40086126  0.05213609  0.03087443]
 [ 0.5713876   0.04834008  0.        ]
 [ 0.00598441  0.12168697  0.49504322]
 [ 0.04327228  0.27518964  0.16737765]
 [-0.3649488   0.34664905  0.20583695]
 [-0.4480276   0.41079482  0.09322643]
 [ 0.04441974  0.02030569  0.69891644]
 [ 0.09496111  0.01169589  0.9396653 ]
 [ 0.22341925 -0.06275886  1.0121493 ]
 [ 0.15326115 -0.03882474  1.1172215 ]
 [ 0.11383825  0.1402497   0.8745435 ]
 [ 0.11763959  0.26236144  0.65787494]
 [ 0.30267185  0.21367607  0.6828757 ]
 [ 0.02770634 -0.11972493  0.9341495 ]
 [-0.21380936 -0.21865585  0.9284562 ]
 [-0.14517368 -0.15430179  0.7294632 ]]
[[ 0.00000000e+00  0.00000000e+00  4.78763908e-01]
 [-7.63852894e-03 -1.21355608e-01  4.72773910e-01]
 [ 3.85862052e-01 -1.96266472e-02  3.29615891e-01]
 [ 4.39489692e-01  9.48586464e-02  1.77015364e-02]
 [ 6.10487342e-01  8.07524920e-02  0.00000000e+00]
 [ 7.88675249e-03  1.21475354e-01  4.85250354e-01]
 [ 9.44043323e-02  2.57857442e-01  1.62784725e-01]
 [-3.09637666e-01  3.40778619e-01  2.15876997e-01]
 [-3.83988142e-01  4.01567221e-01  9.54694152e-02]
 [ 4.88761216e-02  1.63434148e-02  6.86052382e-01]
 [ 1.01929270e-01  1.48415565e-04  9.23829734e-01]
 [ 2.29704663e-01 -7.45274425e-02  1.00047898e+00]
 [ 1.60879850e-01 -5.22750616e-02  1.10358715e+00]
 [ 1.20739698e-01  1.27417296e-01  8.64898086e-01]
 [ 9.28660184e-02  2.51398534e-01  6.51962876e-01]
 [ 2.82650948e-01  2.34166205e-01  6.20688856e-01]
 [ 3.54725793e-02 -1.29757822e-01  9.09178257e-01]
 [-2.02570558e-01 -2.30367944e-01  8.64260674e-01]
 [-9.97899622e-02 -1.50676891e-01  6.64994717e-01]]
[[ 0.          0.          0.5182488 ]
 [-0.010113   -0.12540537  0.513196  ]
 [ 0.32892722 -0.00860862  0.30617183]
 [ 0.39119548  0.14244607  0.00826484]
 [ 0.58440197  0.12649     0.        ]
 [ 0.01034814  0.1254777   0.5236459 ]
 [ 0.22864847  0.16946065  0.21056604]
 [-0.15898442  0.26613232  0.2234391 ]
 [-0.1849832   0.32702133  0.0788964 ]
 [ 0.05963018  0.00260764  0.7196295 ]
 [ 0.11234257 -0.03771943  0.9542614 ]
 [ 0.23420922 -0.11060238  1.0396726 ]
 [ 0.156023   -0.08412874  1.1379454 ]
 [ 0.12729892  0.09744823  0.90425986]
 [ 0.04619814  0.24274121  0.70714486]
 [ 0.18622914  0.28907913  0.52134526]
 [ 0.05668648 -0.17262979  0.9165324 ]
 [-0.11047819 -0.24112016  0.70590484]
 [ 0.04145142 -0.1605848   0.52002186]]
[[ 0.          0.          0.4890235 ]
 [-0.03249211 -0.11887941  0.4784798 ]
 [ 0.26372278  0.01068583  0.23341084]
 [ 0.08161718  0.2332263   0.07734972]
 [ 0.26630735  0.2719988   0.        ]
 [ 0.03264586  0.11890732  0.49943185]
 [ 0.37003535  0.06012064  0.26896223]
 [ 0.12576498  0.20196706  0.13917232]
 [ 0.2070976   0.23535073  0.02533489]
 [ 0.07140891  0.00767259  0.6911639 ]
 [ 0.13287945 -0.02496389  0.92928135]
 [ 0.23516229 -0.09368101  1.029386  ]
 [ 0.14988676 -0.06276858  1.100926  ]
 [ 0.1377119   0.10296893  0.88181454]
 [-0.01573633  0.22048816  0.70894814]
 [-0.03807032  0.27526465  0.45541942]
 [ 0.08914992 -0.16531438  0.89165545]
 [-0.00450477 -0.28400606  0.65639186]
 [ 0.22987235 -0.2141788   0.54021156]]
[[ 0.          0.          0.52182114]
 [-0.03551066 -0.10821817  0.505878  ]
 [ 0.07858909  0.0647717   0.23467287]
 [-0.1821945   0.3526256   0.18120617]
 [-0.07234184  0.40340775  0.08244967]
 [ 0.03550437  0.10807436  0.537244  ]
 [ 0.39306664  0.01061167  0.33698   ]
 [ 0.37932223  0.08016595  0.03260535]
 [ 0.56288147  0.04314744  0.        ]
 [ 0.058381   -0.00160873  0.7243277 ]
 [ 0.11453907 -0.01592737  0.96528554]
 [ 0.20568979 -0.06589749  1.0671216 ]
 [ 0.13001435 -0.04541129  1.1497506 ]
 [ 0.09289986  0.1030983   0.91454804]
 [-0.12765524  0.2032404   0.7967267 ]
 [-0.17577076  0.2670111   0.53758264]
 [ 0.1014197  -0.15903598  0.9311427 ]
 [ 0.04501289 -0.33214176  0.7223538 ]
 [ 0.28346586 -0.27465317  0.71663857]]
[[ 0.          0.          0.48465782]
 [-0.02049308 -0.09106848  0.47229612]
 [-0.07856416  0.09418143  0.2306535 ]
 [-0.38511235  0.35831875  0.24333842]
 [-0.3755172   0.45894617  0.13784409]
 [ 0.02043665  0.09086846  0.4962746 ]
 [ 0.3761328   0.08009891  0.28862894]
 [ 0.5166778   0.14701581  0.        ]
 [ 0.69860804  0.11036935  0.00410298]
 [ 0.0281909   0.01302519  0.6894502 ]
 [ 0.0564566   0.01758331  0.93113   ]
 [ 0.14053483 -0.01461923  1.0325749 ]
 [ 0.06200093 -0.00899017  1.1184807 ]
 [ 0.00818804  0.1232717   0.87489986]
 [-0.20344988  0.22415942  0.77016354]
 [-0.18922234  0.2819681   0.52628744]
 [ 0.07907531 -0.12015921  0.9023424 ]
 [ 0.05051944 -0.31119958  0.7289169 ]
 [ 0.25869098 -0.24136831  0.7681612 ]]
[[ 0.          0.          0.50136757]
 [-0.01718791 -0.0816373   0.48911119]
 [-0.10131522  0.07948898  0.2354564 ]
 [-0.41774672  0.33106974  0.2929536 ]
 [-0.45077717  0.44995427  0.20143825]
 [ 0.01716216  0.08143248  0.5128605 ]
 [ 0.37269467  0.11958902  0.2984421 ]
 [ 0.51204467  0.20971012  0.01356024]
 [ 0.68572545  0.17664015  0.        ]
 [ 0.02143888  0.02788332  0.70706046]
 [ 0.04320477  0.04236725  0.9471088 ]
 [ 0.12031086  0.01611429  1.0482559 ]
 [ 0.03896277  0.02520126  1.1332123 ]
 [-0.00862612  0.1417611   0.8858187 ]
 [-0.20139867  0.2436263   0.754014  ]
 [-0.13817275  0.28875962  0.5253439 ]
 [ 0.07173719 -0.0943248   0.92414266]
 [ 0.04385352 -0.31011975  0.76888156]
 [ 0.25550258 -0.2805062   0.78711635]]
[[ 0.          0.          0.5567251 ]
 [-0.00393127 -0.08861655  0.5473351 ]
 [-0.05417607  0.00610793  0.24482524]
 [-0.42605117  0.13656999  0.36636198]
 [-0.5054188   0.27275446  0.32645202]
 [ 0.00393639  0.08840041  0.56551325]
 [ 0.35740632  0.16801824  0.35442144]
 [ 0.35195065  0.29411036  0.06169277]
 [ 0.5313647   0.28887185  0.        ]
 [ 0.02077697  0.06014863  0.76399964]
 [ 0.03728779  0.09226829  1.0028005 ]
 [ 0.11227092  0.07270521  1.1048107 ]
 [ 0.01837512  0.09336787  1.1889567 ]
 [-0.01111834  0.19454253  0.92943776]
 [-0.13187596  0.28392556  0.7396625 ]
 [ 0.03330329  0.3123554   0.57100976]
 [ 0.06620938 -0.05227679  0.98660344]
 [ 0.03521028 -0.27863434  0.85368156]
 [ 0.26187724 -0.30385682  0.85709405]]
[[ 0.00000000e+00  0.00000000e+00  5.89060962e-01]
 [ 1.16159394e-03 -1.02737539e-01  5.92846870e-01]
 [ 1.47099867e-01 -1.14765942e-01  3.09589446e-01]
 [-2.53926098e-01 -7.86485523e-02  3.79051030e-01]
 [-3.67594719e-01  4.96768355e-02  3.23695987e-01]
 [-1.09005719e-03  1.02650031e-01  5.84968925e-01]
 [ 3.00920337e-01  2.88106114e-01  3.38522106e-01]
 [ 1.59857616e-01  4.72064495e-01  9.13746357e-02]
 [ 3.25692356e-01  4.96699959e-01  0.00000000e+00]
 [ 4.41703275e-02  7.92650133e-02  7.85874724e-01]
 [ 7.26768598e-02  1.04309082e-01  1.01545990e+00]
 [ 1.43610030e-01  8.30624700e-02  1.12521720e+00]
 [ 3.47156711e-02  1.24968231e-01  1.20466411e+00]
 [ 5.50305359e-02  2.29719013e-01  9.51182961e-01]
 [ 1.01988122e-01  3.46564263e-01  7.29722381e-01]
 [ 3.62865061e-01  2.79408097e-01  6.98921978e-01]
 [ 8.08724687e-02 -4.48565185e-02  9.85212088e-01]
 [ 1.11561865e-01 -2.78696597e-01  9.36657071e-01]
 [ 3.21048737e-01 -2.63827741e-01  1.01138783e+00]]
[[ 0.          0.          0.631073  ]
 [ 0.00332284 -0.11716142  0.6381765 ]
 [ 0.31567687 -0.22375998  0.5383265 ]
 [-0.00410545 -0.34860742  0.27224287]
 [ 0.12227109 -0.3732406   0.2005867 ]
 [-0.00315743  0.11717528  0.62419873]
 [-0.00443561  0.34975877  0.30971247]
 [-0.25144142  0.49230826  0.11369419]
 [-0.19232261  0.56419224  0.        ]
 [ 0.03803602  0.06942131  0.83182675]
 [ 0.03665615  0.05638731  1.0717013 ]
 [ 0.11880621  0.01433551  1.1868511 ]
 [ 0.01370867  0.05700302  1.2645376 ]
 [ 0.08776493  0.18083191  1.0168676 ]
 [ 0.25263464  0.20570892  0.8467188 ]
 [ 0.36628982  0.03597322  0.9338996 ]
 [-0.01377137 -0.08598313  1.0296103 ]
 [-0.04722933 -0.34901756  1.0615435 ]
 [ 0.08594227 -0.37949497  1.1652395 ]]
[[ 0.          0.          0.59744895]
 [ 0.00286288 -0.11900019  0.6051371 ]
 [ 0.3197947  -0.2534129   0.53432065]
 [ 0.06099105 -0.39355856  0.19535953]
 [ 0.20903474 -0.41628677  0.14196724]
 [-0.0027389   0.11902002  0.5900692 ]
 [-0.05965793  0.32149503  0.2632051 ]
 [-0.33821696  0.45756158  0.11561418]
 [-0.3304543   0.54776144  0.        ]
 [ 0.02967133  0.06735191  0.8048126 ]
 [ 0.01998472  0.05496007  1.0489069 ]
 [ 0.09976964  0.0161978   1.1629796 ]
 [-0.00565021  0.06046599  1.2404021 ]
 [ 0.07605156  0.18293059  0.990296  ]
 [ 0.282878    0.19975412  0.822557  ]
 [ 0.40928355  0.02649477  0.93604267]
 [-0.032667   -0.08322901  1.0073962 ]
 [-0.06004858 -0.33535463  1.0248761 ]
 [ 0.08372313 -0.37443537  1.1376098 ]]
[[ 0.0000000e+00  0.0000000e+00  5.0706589e-01]
 [-1.0331646e-03 -1.1905489e-01  5.1737726e-01]
 [ 3.2846242e-01 -2.6638263e-01  4.6673292e-01]
 [ 1.1794174e-01 -4.0422246e-01  1.0730928e-01]
 [ 2.7136928e-01 -4.2625999e-01  4.1556329e-02]
 [ 1.1685640e-03  1.1904706e-01  4.9718386e-01]
 [-7.3043615e-02  2.8925893e-01  1.3846865e-01]
 [-3.9706945e-01  3.8196957e-01  9.6854001e-02]
 [-4.5501190e-01  4.6794188e-01  0.0000000e+00]
 [ 2.8199473e-02  7.0221707e-02  7.1851635e-01]
 [ 1.3361685e-02  5.3530663e-02  9.6361852e-01]
 [ 9.2287734e-02  1.7655969e-02  1.0810676e+00]
 [-1.2025729e-02  5.8172882e-02  1.1607223e+00]
 [ 6.8732381e-02  1.8081272e-01  9.0201563e-01]
 [ 2.8112739e-01  1.8536735e-01  7.1801847e-01]
 [ 4.2726386e-01  1.6238272e-02  7.9102802e-01]
 [-3.8550377e-02 -8.6043954e-02  9.1714191e-01]
 [-5.3297568e-02 -3.3449313e-01  8.9564914e-01]
 [ 1.2424293e-01 -3.9702189e-01  1.0075111e+00]]
[[ 0.          0.          0.47747055]
 [ 0.00140411 -0.11884905  0.48997578]
 [ 0.3428691  -0.2553803   0.4289012 ]
 [ 0.11049688 -0.35610127  0.08144906]
 [ 0.25767052 -0.36860204  0.        ]
 [-0.00130615  0.1188106   0.46545255]
 [-0.07130571  0.23630603  0.07288793]
 [-0.44272882  0.26787978  0.11888176]
 [-0.5451654   0.3374842   0.06207544]
 [ 0.02137506  0.06756021  0.69252586]
 [ 0.00981878  0.06471175  0.9414731 ]
 [ 0.08930509  0.03017372  1.0608364 ]
 [-0.01404198  0.06738675  1.1438904 ]
 [ 0.05321884  0.18345976  0.8694761 ]
 [ 0.22769558  0.15286386  0.65187156]
 [ 0.3998177   0.04036588  0.62492025]
 [-0.03647209 -0.07664698  0.90020555]
 [-0.04728759 -0.31874397  0.82897645]
 [ 0.16677192 -0.38881618  0.90168583]]
[[ 0.          0.          0.46789896]
 [ 0.0092897  -0.12030633  0.47915578]
 [ 0.3485732  -0.20298156  0.36161086]
 [ 0.02079844 -0.25757563  0.09747416]
 [ 0.13247806 -0.23786074  0.        ]
 [-0.0093106   0.12023181  0.457145  ]
 [-0.06159249  0.16887581  0.04021245]
 [-0.49598858  0.10087031  0.16691065]
 [-0.6304581   0.15268901  0.14373323]
 [ 0.00861874  0.06452218  0.68905187]
 [-0.00166417  0.08131284  0.9415309 ]
 [ 0.07853112  0.05045903  1.0661113 ]
 [-0.02613769  0.08428854  1.1452216 ]
 [ 0.01889931  0.19350305  0.8562477 ]
 [ 0.10476059  0.13343224  0.6084893 ]
 [ 0.23218274  0.10090463  0.43885416]
 [-0.03513657 -0.06494853  0.9138342 ]
 [-0.0637376  -0.288572    0.81513214]
 [ 0.12543617 -0.31391418  0.8184746 ]]
[[ 0.          0.          0.44305298]
 [ 0.01660006 -0.1125131   0.45451736]
 [ 0.28531966 -0.16521919  0.21868494]
 [-0.11805255 -0.19197303  0.08969945]
 [-0.08536328 -0.13973582  0.00483689]
 [-0.01679453  0.11237419  0.43215597]
 [-0.0642167   0.11879927  0.        ]
 [-0.53056496 -0.01535031  0.1706689 ]
 [-0.66872823  0.03197658  0.17354843]
 [-0.00705427  0.0681913   0.665115  ]
 [-0.03338567  0.09249815  0.9157899 ]
 [ 0.04911838  0.05773342  1.0487938 ]
 [-0.0603786   0.08772057  1.1155156 ]
 [-0.04136738  0.19656545  0.8251109 ]
 [-0.06324869  0.17771156  0.56176   ]
 [-0.00995336  0.26423997  0.35629532]
 [-0.04165819 -0.04405451  0.899387  ]
 [-0.118443   -0.20962222  0.83736134]
 [-0.02277035 -0.14031632  0.7986499 ]]
[[ 0.          0.          0.44150636]
 [ 0.02634357 -0.09961876  0.45362252]
 [ 0.20169213 -0.1012173   0.12829617]
 [-0.24998307 -0.13469824  0.07751346]
 [-0.28223366 -0.08580881  0.        ]
 [-0.02663943  0.09944616  0.4298547 ]
 [-0.08721432  0.09380633  0.00135592]
 [-0.55406356 -0.07600716  0.15427822]
 [-0.6798367  -0.03054309  0.13557538]
 [-0.03120377  0.07648166  0.6609756 ]
 [-0.07970113  0.10698128  0.9081732 ]
 [ 0.00512686  0.07794517  1.0397252 ]
 [-0.10250431  0.08913547  1.097887  ]
 [-0.1164301   0.19217217  0.81367207]
 [-0.23676944  0.20786671  0.58396405]
 [-0.26131564  0.3773098   0.46020925]
 [-0.06326117 -0.00269455  0.89879465]
 [-0.16138673 -0.07914251  0.91282153]
 [-0.18098122 -0.0255006   0.90318465]]
[[ 0.          0.          0.47736195]
 [ 0.02661048 -0.0923133   0.48741513]
 [ 0.12285744 -0.07532075  0.13161567]
 [-0.31848192 -0.08106714  0.09793028]
 [-0.35370648 -0.01773247  0.        ]
 [-0.02697084  0.0922032   0.4676422 ]
 [-0.10440813  0.07499996  0.03882626]
 [-0.5552441  -0.06619775  0.16780522]
 [-0.668956   -0.01620477  0.11831266]
 [-0.05302959  0.07366912  0.6936463 ]
 [-0.11920626  0.10677093  0.9353293 ]
 [-0.0383144   0.08573353  1.0612271 ]
 [-0.13980354  0.0951789   1.126175  ]
 [-0.16079056  0.19238007  0.8474786 ]
 [-0.30364746  0.2739961   0.67883515]
 [-0.36709273  0.45777893  0.6691989 ]
 [-0.09488628  0.00966406  0.9315975 ]
 [-0.19188607 -0.01849592  1.0328823 ]
 [-0.23208722  0.0560115   1.0791793 ]]
[[ 0.          0.          0.51259816]
 [ 0.02681129 -0.08730515  0.5234822 ]
 [ 0.05652221 -0.05453345  0.16429508]
 [-0.37491113 -0.05475307  0.11276305]
 [-0.40799206  0.00697407  0.        ]
 [-0.02718555  0.08721741  0.50193995]
 [-0.08806951  0.08134374  0.07602078]
 [-0.5165291  -0.02556017  0.15733016]
 [-0.6079194   0.02718657  0.07493907]
 [-0.06763405  0.0704799   0.7266643 ]
 [-0.14546736  0.10646591  0.9638523 ]
 [-0.06939665  0.09733689  1.0804874 ]
 [-0.16536826  0.10601896  1.1546934 ]
 [-0.18546534  0.18831521  0.8826407 ]
 [-0.3247391   0.30742663  0.80663264]
 [-0.3588454   0.4658385   0.9252595 ]
 [-0.11819853  0.01491591  0.9651977 ]
 [-0.18591672  0.00444359  1.1699759 ]
 [-0.234438    0.03600544  1.2912865 ]]
[[ 0.0000000e+00  0.0000000e+00  5.2429616e-01]
 [ 2.5611825e-02 -8.5346743e-02  5.3655374e-01]
 [ 4.5010954e-02 -4.0947676e-02  1.7989573e-01]
 [-3.7025571e-01 -2.6354045e-02  1.1654875e-01]
 [-4.0818346e-01  3.2218337e-02  0.0000000e+00]
 [-2.5961317e-02  8.5259177e-02  5.1221502e-01]
 [-6.4677626e-02  6.6981971e-02  9.1488600e-02]
 [-4.7975779e-01 -6.7125261e-03  1.3307500e-01]
 [-5.5465186e-01  3.7071526e-02  2.9493958e-02]
 [-6.7598678e-02  6.7470789e-02  7.4072951e-01]
 [-1.4628009e-01  1.0356611e-01  9.7714007e-01]
 [-7.0502073e-02  1.0138917e-01  1.0876769e+00]
 [-1.6319317e-01  1.1088896e-01  1.1675335e+00]
 [-1.7846957e-01  1.8288893e-01  8.9882147e-01]
 [-2.9659021e-01  3.0305800e-01  9.1117680e-01]
 [-2.9514790e-01  4.1696203e-01  1.0911450e+00]
 [-1.2292880e-01  1.1416137e-02  9.8227334e-01]
 [-1.5310091e-01  5.8853626e-04  1.2514436e+00]
 [-1.9492635e-01 -1.3471246e-03  1.4297580e+00]]
[[ 0.00000000e+00  0.00000000e+00  5.33461690e-01]
 [ 2.10955814e-02 -9.42511857e-02  5.45765400e-01]
 [ 8.73744562e-02 -3.57193351e-02  2.05040753e-01]
 [-3.16805959e-01 -2.48748064e-02  1.24575973e-01]
 [-3.62117082e-01  3.18038762e-02  0.00000000e+00]
 [-2.13666633e-02  9.41493958e-02  5.21257877e-01]
 [ 1.21943345e-02  6.50720000e-02  1.22393906e-01]
 [-3.84268761e-01  3.27325761e-02  1.22846782e-01]
 [-4.34042037e-01  6.66357279e-02  2.85029411e-04]
 [-5.52387387e-02  6.78006858e-02  7.52255321e-01]
 [-1.22160107e-01  1.01574600e-01  9.91394520e-01]
 [-4.41952050e-02  1.04596138e-01  1.09407163e+00]
 [-1.32183999e-01  1.12104177e-01  1.18194389e+00]
 [-1.36873499e-01  1.93960905e-01  9.20606792e-01]
 [-1.69694692e-01  3.11831653e-01  1.04733312e+00]
 [-9.53107476e-02  3.74796569e-01  1.25515628e+00]
 [-1.11786626e-01 -3.57928872e-03  9.92097676e-01]
 [-8.73977542e-02 -4.26001549e-02  1.31311774e+00]
 [-8.70504603e-02 -4.89684343e-02  1.55153036e+00]]
[[ 0.          0.          0.5594343 ]
 [ 0.01188408 -0.10831237  0.57184035]
 [ 0.20201379 -0.1015791   0.2647335 ]
 [-0.19255772 -0.05741531  0.13429058]
 [-0.20879349 -0.00713515  0.00824511]
 [-0.01206678  0.10823122  0.54700255]
 [ 0.17585108  0.07111153  0.21373963]
 [-0.2186878   0.07749569  0.14003754]
 [-0.22002608  0.1069653   0.        ]
 [-0.0215141   0.06334436  0.78155416]
 [-0.05792423  0.0817256   1.0271739 ]
 [ 0.03673876  0.08953881  1.1100847 ]
 [-0.03418973  0.09556526  1.2154512 ]
 [-0.05597243  0.19138712  0.9731795 ]
 [ 0.08894306  0.28314924  1.1719933 ]
 [ 0.2076889   0.2294864   1.3781563 ]
 [-0.06499263 -0.04382834  1.0137281 ]
 [ 0.0337371  -0.15063733  1.3305645 ]
 [ 0.13164648 -0.13105237  1.5936849 ]]
[[ 0.          0.          0.5430686 ]
 [-0.00265716 -0.12574711  0.55357075]
 [ 0.31233457 -0.17364231  0.35283303]
 [ 0.00956366 -0.14040363  0.0937244 ]
 [ 0.10649684 -0.13169926  0.01125139]
 [ 0.00253892  0.12572001  0.53248864]
 [ 0.3603093   0.11046265  0.33023155]
 [ 0.01536088  0.14231992  0.13487458]
 [ 0.09807875  0.15785465  0.        ]
 [ 0.03271776  0.0589073   0.7638455 ]
 [ 0.04551812  0.06267619  1.0107224 ]
 [ 0.16606684  0.05832919  1.0683067 ]
 [ 0.10660216  0.06933093  1.1878517 ]
 [ 0.06263947  0.18923801  0.96829164]
 [ 0.34073138  0.21813047  1.1403337 ]
 [ 0.48443198  0.08716935  1.3481181 ]
 [ 0.01623996 -0.08440939  0.9842706 ]
 [ 0.13947332 -0.25988865  1.1675653 ]
 [ 0.32287633 -0.24895436  1.3803306 ]]
[[ 0.          0.          0.51504004]
 [-0.01399801 -0.13127816  0.5268734 ]
 [ 0.33122206 -0.24151982  0.4093169 ]
 [ 0.15901834 -0.21146643  0.06789047]
 [ 0.30139142 -0.22048682  0.02171439]
 [ 0.01388253  0.13128558  0.5031206 ]
 [ 0.41588637  0.09386303  0.40375704]
 [ 0.15394953  0.11183265  0.10718563]
 [ 0.2806694   0.10464996  0.        ]
 [ 0.06126124  0.05134957  0.7279992 ]
 [ 0.105829    0.05286261  0.96777993]
 [ 0.24011444  0.02080181  1.0122842 ]
 [ 0.18716656  0.03608012  1.1340734 ]
 [ 0.13371992  0.18309444  0.92822456]
 [ 0.45861316  0.16295695  1.0309305 ]
 [ 0.6144445   0.01175159  1.2145872 ]
 [ 0.05928151 -0.0944798   0.9360449 ]
 [ 0.2074886  -0.2953111   1.0308384 ]
 [ 0.4328037  -0.29105744  1.1988893 ]]
[[ 0.          0.          0.43922955]
 [-0.02409611 -0.13178685  0.4530544 ]
 [ 0.33571202 -0.27984494  0.411779  ]
 [ 0.33747184 -0.22888112  0.04334638]
 [ 0.50482786 -0.24749994  0.04264492]
 [ 0.02408636  0.13178053  0.42538   ]
 [ 0.43100584  0.06366684  0.41121706]
 [ 0.32444733  0.05471197  0.04888713]
 [ 0.4842885   0.02951589  0.        ]
 [ 0.08368831  0.04115415  0.6412216 ]
 [ 0.15637058  0.03370118  0.86735606]
 [ 0.30328536 -0.02978972  0.90197814]
 [ 0.25893027 -0.01006758  1.0272028 ]
 [ 0.19721037  0.1603863   0.8265549 ]
 [ 0.5025512   0.14677373  0.837587  ]
 [ 0.6744467  -0.0306485   0.9524939 ]
 [ 0.08882947 -0.10284811  0.83024716]
 [ 0.25987905 -0.33196825  0.8321506 ]
 [ 0.4817412  -0.31877273  0.929004  ]]
[[ 0.0000000e+00  0.0000000e+00  3.4647882e-01]
 [-3.1709626e-02 -1.2810901e-01  3.5864681e-01]
 [ 3.3673835e-01 -3.0505306e-01  3.6628902e-01]
 [ 5.0363451e-01 -2.1990484e-01  2.6513904e-02]
 [ 6.7188776e-01 -2.5765908e-01  5.6666791e-02]
 [ 3.1744983e-02  1.2809202e-01  3.3431840e-01]
 [ 4.1761366e-01  2.6803911e-02  3.6594132e-01]
 [ 5.0106937e-01  4.6071708e-03  0.0000000e+00]
 [ 6.8144321e-01 -3.6203682e-02  2.1198034e-02]
 [ 1.0204866e-01  2.6488304e-02  5.2606887e-01]
 [ 1.9255075e-01  6.6369772e-05  7.2909743e-01]
 [ 3.4041515e-01 -7.6417327e-02  7.6072711e-01]
 [ 3.0811781e-01 -6.3443244e-02  8.8654709e-01]
 [ 2.3065035e-01  1.1756912e-01  6.8550611e-01]
 [ 4.5153522e-01  1.1275560e-01  5.9640419e-01]
 [ 6.2871140e-01  1.0669380e-03  5.6651783e-01]
 [ 1.1608881e-01 -1.2149793e-01  6.9689476e-01]
 [ 2.5610209e-01 -3.5732597e-01  6.4587086e-01]
 [ 4.5063603e-01 -3.0244112e-01  6.2745750e-01]]
[[ 0.          0.          0.2618881 ]
 [-0.03182173 -0.12239251  0.26885837]
 [ 0.35920593 -0.26400816  0.30298817]
 [ 0.6256528  -0.16805393  0.02974622]
 [ 0.78555536 -0.21187961  0.07633971]
 [ 0.03193492  0.1223973   0.25500494]
 [ 0.413958    0.02989765  0.29734343]
 [ 0.65455997  0.01613912  0.        ]
 [ 0.8244721  -0.03512403  0.07712501]
 [ 0.11168751  0.01332867  0.4284782 ]
 [ 0.2179051  -0.02034757  0.6166923 ]
 [ 0.3578461  -0.09547535  0.6487539 ]
 [ 0.34215668 -0.09157124  0.7678756 ]
 [ 0.24275355  0.09089831  0.5692453 ]
 [ 0.34248772  0.09526339  0.3815748 ]
 [ 0.4546343   0.09989766  0.18010902]
 [ 0.14401542 -0.13731019  0.5887102 ]
 [ 0.203525   -0.34600544  0.47099084]
 [ 0.30535668 -0.25968477  0.33523613]]
[[ 0.          0.          0.22360036]
 [-0.03412144 -0.1142008   0.23011194]
 [ 0.3691293  -0.24563491  0.25559282]
 [ 0.69322145 -0.12631124  0.03517529]
 [ 0.842182   -0.17117205  0.09389275]
 [ 0.03423262  0.11419368  0.21725248]
 [ 0.422095    0.03556017  0.25645554]
 [ 0.7008064   0.00857881  0.        ]
 [ 0.85040677 -0.04174469  0.09030288]
 [ 0.09460855  0.0160338   0.38464746]
 [ 0.19088516 -0.01812035  0.56741214]
 [ 0.33471537 -0.10133618  0.600094  ]
 [ 0.3224201  -0.07974395  0.7073697 ]
 [ 0.21000722  0.08646759  0.51968527]
 [ 0.17580377  0.1106295   0.30178678]
 [ 0.17053154  0.16151783  0.05756608]
 [ 0.11612101 -0.13138562  0.5471066 ]
 [ 0.04081061 -0.25757265  0.32591864]
 [ 0.06065829 -0.22778122  0.0865064 ]]
[[ 0.          0.          0.19941914]
 [-0.02663955 -0.1181625   0.209317  ]
 [ 0.37486994 -0.21916293  0.22431691]
 [ 0.7255628  -0.06757113  0.03332588]
 [ 0.8716857  -0.10267355  0.10094786]
 [ 0.02676007  0.11824393  0.18972397]
 [ 0.4295261   0.06775853  0.2356439 ]
 [ 0.6598917   0.09116922  0.        ]
 [ 0.80254245  0.06138232  0.05411029]
 [ 0.02648661  0.0224254   0.36560076]
 [ 0.07270841  0.02180839  0.5577347 ]
 [ 0.22626714 -0.06757769  0.5923341 ]
 [ 0.20523867 -0.03158194  0.693551  ]
 [ 0.08563705  0.11521536  0.50220096]
 [-0.09933221  0.11319398  0.31020698]
 [-0.2299717   0.15984793  0.07580732]
 [-0.0012436  -0.08643347  0.5500411 ]
 [-0.19720492 -0.13904813  0.3568973 ]
 [-0.27539358 -0.17752236  0.14948183]]
[[ 0.          0.          0.20231473]
 [-0.02375551 -0.12210072  0.20978978]
 [ 0.38827917 -0.22290225  0.22275358]
 [ 0.7257664  -0.061351    0.03520818]
 [ 0.87797415 -0.0869875   0.09898973]
 [ 0.02384827  0.12220761  0.19508943]
 [ 0.44519684  0.07551425  0.24382555]
 [ 0.6074447   0.11628017  0.        ]
 [ 0.75055766  0.09992935  0.0262201 ]
 [-0.0073057   0.01660855  0.3686792 ]
 [ 0.01373344  0.0257329   0.5726011 ]
 [ 0.16527563 -0.05947575  0.6180425 ]
 [ 0.13844365 -0.02441812  0.718544  ]
 [ 0.02009224  0.11957616  0.51696247]
 [-0.19408432  0.11670348  0.35119626]
 [-0.36561826  0.16348937  0.13581964]
 [-0.05564525 -0.08543611  0.5579642 ]
 [-0.27611995 -0.11687135  0.40128627]
 [-0.35430127 -0.13516827  0.20176238]]
[[ 0.          0.          0.1760438 ]
 [-0.02389445 -0.12057739  0.17979883]
 [ 0.39254346 -0.23799641  0.20102525]
 [ 0.71841335 -0.0676145   0.03510967]
 [ 0.8748027  -0.09488693  0.08890422]
 [ 0.0239441   0.12070245  0.17259735]
 [ 0.46114576  0.08095533  0.23465581]
 [ 0.5500778   0.14930531  0.        ]
 [ 0.6918866   0.13752069  0.0104351 ]
 [-0.03317568  0.0108017   0.34077305]
 [-0.03747857  0.02272362  0.5494008 ]
 [ 0.10779934 -0.05840564  0.6077831 ]
 [ 0.06802088 -0.02670252  0.7021888 ]
 [-0.03174512  0.11611009  0.49709344]
 [-0.2555176   0.1174562   0.34833908]
 [-0.45042816  0.1662972   0.14439783]
 [-0.10091281 -0.0884977   0.52631456]
 [-0.33177918 -0.10538928  0.3883463 ]
 [-0.39522445 -0.12694854  0.19430341]]
[[ 0.          0.          0.13170806]
 [-0.0226873  -0.12138059  0.13001779]
 [ 0.411861   -0.28655377  0.18797234]
 [ 0.68527687 -0.09487689  0.04365475]
 [ 0.82966185 -0.10359362  0.07957178]
 [ 0.02261532  0.12148561  0.13379133]
 [ 0.47306165  0.07002245  0.23340124]
 [ 0.4506679   0.20565778  0.        ]
 [ 0.5894657   0.19632939  0.00967583]
 [-0.06577798  0.01545537  0.300183  ]
 [-0.10439765  0.04933849  0.52207804]
 [ 0.03274174 -0.02341124  0.60238767]
 [-0.03478022  0.01169187  0.6780423 ]
 [-0.10745692  0.13987625  0.47217348]
 [-0.31293714  0.1286544   0.31380072]
 [-0.48416096  0.2082149   0.10967693]
 [-0.14746866 -0.06627005  0.4803513 ]
 [-0.32089815 -0.10216684  0.29446435]
 [-0.321897   -0.16873884  0.15252227]]
[[ 0.          0.          0.10201995]
 [-0.02134516 -0.11591163  0.09948868]
 [ 0.42819756 -0.31289047  0.19207749]
 [ 0.62299055 -0.07704446  0.06402864]
 [ 0.74109    -0.08203162  0.10762063]
 [ 0.02121884  0.11592752  0.10496897]
 [ 0.47956765  0.07786398  0.22804986]
 [ 0.31860194  0.2177643   0.        ]
 [ 0.4555682   0.19615321  0.02034913]
 [-0.11538711  0.02504955  0.26171196]
 [-0.21389595  0.0720742   0.47626787]
 [-0.09440031  0.00523269  0.56979245]
 [-0.19107834  0.03445786  0.627484  ]
 [-0.2190243   0.16704789  0.4312426 ]
 [-0.3178435   0.12779278  0.2294768 ]
 [-0.39787632  0.17833148  0.01733432]
 [-0.22373956 -0.04470211  0.41651964]
 [-0.19684356 -0.1241203   0.18183933]
 [-0.03301139 -0.2221643   0.16373926]]
[[ 0.          0.          0.07284948]
 [-0.02220614 -0.12026983  0.05133696]
 [ 0.36675268 -0.23927288  0.14365917]
 [ 0.33312267  0.08570004  0.01422283]
 [ 0.61540544  0.03677376  0.11222947]
 [ 0.02193472  0.12026428  0.09478647]
 [ 0.44372702  0.01079346  0.23208462]
 [ 0.32436565  0.12311213  0.        ]
 [ 0.5849421   0.02660869  0.15305647]
 [-0.14514665 -0.00510203  0.18231851]
 [-0.2979338   0.00819355  0.34300223]
 [-0.23980552 -0.03217641  0.45132586]
 [-0.34137237 -0.01853296  0.49273273]
 [-0.28326562  0.13536516  0.3128426 ]
 [-0.12136991  0.20147403  0.22608694]
 [-0.04978454  0.01975532  0.22997892]
 [-0.29391986 -0.11704944  0.2767098 ]
 [-0.09575088 -0.27180046  0.14865723]
 [-0.02215451 -0.33446288  0.30605084]]
[[ 0.          0.          0.0387006 ]
 [-0.03965802 -0.10102588  0.        ]
 [ 0.32151502 -0.35075167  0.17393652]
 [ 0.31907204 -0.02207731  0.02737369]
 [ 0.51158977 -0.06172803  0.07185154]
 [ 0.03940157  0.10109102  0.07760926]
 [ 0.46754152 -0.08913161  0.2864083 ]
 [ 0.30944574 -0.0031145   0.03069382]
 [ 0.46860808 -0.0499801   0.04578964]
 [-0.17540404  0.04331826  0.11139363]
 [-0.36545527  0.09348871  0.23517317]
 [-0.32402065  0.05362463  0.35047102]
 [-0.42076272  0.07277206  0.38830286]
 [-0.31077766  0.20089172  0.22631364]
 [-0.00684089  0.22102636  0.2636965 ]
 [ 0.064668   -0.02055719  0.3834616 ]
 [-0.3808487  -0.02217656  0.1583054 ]
 [-0.13635762 -0.2151953   0.13488452]
 [-0.13136204 -0.1595105   0.33231288]]
[[ 0.          0.          0.05109757]
 [-0.04409748 -0.08799121  0.        ]
 [ 0.31022215 -0.36005932  0.20123044]
 [ 0.30881    -0.054598    0.04631285]
 [ 0.43968725 -0.07208437  0.05141519]
 [ 0.04387735  0.08805866  0.1024259 ]
 [ 0.4616137  -0.12528741  0.3291617 ]
 [ 0.30199414 -0.06260467  0.04837947]
 [ 0.4140184  -0.11290395  0.0267998 ]
 [-0.1837026   0.03676435  0.11873671]
 [-0.38048464  0.09142247  0.2359976 ]
 [-0.34899402  0.05224904  0.34763527]
 [-0.43937492  0.0749146   0.38088024]
 [-0.30959934  0.18401161  0.24395055]
 [ 0.02460934  0.15973943  0.30755025]
 [ 0.078119   -0.08329979  0.4431631 ]
 [-0.40422273 -0.00526823  0.1476076 ]
 [-0.15691409 -0.1952866   0.15461406]
 [-0.17355998 -0.12938948  0.33837017]]
[[ 0.          0.          0.06188412]
 [-0.04627543 -0.08460125  0.        ]
 [ 0.30206597 -0.37668523  0.2108659 ]
 [ 0.32613787 -0.07552812  0.06948013]
 [ 0.44362974 -0.08824547  0.07271104]
 [ 0.04609003  0.08464797  0.1240905 ]
 [ 0.45136258 -0.15455544  0.35916865]
 [ 0.31049585 -0.09507833  0.07209907]
 [ 0.41403198 -0.14856301  0.04763985]
 [-0.18530136  0.03158642  0.13060518]
 [-0.38830322  0.07469453  0.24800675]
 [-0.36308858  0.03088737  0.3579347 ]
 [-0.44993582  0.0587557   0.38686037]
 [-0.30736607  0.16391563  0.26807803]
 [ 0.03256375  0.12242714  0.34169137]
 [ 0.08184807 -0.11905608  0.46353912]
 [-0.41942066 -0.01761739  0.15024817]
 [-0.19934687 -0.22564514  0.15975712]
 [-0.200136   -0.15764196  0.344131  ]]
[[ 0.          0.          0.073755  ]
 [-0.0480074  -0.08005892  0.        ]
 [ 0.2943651  -0.38684064  0.17524765]
 [ 0.39277816 -0.06839491  0.09115087]
 [ 0.49835938 -0.07637855  0.10148527]
 [ 0.04785374  0.08010007  0.14797801]
 [ 0.4292915  -0.19155002  0.38497272]
 [ 0.35918564 -0.11177297  0.10916081]
 [ 0.45520544 -0.17193988  0.08546574]
 [-0.19298653  0.02449688  0.1450189 ]
 [-0.40599453  0.05528623  0.26719734]
 [-0.38401753  0.00342122  0.37793496]
 [-0.46648303  0.04002652  0.40578538]
 [-0.3114224   0.13854912  0.29738504]
 [ 0.02606907  0.07881933  0.3669689 ]
 [ 0.06789665 -0.16804677  0.45262244]
 [-0.44896498 -0.02354307  0.1565082 ]
 [-0.27345473 -0.24152082  0.15349427]
 [-0.23857652 -0.18645495  0.33748332]]
[[ 0.          0.          0.09182903]
 [-0.04503391 -0.07063448  0.        ]
 [ 0.3052599  -0.36144158  0.08274546]
 [ 0.50273544 -0.04700786  0.09897302]
 [ 0.5718961  -0.05173188  0.11864834]
 [ 0.04492242  0.07064126  0.18430081]
 [ 0.39522895 -0.24230638  0.40047508]
 [ 0.4269644  -0.16435796  0.15578517]
 [ 0.50340986 -0.23299402  0.13593331]
 [-0.19795498  0.01206386  0.16589284]
 [-0.4150672   0.02328251  0.29087603]
 [-0.39563596 -0.03492725  0.39933   ]
 [-0.4687677   0.01065236  0.42223504]
 [-0.3067703   0.09681377  0.33605254]
 [ 0.01361637  0.01248255  0.39189368]
 [ 0.05128415 -0.23822525  0.41484588]
 [-0.4712687  -0.03384493  0.16819534]
 [-0.3518768  -0.25456405  0.1506457 ]
 [-0.28941497 -0.2512315   0.30470598]]
[[ 0.          0.          0.09698491]
 [-0.0435879  -0.06374191  0.        ]
 [ 0.32161772 -0.3309167   0.03133436]
 [ 0.59927607 -0.02038877  0.05369775]
 [ 0.6765827  -0.01864355  0.09072456]
 [ 0.04349951  0.06374461  0.1946871 ]
 [ 0.36992013 -0.26446357  0.38214308]
 [ 0.50632656 -0.17707253  0.18942885]
 [ 0.5957128  -0.24512547  0.1797505 ]
 [-0.19181824 -0.00716593  0.17841598]
 [-0.40588135 -0.01989697  0.31112117]
 [-0.38722682 -0.08110729  0.416107  ]
 [-0.45387053 -0.03562975  0.43558824]
 [-0.29122952  0.04671198  0.3593465 ]
 [ 0.0089083  -0.04690418  0.38486373]
 [ 0.03937873 -0.28689763  0.35462958]
 [-0.4675363  -0.06456949  0.18365504]
 [-0.37209347 -0.2705682   0.11971538]
 [-0.29888663 -0.34037507  0.22519214]]
[[ 0.          0.          0.10583149]
 [-0.04430444 -0.05703735  0.01233846]
 [ 0.32099298 -0.29227152  0.03002445]
 [ 0.6290454   0.00124079  0.        ]
 [ 0.73592776  0.00441939  0.02694574]
 [ 0.0442374   0.05707288  0.19998208]
 [ 0.35430247 -0.25909972  0.35631448]
 [ 0.6334671  -0.17797446  0.2705186 ]
 [ 0.757164   -0.23842022  0.3013428 ]
 [-0.1708802  -0.013473    0.20385116]
 [-0.3735311  -0.0441525   0.34697214]
 [-0.35794502 -0.10361773  0.4460554 ]
 [-0.42324042 -0.05681878  0.47514427]
 [-0.2545769   0.01287711  0.39629012]
 [ 0.02002853 -0.11107926  0.37280416]
 [ 0.01839739 -0.33298343  0.27788556]
 [-0.43933833 -0.07758591  0.2175581 ]
 [-0.33525908 -0.2520302   0.08000158]
 [-0.24682727 -0.42123044  0.09808071]]
[[ 0.          0.          0.12758316]
 [-0.0452899  -0.05213457  0.03454334]
 [ 0.3207479  -0.26686198  0.03011727]
 [ 0.64474463  0.01759581  0.        ]
 [ 0.75328344  0.01963473  0.02415814]
 [ 0.04526006  0.05217186  0.22130334]
 [ 0.35200804 -0.25113225  0.3609571 ]
 [ 0.6796349  -0.22421159  0.309245  ]
 [ 0.7962673  -0.28604662  0.35922474]
 [-0.16084689 -0.02030376  0.23449525]
 [-0.35571766 -0.06167914  0.38157272]
 [-0.34534025 -0.1227327   0.47474414]
 [-0.40774834 -0.07512721  0.50438905]
 [-0.23577242 -0.01043001  0.4330899 ]
 [ 0.02776933 -0.13664389  0.3862533 ]
 [ 0.01204267 -0.35415184  0.27297688]
 [-0.42450756 -0.08757356  0.2538761 ]
 [-0.32213134 -0.2423275   0.0908729 ]
 [-0.2424512  -0.44598272  0.08030052]]
[[ 0.          0.          0.13274668]
 [-0.04309043 -0.04929402  0.03905612]
 [ 0.3186944  -0.25428697  0.0257204 ]
 [ 0.6554383   0.03468345  0.        ]
 [ 0.7769239   0.02932544  0.02709271]
 [ 0.04306887  0.04932119  0.2271811 ]
 [ 0.34734637 -0.25676292  0.34820452]
 [ 0.6985476  -0.25382614  0.31632668]
 [ 0.8122363  -0.31914684  0.37817246]
 [-0.15477325 -0.02925028  0.24293767]
 [-0.34416693 -0.07585184  0.39346445]
 [-0.33750945 -0.13624778  0.48412347]
 [-0.39608055 -0.087055    0.513716  ]
 [-0.22439824 -0.03072971  0.4449939 ]
 [ 0.02425501 -0.16314608  0.38281286]
 [ 0.0017489  -0.3682227   0.25891584]
 [-0.4118883  -0.09446952  0.26565832]
 [-0.312366   -0.23293804  0.08724992]
 [-0.24595037 -0.45105517  0.0727918 ]]
[[ 0.          0.          0.13626525]
 [-0.04262177 -0.04419553  0.04253021]
 [ 0.31297675 -0.23039246  0.01169865]
 [ 0.6649629   0.06000571  0.        ]
 [ 0.8002839   0.04659149  0.01813552]
 [ 0.04260994  0.0442346   0.23076367]
 [ 0.3387911  -0.27138847  0.32993427]
 [ 0.7116972  -0.30536893  0.31251833]
 [ 0.8193506  -0.3777513   0.37949538]
 [-0.14652106 -0.02812367  0.24879181]
 [-0.33138514 -0.08075069  0.40121222]
 [-0.3293548  -0.14256819  0.4883759 ]
 [-0.3838493  -0.09177959  0.5191612 ]
 [-0.21199015 -0.04596412  0.45328394]
 [ 0.02679081 -0.18089068  0.37546057]
 [-0.0051093  -0.37570295  0.24275771]
 [-0.4003383  -0.0864092   0.2711782 ]
 [-0.31122416 -0.21115714  0.07777861]
 [-0.25685164 -0.43366486  0.0649769 ]]
[[ 0.          0.          0.14766662]
 [-0.04386849 -0.04087172  0.05413434]
 [ 0.3051886  -0.23105991  0.0032476 ]
 [ 0.6734017   0.05956329  0.        ]
 [ 0.81201416  0.04105726  0.01811559]
 [ 0.04387025  0.04091407  0.24197175]
 [ 0.3360058  -0.27611995  0.32582545]
 [ 0.721853   -0.3411684   0.3191287 ]
 [ 0.8170339  -0.41593665  0.38490683]
 [-0.14200823 -0.03254582  0.2610558 ]
 [-0.32256937 -0.09222393  0.41295707]
 [-0.32501125 -0.1539584   0.49739146]
 [-0.37724155 -0.10371521  0.5275547 ]
 [-0.20310989 -0.06135008  0.4666679 ]
 [ 0.0275877  -0.19638562  0.37659436]
 [-0.01408118 -0.38411134  0.23832588]
 [-0.3917721  -0.09043617  0.28409982]
 [-0.31280714 -0.19758777  0.07952885]
 [-0.28074837 -0.41745877  0.06518327]]
[[ 0.          0.          0.15940246]
 [-0.0442581  -0.03522766  0.06769799]
 [ 0.29954347 -0.2219456   0.00257549]
 [ 0.67127925  0.06383757  0.        ]
 [ 0.81780255  0.04041769  0.0136859 ]
 [ 0.0442686   0.03528777  0.25189525]
 [ 0.3305837  -0.28469175  0.31863773]
 [ 0.7206278  -0.34748143  0.3205433 ]
 [ 0.81686544 -0.4193485   0.3837123 ]
 [-0.13877483 -0.03703767  0.27077955]
 [-0.31920263 -0.10671519  0.4179407 ]
 [-0.32591105 -0.16614689  0.49966487]
 [-0.37446955 -0.11916068  0.52997696]
 [-0.19832213 -0.08354002  0.4737615 ]
 [ 0.02573187 -0.22080466  0.37748477]
 [-0.0248318  -0.4014389   0.23670617]
 [-0.38890913 -0.09349903  0.29008254]
 [-0.31761092 -0.18741333  0.07716939]
 [-0.30968082 -0.41041774  0.07400003]]
[[ 0.          0.          0.17737295]
 [-0.04643612 -0.03006008  0.08603469]
 [ 0.29448056 -0.21652514  0.00369938]
 [ 0.66376936  0.06492759  0.        ]
 [ 0.81406885  0.03993191  0.00708005]
 [ 0.04644797  0.03013562  0.26949534]
 [ 0.32433587 -0.29189402  0.32007033]
 [ 0.71157557 -0.38263875  0.31539333]
 [ 0.8056848  -0.45530096  0.371271  ]
 [-0.13505602 -0.03646786  0.2869567 ]
 [-0.3144741  -0.11099473  0.42947167]
 [-0.32720944 -0.17053369  0.50693333]
 [-0.37216315 -0.12470287  0.53592455]
 [-0.19209377 -0.09499833  0.4879775 ]
 [ 0.02685548 -0.23203743  0.38476545]
 [-0.03367005 -0.40652907  0.24095707]
 [-0.38519967 -0.08846919  0.30119812]
 [-0.323097   -0.16435389  0.0801584 ]
 [-0.32942462 -0.38557094  0.08613916]]
[[ 0.00000000e+00  0.00000000e+00  1.89506501e-01]
 [-4.74479087e-02 -2.21664384e-02  9.92347002e-02]
 [ 2.88072586e-01 -2.08750486e-01  6.47962093e-04]
 [ 6.58558369e-01  6.99411780e-02  3.83639336e-03]
 [ 8.05948973e-01  4.67368215e-02  0.00000000e+00]
 [ 4.74733934e-02  2.22555399e-02  2.80582547e-01]
 [ 3.16471159e-01 -2.97547579e-01  3.14680189e-01]
 [ 7.16667771e-01 -3.54227364e-01  3.22115123e-01]
 [ 8.12184691e-01 -4.22759652e-01  3.65172446e-01]
 [-1.37569457e-01 -3.94887254e-02  2.92958289e-01]
 [-3.20701957e-01 -1.16584912e-01  4.26380992e-01]
 [-3.42545629e-01 -1.75394386e-01  5.00806093e-01]
 [-3.83201778e-01 -1.29804522e-01  5.27282953e-01]
 [-1.97557479e-01 -1.09494075e-01  4.88992065e-01]
 [ 1.36748850e-02 -2.52087712e-01  3.80343080e-01]
 [-5.65901808e-02 -4.21544611e-01  2.34687179e-01]
 [-3.89979362e-01 -8.50141943e-02  2.98928916e-01]
 [-3.35599005e-01 -1.49708211e-01  7.34210312e-02]
 [-3.69202673e-01 -3.67416263e-01  8.18261802e-02]]
[[ 0.00000000e+00  0.00000000e+00  2.10625648e-01]
 [-4.72029895e-02 -1.31777301e-02  1.21996060e-01]
 [ 2.85140514e-01 -1.92817450e-01  5.18624485e-03]
 [ 6.50910378e-01  7.90531635e-02  1.52289122e-02]
 [ 8.02061200e-01  5.66783249e-02  0.00000000e+00]
 [ 4.72297594e-02  1.32799149e-02  3.00038308e-01]
 [ 3.08387280e-01 -3.04095984e-01  3.14054072e-01]
 [ 7.07596123e-01 -3.60015750e-01  3.20894569e-01]
 [ 8.08224678e-01 -4.27728504e-01  3.50837409e-01]
 [-1.39763877e-01 -3.57420146e-02  3.07463527e-01]
 [-3.26867998e-01 -1.11573115e-01  4.30346578e-01]
 [-3.61354709e-01 -1.70481950e-01  4.96109366e-01]
 [-3.94629240e-01 -1.27944782e-01  5.22445500e-01]
 [-2.02527851e-01 -1.16768509e-01  4.95772123e-01]
 [ 5.39220870e-04 -2.67051905e-01  3.85233700e-01]
 [-7.78821930e-02 -4.32993233e-01  2.41760343e-01]
 [-3.95225525e-01 -6.92420006e-02  3.06853771e-01]
 [-3.49049747e-01 -1.29166931e-01  7.59773254e-02]
 [-3.97832036e-01 -3.45898002e-01  9.71582830e-02]]
[[ 0.          0.          0.23435919]
 [-0.045274   -0.00085814  0.14766417]
 [ 0.27842116 -0.1716717   0.00297716]
 [ 0.6473823   0.09907612  0.02840208]
 [ 0.79633284  0.0757968   0.        ]
 [ 0.04528957  0.00097091  0.321854  ]
 [ 0.2925405  -0.3134796   0.30239892]
 [ 0.70281935 -0.3392863   0.323338  ]
 [ 0.8080696  -0.4030256   0.33523405]
 [-0.14655961 -0.03689799  0.32042605]
 [-0.34176898 -0.11420515  0.42919874]
 [-0.39186153 -0.16817185  0.4868322 ]
 [-0.41601628 -0.13039188  0.51330525]
 [-0.21718338 -0.13336734  0.49847043]
 [-0.02313869 -0.2906256   0.38418484]
 [-0.1070555  -0.44931537  0.23501478]
 [-0.40557814 -0.05587219  0.3103208 ]
 [-0.36583635 -0.09922896  0.07285614]
 [-0.4228018  -0.31331685  0.08901541]]
[[ 0.          0.          0.27137613]
 [-0.04218521  0.01585293  0.19113046]
 [ 0.26638728 -0.13765329  0.00906718]
 [ 0.63671386  0.12069353  0.05137111]
 [ 0.7792531   0.09673272  0.        ]
 [ 0.0421737  -0.01572563  0.3524124 ]
 [ 0.2730874  -0.31445533  0.28710872]
 [ 0.68060887 -0.33490193  0.3157236 ]
 [ 0.7957365  -0.39352772  0.30513066]
 [-0.15661852 -0.03255405  0.34286547]
 [-0.36335856 -0.1059528   0.43044224]
 [-0.44085914 -0.14801744  0.46749854]
 [-0.44839412 -0.1235126   0.499126  ]
 [-0.24170458 -0.1442109   0.50475   ]
 [-0.05940671 -0.3056026   0.38556337]
 [-0.1446479  -0.45015848  0.22317061]
 [-0.41934013 -0.02912765  0.3194505 ]
 [-0.3929376  -0.06366226  0.07466307]
 [-0.46680728 -0.2638197   0.07875112]]
[[ 0.          0.          0.31207353]
 [-0.03576102  0.03535299  0.23954475]
 [ 0.2548486  -0.08269852  0.01414645]
 [ 0.6274581   0.15334502  0.07706013]
 [ 0.7578771   0.13372394  0.        ]
 [ 0.03573211 -0.03520473  0.3853714 ]
 [ 0.24223948 -0.31284243  0.257197  ]
 [ 0.6433995  -0.34431502  0.29801285]
 [ 0.76538414 -0.39734542  0.26406392]
 [-0.16569029 -0.02405357  0.3665955 ]
 [-0.38302404 -0.08853877  0.43272477]
 [-0.4834903  -0.10546962  0.4465142 ]
 [-0.47808987 -0.1031864   0.485392  ]
 [-0.2694605  -0.14921275  0.5085375 ]
 [-0.0996623  -0.3076235   0.37969953]
 [-0.1802271  -0.43187287  0.19956684]
 [-0.4272051   0.00998978  0.3337769 ]
 [-0.40662998  0.00607137  0.07966581]
 [-0.4945588  -0.17984873  0.07157332]]
[[ 0.          0.          0.3510098 ]
 [-0.02730464  0.05902374  0.28855053]
 [ 0.23421971 -0.01712608  0.01097721]
 [ 0.61211514  0.18642984  0.10261476]
 [ 0.72457397  0.17415574  0.        ]
 [ 0.02724712 -0.05883263  0.4142297 ]
 [ 0.19789046 -0.31463626  0.20981601]
 [ 0.59560907 -0.3402601   0.27261016]
 [ 0.723049   -0.38758466  0.21789427]
 [-0.17645705 -0.01116608  0.3856974 ]
 [-0.40528125 -0.06236745  0.42729604]
 [-0.52702105 -0.05591162  0.41920143]
 [-0.5096508  -0.075065    0.4630533 ]
 [-0.3025707  -0.14207657  0.502961  ]
 [-0.1437077  -0.2861556   0.3542764 ]
 [-0.22548671 -0.38296863  0.15269011]
 [-0.43529078  0.05462152  0.34082174]
 [-0.42793187  0.08060163  0.08200985]
 [-0.5310148  -0.10562703  0.05761874]]
[[ 0.          0.          0.37813592]
 [-0.02032667  0.07526989  0.3240807 ]
 [ 0.20524788  0.02467516  0.00365746]
 [ 0.58686435  0.2036944   0.11788824]
 [ 0.68746173  0.19566987  0.        ]
 [ 0.02024518 -0.07504229  0.43294096]
 [ 0.153135   -0.31450814  0.1716446 ]
 [ 0.5436243  -0.33963346  0.24540955]
 [ 0.6732855  -0.38393816  0.17857535]
 [-0.18606116 -0.00521557  0.39815494]
 [-0.4244464  -0.04991444  0.42251384]
 [-0.559672   -0.03319827  0.3989256 ]
 [-0.53430456 -0.0644656   0.44794562]
 [-0.33033606 -0.14003634  0.4948197 ]
 [-0.17442334 -0.2616078   0.3217131 ]
 [-0.26370272 -0.35044768  0.11363417]
 [-0.44350746  0.07759696  0.34485948]
 [-0.45081627  0.12398058  0.08267564]
 [-0.571249   -0.07033926  0.0486764 ]]
[[ 0.          0.          0.4044909 ]
 [-0.01407998  0.08831398  0.3575928 ]
 [ 0.17012638  0.0488351   0.        ]
 [ 0.55852044  0.20215255  0.13439703]
 [ 0.6486486   0.19671765  0.00598139]
 [ 0.01397707 -0.08806474  0.45213404]
 [ 0.11067918 -0.30894396  0.14576012]
 [ 0.49621832 -0.33028242  0.22915836]
 [ 0.6260171  -0.37105978  0.15657532]
 [-0.19502705 -0.00455757  0.41289413]
 [-0.44084942 -0.04519453  0.4250928 ]
 [-0.58221805 -0.0190562   0.39084718]
 [-0.5525029  -0.05810303  0.4468217 ]
 [-0.35450456 -0.14214796  0.4909087 ]
 [-0.19947357 -0.23851755  0.2906783 ]
 [-0.29979828 -0.32246444  0.08390886]
 [-0.45082498  0.08931549  0.3546441 ]
 [-0.4722097   0.14596888  0.08679277]
 [-0.6049075  -0.04870608  0.04231858]]
[[ 0.          0.          0.4210683 ]
 [-0.00883007  0.09607057  0.37966615]
 [ 0.14130677  0.06523162  0.        ]
 [ 0.5337956   0.19232208  0.14794722]
 [ 0.62069803  0.18801203  0.01434007]
 [ 0.00872426 -0.09581266  0.46320707]
 [ 0.0776889  -0.30219173  0.13197985]
 [ 0.45830846 -0.32755488  0.22069156]
 [ 0.5891465  -0.36640185  0.1439836 ]
 [-0.20006481 -0.0024104   0.42198348]
 [-0.45077762 -0.04006823  0.42686242]
 [-0.5926864  -0.00814611  0.38805714]
 [-0.5624613  -0.05173701  0.4471979 ]
 [-0.37151337 -0.14103785  0.4870993 ]
 [-0.21544898 -0.2152696   0.2650116 ]
 [-0.3280065  -0.29668123  0.06515577]
 [-0.4539783   0.09730276  0.36127874]
 [-0.48635966  0.15904778  0.08970225]
 [-0.62963384 -0.03206906  0.03884178]]
