[[ 0.          0.          0.641341  ]
 [ 0.09301494  0.03663736  0.6377889 ]
 [ 0.154044   -0.09880242  0.238238  ]
 [ 0.2966044  -0.5484395   0.3120825 ]
 [ 0.38734776 -0.5728894   0.25677985]
 [-0.0931543  -0.03649818  0.64552605]
 [-0.2441656   0.28070408  0.40527397]
 [-0.27943364  0.447039    0.01607597]
 [-0.38471174  0.56076276  0.        ]
 [-0.06173266  0.04216297  0.8486854 ]
 [-0.15431634  0.0813112   1.0778906 ]
 [-0.25148487  0.09922355  1.078237  ]
 [-0.24526045  0.03747725  1.1344895 ]
 [-0.21052088  0.02179956  1.0652026 ]
 [-0.11006033 -0.1739491   1.0944002 ]
 [-0.12195856 -0.18160164  1.077492  ]
 [-0.05085398  0.12880415  1.0495331 ]
 [-0.03046969  0.2524343   0.8071785 ]
 [-0.24657753  0.24815083  0.8146169 ]]
[[ 0.          0.          0.6832475 ]
 [ 0.11092252  0.05039889  0.67815846]
 [ 0.1127117   0.00812042  0.25260776]
 [ 0.24614924 -0.51082397  0.45379573]
 [ 0.32996953 -0.5706854   0.41831353]
 [-0.11103405 -0.05028384  0.68893504]
 [-0.21232423  0.31093782  0.43444407]
 [-0.1610434   0.42167285  0.03553706]
 [-0.27699244  0.5564147   0.        ]
 [-0.05693206  0.05819069  0.8848387 ]
 [-0.15027058  0.1046482   1.109971  ]
 [-0.2604934   0.12507597  1.1255686 ]
 [-0.2477957   0.05955487  1.1810634 ]
 [-0.23330201  0.04470077  1.0841951 ]
 [-0.164465   -0.09306106  0.9530456 ]
 [-0.14233606 -0.04187803  0.84201634]
 [-0.02042361  0.1448986   1.0824523 ]
 [ 0.05647974  0.20498769  0.8261484 ]
 [-0.05941536  0.24882728  0.6911521 ]]
[[ 0.00000000e+00  0.00000000e+00  7.07428813e-01]
 [ 1.11513585e-01  6.53723180e-02  7.05213189e-01]
 [ 3.08575407e-02  9.49942470e-02  2.87126243e-01]
 [ 1.65053755e-01 -4.22628582e-01  5.16846955e-01]
 [ 2.28044748e-01 -4.80890155e-01  4.62284833e-01]
 [-1.11688629e-01 -6.52841926e-02  7.10001767e-01]
 [-1.64046228e-01  2.87902653e-01  4.21467006e-01]
 [-2.28589326e-02  3.41785342e-01  4.62757945e-02]
 [-1.37242824e-01  4.86343473e-01  0.00000000e+00]
 [-5.72904348e-02  7.40982890e-02  9.03866768e-01]
 [-1.46013886e-01  1.31965995e-01  1.12943983e+00]
 [-2.56339103e-01  1.49748862e-01  1.16530955e+00]
 [-2.33757913e-01  8.10037255e-02  1.21547544e+00]
 [-2.56090105e-01  7.08636642e-02  1.10027063e+00]
 [-2.22329021e-01 -3.46350074e-02  9.01073098e-01]
 [-1.95966586e-01  9.48290974e-02  7.21491575e-01]
 [ 5.92395663e-05  1.58843756e-01  1.10082185e+00]
 [ 1.29778445e-01  1.36990592e-01  8.61919045e-01]
 [ 1.10671893e-01  1.82391047e-01  6.27168894e-01]]
[[ 0.          0.          0.6915494 ]
 [ 0.1008231   0.07473843  0.6994851 ]
 [-0.10939595  0.15230685  0.3750925 ]
 [ 0.07790941 -0.28104663  0.42354918]
 [ 0.10174374 -0.28202653  0.3087104 ]
 [-0.10099108 -0.07476468  0.683536  ]
 [-0.07770623  0.23099986  0.35693836]
 [ 0.15544268  0.2633782   0.05432379]
 [ 0.04723552  0.41567764  0.        ]
 [-0.06188546  0.07711455  0.89738786]
 [-0.14417441  0.13952348  1.1339618 ]
 [-0.24632445  0.15853953  1.1838757 ]
 [-0.21977879  0.08046246  1.235002  ]
 [-0.2738472   0.0768398   1.105365  ]
 [-0.30112824 -0.03011045  0.86224127]
 [-0.28536087  0.12552851  0.7179635 ]
 [ 0.00678536  0.15272796  1.1023692 ]
 [ 0.22648352  0.08612818  0.97919095]
 [ 0.31111258  0.14099208  0.7239028 ]]
[[ 0.          0.          0.7082943 ]
 [ 0.09576478  0.06911624  0.72811645]
 [-0.17349634  0.26549244  0.57593864]
 [-0.04296246  0.00595728  0.2707149 ]
 [-0.12853317  0.07474139  0.13997436]
 [-0.09588712 -0.06937329  0.6879973 ]
 [ 0.06681308  0.08962414  0.35838154]
 [ 0.31671825  0.02853328  0.1070264 ]
 [ 0.26251113  0.15854532  0.        ]
 [-0.05752009  0.01774015  0.9320596 ]
 [-0.11755238  0.05767864  1.1842202 ]
 [-0.19739458  0.11000454  1.2290428 ]
 [-0.17883292  0.03016096  1.281757  ]
 [-0.26206696  0.02392176  1.1626446 ]
 [-0.33998898 -0.03062597  0.9083335 ]
 [-0.28913343  0.15071103  0.9228386 ]
 [ 0.026621    0.05613095  1.1576109 ]
 [ 0.28142518 -0.03491604  1.1777077 ]
 [ 0.4326755  -0.04033251  0.93933046]]
[[ 0.          0.          0.6977111 ]
 [ 0.0931685   0.06579425  0.7175445 ]
 [-0.19448194  0.23025319  0.5686193 ]
 [-0.11120679  0.06000569  0.17342699]
 [-0.22976848  0.13057953  0.06559604]
 [-0.09329617 -0.06608491  0.6773126 ]
 [ 0.11630142  0.06183416  0.35400304]
 [ 0.36203727 -0.01727474  0.12919134]
 [ 0.34202242  0.08735013  0.        ]
 [-0.05056134  0.00374277  0.92561984]
 [-0.10293666  0.03570405  1.1813457 ]
 [-0.17981125  0.09458667  1.2184343 ]
 [-0.16485319  0.01107568  1.2765305 ]
 [-0.24994324  0.00931689  1.1619861 ]
 [-0.32376838 -0.0013594   0.8999995 ]
 [-0.26131082  0.16966219  0.9595285 ]
 [ 0.04107673  0.02826893  1.1554141 ]
 [ 0.28742987 -0.06935963  1.2080051 ]
 [ 0.43975163 -0.0947471   0.9760702 ]]
[[ 0.          0.          0.6347811 ]
 [ 0.09728737  0.05033756  0.6537445 ]
 [-0.12943016  0.29361403  0.46546054]
 [-0.15115339  0.33663788  0.0395748 ]
 [-0.25156337  0.44219685  0.        ]
 [-0.0975592  -0.05058096  0.6151387 ]
 [ 0.11045158  0.00252616  0.27419472]
 [ 0.4138894  -0.15746552  0.25682786]
 [ 0.49925688 -0.07120025  0.18245089]
 [-0.02987165  0.00595413  0.8664442 ]
 [-0.0684913   0.04186153  1.1228807 ]
 [-0.14081289  0.10868073  1.1595461 ]
 [-0.12820093  0.0195713   1.2210152 ]
 [-0.21383181  0.02206692  1.1023483 ]
 [-0.28448227 -0.03100492  0.87437975]
 [-0.23936665  0.16629922  0.78725857]
 [ 0.08382021  0.03938147  1.0951772 ]
 [ 0.31380564 -0.05923483  1.102889  ]
 [ 0.42018753 -0.05571631  0.8588947 ]]
[[ 0.          0.          0.6698425 ]
 [ 0.09901312  0.04248012  0.6882932 ]
 [-0.07107145  0.34295017  0.43586856]
 [-0.08841425  0.42230082  0.01791757]
 [-0.17270654  0.5331059   0.        ]
 [-0.09929948 -0.04263595  0.65078115]
 [ 0.04488898 -0.01775983  0.27551818]
 [ 0.33858103 -0.2586518   0.38856813]
 [ 0.4728145  -0.19345236  0.36324635]
 [-0.0180609   0.0239079   0.8959844 ]
 [-0.04742104  0.07806692  1.1442076 ]
 [-0.11925167  0.14037192  1.1843321 ]
 [-0.1028925   0.0559575   1.249254  ]
 [-0.18880695  0.06109667  1.1189404 ]
 [-0.24107862  0.02991928  0.8600792 ]
 [-0.19435811  0.18944547  0.70592386]
 [ 0.1026931   0.07423386  1.1106427 ]
 [ 0.31149125  0.01918167  1.0242779 ]
 [ 0.35628745  0.04876105  0.7825427 ]]
[[ 0.          0.          0.71416044]
 [ 0.09834063  0.04218071  0.73148155]
 [-0.03337297  0.34395957  0.43979275]
 [-0.02342722  0.37888414  0.02881229]
 [-0.10834533  0.48548657  0.        ]
 [-0.09853964 -0.04230941  0.69633883]
 [-0.02195819 -0.02491122  0.31058747]
 [ 0.25733232 -0.33779126  0.4966758 ]
 [ 0.41005737 -0.30024773  0.50225705]
 [-0.01138096  0.0477812   0.9298942 ]
 [-0.03808828  0.12956709  1.1635741 ]
 [-0.11080836  0.19011402  1.2038549 ]
 [-0.09277496  0.11295623  1.2699049 ]
 [-0.17551059  0.10503143  1.1400518 ]
 [-0.22389373  0.05552614  0.8837092 ]
 [-0.19258296  0.18060818  0.68355334]
 [ 0.10894816  0.12308422  1.1273876 ]
 [ 0.2868565   0.10103898  0.97625065]
 [ 0.29339284  0.15819266  0.75279564]]
[[ 0.00000000e+00  0.00000000e+00  7.33441234e-01]
 [ 9.76308584e-02  4.55756411e-02  7.50133872e-01]
 [-1.53213739e-04  3.61051410e-01  4.44231242e-01]
 [ 4.02124971e-02  3.62220168e-01  4.28590775e-02]
 [-4.38409448e-02  4.66723561e-01  0.00000000e+00]
 [-9.78008434e-02 -4.56853993e-02  7.16348052e-01]
 [-8.32920372e-02  8.03664327e-03  3.29497963e-01]
 [ 1.91988707e-01 -3.43632162e-01  5.44037700e-01]
 [ 3.39825153e-01 -3.18828523e-01  5.55756927e-01]
 [-1.21243149e-02  5.27969897e-02  9.43273067e-01]
 [-4.47528660e-02  1.38664395e-01  1.17117643e+00]
 [-1.20021045e-01  2.00545907e-01  1.21415150e+00]
 [-1.00391954e-01  1.28987610e-01  1.27958632e+00]
 [-1.80056036e-01  1.06332213e-01  1.14759398e+00]
 [-2.33507857e-01  3.65073085e-02  9.11457598e-01]
 [-2.06694335e-01  1.67892784e-01  7.05080867e-01]
 [ 1.04130119e-01  1.37334883e-01  1.13543737e+00]
 [ 2.56176889e-01  1.41686231e-01  9.47783053e-01]
 [ 2.36709893e-01  2.34071881e-01  7.46478856e-01]]
[[ 0.          0.          0.73224664]
 [ 0.10675312  0.06673369  0.75043046]
 [ 0.07801515  0.3689104   0.40837365]
 [ 0.1940945   0.28337315  0.05977345]
 [ 0.1114851   0.4013542   0.        ]
 [-0.10701197 -0.06677126  0.7138815 ]
 [-0.23227721  0.00426644  0.3639087 ]
 [ 0.05275032 -0.35996383  0.53235865]
 [ 0.1406194  -0.33487365  0.49810648]
 [-0.02758008  0.07331067  0.9396113 ]
 [-0.08131604  0.1719417   1.1664903 ]
 [-0.17783839  0.2186017   1.2206591 ]
 [-0.15671131  0.1419856   1.2695959 ]
 [-0.21750745  0.11725134  1.1525583 ]
 [-0.27939227 -0.01935863  1.0184271 ]
 [-0.23629409  0.1370034   0.8653142 ]
 [ 0.07288694  0.19224027  1.1329498 ]
 [ 0.16107996  0.25938594  0.90317154]
 [ 0.07427251  0.3364002   0.7971065 ]]
[[ 0.0000000e+00  0.0000000e+00  7.0871639e-01]
 [ 1.0159421e-01  8.1401169e-02  7.1376789e-01]
 [ 2.2324371e-01  2.7942291e-01  3.7096155e-01]
 [ 4.1496146e-01  1.5480691e-01  1.0102391e-01]
 [ 3.5477898e-01  2.6082563e-01  0.0000000e+00]
 [-1.0178518e-01 -8.1182942e-02  7.0361495e-01]
 [-3.0142170e-01  8.6034298e-02  5.3350168e-01]
 [-1.2120150e-01 -1.8991607e-01  2.8731382e-01]
 [-1.8358742e-01 -1.5593392e-01  1.2614423e-01]
 [-5.6447104e-02  3.0005246e-02  9.2565906e-01]
 [-1.3003443e-01  9.1758758e-02  1.1690761e+00]
 [-2.1944359e-01  1.4327919e-01  1.2027345e+00]
 [-2.0644744e-01  5.8632970e-02  1.2579808e+00]
 [-2.4362463e-01  3.3351719e-02  1.1516953e+00]
 [-1.2821864e-01 -7.3906869e-02  9.5904768e-01]
 [-5.4479137e-02 -5.1884353e-04  8.9688635e-01]
 [ 1.1099763e-02  1.5093520e-01  1.1379793e+00]
 [-4.6261445e-02  2.9848832e-01  9.0133131e-01]
 [-2.3518008e-01  2.8806269e-01  9.9626523e-01]]
[[ 0.          0.          0.6441077 ]
 [ 0.09684125  0.07513699  0.64888287]
 [ 0.29361096  0.24201268  0.35367146]
 [ 0.5112184   0.09908468  0.14287114]
 [ 0.5096976   0.179402    0.00153184]
 [-0.09700618 -0.07486434  0.6395358 ]
 [-0.2831743   0.0786152   0.49755287]
 [-0.26493967 -0.03489494  0.09249133]
 [-0.3644616   0.0486393   0.        ]
 [-0.04762527  0.01329893  0.86470175]
 [-0.11370215  0.05638558  1.11188   ]
 [-0.22201967  0.08814138  1.1303967 ]
 [-0.19410244  0.02378267  1.1847868 ]
 [-0.19068632 -0.02017426  1.1006212 ]
 [-0.18969968 -0.22320211  1.2248813 ]
 [-0.06764187 -0.19601697  1.1714262 ]
 [-0.00582929  0.13180226  1.091963  ]
 [-0.12229022  0.28192374  0.88483536]
 [-0.26137462  0.17954564  1.0461435 ]]
[[ 0.          0.          0.6368402 ]
 [ 0.09624165  0.06503992  0.6386795 ]
 [ 0.26583531  0.13782912  0.2929183 ]
 [ 0.49927485 -0.10442734  0.23555437]
 [ 0.531116   -0.06571257  0.10558248]
 [-0.09643122 -0.06483479  0.6353756 ]
 [-0.2905324   0.12733278  0.44613197]
 [-0.3484798   0.11747348  0.04501837]
 [-0.45162836  0.20758197  0.        ]
 [-0.05272282  0.01551051  0.85882574]
 [-0.12623274  0.05372161  1.1037602 ]
 [-0.23631138  0.07984787  1.119178  ]
 [-0.21016029  0.01553851  1.1739107 ]
 [-0.19477022 -0.01614493  1.0923222 ]
 [-0.13055573 -0.21987456  1.192271  ]
 [-0.01748775 -0.17773715  1.1021826 ]
 [-0.02592039  0.12077361  1.0827353 ]
 [-0.11723736  0.27201143  0.8642168 ]
 [-0.2597992   0.18296075  1.010343  ]]
[[ 0.          0.          0.60292244]
 [ 0.0955823   0.04334917  0.60334265]
 [ 0.17118979 -0.01906219  0.2061503 ]
 [ 0.35611534 -0.4179025   0.31005496]
 [ 0.44891566 -0.43293262  0.24025732]
 [-0.09567297 -0.04325543  0.6031092 ]
 [-0.23744112  0.26938334  0.3518687 ]
 [-0.29133597  0.45537958  0.        ]
 [-0.39570105  0.5551294   0.00375432]
 [-0.0559646   0.02942801  0.8175831 ]
 [-0.13928172  0.06494892  1.056768  ]
 [-0.24913073  0.08330563  1.0710888 ]
 [-0.23324545  0.02133423  1.1255183 ]
 [-0.20048916  0.00536561  1.0416058 ]
 [-0.07357977 -0.15744692  1.0197296 ]
 [-0.05834365 -0.13820492  0.9119457 ]
 [-0.03798367  0.11526513  1.0285068 ]
 [-0.04152104  0.23769426  0.78742045]
 [-0.21069467  0.24142523  0.8234253 ]]
[[ 0.          0.          0.6386802 ]
 [ 0.0954388   0.04149714  0.6398262 ]
 [ 0.14058489 -0.04014426  0.23051134]
 [ 0.28371736 -0.4743474   0.3772748 ]
 [ 0.37469244 -0.5113118   0.3562293 ]
 [-0.09556438 -0.04146941  0.63816005]
 [-0.2115654   0.26760936  0.368489  ]
 [-0.24351352  0.44017136  0.0061518 ]
 [-0.3572585   0.5449952   0.        ]
 [-0.05730365  0.0302106   0.84790635]
 [-0.14224634  0.06252757  1.0836123 ]
 [-0.24520648  0.08175015  1.0973055 ]
 [-0.232303    0.01769757  1.1541208 ]
 [-0.20752743  0.00806478  1.0689222 ]
 [-0.11045205 -0.15563577  1.0786248 ]
 [-0.10039754 -0.11055422  1.0377916 ]
 [-0.03582132  0.10675633  1.0540266 ]
 [ 0.0029626   0.20940794  0.8069695 ]
 [-0.15630338  0.23649585  0.7686983 ]]
[[ 0.          0.          0.7330847 ]
 [ 0.10696407  0.05332503  0.74073327]
 [ 0.06968112  0.0794996   0.3189517 ]
 [ 0.19456887 -0.39976996  0.5507679 ]
 [ 0.25688583 -0.46696463  0.5460812 ]
 [-0.10718036 -0.05326486  0.7259449 ]
 [-0.15080541  0.29282963  0.44007272]
 [-0.08388659  0.36850098  0.03650945]
 [-0.18959174  0.49924493  0.        ]
 [-0.05649891  0.04704881  0.93453014]
 [-0.13837403  0.08523184  1.16696   ]
 [-0.24925852  0.09889248  1.2088885 ]
 [-0.2251979   0.02250528  1.2556443 ]
 [-0.2371811   0.03791377  1.1373552 ]
 [-0.17735323 -0.03100893  0.9519517 ]
 [-0.1470544   0.10484287  0.7975018 ]
 [-0.00428276  0.11333379  1.1370257 ]
 [ 0.10494807  0.1339178   0.8930037 ]
 [ 0.05962356  0.18816194  0.7060092 ]]
[[ 0.          0.          0.7406312 ]
 [ 0.10498105  0.06464592  0.7509283 ]
 [-0.03178219  0.12733138  0.36422095]
 [ 0.14982161 -0.31392837  0.5481717 ]
 [ 0.1926381  -0.35146624  0.4749013 ]
 [-0.10514666 -0.06462172  0.7305786 ]
 [-0.09833215  0.26542652  0.4149766 ]
 [ 0.06837551  0.32419667  0.05063039]
 [-0.04258388  0.46439564  0.        ]
 [-0.05873951  0.06031346  0.9430765 ]
 [-0.1407964   0.09743088  1.1827978 ]
 [-0.24993482  0.11110866  1.2408869 ]
 [-0.22416225  0.02853727  1.2885013 ]
 [-0.25542763  0.04324678  1.1474428 ]
 [-0.23627588 -0.01744604  0.9014822 ]
 [-0.23645812  0.12148857  0.71173215]
 [ 0.00229093  0.11652386  1.1467233 ]
 [ 0.16882105  0.06807667  0.9502455 ]
 [ 0.2191863   0.14360958  0.7043173 ]]
[[ 0.          0.          0.6942593 ]
 [ 0.09364516  0.07401413  0.71164006]
 [-0.14308807  0.26973864  0.49710423]
 [ 0.06233855 -0.07791626  0.39689183]
 [ 0.0467274  -0.03202251  0.25719583]
 [-0.09373586 -0.07414566  0.67663026]
 [ 0.00693794  0.16034949  0.33370963]
 [ 0.2722275   0.18777251  0.06724858]
 [ 0.19155708  0.33173102  0.        ]
 [-0.05486577  0.03127643  0.9088521 ]
 [-0.11985266  0.05901763  1.15917   ]
 [-0.21370573  0.08892292  1.2209241 ]
 [-0.19269204  0.00608021  1.272797  ]
 [-0.24836946  0.00708807  1.1246475 ]
 [-0.3102886  -0.04682672  0.8626516 ]
 [-0.3155132   0.13314041  0.7952583 ]
 [ 0.02082952  0.08022946  1.123735  ]
 [ 0.26603085  0.03171754  1.0527694 ]
 [ 0.37550616  0.08624306  0.8059689 ]]
[[ 0.          0.          0.68015486]
 [ 0.09060674  0.06762303  0.7021139 ]
 [-0.19240484  0.27638566  0.5766941 ]
 [-0.07915569  0.06149659  0.22377124]
 [-0.1903618   0.12866342  0.10130566]
 [-0.09071795 -0.06793848  0.65765524]
 [ 0.11194502  0.07788569  0.32685235]
 [ 0.39523792 -0.00447202  0.12012607]
 [ 0.38024908  0.10249782  0.        ]
 [-0.04395502 -0.00350243  0.9068875 ]
 [-0.09363349  0.0121485   1.1655209 ]
 [-0.17397845  0.0615437   1.2224035 ]
 [-0.15574983 -0.02098113  1.276641  ]
 [-0.2307058  -0.02526081  1.1349428 ]
 [-0.32939222 -0.04846363  0.876145  ]
 [-0.29189754  0.12252021  0.9714096 ]
 [ 0.0422341   0.02111995  1.1375751 ]
 [ 0.2949904  -0.04515013  1.1562277 ]
 [ 0.43143323 -0.04836509  0.92635965]]
[[ 0.          0.          0.62278587]
 [ 0.08998197  0.05938063  0.6430849 ]
 [-0.19945055  0.23228325  0.50347215]
 [-0.18135872  0.14972502  0.0808441 ]
 [-0.31572416  0.23397624  0.        ]
 [-0.09015486 -0.05968285  0.60183126]
 [ 0.14833298  0.05061772  0.28446016]
 [ 0.44070607 -0.0760034   0.14962512]
 [ 0.47918934  0.00593847  0.00547087]
 [-0.03426472 -0.00903383  0.8543656 ]
 [-0.07405342  0.00208077  1.1143126 ]
 [-0.15189265  0.05601025  1.1675463 ]
 [-0.13448347 -0.03845763  1.2187014 ]
 [-0.2139895  -0.02650461  1.0895009 ]
 [-0.3159092  -0.02356887  0.83702654]
 [-0.25856316  0.14378285  0.94558746]
 [ 0.06451775  0.0094623   1.0874876 ]
 [ 0.29484487 -0.06850135  1.1235924 ]
 [ 0.41999757 -0.0842303   0.89482117]]
[[ 0.0000000e+00  0.0000000e+00  6.2782043e-01]
 [ 9.6123666e-02  5.1788036e-02  6.4627373e-01]
 [-1.1531842e-01  3.2249475e-01  4.2599064e-01]
 [-1.5957478e-01  4.1020077e-01  2.0048678e-02]
 [-2.7092785e-01  5.1790810e-01  0.0000000e+00]
 [-9.6434213e-02 -5.1984314e-02  6.0871893e-01]
 [ 8.8543184e-02 -4.7611296e-03  2.4324527e-01]
 [ 4.0839028e-01 -1.9852430e-01  2.9830319e-01]
 [ 5.3030407e-01 -1.2113133e-01  2.2004661e-01]
 [-1.9196043e-02 -8.8357925e-04  8.5898161e-01]
 [-4.5438066e-02  2.2911727e-02  1.1170619e+00]
 [-1.2364003e-01  7.6435268e-02  1.1738911e+00]
 [-9.7964942e-02 -1.4196515e-02  1.2302884e+00]
 [-1.8474063e-01 -4.6589375e-03  1.0935214e+00]
 [-2.6745927e-01 -4.4243321e-02  8.5032469e-01]
 [-2.2721827e-01  1.6169730e-01  7.9156637e-01]
 [ 1.0041520e-01  3.5025269e-02  1.0799427e+00]
 [ 3.1304634e-01 -3.4905314e-02  1.0365161e+00]
 [ 3.7092900e-01 -9.6492916e-03  8.1063056e-01]]
[[ 0.          0.          0.6707592 ]
 [ 0.0987304   0.050544    0.69046247]
 [-0.0540383   0.35089478  0.42449826]
 [-0.07783632  0.43044725  0.02298963]
 [-0.1764124   0.54620373  0.        ]
 [-0.09901115 -0.05070725  0.6504961 ]
 [ 0.00377412 -0.02435488  0.26744252]
 [ 0.29747385 -0.27602082  0.4334951 ]
 [ 0.44683373 -0.21958403  0.40349287]
 [-0.01168793  0.01949225  0.8967644 ]
 [-0.03765646  0.06378689  1.1501055 ]
 [-0.12162316  0.11279196  1.2080097 ]
 [-0.09599336  0.03075999  1.2677536 ]
 [-0.17091438  0.03310362  1.1211438 ]
 [-0.23277548 -0.0254368   0.8674585 ]
 [-0.20719536  0.13490364  0.70135623]
 [ 0.10578577  0.07452822  1.110064  ]
 [ 0.2981937   0.05151504  0.99457467]
 [ 0.31626138  0.10896151  0.7695284 ]]
[[ 0.          0.          0.7176312 ]
 [ 0.10111591  0.05664491  0.7386479 ]
 [-0.01063588  0.3511496   0.43994427]
 [ 0.002464    0.37242204  0.03757161]
 [-0.09493107  0.4924451   0.        ]
 [-0.10133529 -0.05675955  0.69621843]
 [-0.07677436 -0.00631714  0.3112587 ]
 [ 0.2074421  -0.30729073  0.51551205]
 [ 0.36280733 -0.26718062  0.500483  ]
 [-0.00956136  0.03569829  0.93806565]
 [-0.04075731  0.0904685   1.1877806 ]
 [-0.13063884  0.1371066   1.2512522 ]
 [-0.10177302  0.06119442  1.3125999 ]
 [-0.17125654  0.04809415  1.155604  ]
 [-0.2182467  -0.02108522  0.9025563 ]
 [-0.19774549  0.12212886  0.7014095 ]
 [ 0.10347445  0.10670763  1.1438898 ]
 [ 0.26679015  0.10273311  0.9785053 ]
 [ 0.23935147  0.1986036   0.7739556 ]]
[[ 0.          0.          0.7158934 ]
 [ 0.10493194  0.06718324  0.7363914 ]
 [ 0.05264141  0.3760589   0.42921853]
 [ 0.13053879  0.34745884  0.05257887]
 [ 0.02839309  0.46838015  0.        ]
 [-0.10513236 -0.06722344  0.6951219 ]
 [-0.17225242  0.02978766  0.3417816 ]
 [ 0.13098967 -0.29462737  0.5142132 ]
 [ 0.27481472 -0.26086837  0.47580236]
 [-0.01021216  0.04834959  0.931684  ]
 [-0.04525972  0.10991377  1.1796262 ]
 [-0.14088926  0.15304047  1.2521214 ]
 [-0.10705549  0.07785964  1.3131456 ]
 [-0.17393938  0.05549231  1.1474988 ]
 [-0.20230657 -0.03883579  0.9043901 ]
 [-0.1700283   0.10931011  0.7129832 ]
 [ 0.10107121  0.13908172  1.134116  ]
 [ 0.22071454  0.19162369  0.92201555]
 [ 0.14424801  0.34176397  0.7741279 ]]
[[ 0.          0.          0.68982196]
 [ 0.10200849  0.07875641  0.69815725]
 [ 0.2312902   0.28199488  0.37193534]
 [ 0.4353424   0.16921571  0.09996676]
 [ 0.37405926  0.28096312  0.        ]
 [-0.10214084 -0.07857636  0.6814843 ]
 [-0.29810393  0.12932006  0.5302701 ]
 [-0.11882656 -0.14177638  0.28447634]
 [-0.17998902 -0.09680051  0.1416263 ]
 [-0.03442907  0.02277547  0.91181207]
 [-0.08504531  0.06027353  1.1667839 ]
 [-0.18332687  0.09451973  1.2317262 ]
 [-0.15794198  0.00230366  1.2815526 ]
 [-0.20343482 -0.00156778  1.1392365 ]
 [-0.11595404 -0.10652439  0.9093107 ]
 [-0.06746806 -0.03962924  0.85660636]
 [ 0.051442    0.12210226  1.1295183 ]
 [ 0.02417578  0.27573052  0.897632  ]
 [-0.15567443  0.2978285   0.9783054 ]]
[[ 0.          0.          0.64738333]
 [ 0.09481004  0.07571125  0.6499033 ]
 [ 0.28021246  0.22565886  0.32934886]
 [ 0.5205884   0.07503176  0.14232326]
 [ 0.49884787  0.14872622  0.        ]
 [-0.09495141 -0.07552364  0.64497817]
 [-0.3005585   0.10683754  0.53003883]
 [-0.2557116  -0.05852222  0.14211953]
 [-0.3451857   0.01416987  0.03568965]
 [-0.03715639  0.01240458  0.87251616]
 [-0.09017207  0.04121864  1.1277628 ]
 [-0.1919862   0.07029575  1.1861837 ]
 [-0.1668236  -0.01596707  1.2239562 ]
 [-0.19124877 -0.02190691  1.104878  ]
 [-0.10311446 -0.11905277  0.88855356]
 [-0.0651004  -0.01663819  0.82631814]
 [ 0.03294379  0.11595023  1.1010996 ]
 [-0.05517137  0.28384337  0.88743085]
 [-0.21011901  0.20723727  1.0415553 ]]
[[ 0.          0.          0.6158517 ]
 [ 0.09803563  0.06374224  0.6152362 ]
 [ 0.2615152   0.15978158  0.24689287]
 [ 0.5189165  -0.08434847  0.2363506 ]
 [ 0.54627806 -0.05443347  0.10572106]
 [-0.09821391 -0.06354771  0.6167619 ]
 [-0.30031613  0.15604562  0.45028603]
 [-0.3588295   0.13253099  0.05324519]
 [-0.44810396  0.22447756  0.        ]
 [-0.04384917  0.01298732  0.8419727 ]
 [-0.10205291  0.0394237   1.0943973 ]
 [-0.210668    0.06418592  1.154099  ]
 [-0.18200499 -0.01941776  1.1911227 ]
 [-0.19736    -0.0159958   1.0687726 ]
 [-0.06966036 -0.11994889  0.8960283 ]
 [-0.06230359 -0.04388434  0.76990473]
 [ 0.01757321  0.10807383  1.0702156 ]
 [-0.06355655  0.27912563  0.85322845]
 [-0.20459694  0.21693686  1.0114794 ]]
[[ 0.          0.          0.5719601 ]
 [ 0.09968824  0.04591081  0.57291985]
 [ 0.16755727  0.05658436  0.17090216]
 [ 0.38010257 -0.3286238   0.31101558]
 [ 0.47567296 -0.35278487  0.2571931 ]
 [-0.09978184 -0.04583113  0.57146835]
 [-0.23048416  0.28410736  0.35796374]
 [-0.29999375  0.44893584  0.00235671]
 [-0.40847373  0.5479037   0.        ]
 [-0.0463517   0.02456778  0.79057604]
 [-0.10874297  0.05548048  1.0403545 ]
 [-0.21820378  0.07957464  1.0881536 ]
 [-0.19256106  0.00300539  1.1377037 ]
 [-0.20054102  0.0112423   1.0105063 ]
 [-0.0849613  -0.06307779  0.8177346 ]
 [-0.05783636 -0.06167515  0.75382054]
 [ 0.01203774  0.09803921  1.0087373 ]
 [ 0.01153061  0.2087278   0.7648779 ]
 [-0.1350182   0.25287795  0.7997344 ]]
[[ 0.          0.          0.63849735]
 [ 0.10607491  0.04666147  0.6403316 ]
 [ 0.10230006  0.06285557  0.21929091]
 [ 0.2757505  -0.36763573  0.41765702]
 [ 0.37359548 -0.41402376  0.41925213]
 [-0.1062996  -0.04662943  0.6371462 ]
 [-0.18715721  0.30168262  0.38908646]
 [-0.21309733  0.4465771   0.00911081]
 [-0.32835597  0.5667912   0.        ]
 [-0.04659253  0.03593661  0.85026884]
 [-0.11104709  0.0735181   1.0944784 ]
 [-0.21717188  0.0905484   1.1452086 ]
 [-0.19574684  0.00987422  1.1953688 ]
 [-0.20478806  0.04034674  1.0664036 ]
 [-0.11791989  0.02707842  0.8841886 ]
 [-0.02855537  0.10479248  1.0147991 ]
 [ 0.01536829  0.10208967  1.0566332 ]
 [ 0.07956671  0.15901893  0.7984158 ]
 [-0.02483331  0.22804862  0.69046825]]
[[ 0.          0.          0.7340169 ]
 [ 0.1060694   0.06239254  0.73895335]
 [-0.00874417  0.10137516  0.33458912]
 [ 0.17416495 -0.33851495  0.52415705]
 [ 0.2233389  -0.39191326  0.4719336 ]
 [-0.10623433 -0.06238137  0.7293895 ]
 [-0.12972538  0.29441664  0.44995582]
 [-0.04096396  0.36932045  0.05124038]
 [-0.15135387  0.5154017   0.        ]
 [-0.04382138  0.05176441  0.94344324]
 [-0.10962048  0.08114904  1.191687  ]
 [-0.21728629  0.09698892  1.2552947 ]
 [-0.18691279  0.01169896  1.304049  ]
 [-0.22576311  0.0299564   1.1593196 ]
 [-0.21509853 -0.02293099  0.92104757]
 [-0.17489767  0.08619357  0.7869366 ]
 [ 0.02993627  0.11032403  1.149297  ]
 [ 0.15294428  0.12403758  0.9071639 ]
 [ 0.13652503  0.24068995  0.69858766]]
[[ 0.          0.          0.7335085 ]
 [ 0.09547646  0.07171966  0.74184215]
 [-0.11942241  0.16523868  0.42520547]
 [ 0.08159648 -0.21158445  0.46548235]
 [ 0.09355053 -0.21570033  0.3492126 ]
 [-0.09559776 -0.07177581  0.7251197 ]
 [-0.03817081  0.22731218  0.40647745]
 [ 0.15224394  0.30469292  0.06529135]
 [ 0.04788798  0.45668647  0.        ]
 [-0.04223242  0.04984973  0.944939  ]
 [-0.0985278   0.07994249  1.1989489 ]
 [-0.20083667  0.09791511  1.2777457 ]
 [-0.16479722  0.01050448  1.320991  ]
 [-0.22236499  0.0195747   1.1709287 ]
 [-0.2629042  -0.05412117  0.9172816 ]
 [-0.25573123  0.10280153  0.76587605]
 [ 0.03985362  0.10626766  1.1498396 ]
 [ 0.23218673  0.07810721  0.9775274 ]
 [ 0.27756253  0.21139495  0.74576604]]
[[ 0.          0.          0.7022872 ]
 [ 0.09007345  0.07210733  0.7170944 ]
 [-0.1893808   0.25967187  0.5705574 ]
 [-0.0565979   0.00802967  0.29753074]
 [-0.15574792  0.07143018  0.16128325]
 [-0.0901614  -0.07235391  0.6869595 ]
 [ 0.10146561  0.11604165  0.36470458]
 [ 0.36432683  0.09043711  0.10467386]
 [ 0.32525104  0.22827989  0.        ]
 [-0.03329092  0.00794049  0.9249888 ]
 [-0.06935702  0.02288628  1.1846584 ]
 [-0.16080591  0.05447078  1.2602005 ]
 [-0.12537067 -0.02825618  1.3056252 ]
 [-0.20391531 -0.02294153  1.1584176 ]
 [-0.2877757  -0.07279955  0.9000409 ]
 [-0.26733023  0.10648821  0.91099596]
 [ 0.0663667   0.03927931  1.1393883 ]
 [ 0.3157152  -0.02035233  1.079551  ]
 [ 0.40856308  0.04556297  0.8345883 ]]
[[ 0.          0.          0.6369401 ]
 [ 0.08738514  0.06414634  0.6520286 ]
 [-0.2113474   0.231196    0.52431434]
 [-0.19112474  0.12930882  0.10946757]
 [-0.33622736  0.21664128  0.02930248]
 [-0.08753782 -0.06444748  0.6211625 ]
 [ 0.14792088  0.07846403  0.30380148]
 [ 0.43953183 -0.01711839  0.13637602]
 [ 0.47395366  0.07095075  0.        ]
 [-0.02418639 -0.01136915  0.86793995]
 [-0.05136167 -0.00515276  1.1305101 ]
 [-0.13231257  0.04149795  1.1985092 ]
 [-0.10718682 -0.05103773  1.2456768 ]
 [-0.19249526 -0.04121646  1.1073313 ]
 [-0.29167026 -0.05659945  0.8479317 ]
 [-0.2414828   0.11128575  0.9454354 ]
 [ 0.08957112  0.00809345  1.0927058 ]
 [ 0.33173913 -0.06644303  1.0855764 ]
 [ 0.4262252  -0.04933682  0.8441197 ]]
[[ 0.          0.          0.59290063]
 [ 0.09032296  0.05205588  0.6056285 ]
 [-0.15149719  0.29518595  0.4128385 ]
 [-0.23251256  0.38993758  0.01175827]
 [-0.356219    0.49144042  0.        ]
 [-0.0906055  -0.05226201  0.579491  ]
 [ 0.10913661  0.01074535  0.21974486]
 [ 0.4302365  -0.14241129  0.2580216 ]
 [ 0.5449661  -0.06242687  0.17715284]
 [-0.01335493 -0.00297168  0.82391745]
 [-0.03219126  0.01536411  1.084102  ]
 [-0.10892609  0.06495243  1.1482825 ]
 [-0.07970913 -0.02316016  1.2019264 ]
 [-0.17133003 -0.01264083  1.0614669 ]
 [-0.2618833  -0.05660889  0.81757987]
 [-0.21757308  0.14333612  0.7731218 ]
 [ 0.11296354  0.02969745  1.0431144 ]
 [ 0.32389277 -0.04791072  0.9961307 ]
 [ 0.38036174 -0.02113166  0.7602753 ]]
[[ 0.          0.          0.6399076 ]
 [ 0.09352777  0.05171378  0.65193343]
 [-0.08421507  0.34850505  0.4035472 ]
 [-0.14607415  0.46269313  0.01001   ]
 [-0.25828063  0.5653508   0.        ]
 [-0.09384673 -0.05187903  0.6272773 ]
 [ 0.02931834 -0.01226225  0.24958539]
 [ 0.32902133 -0.2135035   0.39581138]
 [ 0.48121297 -0.15493703  0.36815766]
 [-0.00509467  0.01583609  0.86696506]
 [-0.02174799  0.04821128  1.1227925 ]
 [-0.10046729  0.09351772  1.1871029 ]
 [-0.07399426  0.00594187  1.2434027 ]
 [-0.15608183  0.0218662   1.0972426 ]
 [-0.22909153 -0.02545144  0.8432071 ]
 [-0.20445728  0.14444749  0.6945847 ]
 [ 0.12108408  0.06077054  1.0766072 ]
 [ 0.31188935  0.01932415  0.96349245]
 [ 0.3231162   0.07997368  0.7347969 ]]
[[ 0.          0.          0.70189524]
 [ 0.09756069  0.05508058  0.7159381 ]
 [-0.03586438  0.34559363  0.42833695]
 [-0.0511637   0.4096057   0.02566749]
 [-0.1645183   0.5229196   0.        ]
 [-0.0978104  -0.05523146  0.68741465]
 [-0.05542536  0.01136437  0.31677958]
 [ 0.22366583 -0.25664574  0.5064766 ]
 [ 0.3871959  -0.21168774  0.50143147]
 [-0.00134566  0.01986335  0.92532265]
 [-0.01978397  0.06013337  1.1787249 ]
 [-0.10150483  0.1052599   1.2489088 ]
 [-0.07188408  0.02621162  1.3096218 ]
 [-0.15106955  0.02194959  1.147902  ]
 [-0.20853274 -0.03596601  0.8900621 ]
 [-0.19258511  0.11921063  0.7011039 ]
 [ 0.121452    0.07598454  1.1284407 ]
 [ 0.28503698  0.06529933  0.96237254]
 [ 0.2513328   0.17731184  0.75706726]]
[[ 0.00000000e+00  0.00000000e+00  7.25292206e-01]
 [ 1.01595983e-01  6.36725649e-02  7.40822434e-01]
 [ 1.94958225e-02  3.66542697e-01  4.43587005e-01]
 [ 4.97918800e-02  3.63194913e-01  4.46017981e-02]
 [-6.69703186e-02  4.85548019e-01  0.00000000e+00]
 [-1.01803876e-01 -6.37636781e-02  7.09447980e-01]
 [-1.45495832e-01  3.67380381e-02  3.57851207e-01]
 [ 1.51782349e-01 -2.57624507e-01  5.50940275e-01]
 [ 3.09441268e-01 -2.14043260e-01  5.30698240e-01]
 [-9.12614167e-04  2.94189900e-02  9.46068525e-01]
 [-2.52415091e-02  7.64329731e-02  1.19913423e+00]
 [-1.16084635e-01  1.14402473e-01  1.27486920e+00]
 [-7.84792304e-02  4.26582694e-02  1.33636308e+00]
 [-1.54744998e-01  2.64068842e-02  1.16569901e+00]
 [-1.91703528e-01 -6.54740781e-02  9.17434335e-01]
 [-1.73563212e-01  9.16623548e-02  7.21509993e-01]
 [ 1.19430430e-01  1.02063864e-01  1.15010583e+00]
 [ 2.48389050e-01  1.20768636e-01  9.39620852e-01]
 [ 1.72798261e-01  2.62238592e-01  7.75684357e-01]]
[[ 0.          0.          0.710257  ]
 [ 0.1034357   0.0798081   0.7162834 ]
 [ 0.17832768  0.30431992  0.37816265]
 [ 0.34396464  0.20742223  0.09154433]
 [ 0.25537708  0.32272837  0.        ]
 [-0.10353978 -0.07966484  0.7041668 ]
 [-0.3066818   0.11538766  0.50851953]
 [-0.08288059 -0.19251078  0.3839594 ]
 [-0.09918082 -0.16455448  0.2298269 ]
 [-0.01447835  0.03361811  0.93187755]
 [-0.04953836  0.06888828  1.1893547 ]
 [-0.15407042  0.09929252  1.2660563 ]
 [-0.11767246  0.016864    1.3235216 ]
 [-0.1695163  -0.00506365  1.158392  ]
 [-0.10711738 -0.14201728  0.9287317 ]
 [-0.06941242 -0.0352115   0.79843855]
 [ 0.08229129  0.13358897  1.1464081 ]
 [ 0.0917681   0.27978384  0.90393174]
 [-0.09212112  0.33248544  0.9331633 ]]
[[ 0.          0.          0.6731284 ]
 [ 0.09597661  0.08269782  0.6721642 ]
 [ 0.25539947  0.24806282  0.34702212]
 [ 0.48369467  0.09817809  0.13229024]
 [ 0.43880326  0.1848023   0.        ]
 [-0.09607644 -0.08252607  0.6741619 ]
 [-0.32488096  0.09297831  0.5630124 ]
 [-0.26275596 -0.08613792  0.18317917]
 [-0.34499243 -0.01893389  0.07128185]
 [-0.01735679  0.02093545  0.8983357 ]
 [-0.0534556   0.04140401  1.1569377 ]
 [-0.16163412  0.06741959  1.2238542 ]
 [-0.12050551 -0.01094669  1.2755158 ]
 [-0.15207584 -0.03769958  1.1279421 ]
 [-0.04901893 -0.19388634  0.9277324 ]
 [-0.03617546 -0.12725264  0.86184824]
 [ 0.06439867  0.12692666  1.1205366 ]
 [-0.02082054  0.29353344  0.9068694 ]
 [-0.18491495  0.23138195  1.0490954 ]]
[[ 0.          0.          0.5947943 ]
 [ 0.09017988  0.07471621  0.59549713]
 [ 0.2363247   0.13256752  0.23593253]
 [ 0.5122909  -0.08368164  0.17083952]
 [ 0.5412544  -0.0587495   0.06365216]
 [-0.09031114 -0.07456031  0.594492  ]
 [-0.33172137  0.10919918  0.4509386 ]
 [-0.39657742  0.11008579  0.0511896 ]
 [-0.50728434  0.19914812  0.        ]
 [-0.01446592  0.00929663  0.82130903]
 [-0.04773269  0.02642676  1.0782813 ]
 [-0.16725096  0.04737824  1.1517618 ]
 [-0.11980048 -0.02233124  1.1940298 ]
 [-0.11844628 -0.05982846  1.0594949 ]
 [ 0.00401258 -0.25000772  1.0015802 ]
 [ 0.04934229 -0.24489157  0.9448167 ]
 [ 0.04541678  0.11767447  1.0407093 ]
 [-0.06797352  0.28905916  0.8460338 ]
 [-0.17150167  0.20793629  1.0251845 ]]
[[ 0.          0.          0.5709177 ]
 [ 0.09438574  0.06006728  0.5701083 ]
 [ 0.18461831  0.07683456  0.18058723]
 [ 0.4455769  -0.23942721  0.2407287 ]
 [ 0.53432095 -0.23946029  0.15641269]
 [-0.09448243 -0.05995215  0.57224214]
 [-0.28742453  0.1952101   0.36193419]
 [-0.38433018  0.32191145  0.        ]
 [-0.50217724  0.40426093  0.00719631]
 [-0.02333726  0.01326762  0.793859  ]
 [-0.06301998  0.03361836  1.048018  ]
 [-0.18179062  0.04997623  1.1210444 ]
 [-0.1401704  -0.02030438  1.1606257 ]
 [-0.13222149 -0.03752515  1.0263786 ]
 [ 0.01417607 -0.18139778  0.94468284]
 [ 0.04919329 -0.19321293  0.881208  ]
 [ 0.03108796  0.10688394  1.0074003 ]
 [-0.02875325  0.2608493   0.79259497]
 [-0.15915623  0.24894243  0.9228904 ]]
[[ 0.          0.          0.60650194]
 [ 0.10115132  0.04304664  0.6028401 ]
 [ 0.09553817  0.04454491  0.18763858]
 [ 0.29078588 -0.33103216  0.3434548 ]
 [ 0.4166807  -0.36142838  0.3328764 ]
 [-0.10129751 -0.04307986  0.61075586]
 [-0.20744807  0.28093934  0.34076643]
 [-0.2428829   0.44273376  0.        ]
 [-0.3535537   0.5536167   0.01978427]
 [-0.03037543  0.02065638  0.819343  ]
 [-0.07283579  0.04120314  1.0715504 ]
 [-0.17494927  0.05974221  1.1351293 ]
 [-0.13372882 -0.01026416  1.1847498 ]
 [-0.17208567 -0.00620821  1.0596386 ]
 [-0.25051028 -0.038275    1.1017554 ]
 [-0.00853824 -0.01512045  1.1213005 ]
 [ 0.03910892  0.08232403  1.0182457 ]
 [ 0.04652885  0.20346794  0.77093345]
 [-0.10870646  0.26417094  0.78220576]]
[[ 0.          0.          0.72710645]
 [ 0.09823662  0.04915355  0.7217794 ]
 [-0.01494554  0.1010564   0.31764448]
 [ 0.18553048 -0.3028453   0.50036883]
 [ 0.28908443 -0.3492955   0.45202708]
 [-0.09849886 -0.04904377  0.73266286]
 [-0.14189266  0.29954153  0.4417674 ]
 [-0.09498228  0.3834415   0.04215246]
 [-0.17313349  0.5282405   0.        ]
 [-0.01848765  0.0532341   0.92730504]
 [-0.05710035  0.09342667  1.1727357 ]
 [-0.16570003  0.10608643  1.2494855 ]
 [-0.12965165  0.02519739  1.3009913 ]
 [-0.16084361  0.06212866  1.1503601 ]
 [-0.07805577  0.1309016   0.9674612 ]
 [ 0.01930023  0.12031627  1.2131284 ]
 [ 0.06889693  0.11787441  1.1100235 ]
 [ 0.13433512  0.16873346  0.85713094]
 [ 0.01643459  0.25161827  0.7124651 ]]
[[ 0.00000000e+00  0.00000000e+00  6.84214592e-01]
 [ 8.81173909e-02  7.66539723e-02  6.87445819e-01]
 [-1.76242888e-01  1.63842589e-01  4.46584940e-01]
 [ 7.65387714e-02 -1.93223879e-01  4.27849233e-01]
 [ 7.83313960e-02 -1.84940994e-01  2.91484267e-01]
 [-8.81778672e-02 -7.67376572e-02  6.80839002e-01]
 [-4.35355306e-03  2.03686744e-01  3.44854951e-01]
 [ 2.12128788e-01  2.93439001e-01  6.54307008e-02]
 [ 1.09072134e-01  4.49239403e-01  0.00000000e+00]
 [-1.38028525e-02  4.64036018e-02  8.95317912e-01]
 [-4.40938622e-02  6.95551038e-02  1.15299153e+00]
 [-1.42312050e-01  9.16281343e-02  1.24565840e+00]
 [-9.88302231e-02  7.16167688e-03  1.29383898e+00]
 [-1.68260425e-01  1.21834874e-03  1.12268305e+00]
 [-1.99411362e-01 -1.10705912e-01  8.72359037e-01]
 [-2.43546426e-01  3.17794085e-03  7.47906029e-01]
 [ 8.91190320e-02  1.06192887e-01  1.09351075e+00]
 [ 2.46921867e-01  1.49689719e-01  9.04857755e-01]
 [ 2.39935130e-01  3.20169389e-01  7.13220358e-01]]
[[ 0.          0.          0.68534267]
 [ 0.07986782  0.07408067  0.69585574]
 [-0.22450429  0.21598269  0.58271706]
 [-0.07985546 -0.03889063  0.2935177 ]
 [-0.18431596  0.02156207  0.17087245]
 [-0.0799118  -0.07430136  0.6743264 ]
 [ 0.12099789  0.12516814  0.35298204]
 [ 0.3953346   0.12380412  0.11098289]
 [ 0.3410704   0.25628278  0.        ]
 [-0.01581277  0.00745256  0.90517795]
 [-0.0346316   0.01310399  1.1662095 ]
 [-0.125968    0.03906602  1.2567861 ]
 [-0.08226536 -0.03805214  1.3074789 ]
 [-0.16689435 -0.04180595  1.1398653 ]
 [-0.24264753 -0.10797746  0.87650114]
 [-0.289734    0.05527809  0.84647346]
 [ 0.09655313  0.04132155  1.1053694 ]
 [ 0.30487806  0.02194449  0.976354  ]
 [ 0.33530065  0.12610352  0.7399774 ]]
[[ 0.          0.          0.6359459 ]
 [ 0.07638997  0.06716646  0.64864725]
 [-0.24618351  0.17805742  0.54225016]
 [-0.23094338  0.03629693  0.14032185]
 [-0.3735616   0.11854565  0.07005584]
 [-0.07649102 -0.06745277  0.62256604]
 [ 0.17180571  0.10277455  0.31057742]
 [ 0.4772765   0.04868162  0.1490401 ]
 [ 0.48455834  0.14427578  0.        ]
 [-0.01254141 -0.00834654  0.8609042 ]
 [-0.02755527 -0.01098478  1.1231096 ]
 [-0.10972296  0.02405292  1.2108673 ]
 [-0.07180741 -0.05828542  1.260417  ]
 [-0.16288312 -0.05642909  1.1027076 ]
 [-0.26235384 -0.0879779   0.8376325 ]
 [-0.27478468  0.08848551  0.8986653 ]
 [ 0.10713638  0.01247427  1.0663321 ]
 [ 0.33985722 -0.02248281  0.9862196 ]
 [ 0.3698002   0.06008217  0.7454702 ]]
[[ 0.          0.          0.5668078 ]
 [ 0.08224861  0.05694844  0.5785732 ]
 [-0.1970748   0.24609105  0.4079526 ]
 [-0.28158167  0.32962704  0.00793123]
 [-0.4150623   0.42238373  0.        ]
 [-0.08248821 -0.05717482  0.5543516 ]
 [ 0.13308299  0.03728744  0.19846097]
 [ 0.4742756  -0.08938667  0.22680083]
 [ 0.57591236 -0.00768968  0.12569988]
 [-0.00746286 -0.0107836   0.79507047]
 [-0.02023282 -0.00478405  1.0553236 ]
 [-0.09206102  0.03725713  1.141407  ]
 [-0.06177469 -0.05118704  1.1878643 ]
 [-0.153243   -0.04021791  1.0345196 ]
 [-0.26685208 -0.06216472  0.7808665 ]
 [-0.23021513  0.13625741  0.82986426]
 [ 0.11993375  0.02006206  1.0030706 ]
 [ 0.34062406 -0.0302366   0.93408144]
 [ 0.35545602  0.02978719  0.6962737 ]]
[[ 0.          0.          0.6074647 ]
 [ 0.08668817  0.05580616  0.61895156]
 [-0.1136373   0.33197656  0.38609284]
 [-0.19242561  0.45648837  0.        ]
 [-0.31722355  0.5507222   0.0050323 ]
 [-0.08703052 -0.05598379  0.59538025]
 [ 0.05703083 -0.01116756  0.22210443]
 [ 0.36771357 -0.17274219  0.3707871 ]
 [ 0.5245888  -0.10495642  0.33520293]
 [-0.00142846  0.00277123  0.8350138 ]
 [-0.01040917  0.02303833  1.0926046 ]
 [-0.08935674  0.05729783  1.1711394 ]
 [-0.05566417 -0.03008974  1.2221143 ]
 [-0.13957351 -0.01017064  1.0696365 ]
 [-0.22755036 -0.05982934  0.8236351 ]
 [-0.2068499   0.12830465  0.7340007 ]
 [ 0.12695777  0.04822829  1.0383157 ]
 [ 0.31690007  0.01881939  0.9163968 ]
 [ 0.30801398  0.09420259  0.69642806]]
[[ 0.00000000e+00  0.00000000e+00  6.65988922e-01]
 [ 9.38177332e-02  5.73815554e-02  6.79743409e-01]
 [-6.06083721e-02  3.40589046e-01  4.10421103e-01]
 [-8.46468806e-02  4.26334053e-01  1.66866779e-02]
 [-2.07050502e-01  5.31794548e-01  0.00000000e+00]
 [-9.41517055e-02 -5.75334616e-02  6.51795149e-01]
 [-3.73515114e-02  4.55024838e-03  2.82312900e-01]
 [ 2.42584705e-01 -2.23548397e-01  4.72558141e-01]
 [ 4.06591594e-01 -1.69749305e-01  4.54891086e-01]
 [ 2.83319503e-04  1.34531707e-02  8.90519321e-01]
 [-1.26870535e-02  4.37740684e-02  1.14689827e+00]
 [-9.57244635e-02  7.88013935e-02  1.23051894e+00]
 [-5.70296049e-02 -2.04879045e-03  1.28419971e+00]
 [-1.39905363e-01  3.06725502e-04  1.11838782e+00]
 [-2.03641176e-01 -6.51478171e-02  8.63078773e-01]
 [-2.03862131e-01  1.05988458e-01  6.97600305e-01]
 [ 1.21987224e-01  6.81810081e-02  1.08946729e+00]
 [ 2.81495243e-01  6.08442426e-02  9.23030078e-01]
 [ 2.39126027e-01  1.78192168e-01  7.28028238e-01]]
[[ 0.0000000e+00  0.0000000e+00  7.0108783e-01]
 [ 9.9628322e-02  7.0877694e-02  7.1451116e-01]
 [-7.9467893e-05  3.6370686e-01  4.2962542e-01]
 [ 3.6847197e-02  3.7612921e-01  3.6692917e-02]
 [-9.5863760e-02  4.9333560e-01  0.0000000e+00]
 [-9.9892214e-02 -7.0975639e-02  6.8736726e-01]
 [-1.4162758e-01  3.0313045e-02  3.3786428e-01]
 [ 1.5827979e-01 -2.4669433e-01  5.2535319e-01]
 [ 3.0806398e-01 -2.0151526e-01  5.0095832e-01]
 [ 1.3447497e-03  2.7537420e-02  9.2305589e-01]
 [-1.6843162e-02  6.4508915e-02  1.1800327e+00]
 [-1.0692160e-01  9.4594896e-02  1.2692688e+00]
 [-6.1485060e-02  1.9520760e-02  1.3237152e+00]
 [-1.3803512e-01  3.0314922e-03  1.1492312e+00]
 [-1.7872725e-01 -9.0889066e-02  8.9766926e-01]
 [-1.7233951e-01  6.3004464e-02  7.0381868e-01]
 [ 1.1592872e-01  1.0453260e-01  1.1201251e+00]
 [ 2.4264088e-01  1.2932810e-01  9.1499889e-01]
 [ 1.6081439e-01  2.6389939e-01  7.5630152e-01]]
[[ 0.          0.          0.6978642 ]
 [ 0.098262    0.08432636  0.7063986 ]
 [ 0.16806002  0.2995267   0.3723509 ]
 [ 0.34634817  0.23371872  0.0887751 ]
 [ 0.24477558  0.34500396  0.        ]
 [-0.09837484 -0.08416148  0.6892544 ]
 [-0.30855548  0.10846979  0.49279714]
 [-0.06860197 -0.18047076  0.37716833]
 [-0.08614194 -0.14907765  0.21651211]
 [-0.01314566  0.03712751  0.9177793 ]
 [-0.04466255  0.07192528  1.1752043 ]
 [-0.1536459   0.09541035  1.2646338 ]
 [-0.11063001  0.01696765  1.3196688 ]
 [-0.15932515 -0.0116064   1.144344  ]
 [-0.09066632 -0.15362805  0.9171444 ]
 [-0.06223686 -0.05983071  0.79283786]
 [ 0.08173306  0.14290905  1.124627  ]
 [ 0.09105879  0.2862955   0.8871444 ]
 [-0.08811942  0.3498766   0.89720535]]
[[ 0.          0.          0.6763332 ]
 [ 0.0917004   0.08776805  0.68099314]
 [ 0.252743    0.21493128  0.35849243]
 [ 0.49424696  0.08615556  0.12338752]
 [ 0.4504153   0.16718972  0.        ]
 [-0.09174889 -0.08757608  0.6718001 ]
 [-0.33611068  0.09165543  0.54993427]
 [-0.24764712 -0.09807742  0.1822992 ]
 [-0.3442708  -0.03020316  0.06378853]
 [-0.01158206  0.01510452  0.9003912 ]
 [-0.04135025  0.02966645  1.1598374 ]
 [-0.15238604  0.05152464  1.2448454 ]
 [-0.10435834 -0.02317309  1.2919805 ]
 [-0.13182722 -0.05933821  1.1322602 ]
 [ 0.00140228 -0.24468741  0.9885909 ]
 [ 0.06684823 -0.23336376  0.9129064 ]
 [ 0.06994309  0.12176031  1.115404  ]
 [-0.01965031  0.29503834  0.9122125 ]
 [-0.17688876  0.25220367  1.032218  ]]
[[ 0.          0.          0.5912085 ]
 [ 0.08692218  0.07838993  0.59401554]
 [ 0.23536587  0.12011728  0.22637838]
 [ 0.51536286 -0.11083066  0.1675022 ]
 [ 0.5495876  -0.08902049  0.06069547]
 [-0.08702097 -0.07824922  0.58887523]
 [-0.33528927  0.10359758  0.43388683]
 [-0.39514977  0.12175584  0.04325682]
 [-0.5241085   0.21136752  0.        ]
 [-0.00678456  0.00960417  0.8157017 ]
 [-0.03094071  0.01850596  1.0739397 ]
 [-0.15557194  0.0357554   1.153327  ]
 [-0.09180506 -0.02326959  1.2080842 ]
 [-0.09421623 -0.08045676  1.0488114 ]
 [ 0.00892471 -0.2966078   0.9855335 ]
 [ 0.07394837 -0.28521428  0.89308244]
 [ 0.05174309  0.11990231  1.0287476 ]
 [-0.06495453  0.28126878  0.835298  ]
 [-0.17618027  0.20982558  0.9956817 ]]
[[ 0.          0.          0.56099945]
 [ 0.09070006  0.05464922  0.562757  ]
 [ 0.16744046  0.04364553  0.17091227]
 [ 0.40833336 -0.31118792  0.25732583]
 [ 0.5106124  -0.32936954  0.19530663]
 [-0.09078091 -0.05455313  0.5598257 ]
 [-0.25945234  0.23386738  0.34327954]
 [-0.37536898  0.38227808  0.        ]
 [-0.4991945   0.47835392  0.0018279 ]
 [-0.02123756  0.01971582  0.78147686]
 [-0.05785613  0.03617984  1.0363672 ]
 [-0.17852628  0.05020809  1.1131341 ]
 [-0.1282398  -0.01293844  1.1590998 ]
 [-0.12436852 -0.04105204  1.008524  ]
 [ 0.00424107 -0.18409064  0.8841389 ]
 [ 0.02263509 -0.20785807  0.7595223 ]
 [ 0.03062269  0.11035442  0.9906243 ]
 [-0.00258742  0.25480258  0.7650106 ]
 [-0.15121028  0.2724805   0.84956115]]
[[ 0.          0.          0.60301   ]
 [ 0.09829499  0.05263863  0.60139996]
 [ 0.09057099  0.05099621  0.20458493]
 [ 0.29105955 -0.355421    0.3700723 ]
 [ 0.40953296 -0.4007004   0.35737556]
 [-0.09840129 -0.05261663  0.6051792 ]
 [-0.19970015  0.25895143  0.3486037 ]
 [-0.28068867  0.41857022  0.00360882]
 [-0.4031154   0.5415996   0.        ]
 [-0.02740644  0.03009811  0.81956005]
 [-0.06954369  0.04977334  1.0740892 ]
 [-0.18516545  0.06171101  1.1533177 ]
 [-0.13865042 -0.01274908  1.1972768 ]
 [-0.15832883 -0.01406658  1.0459387 ]
 [-0.0796295  -0.10561855  0.85499   ]
 [-0.04442491 -0.09376403  0.6915461 ]
 [ 0.04068463  0.10389432  1.0186839 ]
 [ 0.07534981  0.22162123  0.7681358 ]
 [-0.07206275  0.3400435   0.755779  ]]
[[ 0.          0.          0.7125813 ]
 [ 0.10079867  0.06297562  0.71110666]
 [-0.03253426  0.08562392  0.33019972]
 [ 0.1749056  -0.33523706  0.51600623]
 [ 0.26764047 -0.38112593  0.46976566]
 [-0.10096727 -0.06295134  0.71443933]
 [-0.14530015  0.2503764   0.4177168 ]
 [-0.11315027  0.3447457   0.03438175]
 [-0.23407936  0.49266988  0.        ]
 [-0.02670382  0.03521702  0.9261743 ]
 [-0.06855634  0.05312818  1.1818416 ]
 [-0.18074426  0.06821358  1.2762167 ]
 [-0.12923591 -0.01428902  1.3105559 ]
 [-0.1768422  -0.01154402  1.1530879 ]
 [-0.14215605 -0.09677236  0.9229418 ]
 [-0.13004366 -0.01198608  0.7392359 ]
 [ 0.05804816  0.09853226  1.1216353 ]
 [ 0.14858666  0.17363557  0.8676605 ]
 [ 0.06515122  0.331361    0.7399727 ]]
[[ 0.          0.          0.69399333]
 [ 0.08867493  0.07688663  0.7001441 ]
 [-0.1593762   0.16309048  0.4410782 ]
 [ 0.07558644 -0.19365214  0.46538013]
 [ 0.08497618 -0.19940403  0.34583032]
 [-0.08879308 -0.07694072  0.6878227 ]
 [-0.02216329  0.20915674  0.3628225 ]
 [ 0.15084797  0.31758586  0.05123377]
 [ 0.04141966  0.47032806  0.        ]
 [-0.02244842  0.03909388  0.9092722 ]
 [-0.05828686  0.0560258   1.1679629 ]
 [-0.16294464  0.07707709  1.2699738 ]
 [-0.10999144 -0.00428402  1.3053579 ]
 [-0.1767667  -0.02041158  1.140836  ]
 [-0.2232428  -0.13970463  0.8987512 ]
 [-0.24928215 -0.02115212  0.72818357]
 [ 0.07146557  0.10148633  1.1056081 ]
 [ 0.23205891  0.1380259   0.89511496]
 [ 0.20721069  0.31316027  0.697896  ]]
[[ 0.          0.          0.6971775 ]
 [ 0.07921109  0.07892865  0.7116819 ]
 [-0.2254175   0.22614852  0.57530236]
 [-0.09195856 -0.03202868  0.29974303]
 [-0.18941373  0.03020981  0.17465913]
 [-0.079287   -0.07914531  0.6821416 ]
 [ 0.11532686  0.11150385  0.35746258]
 [ 0.37560356  0.11802536  0.1070087 ]
 [ 0.3165329   0.25621024  0.        ]
 [-0.0173468   0.01600589  0.91698253]
 [-0.03778247  0.03056902  1.1783159 ]
 [-0.13928021  0.05159432  1.2697506 ]
 [-0.08341837 -0.01841074  1.3217597 ]
 [-0.16472003 -0.03404826  1.1506219 ]
 [-0.2598517  -0.10741347  0.8988077 ]
 [-0.2769854   0.05711257  0.85568625]
 [ 0.08987837  0.06509584  1.1165603 ]
 [ 0.30772546  0.04164249  0.9841727 ]
 [ 0.3126342   0.15334642  0.7455002 ]]
[[ 0.          0.          0.64922523]
 [ 0.07523742  0.06942695  0.6630386 ]
 [-0.2531172   0.1864835   0.53396535]
 [-0.24958497  0.03205359  0.13554013]
 [-0.396201    0.11756122  0.06869793]
 [-0.07535077 -0.06969374  0.63468516]
 [ 0.17318054  0.09472752  0.32351002]
 [ 0.47060007  0.03768104  0.15358603]
 [ 0.48157996  0.14109927  0.        ]
 [-0.01064643  0.0013617   0.87327456]
 [-0.02615217  0.00427434  1.1359817 ]
 [-0.11564143  0.03902149  1.2242073 ]
 [-0.06592924 -0.03653324  1.2806566 ]
 [-0.16003805 -0.04849422  1.1129615 ]
 [-0.2694957  -0.08575687  0.8559382 ]
 [-0.26440772  0.09477848  0.9082781 ]
 [ 0.1065233   0.03132784  1.0765743 ]
 [ 0.33834398 -0.00559828  0.9908339 ]
 [ 0.33867466  0.08516289  0.75051045]]
[[ 0.          0.          0.58133   ]
 [ 0.08354601  0.05601729  0.5903175 ]
 [-0.18883848  0.27611482  0.40638584]
 [-0.28924334  0.34556258  0.00963235]
 [-0.42489427  0.44495928  0.        ]
 [-0.08383539 -0.05621249  0.57159466]
 [ 0.11874666  0.0239225   0.20484513]
 [ 0.4489575  -0.12175083  0.23865637]
 [ 0.5667178  -0.0426164   0.1566777 ]
 [-0.00754362 -0.00202872  0.8092461 ]
 [-0.01996788  0.00879446  1.0688267 ]
 [-0.09671456  0.0490492   1.1565006 ]
 [-0.05665997 -0.03570098  1.2089531 ]
 [-0.15280789 -0.02547675  1.0448284 ]
 [-0.26164573 -0.05380724  0.7886569 ]
 [-0.22355244  0.14745785  0.84309065]
 [ 0.11960956  0.03102338  1.0127873 ]
 [ 0.32933748 -0.01358131  0.930701  ]
 [ 0.3196991   0.05503057  0.69468373]]
[[ 0.          0.          0.6129381 ]
 [ 0.08607295  0.05314568  0.6219299 ]
 [-0.11973849  0.3230449   0.38574767]
 [-0.21631128  0.44073257  0.        ]
 [-0.34174246  0.5368086   0.00206792]
 [-0.08644468 -0.05331318  0.60330766]
 [ 0.05568913 -0.00649571  0.2285679 ]
 [ 0.35653377 -0.16607068  0.36225143]
 [ 0.5174966  -0.10356909  0.33883873]
 [-0.00128166  0.00492306  0.840652  ]
 [-0.00874517  0.02696493  1.0982226 ]
 [-0.09245692  0.05993682  1.1820476 ]
 [-0.05064293 -0.02284592  1.2350457 ]
 [-0.13809755 -0.00547376  1.0730852 ]
 [-0.233334   -0.04658097  0.82145774]
 [-0.20584038  0.15362628  0.7659786 ]
 [ 0.12746683  0.05107197  1.0403754 ]
 [ 0.30895594  0.02273992  0.91106814]
 [ 0.27496648  0.11045679  0.6976912 ]]
[[ 0.          0.          0.6879397 ]
 [ 0.09055135  0.05974981  0.69774836]
 [-0.06090251  0.32506418  0.42049205]
 [-0.11079782  0.4042254   0.01934421]
 [-0.2336644   0.511888    0.        ]
 [-0.09091763 -0.05990258  0.67766684]
 [-0.04459923  0.00385326  0.3007511 ]
 [ 0.21881321 -0.23457517  0.48052266]
 [ 0.3842739  -0.18328467  0.48051763]
 [ 0.00483741  0.02096513  0.9128398 ]
 [-0.00455538  0.05365795  1.1691649 ]
 [-0.09143202  0.0837276   1.2582364 ]
 [-0.04861306  0.00546473  1.3098464 ]
 [-0.13020988  0.00592795  1.1418475 ]
 [-0.19978097 -0.06171021  0.8832413 ]
 [-0.19817957  0.11167887  0.73241115]
 [ 0.12774453  0.08299261  1.106252  ]
 [ 0.27449194  0.08118525  0.9280013 ]
 [ 0.21568732  0.22419655  0.75402224]]
[[ 0.          0.          0.73344153]
 [ 0.0993094   0.07693007  0.74390846]
 [ 0.02632675  0.35980225  0.44702074]
 [ 0.05729116  0.34561205  0.044186  ]
 [-0.08671677  0.4735965   0.        ]
 [-0.09953956 -0.07700993  0.7227106 ]
 [-0.17813405  0.03536227  0.3833634 ]
 [ 0.11551508 -0.2692486   0.5529574 ]
 [ 0.25801602 -0.22744077  0.5281898 ]
 [ 0.00477961  0.03437509  0.95393705]
 [-0.01133218  0.07341737  1.2097442 ]
 [-0.10519642  0.09854323  1.3077724 ]
 [-0.05385274  0.02664691  1.3548889 ]
 [-0.12930328  0.00341254  1.1795015 ]
 [-0.16264081 -0.09902279  0.9257417 ]
 [-0.15338182  0.05964487  0.75090075]
 [ 0.11861202  0.12025234  1.1465425 ]
 [ 0.21741676  0.15725525  0.9205466 ]
 [ 0.1131222   0.29369545  0.80059445]]
[[ 0.          0.          0.7240764 ]
 [ 0.09656053  0.08761325  0.7329706 ]
 [ 0.17190483  0.30347133  0.39825207]
 [ 0.34304976  0.22374481  0.09666765]
 [ 0.22311193  0.33635452  0.        ]
 [-0.09667026 -0.08748113  0.7151679 ]
 [-0.33083928  0.07618797  0.5096053 ]
 [-0.0919653  -0.23781049  0.40219003]
 [-0.09589203 -0.2195423   0.2776187 ]
 [-0.00724925  0.03536324  0.94391227]
 [-0.03135744  0.06459269  1.202983  ]
 [-0.14246541  0.08659697  1.2985452 ]
 [-0.0905271   0.01340318  1.3494766 ]
 [-0.14092271 -0.02853426  1.1727966 ]
 [-0.08121912 -0.1795975   0.9480905 ]
 [-0.04830278 -0.08852372  0.82267356]
 [ 0.08814687  0.14830238  1.1479573 ]
 [ 0.07417549  0.29390612  0.9109632 ]
 [-0.11087954  0.31097904  0.9319867 ]]
[[ 0.0000000e+00  0.0000000e+00  6.8519199e-01]
 [ 8.8195987e-02  9.1352522e-02  6.8943459e-01]
 [ 2.4493258e-01  1.9732688e-01  3.5051295e-01]
 [ 4.8560557e-01  4.9947143e-02  1.3657856e-01]
 [ 4.3691310e-01  1.2091887e-01  0.0000000e+00]
 [-8.8245451e-02 -9.1183767e-02  6.8112922e-01]
 [-3.4671384e-01  6.2152989e-02  5.5905533e-01]
 [-2.7728680e-01 -1.1069220e-01  1.8052781e-01]
 [-3.8039255e-01 -3.6950052e-02  6.3832581e-02]
 [-7.2395429e-04  1.7229408e-02  9.0922463e-01]
 [-1.5791547e-02  2.8781116e-02  1.1703563e+00]
 [-1.3492745e-01  4.9098074e-02  1.2578976e+00]
 [-6.4603738e-02 -1.4812887e-02  1.3119742e+00]
 [-9.9015236e-02 -7.6895177e-02  1.1461616e+00]
 [ 2.9012069e-02 -2.6262385e-01  9.8278409e-01]
 [ 5.9015900e-02 -2.5630188e-01  8.7704521e-01]
 [ 8.0865294e-02  1.3434920e-01  1.1133682e+00]
 [-1.9886434e-02  2.9704207e-01  9.1128594e-01]
 [-1.7063856e-01  2.4479073e-01  1.0587502e+00]]
[[ 0.          0.          0.6225475 ]
 [ 0.08658023  0.08506068  0.62523603]
 [ 0.22515586  0.13258174  0.2473203 ]
 [ 0.51493037 -0.08907089  0.17356142]
 [ 0.5403909  -0.0666225   0.04205829]
 [-0.08664714 -0.08488549  0.6203687 ]
 [-0.3466479   0.08005819  0.46379948]
 [-0.3989514   0.05205834  0.06253755]
 [-0.5289941   0.14949927  0.        ]
 [ 0.00255616  0.01364681  0.84649575]
 [-0.01030815  0.02111909  1.1057954 ]
 [-0.13290995  0.04103202  1.1955549 ]
 [-0.0600691  -0.00750035  1.2543049 ]
 [-0.06143176 -0.09389138  1.080649  ]
 [ 0.05439457 -0.30656183  0.98113793]
 [ 0.08599323 -0.3132626   0.85339844]
 [ 0.0575015   0.1335473   1.049229  ]
 [-0.0735825   0.26521227  0.85942537]
 [-0.16342142  0.21313849  1.0371101 ]]
[[ 0.          0.          0.59260845]
 [ 0.0857631   0.06575985  0.5966133 ]
 [ 0.13725789  0.07703999  0.20400539]
 [ 0.3998746  -0.272654    0.26464236]
 [ 0.5275686  -0.2816718   0.19318056]
 [-0.08584697 -0.06564463  0.589211  ]
 [-0.28692076  0.17760968  0.36617625]
 [-0.40939483  0.31738955  0.00451756]
 [-0.54132247  0.4158422   0.        ]
 [-0.01027998  0.02137738  0.8158573 ]
 [-0.03518859  0.03316712  1.0726249 ]
 [-0.15755667  0.05257118  1.1685914 ]
 [-0.09755197 -0.00511807  1.2133045 ]
 [-0.08885237 -0.0616613   1.043641  ]
 [ 0.04218386 -0.19664681  0.8645523 ]
 [-0.00651064 -0.20730604  0.75613093]
 [ 0.03847671  0.12453407  1.0167465 ]
 [-0.00821245  0.2687317   0.7961105 ]
 [-0.15125105  0.27901742  0.9017377 ]]
[[ 0.          0.          0.6404976 ]
 [ 0.08903492  0.05530512  0.6394862 ]
 [ 0.02951019  0.05906391  0.24020272]
 [ 0.23839805 -0.3681974   0.38406634]
 [ 0.38764602 -0.4016508   0.3677541 ]
 [-0.08918622 -0.05528113  0.6420747 ]
 [-0.21510711  0.21644607  0.37119737]
 [-0.32031852  0.3426331   0.01644897]
 [-0.45184088  0.46215737  0.        ]
 [-0.0189964   0.03443007  0.8595661 ]
 [-0.0507585   0.05211717  1.1151764 ]
 [-0.15445513  0.06768435  1.2071564 ]
 [-0.1031009  -0.01013094  1.2486429 ]
 [-0.12910768 -0.01453435  1.1027467 ]
 [-0.01971445 -0.17485905  1.0835035 ]
 [-0.03961449 -0.18809745  1.1185844 ]
 [ 0.0469579   0.10850918  1.054992  ]
 [ 0.06120301  0.22968411  0.8108493 ]
 [-0.09052107  0.3244781   0.78765357]]
[[ 0.          0.          0.74287546]
 [ 0.09294198  0.0713127   0.74250656]
 [-0.0953624   0.13598484  0.395165  ]
 [ 0.13864806 -0.2687654   0.5339514 ]
 [ 0.24941164 -0.30005926  0.47419217]
 [-0.09308436 -0.07125382  0.7436151 ]
 [-0.14059132  0.21763816  0.42325065]
 [-0.0841611   0.29587415  0.04636145]
 [-0.20995206  0.46152553  0.        ]
 [-0.01575092  0.03347695  0.9590548 ]
 [-0.04951669  0.04364529  1.2167854 ]
 [-0.15581651  0.06603551  1.3184376 ]
 [-0.10151473 -0.01248944  1.3623903 ]
 [-0.14806336 -0.03619641  1.1851703 ]
 [-0.10769966 -0.14390364  0.9467648 ]
 [-0.17359404 -0.08986347  0.7895958 ]
 [ 0.06800815  0.10482371  1.1487782 ]
 [ 0.16109917  0.19682474  0.89960045]
 [ 0.08253787  0.35957414  0.7522013 ]]
[[ 0.          0.          0.6717772 ]
 [ 0.08131398  0.08097652  0.6814257 ]
 [-0.22394818  0.23780586  0.50571203]
 [ 0.01066311 -0.09416562  0.39165148]
 [-0.00772422 -0.07379195  0.27145097]
 [-0.08144133 -0.08108457  0.6619688 ]
 [ 0.02527745  0.15651713  0.3400231 ]
 [ 0.23641509  0.23347121  0.06672466]
 [ 0.14536464  0.3953897   0.        ]
 [-0.00875292  0.03189601  0.8906589 ]
 [-0.02834678  0.04794899  1.1498108 ]
 [-0.12192369  0.07244718  1.2519658 ]
 [-0.06966475 -0.00170678  1.3000311 ]
 [-0.1441904  -0.03227028  1.1243632 ]
 [-0.21091716 -0.15430391  0.88326967]
 [-0.28806144 -0.03241804  0.77954507]
 [ 0.09251784  0.09918302  1.0830461 ]
 [ 0.2744352   0.12824106  0.8941729 ]
 [ 0.24067195  0.28872502  0.69596285]]
[[ 0.          0.          0.6645752 ]
 [ 0.07418296  0.07530119  0.6747482 ]
 [-0.26217505  0.2318182   0.580401  ]
 [-0.19550046  0.01376286  0.22305149]
 [-0.33000946  0.09290522  0.12531435]
 [-0.07430041 -0.0755844   0.65378106]
 [ 0.15016092  0.0612534   0.3410594 ]
 [ 0.43845338  0.0360046   0.11528206]
 [ 0.40807387  0.1556766   0.        ]
 [-0.00623527  0.00598708  0.889852  ]
 [-0.01211607  0.01541066  1.1527234 ]
 [-0.09801959  0.04367805  1.2458963 ]
 [-0.04444245 -0.02592611  1.3039588 ]
 [-0.14155155 -0.04643095  1.1349422 ]
 [-0.2611542  -0.11559558  0.8895083 ]
 [-0.28806338  0.06850711  0.91506076]
 [ 0.11101219  0.04797506  1.0840428 ]
 [ 0.33332902  0.01159275  0.9653233 ]
 [ 0.32936978  0.11100499  0.73436695]]
[[ 0.00000000e+00  0.00000000e+00  5.62043250e-01]
 [ 7.11810291e-02  6.75176233e-02  5.71013331e-01]
 [-2.58992136e-01  2.29513094e-01  4.63247180e-01]
 [-3.00905824e-01  1.45646363e-01  5.67894578e-02]
 [-4.53598022e-01  2.47971624e-01  4.25297022e-03]
 [-7.13644624e-02 -6.77612945e-02  5.52325189e-01]
 [ 1.63961053e-01  5.62948883e-02  2.38263100e-01]
 [ 4.96326238e-01 -2.51785815e-02  1.25350326e-01]
 [ 5.44040859e-01  7.19785690e-02  0.00000000e+00]
 [-1.17706507e-03  1.73895061e-03  7.88965106e-01]
 [-4.17026132e-03  8.50281119e-03  1.05130398e+00]
 [-8.05975646e-02  4.68040705e-02  1.14532113e+00]
 [-3.37162465e-02 -2.85853744e-02  1.20330238e+00]
 [-1.35819867e-01 -4.24178839e-02  1.03584802e+00]
 [-2.69009352e-01 -9.09357220e-02  7.91389465e-01]
 [-2.60852695e-01  1.08184725e-01  8.67693245e-01]
 [ 1.23740420e-01  3.72982621e-02  9.82682109e-01]
 [ 3.46337736e-01 -3.75992060e-03  8.89865160e-01]
 [ 3.36752713e-01  7.34218955e-02  6.53761029e-01]]
[[ 0.0000000e+00  0.0000000e+00  5.8486581e-01]
 [ 7.8672945e-02  5.8091827e-02  5.9094900e-01]
 [-1.7493775e-01  3.1007755e-01  3.8969445e-01]
 [-2.8175950e-01  4.0612721e-01  0.0000000e+00]
 [-4.1543978e-01  5.0601816e-01  8.9597702e-03]
 [-7.9065189e-02 -5.8251619e-02  5.7805717e-01]
 [ 9.6520320e-02  5.4538250e-03  2.1209788e-01]
 [ 4.2433721e-01 -1.5802658e-01  2.8458500e-01]
 [ 5.7174855e-01 -8.8345170e-02  2.2033948e-01]
 [-1.0691164e-03  9.9459291e-04  8.1284142e-01]
 [-2.8909221e-03  2.0337403e-02  1.0723491e+00]
 [-7.4014880e-02  5.5669963e-02  1.1644373e+00]
 [-3.2117791e-02 -2.3019195e-02  1.2151653e+00]
 [-1.2922376e-01 -1.9294858e-02  1.0526735e+00]
 [-2.4220058e-01 -6.1266795e-02  7.9907358e-01]
 [-2.1158627e-01  1.5077981e-01  8.1321520e-01]
 [ 1.2587342e-01  4.7102422e-02  1.0064666e+00]
 [ 3.2236415e-01  1.7962307e-02  8.7135977e-01]
 [ 2.9191673e-01  1.0283640e-01  6.5151417e-01]]
[[ 0.          0.          0.64256406]
 [ 0.08576334  0.06013726  0.64654994]
 [-0.10807252  0.33043402  0.39316782]
 [-0.18044245  0.43068302  0.        ]
 [-0.30411315  0.53727895  0.00520962]
 [-0.08616233 -0.06029173  0.6379985 ]
 [ 0.00705711  0.01004642  0.2735775 ]
 [ 0.29420537 -0.20931597  0.4120778 ]
 [ 0.46722567 -0.14709836  0.39747125]
 [ 0.00657238  0.01329044  0.86928475]
 [ 0.00674865  0.04245037  1.1265209 ]
 [-0.0702498   0.07053316  1.2232423 ]
 [-0.02601568 -0.00596732  1.268012  ]
 [-0.11674222 -0.00325406  1.1043953 ]
 [-0.20376314 -0.07445626  0.85229546]
 [-0.20627159  0.11677877  0.73918176]
 [ 0.13296552  0.07356954  1.058553  ]
 [ 0.2920891   0.06845228  0.87061954]
 [ 0.23556282  0.1987068   0.682312  ]]
[[ 0.          0.          0.7031938 ]
 [ 0.09799624  0.07291601  0.70761937]
 [-0.01298179  0.35250348  0.42325613]
 [-0.01353833  0.37772182  0.02961075]
 [-0.14497334  0.50514525  0.        ]
 [-0.09833069 -0.07297068  0.69842064]
 [-0.14061658  0.04539821  0.3528014 ]
 [ 0.15420529 -0.26658112  0.50719434]
 [ 0.32123417 -0.22027281  0.47389776]
 [ 0.01206072  0.03687692  0.924171  ]
 [ 0.00720652  0.07367101  1.1804123 ]
 [-0.07457815  0.10120517  1.2851863 ]
 [-0.02081048  0.03012574  1.3264865 ]
 [-0.11251241  0.00760835  1.1550184 ]
 [-0.15534991 -0.09550549  0.8995399 ]
 [-0.15842247  0.04864015  0.7263066 ]
 [ 0.13305226  0.11864847  1.1082536 ]
 [ 0.23660532  0.14889622  0.8905387 ]
 [ 0.14740418  0.286246    0.7541439 ]]
[[ 0.          0.          0.7189704 ]
 [ 0.09551429  0.08519585  0.7266978 ]
 [ 0.14314821  0.2998891   0.4060539 ]
 [ 0.27526897  0.26357973  0.07796776]
 [ 0.14982758  0.38768542  0.        ]
 [-0.09568908 -0.0850461   0.7111859 ]
 [-0.32140866  0.07516852  0.47258368]
 [-0.03714653 -0.25813228  0.46816516]
 [ 0.02314404 -0.2378577   0.35052446]
 [ 0.00899375  0.04126751  0.937074  ]
 [ 0.00343205  0.0710364   1.1969037 ]
 [-0.09988537  0.09600192  1.2987232 ]
 [-0.03975857  0.03128999  1.3514744 ]
 [-0.10732337 -0.01887521  1.169322  ]
 [-0.09033401 -0.1634629   0.9359253 ]
 [-0.06374586 -0.07373138  0.7734637 ]
 [ 0.1197357   0.15029854  1.1312764 ]
 [ 0.12833947  0.27800962  0.8838292 ]
 [-0.0669255   0.3190633   0.87135947]]
[[ 0.          0.          0.6969608 ]
 [ 0.09209047  0.0879999   0.70263946]
 [ 0.2436078   0.16177097  0.38226157]
 [ 0.46286312  0.044397    0.10021186]
 [ 0.40771234  0.13186562  0.        ]
 [-0.09213725 -0.08779854  0.6914737 ]
 [-0.35750693  0.09382157  0.5623785 ]
 [-0.22618645 -0.14372635  0.23989749]
 [-0.3173508  -0.08534533  0.09668356]
 [ 0.01458309  0.01391865  0.92005885]
 [ 0.01525512  0.02548206  1.1819878 ]
 [-0.09607086  0.04922056  1.2703857 ]
 [-0.03229998 -0.00691211  1.3222952 ]
 [-0.06018901 -0.09484604  1.1632402 ]
 [ 0.0649467  -0.31367534  1.0374441 ]
 [ 0.08792216 -0.33768874  0.9105623 ]
 [ 0.10254585  0.13652486  1.1208035 ]
 [ 0.00358286  0.2966668   0.91539866]
 [-0.16605973  0.24033174  1.0382674 ]]
[[ 0.00000000e+00  0.00000000e+00  6.28849030e-01]
 [ 8.74331146e-02  8.42658579e-02  6.37252152e-01]
 [ 2.36096025e-01  1.39310166e-01  2.83221334e-01]
 [ 5.20862937e-01 -5.72621226e-02  1.54497981e-01]
 [ 5.51579773e-01 -3.96653414e-02  2.99281478e-02]
 [-8.74742642e-02 -8.40467811e-02  6.21005237e-01]
 [-3.51474106e-01  8.74560103e-02  4.81131077e-01]
 [-3.65375191e-01 -9.42409039e-04  7.84528255e-02]
 [-4.90869820e-01  1.00845635e-01  0.00000000e+00]
 [ 1.89613383e-02  2.76280940e-03  8.50134730e-01]
 [ 2.68243998e-02  9.13146138e-03  1.10838580e+00]
 [-1.04637936e-01  3.01849246e-02  1.19899106e+00]
 [-2.15069149e-02 -1.31568909e-02  1.24429905e+00]
 [-9.93155688e-03 -1.18361205e-01  1.10089469e+00]
 [ 7.35425949e-02 -3.67567658e-01  1.04301059e+00]
 [ 1.22062922e-01 -3.74377042e-01  8.82000208e-01]
 [ 7.88167492e-02  1.27361953e-01  1.04510045e+00]
 [-5.60499579e-02  2.61352867e-01  8.70118201e-01]
 [-1.53444469e-01  2.12651253e-01  1.02840829e+00]]
[[ 0.0000000e+00  0.0000000e+00  6.0466689e-01]
 [ 8.3634675e-02  7.3219471e-02  6.1107963e-01]
 [ 1.6602758e-01  1.1365211e-01  2.2016716e-01]
 [ 4.3716696e-01 -2.1716174e-01  2.5164664e-01]
 [ 5.5538154e-01 -2.4077928e-01  1.6369861e-01]
 [-8.3650954e-02 -7.3056348e-02  5.9899038e-01]
 [-2.9650536e-01  1.5019393e-01  3.9785513e-01]
 [-3.8090160e-01  2.3746485e-01  2.0025194e-02]
 [-5.1056552e-01  3.3673060e-01  0.0000000e+00]
 [ 1.8248681e-02  1.2199342e-02  8.2567930e-01]
 [ 2.1786654e-02  2.0108700e-02  1.0817567e+00]
 [-1.1690584e-01  4.4072330e-02  1.1800771e+00]
 [-3.1211339e-02  1.6679764e-03  1.2245104e+00]
 [-5.2024797e-04 -9.9237382e-02  1.0675972e+00]
 [ 5.7530507e-02 -3.0124468e-01  9.7384250e-01]
 [ 8.1519991e-02 -3.0793023e-01  8.0523515e-01]
 [ 5.7388414e-02  1.2470889e-01  1.0162938e+00]
 [-2.0863868e-02  2.4711713e-01  8.0295897e-01]
 [-1.4346398e-01  2.6933533e-01  9.2176253e-01]]
[[ 0.0000000e+00  0.0000000e+00  6.3456273e-01]
 [ 9.2535660e-02  7.0816211e-02  6.3390827e-01]
 [ 3.1441461e-02  1.4019120e-01  2.6750177e-01]
 [ 2.4153149e-01 -2.9275718e-01  4.0911072e-01]
 [ 3.9583361e-01 -3.3895820e-01  3.8450342e-01]
 [-9.2621505e-02 -7.0710398e-02  6.3578641e-01]
 [-2.1079302e-01  2.2971949e-01  3.8535535e-01]
 [-2.5201753e-01  3.6138067e-01  2.2963047e-02]
 [-3.7451696e-01  4.9900222e-01  0.0000000e+00]
 [ 6.1493181e-04  4.0689558e-02  8.5352135e-01]
 [-2.0351775e-02  5.0091952e-02  1.1093085e+00]
 [-1.4482099e-01  7.6268375e-02  1.2110428e+00]
 [-7.3462144e-02  9.7910166e-03  1.2534170e+00]
 [-9.7830892e-02 -4.9316317e-02  1.0787084e+00]
 [-6.0205169e-02 -1.5304416e-01  8.3736891e-01]
 [-1.0394775e-01 -1.7309722e-01  6.8324435e-01]
 [ 7.2240308e-02  1.3402155e-01  1.0444828e+00]
 [ 8.0529891e-02  2.6510185e-01  7.9890472e-01]
 [-5.3540528e-02  3.8317627e-01  7.7221477e-01]]
[[ 0.          0.          0.7096586 ]
 [ 0.0858239   0.07663092  0.7051681 ]
 [-0.09366618  0.15311457  0.36961123]
 [ 0.13239284 -0.26461482  0.5193374 ]
 [ 0.2682851  -0.29809076  0.47243765]
 [-0.08595244 -0.07654692  0.7145753 ]
 [-0.14478226  0.20944677  0.40481618]
 [-0.09568939  0.28827986  0.04162383]
 [-0.20779979  0.45736504  0.        ]
 [-0.00711551  0.0371372   0.9244766 ]
 [-0.03044341  0.04745954  1.1815822 ]
 [-0.14744933  0.07271695  1.2879611 ]
 [-0.08093445  0.0016228   1.3268471 ]
 [-0.12500362 -0.04862604  1.1558089 ]
 [-0.09392339 -0.15205812  0.9078457 ]
 [-0.17542706 -0.15413114  0.7462374 ]
 [ 0.0767317   0.11975923  1.106919  ]
 [ 0.1415751   0.22884133  0.85937876]
 [ 0.06398557  0.39079103  0.7507827 ]]
[[ 0.          0.          0.6487324 ]
 [ 0.07589401  0.07928939  0.65433687]
 [-0.22048748  0.24956787  0.46784878]
 [ 0.0269313  -0.07143255  0.39703864]
 [ 0.03341179 -0.05529785  0.28411496]
 [-0.07602645 -0.07935493  0.6430312 ]
 [ 0.02350238  0.13953184  0.32489133]
 [ 0.24202926  0.21057749  0.06079137]
 [ 0.16383499  0.37511927  0.        ]
 [-0.00335008  0.02750802  0.86859107]
 [-0.01713966  0.04018056  1.1272517 ]
 [-0.1146266   0.06705368  1.2340968 ]
 [-0.05837075 -0.00453794  1.2793713 ]
 [-0.13231423 -0.0401758   1.1049775 ]
 [-0.19637227 -0.16334857  0.861584  ]
 [-0.28783378 -0.05833647  0.76480794]
 [ 0.10192877  0.0934487   1.0543718 ]
 [ 0.26902786  0.15860093  0.858484  ]
 [ 0.23035458  0.33419484  0.6795456 ]]
[[ 0.          0.          0.6341871 ]
 [ 0.06978202  0.07657351  0.64425325]
 [-0.26935747  0.2531097   0.5415905 ]
 [-0.19693771  0.05495155  0.19055307]
 [-0.32475013  0.13667792  0.09639645]
 [-0.06995596 -0.07680869  0.6234524 ]
 [ 0.15762025  0.03543726  0.31703496]
 [ 0.4604944   0.00545847  0.1184848 ]
 [ 0.44570005  0.12529057  0.        ]
 [-0.00516032  0.00626041  0.8597894 ]
 [-0.01038291  0.0137665   1.1212158 ]
 [-0.09599693  0.03903788  1.2221847 ]
 [-0.04000387 -0.02918649  1.2694067 ]
 [-0.13979948 -0.05081791  1.1051924 ]
 [-0.26975083 -0.11798172  0.86634135]
 [-0.3137986   0.073504    0.90629864]
 [ 0.1119895   0.05228379  1.0514066 ]
 [ 0.3320506   0.02656832  0.933612  ]
 [ 0.30702084  0.12172857  0.7049702 ]]
[[ 0.          0.          0.57455677]
 [ 0.06791514  0.06985737  0.5848086 ]
 [-0.26195237  0.22965486  0.4515821 ]
 [-0.29753774  0.18751156  0.0400781 ]
 [-0.4488691   0.28890097  0.        ]
 [-0.06818376 -0.07005666  0.5635516 ]
 [ 0.15902561  0.03939438  0.2476078 ]
 [ 0.5076657  -0.0630787   0.1698403 ]
 [ 0.5780591   0.03453666  0.05489844]
 [-0.00180979 -0.0028635   0.80159044]
 [-0.00322248  0.00240901  1.0624363 ]
 [-0.07717769  0.03495759  1.1617941 ]
 [-0.02851948 -0.03819329  1.2068028 ]
 [-0.13087527 -0.05345678  1.0481412 ]
 [-0.27911234 -0.10089681  0.81619436]
 [-0.27250737  0.11010328  0.8821658 ]
 [ 0.12163386  0.03998697  0.9958738 ]
 [ 0.3432457   0.00448349  0.8939281 ]
 [ 0.31641892  0.10237235  0.6714123 ]]
[[ 0.0000000e+00  0.0000000e+00  5.9028471e-01]
 [ 7.4434146e-02  6.5101713e-02  6.0163921e-01]
 [-1.8275648e-01  3.0246198e-01  3.9943069e-01]
 [-2.4669111e-01  3.9248210e-01  0.0000000e+00]
 [-3.8737929e-01  4.9958467e-01  6.6848993e-03]
 [-7.4805140e-02 -6.5261886e-02  5.7824141e-01]
 [ 1.0649882e-01  1.4183521e-02  2.2578216e-01]
 [ 4.4190100e-01 -1.5951520e-01  2.8790238e-01]
 [ 5.8241594e-01 -8.8367879e-02  2.2240782e-01]
 [-2.1384135e-03 -8.2897246e-03  8.1856906e-01]
 [-5.3049810e-04  6.9011748e-03  1.0773592e+00]
 [-6.5989919e-02  3.8305342e-02  1.1720175e+00]
 [-2.1148579e-02 -3.7415087e-02  1.2173212e+00]
 [-1.2591383e-01 -4.5607060e-02  1.0578581e+00]
 [-2.5672197e-01 -8.7193877e-02  8.1778395e-01]
 [-2.5503293e-01  1.2960809e-01  8.2859379e-01]
 [ 1.2350553e-01  4.6869487e-02  1.0126880e+00]
 [ 3.2490215e-01  2.1715581e-02  8.7234044e-01]
 [ 2.7182534e-01  1.2907341e-01  6.7233860e-01]]
[[ 0.00000000e+00  0.00000000e+00  6.34333491e-01]
 [ 8.10647011e-02  6.46963418e-02  6.43082142e-01]
 [-1.17341101e-01  3.39616746e-01  4.02954638e-01]
 [-1.46044791e-01  4.14958596e-01  2.18439102e-03]
 [-2.80833781e-01  5.27508557e-01  0.00000000e+00]
 [-8.14230517e-02 -6.48515150e-02  6.25020802e-01]
 [ 3.42623591e-02  2.19770670e-02  2.64339745e-01]
 [ 3.18683743e-01 -2.14006305e-01  4.06076193e-01]
 [ 4.92292464e-01 -1.53405309e-01  3.76510024e-01]
 [ 5.72678866e-03  3.94582748e-04  8.61167550e-01]
 [ 9.77913942e-03  2.22526491e-02  1.11761630e+00]
 [-5.87212294e-02  4.84720469e-02  1.21237564e+00]
 [-1.36105828e-02 -2.29247212e-02  1.26009512e+00]
 [-1.09866396e-01 -3.44112217e-02  1.09736609e+00]
 [-2.18428731e-01 -1.02249503e-01  8.60023558e-01]
 [-2.35391080e-01  1.03032500e-01  7.71061361e-01]
 [ 1.26670107e-01  5.92443049e-02  1.04869628e+00]
 [ 2.89450318e-01  4.79808301e-02  8.58726501e-01]
 [ 2.16275275e-01  1.80859655e-01  6.89857960e-01]]
[[ 0.00000000e+00  0.00000000e+00  6.86248958e-01]
 [ 9.26371068e-02  8.02350342e-02  6.92608356e-01]
 [-9.96336341e-04  3.47681046e-01  4.08345461e-01]
 [ 7.11494014e-02  3.52084965e-01  3.17801237e-02]
 [-8.13508928e-02  4.76459175e-01  0.00000000e+00]
 [-9.29212719e-02 -8.03034753e-02  6.79645121e-01]
 [-1.34836584e-01  5.70693314e-02  3.40342045e-01]
 [ 1.66550547e-01 -2.43355393e-01  4.82396901e-01]
 [ 3.37861657e-01 -2.03503087e-01  4.37600851e-01]
 [ 1.59245096e-02  2.16863155e-02  9.10181582e-01]
 [ 1.65420659e-02  5.00838161e-02  1.16805148e+00]
 [-6.62678480e-02  6.87989593e-02  1.27488756e+00]
 [-8.37101042e-03  7.14766979e-03  1.31151628e+00]
 [-9.45395827e-02 -2.74885893e-02  1.14478540e+00]
 [-1.45781025e-01 -1.34770513e-01  8.92166495e-01]
 [-1.73502296e-01 -5.70084900e-03  7.42243230e-01]
 [ 1.34705901e-01  1.10657156e-01  1.09611666e+00]
 [ 2.20043629e-01  1.66131482e-01  8.57407689e-01]
 [ 8.01019967e-02  2.87489742e-01  7.69541502e-01]]
[[ 0.0000000e+00  0.0000000e+00  6.9739503e-01]
 [ 9.1758028e-02  9.0655059e-02  7.0449793e-01]
 [ 1.7797104e-01  2.4853256e-01  3.5895729e-01]
 [ 4.0034717e-01  1.5632731e-01  9.2289269e-02]
 [ 2.9027808e-01  2.7754503e-01  0.0000000e+00]
 [-9.1783166e-02 -9.0506919e-02  6.9036692e-01]
 [-3.2417947e-01  9.6611708e-02  4.9131793e-01]
 [-8.4043548e-02 -2.0188692e-01  3.4924757e-01]
 [-9.8853298e-02 -1.7667872e-01  2.0309943e-01]
 [ 2.4083707e-02  2.1410152e-02  9.1910291e-01]
 [ 2.8048523e-02  2.8694808e-02  1.1812946e+00]
 [-8.7009624e-02  4.3501318e-02  1.2794828e+00]
 [-2.4157587e-02 -2.2882223e-04  1.3245459e+00]
 [-5.3379733e-02 -9.3588501e-02  1.1536475e+00]
 [-3.8103286e-02 -2.2516668e-01  9.1339278e-01]
 [-3.3984590e-02 -1.9633836e-01  7.5902778e-01]
 [ 1.1236599e-01  1.3903350e-01  1.1216537e+00]
 [ 6.8840876e-02  2.6878387e-01  8.7865412e-01]
 [-1.1161019e-01  2.5303400e-01  9.4297940e-01]]
[[ 0.0000000e+00  0.0000000e+00  6.2275505e-01]
 [ 8.1218831e-02  9.1982804e-02  6.2755227e-01]
 [ 1.8983948e-01  1.9369191e-01  2.6966083e-01]
 [ 4.9600548e-01  3.2309651e-02  1.3377064e-01]
 [ 4.9529123e-01  7.6994896e-02  0.0000000e+00]
 [-8.1157625e-02 -9.1814078e-02  6.1845315e-01]
 [-3.7698251e-01  7.7844888e-02  4.8688602e-01]
 [-3.0503860e-01 -9.9549294e-02  1.1723560e-01]
 [-4.0757263e-01 -2.2308946e-02  2.5328040e-02]
 [ 2.9388711e-02  9.9644065e-04  8.4382164e-01]
 [ 3.9175313e-02 -7.7581406e-03  1.1034124e+00]
 [-8.8502407e-02  1.0555685e-02  1.2027025e+00]
 [-1.4043488e-02 -2.0848930e-02  1.2454822e+00]
 [ 2.0674437e-02 -1.3865072e-01  1.0737405e+00]
 [ 7.7970624e-02 -3.6870009e-01  9.5581353e-01]
 [ 1.0935998e-01 -3.6748153e-01  7.9149544e-01]
 [ 7.7810474e-02  1.2126106e-01  1.0487061e+00]
 [-1.1656374e-02  2.5145060e-01  8.4464896e-01]
 [-1.1943957e-01  2.1652737e-01  9.9484015e-01]]
[[ 0.0000000e+00  0.0000000e+00  5.9159851e-01]
 [ 8.1446856e-02  8.8054128e-02  5.9503520e-01]
 [ 1.4117852e-01  1.6104019e-01  2.0624983e-01]
 [ 4.8121420e-01 -6.8861842e-02  1.6572261e-01]
 [ 5.4380524e-01 -7.5770617e-02  6.0613990e-02]
 [-8.1382900e-02 -8.7904125e-02  5.8884895e-01]
 [-3.5595882e-01  9.9189915e-02  4.2146653e-01]
 [-3.7394458e-01  5.6948751e-02  3.9851725e-02]
 [-4.9982810e-01  1.5014905e-01  0.0000000e+00]
 [ 2.9833969e-02  5.7969987e-04  8.1226778e-01]
 [ 4.2311389e-02 -1.0136515e-02  1.0696558e+00]
 [-8.7446071e-02  9.8876357e-03  1.1715337e+00]
 [-5.4317946e-03 -2.5628269e-02  1.2108660e+00]
 [ 3.5410881e-02 -1.3627860e-01  1.0457661e+00]
 [ 1.0331416e-01 -3.5701802e-01  9.5787364e-01]
 [ 1.3954118e-01 -3.5192806e-01  7.6706040e-01]
 [ 7.0260175e-02  1.1186820e-01  1.0153610e+00]
 [ 1.1617549e-02  2.2174226e-01  8.0331904e-01]
 [-9.6851498e-02  2.3073512e-01  9.4044083e-01]]
[[ 0.          0.          0.57611746]
 [ 0.07963632  0.08936496  0.57796156]
 [ 0.09815215  0.17963265  0.19038653]
 [ 0.4455558  -0.06101605  0.17723176]
 [ 0.5311111  -0.07942748  0.08186859]
 [-0.07959582 -0.08921114  0.57496953]
 [-0.3302256   0.12389252  0.38629413]
 [-0.36306334  0.13751686  0.01484007]
 [-0.49902284  0.2282084   0.        ]
 [ 0.02772246  0.00653461  0.7958246 ]
 [ 0.04125081  0.00309157  1.0522244 ]
 [-0.08847331  0.02129614  1.1572099 ]
 [-0.00123012 -0.01322258  1.1916277 ]
 [ 0.03144706 -0.1241211   1.0310159 ]
 [ 0.09843192 -0.33630246  0.92662156]
 [ 0.1257067  -0.30858865  0.7205144 ]
 [ 0.06856807  0.12001795  0.99417424]
 [ 0.05044959  0.21529979  0.7643179 ]
 [-0.07920422  0.26870736  0.881335  ]]
[[ 0.          0.          0.6029615 ]
 [ 0.08136842  0.10245341  0.6081004 ]
 [-0.06856671  0.3050952   0.28331193]
 [ 0.31670207  0.09193271  0.25334948]
 [ 0.33845332  0.117048    0.11266068]
 [-0.08147743 -0.10234588  0.59813166]
 [-0.23566371  0.15286805  0.36020842]
 [-0.16116554  0.20679238  0.01904452]
 [-0.29846838  0.31536046  0.        ]
 [ 0.01691475  0.01642042  0.82349384]
 [ 0.02011584  0.01905671  1.0801134 ]
 [-0.09042156  0.03261584  1.1825359 ]
 [-0.01917439 -0.01647246  1.2285204 ]
 [-0.0400613  -0.10458067  1.0454576 ]
 [-0.03135407 -0.23572074  0.80598605]
 [-0.11829671 -0.18128067  0.6022504 ]
 [ 0.0905716   0.13020581  1.0193558 ]
 [ 0.17564723  0.24475965  0.78556657]
 [ 0.12476127  0.42164528  0.7699917 ]]
[[ 0.          0.          0.62433755]
 [ 0.07307254  0.10712701  0.6328006 ]
 [-0.18534201  0.32415673  0.3842397 ]
 [ 0.09193915  0.16103104  0.20541942]
 [ 0.03295006  0.25077263  0.07460171]
 [-0.07320251 -0.10711163  0.6157689 ]
 [-0.1043579   0.11551379  0.320695  ]
 [ 0.09318255  0.10651711  0.05439532]
 [-0.01583507  0.25174823  0.        ]
 [ 0.01378589  0.00383715  0.84412664]
 [ 0.01807649  0.00309935  1.1015191 ]
 [-0.07267585  0.01698613  1.2034227 ]
 [-0.01754058 -0.03411114  1.2504404 ]
 [-0.07095879 -0.11108401  1.0735246 ]
 [-0.10954065 -0.25505742  0.83355373]
 [-0.24286169 -0.16191244  0.7150973 ]
 [ 0.1142222   0.09415331  1.0340284 ]
 [ 0.26503268  0.19133216  0.83760655]
 [ 0.2466536   0.35461336  0.6940949 ]]
[[ 0.          0.          0.6262315 ]
 [ 0.06816043  0.09328786  0.6332057 ]
 [-0.24720407  0.2720695   0.43530905]
 [-0.29209566  0.18055424  0.05890703]
 [-0.43095958  0.29114062  0.01848918]
 [-0.06831875 -0.09354923  0.6185676 ]
 [ 0.08934543  0.01968101  0.27796438]
 [ 0.4028781  -0.09627181  0.09835631]
 [ 0.37334412  0.02818227  0.        ]
 [ 0.02313654 -0.0126662   0.8480725 ]
 [ 0.04422845 -0.01101595  1.1068841 ]
 [-0.0397174   0.00529617  1.2018223 ]
 [ 0.01676502 -0.05194449  1.2546692 ]
 [-0.07199638 -0.10246983  1.0943395 ]
 [-0.2119462  -0.21349701  0.8775282 ]
 [-0.28402054 -0.02030057  0.8771745 ]
 [ 0.15689558  0.05564794  1.032775  ]
 [ 0.3670001   0.07615888  0.881321  ]
 [ 0.3463967   0.18704945  0.6703434 ]]
[[ 0.0000000e+00  0.0000000e+00  5.6471986e-01]
 [ 6.4324252e-02  7.5249076e-02  5.6654608e-01]
 [-2.2834069e-01  2.8105289e-01  3.5645226e-01]
 [-3.9605677e-01  3.0953240e-01  0.0000000e+00]
 [-5.3003871e-01  4.1516754e-01  6.7299604e-04]
 [-6.4520516e-02 -7.5481012e-02  5.6202602e-01]
 [ 1.4172426e-01  9.7343326e-04  2.4018648e-01]
 [ 4.8826087e-01 -1.4652336e-01  1.2387395e-01]
 [ 5.4736352e-01 -4.6493828e-02  2.5831640e-02]
 [ 3.2268211e-02 -1.7844096e-02  7.8501999e-01]
 [ 6.8820015e-02 -1.6737282e-02  1.0409482e+00]
 [ 2.0436384e-03  1.0499895e-02  1.1273246e+00]
 [ 4.6896677e-02 -5.7044685e-02  1.1857135e+00]
 [-5.1130228e-02 -8.0680251e-02  1.0382750e+00]
 [-2.1307252e-01 -1.4539574e-01  8.3085132e-01]
 [-2.1235532e-01  5.8274567e-02  8.7421751e-01]
 [ 1.8225610e-01  2.9939532e-02  9.6092606e-01]
 [ 3.8897234e-01  1.4017612e-02  8.1766069e-01]
 [ 3.6560488e-01  1.2043246e-01  6.0659564e-01]]
[[ 0.0000000e+00  0.0000000e+00  5.5249000e-01]
 [ 6.4085379e-02  7.0705809e-02  5.5428016e-01]
 [-2.0302433e-01  2.8825617e-01  3.3957481e-01]
 [-3.6872450e-01  3.7045866e-01  0.0000000e+00]
 [-4.9699944e-01  4.6575144e-01  8.5067153e-03]
 [-6.4282626e-02 -7.0927836e-02  5.4990399e-01]
 [ 1.2853578e-01 -3.3548474e-04  2.2345492e-01]
 [ 4.9274957e-01 -1.5878493e-01  1.7646721e-01]
 [ 5.9054852e-01 -6.6282153e-02  8.3564699e-02]
 [ 3.3785604e-02 -2.3274496e-02  7.7303767e-01]
 [ 7.5756237e-02 -1.9511372e-02  1.0275137e+00]
 [ 1.2031709e-02  6.0746074e-03  1.1175976e+00]
 [ 5.4967448e-02 -6.0802162e-02  1.1701465e+00]
 [-4.2572130e-02 -7.8585297e-02  1.0242121e+00]
 [-1.9803545e-01 -1.4321554e-01  8.1369954e-01]
 [-1.8863234e-01  5.7395250e-02  8.4608477e-01]
 [ 1.8801735e-01  2.7097136e-02  9.4563454e-01]
 [ 3.8198707e-01  1.1718601e-02  7.8556538e-01]
 [ 3.5392529e-01  1.2555206e-01  5.8073401e-01]]
[[ 0.0000000e+00  0.0000000e+00  5.6225991e-01]
 [ 7.1513586e-02  6.8881422e-02  5.6427389e-01]
 [-1.2921891e-01  3.2864839e-01  3.2467100e-01]
 [-2.1589679e-01  4.2756587e-01  0.0000000e+00]
 [-3.1995031e-01  5.2679366e-01  1.7152667e-02]
 [-7.1757630e-02 -6.9040254e-02  5.5970556e-01]
 [ 1.6726635e-02 -1.6379178e-02  2.0095289e-01]
 [ 3.5790110e-01 -2.4751329e-01  2.6613897e-01]
 [ 5.0896800e-01 -1.8159992e-01  2.2409451e-01]
 [ 4.3914713e-02 -1.0495141e-02  7.8223157e-01]
 [ 9.4103038e-02  1.0829866e-03  1.0346196e+00]
 [ 3.1155409e-02  2.5103927e-02  1.1422497e+00]
 [ 8.3901003e-02 -4.0269315e-02  1.1807649e+00]
 [-2.0921558e-02 -6.3849151e-02  1.0316027e+00]
 [-1.3530664e-01 -1.6574612e-01  8.1668645e-01]
 [-1.9917312e-01  7.3352456e-04  7.2393376e-01]
 [ 1.9886726e-01  5.3734243e-02  9.4422817e-01]
 [ 3.4589136e-01  3.9247960e-02  7.3256338e-01]
 [ 2.6829720e-01  1.9026196e-01  5.8536255e-01]]
[[ 0.          0.          0.55419946]
 [ 0.08634758  0.07428089  0.5533532 ]
 [-0.07172665  0.36692482  0.28729698]
 [-0.04283431  0.4228741   0.        ]
 [-0.1373986   0.5184212   0.00547403]
 [-0.08654836 -0.07436591  0.5547909 ]
 [-0.18732794  0.03421745  0.22801441]
 [ 0.13408287 -0.28597564  0.3314125 ]
 [ 0.30702937 -0.24852826  0.30410755]
 [ 0.04623456  0.0087356   0.77148604]
 [ 0.09101045  0.03256568  1.0228915 ]
 [ 0.01834373  0.0568006   1.140239  ]
 [ 0.09595403 -0.00473726  1.1751374 ]
 [-0.02212457 -0.04044834  1.0155212 ]
 [-0.10201737 -0.16314219  0.7844266 ]
 [-0.16124444 -0.03645172  0.6563912 ]
 [ 0.18876357  0.09179837  0.9301582 ]
 [ 0.22124836  0.09577087  0.6737447 ]
 [ 0.1027815   0.2127222   0.6209866 ]]
[[ 0.0000000e+00  0.0000000e+00  5.4490960e-01]
 [ 7.4432872e-02  5.9541516e-02  5.3305215e-01]
 [ 9.8084942e-02  2.4720533e-01  2.2218740e-01]
 [ 4.9167871e-02  1.9878510e-01  1.1566520e-02]
 [ 1.7763890e-02  3.1466737e-01  0.0000000e+00]
 [-7.4829392e-02 -5.9429359e-02  5.5659801e-01]
 [-3.3306283e-01 -8.2200244e-03  4.5634988e-01]
 [-1.8127441e-01 -2.9922071e-01  2.2498778e-01]
 [-1.4331007e-01 -3.0683607e-01  1.5157348e-01]
 [ 5.1594593e-02  4.8956737e-02  7.5964665e-01]
 [ 9.0573244e-02  7.1225345e-02  1.0163007e+00]
 [-5.6266040e-04  8.7965012e-02  1.1260066e+00]
 [ 1.0184283e-01  4.8425019e-02  1.1745343e+00]
 [ 1.7820027e-02 -3.3354253e-02  9.8859525e-01]
 [-7.3474377e-02 -1.4107639e-01  7.4810183e-01]
 [-3.2315063e-01 -3.9768636e-02  1.0893514e+00]
 [ 1.5077963e-01  1.7089808e-01  9.3960416e-01]
 [ 2.4282530e-02  2.4282631e-01  7.2650325e-01]
 [-1.6526914e-01  1.5684521e-01  8.1530750e-01]]
[[ 0.          0.          0.6466564 ]
 [ 0.07983314  0.0805274   0.64103305]
 [ 0.17324635  0.12956184  0.29716828]
 [ 0.32768303 -0.05048627  0.07697469]
 [ 0.29052514  0.02693182  0.        ]
 [-0.07987002 -0.08038977  0.6527695 ]
 [-0.43430215 -0.01516122  0.5921182 ]
 [-0.4738831  -0.19509837  0.18720183]
 [-0.58016276 -0.10934258  0.13678706]
 [ 0.05276464  0.03204541  0.8611055 ]
 [ 0.08526223  0.03008738  1.1198959 ]
 [-0.02021877  0.04867995  1.2275574 ]
 [ 0.07514232  0.01869571  1.2751802 ]
 [ 0.08500046 -0.09385034  1.086872  ]
 [ 0.13111803 -0.38413477  1.0796447 ]
 [ 0.09743637 -0.47635615  1.1656003 ]
 [ 0.09462248  0.15522814  1.0630487 ]
 [-0.06480065  0.28390592  0.93461907]
 [-0.20243695  0.15958983  1.1053114 ]]
[[ 0.          0.          0.6198602 ]
 [ 0.07704881  0.08190154  0.6130443 ]
 [ 0.14702156  0.1004543   0.24937534]
 [ 0.3503117  -0.11809164  0.08702815]
 [ 0.31956875 -0.06386733  0.        ]
 [-0.07704084 -0.08178991  0.62729037]
 [-0.42645478 -0.02470365  0.53209627]
 [-0.52999884 -0.1503464   0.1283347 ]
 [-0.64299196 -0.04590228  0.08899176]
 [ 0.05456281  0.0318328   0.83250916]
 [ 0.08927071  0.03637296  1.0899603 ]
 [-0.0176204   0.05567759  1.1966615 ]
 [ 0.07697787  0.02941126  1.2489221 ]
 [ 0.09888724 -0.08666432  1.0599961 ]
 [ 0.14890063 -0.37420064  1.0878625 ]
 [ 0.1429278  -0.48648524  1.1975578 ]
 [ 0.09057322  0.16057932  1.0337125 ]
 [-0.05548902  0.29519117  0.91239715]
 [-0.18591985  0.19879067  1.0839716 ]]
[[ 0.          0.          0.5775583 ]
 [ 0.07853425  0.07761827  0.5672336 ]
 [ 0.07303537  0.07773501  0.2005414 ]
 [ 0.32651925 -0.22475022  0.22238523]
 [ 0.33983177 -0.23150274  0.13517249]
 [-0.07848728 -0.07761388  0.58849686]
 [-0.35768485  0.03868848  0.43448716]
 [-0.46687222 -0.0477519   0.0309456 ]
 [-0.5721039   0.05992147  0.        ]
 [ 0.06230821  0.01291026  0.792302  ]
 [ 0.10830484  0.01611176  1.0478332 ]
 [-0.00662836  0.04021829  1.1490676 ]
 [ 0.08109891  0.00619394  1.2024168 ]
 [ 0.10775813 -0.0954839   1.0354085 ]
 [ 0.17289394 -0.3349222   1.1537178 ]
 [ 0.2157279  -0.43301132  1.3114262 ]
 [ 0.11825512  0.1321142   0.986407  ]
 [ 0.02388109  0.27896774  0.8672598 ]
 [-0.10568085  0.27458507  1.0120628 ]]
[[ 0.          0.          0.6357781 ]
 [ 0.08236064  0.06425174  0.6223756 ]
 [-0.01240923  0.04500389  0.2770283 ]
 [ 0.197214   -0.34973752  0.3637805 ]
 [ 0.28604227 -0.39272094  0.3346319 ]
 [-0.08229513 -0.06435201  0.64959633]
 [-0.25465608  0.13024305  0.44825494]
 [-0.28183687  0.0131427   0.04727501]
 [-0.36846244  0.13773522  0.        ]
 [ 0.07050416  0.00626777  0.85093987]
 [ 0.12635547 -0.00167271  1.102915  ]
 [ 0.02073368  0.02257991  1.2063735 ]
 [ 0.10429651 -0.0248875   1.2604986 ]
 [ 0.0966571  -0.09296674  1.0941073 ]
 [ 0.18074635 -0.25678423  1.2870789 ]
 [ 0.23923397 -0.37239575  1.4791665 ]
 [ 0.163355    0.09670493  1.0428262 ]
 [ 0.14222947  0.25656778  0.91542685]
 [ 0.06449687  0.30969465  1.0237193 ]]
[[ 0.          0.          0.71072334]
 [ 0.08385856  0.07344911  0.69830155]
 [-0.07833117  0.22589296  0.4290966 ]
 [-0.0359183   0.17554104  0.07151568]
 [-0.09561399  0.2826508   0.        ]
 [-0.08392315 -0.0736206   0.7230406 ]
 [-0.22963953 -0.09867221  0.3993218 ]
 [-0.01369655 -0.55455476  0.46042544]
 [ 0.13433418 -0.57862103  0.4507925 ]
 [ 0.07730788 -0.01303424  0.9232121 ]
 [ 0.14582339 -0.03037095  1.1710694 ]
 [ 0.07308412  0.00240493  1.26578   ]
 [ 0.13635564 -0.052522    1.3164742 ]
 [ 0.08589306 -0.10367885  1.1654747 ]
 [ 0.13434598 -0.24167374  1.3763871 ]
 [ 0.19881374 -0.27242303  1.5510387 ]
 [ 0.21659087  0.05914107  1.1049554 ]
 [ 0.26619124  0.20576267  0.9994144 ]
 [ 0.2219932   0.24561     1.0840125 ]]
[[ 0.          0.          0.63964295]
 [ 0.06292036  0.05073781  0.6290404 ]
 [-0.22724378 -0.03311452  0.36168018]
 [-0.0839987  -0.46826595  0.35610455]
 [-0.01947509 -0.5392952   0.3230387 ]
 [-0.06279667 -0.05107375  0.6502769 ]
 [-0.05486774  0.07122764  0.3549108 ]
 [ 0.14458275 -0.0863809   0.0896253 ]
 [ 0.16429722  0.04544312  0.        ]
 [ 0.08026616 -0.01927832  0.85611975]
 [ 0.15072867 -0.04118621  1.106041  ]
 [ 0.06917571 -0.01209348  1.1977634 ]
 [ 0.13071188 -0.07653844  1.2562523 ]
 [ 0.09498207 -0.10171357  1.1044568 ]
 [ 0.14733528 -0.19748622  1.369441  ]
 [ 0.1968739  -0.24980938  1.5506976 ]
 [ 0.2208465   0.01773053  1.0445657 ]
 [ 0.353038    0.15333709  0.9506453 ]
 [ 0.38917947  0.1810498   1.086117  ]]
[[ 0.          0.          0.55204606]
 [ 0.05187851  0.0541839   0.5427985 ]
 [-0.29216078  0.00787055  0.35031015]
 [-0.14090858 -0.34103036  0.23069978]
 [-0.13452294 -0.37176436  0.1489059 ]
 [-0.05179361 -0.05457773  0.5611503 ]
 [-0.02691817 -0.07454571  0.24930179]
 [ 0.23381582 -0.2633754   0.10311908]
 [ 0.3011447  -0.17725766  0.        ]
 [ 0.0812538  -0.02592327  0.77068996]
 [ 0.15251702 -0.05184287  1.0198978 ]
 [ 0.0803046  -0.01631707  1.1113293 ]
 [ 0.1311704  -0.08480382  1.1685729 ]
 [ 0.09479754 -0.10112208  1.0194212 ]
 [ 0.12887035 -0.15784377  1.2950253 ]
 [ 0.18520099 -0.15621614  1.4787366 ]
 [ 0.22628179 -0.0057568   0.960878  ]
 [ 0.40407872  0.07365072  0.91903114]
 [ 0.46287572  0.08614701  1.0764303 ]]
[[ 0.          0.          0.47752523]
 [ 0.04846396  0.06990287  0.47204378]
 [-0.28478307  0.13715127  0.41773427]
 [-0.24456418 -0.05482477  0.0667243 ]
 [-0.3299117   0.00870883  0.        ]
 [-0.04856128 -0.07027911  0.48276043]
 [-0.06623133 -0.19043584  0.22632039]
 [ 0.20769262 -0.4872731   0.18905944]
 [ 0.32079875 -0.46446982  0.16531461]
 [ 0.06198445 -0.02235006  0.70250356]
 [ 0.11264101 -0.04228321  0.9551781 ]
 [ 0.04783399  0.00268918  1.0488137 ]
 [ 0.09721093 -0.0632714   1.1049073 ]
 [ 0.05254327 -0.09760115  0.9499893 ]
 [ 0.02782363 -0.15316153  1.1895701 ]
 [ 0.09777982 -0.06294769  1.3651516 ]
 [ 0.18657485  0.00830758  0.9000603 ]
 [ 0.36548483  0.06299326  0.9499199 ]
 [ 0.4235699   0.0296995   1.1344998 ]]
[[ 0.          0.          0.45370927]
 [ 0.04722406  0.07477327  0.4476878 ]
 [-0.27694798  0.16491425  0.42959142]
 [-0.33336723  0.05360007  0.02286246]
 [-0.4502978   0.12750271  0.        ]
 [-0.04739854 -0.07517616  0.45940065]
 [-0.06510747 -0.18914846  0.26362747]
 [ 0.14603767 -0.5342022   0.22896358]
 [ 0.26633567 -0.5190226   0.24499932]
 [ 0.04878576 -0.0159314   0.68284094]
 [ 0.09100524 -0.02932823  0.9363208 ]
 [ 0.02689816  0.01620364  1.0305731 ]
 [ 0.07990713 -0.04451418  1.0856563 ]
 [ 0.02840972 -0.09300449  0.92608905]
 [-0.03563181 -0.15293819  1.1303315 ]
 [ 0.03015157 -0.04449558  1.2966436 ]
 [ 0.16016878  0.02614367  0.88377464]
 [ 0.2913853   0.06870443  0.9752481 ]
 [ 0.34114084  0.00292212  1.1602135 ]]
[[ 0.          0.          0.389978  ]
 [ 0.04297834  0.07861672  0.3783828 ]
 [-0.29357305  0.1781216   0.38540426]
 [-0.44336003  0.13903818  0.        ]
 [-0.58182406  0.20417142  0.02057078]
 [-0.04316915 -0.07900901  0.40121606]
 [-0.10230683 -0.16836357  0.27970368]
 [ 0.09699064 -0.45060223  0.2484164 ]
 [ 0.20576796 -0.4362306   0.28754354]
 [ 0.03626422 -0.01049457  0.62262726]
 [ 0.0656946  -0.01373458  0.87814534]
 [-0.0031313   0.02975279  0.9684566 ]
 [ 0.0508396  -0.02561921  1.0256636 ]
 [ 0.01177537 -0.08840665  0.86263937]
 [-0.09505042 -0.1779865   1.0541273 ]
 [-0.0546589  -0.07565129  1.2195468 ]
 [ 0.1281392   0.05305952  0.83005875]
 [ 0.19441427  0.09793407  0.9699958 ]
 [ 0.22281495  0.01210916  1.1527002 ]]
[[ 0.          0.          0.32797998]
 [ 0.03888635  0.0906355   0.31142712]
 [-0.3115549   0.20833103  0.33474612]
 [-0.55402374  0.2168183   0.        ]
 [-0.7041763   0.2729614   0.05978656]
 [-0.03908186 -0.0910147   0.344222  ]
 [-0.21235861 -0.1452825   0.28002876]
 [-0.00471561 -0.45907152  0.20451945]
 [ 0.07095486 -0.45663932  0.24811631]
 [ 0.02109686 -0.00500827  0.5623018 ]
 [ 0.03770486  0.00219151  0.8198514 ]
 [-0.04671205  0.03925806  0.8973449 ]
 [ 0.01301233 -0.0018239   0.96264243]
 [-0.00280854 -0.08827189  0.7982737 ]
 [-0.13341877 -0.20208386  0.9517205 ]
 [-0.1022045  -0.0878225   1.0969892 ]
 [ 0.08663966  0.09415323  0.77640224]
 [ 0.08525565  0.16738069  0.92386353]
 [ 0.06093742  0.09842223  1.0805681 ]]
[[ 0.          0.          0.25703585]
 [ 0.02944311  0.10293721  0.23813733]
 [-0.35257512  0.18225425  0.29655704]
 [-0.6566379   0.20383495  0.        ]
 [-0.79485345  0.23580737  0.09526068]
 [-0.02959661 -0.10326403  0.27570954]
 [-0.3214829  -0.12514965  0.3013332 ]
 [-0.10471202 -0.4253602   0.14010766]
 [-0.1081477  -0.39989793  0.14469254]
 [ 0.00828095  0.00138119  0.49326408]
 [ 0.0025013   0.01111105  0.7532282 ]
 [-0.10804722  0.03789687  0.8038806 ]
 [-0.03684785  0.00721425  0.8784945 ]
 [-0.00183551 -0.09573427  0.7347381 ]
 [-0.07284589 -0.28854784  0.82735544]
 [-0.02032939 -0.17388362  0.92490745]
 [ 0.03068468  0.12454069  0.7168208 ]
 [-0.06835414  0.18576396  0.8216539 ]
 [-0.1966027   0.12510175  0.929786  ]]
[[ 0.          0.          0.21651608]
 [ 0.02540869  0.11760192  0.19627076]
 [-0.3553793   0.20555767  0.30054867]
 [-0.66452646  0.2256583   0.        ]
 [-0.81110847  0.2552698   0.09559207]
 [-0.02549253 -0.11788425  0.23659062]
 [-0.36511952 -0.10636601  0.33030385]
 [-0.21957102 -0.35009518  0.08715031]
 [-0.30254364 -0.30825832  0.06127244]
 [-0.00436305  0.00809714  0.45248234]
 [-0.02559288  0.02541405  0.71218324]
 [-0.14421415  0.0494839   0.7490239 ]
 [-0.07829647  0.01929146  0.8277597 ]
 [-0.01683989 -0.09647867  0.7008587 ]
 [-0.06889866 -0.32385105  0.79507774]
 [-0.04007705 -0.21458861  0.87117875]
 [-0.00093056  0.1519225   0.6786851 ]
 [-0.1266526   0.24067956  0.7579528 ]
 [-0.273675    0.20082206  0.85448855]]
[[ 0.0000000e+00  0.0000000e+00  2.0769125e-01]
 [ 2.0371074e-02  1.2311777e-01  1.8738836e-01]
 [-3.5712665e-01  1.9547936e-01  3.1696698e-01]
 [-6.6085756e-01  2.0326480e-01  0.0000000e+00]
 [-8.1360304e-01  2.3013470e-01  9.7036302e-02]
 [-2.0429842e-02 -1.2335836e-01  2.2781822e-01]
 [-3.8701928e-01 -1.2764198e-01  3.4934622e-01]
 [-2.5738209e-01 -3.2291961e-01  4.6668440e-02]
 [-3.5578552e-01 -2.7844959e-01  3.3056736e-04]
 [-1.2174999e-02  1.0687530e-02  4.4702044e-01]
 [-4.2344399e-02  3.1726658e-02  7.0654511e-01]
 [-1.6099519e-01  5.6881189e-02  7.2910476e-01]
 [-9.7580679e-02  2.5912583e-02  8.0958194e-01]
 [-2.5209572e-02 -9.4086349e-02  7.0005119e-01]
 [-7.0816845e-02 -3.5103723e-01  7.9373729e-01]
 [-6.8977192e-02 -2.1177083e-01  8.5366970e-01]
 [-2.1330290e-02  1.5911227e-01  6.7413449e-01]
 [-1.6906261e-01  2.5974721e-01  7.2555971e-01]
 [-3.3930978e-01  2.1484309e-01  8.2166821e-01]]
[[ 0.          0.          0.19536531]
 [ 0.0123911   0.11459547  0.17614841]
 [-0.3220883   0.17646292  0.3312758 ]
 [-0.63028586  0.17136976  0.01034084]
 [-0.76965463  0.18657227  0.09731978]
 [-0.01265826 -0.11469562  0.2145263 ]
 [-0.38815367 -0.12918577  0.3417469 ]
 [-0.537659   -0.18089914  0.        ]
 [-0.6631247  -0.14671543  0.04165757]
 [-0.03854204  0.02623698  0.42747638]
 [-0.09241664  0.06675529  0.67870307]
 [-0.23615032  0.10476875  0.69305325]
 [-0.16778144  0.09263712  0.7667463 ]
 [-0.08333933 -0.0676139   0.66911757]
 [-0.37786216 -0.09526521  0.5851679 ]
 [-0.52503645  0.0512802   0.60620093]
 [-0.08096465  0.18599975  0.6366489 ]
 [-0.28182805  0.29987502  0.57846713]
 [-0.5186374   0.33890542  0.57397395]]
[[ 0.          0.          0.15110558]
 [ 0.00878462  0.11224636  0.13561775]
 [-0.3292343   0.14533515  0.27451292]
 [-0.6649464   0.13849223  0.        ]
 [-0.79918414  0.14341271  0.09946969]
 [-0.00913198 -0.11236843  0.16661575]
 [-0.394869   -0.15264158  0.26151222]
 [-0.6461868  -0.15087318  0.01075423]
 [-0.762821   -0.13278878  0.08334672]
 [-0.05436569  0.03054911  0.37861824]
 [-0.12698552  0.07794201  0.6233063 ]
 [-0.26463753  0.11407304  0.6219646 ]
 [-0.20515093  0.10156703  0.69612616]
 [-0.11792208 -0.05384952  0.6222692 ]
 [-0.37421167 -0.12095532  0.5025676 ]
 [-0.51424575  0.02475655  0.5007466 ]
 [-0.10989508  0.19237733  0.57692707]
 [-0.2781898   0.30147028  0.4658626 ]
 [-0.51267785  0.34572458  0.41823506]]
[[ 0.00000000e+00  0.00000000e+00  1.35733217e-01]
 [ 1.19658876e-02  1.05830386e-01  1.22143947e-01]
 [-3.44920397e-01  1.22213721e-01  2.04350010e-01]
 [-7.15980768e-01  9.25079137e-02  0.00000000e+00]
 [-8.18554759e-01  9.68844295e-02  1.09296978e-01]
 [-1.23304632e-02 -1.05955899e-01  1.49499476e-01]
 [-4.10219967e-01 -1.45232946e-01  1.81781664e-01]
 [-7.18309343e-01 -1.15849912e-01  2.82593966e-02]
 [-8.13612580e-01 -1.00309595e-01  1.30669057e-01]
 [-6.44808710e-02  4.65230644e-02  3.54335725e-01]
 [-1.50072247e-01  1.10081673e-01  5.86883307e-01]
 [-2.83717930e-01  1.42800868e-01  5.74312568e-01]
 [-2.27058828e-01  1.36956990e-01  6.46586895e-01]
 [-1.38359874e-01 -2.10515559e-02  5.91944098e-01]
 [-3.35940778e-01 -1.36763781e-01  4.41718906e-01]
 [-4.16346192e-01  6.26772642e-04  4.38962370e-01]
 [-1.30992681e-01  2.19008863e-01  5.37052751e-01]
 [-2.66272664e-01  3.20242822e-01  3.48779768e-01]
 [-4.96447444e-01  3.83847266e-01  2.24955022e-01]]
[[ 0.          0.          0.14592189]
 [ 0.02375557  0.08969247  0.12935448]
 [-0.33457726  0.14316386  0.14998849]
 [-0.72366416  0.09340525  0.        ]
 [-0.78079104  0.09117095  0.12095916]
 [-0.02422243 -0.08984049  0.1627034 ]
 [-0.4103527  -0.09628139  0.14035365]
 [-0.72198427 -0.06377022  0.0293805 ]
 [-0.7841015  -0.05455014  0.15824932]
 [-0.07138334  0.05441162  0.35651815]
 [-0.16191697  0.13188574  0.5781115 ]
 [-0.27973932  0.16674826  0.5703561 ]
 [-0.23443139  0.15624553  0.6340008 ]
 [-0.16696891  0.01469243  0.57998705]
 [-0.34064996 -0.0569824   0.38142878]
 [-0.36813778  0.08417529  0.41297805]
 [-0.1305098   0.22997814  0.53135866]
 [-0.23962569  0.3176716   0.30087903]
 [-0.43819916  0.3654191   0.12198809]]
[[ 0.          0.          0.15981314]
 [ 0.03540838  0.10081105  0.1414271 ]
 [-0.3378013   0.20795915  0.19238222]
 [-0.69491905  0.12575722  0.        ]
 [-0.74641675  0.14106432  0.06757462]
 [-0.03585395 -0.10085648  0.17817524]
 [-0.41625908 -0.06187045  0.17885177]
 [-0.6982584  -0.06878024  0.01196292]
 [-0.7933072  -0.0482396   0.0828912 ]
 [-0.06660417  0.07250169  0.37129995]
 [-0.16059577  0.17343551  0.58067787]
 [-0.29625756  0.21354926  0.5413693 ]
 [-0.24683863  0.21520019  0.60914385]
 [-0.16911592  0.04404849  0.6018357 ]
 [-0.3055698  -0.02356     0.39156777]
 [-0.2570402   0.07380545  0.57902765]
 [-0.11591156  0.27552867  0.53431547]
 [-0.19235957  0.34617975  0.26065576]
 [-0.34199658  0.39123994  0.05007666]]
[[ 0.          0.          0.161422  ]
 [ 0.02923966  0.11489695  0.15028906]
 [-0.34069002  0.23314251  0.23264179]
 [-0.637678    0.2922905   0.        ]
 [-0.7378937   0.32281268  0.06859489]
 [-0.02955151 -0.11486021  0.17248708]
 [-0.3951714  -0.03203432  0.2504774 ]
 [-0.6558607   0.07494439  0.02343844]
 [-0.77137476  0.11364029  0.08837867]
 [-0.04528052  0.06996059  0.36686233]
 [-0.11237678  0.1755932   0.57806236]
 [-0.2528696   0.21534547  0.56294787]
 [-0.18993384  0.21649143  0.6225113 ]
 [-0.10298068  0.03777227  0.6136453 ]
 [-0.1767048  -0.2071073   0.64324754]
 [-0.16752043 -0.12617669  0.6869364 ]
 [-0.07193778  0.27383327  0.51726305]
 [-0.06781512  0.33192492  0.23990397]
 [-0.1779398   0.3832494   0.00988945]]
[[ 0.          0.          0.1812698 ]
 [ 0.03294423  0.11593263  0.16699041]
 [-0.33417737  0.26801562  0.2528962 ]
 [-0.58489203  0.34814408  0.        ]
 [-0.69080144  0.37969863  0.04115918]
 [-0.03326368 -0.11578394  0.1954169 ]
 [-0.38695365  0.00700566  0.28109717]
 [-0.61698467  0.14342706  0.02201337]
 [-0.7225621   0.18685721  0.0643017 ]
 [-0.02874447  0.06248464  0.38561764]
 [-0.08026275  0.16717547  0.5985621 ]
 [-0.22960448  0.20544729  0.58994263]
 [-0.16197789  0.20893043  0.65037477]
 [-0.06649587  0.02595177  0.6387913 ]
 [-0.13480492 -0.20347393  0.693858  ]
 [-0.1385239  -0.1739819   0.73158014]
 [-0.03655173  0.26961035  0.5330174 ]
 [-0.01306705  0.32369822  0.25353152]
 [-0.11076719  0.39060116  0.01840675]]
[[ 0.          0.          0.19116464]
 [ 0.05397747  0.11197194  0.17164984]
 [-0.31958622  0.3342593   0.26452997]
 [-0.41233337  0.39159337  0.        ]
 [-0.55404735  0.46316206  0.03602134]
 [-0.05414418 -0.11179294  0.210466  ]
 [-0.36373067  0.06288388  0.30468443]
 [-0.4583614   0.2167409   0.00582677]
 [-0.5771761   0.30231857  0.03186595]
 [ 0.04054964  0.05392334  0.38794953]
 [ 0.05793817  0.13918242  0.6022233 ]
 [-0.09964639  0.18531755  0.611364  ]
 [-0.01994488  0.17282331  0.6754646 ]
 [ 0.07073087 -0.00498554  0.63040304]
 [ 0.05744396 -0.28632998  0.6488244 ]
 [-0.05295479 -0.32291797  0.73132646]
 [ 0.09445962  0.23737371  0.5368309 ]
 [ 0.14626649  0.28316224  0.2581516 ]
 [ 0.03809421  0.36077994  0.02928239]]
[[ 0.00000000e+00  0.00000000e+00  3.51848602e-02]
 [ 2.85708457e-02 -2.80921930e-03  3.95923406e-02]
 [ 6.07149908e-03  4.12682816e-03  5.49991652e-02]
 [ 1.45128407e-02  6.30214587e-02  9.15678442e-02]
 [ 5.28928749e-02  9.95752588e-02  6.56249523e-02]
 [-2.87996493e-02  2.91661220e-03  3.08413636e-02]
 [-1.99948661e-02  5.02275378e-02  1.27601177e-01]
 [-3.13784108e-02 -1.73984841e-01  2.38908827e-02]
 [ 5.79129010e-02 -1.64371625e-01  2.21786499e-02]
 [ 1.93713233e-03 -9.58265662e-02  6.20599501e-02]
 [-1.41095128e-02 -1.36897072e-01  9.68859717e-02]
 [ 1.19744912e-02 -1.41775310e-01  1.10515185e-01]
 [ 1.62489712e-03 -1.68392181e-01  1.26939669e-01]
 [-1.87327899e-02 -8.62397626e-02  1.06385507e-01]
 [-6.94342703e-02 -2.60933310e-01  0.00000000e+00]
 [-4.94003445e-02 -4.02476639e-01  1.70201063e-04]
 [ 1.48166716e-03 -1.64643496e-01  1.01225860e-01]
 [-1.43834129e-02 -2.82433748e-01  1.02244318e-02]
 [-5.90067133e-02 -5.27437091e-01  1.67086124e-02]]
[[ 0.          0.          0.05179557]
 [ 0.01746309 -0.00077708  0.05781021]
 [-0.02362518 -0.02579415  0.0754135 ]
 [-0.00258947  0.02303937  0.11183621]
 [ 0.03196465  0.05233159  0.08796424]
 [-0.0176695   0.00088553  0.045887  ]
 [-0.00802326  0.00895202  0.14816546]
 [-0.03605272 -0.21421747  0.04209307]
 [ 0.03851346 -0.20777337  0.0418999 ]
 [-0.00189416 -0.10875435  0.07457779]
 [-0.02296922 -0.16523814  0.10585388]
 [ 0.00226858 -0.18430823  0.11914338]
 [-0.00574388 -0.20211679  0.13605967]
 [-0.01272154 -0.11853592  0.11469094]
 [-0.05898482 -0.29089338  0.01223335]
 [-0.05036144 -0.44120908  0.        ]
 [-0.02532423 -0.18862744  0.11230993]
 [-0.04759226 -0.31393316  0.01795888]
 [-0.07462326 -0.57719064  0.02010378]]
[[ 0.          0.          0.0952248 ]
 [-0.01312841  0.00082857  0.10240065]
 [-0.07831454 -0.10689947  0.12618077]
 [-0.02214204 -0.03785656  0.14582798]
 [ 0.0016971  -0.04346163  0.1272022 ]
 [ 0.01298296 -0.00076296  0.08820704]
 [ 0.02679158 -0.09647325  0.19762261]
 [-0.03858063 -0.29255703  0.06981012]
 [ 0.00154286 -0.30524585  0.0708178 ]
 [-0.00313039 -0.11525947  0.12029466]
 [-0.02475616 -0.18797016  0.14484362]
 [-0.00699342 -0.23638667  0.1485626 ]
 [-0.00893836 -0.2312066   0.16850632]
 [ 0.02120934 -0.14699316  0.15462708]
 [-0.00594548 -0.31375515  0.05587649]
 [-0.03428473 -0.52699906  0.        ]
 [-0.06504551 -0.20194986  0.14807642]
 [-0.10654809 -0.36723286  0.03491074]
 [-0.10665366 -0.631445    0.03999484]]
[[ 0.          0.          0.11622357]
 [-0.03073877  0.00363762  0.1232196 ]
 [-0.11087145 -0.16249417  0.143703  ]
 [-0.03316452 -0.06358405  0.1617016 ]
 [-0.01609319 -0.09222938  0.14720935]
 [ 0.03061953 -0.00359159  0.10941456]
 [ 0.04561065 -0.15456574  0.21642077]
 [-0.03383125 -0.32369894  0.08413959]
 [-0.01127093 -0.35095248  0.08519742]
 [-0.00205129 -0.11980043  0.14595792]
 [-0.01980136 -0.2013318   0.17511338]
 [-0.01083983 -0.26760986  0.1774267 ]
 [-0.00716303 -0.25070894  0.20023564]
 [ 0.04817926 -0.16521072  0.18199828]
 [ 0.03327124 -0.34126028  0.07815427]
 [-0.01909791 -0.55863875  0.        ]
 [-0.08247548 -0.20533589  0.17592885]
 [-0.1273343  -0.3647188   0.05767226]
 [-0.12099808 -0.6415429   0.06596583]]
[[ 0.          0.          0.13829225]
 [-0.03970093  0.00400152  0.14547646]
 [-0.12389902 -0.18910831  0.15897472]
 [-0.03494906 -0.07102937  0.17943965]
 [-0.01981293 -0.10788141  0.16503686]
 [ 0.03959589 -0.00394791  0.13133495]
 [ 0.05912814 -0.17843361  0.23314562]
 [-0.02403146 -0.32367814  0.10349807]
 [-0.00956565 -0.35564736  0.10289377]
 [ 0.00206913 -0.12489451  0.16748817]
 [-0.01180287 -0.21456665  0.19690704]
 [-0.00756527 -0.2907446   0.19731227]
 [-0.0007719  -0.2663955   0.2212162 ]
 [ 0.06836931 -0.18177539  0.20166859]
 [ 0.06031619 -0.3621658   0.09621355]
 [-0.00794902 -0.5804068   0.        ]
 [-0.08700448 -0.21509308  0.19790792]
 [-0.13193004 -0.37659842  0.07836521]
 [-0.12308515 -0.65384877  0.08372098]]
