[[ 0.00000000e+00  0.00000000e+00  7.42962539e-01]
 [ 2.66327634e-02 -1.11419253e-01  7.32849300e-01]
 [ 2.01653183e-01  1.18001431e-01  3.62636507e-01]
 [ 8.13266784e-02  2.73343503e-01  4.97097969e-02]
 [ 2.52082586e-01  3.59660000e-01  0.00000000e+00]
 [-2.64282823e-02  1.11298524e-01  7.53227651e-01]
 [ 1.61347777e-01  5.67095876e-02  3.50517273e-01]
 [-2.66639858e-01 -9.61953849e-02  5.03959119e-01]
 [-2.92776138e-01 -6.95133209e-02  4.04132098e-01]
 [ 1.11511685e-01  9.82883573e-03  9.22591507e-01]
 [ 2.31052697e-01  2.29400396e-03  1.13855302e+00]
 [ 3.32938999e-01 -6.88697100e-02  1.20181167e+00]
 [ 2.63930678e-01 -7.89672732e-02  1.25804687e+00]
 [ 1.39190495e-01  1.11099809e-01  1.09660518e+00]
 [ 1.18620694e-03  1.90662295e-01  8.74102354e-01]
 [ 1.35472998e-01  2.85702348e-01  6.91780210e-01]
 [ 2.63618261e-01 -1.23180971e-01  1.09703720e+00]
 [ 2.31866777e-01 -1.74135372e-01  8.36522043e-01]
 [ 2.98317552e-01 -1.18768126e-01  5.85879505e-01]]
[[ 0.          0.          0.70247775]
 [ 0.03291501 -0.11263247  0.68227816]
 [ 0.0354246   0.12098673  0.31496742]
 [-0.21814007  0.21164525  0.08000964]
 [-0.09861703  0.32018232  0.        ]
 [-0.03283605  0.1123299   0.7223024 ]
 [ 0.29627377  0.11805601  0.49171788]
 [-0.00777707  0.04584211  0.24292552]
 [ 0.06961268  0.11436504  0.18274993]
 [ 0.08930524  0.01240076  0.90676844]
 [ 0.19285484  0.03518769  1.1415198 ]
 [ 0.2926694  -0.00216326  1.1941464 ]
 [ 0.2298032  -0.02054274  1.2682506 ]
 [ 0.07484216  0.13085803  1.0994985 ]
 [-0.15649067  0.19569811  0.9905081 ]
 [-0.07482493  0.31938112  0.76563597]
 [ 0.25949985 -0.09876078  1.1118867 ]
 [ 0.26241076 -0.22159635  0.8932979 ]
 [ 0.37234008 -0.0821141   0.76783806]]
[[ 0.          0.          0.6041511 ]
 [ 0.03689659 -0.10800126  0.58447117]
 [-0.09153546  0.1208467   0.25142652]
 [-0.40537602  0.20739567  0.12436941]
 [-0.37234426  0.32293162  0.01276916]
 [-0.0368396   0.10758774  0.6232028 ]
 [ 0.31321684  0.10598718  0.45189705]
 [ 0.2499739   0.05494928  0.03401834]
 [ 0.40496796  0.07567018  0.        ]
 [ 0.05934303 -0.01059337  0.8245648 ]
 [ 0.14002295  0.00800046  1.0699195 ]
 [ 0.23636886 -0.00755084  1.1065451 ]
 [ 0.17373021 -0.03200495  1.1785688 ]
 [ 0.01248365  0.10457498  1.0354767 ]
 [-0.25532988  0.18277702  1.0241219 ]
 [-0.253931    0.23879036  0.77623737]
 [ 0.22547406 -0.12666938  1.0606537 ]
 [ 0.27747434 -0.2675211   0.9021876 ]
 [ 0.38579947 -0.06152245  0.8818601 ]]
[[ 0.0000000e+00  0.0000000e+00  6.1178541e-01]
 [ 4.2247787e-02 -1.0084040e-01  5.9484017e-01]
 [-1.0712904e-01  1.4212944e-01  2.7523082e-01]
 [-4.3607417e-01  2.1889812e-01  2.4367326e-01]
 [-4.5165515e-01  3.3208358e-01  1.2971389e-01]
 [-4.2169727e-02  1.0042113e-01  6.2803316e-01]
 [ 3.0747569e-01  1.3560864e-01  4.4920719e-01]
 [ 3.2866442e-01  9.4581604e-02  3.1408131e-02]
 [ 4.9295285e-01  1.2317848e-01  0.0000000e+00]
 [ 4.5963660e-02 -1.2518555e-02  8.3502638e-01]
 [ 1.1913453e-01  1.0671467e-02  1.0808642e+00]
 [ 2.1312784e-01 -3.1790137e-04  1.1122921e+00]
 [ 1.5219738e-01 -2.6868105e-02  1.1804711e+00]
 [-6.5497868e-03  1.0577649e-01  1.0444967e+00]
 [-2.7043736e-01  1.7787683e-01  1.0470934e+00]
 [-2.9951975e-01  2.0503759e-01  8.0378473e-01]
 [ 2.0592360e-01 -1.1828485e-01  1.0751361e+00]
 [ 2.8694201e-01 -2.5876954e-01  9.1315317e-01]
 [ 3.8047928e-01 -4.2621255e-02  9.3157387e-01]]
[[ 0.00000000e+00  0.00000000e+00  6.64884090e-01]
 [ 4.26884890e-02 -1.00809924e-01  6.52601957e-01]
 [-6.32619262e-02  8.62568021e-02  2.91673779e-01]
 [-4.08650279e-01  1.59254014e-01  4.28425938e-01]
 [-4.84062076e-01  2.87903816e-01  3.71212810e-01]
 [-4.24996167e-02  1.00376882e-01  6.76539898e-01]
 [ 2.97783017e-01  2.04950064e-01  4.28173810e-01]
 [ 3.53189409e-01  2.14578271e-01  2.03098059e-02]
 [ 5.10969520e-01  2.66288459e-01  0.00000000e+00]
 [ 3.63434553e-02 -3.27363610e-03  8.87236714e-01]
 [ 1.06896847e-01  3.25721204e-02  1.12817705e+00]
 [ 1.97054416e-01  2.21111774e-02  1.16265464e+00]
 [ 1.38683498e-01  8.98838043e-05  1.22648716e+00]
 [-5.99171966e-03  1.31892979e-01  1.07814789e+00]
 [-2.36616611e-01  2.24263966e-01  1.00642169e+00]
 [-2.53640056e-01  2.34387457e-01  7.66336918e-01]
 [ 1.82941377e-01 -9.45621431e-02  1.12923133e+00]
 [ 2.13320643e-01 -2.38171488e-01  9.84323919e-01]
 [ 3.42466116e-01 -6.13986403e-02  9.04134095e-01]]
[[ 0.          0.          0.72183704]
 [ 0.04275351 -0.10433372  0.7113872 ]
 [ 0.02719471  0.0342769   0.3279816 ]
 [-0.33113283  0.06934282  0.53132296]
 [-0.4201445   0.21061784  0.5113114 ]
 [-0.04261327  0.10399067  0.7318691 ]
 [ 0.25618047  0.23595893  0.42617387]
 [ 0.25693285  0.28625667  0.02114701]
 [ 0.42270762  0.33433956  0.        ]
 [ 0.04055561  0.01875053  0.9389088 ]
 [ 0.11764639  0.06898719  1.1720885 ]
 [ 0.20939855  0.0516603   1.2164487 ]
 [ 0.14684977  0.03812343  1.2838956 ]
 [ 0.00907377  0.17040434  1.1120359 ]
 [-0.1615201   0.2720297   0.9580516 ]
 [-0.11094555  0.27809983  0.7365641 ]
 [ 0.18960705 -0.06151694  1.1738448 ]
 [ 0.19326124 -0.20384668  0.9829377 ]
 [ 0.30420744 -0.07118034  0.8040401 ]]
[[ 0.          0.          0.75216645]
 [ 0.04010388 -0.11743461  0.74306446]
 [ 0.14405563 -0.01650229  0.37658322]
 [-0.25774875  0.01449822  0.55350757]
 [-0.32490957  0.14174578  0.5151337 ]
 [-0.03993236  0.1172104   0.7610121 ]
 [ 0.20407698  0.26923564  0.42958152]
 [ 0.12005092  0.32032397  0.0341202 ]
 [ 0.29344422  0.35575908  0.        ]
 [ 0.04910191  0.03119464  0.96500814]
 [ 0.13001952  0.08721957  1.1993773 ]
 [ 0.2263522   0.06136999  1.2653835 ]
 [ 0.15321241  0.04933655  1.3335807 ]
 [ 0.02991818  0.20190203  1.127373  ]
 [-0.05078828  0.30272746  0.9155649 ]
 [ 0.0422212   0.27586663  0.7332202 ]
 [ 0.19450915 -0.05341336  1.2014993 ]
 [ 0.15754116 -0.19523285  0.9881756 ]
 [ 0.23613921 -0.06985779  0.77726614]]
[[ 0.          0.          0.68629813]
 [ 0.0331862  -0.1204808   0.68052566]
 [ 0.28434265 -0.15001565  0.45889735]
 [-0.11710369 -0.24612421  0.3329593 ]
 [-0.09809711 -0.21293792  0.22406471]
 [-0.03287119  0.12053713  0.69197994]
 [ 0.04860023  0.3725078   0.3382544 ]
 [-0.1600185   0.43036458  0.0742408 ]
 [-0.01395468  0.48382953  0.        ]
 [ 0.06853481  0.04344997  0.89281154]
 [ 0.15246111  0.08784044  1.1328435 ]
 [ 0.24568456  0.04941899  1.2053328 ]
 [ 0.17485611  0.03316092  1.2752527 ]
 [ 0.07487845  0.20628333  1.052208  ]
 [ 0.17224795  0.31001827  0.8147408 ]
 [ 0.2996442   0.16713461  0.80481267]
 [ 0.1894723  -0.05002442  1.1365166 ]
 [-0.02304431 -0.12186748  1.2946603 ]
 [-0.10597533 -0.28948697  1.3160238 ]]
[[ 0.          0.          0.6107019 ]
 [ 0.02725655 -0.11995327  0.6132698 ]
 [ 0.36978346 -0.07918768  0.49190325]
 [ 0.23145339 -0.16872719  0.08893907]
 [ 0.354858   -0.14531094  0.01141566]
 [-0.02694345  0.11997403  0.6085124 ]
 [-0.08350277  0.39030457  0.3000132 ]
 [-0.4022534   0.42961392  0.14640716]
 [-0.34156954  0.4863997   0.        ]
 [ 0.05969533  0.01996613  0.8288497 ]
 [ 0.12221709  0.02707729  1.0791352 ]
 [ 0.22376712 -0.04039288  1.1490186 ]
 [ 0.14973903 -0.03249764  1.2083825 ]
 [ 0.1112617   0.16217077  1.0177801 ]
 [ 0.28113294  0.22658545  0.8422789 ]
 [ 0.3512593   0.0383653   0.96905935]
 [ 0.10250977 -0.11612493  1.0726655 ]
 [-0.02150979 -0.23925999  0.9538466 ]
 [ 0.00671365 -0.10012496  0.89635336]]
[[ 0.          0.          0.59807634]
 [ 0.02261661 -0.11508726  0.5981372 ]
 [ 0.35266936 -0.07061157  0.46837443]
 [ 0.40661126 -0.13735926  0.05134326]
 [ 0.5604136  -0.12047064  0.        ]
 [-0.02236722  0.11513016  0.5986406 ]
 [-0.12696168  0.33459395  0.29427263]
 [-0.48801637  0.34380263  0.25162148]
 [-0.4837808   0.3855647   0.1167523 ]
 [ 0.04911843 -0.00884102  0.817461  ]
 [ 0.10512597 -0.02263561  1.0662022 ]
 [ 0.20971745 -0.09369951  1.131195  ]
 [ 0.13314265 -0.07074183  1.190026  ]
 [ 0.11761564  0.10670424  1.0130807 ]
 [ 0.30329987  0.16453281  0.8853005 ]
 [ 0.33165634  0.01309535  1.0625296 ]
 [ 0.06327449 -0.14947772  1.0647283 ]
 [-0.07593941 -0.2562266   1.0748506 ]
 [-0.0695616  -0.09269354  1.0456004 ]]
[[ 0.          0.          0.58406913]
 [ 0.02551972 -0.10215289  0.57942533]
 [ 0.36600703  0.03183299  0.37462306]
 [ 0.5285481   0.05784529  0.00515294]
 [ 0.6784713   0.10032767  0.        ]
 [-0.025335    0.10204497  0.58934975]
 [-0.11168113  0.24454878  0.23885238]
 [-0.5006986   0.14038324  0.35146633]
 [-0.55349916  0.2065627   0.30106437]
 [ 0.05580494 -0.01417422  0.80092883]
 [ 0.11518682 -0.03152233  1.0466372 ]
 [ 0.22791803 -0.1070331   1.1117986 ]
 [ 0.14905435 -0.07767689  1.1771301 ]
 [ 0.11137927  0.09081048  0.9946904 ]
 [ 0.25136545  0.18191126  0.8076898 ]
 [ 0.3417626   0.0738779   0.94246906]
 [ 0.09156445 -0.1537579   1.0261978 ]
 [ 0.07187867 -0.2624892   0.8350471 ]
 [ 0.21067107 -0.16698802  0.92103547]]
[[ 0.          0.          0.66426045]
 [ 0.03759149 -0.10603513  0.6625463 ]
 [ 0.33293295  0.10177007  0.4157834 ]
 [ 0.37846282  0.13272882  0.02041882]
 [ 0.5475493   0.21746355  0.        ]
 [-0.03738093  0.10593372  0.66654986]
 [-0.01203891  0.182428    0.28194478]
 [-0.4127927   0.00947973  0.46200472]
 [-0.4930495   0.0535393   0.48153186]
 [ 0.07094191 -0.00817087  0.8767901 ]
 [ 0.1445607  -0.02680421  1.1209493 ]
 [ 0.2506427  -0.09137788  1.1976018 ]
 [ 0.1729821  -0.08601415  1.2554104 ]
 [ 0.10418175  0.09645098  1.0622747 ]
 [ 0.16061541  0.22766772  0.8374765 ]
 [ 0.32149708  0.1314379   0.8621371 ]
 [ 0.14715968 -0.15270108  1.1022818 ]
 [ 0.04562897 -0.20898728  0.8896129 ]
 [ 0.07340936 -0.12378442  0.7582195 ]]
[[ 0.0000000e+00  0.0000000e+00  7.2010422e-01]
 [ 3.2473430e-02 -1.0793972e-01  7.1462595e-01]
 [ 2.5873616e-01  1.2825947e-01  4.1383827e-01]
 [ 2.0251024e-01  2.0482999e-01  4.0404797e-02]
 [ 3.7782955e-01  2.8978327e-01  0.0000000e+00]
 [-3.2205909e-02  1.0777653e-01  7.2604412e-01]
 [ 9.8897338e-02  8.4833473e-02  3.3468559e-01]
 [-3.3298674e-01 -1.0935937e-01  4.9404401e-01]
 [-4.2743021e-01 -6.8158835e-02  5.0693470e-01]
 [ 8.1686899e-02 -4.2788684e-04  9.2717063e-01]
 [ 1.6024850e-01 -1.8638134e-02  1.1712739e+00]
 [ 2.6233196e-01 -8.0838293e-02  1.2622883e+00]
 [ 1.7807880e-01 -8.6784273e-02  1.3100657e+00]
 [ 9.4370142e-02  1.0313320e-01  1.1145158e+00]
 [ 7.6780662e-02  2.5021040e-01  8.9531201e-01]
 [ 2.4954948e-01  2.3467387e-01  7.9889035e-01]
 [ 1.8111473e-01 -1.5118486e-01  1.1387104e+00]
 [ 1.2238622e-01 -2.0616458e-01  8.9563859e-01]
 [ 1.8380627e-01 -1.3275501e-01  6.9743645e-01]]
[[ 0.00000000e+00  0.00000000e+00  6.94084167e-01]
 [ 3.28879133e-02 -1.11171268e-01  6.80375516e-01]
 [ 4.76923808e-02  1.28420666e-01  3.51677537e-01]
 [-1.78492099e-01  2.03131258e-01  7.87176490e-02]
 [-4.70763743e-02  3.12770963e-01  0.00000000e+00]
 [-3.27657759e-02  1.10892035e-01  7.07526326e-01]
 [ 3.04648668e-01  1.39170438e-01  4.80566740e-01]
 [-1.81116518e-02  4.00749147e-02  3.13441038e-01]
 [ 2.72732824e-02  1.12465739e-01  2.35374331e-01]
 [ 7.36787915e-02  7.14722276e-03  9.05759215e-01]
 [ 1.53842106e-01  1.90044343e-02  1.15155578e+00]
 [ 2.51812041e-01 -2.69978046e-02  1.23307216e+00]
 [ 1.70515418e-01 -4.65806127e-02  1.29210520e+00]
 [ 4.89643067e-02  1.17400110e-01  1.09627736e+00]
 [-1.33372784e-01  2.15893015e-01  9.67208743e-01]
 [-6.22451305e-04  3.21702600e-01  7.72375941e-01]
 [ 2.16449618e-01 -1.18686140e-01  1.11990666e+00]
 [ 2.16418207e-01 -2.47878447e-01  8.94284189e-01]
 [ 3.33975017e-01 -1.17036752e-01  7.72729993e-01]]
[[ 0.00000000e+00  0.00000000e+00  5.93749702e-01]
 [ 3.07007805e-02 -1.07896268e-01  5.74315310e-01]
 [-9.02405530e-02  1.09012738e-01  2.55783141e-01]
 [-3.98472488e-01  2.05425501e-01  1.02626413e-01]
 [-3.47851455e-01  3.21345776e-01  0.00000000e+00]
 [-3.06245238e-02  1.07492842e-01  6.12570047e-01]
 [ 3.34288597e-01  9.79789943e-02  4.53941286e-01]
 [ 2.10306630e-01  2.98839211e-02  6.05294108e-02]
 [ 3.51984680e-01  5.06558418e-02  9.85616446e-03]
 [ 4.85408232e-02 -1.41029507e-02  8.17456603e-01]
 [ 1.10604316e-01 -7.14203715e-03  1.07026005e+00]
 [ 2.05210716e-01 -3.70282233e-02  1.13565564e+00]
 [ 1.30358756e-01 -5.51015139e-02  1.20707250e+00]
 [-7.09798187e-04  9.13534760e-02  1.01845312e+00]
 [-2.39782035e-01  1.96711063e-01  9.65799510e-01]
 [-1.83569789e-01  2.44967341e-01  7.32935846e-01]
 [ 1.89322293e-01 -1.42189115e-01  1.05170751e+00]
 [ 2.41537511e-01 -2.81424373e-01  8.49738359e-01]
 [ 3.57731283e-01 -7.62815177e-02  8.45703125e-01]]
[[ 0.          0.          0.6203827 ]
 [ 0.03553869 -0.10425749  0.60186505]
 [-0.0961991   0.12243104  0.27638438]
 [-0.4478379   0.2111294   0.25405276]
 [-0.4583851   0.32970855  0.1682741 ]
 [-0.03543886  0.10381473  0.6382064 ]
 [ 0.32633078  0.14221615  0.45041355]
 [ 0.33388454  0.10655266  0.03814781]
 [ 0.49202096  0.13997447  0.        ]
 [ 0.03468014 -0.01719719  0.84420925]
 [ 0.08777434 -0.00764102  1.0981829 ]
 [ 0.18405443 -0.02712414  1.1591234 ]
 [ 0.11020215 -0.04408276  1.2318017 ]
 [-0.02294942  0.09274098  1.045739  ]
 [-0.25272334  0.2071541   1.0061228 ]
 [-0.22856972  0.23359138  0.77600604]
 [ 0.16949975 -0.13760787  1.0797057 ]
 [ 0.26607662 -0.2511111   0.8724979 ]
 [ 0.3487565  -0.03534991  0.93016875]]
[[ 0.          0.          0.65525955]
 [ 0.03623639 -0.09952032  0.63933915]
 [-0.07811335  0.07655686  0.28652778]
 [-0.41182485  0.17501011  0.39783633]
 [-0.48729944  0.3048011   0.34533766]
 [-0.03604265  0.09906019  0.67053306]
 [ 0.3107852   0.18908074  0.4297567 ]
 [ 0.3570183   0.19591632  0.02970332]
 [ 0.5150762   0.24473721  0.        ]
 [ 0.02833586 -0.0077506   0.8773067 ]
 [ 0.07842882  0.01019847  1.1310687 ]
 [ 0.17274344 -0.01323217  1.1988668 ]
 [ 0.09921612 -0.02474409  1.2659984 ]
 [-0.02468479  0.11127287  1.0728817 ]
 [-0.22803041  0.2308099   0.98752785]
 [-0.19734335  0.23954864  0.757761  ]
 [ 0.15648657 -0.11284703  1.1138537 ]
 [ 0.23306882 -0.22467563  0.8916875 ]
 [ 0.33926997 -0.01643515  0.91016304]]
[[ 0.          0.          0.72182494]
 [ 0.0364054  -0.10339134  0.7092228 ]
 [ 0.01422869  0.02950215  0.33123308]
 [-0.32908276  0.06905429  0.51992214]
 [-0.42973447  0.2140559   0.5067333 ]
 [-0.03622961  0.10303027  0.73399025]
 [ 0.26242715  0.20898221  0.4208934 ]
 [ 0.27179796  0.24082959  0.01950437]
 [ 0.44251394  0.28479698  0.        ]
 [ 0.03451252  0.01661852  0.9388485 ]
 [ 0.09266706  0.05137831  1.1861111 ]
 [ 0.18605536  0.01548702  1.2635932 ]
 [ 0.11055878  0.0104143   1.3282096 ]
 [-0.00618469  0.15718895  1.1184247 ]
 [-0.15970531  0.26513904  0.9595583 ]
 [-0.08123893  0.27515137  0.734504  ]
 [ 0.16133581 -0.07802209  1.1710916 ]
 [ 0.17782182 -0.21544099  0.95708925]
 [ 0.283095   -0.06236253  0.8388007 ]]
[[ 0.          0.          0.7477343 ]
 [ 0.03339286 -0.11973041  0.73820114]
 [ 0.16747507 -0.0497596   0.37459266]
 [-0.24437772 -0.02640833  0.543353  ]
 [-0.31822044  0.09093682  0.47144753]
 [-0.03314862  0.11955368  0.7570884 ]
 [ 0.19532773  0.25271505  0.4105485 ]
 [ 0.10282001  0.27538398  0.04332286]
 [ 0.26638597  0.31872615  0.        ]
 [ 0.04715453  0.03130808  0.96266747]
 [ 0.11417436  0.07092723  1.2089839 ]
 [ 0.21171464  0.0260185   1.2993015 ]
 [ 0.12712204  0.02649218  1.36236   ]
 [ 0.02921907  0.19044954  1.1280829 ]
 [-0.01410829  0.29329425  0.90227103]
 [ 0.10609292  0.24394023  0.73638165]
 [ 0.16847795 -0.07210594  1.1995355 ]
 [ 0.11591327 -0.21739677  0.9778632 ]
 [ 0.18489644 -0.09115757  0.7761152 ]]
[[ 0.          0.          0.6754954 ]
 [ 0.03054982 -0.12318949  0.67030865]
 [ 0.3333187  -0.10800907  0.4656068 ]
 [-0.05581774 -0.20653754  0.29766363]
 [ 0.00740999 -0.18474603  0.18322012]
 [-0.03026083  0.12321343  0.68074065]
 [ 0.03115496  0.32529747  0.31056523]
 [-0.21856114  0.3345314   0.09377003]
 [-0.10216933  0.41384935  0.        ]
 [ 0.06809124  0.03703369  0.8879546 ]
 [ 0.14022398  0.07039961  1.1375761 ]
 [ 0.23265588  0.01612145  1.2320576 ]
 [ 0.14968038  0.01262897  1.292151  ]
 [ 0.08302556  0.19698644  1.0523688 ]
 [ 0.19263159  0.30093312  0.8270235 ]
 [ 0.3020172   0.13927367  0.81183493]
 [ 0.1661392  -0.08677939  1.1345829 ]
 [ 0.01571896 -0.20981976  0.95735   ]
 [ 0.02229585 -0.12984295  0.8180559 ]]
[[ 0.          0.          0.6269693 ]
 [ 0.01643417 -0.12264844  0.62149894]
 [ 0.34866133 -0.13409418  0.48541772]
 [ 0.20181435 -0.21554744  0.07741779]
 [ 0.36555865 -0.2201001   0.00957036]
 [-0.01614001  0.12271108  0.6327426 ]
 [-0.10915478  0.3630075   0.32486436]
 [-0.41166562  0.39907146  0.1389175 ]
 [-0.36193663  0.46660244  0.        ]
 [ 0.05281532  0.01943657  0.8444534 ]
 [ 0.10730837  0.02577469  1.098214  ]
 [ 0.20288946 -0.03261882  1.1799624 ]
 [ 0.12810954 -0.0204019   1.2474446 ]
 [ 0.09924795  0.16233432  1.0245728 ]
 [ 0.27878472  0.23389427  0.84770864]
 [ 0.34931257  0.05962262  0.96698344]
 [ 0.08476797 -0.1123006   1.0903642 ]
 [-0.14514172 -0.19898865  1.0741447 ]
 [-0.10025424 -0.1580281   1.0363922 ]]
[[ 0.          0.          0.57927567]
 [ 0.01840319 -0.1095799   0.57444435]
 [ 0.35237795 -0.05900161  0.41162258]
 [ 0.4593597  -0.10650384  0.02072191]
 [ 0.6257373  -0.08869761  0.        ]
 [-0.01822744  0.10951769  0.58465683]
 [-0.15024158  0.28792813  0.260056  ]
 [-0.5472081   0.2825523   0.24313208]
 [-0.57361746  0.3402423   0.14556491]
 [ 0.03613502  0.00163859  0.79973155]
 [ 0.07413387 -0.00631124  1.0518022 ]
 [ 0.17743525 -0.06999671  1.1406872 ]
 [ 0.10412724 -0.04134893  1.1928355 ]
 [ 0.08663673  0.12112045  0.99757993]
 [ 0.28641725  0.18484873  0.84258795]
 [ 0.33114585  0.07762092  1.0240005 ]
 [ 0.04245505 -0.13668263  1.0268254 ]
 [ 0.024712   -0.2782464   0.862592  ]
 [ 0.14231543 -0.1765809   0.9942595 ]]
[[ 0.          0.          0.59276414]
 [ 0.01951248 -0.10493135  0.5868617 ]
 [ 0.34228063  0.00996906  0.36276555]
 [ 0.4887346   0.02018207  0.        ]
 [ 0.65397537  0.04783446  0.00459278]
 [-0.01938359  0.10484878  0.5993165 ]
 [-0.12249893  0.22477566  0.23767129]
 [-0.5390273   0.1285612   0.33562005]
 [-0.6103118   0.19263463  0.2968251 ]
 [ 0.04256255 -0.00758924  0.81083953]
 [ 0.0870182  -0.0194203   1.0605488 ]
 [ 0.19380873 -0.0888066   1.1459947 ]
 [ 0.11400974 -0.05692142  1.2049842 ]
 [ 0.09424356  0.1049411   1.0037792 ]
 [ 0.24760477  0.20764482  0.8172865 ]
 [ 0.3391055   0.08775818  0.96610993]
 [ 0.05781558 -0.14554545  1.0339665 ]
 [ 0.02191797 -0.24961136  0.8266846 ]
 [ 0.11435665 -0.18181834  0.859078  ]]
[[ 0.          0.          0.64254284]
 [ 0.02890688 -0.10332395  0.64025164]
 [ 0.31179988  0.09310862  0.37755522]
 [ 0.37803861  0.15413767  0.01158261]
 [ 0.54731023  0.23032334  0.        ]
 [-0.02871812  0.10321154  0.64539826]
 [-0.00808226  0.1578171   0.26366988]
 [-0.43949625 -0.00895311  0.4249338 ]
 [-0.5487933   0.04184134  0.43988356]
 [ 0.05527183 -0.01218799  0.8571498 ]
 [ 0.11028895 -0.02872872  1.1056197 ]
 [ 0.2128551  -0.09121931  1.2006588 ]
 [ 0.12546155 -0.07354176  1.2508698 ]
 [ 0.08732364  0.0931285   1.0448817 ]
 [ 0.160398    0.22059335  0.81528366]
 [ 0.31587246  0.11809555  0.852258  ]
 [ 0.10583046 -0.15652823  1.0788014 ]
 [ 0.03851438 -0.21729977  0.8325862 ]
 [ 0.12079716 -0.1516465   0.6827948 ]]
[[ 0.00000000e+00  0.00000000e+00  7.01061130e-01]
 [ 2.18256861e-02 -1.11997835e-01  6.97547793e-01]
 [ 2.14537844e-01  1.07479542e-01  3.85237336e-01]
 [ 1.52927473e-01  1.79907203e-01  4.03823256e-02]
 [ 3.29144835e-01  2.51434565e-01  0.00000000e+00]
 [-2.15715542e-02  1.11836739e-01  7.04895973e-01]
 [ 1.51829898e-01  7.39644468e-02  3.38377148e-01]
 [-3.00254852e-01 -4.79917675e-02  4.52391207e-01]
 [-3.83329034e-01 -3.01718712e-04  4.01609331e-01]
 [ 6.74636588e-02 -5.34564257e-03  9.12663043e-01]
 [ 1.27596170e-01 -2.10892558e-02  1.16082835e+00]
 [ 2.26877242e-01 -7.76074529e-02  1.27023661e+00]
 [ 1.28245726e-01 -7.19019175e-02  1.30824828e+00]
 [ 7.96052366e-02  1.03546113e-01  1.09466946e+00]
 [ 7.57808387e-02  2.65833437e-01  8.77829075e-01]
 [ 2.67189175e-01  2.53809899e-01  7.80897856e-01]
 [ 1.45970404e-01 -1.60347968e-01  1.13176823e+00]
 [ 1.06714338e-01 -2.29337841e-01  8.86486471e-01]
 [ 2.13445425e-01 -1.46714598e-01  6.98624909e-01]]
[[ 0.          0.          0.6794553 ]
 [ 0.01341391 -0.11282292  0.6625267 ]
 [-0.01617031  0.07976359  0.32410172]
 [-0.25333583  0.19432476  0.08010083]
 [-0.13858046  0.29322726  0.        ]
 [-0.01332439  0.11253605  0.69603276]
 [ 0.3279124   0.07113697  0.48442945]
 [ 0.03129138  0.00996885  0.23800969]
 [ 0.10900081  0.05144215  0.15481567]
 [ 0.05761436 -0.0085903   0.89891046]
 [ 0.12145168 -0.00617364  1.1506983 ]
 [ 0.20718873 -0.05060172  1.249765  ]
 [ 0.12208663 -0.06150109  1.2970893 ]
 [ 0.044566    0.10238978  1.0850029 ]
 [-0.12715572  0.2286233   0.9415631 ]
 [ 0.02412061  0.27489007  0.742744  ]
 [ 0.1712423  -0.14699578  1.1253679 ]
 [ 0.17582178 -0.26652908  0.88603806]
 [ 0.28681135 -0.1477479   0.8259064 ]]
[[ 0.          0.          0.60829276]
 [ 0.01461478 -0.10768214  0.5890083 ]
 [-0.1031328   0.08147094  0.2566443 ]
 [-0.41351426  0.20714667  0.11250243]
 [-0.3688214   0.31642836  0.01138532]
 [-0.0145284   0.10731515  0.626932  ]
 [ 0.33851552  0.04824348  0.45086145]
 [ 0.23111986 -0.00288951  0.05504531]
 [ 0.37047952  0.01264948  0.        ]
 [ 0.03911015 -0.01892611  0.83245057]
 [ 0.09190506 -0.01440269  1.0864052 ]
 [ 0.17800802 -0.05118799  1.1726924 ]
 [ 0.09814897 -0.06491536  1.229814  ]
 [ 0.00351116  0.08881611  1.0256989 ]
 [-0.20862913  0.22348705  0.94131994]
 [-0.10541722  0.23488341  0.71531874]
 [ 0.15648657 -0.1482293   1.069339  ]
 [ 0.20816702 -0.2528755   0.8347571 ]
 [ 0.31390125 -0.0721837   0.8721027 ]]
[[ 0.          0.          0.6341331 ]
 [ 0.01839756 -0.10582228  0.6159558 ]
 [-0.10425018  0.07834417  0.27152753]
 [-0.45476702  0.2004591   0.25643855]
 [-0.4696619   0.31856257  0.16298014]
 [-0.01829345  0.1054304   0.6516553 ]
 [ 0.33388847  0.07823656  0.4449758 ]
 [ 0.35522693  0.0490067   0.0413518 ]
 [ 0.51409465  0.06747663  0.        ]
 [ 0.03138238 -0.01668018  0.8574538 ]
 [ 0.07867202 -0.00655031  1.1116257 ]
 [ 0.16633946 -0.04130059  1.1978724 ]
 [ 0.08544397 -0.05480587  1.2502754 ]
 [-0.01324758  0.09714764  1.0474145 ]
 [-0.2186611   0.23402008  0.97229135]
 [-0.13308683  0.24253322  0.7463684 ]
 [ 0.146599   -0.1381773   1.1002928 ]
 [ 0.20361233 -0.25959858  0.88131857]
 [ 0.3043294  -0.05653307  0.91085935]]
[[ 0.          0.          0.6791334 ]
 [ 0.02363577 -0.10184845  0.665851  ]
 [-0.05640637  0.04065037  0.29553756]
 [-0.4083459   0.14603043  0.41098654]
 [-0.49074674  0.28615287  0.34867495]
 [-0.02347428  0.10145625  0.6918693 ]
 [ 0.31179705  0.13318032  0.42127344]
 [ 0.36556467  0.14023608  0.03040785]
 [ 0.52749586  0.17262411  0.        ]
 [ 0.02598448 -0.0038743   0.9014131 ]
 [ 0.069121    0.01523     1.1544863 ]
 [ 0.15283898 -0.01993001  1.2465401 ]
 [ 0.07305144 -0.02499831  1.2941649 ]
 [-0.01745124  0.11622199  1.0794137 ]
 [-0.19046894  0.24549104  0.95855683]
 [-0.09088838  0.2534946   0.73959273]
 [ 0.13199523 -0.11285698  1.1497173 ]
 [ 0.13712761 -0.25585848  0.97328067]
 [ 0.25774664 -0.079134    0.8981551 ]]
[[ 0.          0.          0.74168825]
 [ 0.02723765 -0.10507535  0.7291328 ]
 [ 0.02544426  0.01474977  0.3511662 ]
 [-0.3278076   0.07754529  0.5198895 ]
 [-0.4263997   0.23356023  0.48092747]
 [-0.02708217  0.10475162  0.7538548 ]
 [ 0.26255223  0.16037974  0.42277682]
 [ 0.2597205   0.18275076  0.03054965]
 [ 0.42921072  0.2143752   0.        ]
 [ 0.03127008  0.01530322  0.9596803 ]
 [ 0.08085249  0.04482257  1.2092583 ]
 [ 0.1637018   0.00330186  1.306158  ]
 [ 0.08539902  0.00387317  1.3578914 ]
 [-0.00232864  0.14729327  1.1268432 ]
 [-0.12576608  0.2740034   0.945802  ]
 [-0.00676524  0.26446337  0.742432  ]
 [ 0.13688686 -0.08625141  1.2014948 ]
 [ 0.11028656 -0.23689565  0.9953521 ]
 [ 0.22714636 -0.0858644   0.84382683]]
[[ 0.          0.          0.7614721 ]
 [ 0.02640743 -0.12395083  0.75272876]
 [ 0.20038764 -0.04915342  0.42715362]
 [-0.22713579 -0.02323791  0.5103069 ]
 [-0.28427672  0.09774899  0.41561007]
 [-0.02622498  0.12383879  0.7700789 ]
 [ 0.1740644   0.22590247  0.39913774]
 [ 0.04171051  0.2383306   0.042449  ]
 [ 0.21221706  0.27376902  0.        ]
 [ 0.04014091  0.03329927  0.9774308 ]
 [ 0.09321821  0.07454318  1.2267604 ]
 [ 0.17748317  0.02462775  1.3294176 ]
 [ 0.09194708  0.02987027  1.3834647 ]
 [ 0.03023513  0.19400227  1.1333573 ]
 [ 0.03107288  0.31324327  0.89659774]
 [ 0.20891126  0.26890066  0.79584575]
 [ 0.12940198 -0.07573855  1.2223676 ]
 [ 0.05752005 -0.22291729  1.0025271 ]
 [ 0.13308927 -0.11305068  0.8064224 ]]
[[ 0.          0.          0.61576194]
 [ 0.02388508 -0.12047351  0.6186417 ]
 [ 0.3666749  -0.10351145  0.4565707 ]
 [ 0.0218474  -0.20345122  0.21686605]
 [ 0.09579045 -0.1779195   0.10550672]
 [-0.02361761  0.12045221  0.6130901 ]
 [-0.02351436  0.2934285   0.24650067]
 [-0.30725706  0.3218486   0.05311471]
 [-0.24235865  0.40487704  0.        ]
 [ 0.04848372  0.02952571  0.8356477 ]
 [ 0.09578967  0.05681527  1.0898315 ]
 [ 0.18276457 -0.00340611  1.1976011 ]
 [ 0.09373902  0.01133329  1.2408525 ]
 [ 0.07095848  0.18611449  0.999399  ]
 [ 0.21295184  0.25757545  0.78060424]
 [ 0.34242743  0.10746011  0.8504865 ]
 [ 0.10381147 -0.10054377  1.0909821 ]
 [ 0.00433861 -0.22054292  0.87870055]
 [ 0.05134961 -0.12039004  0.8047546 ]]
[[ 0.0000000e+00  0.0000000e+00  5.9375149e-01]
 [ 1.4633086e-02 -1.1786221e-01  5.9810579e-01]
 [ 3.6302501e-01 -8.0964595e-02  4.5886487e-01]
 [ 3.0585235e-01 -1.7921430e-01  5.0810635e-02]
 [ 4.8160809e-01 -1.6807157e-01  0.0000000e+00]
 [-1.4442284e-02  1.1786369e-01  5.8985317e-01]
 [-1.4835075e-01  2.9593745e-01  2.7508503e-01]
 [-4.8354042e-01  3.3257070e-01  1.4518517e-01]
 [-4.8116040e-01  4.0235117e-01  3.5040140e-02]
 [ 3.1134371e-02  1.8744230e-02  8.1610119e-01]
 [ 5.6403838e-02  2.6650280e-02  1.0720878e+00]
 [ 1.4563954e-01 -3.8568795e-02  1.1773584e+00]
 [ 5.8545161e-02 -7.2360039e-04  1.2191348e+00]
 [ 7.9292744e-02  1.5505517e-01  1.0034473e+00]
 [ 2.7531224e-01  1.6711561e-01  8.4303570e-01]
 [ 3.1778467e-01  4.1776299e-02  1.0037857e+00]
 [ 2.2602178e-02 -1.1827859e-01  1.0542274e+00]
 [ 1.1205003e-02 -2.4892133e-01  8.4895760e-01]
 [ 8.1124708e-02 -1.6356498e-01  9.1746855e-01]]
[[ 0.          0.          0.5690263 ]
 [ 0.01344615 -0.11330968  0.57235074]
 [ 0.351005   -0.0582981   0.4053202 ]
 [ 0.44276053 -0.09220237  0.0014565 ]
 [ 0.61447006 -0.07052469  0.        ]
 [-0.0133189   0.11330654  0.5662526 ]
 [-0.15333432  0.25342694  0.23270032]
 [-0.5356914   0.2884827   0.2060799 ]
 [-0.5688907   0.34862095  0.12257847]
 [ 0.02877829  0.01132132  0.7902025 ]
 [ 0.05457793  0.01387724  1.0437917 ]
 [ 0.14727816 -0.05376029  1.1414864 ]
 [ 0.07047562 -0.01381344  1.1893609 ]
 [ 0.07998923  0.13718882  0.9773272 ]
 [ 0.2858048   0.16001076  0.83021533]
 [ 0.31923285  0.06357092  1.0083002 ]
 [ 0.01735832 -0.12219292  1.024831  ]
 [ 0.02821438 -0.25425962  0.82202756]
 [ 0.0948642  -0.18301964  0.9383487 ]]
[[ 0.          0.          0.61941206]
 [ 0.0207305  -0.10628751  0.62212104]
 [ 0.34228355  0.0578793   0.39675006]
 [ 0.44342983  0.07579422  0.01819086]
 [ 0.6224178   0.14496958  0.        ]
 [-0.02065561  0.10629791  0.6172544 ]
 [-0.06683479  0.18064514  0.25647175]
 [-0.4965778   0.10643882  0.36957997]
 [-0.6002811   0.16904506  0.35930824]
 [ 0.03730237  0.00187436  0.83612573]
 [ 0.07229315 -0.00152957  1.0872777 ]
 [ 0.17195085 -0.07029447  1.1892595 ]
 [ 0.08413242 -0.03761923  1.2332854 ]
 [ 0.07511783  0.11792818  1.0198549 ]
 [ 0.21052757  0.19245116  0.8114578 ]
 [ 0.32852113  0.09395373  0.93094015]
 [ 0.05242144 -0.13348329  1.0646188 ]
 [-0.00623998 -0.18851149  0.81789494]
 [ 0.04111601 -0.15170947  0.74044496]]
[[ 0.          0.          0.6636761 ]
 [ 0.02034757 -0.100807    0.6642976 ]
 [ 0.28657877  0.11191703  0.40179104]
 [ 0.31575328  0.19400468  0.03544921]
 [ 0.49437237  0.27708983  0.        ]
 [-0.02021405  0.10076749  0.6635653 ]
 [ 0.04491309  0.10289481  0.28014156]
 [-0.41705734 -0.04200222  0.43043745]
 [-0.5464326   0.00801849  0.44708642]
 [ 0.04717524 -0.00584468  0.8777517 ]
 [ 0.09013928 -0.01712555  1.1287614 ]
 [ 0.18433696 -0.07924914  1.2348471 ]
 [ 0.09457592 -0.05627811  1.2767916 ]
 [ 0.06612717  0.09595054  1.0550122 ]
 [ 0.13391286  0.21556757  0.8222743 ]
 [ 0.30986422  0.14166343  0.84003663]
 [ 0.09006658 -0.14282835  1.1074158 ]
 [ 0.01981288 -0.18359864  0.85036504]
 [ 0.08329234 -0.17704847  0.68435836]]
[[ 0.          0.          0.64339435]
 [ 0.01189071 -0.10754407  0.64017725]
 [ 0.10837398  0.11053421  0.32973006]
 [-0.01304016  0.24462771  0.04894972]
 [ 0.14665921  0.34104836  0.        ]
 [-0.01176745  0.10736814  0.6467001 ]
 [ 0.24730624  0.04154381  0.3468611 ]
 [-0.16598044 -0.01233524  0.3703513 ]
 [-0.21004334  0.03171995  0.295489  ]
 [ 0.05180123 -0.01030922  0.85884684]
 [ 0.10271154 -0.0141224   1.1097262 ]
 [ 0.18764423 -0.06032395  1.2250943 ]
 [ 0.09354324 -0.05915129  1.2601812 ]
 [ 0.05244845  0.10198581  1.0344107 ]
 [ 0.01478824  0.2714408   0.8347771 ]
 [ 0.22696365  0.30218917  0.7325367 ]
 [ 0.12965295 -0.15530181  1.0892403 ]
 [ 0.09260461 -0.26322657  0.8575735 ]
 [ 0.19803098 -0.21197912  0.70142853]]
[[ 0.00000000e+00  0.00000000e+00  5.74232578e-01]
 [ 4.76869568e-03 -1.01852715e-01  5.63538313e-01]
 [-1.02692500e-01  8.37675482e-02  2.45042384e-01]
 [-3.61069500e-01  2.39265621e-01  8.77398252e-02]
 [-2.87963390e-01  3.45273674e-01  0.00000000e+00]
 [-4.77198139e-03  1.01559997e-01  5.84490955e-01]
 [ 3.54114771e-01  2.62295455e-02  4.13888454e-01]
 [ 1.13129891e-01  1.12253428e-02  1.51009440e-01]
 [ 2.20791236e-01  2.98371315e-02  7.78736472e-02]
 [ 4.13825586e-02 -1.34584755e-02  7.98905969e-01]
 [ 8.92731994e-02 -1.16339922e-02  1.05246902e+00]
 [ 1.67155981e-01 -5.99427819e-02  1.15416837e+00]
 [ 8.40620026e-02 -6.44586682e-02  1.20027411e+00]
 [ 1.72838569e-02  9.18244123e-02  9.78974700e-01]
 [-1.37349546e-01  2.51813948e-01  8.60579371e-01]
 [ 3.84442508e-04  2.76431799e-01  6.85905397e-01]
 [ 1.42218053e-01 -1.48789257e-01  1.04005170e+00]
 [ 1.62767529e-01 -2.78545856e-01  8.11087787e-01]
 [ 2.72439182e-01 -1.53377488e-01  7.72997022e-01]]
[[ 0.          0.          0.6059731 ]
 [ 0.00454258 -0.1029323   0.5937189 ]
 [-0.14604276  0.08858994  0.27867424]
 [-0.48392785  0.24917325  0.22566527]
 [-0.4777425   0.36588416  0.12466645]
 [-0.00450873  0.10262082  0.61755544]
 [ 0.34064832  0.04562142  0.42854142]
 [ 0.3209344   0.05937189  0.0476951 ]
 [ 0.48209956  0.07462639  0.        ]
 [ 0.02988427 -0.01748443  0.8296449 ]
 [ 0.07402617 -0.00374001  1.0848551 ]
 [ 0.15431389 -0.04814667  1.1780272 ]
 [ 0.07126677 -0.05060476  1.2255683 ]
 [-0.00367381  0.09861287  1.0107132 ]
 [-0.2065705   0.23532915  0.92305756]
 [-0.10137205  0.22599305  0.7105304 ]
 [ 0.13081704 -0.14034021  1.0776439 ]
 [ 0.19062176 -0.26383987  0.850454  ]
 [ 0.30024672 -0.08851577  0.86215866]]
[[ 0.          0.          0.64172065]
 [ 0.01761209 -0.09917528  0.63113016]
 [-0.10210034  0.07010174  0.29773238]
 [-0.45605785  0.20596933  0.40958685]
 [-0.5271509   0.3452869   0.35487318]
 [-0.01746348  0.09881023  0.6517566 ]
 [ 0.3153323   0.12934336  0.40583402]
 [ 0.38531256  0.14332151  0.02509236]
 [ 0.547408    0.1770879   0.        ]
 [ 0.02798942 -0.00392784  0.8634609 ]
 [ 0.06969015  0.01570496  1.1172992 ]
 [ 0.14868394 -0.02175182  1.2145253 ]
 [ 0.06546752 -0.02490228  1.2585589 ]
 [-0.01034529  0.11867207  1.0426826 ]
 [-0.1860624   0.25225657  0.9294319 ]
 [-0.08958668  0.23498829  0.71948975]
 [ 0.12935886 -0.11431402  1.1058804 ]
 [ 0.15097664 -0.25617278  0.8947232 ]
 [ 0.27250442 -0.08393019  0.8365146 ]]
[[ 0.          0.          0.6761307 ]
 [ 0.02625977 -0.09836286  0.6689298 ]
 [-0.04114001  0.04866803  0.32609832]
 [-0.39360225  0.15287787  0.51869047]
 [-0.48332012  0.30587965  0.51149106]
 [-0.02610731  0.09800215  0.68291485]
 [ 0.27569672  0.16093537  0.39374495]
 [ 0.31949267  0.18076158  0.01921874]
 [ 0.48788083  0.2116186   0.        ]
 [ 0.02615874  0.00520304  0.8966868 ]
 [ 0.06613916  0.02787554  1.1496316 ]
 [ 0.1473082  -0.00769401  1.2512867 ]
 [ 0.06317978 -0.00588006  1.2970207 ]
 [-0.01318321  0.1300393   1.0685573 ]
 [-0.14854056  0.25970918  0.9091412 ]
 [-0.02131307  0.24227396  0.72931975]
 [ 0.12551779 -0.10068285  1.135016  ]
 [ 0.125501   -0.23912558  0.9200731 ]
 [ 0.2400476  -0.08623737  0.79013747]]
[[ 0.          0.          0.71485925]
 [ 0.02699544 -0.11109291  0.70708686]
 [ 0.07268912 -0.00944543  0.36745664]
 [-0.3089024   0.06682807  0.5996511 ]
 [-0.39769742  0.21495917  0.6052568 ]
 [-0.02684656  0.11083569  0.7224717 ]
 [ 0.21760634  0.20471008  0.39761126]
 [ 0.14034632  0.23140773  0.03835726]
 [ 0.32105833  0.25813258  0.        ]
 [ 0.03141749  0.02080978  0.93370366]
 [ 0.07856937  0.04494968  1.1857169 ]
 [ 0.16269475  0.00274915  1.2948675 ]
 [ 0.07605609  0.01309925  1.3399893 ]
 [ 0.01124682  0.15997392  1.100221  ]
 [-0.03519769  0.28649366  0.88878775]
 [ 0.11054642  0.22156477  0.7637581 ]
 [ 0.1224613  -0.09208307  1.1720408 ]
 [ 0.07214996 -0.23483084  0.95479906]
 [ 0.18037271 -0.10520197  0.77368176]]
[[ 0.          0.          0.6797992 ]
 [ 0.02835627 -0.11984146  0.6745657 ]
 [ 0.2668543  -0.08339393  0.38677296]
 [-0.17511295 -0.13967685  0.43942377]
 [-0.21383739 -0.05298942  0.37363893]
 [-0.02815322  0.11983281  0.6850958 ]
 [ 0.05251859  0.31088     0.3371575 ]
 [-0.15779841  0.32360044  0.06231517]
 [ 0.0122456   0.37602237  0.        ]
 [ 0.0497237   0.032585    0.89651287]
 [ 0.10113343  0.05922446  1.1498396 ]
 [ 0.18284638  0.00283045  1.2636098 ]
 [ 0.09793749  0.02389532  1.3051023 ]
 [ 0.07284396  0.1886918   1.0612316 ]
 [ 0.15887699  0.29216373  0.82289505]
 [ 0.28253376  0.13797002  0.85088366]
 [ 0.11163861 -0.09258825  1.1383429 ]
 [ 0.00910006 -0.20758417  0.9154654 ]
 [ 0.08591561 -0.12659086  0.7770374 ]]
[[ 0.          0.          0.5674522 ]
 [ 0.01409337 -0.11997112  0.56725174]
 [ 0.37389505 -0.05535403  0.37119249]
 [ 0.08146252 -0.15212014  0.11536384]
 [ 0.17794505 -0.12900853  0.0157758 ]
 [-0.01393916  0.12002593  0.5679308 ]
 [-0.11420572  0.29668334  0.26617286]
 [-0.432213    0.33574003  0.09969157]
 [-0.3675999   0.402825    0.        ]
 [ 0.04029419  0.02423909  0.789817  ]
 [ 0.07869221  0.03765562  1.0453521 ]
 [ 0.16347146 -0.03335118  1.1515653 ]
 [ 0.08462147 -0.00385439  1.1910269 ]
 [ 0.09179884  0.16758648  0.96833485]
 [ 0.25547504  0.21326914  0.77729535]
 [ 0.32943195  0.05623069  0.91960984]
 [ 0.0483779  -0.11295661  1.0372329 ]
 [-0.03837926 -0.20828757  0.8100568 ]
 [ 0.02864394 -0.13140625  0.76735806]]
[[ 0.          0.          0.61579365]
 [ 0.0155574  -0.11278614  0.6134985 ]
 [ 0.37034947 -0.01039481  0.41566566]
 [ 0.3386795  -0.06409174  0.04875821]
 [ 0.49923876 -0.02276361  0.        ]
 [-0.0154709   0.11284632  0.6186219 ]
 [-0.12468216  0.265813    0.28540456]
 [-0.5391699   0.27473655  0.29586467]
 [-0.5874711   0.32009965  0.20599252]
 [ 0.03224049  0.01303224  0.8361141 ]
 [ 0.06180542  0.01645514  1.0895497 ]
 [ 0.15561265 -0.05344504  1.1906128 ]
 [ 0.0712331  -0.01509607  1.2346897 ]
 [ 0.08916432  0.13885292  1.0206733 ]
 [ 0.26664108  0.18976417  0.8325689 ]
 [ 0.34797376  0.07981697  0.991395  ]
 [ 0.02090088 -0.12171704  1.0722948 ]
 [-0.0453199  -0.21382384  0.85688925]
 [ 0.03325064 -0.1373207   0.7891217 ]]
[[ 0.00000000e+00  0.00000000e+00  6.18884027e-01]
 [ 2.20071450e-02 -1.00309499e-01  6.18694723e-01]
 [ 3.38457823e-01  8.19892287e-02  3.83770049e-01]
 [ 4.08263981e-01  1.03077412e-01  2.59218812e-02]
 [ 5.85174322e-01  1.63130403e-01  0.00000000e+00]
 [-2.19366625e-02  1.00322932e-01  6.19668186e-01]
 [-6.18556440e-02  1.81001872e-01  2.64808893e-01]
 [-5.08136868e-01  7.29534030e-02  4.04697448e-01]
 [-6.14027381e-01  1.32088691e-01  3.92194897e-01]
 [ 4.12292555e-02  5.90190291e-04  8.34879041e-01]
 [ 7.81502724e-02 -6.57662749e-03  1.08582461e+00]
 [ 1.70579836e-01 -7.31025934e-02  1.19146132e+00]
 [ 8.35360736e-02 -3.99945974e-02  1.23265338e+00]
 [ 8.09340477e-02  1.07099146e-01  1.01753688e+00]
 [ 1.92732081e-01  2.03475028e-01  7.98412383e-01]
 [ 3.33306730e-01  1.00351274e-01  8.85232210e-01]
 [ 5.65285981e-02 -1.33758068e-01  1.06617677e+00]
 [-2.12097354e-02 -1.94102257e-01  8.23768198e-01]
 [ 4.82261404e-02 -1.67417184e-01  7.02960014e-01]]
[[ 0.          0.          0.6400238 ]
 [ 0.01794337 -0.10152881  0.63930124]
 [ 0.2772061   0.12527749  0.3847347 ]
 [ 0.2880916   0.1938304   0.02967209]
 [ 0.47018564  0.26005292  0.        ]
 [-0.01782465  0.10146715  0.6412723 ]
 [ 0.05724287  0.11353275  0.27889743]
 [-0.40506262 -0.03552119  0.4506769 ]
 [-0.53425705  0.0233193   0.45381868]
 [ 0.05129176 -0.00266157  0.8546229 ]
 [ 0.0946754  -0.01425129  1.1050777 ]
 [ 0.1837461  -0.07211563  1.2166702 ]
 [ 0.0922088  -0.04570544  1.2555182 ]
 [ 0.07719912  0.10264102  1.0302646 ]
 [ 0.11375475  0.250451    0.80367583]
 [ 0.31045353  0.20764166  0.8036129 ]
 [ 0.08800292 -0.14814824  1.0859799 ]
 [ 0.02117796 -0.22651339  0.8460393 ]
 [ 0.10443303 -0.20288606  0.68541473]]
[[ 0.          0.          0.5989894 ]
 [ 0.01076507 -0.10031583  0.5952015 ]
 [ 0.08317422  0.11471599  0.3143048 ]
 [-0.02995649  0.27357012  0.04963213]
 [ 0.12651911  0.36504757  0.        ]
 [-0.01068367  0.10014312  0.60286003]
 [ 0.24260738  0.04691365  0.32096767]
 [-0.1732898  -0.02746662  0.36457115]
 [-0.218829    0.01991251  0.28384   ]
 [ 0.04988461 -0.01063326  0.81470853]
 [ 0.09768635 -0.01165116  1.0670288 ]
 [ 0.17956609 -0.05786067  1.186239  ]
 [ 0.08184059 -0.04968798  1.2178627 ]
 [ 0.0539444   0.10110301  0.9901522 ]
 [-0.00464743  0.29904026  0.8191954 ]
 [ 0.21092004  0.32970217  0.70986396]
 [ 0.12013555 -0.1548168   1.0473359 ]
 [ 0.08646655 -0.28998998  0.8277963 ]
 [ 0.18802625 -0.22284082  0.7092594 ]]
[[ 0.0000000e+00  0.0000000e+00  5.2175122e-01]
 [ 1.1512563e-03 -1.0025549e-01  5.0993705e-01]
 [-1.1703691e-01  9.3761355e-02  2.0871320e-01]
 [-4.0359104e-01  2.6832414e-01  7.9330564e-02]
 [-3.4678566e-01  3.7023702e-01  0.0000000e+00]
 [-1.1436269e-03  9.9979207e-02  5.3304720e-01]
 [ 3.5563630e-01  4.1651607e-02  3.4812155e-01]
 [ 1.4450914e-01  3.1241328e-02  9.0666533e-02]
 [ 2.5564098e-01  6.2858135e-02  1.2398720e-02]
 [ 3.7689157e-02 -9.4966441e-03  7.4462879e-01]
 [ 8.6528420e-02 -3.1286478e-04  9.9897134e-01]
 [ 1.6431549e-01 -4.9098849e-02  1.1036420e+00]
 [ 8.1170693e-02 -4.9351871e-02  1.1466858e+00]
 [ 1.6749360e-02  1.0380131e-01  9.2694068e-01]
 [-1.4675662e-01  2.8048259e-01  8.2832813e-01]
 [-4.5926049e-03  2.8649849e-01  6.4075029e-01]
 [ 1.3583794e-01 -1.3809183e-01  9.8205018e-01]
 [ 1.6932407e-01 -2.7305934e-01  7.4759841e-01]
 [ 2.8064734e-01 -1.3693275e-01  7.7198803e-01]]
[[ 0.          0.          0.5826025 ]
 [ 0.01073329 -0.09944836  0.57012135]
 [-0.11413506  0.1077497   0.25422427]
 [-0.47715342  0.25217107  0.23561469]
 [-0.48395002  0.36994103  0.15282708]
 [-0.01068004  0.09911804  0.594451  ]
 [ 0.35557768  0.07836439  0.3932185 ]
 [ 0.34774083  0.07012248  0.0313133 ]
 [ 0.4981357   0.10050005  0.        ]
 [ 0.03162326 -0.00928409  0.804691  ]
 [ 0.07510084  0.00615853  1.0592304 ]
 [ 0.15492126 -0.03604472  1.1576622 ]
 [ 0.07350426 -0.03746265  1.2033271 ]
 [-0.00413339  0.10862637  0.9877329 ]
 [-0.20094895  0.25923815  0.9055788 ]
 [-0.08273719  0.25234216  0.7036897 ]
 [ 0.13323362 -0.12650552  1.044936  ]
 [ 0.18510702 -0.25979027  0.8172167 ]
 [ 0.29676652 -0.09017299  0.8430071 ]]
[[ 0.00000000e+00  0.00000000e+00  6.01933300e-01]
 [ 1.47918798e-02 -9.64597315e-02  5.91166079e-01]
 [-8.18647742e-02  8.19418132e-02  2.67632395e-01]
 [-4.37556803e-01  2.11211771e-01  3.69693398e-01]
 [-5.09983361e-01  3.52323145e-01  3.17598403e-01]
 [-1.46522485e-02  9.61051136e-02  6.12144351e-01]
 [ 3.24706972e-01  1.28762782e-01  3.69876355e-01]
 [ 3.95147800e-01  1.47037894e-01  1.23451948e-02]
 [ 5.53494930e-01  1.74470574e-01  0.00000000e+00]
 [ 3.25367227e-02  4.71384823e-03  8.22373152e-01]
 [ 7.60433376e-02  2.95472443e-02  1.07607996e+00]
 [ 1.50527313e-01 -1.45061016e-02  1.17630267e+00]
 [ 7.02305287e-02 -8.65072012e-03  1.21760082e+00]
 [ 3.58998775e-04  1.29169822e-01  1.00086403e+00]
 [-1.82950914e-01  2.58313715e-01  8.83285880e-01]
 [-5.96626997e-02  2.38792360e-01  6.88677609e-01]
 [ 1.30784899e-01 -9.87636447e-02  1.06203282e+00]
 [ 1.45370156e-01 -2.40304947e-01  8.42981458e-01]
 [ 2.65574485e-01 -8.91039073e-02  7.99394667e-01]]
[[ 0.          0.          0.6490705 ]
 [ 0.01797616 -0.09490604  0.6405902 ]
 [-0.02002829  0.05305043  0.30583152]
 [-0.3621332   0.17180645  0.4743981 ]
 [-0.4553851   0.32447553  0.44567114]
 [-0.01780891  0.09459345  0.65711796]
 [ 0.29017264  0.16584419  0.3807711 ]
 [ 0.32579687  0.18534419  0.0146637 ]
 [ 0.4958264   0.20996773  0.        ]
 [ 0.03003756  0.01896031  0.8686106 ]
 [ 0.07396313  0.05354601  1.1215518 ]
 [ 0.15169999  0.00936097  1.2258663 ]
 [ 0.06459412  0.01693416  1.2633789 ]
 [ 0.00288483  0.15679228  1.0398015 ]
 [-0.13488969  0.28059414  0.8869195 ]
 [ 0.01592121  0.2650433   0.7124123 ]
 [ 0.12395799 -0.07697251  1.108517  ]
 [ 0.1045801  -0.22397292  0.89359045]
 [ 0.21493599 -0.1115039   0.76947236]]
[[ 0.          0.          0.6725433 ]
 [ 0.02022579 -0.11679202  0.6644479 ]
 [ 0.16745993 -0.04789722  0.33254156]
 [-0.2683565  -0.00176568  0.49527633]
 [-0.33611757  0.11482903  0.41140267]
 [-0.02004357  0.11668133  0.68051344]
 [ 0.18351845  0.24145752  0.33787993]
 [ 0.04809422  0.26059026  0.04376853]
 [ 0.22047521  0.2930944   0.        ]
 [ 0.04518531  0.04023647  0.8897244 ]
 [ 0.09758355  0.08035171  1.1402717 ]
 [ 0.17677978  0.02063912  1.2511494 ]
 [ 0.08783239  0.04352611  1.2921357 ]
 [ 0.05491365  0.20010978  1.0506797 ]
 [ 0.04849852  0.31496602  0.8337935 ]
 [ 0.21174492  0.2247029   0.7725367 ]
 [ 0.11447716 -0.07030341  1.1310899 ]
 [ 0.02904545 -0.2060606   0.90638   ]
 [ 0.11894576 -0.11985886  0.7465253 ]]
[[ 0.          0.          0.54084444]
 [ 0.02140895 -0.11635959  0.54307884]
 [ 0.37254328  0.00724372  0.3467368 ]
 [ 0.04300281 -0.07517126  0.17226344]
 [ 0.12405652 -0.0393143   0.05543423]
 [-0.02125219  0.11647077  0.53880364]
 [-0.05073479  0.26458108  0.20556635]
 [-0.3533727   0.3041007   0.0901764 ]
 [-0.3036753   0.3669278   0.        ]
 [ 0.03615164  0.04295579  0.7604741 ]
 [ 0.06519024  0.07259351  1.0158083 ]
 [ 0.15600446 -0.00883436  1.1254686 ]
 [ 0.05840686  0.03872234  1.164276  ]
 [ 0.07730816  0.19068837  0.9307222 ]
 [ 0.18196462  0.23372698  0.7172067 ]
 [ 0.30871677  0.09252071  0.8200072 ]
 [ 0.03860987 -0.08122909  1.0107578 ]
 [-0.03188557 -0.17885676  0.7661341 ]
 [-0.0085487  -0.13660689  0.64774704]]
[[ 0.          0.          0.57573885]
 [ 0.01481201 -0.11406704  0.57883936]
 [ 0.38090685 -0.01100686  0.41091377]
 [ 0.2878179  -0.08650091  0.06626087]
 [ 0.4354557  -0.04420596  0.        ]
 [-0.01471137  0.114205    0.57304496]
 [-0.08082289  0.2798867   0.2631873 ]
 [-0.47145963  0.31604275  0.21743727]
 [-0.50594485  0.36437985  0.09899491]
 [ 0.02609781  0.03665194  0.79442894]
 [ 0.04365613  0.05722946  1.0490326 ]
 [ 0.13947763 -0.02467757  1.1524959 ]
 [ 0.03943624  0.02890712  1.1909301 ]
 [ 0.08237366  0.17175877  0.9775709 ]
 [ 0.24172756  0.19695294  0.788993  ]
 [ 0.328682    0.08549964  0.94673306]
 [-0.00909932 -0.08506939  1.0345807 ]
 [-0.07309332 -0.2160533   0.8240023 ]
 [-0.02713289 -0.18019061  0.73907024]]
[[ 0.00000000e+00  0.00000000e+00  5.72890401e-01]
 [ 1.21373162e-02 -1.06766090e-01  5.75230896e-01]
 [ 3.67465585e-01 -1.34453177e-04  3.85753185e-01]
 [ 4.15499300e-01 -3.47929597e-02  3.80014777e-02]
 [ 5.76547027e-01  1.10762119e-02  0.00000000e+00]
 [-1.20566413e-02  1.06906086e-01  5.71104050e-01]
 [-5.95378876e-02  2.35593304e-01  2.24805892e-01]
 [-4.78014052e-01  2.52403975e-01  2.85147667e-01]
 [-5.67275047e-01  3.20830882e-01  1.97246522e-01]
 [ 2.87402570e-02  2.81935930e-02  7.87181854e-01]
 [ 4.69592102e-02  3.28637660e-02  1.03747010e+00]
 [ 1.43159419e-01 -4.56824303e-02  1.14168978e+00]
 [ 4.78946716e-02  3.33040953e-03  1.18206382e+00]
 [ 8.25021118e-02  1.36555403e-01  9.69931960e-01]
 [ 2.36793309e-01  1.67505115e-01  7.72920132e-01]
 [ 3.38054121e-01  8.16343129e-02  9.26909208e-01]
 [-6.41536713e-03 -9.38706398e-02  1.01811481e+00]
 [-1.32329151e-01 -2.18246594e-01  8.87351871e-01]
 [-1.27239645e-01 -2.08193839e-01  8.08642387e-01]]
[[ 0.0000000e+00  0.0000000e+00  5.5528617e-01]
 [ 1.0751307e-02 -1.1126624e-01  5.6016433e-01]
 [ 3.5562402e-01  4.8226193e-02  3.5806963e-01]
 [ 3.8367271e-01  5.7989985e-02  2.9746592e-02]
 [ 5.5194062e-01  1.1793575e-01  0.0000000e+00]
 [-1.0625977e-02  1.1131299e-01  5.5088049e-01]
 [ 3.7554152e-02  1.9148639e-01  1.9600856e-01]
 [-3.9472163e-01  1.8603331e-01  3.1869024e-01]
 [-4.9685264e-01  2.5551957e-01  2.5118405e-01]
 [ 3.8374588e-02  2.0297572e-02  7.6989800e-01]
 [ 6.5469272e-02  2.5569081e-02  1.0188836e+00]
 [ 1.6282034e-01 -5.0914109e-02  1.1303861e+00]
 [ 5.9000246e-02  9.2518330e-04  1.1664715e+00]
 [ 8.2086958e-02  1.3481656e-01  9.4554609e-01]
 [ 1.8551166e-01  2.1567981e-01  7.3139149e-01]
 [ 3.3641845e-01  1.1467472e-01  8.1837726e-01]
 [ 3.0578725e-02 -1.1017740e-01  1.0021839e+00]
 [-4.2317402e-02 -2.1569867e-01  7.8757793e-01]
 [ 5.2102506e-02 -1.6260397e-01  6.9808751e-01]]
[[ 0.00000000e+00  0.00000000e+00  5.29052198e-01]
 [ 5.67093492e-04 -1.08779758e-01  5.27178764e-01]
 [ 2.72124052e-01  7.69626647e-02  2.80333221e-01]
 [ 1.93463326e-01  2.08529413e-01  3.36048603e-02]
 [ 3.56076479e-01  2.89406806e-01  0.00000000e+00]
 [-4.46416438e-04  1.08687013e-01  5.31139672e-01]
 [ 2.30182856e-01  7.04989135e-02  2.19211161e-01]
 [-1.98811471e-01  6.50945306e-02  2.61666536e-01]
 [-2.62507141e-01  1.23154312e-01  1.78308219e-01]
 [ 5.32248542e-02  1.34738833e-02  7.44653046e-01]
 [ 1.03965551e-01  3.65122259e-02  9.93798494e-01]
 [ 1.92640901e-01 -2.59786844e-02  1.10846305e+00]
 [ 8.22589546e-02  1.03728175e-02  1.13948679e+00]
 [ 8.98873582e-02  1.48291618e-01  9.13942635e-01]
 [ 1.13927886e-01  3.13456714e-01  7.20524192e-01]
 [ 3.40139568e-01  3.35836262e-01  6.90683603e-01]
 [ 9.49385837e-02 -1.17182493e-01  9.84160185e-01]
 [ 5.47416508e-02 -2.91320831e-01  7.95075834e-01]
 [ 1.71752930e-01 -2.15711400e-01  6.61334753e-01]]
[[ 0.          0.          0.50900555]
 [-0.01214127 -0.10178233  0.5004029 ]
 [ 0.01437118  0.05590189  0.19840878]
 [-0.26843756  0.2454367   0.10567504]
 [-0.23916078  0.3619267   0.0304409 ]
 [ 0.01214732  0.10157466  0.5171517 ]
 [ 0.3659975   0.05990118  0.29973316]
 [ 0.21163374  0.14399427  0.09050879]
 [ 0.35302863  0.16548818  0.        ]
 [ 0.03192376  0.00736769  0.72958827]
 [ 0.07530043  0.04738322  0.9797759 ]
 [ 0.14360276 -0.00424844  1.0804595 ]
 [ 0.06465679  0.01400805  1.1210091 ]
 [ 0.02216533  0.1497873   0.8970238 ]
 [-0.11240925  0.32101685  0.77069545]
 [ 0.06931183  0.33136165  0.6214676 ]
 [ 0.10743476 -0.10443735  0.98045135]
 [ 0.12035462 -0.31191167  0.8235556 ]
 [ 0.21459764 -0.19681993  0.7971307 ]]
[[ 0.          0.          0.543857  ]
 [ 0.007611   -0.09604697  0.5399224 ]
 [-0.05985796  0.1182424   0.24156532]
 [-0.4049562   0.27321395  0.21197662]
 [-0.43156773  0.39862654  0.13163593]
 [-0.00761395  0.09579228  0.54706466]
 [ 0.35358572  0.08982112  0.3184527 ]
 [ 0.43872476  0.09362036  0.02123147]
 [ 0.60373735  0.09249774  0.        ]
 [ 0.00368215  0.01907195  0.7599737 ]
 [ 0.02072194  0.07612789  1.0066843 ]
 [ 0.09060141  0.03449124  1.0987849 ]
 [ 0.00181581  0.03973639  1.142243  ]
 [-0.05213583  0.16786334  0.9198536 ]
 [-0.2376107   0.30240282  0.8335445 ]
 [-0.09812844  0.29775998  0.65630203]
 [ 0.07995418 -0.0619711   1.0179709 ]
 [ 0.15267836 -0.23769516  0.85654545]
 [ 0.24078786 -0.05230629  0.88067275]]
[[ 0.0000000e+00  0.0000000e+00  5.4371375e-01]
 [ 1.1347812e-02 -9.3587123e-02  5.4579413e-01]
 [-5.4750271e-02  1.0513654e-01  2.4420279e-01]
 [-4.2137140e-01  2.4692240e-01  2.6693213e-01]
 [-4.7758979e-01  3.7633160e-01  1.9711271e-01]
 [-1.1340976e-02  9.3340494e-02  5.4100126e-01]
 [ 3.2201335e-01  1.2583329e-01  2.9771802e-01]
 [ 4.6744680e-01  1.4669371e-01  0.0000000e+00]
 [ 6.2767816e-01  1.4581066e-01  1.0030866e-03]
 [-7.0949309e-03  2.8116971e-02  7.5836354e-01]
 [ 9.2007965e-04  9.6826106e-02  1.0009793e+00]
 [ 6.5915540e-02  5.5635691e-02  1.0972130e+00]
 [-2.3546137e-02  6.1322868e-02  1.1362665e+00]
 [-7.2488084e-02  1.8805799e-01  9.1005623e-01]
 [-2.5235972e-01  3.0086532e-01  8.0342662e-01]
 [-1.1753276e-01  2.7867502e-01  6.3319016e-01]
 [ 5.9138447e-02 -4.1298062e-02  1.0152782e+00]
 [ 1.0300100e-01 -2.3124801e-01  8.8718367e-01]
 [ 2.2562113e-01 -5.9295982e-02  8.3747721e-01]]
[[ 0.          0.          0.5854573 ]
 [ 0.02113292 -0.08781526  0.59126043]
 [-0.00534963  0.07058178  0.2827878 ]
 [-0.37789     0.17870909  0.363697  ]
 [-0.47089553  0.33061892  0.31064498]
 [-0.02106912  0.08759439  0.57912564]
 [ 0.28151557  0.15084907  0.30956784]
 [ 0.41678345  0.19595331  0.0053035 ]
 [ 0.5667895   0.21382451  0.        ]
 [-0.00796038  0.04790783  0.79625535]
 [-0.00396914  0.1280297   1.0336574 ]
 [ 0.05899014  0.0897401   1.1356779 ]
 [-0.02984476  0.09544873  1.1716615 ]
 [-0.07567722  0.21289486  0.93303883]
 [-0.22737816  0.29886216  0.78681266]
 [-0.06394155  0.2910763   0.6332941 ]
 [ 0.05643919 -0.00309321  1.0508506 ]
 [ 0.08532435 -0.17379907  0.9098164 ]
 [ 0.21680447 -0.02699389  0.8009369 ]]
[[ 0.          0.          0.5962312 ]
 [ 0.02707733 -0.10753658  0.6113816 ]
 [ 0.22463574 -0.01782295  0.33724973]
 [-0.21437904  0.00326145  0.39308006]
 [-0.30378968  0.14018914  0.32056847]
 [-0.02699913  0.10742682  0.580876  ]
 [ 0.22293562  0.19554442  0.26009828]
 [ 0.17103001  0.20549294  0.00765783]
 [ 0.31882742  0.21210247  0.        ]
 [ 0.00611738  0.0709683   0.8071034 ]
 [ 0.02449636  0.16280347  1.0436323 ]
 [ 0.07858087  0.12686092  1.1611986 ]
 [-0.00373025  0.13765806  1.1945491 ]
 [-0.01277676  0.2654338   0.9289314 ]
 [ 0.01152651  0.37274122  0.74229735]
 [ 0.19193512  0.3157471   0.702071  ]
 [ 0.05356617  0.01441586  1.0621117 ]
 [ 0.04521273 -0.1531031   0.8497187 ]
 [ 0.19059245 -0.05675921  0.72378165]]
[[ 0.0000000e+00  0.0000000e+00  5.6812716e-01]
 [ 2.6413888e-02 -1.1365813e-01  5.9533811e-01]
 [ 3.8156384e-01 -7.2595477e-02  4.7138798e-01]
 [ 6.0539484e-02 -2.5088769e-01  2.1787477e-01]
 [ 1.3772845e-01 -2.2008431e-01  1.2416917e-01]
 [-2.6245594e-02  1.1371398e-01  5.4112488e-01]
 [-2.0948410e-02  2.4939901e-01  1.9277638e-01]
 [-1.7926598e-01  2.8670314e-01  3.5099804e-02]
 [-8.8855773e-02  3.4090689e-01  0.0000000e+00]
 [ 2.0601317e-02  8.4665895e-02  7.7617639e-01]
 [ 2.1477021e-02  1.5871239e-01  1.0237103e+00]
 [ 5.6106001e-02  1.1960870e-01  1.1503549e+00]
 [-2.2489920e-02  1.4205927e-01  1.1781934e+00]
 [ 4.0495478e-02  2.6737875e-01  9.2077082e-01]
 [ 1.7766002e-01  2.9786241e-01  7.3243719e-01]
 [ 3.1705564e-01  1.7302400e-01  8.8671553e-01]
 [ 2.7600117e-04  5.0131679e-03  1.0313762e+00]
 [-4.7640644e-02 -1.4934783e-01  8.1640625e-01]
 [ 4.5213565e-02 -1.2618342e-01  7.3447818e-01]]
[[ 0.          0.          0.60716057]
 [ 0.02135019 -0.1135097   0.6344596 ]
 [ 0.3624357  -0.1526619   0.5075494 ]
 [ 0.23391104 -0.36119914  0.13176066]
 [ 0.39631695 -0.36227906  0.07320583]
 [-0.02121576  0.11370405  0.5803179 ]
 [-0.1057792   0.26468697  0.26475188]
 [-0.3357525   0.3393033   0.08286184]
 [-0.31137294  0.40273678  0.        ]
 [ 0.00903923  0.08701997  0.81010044]
 [-0.00850293  0.15566689  1.0564435 ]
 [ 0.03180613  0.12480927  1.185628  ]
 [-0.07336095  0.15018386  1.2026044 ]
 [ 0.04249524  0.24972767  0.9733339 ]
 [ 0.21663591  0.22385255  0.80507946]
 [ 0.33620495  0.14599377  0.94985086]
 [-0.05704789  0.02453184  1.0416672 ]
 [-0.19973095 -0.09542409  0.89180315]
 [-0.2560802  -0.10873652  0.760485  ]]
[[ 0.00000000e+00  0.00000000e+00  5.54902434e-01]
 [ 1.64678916e-02 -1.08374298e-01  5.73271275e-01]
 [ 3.80752504e-01 -7.85136670e-02  4.01034296e-01]
 [ 4.50970232e-01 -2.31307447e-01  2.18820572e-02]
 [ 6.33888960e-01 -2.01231897e-01  0.00000000e+00]
 [-1.64216124e-02  1.08435437e-01  5.37191093e-01]
 [-1.04880854e-01  1.88797265e-01  1.79983079e-01]
 [-4.31657732e-01  2.03584522e-01  2.30083376e-01]
 [-4.69312787e-01  2.25450590e-01  1.20592088e-01]
 [-8.97610933e-03  6.45327568e-02  7.67920792e-01]
 [-4.11486104e-02  1.10802025e-01  1.01811647e+00]
 [ 6.85419887e-03  7.76138306e-02  1.14557719e+00]
 [-8.96294862e-02  1.05860770e-01  1.17386341e+00]
 [ 3.86923552e-04  2.00852275e-01  9.35310483e-01]
 [ 1.83715224e-01  2.33111054e-01  7.41020918e-01]
 [ 3.59113336e-01  1.64634615e-01  8.09608698e-01]
 [-7.01224357e-02 -1.52711868e-02  1.00102210e+00]
 [-5.74142933e-02 -1.28763184e-01  7.87689924e-01]
 [-3.04845124e-02 -1.21970937e-01  6.77523136e-01]]
[[ 0.00000000e+00  0.00000000e+00  5.80894232e-01]
 [ 2.16832757e-02 -1.01872630e-01  5.98057032e-01]
 [ 3.52653474e-01 -3.64811420e-02  3.85370284e-01]
 [ 4.45949584e-01 -1.77729070e-01  8.71604681e-03]
 [ 6.29852533e-01 -1.33764207e-01  0.00000000e+00]
 [-2.17084661e-02  1.01903372e-01  5.64364731e-01]
 [-1.00761384e-01  1.30627543e-01  2.05494344e-01]
 [-4.47533399e-01  7.42279589e-02  3.05181921e-01]
 [-5.06346345e-01  1.09178230e-01  2.20578611e-01]
 [-1.56947821e-02  6.75113201e-02  7.92123675e-01]
 [-5.29928729e-02  1.17781878e-01  1.03991294e+00]
 [-2.94159353e-03  8.61661434e-02  1.16741371e+00]
 [-9.77983773e-02  1.09887719e-01  1.19394803e+00]
 [-2.36597061e-02  1.99656188e-01  9.51421738e-01]
 [ 1.24111742e-01  2.47174531e-01  7.33258486e-01]
 [ 3.15674543e-01  2.08680809e-01  7.36560225e-01]
 [-6.87860250e-02 -1.81946158e-03  1.02938557e+00]
 [-5.76348640e-02 -1.05923191e-01  8.06994557e-01]
 [ 3.00522894e-04 -1.02448478e-01  6.72272623e-01]]
[[ 0.          0.          0.6761842 ]
 [ 0.03174735 -0.10162376  0.7019832 ]
 [ 0.29976696  0.03643368  0.42283335]
 [ 0.32404324 -0.09435523  0.02472365]
 [ 0.5071494  -0.02359724  0.        ]
 [-0.03189526  0.10161541  0.65091187]
 [-0.0820055   0.06692132  0.27331796]
 [-0.451008   -0.04693379  0.4705493 ]
 [-0.52266306 -0.00760941  0.42236048]
 [-0.03282439  0.07882115  0.88312155]
 [-0.08852907  0.1360954   1.1266884 ]
 [-0.03121671  0.11276221  1.2503016 ]
 [-0.13317838  0.12031007  1.2837129 ]
 [-0.08765213  0.21563545  1.0262405 ]
 [-0.00387394  0.2870873   0.7801374 ]
 [ 0.16821006  0.37531614  0.6946869 ]
 [-0.08264779  0.02124774  1.1247168 ]
 [-0.05772278 -0.05385175  0.91010344]
 [-0.03797142 -0.08391418  0.7576443 ]]
[[ 0.          0.          0.71398026]
 [ 0.03490357 -0.09856652  0.7434439 ]
 [ 0.2553116   0.06117797  0.43786213]
 [ 0.17729428 -0.0937587   0.05128223]
 [ 0.34783864 -0.0085535   0.        ]
 [-0.03506012  0.09851958  0.6849999 ]
 [-0.06305027  0.00549114  0.296433  ]
 [-0.45961428 -0.18162811  0.51803005]
 [-0.55179924 -0.14940375  0.48551655]
 [-0.04958342  0.08089742  0.9172809 ]
 [-0.1182339   0.14184308  1.1568644 ]
 [-0.05461313  0.12405211  1.2781215 ]
 [-0.15899754  0.12197423  1.3160805 ]
 [-0.14315435  0.21749091  1.044627  ]
 [-0.10694134  0.30902946  0.80369663]
 [ 0.006293    0.4430137   0.6856097 ]
 [-0.09744155  0.02996686  1.1695963 ]
 [-0.06332661 -0.02209967  1.0225334 ]
 [-0.04366004 -0.0452529   0.8937286 ]]
[[ 0.          0.          0.65027106]
 [ 0.03278015 -0.09018806  0.67954475]
 [ 0.17536554  0.09456599  0.38194078]
 [-0.05873105 -0.04751951  0.08927131]
 [ 0.07158992  0.05585825  0.        ]
 [-0.03293703  0.0900059   0.6212666 ]
 [-0.0070578  -0.04442921  0.22932896]
 [-0.42648828 -0.32536477  0.41814113]
 [-0.5201918  -0.30336583  0.37735236]
 [-0.05988409  0.07421543  0.8536185 ]
 [-0.13414776  0.13382322  1.0924373 ]
 [-0.06331886  0.11292481  1.2067995 ]
 [-0.1611957   0.11099517  1.2528771 ]
 [-0.18421593  0.21210605  0.9810678 ]
 [-0.2502247   0.32087445  0.78601205]
 [-0.2577244   0.51867837  0.66941726]
 [-0.10004668  0.01603657  1.1222521 ]
 [-0.08603523 -0.07235858  1.1580262 ]
 [-0.07112978 -0.12783796  1.1922096 ]]
[[ 0.          0.          0.5658593 ]
 [ 0.03327752 -0.08437982  0.59789777]
 [ 0.14506975  0.06434788  0.31121588]
 [-0.1560173  -0.07116029  0.11354065]
 [-0.0637427   0.0284453   0.        ]
 [-0.03351057  0.0841306   0.53397924]
 [ 0.00736837 -0.05584252  0.13573772]
 [-0.40276125 -0.32796198  0.31155604]
 [-0.46820426 -0.32059544  0.2407589 ]
 [-0.06191401  0.07280943  0.77258486]
 [-0.13497931  0.13174412  1.0127647 ]
 [-0.0573247   0.10777014  1.1217127 ]
 [-0.15397397  0.11086303  1.1704569 ]
 [-0.1969806   0.20912546  0.90412396]
 [-0.3205319   0.31000525  0.74578726]
 [-0.37795687  0.5127066   0.6496633 ]
 [-0.09535141  0.01246619  1.0420034 ]
 [-0.06681267 -0.09079468  1.132236  ]
 [-0.03615117 -0.14436603  1.2225549 ]]
[[ 0.          0.          0.46401364]
 [ 0.03220645 -0.09325497  0.4988526 ]
 [ 0.12526403 -0.06922549  0.260948  ]
 [-0.24470907 -0.19942774  0.21300223]
 [-0.21223536 -0.12918654  0.09828126]
 [-0.03244667  0.09292801  0.4291268 ]
 [ 0.05841576  0.00219855  0.02676365]
 [-0.3076869  -0.2390221   0.12193245]
 [-0.28870103 -0.22484669  0.        ]
 [-0.0562353   0.06675111  0.6778567 ]
 [-0.11730415  0.12177002  0.92404103]
 [-0.03048189  0.09391999  1.0209749 ]
 [-0.12414883  0.09228337  1.0761142 ]
 [-0.1898275   0.20014828  0.8346037 ]
 [-0.36300808  0.3098055   0.7937609 ]
 [-0.51267916  0.44418052  0.7697688 ]
 [-0.07091747  0.00356913  0.9458457 ]
 [ 0.0017922  -0.06673843  1.097126  ]
 [ 0.03220839 -0.1421346   1.2613771 ]]
[[ 0.          0.          0.5111715 ]
 [ 0.0342514  -0.09498661  0.5470301 ]
 [ 0.15389396 -0.11818416  0.35840482]
 [-0.2527063  -0.30905795  0.33292985]
 [-0.22703052 -0.26992676  0.22855175]
 [-0.03447785  0.09460609  0.47528082]
 [ 0.08318906  0.02712876  0.08148932]
 [-0.24675451 -0.18736738  0.12732309]
 [-0.18761805 -0.15719035  0.        ]
 [-0.05137789  0.05920851  0.72668   ]
 [-0.10501738  0.11090431  0.976323  ]
 [-0.00972234  0.07984179  1.0634029 ]
 [-0.10325129  0.08204973  1.1233766 ]
 [-0.17726412  0.18857703  0.896031  ]
 [-0.35199988  0.2828084   0.9091008 ]
 [-0.5263309   0.37978607  0.93023914]
 [-0.06194124 -0.00662076  0.9909506 ]
 [ 0.02689745 -0.0757615   1.1782627 ]
 [ 0.06197588 -0.13884366  1.3709171 ]]
[[ 0.          0.          0.54890645]
 [ 0.03451414 -0.09459843  0.58938104]
 [ 0.21938935 -0.17240766  0.48147094]
 [-0.18356366 -0.40999028  0.45702717]
 [-0.12419804 -0.41523024  0.36720124]
 [-0.03466989  0.09422144  0.50842243]
 [ 0.12649512  0.05063704  0.1523833 ]
 [-0.1548912  -0.14664555  0.10972142]
 [-0.06199669 -0.11022526  0.        ]
 [-0.03383192  0.053866    0.76548344]
 [-0.0628559   0.10512668  1.0192263 ]
 [ 0.04325682  0.0621475   1.096646  ]
 [-0.05127642  0.07091773  1.1590651 ]
 [-0.12451115  0.18843043  0.95027506]
 [-0.23987657  0.31866843  1.0472696 ]
 [-0.41481096  0.3439244   1.1211188 ]
 [-0.03242322 -0.01474953  1.0279666 ]
 [ 0.06876529 -0.10253286  1.2534695 ]
 [ 0.12911479 -0.14384896  1.4659402 ]]
[[ 0.          0.          0.5585606 ]
 [ 0.03062869 -0.09161146  0.6029355 ]
 [ 0.24665666 -0.23774602  0.54970795]
 [-0.15947756 -0.51062894  0.5153814 ]
 [-0.08423162 -0.5561445   0.44813782]
 [-0.03077152  0.09127336  0.51417917]
 [ 0.15524727  0.06305838  0.19022584]
 [-0.09249993 -0.12242299  0.09853089]
 [ 0.01297001 -0.08578581  0.        ]
 [-0.01311862  0.0585425   0.7743795 ]
 [-0.01821368  0.11139652  1.029139  ]
 [ 0.09304488  0.06210053  1.0988139 ]
 [ 0.00408476  0.0781427   1.1672864 ]
 [-0.06674908  0.19436365  0.96706235]
 [-0.13363543  0.32122242  1.0897037 ]
 [-0.24726772  0.34799463  1.1803403 ]
 [-0.00320398 -0.00362498  1.0332048 ]
 [ 0.0907332  -0.11874294  1.2669251 ]
 [ 0.1582087  -0.17350256  1.480034  ]]
[[ 0.          0.          0.48850346]
 [ 0.02276042 -0.10329543  0.5422236 ]
 [ 0.322976   -0.2478594   0.60532254]
 [ 0.0529854  -0.5770283   0.46723342]
 [ 0.21350533 -0.6480936   0.44587082]
 [-0.02269564  0.10306422  0.43477896]
 [ 0.28194755  0.1654725   0.20687705]
 [ 0.09425913  0.00437725  0.07613474]
 [ 0.23344126  0.02601391  0.        ]
 [ 0.04216699  0.07602555  0.68841153]
 [ 0.09176592  0.14226246  0.9320099 ]
 [ 0.21620464  0.07526106  0.9854741 ]
 [ 0.1362718   0.12400979  1.0725074 ]
 [ 0.08542964  0.23939419  0.8435937 ]
 [ 0.12712517  0.33684933  0.65676755]
 [ 0.27014166  0.3299011   0.69254506]
 [ 0.06186218  0.01578403  0.943979  ]
 [ 0.20273644 -0.17419723  1.1521041 ]
 [ 0.34437466 -0.24016792  1.366951  ]]
[[ 0.          0.          0.4429974 ]
 [ 0.02013575 -0.1043999   0.49718082]
 [ 0.31447405 -0.2615213   0.58824074]
 [ 0.12203443 -0.60152704  0.4323116 ]
 [ 0.2855478  -0.6670159   0.4266296 ]
 [-0.02006429  0.10417935  0.3888433 ]
 [ 0.30363095  0.1836344   0.19996597]
 [ 0.12800314  0.00351247  0.06024429]
 [ 0.27550852  0.03127602  0.        ]
 [ 0.05165394  0.07811996  0.63756067]
 [ 0.11123362  0.14142174  0.87633395]
 [ 0.23981494  0.07086313  0.9233186 ]
 [ 0.16428134  0.12298709  1.0108657 ]
 [ 0.11153328  0.23747396  0.7908115 ]
 [ 0.16936718  0.32499743  0.60823405]
 [ 0.31007424  0.32241705  0.64861155]
 [ 0.07287225  0.01766938  0.89141256]
 [ 0.23780799 -0.16865444  1.0841812 ]
 [ 0.387475   -0.23224974  1.282653  ]]
[[ 0.          0.          0.30451494]
 [ 0.01030845 -0.09652898  0.3517158 ]
 [ 0.32706952 -0.22652788  0.48685786]
 [ 0.3713686  -0.4801286   0.31859758]
 [ 0.51773137 -0.5178367   0.35376382]
 [-0.01026195  0.09640436  0.25742608]
 [ 0.34040624  0.16642606  0.18879083]
 [ 0.23454964 -0.08265656  0.01430488]
 [ 0.39641833 -0.06884661  0.        ]
 [ 0.08586518  0.05283554  0.49596667]
 [ 0.176025    0.08901164  0.72232544]
 [ 0.3144411   0.02121371  0.75434905]
 [ 0.23624215  0.07379806  0.8355941 ]
 [ 0.19686142  0.17323247  0.6675283 ]
 [ 0.38336092  0.09268486  0.7058899 ]
 [ 0.5404859   0.02112731  0.79854536]
 [ 0.1156597  -0.02131036  0.71534026]
 [ 0.28642243 -0.22922975  0.76817405]
 [ 0.46417165 -0.20070732  0.8845435 ]]
[[ 0.0000000e+00  0.0000000e+00  2.6304045e-01]
 [-4.4623762e-04 -9.0848766e-02  3.0657160e-01]
 [ 3.3069146e-01 -2.3747262e-01  4.5267951e-01]
 [ 4.3587208e-01 -4.7403407e-01  2.8716063e-01]
 [ 5.7010424e-01 -5.1271695e-01  3.2826525e-01]
 [ 5.2623823e-04  9.0686791e-02  2.1955581e-01]
 [ 3.3616447e-01  1.1495142e-01  1.7991622e-01]
 [ 2.9359919e-01 -1.6425128e-01  0.0000000e+00]
 [ 4.5548218e-01 -1.6411418e-01  7.6951385e-03]
 [ 1.0789678e-01  4.3707609e-02  4.4564766e-01]
 [ 2.2271861e-01  7.5388312e-02  6.5744495e-01]
 [ 3.6241210e-01  1.1002034e-02  6.8136144e-01]
 [ 2.8857431e-01  6.8695843e-02  7.6102626e-01]
 [ 2.4458215e-01  1.5106782e-01  5.9842151e-01]
 [ 4.0625101e-01  2.0975053e-02  5.8553886e-01]
 [ 5.5420506e-01 -3.6260784e-02  6.4809227e-01]
 [ 1.5533569e-01 -2.8446466e-02  6.5627861e-01]
 [ 3.2481068e-01 -2.4009380e-01  6.4948821e-01]
 [ 5.0866854e-01 -1.8993044e-01  7.1889591e-01]]
[[ 0.          0.          0.22798416]
 [-0.00944582 -0.08040456  0.26752746]
 [ 0.35202932 -0.2156866   0.40709856]
 [ 0.48867202 -0.43838182  0.2570452 ]
 [ 0.59990895 -0.47914073  0.29904866]
 [ 0.00957794  0.08024333  0.18844284]
 [ 0.33578563  0.07491302  0.17327109]
 [ 0.37021345 -0.22219543  0.        ]
 [ 0.5226131  -0.22445692  0.03027561]
 [ 0.1288228   0.03433466  0.39492244]
 [ 0.26807964  0.0630556   0.5837878 ]
 [ 0.40535676 -0.00090584  0.60203075]
 [ 0.33816138  0.0602349   0.67857313]
 [ 0.2891565   0.13402796  0.52135104]
 [ 0.43826103  0.0014157   0.45879728]
 [ 0.5837959  -0.05392748  0.4697381 ]
 [ 0.20393774 -0.03450039  0.5909718 ]
 [ 0.37712628 -0.23356768  0.5313101 ]
 [ 0.5608323  -0.21291721  0.53858817]]
[[ 0.          0.          0.20222043]
 [-0.00946341 -0.07446568  0.24116485]
 [ 0.36204636 -0.21297763  0.36999655]
 [ 0.49957764 -0.43435943  0.2216655 ]
 [ 0.59864944 -0.47774595  0.26069435]
 [ 0.00964937  0.07429218  0.16319914]
 [ 0.34458792  0.06997035  0.16314144]
 [ 0.42790985 -0.21698102  0.        ]
 [ 0.57197094 -0.21871185  0.03697769]
 [ 0.13798311  0.03754054  0.3569476 ]
 [ 0.28783387  0.07381028  0.5327478 ]
 [ 0.42586306  0.01325661  0.548263  ]
 [ 0.36034656  0.07753485  0.62302387]
 [ 0.3040779   0.14400795  0.4685436 ]
 [ 0.4449321   0.01191802  0.3704968 ]
 [ 0.6017828  -0.04879475  0.34965742]
 [ 0.23158719 -0.02345657  0.5444557 ]
 [ 0.40811968 -0.21491024  0.46580052]
 [ 0.6001159  -0.20697632  0.45286393]]
[[ 0.          0.          0.20489912]
 [-0.00346997 -0.07297929  0.24378514]
 [ 0.37047595 -0.18510833  0.35140947]
 [ 0.5152699  -0.41660464  0.18279754]
 [ 0.607061   -0.4568689   0.2077507 ]
 [ 0.00373309  0.07282325  0.1657829 ]
 [ 0.36009023  0.09061059  0.15985112]
 [ 0.4910211  -0.1934357   0.        ]
 [ 0.62467194 -0.1859766   0.03407152]
 [ 0.13941059  0.0471485   0.3417763 ]
 [ 0.29810953  0.10449237  0.49631637]
 [ 0.4365411   0.05061427  0.5064591 ]
 [ 0.37559354  0.11710688  0.5794627 ]
 [ 0.3022076   0.17716497  0.42934465]
 [ 0.44252375  0.08889983  0.27253455]
 [ 0.6458237   0.06653963  0.21462093]
 [ 0.24825636  0.00371748  0.51722383]
 [ 0.42995307 -0.19474383  0.4481225 ]
 [ 0.6315992  -0.19943804  0.44570243]]
[[ 0.          0.          0.20269935]
 [ 0.00381614 -0.07575551  0.24213058]
 [ 0.3746419  -0.15142447  0.35234237]
 [ 0.527534   -0.3937958   0.1538916 ]
 [ 0.6164656  -0.41718292  0.16980286]
 [-0.00352646  0.07566379  0.1628794 ]
 [ 0.3670821   0.1311693   0.1565407 ]
 [ 0.5041971  -0.1538477   0.        ]
 [ 0.64295423 -0.14675546  0.02821663]
 [ 0.13266763  0.06854865  0.32672536]
 [ 0.28502706  0.14651953  0.4661007 ]
 [ 0.42446363  0.09873962  0.47304368]
 [ 0.36662465  0.1654081   0.5436332 ]
 [ 0.28027415  0.22423652  0.39597493]
 [ 0.4273932   0.16137137  0.21937342]
 [ 0.6425067   0.14182101  0.12398268]
 [ 0.2416502   0.03538898  0.495991  ]
 [ 0.43292236 -0.159213    0.4558816 ]
 [ 0.62470245 -0.19555548  0.44603777]]
[[ 0.          0.          0.19459689]
 [ 0.01343933 -0.07673147  0.2368086 ]
 [ 0.3733512  -0.11991724  0.34633574]
 [ 0.5118511  -0.37980637  0.11182164]
 [ 0.603258   -0.3855929   0.11729988]
 [-0.0131828   0.07671274  0.15184641]
 [ 0.36206836  0.18209617  0.13900489]
 [ 0.47859025 -0.09248474  0.        ]
 [ 0.63238925 -0.09291971  0.02994019]
 [ 0.1205402   0.09852979  0.30731624]
 [ 0.25739074  0.20702453  0.4292065 ]
 [ 0.39554238  0.16644031  0.4330208 ]
 [ 0.33969215  0.23576325  0.50008017]
 [ 0.23843686  0.2795493   0.35666454]
 [ 0.37980053  0.23583716  0.15585747]
 [ 0.6051832   0.26201174  0.03747132]
 [ 0.223999    0.09448037  0.4689182 ]
 [ 0.41654086 -0.10457626  0.4639242 ]
 [ 0.5956527  -0.15515256  0.4624701 ]]
[[ 0.          0.          0.26655418]
 [ 0.03884045 -0.07105099  0.33462483]
 [ 0.3773259  -0.02824432  0.43838242]
 [ 0.3369738  -0.3654835   0.16302715]
 [ 0.46076012 -0.35536373  0.14558053]
 [-0.03883105  0.07111268  0.19798672]
 [ 0.33874935  0.2639156   0.12346612]
 [ 0.17283508 -0.01822719  0.13442402]
 [ 0.32748085 -0.02277639  0.17853794]
 [ 0.06017415  0.1628721   0.36819285]
 [ 0.12710087  0.3376351   0.47478288]
 [ 0.25999647  0.33005202  0.48516634]
 [ 0.20167331  0.40574896  0.53564215]
 [ 0.07482516  0.3918066   0.3903649 ]
 [ 0.17282733  0.38893986  0.14730656]
 [ 0.3808899   0.4568463   0.        ]
 [ 0.1317099   0.22922793  0.53503716]
 [ 0.30031422  0.01803741  0.64311755]
 [ 0.40378988 -0.14134464  0.67853266]]
[[ 0.          0.          0.26448038]
 [ 0.04962575 -0.06358455  0.33331   ]
 [ 0.3605275  -0.01140315  0.41874966]
 [ 0.29127514 -0.37055045  0.16322355]
 [ 0.4132228  -0.35734415  0.14954826]
 [-0.04965993  0.06359442  0.19506675]
 [ 0.30742928  0.30655184  0.12480073]
 [ 0.13453467  0.00218008  0.15219219]
 [ 0.26477504  0.01323617  0.18558268]
 [ 0.04364297  0.17073782  0.3668644 ]
 [ 0.09658616  0.36041963  0.4635067 ]
 [ 0.22432873  0.36818978  0.45939672]
 [ 0.17320432  0.44182986  0.50646687]
 [ 0.01625641  0.41360915  0.38392192]
 [ 0.08380762  0.42841336  0.13326809]
 [ 0.29404     0.52951455  0.        ]
 [ 0.13346466  0.25282845  0.52744746]
 [ 0.29634082  0.06285441  0.62860286]
 [ 0.41427052 -0.0732674   0.66438234]]
[[ 0.          0.          0.267239  ]
 [ 0.06766766 -0.05307831  0.33294982]
 [ 0.34304726  0.05321336  0.39979085]
 [ 0.28181747 -0.3625011   0.20507407]
 [ 0.3710751  -0.33400884  0.19765282]
 [-0.06768961  0.05303204  0.2008924 ]
 [ 0.2570858   0.35712227  0.14719957]
 [ 0.13482895  0.01554604  0.15544198]
 [ 0.23716031  0.05552541  0.19011559]
 [ 0.02811885  0.17612892  0.36689702]
 [ 0.07306407  0.38431075  0.45341685]
 [ 0.19607884  0.40361243  0.42469466]
 [ 0.15473631  0.47637165  0.46929917]
 [-0.04575308  0.4349429   0.38599226]
 [-0.03952286  0.43367174  0.12807627]
 [ 0.17559457  0.54469323  0.        ]
 [ 0.15051888  0.27995357  0.5201665 ]
 [ 0.3167054   0.10253569  0.59596956]
 [ 0.46298826  0.00728431  0.63002735]]
[[ 0.          0.          0.28229922]
 [ 0.07535989 -0.04926774  0.34527716]
 [ 0.35339957  0.0763128   0.37109682]
 [ 0.23943415 -0.33273563  0.18191257]
 [ 0.32636645 -0.30413008  0.17625439]
 [-0.07544415  0.04918581  0.21868698]
 [ 0.23867638  0.37286663  0.1325258 ]
 [ 0.0635142   0.04514024  0.15699348]
 [ 0.15538973  0.08685169  0.17722093]
 [ 0.01596246  0.18101132  0.38238186]
 [ 0.04804397  0.40067315  0.4620567 ]
 [ 0.15996754  0.43066615  0.4231533 ]
 [ 0.12490185  0.50020176  0.4680944 ]
 [-0.08652213  0.4454099   0.40392557]
 [-0.11980394  0.44502234  0.14406122]
 [ 0.06960197  0.574065    0.        ]
 [ 0.14520192  0.3024646   0.52688384]
 [ 0.3182974   0.12257774  0.5596479 ]
 [ 0.47738728  0.04974967  0.54272854]]
[[ 0.          0.          0.28580174]
 [ 0.07808851 -0.04425331  0.34309834]
 [ 0.35677063  0.10655384  0.3436273 ]
 [ 0.24939775 -0.30566263  0.17297351]
 [ 0.31393877 -0.2642689   0.16574983]
 [-0.07814881  0.04416618  0.22784738]
 [ 0.210531    0.39009255  0.12756412]
 [ 0.0594616   0.0657897   0.1479615 ]
 [ 0.13525592  0.11562058  0.15242675]
 [ 0.01032988  0.18227902  0.38878423]
 [ 0.03778296  0.40504992  0.46859127]
 [ 0.14274816  0.43933     0.42668292]
 [ 0.1118039   0.5071881   0.47366145]
 [-0.10842708  0.44416207  0.4207762 ]
 [-0.16374949  0.44963768  0.16066307]
 [ 0.00142351  0.5853524   0.        ]
 [ 0.15214358  0.31259358  0.5281218 ]
 [ 0.32166424  0.12768683  0.519961  ]
 [ 0.48589367  0.0801051   0.4705622 ]]
[[ 0.          0.          0.30792567]
 [ 0.08293597 -0.04063991  0.36324957]
 [ 0.38456905  0.15859649  0.3380049 ]
 [ 0.27638075 -0.24907297  0.18293911]
 [ 0.3268817  -0.19524562  0.1668296 ]
 [-0.08300009  0.04058097  0.25196606]
 [ 0.1901194   0.3995962   0.12284972]
 [ 0.03769227  0.07641955  0.15660709]
 [ 0.11327858  0.12361763  0.15601465]
 [ 0.00788972  0.18597822  0.41355014]
 [ 0.03065716  0.41186938  0.49688965]
 [ 0.13105813  0.44809875  0.45616078]
 [ 0.10045222  0.5138056   0.5007491 ]
 [-0.12074614  0.44975576  0.4536453 ]
 [-0.19103342  0.46018487  0.19653028]
 [-0.06751573  0.5674401   0.        ]
 [ 0.15114485  0.32393005  0.5529625 ]
 [ 0.3209328   0.14133295  0.5097317 ]
 [ 0.48667836  0.10303105  0.42422566]]
[[ 0.          0.          0.30949622]
 [ 0.08210504 -0.04018956  0.3629236 ]
 [ 0.39975873  0.15947339  0.32869545]
 [ 0.3062899  -0.24106246  0.16738962]
 [ 0.3559118  -0.18750697  0.14507967]
 [-0.08215588  0.04012235  0.25547028]
 [ 0.17540437  0.3973258   0.10778952]
 [ 0.02157666  0.09539425  0.14757368]
 [ 0.09124343  0.13450456  0.14265549]
 [ 0.00334067  0.1805696   0.41669124]
 [ 0.02125647  0.39770848  0.50508547]
 [ 0.11902377  0.43607372  0.47091872]
 [ 0.08600131  0.49612424  0.51488817]
 [-0.13053861  0.4344839   0.46174037]
 [-0.20989197  0.44933462  0.20604345]
 [-0.10515761  0.579304    0.        ]
 [ 0.14262027  0.31164908  0.55649716]
 [ 0.312166    0.13558759  0.50101674]
 [ 0.47202283  0.09112143  0.39298326]]
[[ 0.          0.          0.30100614]
 [ 0.08572726 -0.04145468  0.35337347]
 [ 0.4063201   0.172811    0.25569507]
 [ 0.23128086 -0.24625078  0.16400056]
 [ 0.26930428 -0.19668627  0.11410047]
 [-0.08578482  0.04136306  0.24803427]
 [ 0.14494938  0.40466124  0.05335075]
 [ 0.03472308  0.05773819  0.15235208]
 [ 0.10044278  0.09472726  0.11190411]
 [ 0.007872    0.17207944  0.42018408]
 [ 0.03013869  0.38574147  0.52612877]
 [ 0.12256993  0.4232894   0.50532424]
 [ 0.09261239  0.47918534  0.5505531 ]
 [-0.12137604  0.4232793   0.48354125]
 [-0.20248061  0.44315013  0.22800124]
 [-0.14341742  0.54967064  0.        ]
 [ 0.15212509  0.2992091   0.57353747]
 [ 0.3011157   0.13127312  0.4891884 ]
 [ 0.45020527  0.09530736  0.35854614]]
[[ 0.          0.          0.2863379 ]
 [ 0.089317   -0.04310435  0.3349587 ]
 [ 0.40971756  0.19762707  0.21238196]
 [ 0.2048176  -0.21929938  0.14555724]
 [ 0.26024562 -0.1682857   0.08572823]
 [-0.08938805  0.04304301  0.23715161]
 [ 0.12144738  0.3936518   0.00892353]
 [ 0.01741701  0.02367878  0.12892437]
 [ 0.08635727  0.05744284  0.08382449]
 [ 0.01493166  0.17000762  0.41261762]
 [ 0.04045936  0.37907946  0.5300001 ]
 [ 0.13200918  0.4150977   0.5177324 ]
 [ 0.10100108  0.4680698   0.56654304]
 [-0.11141324  0.4162014   0.48760876]
 [-0.20053819  0.4286116   0.2362124 ]
 [-0.15752894  0.52533275  0.        ]
 [ 0.15896223  0.28864476  0.57306665]
 [ 0.28879464  0.10806638  0.47631824]
 [ 0.43489012  0.07170023  0.33646947]]
[[ 0.          0.          0.29480326]
 [ 0.09018825 -0.0454062   0.3403226 ]
 [ 0.41084087  0.2097449   0.21268702]
 [ 0.20168096 -0.21255043  0.1539831 ]
 [ 0.27019677 -0.16478445  0.08029157]
 [-0.090234    0.04534055  0.24869664]
 [ 0.09961352  0.38400206  0.        ]
 [ 0.01589742 -0.00799979  0.13664588]
 [ 0.07795233  0.02219069  0.07826367]
 [ 0.02336402  0.1657987   0.42894438]
 [ 0.05557161  0.3665441   0.5580424 ]
 [ 0.14693058  0.40144205  0.55336607]
 [ 0.11419097  0.45021546  0.60525596]
 [-0.09688801  0.40884084  0.5133736 ]
 [-0.19314337  0.42483282  0.26672122]
 [-0.14370707  0.5251738   0.03207606]
 [ 0.16983166  0.27145833  0.5959208 ]
 [ 0.28289828  0.08368929  0.49591574]
 [ 0.4317689   0.04924501  0.36538142]]
[[ 0.          0.          0.3037685 ]
 [ 0.09263924 -0.0455981   0.3471622 ]
 [ 0.40796047  0.22652826  0.22273028]
 [ 0.22679806 -0.18724817  0.166219  ]
 [ 0.29576722 -0.13240327  0.09289213]
 [-0.09269619  0.04552983  0.25983465]
 [ 0.06881309  0.38482544  0.        ]
 [ 0.01840231 -0.00771482  0.1518405 ]
 [ 0.08514692  0.01622289  0.09675133]
 [ 0.03238245  0.15872046  0.44523552]
 [ 0.07306255  0.35166243  0.5844414 ]
 [ 0.16333555  0.38553983  0.5871504 ]
 [ 0.12749293  0.42459399  0.640712  ]
 [-0.07883638  0.3990262   0.5382489 ]
 [-0.18763918  0.4252983   0.2975556 ]
 [-0.12007603  0.5563535   0.0725439 ]
 [ 0.18417656  0.25119126  0.6174067 ]
 [ 0.28268963  0.05959569  0.51976585]
 [ 0.44116348  0.06053522  0.4054757 ]]
[[ 0.          0.          0.32263684]
 [ 0.09486434 -0.04468489  0.36057624]
 [ 0.39971307  0.25307554  0.24841756]
 [ 0.25353712 -0.12903509  0.1518834 ]
 [ 0.33736032 -0.05566236  0.07907808]
 [-0.09488604  0.04461543  0.28421724]
 [ 0.02811247  0.36536226  0.        ]
 [ 0.00228463 -0.02076055  0.15345183]
 [ 0.06594971 -0.00858307  0.10688365]
 [ 0.04324707  0.152266    0.4703988 ]
 [ 0.09310354  0.3342877   0.62172014]
 [ 0.18456277  0.3655267   0.64167666]
 [ 0.14291632  0.3931727   0.69845414]
 [-0.05919836  0.3840279   0.5738571 ]
 [-0.17738402  0.4108062   0.34168997]
 [-0.0835124   0.5686186   0.13853434]
 [ 0.20026541  0.22907454  0.64742404]
 [ 0.2796194   0.01863106  0.5532695 ]
 [ 0.44728827  0.04294355  0.45925272]]
[[ 0.          0.          0.3315435 ]
 [ 0.09408088 -0.04454142  0.36548904]
 [ 0.38670352  0.2785378   0.27432242]
 [ 0.25856882 -0.04382914  0.13264583]
 [ 0.3523377   0.04754737  0.0644753 ]
 [-0.09409546  0.04447999  0.29712647]
 [-0.01389959  0.33510056  0.        ]
 [-0.01783026 -0.08032297  0.1505765 ]
 [ 0.04004167 -0.0802857   0.12132505]
 [ 0.0545096   0.15153731  0.4795907 ]
 [ 0.11442632  0.327454    0.63756037]
 [ 0.20701057  0.35488367  0.67027986]
 [ 0.16273451  0.37567288  0.72863847]
 [-0.03539282  0.37948394  0.58514917]
 [-0.15868592  0.39236426  0.35813138]
 [-0.04689011  0.5598501   0.17270419]
 [ 0.21520333  0.21776113  0.6565945 ]
 [ 0.27952477 -0.00177179  0.56600446]
 [ 0.45988205  0.03907411  0.48928332]]
[[ 0.          0.          0.33653516]
 [ 0.09485622 -0.04320721  0.36726612]
 [ 0.3720581   0.30231443  0.29054415]
 [ 0.25297567  0.04302923  0.10295358]
 [ 0.35262275  0.14531375  0.04231739]
 [-0.09484507  0.0431181   0.30536056]
 [-0.06631874  0.29978585  0.        ]
 [-0.05200346 -0.13943128  0.15123628]
 [ 0.01013082 -0.15705231  0.13314837]
 [ 0.06844306  0.14988433  0.48296052]
 [ 0.13952643  0.31832606  0.64496183]
 [ 0.23420717  0.33808446  0.69439036]
 [ 0.18454573  0.34977     0.7506918 ]
 [-0.00780974  0.36911768  0.5879967 ]
 [-0.13083827  0.36738995  0.36169082]
 [ 0.00410424  0.5360458   0.19541177]
 [ 0.2353633   0.20570216  0.65610504]
 [ 0.2828235  -0.02438021  0.5717021 ]
 [ 0.47397783  0.02359602  0.5085503 ]]
[[ 0.          0.          0.33074376]
 [ 0.09465151 -0.04340456  0.35827053]
 [ 0.3610967   0.3162778   0.29056656]
 [ 0.2370792   0.11600122  0.07775277]
 [ 0.34402913  0.22290939  0.02395958]
 [-0.09461933  0.04331059  0.30279714]
 [-0.09845668  0.27772236  0.        ]
 [-0.06969342 -0.17551064  0.13775095]
 [-0.00831705 -0.20040709  0.1402109 ]
 [ 0.07625444  0.15028352  0.47346666]
 [ 0.15435678  0.314869    0.6366057 ]
 [ 0.2517727   0.32684666  0.69630384]
 [ 0.19806665  0.33723307  0.7519635 ]
 [ 0.00973092  0.3666694   0.57539195]
 [-0.11157912  0.34975165  0.3498861 ]
 [ 0.04132399  0.5193709   0.19645634]
 [ 0.24614015  0.19992322  0.64322305]
 [ 0.28607044 -0.03293043  0.56077445]
 [ 0.48543862  0.0242019   0.5075608 ]]
