[[ 0.          0.          0.68727136]
 [ 0.10132399  0.06302398  0.6990746 ]
 [ 0.11404414  0.34062245  0.39511228]
 [ 0.2661906   0.3172907   0.0478195 ]
 [ 0.18783818  0.44669747  0.        ]
 [-0.1014816  -0.06280129  0.6750678 ]
 [-0.19975513  0.11050168  0.33165458]
 [ 0.09622708 -0.22694743  0.26950693]
 [ 0.19501552 -0.18045968  0.15366489]
 [-0.00841301  0.12915596  0.8726175 ]
 [-0.0425853   0.2668809   1.0763131 ]
 [-0.15929314  0.34383124  1.1160402 ]
 [-0.13539085  0.34065303  1.2468581 ]
 [-0.16712558  0.19644886  1.0519836 ]
 [-0.22262108  0.03090751  0.84173673]
 [-0.22977215  0.15601945  0.6603031 ]
 [ 0.10447514  0.28037816  1.0361671 ]
 [ 0.13666001  0.19968902  0.78877676]
 [ 0.08161113  0.33483428  0.5994172 ]]
[[ 0.          0.          0.64435947]
 [ 0.10385504  0.06640942  0.65444237]
 [ 0.25453854  0.2771423   0.33962902]
 [ 0.45172572  0.10399926  0.09571803]
 [ 0.40890372  0.21020046  0.        ]
 [-0.10395813 -0.06607304  0.63413054]
 [-0.27344936  0.24406047  0.469002  ]
 [-0.12211941  0.07790035  0.13665032]
 [-0.1619102   0.19367117  0.04801583]
 [-0.02956995  0.11120716  0.84059703]
 [-0.09035835  0.221125    1.0499582 ]
 [-0.21159637  0.2928667   1.0828559 ]
 [-0.20969945  0.29088414  1.2103038 ]
 [-0.19529922  0.12554595  1.033001  ]
 [-0.16127884 -0.11396149  0.9342433 ]
 [-0.10660768 -0.10729398  0.7742093 ]
 [ 0.0421077   0.28207764  1.0096709 ]
 [-0.02876623  0.37781745  0.800616  ]
 [-0.18336129  0.47929162  0.84690773]]
[[ 0.          0.          0.59495366]
 [ 0.09721559  0.07102705  0.6010422 ]
 [ 0.29008463  0.2508643   0.31904387]
 [ 0.5233052   0.02845711  0.11768872]
 [ 0.51990455  0.10487223  0.        ]
 [-0.09733322 -0.07069942  0.5889524 ]
 [-0.28927687  0.23279786  0.45785496]
 [-0.26580465  0.21180075  0.04856598]
 [-0.33671188  0.33302638  0.00995505]
 [-0.0397875   0.08485818  0.8048435 ]
 [-0.10652745  0.17558306  1.027184  ]
 [-0.23304981  0.24256495  1.0557069 ]
 [-0.2345402   0.24236596  1.1829597 ]
 [-0.19561936  0.07695913  1.0067782 ]
 [-0.13899511 -0.16708457  0.9890535 ]
 [-0.08165191 -0.1485285   0.8617846 ]
 [ 0.01008274  0.25462723  0.98676765]
 [-0.10047513  0.37320802  0.81108904]
 [-0.253308    0.42257777  0.9394032 ]]
[[ 0.          0.          0.55453   ]
 [ 0.0937073   0.07177854  0.56037045]
 [ 0.2863102   0.21965182  0.2791679 ]
 [ 0.5219315  -0.04033247  0.12800881]
 [ 0.5305958   0.0306837   0.01666903]
 [-0.09383044 -0.07146975  0.5488528 ]
 [-0.294797    0.2148801   0.4233796 ]
 [-0.3074651   0.26107278  0.01887608]
 [-0.38857517  0.3756952   0.        ]
 [-0.04503769  0.07598422  0.7685109 ]
 [-0.11550355  0.1573106   0.993818  ]
 [-0.24678338  0.22021103  1.0187579 ]
 [-0.24752504  0.22296667  1.1454036 ]
 [-0.1992004   0.05839604  0.97417915]
 [-0.13801101 -0.18814471  0.96265244]
 [-0.07930213 -0.15972337  0.8447713 ]
 [-0.00596389  0.24070358  0.95509195]
 [-0.11354595  0.3736311   0.78652376]
 [-0.2718814   0.41411078  0.9215914 ]]
[[ 0.00000000e+00  0.00000000e+00  5.43485403e-01]
 [ 9.75908041e-02  6.78636655e-02  5.49316227e-01]
 [ 2.30286002e-01  1.96264654e-01  2.18411565e-01]
 [ 4.26146090e-01 -1.60956383e-01  2.01506883e-01]
 [ 4.64352846e-01 -1.17468715e-01  1.21771634e-01]
 [-9.77404788e-02 -6.76201284e-02  5.37882149e-01]
 [-2.86564589e-01  2.57519037e-01  3.86474401e-01]
 [-2.86257744e-01  3.74202013e-01  0.00000000e+00]
 [-3.65032375e-01  5.03948987e-01  5.04255295e-04]
 [-5.41889593e-02  8.13349485e-02  7.52992511e-01]
 [-1.34833843e-01  1.62403405e-01  9.77140784e-01]
 [-2.68208861e-01  2.26948678e-01  1.00284529e+00]
 [-2.71230876e-01  2.31323242e-01  1.13132477e+00]
 [-2.16336071e-01  6.13937080e-02  9.45988595e-01]
 [-1.60023451e-01 -1.63185924e-01  8.51359487e-01]
 [-1.53235987e-01 -8.22817460e-02  7.07168281e-01]
 [-2.31050253e-02  2.39305764e-01  9.44957137e-01]
 [-6.50484264e-02  3.57085407e-01  7.46519446e-01]
 [-2.35827267e-01  4.31123763e-01  8.08247268e-01]]
[[ 0.          0.          0.592162  ]
 [ 0.10292168  0.07028359  0.5975402 ]
 [ 0.12140889  0.19301784  0.22712144]
 [ 0.3223318  -0.23286337  0.2797792 ]
 [ 0.36715013 -0.21812695  0.18514776]
 [-0.10309929 -0.07008791  0.58697134]
 [-0.23597735  0.2897433   0.3760237 ]
 [-0.15144497  0.40632868  0.02058959]
 [-0.2194761   0.56052047  0.        ]
 [-0.05534203  0.09402956  0.79414576]
 [-0.14470321  0.1762957   1.0119591 ]
 [-0.28119737  0.23528326  1.0445453 ]
 [-0.27975726  0.24150908  1.171886  ]
 [-0.2316247   0.06994629  0.9759815 ]
 [-0.21767965 -0.12070333  0.7888825 ]
 [-0.2790072   0.0278822   0.6211474 ]
 [-0.01898831  0.24253964  0.98428535]
 [ 0.02854679  0.30332083  0.7587427 ]
 [-0.08640805  0.40756822  0.6550901 ]]
[[ 0.00000000e+00  0.00000000e+00  6.21341825e-01]
 [ 9.98679996e-02  7.25564659e-02  6.32677019e-01]
 [-5.52438200e-04  2.33781576e-01  2.85780609e-01]
 [ 1.99233115e-01 -1.74198389e-01  2.90938497e-01]
 [ 2.22065568e-01 -1.37042880e-01  1.71706408e-01]
 [-1.00047745e-01 -7.24233761e-02  6.09963536e-01]
 [-1.62579060e-01  2.60257751e-01  3.41976553e-01]
 [ 9.22774523e-03  3.47559303e-01  3.37502956e-02]
 [-6.22070432e-02  5.07966340e-01  0.00000000e+00]
 [-5.58883846e-02  9.51469541e-02  8.17483842e-01]
 [-1.46555960e-01  1.78723514e-01  1.03561926e+00]
 [-2.79877901e-01  2.40039527e-01  1.08151734e+00]
 [-2.69135416e-01  2.44340658e-01  1.20715666e+00]
 [-2.46357441e-01  7.97916651e-02  9.94098485e-01]
 [-2.81962991e-01 -7.15086982e-02  7.67511308e-01]
 [-3.64169419e-01  1.21441379e-01  6.27149463e-01]
 [-6.71450794e-03  2.25883663e-01  1.00743318e+00]
 [ 9.16866437e-02  2.16179535e-01  7.80976534e-01]
 [ 7.87476003e-02  3.48174512e-01  5.86604953e-01]]
[[ 0.          0.          0.5895096 ]
 [ 0.09106563  0.06601931  0.60813534]
 [-0.12312272  0.31709257  0.41137838]
 [ 0.00321749  0.03422219  0.17682925]
 [-0.03217634  0.14020082  0.08507299]
 [-0.09120189 -0.06609458  0.57035536]
 [-0.00633557  0.17776918  0.2856622 ]
 [ 0.25544405  0.18199646  0.07063675]
 [ 0.22765186  0.3448545   0.        ]
 [-0.04416952  0.08383325  0.7953271 ]
 [-0.11473116  0.16546184  1.0252858 ]
 [-0.23607698  0.23494065  1.0855008 ]
 [-0.2114802   0.22466415  1.2086906 ]
 [-0.23646247  0.09494004  0.97690374]
 [-0.36692137 -0.03817305  0.77851343]
 [-0.36402038  0.20246445  0.7830713 ]
 [ 0.03627631  0.18274653  1.0016302 ]
 [ 0.20369588  0.10443483  0.8707688 ]
 [ 0.33517253  0.24140398  0.70872563]]
[[ 0.          0.          0.5308807 ]
 [ 0.08993879  0.0550253   0.5540783 ]
 [-0.15899488  0.31587806  0.426283  ]
 [-0.14664212  0.21372756  0.03120539]
 [-0.2384497   0.33781835  0.00692201]
 [-0.09011912 -0.05527973  0.5068961 ]
 [ 0.10549875  0.10327423  0.22116566]
 [ 0.4026777   0.01850289  0.08901864]
 [ 0.43869007  0.14977556  0.        ]
 [-0.03338867  0.05480006  0.7468197 ]
 [-0.08500206  0.12211663  0.98786724]
 [-0.19142994  0.20191535  1.0476109 ]
 [-0.16702545  0.18308824  1.1705444 ]
 [-0.22058362  0.07994682  0.94120944]
 [-0.41555196  0.03300416  0.7777864 ]
 [-0.35014886  0.24122536  0.91707677]
 [ 0.0742468   0.11564499  0.9606912 ]
 [ 0.2998374   0.02797282  0.87662315]
 [ 0.49037385  0.11946364  0.7388581 ]]
[[ 0.0000000e+00  0.0000000e+00  4.9878722e-01]
 [ 9.0685897e-02  4.6244588e-02  5.2208066e-01]
 [-1.4128479e-01  3.3570737e-01  4.0234798e-01]
 [-1.7366382e-01  3.2048124e-01  0.0000000e+00]
 [-2.7424753e-01  4.4622791e-01  9.9277496e-04]
 [-9.0943575e-02 -4.6493247e-02  4.7468194e-01]
 [ 1.2000245e-01  9.0667024e-02  1.8212044e-01]
 [ 4.2759103e-01 -5.2022040e-02  1.1769441e-01]
 [ 5.0417835e-01  5.8630645e-02  4.3850213e-02]
 [-2.6564781e-02  5.4125980e-02  7.1507776e-01]
 [-7.1777925e-02  1.1864883e-01  9.5321989e-01]
 [-1.7198348e-01  1.9546807e-01  1.0147278e+00]
 [-1.5014729e-01  1.7639673e-01  1.1376911e+00]
 [-2.0939919e-01  8.7092459e-02  9.0981704e-01]
 [-4.1173825e-01  6.9621205e-02  7.5724411e-01]
 [-3.3389032e-01  2.7402860e-01  8.9843684e-01]
 [ 8.5688695e-02  1.0616672e-01  9.2363429e-01]
 [ 3.1498384e-01  8.6057484e-03  8.3697712e-01]
 [ 4.9547854e-01  9.2022032e-02  6.9289714e-01]]
[[ 0.00000000e+00  0.00000000e+00  5.40381074e-01]
 [ 9.53438431e-02  4.32826839e-02  5.62472403e-01]
 [-9.21139717e-02  3.71648580e-01  4.00508940e-01]
 [-1.17379189e-01  4.05471027e-01  0.00000000e+00]
 [-2.13997066e-01  5.31987250e-01  4.56571579e-04]
 [-9.56610292e-02 -4.34769318e-02  5.17525196e-01]
 [ 7.47831613e-02  9.02187824e-02  1.92448914e-01]
 [ 3.89490783e-01 -1.25924319e-01  1.89850599e-01]
 [ 5.08247137e-01 -4.20031846e-02  1.30787969e-01]
 [-1.43463574e-02  6.34438097e-02  7.53316760e-01]
 [-4.94739562e-02  1.35866731e-01  9.88206625e-01]
 [-1.46062255e-01  2.07167298e-01  1.05758417e+00]
 [-1.19150251e-01  1.87411666e-01  1.17817497e+00]
 [-1.86228901e-01  1.06201649e-01  9.46501255e-01]
 [-3.77121508e-01  6.39957190e-02  7.67971039e-01]
 [-3.09924304e-01  2.96385676e-01  8.50394011e-01]
 [ 1.04940906e-01  1.25963926e-01  9.51326013e-01]
 [ 3.04000407e-01  4.13078070e-02  8.16582561e-01]
 [ 4.18941200e-01  1.67042807e-01  6.52803421e-01]]
[[ 0.          0.          0.6094637 ]
 [ 0.09930464  0.04972289  0.62957054]
 [-0.03666404  0.37163538  0.40812966]
 [-0.01483436  0.41808003  0.01283944]
 [-0.11212793  0.5433212   0.        ]
 [-0.09957795 -0.04983669  0.5886876 ]
 [-0.01359462  0.07901019  0.23102248]
 [ 0.30143237 -0.17797756  0.26931053]
 [ 0.43975443 -0.10898948  0.21192738]
 [-0.00547969  0.08601677  0.81573504]
 [-0.03612214  0.17614517  1.043855  ]
 [-0.13486125  0.24445707  1.1137068 ]
 [-0.10414815  0.22570539  1.236002  ]
 [-0.16944829  0.13483047  1.0068184 ]
 [-0.32516718  0.04161519  0.8040236 ]
 [-0.31617612  0.26342237  0.7544205 ]
 [ 0.11680889  0.17648166  1.00088   ]
 [ 0.2630234   0.09827527  0.8079566 ]
 [ 0.30847943  0.2535866   0.6261539 ]]
[[ 0.          0.          0.6484232 ]
 [ 0.10432956  0.06022332  0.66470796]
 [ 0.07322742  0.361359    0.3952462 ]
 [ 0.17287733  0.35112995  0.03480136]
 [ 0.08247007  0.47981325  0.        ]
 [-0.10452501 -0.06011069  0.6316993 ]
 [-0.15031344  0.14012381  0.3059596 ]
 [ 0.16488665 -0.15778956  0.29576066]
 [ 0.27180627 -0.09614894  0.19363433]
 [-0.00392565  0.11689508  0.84221625]
 [-0.02926201  0.232993    1.0597746 ]
 [-0.13258407  0.30380654  1.129351  ]
 [-0.09895322  0.29202425  1.2514515 ]
 [-0.15930486  0.1730749   1.0311301 ]
 [-0.25347042  0.02617872  0.8155786 ]
 [-0.2662778   0.1912989   0.66223073]
 [ 0.11843561  0.24568045  1.0090425 ]
 [ 0.17149031  0.18294175  0.7711426 ]
 [ 0.14089802  0.35962927  0.6247546 ]]
[[ 0.          0.          0.6464777 ]
 [ 0.10072599  0.07180012  0.65596145]
 [ 0.23425844  0.2719509   0.3352804 ]
 [ 0.4191703   0.08722746  0.09104764]
 [ 0.36179003  0.20336285  0.        ]
 [-0.10082789 -0.07153369  0.63690317]
 [-0.284612    0.2342084   0.47847357]
 [-0.10799763  0.03780293  0.1750921 ]
 [-0.13757952  0.15195096  0.08411288]
 [-0.01776133  0.1047854   0.8422645 ]
 [-0.05878335  0.1895647   1.0672688 ]
 [-0.1628426   0.24712503  1.1458063 ]
 [-0.12928098  0.23643768  1.2620614 ]
 [-0.16582397  0.09145519  1.039503  ]
 [-0.14263035 -0.10225715  0.8370936 ]
 [-0.13804673  0.00349429  0.6832244 ]
 [ 0.06547457  0.258519    1.009716  ]
 [ 0.00185381  0.36505845  0.80642116]
 [-0.140073    0.4694202   0.8593192 ]]
[[ 0.          0.          0.5965846 ]
 [ 0.08955805  0.07604746  0.60624886]
 [ 0.27918947  0.22043647  0.31394112]
 [ 0.51875937 -0.02199358  0.11876383]
 [ 0.5084949   0.05685234  0.        ]
 [-0.08967266 -0.07576989  0.5871518 ]
 [-0.30710423  0.21153697  0.47270122]
 [-0.2878849   0.19275433  0.06166106]
 [-0.37027186  0.3146379   0.02712524]
 [-0.02916403  0.07416545  0.8069825 ]
 [-0.0814241   0.13055828  1.0456156 ]
 [-0.1939269   0.17770323  1.1221983 ]
 [-0.15645628  0.16831404  1.2366085 ]
 [-0.15348336  0.01616532  1.0170683 ]
 [-0.08048214 -0.21470067  0.9033743 ]
 [-0.08590314 -0.12495399  0.7589934 ]
 [ 0.01669274  0.22798026  0.99011606]
 [-0.10268122  0.36981893  0.8244712 ]
 [-0.2408306   0.40314984  0.97366047]]
[[ 0.0000000e+00  0.0000000e+00  5.1881754e-01]
 [ 8.5429147e-02  7.3110089e-02  5.2838385e-01]
 [ 2.7374730e-01  1.7613134e-01  2.3545057e-01]
 [ 5.2310437e-01 -1.1376244e-01  1.2236175e-01]
 [ 5.4161298e-01 -4.8786879e-02  1.4534891e-02]
 [-8.5567228e-02 -7.2844997e-02  5.0965297e-01]
 [-3.0575767e-01  1.7765488e-01  3.8947976e-01]
 [-3.4855068e-01  2.8827444e-01  0.0000000e+00]
 [-4.3882102e-01  3.9446753e-01  1.9640923e-03]
 [-3.4066334e-02  6.6089228e-02  7.3369312e-01]
 [-8.8947907e-02  1.1556482e-01  9.7355402e-01]
 [-2.0487562e-01  1.5720212e-01  1.0511122e+00]
 [-1.6917267e-01  1.5014130e-01  1.1626127e+00]
 [-1.5183681e-01  3.1989813e-03  9.5041776e-01]
 [-8.3802439e-02 -2.3870307e-01  8.9042592e-01]
 [-5.9380297e-02 -1.7316782e-01  7.4500781e-01]
 [-3.9466470e-04  2.0867735e-01  9.1986561e-01]
 [-1.1698589e-01  3.4337473e-01  7.6321006e-01]
 [-2.5441170e-01  3.6493376e-01  9.1763830e-01]]
[[ 0.          0.          0.5376948 ]
 [ 0.09009693  0.0694062   0.54697526]
 [ 0.22140127  0.14840627  0.19910902]
 [ 0.44610173 -0.22606784  0.20844805]
 [ 0.49683082 -0.18946618  0.14392263]
 [-0.09021667 -0.06919155  0.528875  ]
 [-0.28198034  0.2227002   0.36460066]
 [-0.308868    0.38757253  0.        ]
 [-0.40076214  0.5139096   0.01431084]
 [-0.03824338  0.06887409  0.7486009 ]
 [-0.09919521  0.11286891  0.98960245]
 [-0.22055396  0.15696019  1.0664892 ]
 [-0.18460149  0.1496628   1.180548  ]
 [-0.16590662  0.00551927  0.95297706]
 [-0.11020146 -0.2075943   0.81920177]
 [-0.09701986 -0.10585178  0.6449882 ]
 [-0.00497652  0.20046556  0.9384916 ]
 [-0.05787642  0.32952604  0.7461018 ]
 [-0.21661347  0.3856791   0.8263664 ]]
[[ 0.          0.          0.5716816 ]
 [ 0.09529669  0.07206514  0.579972  ]
 [ 0.12813073  0.16244614  0.19728023]
 [ 0.3406986  -0.26064914  0.27988896]
 [ 0.4049105  -0.24892652  0.20858893]
 [-0.09547716 -0.07187184  0.56374884]
 [-0.24260327  0.26756102  0.35632503]
 [-0.19228518  0.42902628  0.00493759]
 [-0.2728331   0.5768674   0.        ]
 [-0.04450242  0.07970162  0.77643114]
 [-0.11573434  0.12808031  1.013443  ]
 [-0.24386024  0.17279863  1.094668  ]
 [-0.20337409  0.16839719  1.2095946 ]
 [-0.19388387  0.01769766  0.968372  ]
 [-0.18464911 -0.14212337  0.7530247 ]
 [-0.24520618  0.00140444  0.60916775]
 [-0.00741351  0.2097702   0.96484923]
 [ 0.00868615  0.30859244  0.7415223 ]
 [-0.10246709  0.4009443   0.68613994]]
[[ 0.0000000e+00  0.0000000e+00  5.9465599e-01]
 [ 9.0757534e-02  7.9902388e-02  6.0232401e-01]
 [-2.4041705e-02  2.2633971e-01  2.6897931e-01]
 [ 1.9566779e-01 -1.5564355e-01  3.1881958e-01]
 [ 2.2898221e-01 -1.2359786e-01  2.0288414e-01]
 [-9.0979457e-02 -7.9790823e-02  5.8706188e-01]
 [-1.5932718e-01  2.5172815e-01  3.2703209e-01]
 [ 2.7500838e-03  3.6904532e-01  3.0099392e-02]
 [-6.9176704e-02  5.2940124e-01  0.0000000e+00]
 [-4.7938481e-02  8.7757915e-02  7.9332459e-01]
 [-1.2723999e-01  1.4516211e-01  1.0278012e+00]
 [-2.6040453e-01  1.9330513e-01  1.1084746e+00]
 [-2.1163112e-01  1.8893200e-01  1.2229896e+00]
 [-2.2290573e-01  4.4639856e-02  9.7947979e-01]
 [-2.9134536e-01 -7.2578445e-02  7.3533070e-01]
 [-3.5681453e-01  1.4237311e-01  6.6896951e-01]
 [-1.0306686e-03  2.0331889e-01  9.8179686e-01]
 [ 8.2929045e-02  2.3372704e-01  7.6381016e-01]
 [ 1.1349540e-01  3.8003945e-01  5.9909552e-01]]
[[ 0.          0.          0.58211386]
 [ 0.08411534  0.06833249  0.5954976 ]
 [-0.13589893  0.30266115  0.40502113]
 [-0.01020561  0.04250222  0.18383646]
 [-0.0442465   0.14830402  0.08985591]
 [-0.08424231 -0.06850513  0.56823874]
 [ 0.00959417  0.15798964  0.28312102]
 [ 0.27269948  0.15177628  0.07597965]
 [ 0.25529918  0.3128064   0.        ]
 [-0.03551459  0.07277621  0.7910251 ]
 [-0.09518662  0.13472301  1.0334407 ]
 [-0.2057465   0.1988585   1.1102483 ]
 [-0.16153625  0.17957473  1.2277204 ]
 [-0.21497603  0.06711257  0.9815004 ]
 [-0.37148333 -0.03635085  0.7757955 ]
 [-0.36819443  0.19768983  0.8560487 ]
 [ 0.04809413  0.15871948  0.9955549 ]
 [ 0.2244888   0.12247971  0.8583474 ]
 [ 0.36882734  0.25682396  0.6934836 ]]
[[ 0.          0.          0.5287088 ]
 [ 0.08704459  0.05792605  0.5493203 ]
 [-0.16397646  0.31416     0.41895992]
 [-0.15287718  0.20195818  0.03538686]
 [-0.24593687  0.32371604  0.        ]
 [-0.08727071 -0.05816215  0.50738215]
 [ 0.10381059  0.09678949  0.21754283]
 [ 0.4100391  -0.00351515  0.10055017]
 [ 0.4626016   0.11958006  0.00211501]
 [-0.02640618  0.04950279  0.7448983 ]
 [-0.06945451  0.09655923  0.9913676 ]
 [-0.16758819  0.16877681  1.0682861 ]
 [-0.12666652  0.14306188  1.1859713 ]
 [-0.20354187  0.0582315   0.94444776]
 [-0.4022872   0.01961815  0.7870157 ]
 [-0.33564007  0.22574064  0.9392059 ]
 [ 0.08446055  0.09683546  0.9523161 ]
 [ 0.31400284  0.01484033  0.85465944]
 [ 0.48252618  0.12066378  0.7046255 ]]
[[ 0.00000000e+00  0.00000000e+00  5.11143088e-01]
 [ 8.69595557e-02  5.08087017e-02  5.32642186e-01]
 [-1.40947610e-01  3.30138028e-01  3.96433592e-01]
 [-1.86420828e-01  3.47809255e-01  0.00000000e+00]
 [-2.92106628e-01  4.65110302e-01  1.05464458e-03]
 [-8.72575045e-02 -5.10422587e-02  4.88915443e-01]
 [ 1.09094113e-01  7.62320161e-02  1.83484405e-01]
 [ 4.24986422e-01 -9.59444046e-02  1.59627318e-01]
 [ 5.32261968e-01 -1.45524740e-04  8.00746977e-02]
 [-1.75175555e-02  4.54044193e-02  7.27059722e-01]
 [-5.34130931e-02  8.79259706e-02  9.72148359e-01]
 [-1.46395952e-01  1.56810582e-01  1.04976058e+00]
 [-1.07330367e-01  1.32360220e-01  1.16740298e+00]
 [-1.89345032e-01  5.66380322e-02  9.26779866e-01]
 [-3.91485751e-01  3.16528976e-02  7.72515297e-01]
 [-3.12262893e-01  2.36468047e-01  9.12295699e-01]
 [ 9.82917994e-02  8.64728093e-02  9.28658187e-01]
 [ 3.24095219e-01  9.92441177e-03  8.18809092e-01]
 [ 4.74068761e-01  1.07763045e-01  6.61933780e-01]]
[[ 0.          0.          0.5505533 ]
 [ 0.09006791  0.05067046  0.5719981 ]
 [-0.10426815  0.35853183  0.39156508]
 [-0.14980787  0.4244749   0.        ]
 [-0.25848332  0.536778    0.00993049]
 [-0.09041155 -0.05086344  0.52843636]
 [ 0.0623135   0.06897968  0.1990509 ]
 [ 0.38197434 -0.14686668  0.2291596 ]
 [ 0.5219461  -0.07572582  0.16875711]
 [-0.00924721  0.06045973  0.7641013 ]
 [-0.03994186  0.11499599  1.006501  ]
 [-0.13155675  0.18061423  1.0881168 ]
 [-0.09280404  0.15740985  1.2054513 ]
 [-0.17304951  0.08213705  0.96219605]
 [-0.36262605  0.02683553  0.78342474]
 [-0.301993    0.26214823  0.86070883]
 [ 0.10848106  0.11764222  0.9574307 ]
 [ 0.30127674  0.04680297  0.810065  ]
 [ 0.40140912  0.1735504   0.64469934]]
[[ 0.          0.          0.62251854]
 [ 0.09403924  0.05551869  0.64232457]
 [-0.06084087  0.35644287  0.40453047]
 [-0.0794805   0.4120873   0.00993747]
 [-0.18448085  0.5310507   0.        ]
 [-0.09433797 -0.05563194  0.6021347 ]
 [-0.02202502  0.06507456  0.24920088]
 [ 0.28412306 -0.19848248  0.30520684]
 [ 0.43898332 -0.13593537  0.25481188]
 [-0.00293041  0.08551088  0.82686377]
 [-0.03321216  0.15572685  1.0613788 ]
 [-0.12786523  0.21329418  1.1466091 ]
 [-0.08277491  0.19148391  1.2637297 ]
 [-0.16057661  0.11012542  1.0193423 ]
 [-0.31391057  0.0019086   0.82333195]
 [-0.311666    0.23252086  0.77892613]
 [ 0.11242728  0.16871089  1.006867  ]
 [ 0.26200828  0.1108425   0.8160187 ]
 [ 0.29428723  0.27657634  0.6404924 ]]
[[ 0.          0.          0.6915302 ]
 [ 0.10220886  0.06587148  0.70290995]
 [ 0.04723078  0.36121684  0.41842315]
 [ 0.10753784  0.35093018  0.03586745]
 [ 0.01378265  0.48003522  0.        ]
 [-0.10237204 -0.06575286  0.67979735]
 [-0.18224475  0.13733435  0.37167233]
 [ 0.11651194 -0.16901004  0.3393806 ]
 [ 0.22080302 -0.10886627  0.23879856]
 [-0.00179819  0.11972794  0.8829938 ]
 [-0.02690038  0.21765912  1.1085978 ]
 [-0.12123337  0.27069226  1.2006521 ]
 [-0.06740677  0.25290865  1.3125099 ]
 [-0.14997467  0.14644009  1.0724672 ]
 [-0.23085773 -0.0202345   0.8671388 ]
 [-0.24495876  0.14976229  0.7115964 ]
 [ 0.11038771  0.25046256  1.0481842 ]
 [ 0.15254119  0.24652672  0.81958616]
 [ 0.08316218  0.45856795  0.72019976]]
[[ 0.          0.          0.66603607]
 [ 0.09566839  0.07641005  0.6740282 ]
 [ 0.21945119  0.26744393  0.36173674]
 [ 0.39033818  0.09433919  0.09414786]
 [ 0.34401923  0.20532024  0.        ]
 [-0.09578066 -0.07611763  0.65809226]
 [-0.3160117   0.2164967   0.52603775]
 [-0.15968281  0.0348044   0.17570645]
 [-0.21548358  0.15036625  0.0957914 ]
 [-0.01711348  0.09308806  0.8666642 ]
 [-0.05616881  0.1586116   1.1038296 ]
 [-0.15747088  0.20494533  1.1975077 ]
 [-0.10972941  0.18822205  1.3051343 ]
 [-0.15082887  0.05163941  1.0735297 ]
 [-0.10830107 -0.18509696  0.9328425 ]
 [-0.0551249  -0.10811853  0.7746532 ]
 [ 0.05284975  0.23864812  1.0396336 ]
 [-0.03638771  0.3570857   0.8467937 ]
 [-0.19128776  0.43057364  0.9343934 ]]
[[ 0.          0.          0.6120583 ]
 [ 0.086312    0.08159072  0.6180077 ]
 [ 0.26285255  0.200603    0.3207688 ]
 [ 0.49058157 -0.03346312  0.11674955]
 [ 0.4883082   0.05320358  0.        ]
 [-0.08643731 -0.08130313  0.60646605]
 [-0.33406994  0.16528787  0.4828233 ]
 [-0.3399457   0.1582407   0.06885916]
 [-0.4413219   0.27773997  0.04748297]
 [-0.01952501  0.06725797  0.8239038 ]
 [-0.06169677  0.10991013  1.069458  ]
 [-0.17149739  0.14798802  1.159359  ]
 [-0.12384412  0.136953    1.2687086 ]
 [-0.12592703 -0.00995767  1.0385444 ]
 [-0.04957677 -0.25456864  0.95048565]
 [-0.02697224 -0.14002454  0.8089037 ]
 [ 0.0248332   0.21201128  1.0075742 ]
 [-0.10915543  0.34711877  0.8455416 ]
 [-0.23496431  0.37274948  0.9958906 ]]
[[ 0.          0.          0.5299688 ]
 [ 0.0828619   0.0774852   0.5346168 ]
 [ 0.2501294   0.14989343  0.2204091 ]
 [ 0.49326926 -0.1570918   0.12580436]
 [ 0.52238727 -0.09654617  0.02558553]
 [-0.08297974 -0.07724342  0.525814  ]
 [-0.31740662  0.15222082  0.37707517]
 [-0.39015955  0.2753328   0.        ]
 [-0.49776947  0.38768557  0.00774252]
 [-0.02416792  0.04977305  0.7456778 ]
 [-0.07172659  0.07267338  0.9928522 ]
 [-0.18991035  0.10656053  1.0815048 ]
 [-0.14328593  0.09856856  1.191802  ]
 [-0.12142693 -0.04311866  0.95982724]
 [-0.02007381 -0.27133977  0.8696318 ]
 [-0.04053153 -0.1536843   0.71769696]
 [ 0.00545658  0.17897922  0.9346199 ]
 [-0.1051413   0.31986707  0.7651707 ]
 [-0.23614651  0.33418626  0.9003521 ]]
[[ 0.          0.          0.5502322 ]
 [ 0.08734198  0.06978913  0.55439353]
 [ 0.15054281  0.12549579  0.1929138 ]
 [ 0.38349983 -0.28830665  0.24483901]
 [ 0.46947062 -0.2699892   0.19851992]
 [-0.08745671 -0.06963686  0.54655874]
 [-0.26562458  0.23032236  0.3540335 ]
 [-0.30679852  0.41792968  0.        ]
 [-0.3913054   0.5542801   0.01570386]
 [-0.03052566  0.06152833  0.76258796]
 [-0.08524731  0.08778489  1.0092043 ]
 [-0.2134513   0.12603867  1.0976481 ]
 [-0.16484866  0.11489844  1.2097937 ]
 [-0.14888112 -0.02115369  0.96538275]
 [-0.09579657 -0.20455045  0.7832581 ]
 [-0.1309107  -0.06821178  0.65835714]
 [ 0.00446818  0.18077135  0.95659924]
 [-0.02010369  0.3043165   0.73848146]
 [-0.16921452  0.38032693  0.74450433]]
[[ 0.          0.          0.5861287 ]
 [ 0.09225453  0.07335719  0.5868926 ]
 [ 0.05335141  0.13090211  0.21738136]
 [ 0.27450383 -0.31680116  0.3267879 ]
 [ 0.36807343 -0.32249492  0.283656  ]
 [-0.0923792  -0.07324776  0.585784  ]
 [-0.2239474   0.2489918   0.36112684]
 [-0.19221675  0.42604893  0.        ]
 [-0.25761515  0.58829457  0.00161916]
 [-0.0355802   0.06678113  0.7967679 ]
 [-0.09852424  0.09593222  1.0425123 ]
 [-0.23525679  0.13708174  1.1323204 ]
 [-0.17396088  0.12538892  1.2432492 ]
 [-0.1696299  -0.02160487  0.99524313]
 [-0.17342566 -0.17959344  0.7785387 ]
 [-0.2669725  -0.039094    0.66873443]
 [ 0.0018842   0.18617073  0.9912832 ]
 [ 0.04142199  0.26831844  0.74893177]
 [-0.06188214  0.35638958  0.6313457 ]]
[[ 0.          0.          0.6123169 ]
 [ 0.0831566   0.08806551  0.6220045 ]
 [-0.11698742  0.23543186  0.33955628]
 [ 0.1343026  -0.1085114   0.36737475]
 [ 0.15917858 -0.06652212  0.2375356 ]
 [-0.08332784 -0.08806276  0.6026646 ]
 [-0.10260081  0.19564727  0.32593796]
 [ 0.05477237  0.32664004  0.03313118]
 [-0.01972641  0.49817604  0.        ]
 [-0.04085141  0.05904192  0.8203136 ]
 [-0.10727596  0.08712596  1.0670979 ]
 [-0.24040341  0.12531656  1.1655445 ]
 [-0.16097616  0.10580146  1.268482  ]
 [-0.20140335 -0.01913357  1.0177672 ]
 [-0.31488568 -0.14397134  0.795718  ]
 [-0.37062222  0.07998234  0.8139974 ]
 [ 0.01429068  0.1565485   1.0196896 ]
 [ 0.16530749  0.2143048   0.83121055]
 [ 0.24184892  0.3820265   0.6597119 ]]
[[ 0.          0.          0.5954432 ]
 [ 0.08006017  0.07732993  0.61358196]
 [-0.18755415  0.28386045  0.45263225]
 [-0.08465062  0.06285357  0.1588    ]
 [-0.1488607   0.17101753  0.07009929]
 [-0.08024406 -0.07753795  0.5767455 ]
 [ 0.05016781  0.09595266  0.27998632]
 [ 0.31694186  0.09934276  0.08092314]
 [ 0.29819322  0.25183132  0.        ]
 [-0.02863845  0.04120213  0.8136805 ]
 [-0.07469775  0.07440162  1.0664395 ]
 [-0.18678409  0.1283676   1.1541107 ]
 [-0.1264921   0.10493052  1.2639318 ]
 [-0.19402958  0.00342432  1.0209635 ]
 [-0.39122868 -0.05978695  0.840936  ]
 [-0.34500384  0.15042615  0.98862314]
 [ 0.06548312  0.11313856  1.0200124 ]
 [ 0.28278434  0.0800193   0.89917123]
 [ 0.41989625  0.18817136  0.71281064]]
[[ 0.0000000e+00  0.0000000e+00  5.5974823e-01]
 [ 8.4001929e-02  6.8481773e-02  5.7863992e-01]
 [-1.9554269e-01  2.8364408e-01  4.2670324e-01]
 [-2.2454420e-01  2.0412621e-01  3.3856273e-02]
 [-3.3167470e-01  3.2680416e-01  1.3045907e-02]
 [-8.4237114e-02 -6.8742201e-02  5.4015160e-01]
 [ 1.0774939e-01  5.4606646e-02  2.3513997e-01]
 [ 4.0747583e-01 -4.0581346e-02  9.6780717e-02]
 [ 4.6554720e-01  7.7201128e-02  0.0000000e+00]
 [-2.1446336e-02  2.7113646e-02  7.7928460e-01]
 [-5.5779904e-02  5.2785635e-02  1.0322649e+00]
 [-1.5978311e-01  1.1373401e-01  1.1183629e+00]
 [-1.0454890e-01  8.6522698e-02  1.2303147e+00]
 [-1.8849637e-01 -8.0084801e-04  9.9026573e-01]
 [-4.0210599e-01 -2.8004587e-02  8.3624518e-01]
 [-3.2603648e-01  1.6845429e-01  9.9283308e-01]
 [ 9.2882663e-02  7.4792802e-02  9.8409063e-01]
 [ 3.2882142e-01  1.8398225e-02  8.7254518e-01]
 [ 4.6393222e-01  1.1385603e-01  6.8363440e-01]]
[[ 0.          0.          0.54825306]
 [ 0.08501813  0.05923836  0.5655629 ]
 [-0.14993027  0.3251424   0.38851002]
 [-0.23901224  0.36564094  0.        ]
 [-0.35463512  0.47663847  0.01261902]
 [-0.08533236 -0.05942939  0.5302654 ]
 [ 0.09008016  0.04944757  0.20769584]
 [ 0.41047108 -0.12752646  0.17706531]
 [ 0.5397397  -0.04720277  0.09014386]
 [-0.00970566  0.03943369  0.7658759 ]
 [-0.03805647  0.06371281  1.0163405 ]
 [-0.13282639  0.11864525  1.1086953 ]
 [-0.07996717  0.09055394  1.2190149 ]
 [-0.16716072  0.0199942   0.9731778 ]
 [-0.36651826 -0.02880716  0.804394  ]
 [-0.30707037  0.1998575   0.8973954 ]
 [ 0.10591788  0.08460456  0.9623742 ]
 [ 0.32122904  0.04248613  0.8220211 ]
 [ 0.40302414  0.16396387  0.63088906]]
[[ 0.0000000e+00  0.0000000e+00  6.0504466e-01]
 [ 8.9237519e-02  5.9966758e-02  6.2230092e-01]
 [-9.7618699e-02  3.4455073e-01  3.8958246e-01]
 [-1.7516881e-01  4.0599632e-01  5.8126450e-04]
 [-2.8046507e-01  5.2006161e-01  0.0000000e+00]
 [-8.9555025e-02 -6.0095847e-02  5.8719659e-01]
 [ 1.4720729e-02  3.5516024e-02  2.2793192e-01]
 [ 3.3859926e-01 -1.9249216e-01  2.5721297e-01]
 [ 4.9383628e-01 -1.3009098e-01  1.9804227e-01]
 [ 1.8278696e-04  6.1253414e-02  8.1883675e-01]
 [-2.3850977e-02  9.8281622e-02  1.0653946e+00]
 [-1.2309271e-01  1.4786488e-01  1.1608102e+00]
 [-6.7216247e-02  1.2275368e-01  1.2703593e+00]
 [-1.4725120e-01  4.9593508e-02  1.0223955e+00]
 [-3.1453198e-01 -4.7603384e-02  8.3756047e-01]
 [-3.0493295e-01  1.9346945e-01  8.2123107e-01]
 [ 1.1505620e-01  1.2495300e-01  1.0060220e+00]
 [ 2.8631926e-01  8.7560683e-02  8.1996739e-01]
 [ 2.9746181e-01  2.4577743e-01  6.3274872e-01]]
[[ 0.          0.          0.6758517 ]
 [ 0.09553434  0.06841337  0.6869949 ]
 [-0.03246351  0.34476316  0.41222632]
 [-0.05085292  0.3816204   0.01530945]
 [-0.15538791  0.50362223  0.        ]
 [-0.09577632 -0.06840449  0.6643025 ]
 [-0.11455365  0.07028851  0.31058317]
 [ 0.2152664  -0.1996746   0.34261435]
 [ 0.35704115 -0.14209527  0.26928705]
 [ 0.00289562  0.08405471  0.88445866]
 [-0.02108782  0.14000604  1.1274064 ]
 [-0.11040723  0.18760586  1.2258991 ]
 [-0.05582836  0.16375166  1.3356507 ]
 [-0.14228496  0.07812357  1.0822139 ]
 [-0.26209486 -0.05637489  0.87606865]
 [-0.27873367  0.14728408  0.7570431 ]
 [ 0.11720196  0.17712241  1.0648061 ]
 [ 0.20938128  0.16780655  0.83257145]
 [ 0.1517182   0.3685221   0.7013767 ]]
[[ 0.          0.          0.60121274]
 [ 0.09998814  0.06970252  0.6040753 ]
 [ 0.1438306   0.25671285  0.24963534]
 [ 0.26195985  0.1463153   0.        ]
 [ 0.21474715  0.24264988  0.04424262]
 [-0.1002216  -0.06948148  0.5983578 ]
 [-0.29393893  0.18015617  0.36820734]
 [-0.08665477 -0.09086463  0.1782575 ]
 [-0.02217628 -0.01001692  0.09017569]
 [-0.00534351  0.09574851  0.8093212 ]
 [-0.03420008  0.14642584  1.0551193 ]
 [-0.12521565  0.20037723  1.1547959 ]
 [-0.06694748  0.17358297  1.2641572 ]
 [-0.14696175  0.056128    1.0146998 ]
 [-0.15477426 -0.11982412  0.79462636]
 [-0.21303031 -0.01354533  0.707951  ]
 [ 0.0903421   0.21965635  0.9862845 ]
 [ 0.05096705  0.33339185  0.76293373]
 [-0.11114544  0.39633268  0.8021091 ]]
[[ 0.          0.          0.6714747 ]
 [ 0.09141017  0.07985391  0.67423916]
 [ 0.2598989   0.17234841  0.355582  ]
 [ 0.45436364 -0.04541767  0.09866935]
 [ 0.4292292   0.05585432  0.        ]
 [-0.09148171 -0.07962263  0.6689067 ]
 [-0.32101002  0.20230787  0.5258994 ]
 [-0.24811104  0.08811837  0.12919557]
 [-0.3277471   0.21718308  0.06269974]
 [-0.00547957  0.06481835  0.88611984]
 [-0.03465883  0.09364694  1.1362307 ]
 [-0.13793764  0.13068944  1.2309356 ]
 [-0.0847974   0.1151669   1.339457  ]
 [-0.11207849 -0.02444148  1.0977755 ]
 [-0.04921042 -0.21455042  0.90310174]
 [-0.04771678 -0.1082041   0.789888  ]
 [ 0.05769805  0.19940251  1.0739788 ]
 [-0.08090088  0.32954234  0.89463246]
 [-0.20565876  0.32334006  1.045084  ]]
[[ 0.          0.          0.5824689 ]
 [ 0.08364498  0.08036964  0.5864573 ]
 [ 0.25453365  0.13845046  0.27203238]
 [ 0.507151   -0.12525249  0.11748099]
 [ 0.5364208  -0.06668806  0.        ]
 [-0.0837238  -0.08012172  0.57890874]
 [-0.3275516   0.15503031  0.42394364]
 [-0.35646594  0.20682082  0.01981783]
 [-0.45665598  0.33035094  0.00580269]
 [-0.0083859   0.05068111  0.79980433]
 [-0.04099224  0.06752887  1.0505606 ]
 [-0.149116    0.09990478  1.1454225 ]
 [-0.09733531  0.08678335  1.2529767 ]
 [-0.09418096 -0.05270517  1.0150094 ]
 [ 0.01436336 -0.27765897  0.91061753]
 [-0.01395713 -0.1648709   0.7793745 ]
 [ 0.03326329  0.18202066  0.99122375]
 [-0.09908409  0.31892377  0.82281554]
 [-0.20924142  0.32584536  0.98041606]]
[[ 0.          0.          0.54951286]
 [ 0.08581178  0.06850848  0.5524058 ]
 [ 0.20317118  0.10800257  0.2010628 ]
 [ 0.45092034 -0.27134216  0.20138681]
 [ 0.5323021  -0.24943978  0.1281574 ]
 [-0.08587211 -0.06831975  0.5471372 ]
 [-0.2856029   0.19339085  0.35595384]
 [-0.33909214  0.3644611   0.        ]
 [-0.433954    0.48957497  0.01428258]
 [-0.01581217  0.04635149  0.7681924 ]
 [-0.05338432  0.05766881  1.0188484 ]
 [-0.16347593  0.09071726  1.117732  ]
 [-0.110149    0.07464981  1.2252419 ]
 [-0.10884532 -0.05038345  0.97705275]
 [-0.00188892 -0.2535509   0.842375  ]
 [-0.08278774 -0.15436979  0.71477264]
 [ 0.02496038  0.15872353  0.96430784]
 [-0.05110997  0.28611502  0.7664661 ]
 [-0.1810697   0.33540377  0.8549244 ]]
[[ 0.          0.          0.5824057 ]
 [ 0.09005389  0.07355434  0.58841777]
 [ 0.10219907  0.12614411  0.20877439]
 [ 0.34215188 -0.3076493   0.27809724]
 [ 0.4348001  -0.31126216  0.22683945]
 [-0.09013595 -0.07340929  0.57682496]
 [-0.22822261  0.25041768  0.35905975]
 [-0.20123994  0.41311365  0.00174856]
 [-0.2882172   0.56691736  0.        ]
 [-0.02191431  0.06021181  0.7966259 ]
 [-0.06791569  0.07684326  1.0467172 ]
 [-0.18462597  0.11237288  1.151333  ]
 [-0.1186067   0.09120619  1.2575355 ]
 [-0.14197493 -0.03809693  0.9962132 ]
 [-0.12688059 -0.18614557  0.77030504]
 [-0.22862923 -0.03891949  0.68427205]
 [ 0.026901    0.17107177  0.9943081 ]
 [ 0.049791    0.27072135  0.7600485 ]
 [-0.07463631  0.3795285   0.7008448 ]]
[[ 0.          0.          0.61847746]
 [ 0.08594602  0.08559546  0.62425494]
 [-0.02238256  0.15510526  0.26542854]
 [ 0.23630172 -0.2460497   0.3185884 ]
 [ 0.28908437 -0.24749509  0.22212985]
 [-0.08605923 -0.08552521  0.6129376 ]
 [-0.15671436  0.20460144  0.3392637 ]
 [-0.04107462  0.3329384   0.02529657]
 [-0.12479025  0.50142545  0.        ]
 [-0.02303698  0.05581707  0.83393437]
 [-0.07491821  0.0692057   1.0855343 ]
 [-0.19291885  0.10514855  1.1907513 ]
 [-0.12107185  0.08531982  1.2981305 ]
 [-0.16158602 -0.04503638  1.0313065 ]
 [-0.2099474  -0.18164873  0.79454935]
 [-0.3077562  -0.00614952  0.7659563 ]
 [ 0.03679589  0.15322775  1.0312761 ]
 [ 0.12277719  0.19863996  0.804941  ]
 [ 0.07359131  0.35845473  0.6538845 ]]
[[ 0.          0.          0.61263967]
 [ 0.07888209  0.08088595  0.6254158 ]
 [-0.16836786  0.26483864  0.3994909 ]
 [-0.01612794  0.0326888   0.16876048]
 [-0.05491136  0.12649724  0.07419306]
 [-0.0790611  -0.0810407   0.599393  ]
 [ 0.04755798  0.06026962  0.28597718]
 [ 0.30849707  0.0680857   0.07879865]
 [ 0.2906228   0.2270082   0.        ]
 [-0.01153662  0.03788054  0.8335557 ]
 [-0.04596057  0.04978976  1.0897194 ]
 [-0.15273769  0.09780842  1.187078  ]
 [-0.09032018  0.07082504  1.3005146 ]
 [-0.1591484  -0.02929327  1.0371194 ]
 [-0.3379578  -0.10797071  0.8395714 ]
 [-0.3156507   0.11367041  0.96920174]
 [ 0.0853022   0.10610917  1.0358454 ]
 [ 0.28898576  0.090519    0.89650214]
 [ 0.34408328  0.21559891  0.6859301 ]]
[[ 0.          0.          0.6002681 ]
 [ 0.07951318  0.07283235  0.6140634 ]
 [-0.17791855  0.28199092  0.42972943]
 [-0.17079425  0.2162422   0.03769439]
 [-0.27323037  0.33064866  0.        ]
 [-0.0797369  -0.07300192  0.5857649 ]
 [ 0.11781113  0.02811414  0.2787629 ]
 [ 0.43065107 -0.07639822  0.13186973]
 [ 0.4943068   0.0403077   0.02824491]
 [-0.00285445  0.02767125  0.82383347]
 [-0.02297542  0.03800091  1.0797231 ]
 [-0.12312296  0.09448242  1.1739615 ]
 [-0.06067774  0.06159824  1.2861792 ]
 [-0.14921388 -0.02382115  1.0341846 ]
 [-0.3508448  -0.06086977  0.86155796]
 [-0.27992147  0.14036006  1.0100946 ]
 [ 0.11745884  0.07842818  1.0245316 ]
 [ 0.339316    0.03787118  0.90202975]
 [ 0.39785385  0.16037712  0.69110227]]
[[ 0.00000000e+00  0.00000000e+00  5.79194069e-01]
 [ 8.25230628e-02  6.09534681e-02  5.92136085e-01]
 [-1.30720630e-01  3.32862198e-01  3.97131026e-01]
 [-1.85366213e-01  3.63815814e-01  5.04875183e-03]
 [-3.02662969e-01  4.72391665e-01  0.00000000e+00]
 [-8.28195661e-02 -6.10725544e-02  5.65593779e-01]
 [ 9.08907726e-02  3.74115407e-02  2.32037544e-01]
 [ 4.17790264e-01 -1.49851799e-01  1.99937671e-01]
 [ 5.54482341e-01 -7.34700263e-02  1.10397935e-01]
 [-5.80612570e-04  4.45988476e-02  7.99369752e-01]
 [-1.97688825e-02  6.37047589e-02  1.05254769e+00]
 [-1.09936506e-01  1.16251767e-01  1.15084660e+00]
 [-4.66241986e-02  8.31027627e-02  1.26038909e+00]
 [-1.43879682e-01  1.37106776e-02  1.00853050e+00]
 [-3.27163875e-01 -5.49440384e-02  8.20250988e-01]
 [-2.67356038e-01  1.74836248e-01  9.01816368e-01]
 [ 1.14960112e-01  9.43908095e-02  9.91132021e-01]
 [ 3.16475868e-01  6.00350499e-02  8.39239478e-01]
 [ 3.34028423e-01  2.13637203e-01  6.48687184e-01]]
[[ 0.          0.          0.61246055]
 [ 0.08573385  0.06333271  0.62592506]
 [-0.09389189  0.35481286  0.40111405]
 [-0.12970597  0.40048018  0.01001793]
 [-0.2445752   0.5104812   0.        ]
 [-0.08605366 -0.063398    0.59845245]
 [ 0.01375672  0.02718776  0.23894355]
 [ 0.3413179  -0.1941768   0.25927007]
 [ 0.4978606  -0.13257813  0.19033161]
 [ 0.00168375  0.055346    0.82970893]
 [-0.01820513  0.08360258  1.081587  ]
 [-0.10930428  0.1300214   1.1840665 ]
 [-0.03962021  0.09835231  1.290906  ]
 [-0.1391302   0.02929845  1.0360109 ]
 [-0.28897977 -0.07316551  0.8326189 ]
 [-0.27312106  0.16342062  0.8234973 ]
 [ 0.11318606  0.11674008  1.0172614 ]
 [ 0.27590173  0.08349556  0.82605135]
 [ 0.23737755  0.26696536  0.6652752 ]]
[[ 0.          0.          0.66352   ]
 [ 0.09144595  0.07055271  0.6749305 ]
 [-0.02614097  0.33985683  0.40663785]
 [-0.01413482  0.35611385  0.02726531]
 [-0.11870843  0.4758756   0.        ]
 [-0.09163611 -0.07051043  0.6517551 ]
 [-0.11055549  0.05636173  0.29429638]
 [ 0.22273123 -0.21247381  0.32448646]
 [ 0.3506824  -0.15638429  0.22973746]
 [ 0.00516341  0.0757975   0.8753525 ]
 [-0.01557228  0.1192103   1.1241426 ]
 [-0.10703263  0.1580267   1.2296925 ]
 [-0.03460862  0.13245606  1.3366623 ]
 [-0.12989323  0.04811421  1.079359  ]
 [-0.22742872 -0.1011741   0.870067  ]
 [-0.2352016   0.09121303  0.7576382 ]
 [ 0.11048864  0.16755056  1.0567493 ]
 [ 0.19991907  0.18971048  0.83485687]
 [ 0.11560755  0.39811653  0.7612852 ]]
[[ 0.00000000e+00  0.00000000e+00  6.73752725e-01]
 [ 9.11504179e-02  8.22445154e-02  6.84888959e-01]
 [ 1.70652360e-01  2.42493391e-01  3.49954098e-01]
 [ 3.42490673e-01  1.10557914e-01  7.84780383e-02]
 [ 2.67350435e-01  2.29723334e-01  0.00000000e+00]
 [-9.11785215e-02 -8.19589049e-02  6.62630081e-01]
 [-2.98146844e-01  1.87207654e-01  4.61971849e-01]
 [-6.18277825e-02 -3.94277871e-02  2.32257664e-01]
 [-6.58498257e-02  5.18909693e-02  1.20416701e-01]
 [ 9.32045281e-04  7.85637498e-02  8.84171486e-01]
 [-2.36470848e-02  1.17188156e-01  1.13285100e+00]
 [-1.20649382e-01  1.56371951e-01  1.23776722e+00]
 [-5.75292110e-02  1.32816792e-01  1.34421968e+00]
 [-1.09071665e-01  3.70782614e-03  1.09897935e+00]
 [-7.30437338e-02 -2.25565344e-01  9.41117346e-01]
 [-6.97915554e-02 -1.36628166e-01  7.75063992e-01]
 [ 7.36553296e-02  2.11024642e-01  1.06466651e+00]
 [ 1.66388750e-02  3.33499998e-01  8.59378099e-01]
 [-1.43385619e-01  3.86631757e-01  9.61491823e-01]]
[[ 0.0000000e+00  0.0000000e+00  6.2607813e-01]
 [ 8.2962602e-02  8.3448946e-02  6.3587457e-01]
 [ 2.4684638e-01  1.8091343e-01  3.3148262e-01]
 [ 5.0661922e-01 -4.6379149e-02  1.2428516e-01]
 [ 4.8848715e-01  2.7851820e-02  0.0000000e+00]
 [-8.2966246e-02 -8.3184034e-02  6.1655837e-01]
 [-3.2925504e-01  1.7922513e-01  4.6853119e-01]
 [-2.4270210e-01  9.9886179e-02  9.0323925e-02]
 [-3.0042675e-01  2.2087762e-01  2.2795618e-02]
 [-2.4997815e-04  4.5056373e-02  8.4598982e-01]
 [-2.5151983e-02  5.1118493e-02  1.0987909e+00]
 [-1.3015266e-01  8.0729544e-02  1.2001739e+00]
 [-6.9673359e-02  6.1044812e-02  1.3051579e+00]
 [-7.2591983e-02 -7.4845791e-02  1.0654022e+00]
 [ 2.8856441e-02 -3.1087238e-01  9.6149051e-01]
 [-4.5512542e-03 -1.8809006e-01  8.1725335e-01]
 [ 4.2481344e-02  1.7255783e-01  1.0359977e+00]
 [-7.0948571e-02  3.0549592e-01  8.6623633e-01]
 [-1.7967159e-01  3.2175109e-01  1.0276641e+00]]
[[ 0.          0.          0.58642507]
 [ 0.08139414  0.0785276   0.5919802 ]
 [ 0.22275239  0.1179111   0.2472023 ]
 [ 0.51245    -0.19778532  0.1837976 ]
 [ 0.5527058  -0.17186606  0.06839025]
 [-0.08138611 -0.07831272  0.5813173 ]
 [-0.3085273   0.17311297  0.39902508]
 [-0.30078554  0.24116316  0.02701765]
 [-0.38887575  0.36589265  0.        ]
 [ 0.0022139   0.03695129  0.8091495 ]
 [-0.02043137  0.0343166   1.0617434 ]
 [-0.12706944  0.05996323  1.1621764 ]
 [-0.06955038  0.04162842  1.2694732 ]
 [-0.05187541 -0.09058398  1.0222675 ]
 [ 0.0461082  -0.3074276   0.9009616 ]
 [-0.02460998 -0.20122996  0.76560384]
 [ 0.03343392  0.15716648  1.0052683 ]
 [-0.05474794  0.28342956  0.8259679 ]
 [-0.16764733  0.31291503  0.953099  ]]
[[ 0.          0.          0.5823368 ]
 [ 0.08730933  0.07440157  0.58717537]
 [ 0.14944552  0.09011856  0.20408615]
 [ 0.41472846 -0.31058866  0.24369135]
 [ 0.50609326 -0.3182748   0.15677086]
 [-0.08731771 -0.07421687  0.57796395]
 [-0.25744367  0.21952152  0.36744756]
 [-0.22353652  0.35041288  0.01342005]
 [-0.30876058  0.4888289   0.        ]
 [-0.00415664  0.04335827  0.802775  ]
 [-0.03563762  0.04090267  1.0547326 ]
 [-0.14756005  0.07187915  1.1600549 ]
 [-0.08655301  0.05010402  1.2669377 ]
 [-0.08067426 -0.07956621  1.0078827 ]
 [-0.00175241 -0.2678816   0.8396455 ]
 [-0.09444465 -0.13099362  0.71477896]
 [ 0.03287218  0.15357313  1.0019537 ]
 [ 0.02126171  0.26552808  0.7863053 ]
 [-0.11129995  0.34491578  0.8074043 ]]
[[ 0.          0.          0.6090791 ]
 [ 0.09017274  0.08344238  0.6140269 ]
 [ 0.0189445   0.11034197  0.23605794]
 [ 0.28634846 -0.30456448  0.29956165]
 [ 0.37494177 -0.3207557   0.19524798]
 [-0.09021574 -0.08331733  0.6044457 ]
 [-0.1916661   0.21971506  0.35968375]
 [-0.08339818  0.3404823   0.02280378]
 [-0.16399541  0.49988276  0.        ]
 [-0.01203372  0.04375447  0.8291442 ]
 [-0.05274485  0.03938481  1.081947  ]
 [-0.16534682  0.07329184  1.1929662 ]
 [-0.09585015  0.05006766  1.2985954 ]
 [-0.11992712 -0.08582708  1.0261039 ]
 [-0.12255946 -0.2423896   0.80634326]
 [-0.24178705 -0.1055178   0.7529464 ]
 [ 0.03876503  0.145809    1.0313941 ]
 [ 0.08595453  0.21867579  0.804656  ]
 [ 0.01399516  0.3688639   0.7064378 ]]
[[ 0.0000000e+00  0.0000000e+00  5.8951509e-01]
 [ 7.5359665e-02  8.6422056e-02  6.0355955e-01]
 [-1.5363607e-01  2.5478706e-01  3.5220197e-01]
 [ 6.6833682e-02 -1.5890449e-02  2.3658836e-01]
 [ 7.1728975e-02  4.4436067e-02  1.0950476e-01]
 [-7.5459868e-02 -8.6493984e-02  5.7514662e-01]
 [-1.7373454e-02  9.9793300e-02  2.6424915e-01]
 [ 2.7444205e-01  1.1972311e-01  7.1021736e-02]
 [ 2.5404060e-01  2.8251618e-01  0.0000000e+00]
 [-1.0447837e-03  4.5583457e-02  8.0784988e-01]
 [-3.4793720e-02  4.4557303e-02  1.0637940e+00]
 [-1.3468653e-01  8.8164926e-02  1.1738614e+00]
 [-6.9408059e-02  5.7412624e-02  1.2832130e+00]
 [-1.4076348e-01 -4.5090616e-02  1.0020686e+00]
 [-2.8939807e-01 -1.5310957e-01  7.9522997e-01]
 [-2.9819179e-01  7.1822196e-02  9.0709567e-01]
 [ 8.9276135e-02  1.1238909e-01  1.0109365e+00]
 [ 2.7190349e-01  1.3003959e-01  8.6029011e-01]
 [ 2.5802147e-01  2.8494850e-01  6.6451800e-01]]
[[ 0.0000000e+00  0.0000000e+00  5.5190349e-01]
 [ 7.1529128e-02  7.6958112e-02  5.6468260e-01]
 [-2.0044225e-01  2.4364930e-01  3.9886096e-01]
 [-1.3412648e-01  1.7210928e-01  5.0510526e-02]
 [-2.3361808e-01  2.7355626e-01  1.5956163e-04]
 [-7.1688920e-02 -7.7113062e-02  5.3845900e-01]
 [ 1.0353393e-01  2.1090358e-02  2.1556908e-01]
 [ 4.4408935e-01 -5.2125782e-02  1.0861713e-01]
 [ 4.9634334e-01  7.0006073e-02  0.0000000e+00]
 [ 4.9554054e-03  2.3049936e-02  7.7743065e-01]
 [-1.2142904e-02  1.7248541e-02  1.0347520e+00]
 [-1.0816041e-01  6.8760574e-02  1.1383460e+00]
 [-3.9276078e-02  3.2713413e-02  1.2486752e+00]
 [-1.3110553e-01 -5.3381711e-02  9.8396093e-01]
 [-3.1917608e-01 -1.1063334e-01  8.0392039e-01]
 [-2.5890750e-01  8.0366701e-02  9.6033549e-01]
 [ 1.1898786e-01  7.0882052e-02  9.7988462e-01]
 [ 3.3871442e-01  4.6060324e-02  8.6708337e-01]
 [ 3.5169476e-01  1.8971865e-01  6.6153115e-01]]
[[ 0.          0.          0.55655086]
 [ 0.07895013  0.06544166  0.5712564 ]
 [-0.16291201  0.31936112  0.39783055]
 [-0.18209246  0.3409078   0.00801492]
 [-0.3013727   0.44511646  0.        ]
 [-0.07920758 -0.06554388  0.5411581 ]
 [ 0.09596111  0.03532678  0.20083243]
 [ 0.43997437 -0.13590333  0.17520624]
 [ 0.5660137  -0.04936039  0.08690453]
 [ 0.00352248  0.03447632  0.77972364]
 [-0.01213538  0.03877968  1.0353432 ]
 [-0.09550656  0.09344822  1.1368262 ]
 [-0.03078283  0.05467808  1.245599  ]
 [-0.13498607 -0.01676106  0.98630774]
 [-0.31081983 -0.08613588  0.7911802 ]
 [-0.25026554  0.13170025  0.8961886 ]
 [ 0.11999965  0.07829121  0.97647274]
 [ 0.32875052  0.04681088  0.836228  ]
 [ 0.31450078  0.20857415  0.6451982 ]]
[[ 0.          0.          0.57844853]
 [ 0.08238314  0.0633104   0.59298193]
 [-0.11689436  0.3520935   0.3861214 ]
 [-0.14658281  0.39874616  0.00584775]
 [-0.26509306  0.50013757  0.        ]
 [-0.08267056 -0.0633749   0.56336075]
 [ 0.03192647  0.02652842  0.19953886]
 [ 0.36555448 -0.1936112   0.22870895]
 [ 0.51526415 -0.13104618  0.16136497]
 [ 0.00593     0.0471147   0.7980889 ]
 [-0.01045913  0.06176114  1.0526524 ]
 [-0.09453221  0.10794312  1.1605251 ]
 [-0.02371437  0.07140362  1.265532  ]
 [-0.13005334  0.00460362  1.0047032 ]
 [-0.274817   -0.10733363  0.800108  ]
 [-0.24477533  0.12116249  0.8087069 ]
 [ 0.11770169  0.09863001  0.9883133 ]
 [ 0.2918554   0.06649332  0.809864  ]
 [ 0.23883884  0.26131326  0.657206  ]]
[[ 0.          0.          0.6355455 ]
 [ 0.08871436  0.07184649  0.6467667 ]
 [-0.0469142   0.34124345  0.38355005]
 [-0.04212579  0.37223887  0.02736986]
 [-0.15602767  0.48884627  0.        ]
 [-0.08892752 -0.07180096  0.62390906]
 [-0.10698615  0.03793901  0.2623246 ]
 [ 0.23339993 -0.21751744  0.29223162]
 [ 0.36270303 -0.15874285  0.19549668]
 [ 0.00964177  0.06853442  0.84966594]
 [-0.00808517  0.09912497  1.1017935 ]
 [-0.09458154  0.13672984  1.2115579 ]
 [-0.01921398  0.10719621  1.3163488 ]
 [-0.11868551  0.02680108  1.0534376 ]
 [-0.20900464 -0.12244676  0.841815  ]
 [-0.22385062  0.07588717  0.74614125]
 [ 0.11339474  0.15295804  1.0338613 ]
 [ 0.21703707  0.18682769  0.8212862 ]
 [ 0.12008183  0.3886994   0.75601894]]
[[ 0.          0.          0.6512319 ]
 [ 0.09258242  0.08027542  0.6585339 ]
 [ 0.11734158  0.2525905   0.3083402 ]
 [ 0.2976321   0.11182117  0.0710873 ]
 [ 0.21648505  0.22843191  0.        ]
 [-0.0925996  -0.08002649  0.64390785]
 [-0.30069733  0.17908502  0.42898622]
 [-0.04461217 -0.05736372  0.24126238]
 [-0.02841699  0.02846387  0.13457191]
 [ 0.0107212   0.07461388  0.8639426 ]
 [-0.00519026  0.09953427  1.1170366 ]
 [-0.10013665  0.13374925  1.2262765 ]
 [-0.02524301  0.10799992  1.3264364 ]
 [-0.08734298 -0.01359427  1.0822273 ]
 [-0.07972737 -0.23005122  0.9060241 ]
 [-0.07381886 -0.12487402  0.75003177]
 [ 0.08510742  0.1980915   1.0449444 ]
 [ 0.03365076  0.3288299   0.8410603 ]
 [-0.12018782  0.39226466  0.9525309 ]]
[[ 0.          0.          0.599953  ]
 [ 0.08180392  0.07961087  0.6075828 ]
 [ 0.23674576  0.15221423  0.2890879 ]
 [ 0.5103196  -0.06483349  0.10946879]
 [ 0.5097543   0.00215322  0.        ]
 [-0.08176553 -0.07939774  0.59269094]
 [-0.3313706   0.16077088  0.45131773]
 [-0.28190336  0.12145087  0.07617772]
 [-0.36644232  0.24110192  0.03494298]
 [ 0.0150032   0.03033127  0.822255  ]
 [ 0.01082683  0.02225378  1.0767038 ]
 [-0.09045786  0.04709542  1.1850257 ]
 [-0.01548658  0.01880956  1.2839153 ]
 [-0.0183242  -0.10626888  1.0355304 ]
 [ 0.06279901 -0.32634345  0.9199481 ]
 [ 0.01894515 -0.22846985  0.78540254]
 [ 0.05078936  0.15180522  1.0209904 ]
 [-0.08670965  0.26992738  0.87681437]
 [-0.16527432  0.26173142  1.0430183 ]]
[[ 0.          0.          0.53687626]
 [ 0.0774933   0.07361055  0.544947  ]
 [ 0.2369717   0.10084262  0.21330386]
 [ 0.53412044 -0.14921936  0.1106225 ]
 [ 0.5851635  -0.11341411  0.0087285 ]
 [-0.07744184 -0.07338397  0.5293244 ]
 [-0.32906955  0.12255953  0.37832654]
 [-0.36455163  0.1986725   0.00927645]
 [-0.45969748  0.31105238  0.        ]
 [ 0.01758655  0.02119105  0.7586038 ]
 [ 0.01865693  0.00609177  1.0111463 ]
 [-0.08416746  0.02799797  1.1204427 ]
 [-0.01021764  0.00280768  1.2175205 ]
 [ 0.00647299 -0.11818415  0.96689683]
 [ 0.09052654 -0.32826316  0.85767484]
 [ 0.02746537 -0.27950925  0.72846615]
 [ 0.04133798  0.13462436  0.95984846]
 [-0.10654862  0.23949194  0.82676846]
 [-0.16018784  0.22453171  0.9743303 ]]
[[ 0.          0.          0.5424599 ]
 [ 0.07627054  0.06990139  0.54810804]
 [ 0.17680424  0.08608207  0.16663909]
 [ 0.459525   -0.2661903   0.17903793]
 [ 0.5643574  -0.2683009   0.11346072]
 [-0.07625914 -0.06972381  0.5373913 ]
 [-0.30270913  0.15733334  0.35835415]
 [-0.33762628  0.29423195  0.        ]
 [-0.4350099   0.41011965  0.00981843]
 [ 0.01229152  0.03087322  0.7633317 ]
 [ 0.00488414  0.01284692  1.0150654 ]
 [-0.09837431  0.03350425  1.1250768 ]
 [-0.02595223  0.01021737  1.2240701 ]
 [-0.01027642 -0.1055204   0.9627205 ]
 [ 0.05651388 -0.29694894  0.81196755]
 [-0.03471982 -0.21012187  0.69138175]
 [ 0.02866666  0.13569587  0.9669937 ]
 [-0.07081793  0.24229902  0.7917739 ]
 [-0.16927844  0.27074218  0.880494  ]]
[[ 0.00000000e+00  0.00000000e+00  5.61924517e-01]
 [ 8.55502635e-02  7.78045952e-02  5.66817045e-01]
 [ 5.08254059e-02  1.01940721e-01  1.72359169e-01]
 [ 3.00908387e-01 -3.33690107e-01  2.40471125e-01]
 [ 4.22426820e-01 -3.67438793e-01  2.01131284e-01]
 [-8.55504423e-02 -7.77109414e-02  5.57424307e-01]
 [-2.19760895e-01  2.25756764e-01  3.58319044e-01]
 [-1.46058321e-01  3.65998447e-01  1.00005865e-02]
 [-2.30794311e-01  5.19801021e-01  0.00000000e+00]
 [-1.96468085e-04  3.08103561e-02  7.83852696e-01]
 [-1.98380724e-02  1.54552460e-02  1.03812182e+00]
 [-1.20140091e-01  4.49329615e-02  1.15506530e+00]
 [-4.18281630e-02  1.59509182e-02  1.25500488e+00]
 [-7.21526444e-02 -1.09267294e-01  9.82896090e-01]
 [-9.79456231e-02 -2.44887158e-01  7.50154793e-01]
 [-2.13702753e-01 -1.03884913e-01  6.67050838e-01]
 [ 4.34566773e-02  1.37469500e-01  9.88074064e-01]
 [ 2.98436210e-02  2.32296258e-01  7.60861397e-01]
 [-6.29901290e-02  3.28350455e-01  7.31454492e-01]]
[[ 0.          0.          0.57987773]
 [ 0.07363158  0.09118484  0.588412  ]
 [-0.15758742  0.19584103  0.28765666]
 [ 0.13841079 -0.09142473  0.26504752]
 [ 0.19481981 -0.07796323  0.14588833]
 [-0.07367824 -0.09120813  0.57125944]
 [-0.09750482  0.13723916  0.26960218]
 [ 0.16272004  0.21530145  0.04787135]
 [ 0.10153262  0.38546938  0.        ]
 [ 0.00548379  0.03614132  0.79895663]
 [-0.01741319  0.02125677  1.054199  ]
 [-0.10999689  0.05823398  1.1750638 ]
 [-0.02623239  0.02116424  1.2781619 ]
 [-0.10288197 -0.08829275  0.9956849 ]
 [-0.22354415 -0.21609022  0.77498513]
 [-0.32327825  0.006981    0.8105842 ]
 [ 0.07861398  0.11967391  0.99354446]
 [ 0.1929881   0.21723934  0.80466354]
 [ 0.19126044  0.42403814  0.7251722 ]]
[[ 0.00000000e+00  0.00000000e+00  5.63618898e-01]
 [ 6.46907240e-02  8.04200470e-02  5.78323901e-01]
 [-2.39464819e-01  2.36666128e-01  4.13036942e-01]
 [-9.36677009e-02  1.42686635e-01  1.16619706e-01]
 [-1.74556300e-01  2.33503640e-01  3.79115343e-02]
 [-6.48020357e-02 -8.05588514e-02  5.48302650e-01]
 [ 6.59460574e-02  3.62030864e-02  2.18085319e-01]
 [ 4.19873655e-01  1.08073056e-02  1.04100853e-01]
 [ 4.57251132e-01  1.42125934e-01  0.00000000e+00]
 [ 8.89506005e-03  2.44154483e-02  7.85259962e-01]
 [-3.11485305e-03  3.14319134e-03  1.04179788e+00]
 [-8.06045830e-02  5.04307151e-02  1.15843403e+00]
 [ 1.17873400e-03  6.16443157e-03  1.26293051e+00]
 [-1.18648224e-01 -6.50816560e-02  9.84760523e-01]
 [-3.11478376e-01 -1.35920361e-01  8.10604095e-01]
 [-2.86286771e-01  8.10744762e-02  9.41170454e-01]
 [ 1.18065082e-01  6.69612586e-02  9.84596431e-01]
 [ 3.17668736e-01  9.14524198e-02  8.42214882e-01]
 [ 3.13123584e-01  2.51296848e-01  6.57694817e-01]]
[[ 0.          0.          0.5382918 ]
 [ 0.06885195  0.06984301  0.5530022 ]
 [-0.22008726  0.2790832   0.41141707]
 [-0.1877842   0.29312995  0.02667403]
 [-0.30181298  0.38721955  0.        ]
 [-0.06904106 -0.06994399  0.5229092 ]
 [ 0.08549523  0.05852816  0.18005756]
 [ 0.45664123 -0.04823086  0.13371444]
 [ 0.56765544  0.0488604   0.02890468]
 [ 0.01222132  0.02885313  0.7585231 ]
 [ 0.00677588  0.01424086  1.0143945 ]
 [-0.06612711  0.06626749  1.1304959 ]
 [ 0.01417297  0.0162499   1.2296277 ]
 [-0.11590383 -0.04017913  0.9617406 ]
 [-0.31461263 -0.09065711  0.7915784 ]
 [-0.25018668  0.11643142  0.9130974 ]
 [ 0.13168046  0.06152421  0.95420593]
 [ 0.32596993  0.06111193  0.7982892 ]
 [ 0.30575714  0.2422869   0.6288724 ]]
[[ 0.          0.          0.5393343 ]
 [ 0.07181204  0.06634507  0.55419207]
 [-0.19235194  0.3219899   0.39799097]
 [-0.19806165  0.368345    0.        ]
 [-0.32614648  0.45891267  0.00170016]
 [-0.07205293 -0.06642091  0.5238934 ]
 [ 0.03736162  0.05682394  0.1539791 ]
 [ 0.40234983 -0.08360803  0.17834997]
 [ 0.54919255 -0.01186445  0.08978736]
 [ 0.01162428  0.03552875  0.76007545]
 [ 0.00538287  0.0302386   1.0149024 ]
 [-0.06555758  0.07731438  1.1328317 ]
 [ 0.02060424  0.02824658  1.2287914 ]
 [-0.11821727 -0.02307212  0.9661961 ]
 [-0.3024606  -0.09674379  0.7835973 ]
 [-0.2504363   0.1324212   0.84154975]
 [ 0.12831444  0.0757772   0.95032966]
 [ 0.30179742  0.07995874  0.7702565 ]
 [ 0.24637756  0.27893624  0.62995917]]
[[ 0.00000000e+00  0.00000000e+00  5.69977939e-01]
 [ 7.93161318e-02  7.27497563e-02  5.85827947e-01]
 [-1.38357699e-01  3.52234066e-01  3.95518303e-01]
 [-1.03818715e-01  4.32472616e-01  3.05312872e-03]
 [-2.37231493e-01  5.28119326e-01  0.00000000e+00]
 [-7.95667768e-02 -7.27648363e-02  5.53688169e-01]
 [-7.88992867e-02  3.08151543e-02  1.71425432e-01]
 [ 2.68294513e-01 -1.70852542e-01  2.09956855e-01]
 [ 4.13251221e-01 -1.17020607e-01  1.34886444e-01]
 [ 1.09709818e-02  5.24690896e-02  7.87696004e-01]
 [ 3.43546271e-05  6.64401948e-02  1.04155540e+00]
 [-6.89843446e-02  1.07512414e-01  1.15823424e+00]
 [ 1.74402613e-02  6.41533136e-02  1.25472796e+00]
 [-1.19339474e-01  3.44407558e-03  9.96263981e-01]
 [-2.63279945e-01 -1.16388559e-01  8.04069400e-01]
 [-2.76965916e-01  1.07141823e-01  7.53069043e-01]
 [ 1.19542286e-01  1.18628681e-01  9.72779751e-01]
 [ 2.36755759e-01  1.45844668e-01  7.58318424e-01]
 [ 1.27273828e-01  3.45873266e-01  6.73312485e-01]]
[[ 0.          0.          0.66644245]
 [ 0.09285948  0.07857142  0.6767007 ]
 [-0.03342773  0.35649776  0.4032196 ]
 [ 0.06286187  0.40984607  0.02561349]
 [-0.03536667  0.52434367  0.        ]
 [-0.09296091 -0.07840157  0.6559158 ]
 [-0.24695608  0.11509207  0.36573866]
 [ 0.07600993 -0.14507821  0.27131617]
 [ 0.13867953 -0.06671649  0.16712084]
 [ 0.01062449  0.08218569  0.87442076]
 [ 0.00631415  0.12353963  1.1214457 ]
 [-0.07039167  0.15820384  1.245148  ]
 [ 0.01995974  0.12050915  1.3337009 ]
 [-0.10729434  0.03505379  1.0857456 ]
 [-0.16751514 -0.1296253   0.8724998 ]
 [-0.2169129   0.05248718  0.76783085]
 [ 0.11538234  0.19591236  1.0446377 ]
 [ 0.11375113  0.27475888  0.83224195]
 [-0.02247345  0.4543987   0.8738988 ]]
[[ 0.          0.          0.68083704]
 [ 0.08658369  0.09017283  0.69047815]
 [ 0.12999186  0.24676116  0.3246192 ]
 [ 0.38636965  0.128883    0.07226837]
 [ 0.32258794  0.24398962  0.        ]
 [-0.08664133 -0.08989897  0.67139375]
 [-0.37612134  0.10474505  0.54166955]
 [-0.25978655 -0.01833928  0.16150165]
 [-0.34179282  0.10218167  0.11655563]
 [ 0.02103477  0.06346905  0.8926543 ]
 [ 0.01855468  0.06783336  1.1449769 ]
 [-0.06925021  0.09271002  1.2593865 ]
 [ 0.01300902  0.06337243  1.3541611 ]
 [-0.03449278 -0.05790713  1.1009891 ]
 [ 0.06526175 -0.29518396  0.96754074]
 [-0.05607573 -0.16244441  0.9055705 ]
 [ 0.07484291  0.1916757   1.0783167 ]
 [-0.0771994   0.31040227  0.9304404 ]
 [-0.1668489   0.31022996  1.0990162 ]]
[[ 0.          0.          0.6056917 ]
 [ 0.06536724  0.083607    0.6198119 ]
 [ 0.21962208  0.13413695  0.27124742]
 [ 0.53480405 -0.01150954  0.10819119]
 [ 0.5592203   0.05196613  0.        ]
 [-0.0654112  -0.08338083  0.59212434]
 [-0.36205238  0.0233611   0.4477675 ]
 [-0.49664253  0.09820837  0.08548373]
 [-0.61629647  0.1848562   0.1077612 ]
 [ 0.02918749  0.02424684  0.82518816]
 [ 0.04470417  0.0083335   1.0771549 ]
 [-0.04181189  0.01488727  1.188204  ]
 [ 0.03919879 -0.00622374  1.2789621 ]
 [ 0.05161223 -0.11031336  1.0265181 ]
 [ 0.15082261 -0.32236025  0.8983543 ]
 [ 0.03517686 -0.2808209   0.948058  ]
 [ 0.04560584  0.13476166  1.0304922 ]
 [-0.13160938  0.17408597  0.9122071 ]
 [-0.15415989  0.12802076  1.0778946 ]]
[[ 0.          0.          0.5710694 ]
 [ 0.05704601  0.07512289  0.5859008 ]
 [ 0.21444379  0.09783787  0.22953713]
 [ 0.5371353  -0.06488249  0.10162657]
 [ 0.5951732  -0.02003431  0.        ]
 [-0.05708614 -0.07490174  0.5568327 ]
 [-0.35433978  0.02887961  0.3869174 ]
 [-0.5148027   0.15539461  0.05201364]
 [-0.63684416  0.22791153  0.08105269]
 [ 0.02925237  0.01572022  0.790586  ]
 [ 0.04625701 -0.00885382  1.0394636 ]
 [-0.03969789 -0.0052824   1.1553571 ]
 [ 0.04626787 -0.02562541  1.239011  ]
 [ 0.05833559 -0.11884576  0.9867607 ]
 [ 0.17110187 -0.31624302  0.8590598 ]
 [ 0.03393278 -0.2920398   0.9244224 ]
 [ 0.03863842  0.11041051  0.998706  ]
 [-0.13100706  0.15406871  0.8855276 ]
 [-0.15247676  0.12304798  1.04813   ]]
[[ 0.          0.          0.5781604 ]
 [ 0.0649405   0.06601418  0.58923745]
 [ 0.13727939  0.07535425  0.18084162]
 [ 0.44730383 -0.23195219  0.17643839]
 [ 0.5655222  -0.24446478  0.11769336]
 [-0.06486829 -0.06591965  0.5676425 ]
 [-0.26117015  0.16013326  0.3518706 ]
 [-0.3435282   0.3437918   0.01810181]
 [-0.43578637  0.46367258  0.        ]
 [ 0.02925543  0.00617808  0.8000107 ]
 [ 0.05094922 -0.02573991  1.0488968 ]
 [-0.03863976 -0.01198125  1.1703892 ]
 [ 0.0606308  -0.04486722  1.2535946 ]
 [ 0.03754617 -0.13675067  0.987779  ]
 [ 0.10217226 -0.31640306  0.82676995]
 [-0.00341874 -0.3142792   0.864581  ]
 [ 0.06184056  0.09296989  1.0227411 ]
 [-0.03196967  0.16370502  0.9198573 ]
 [-0.10920078  0.17249292  1.0738053 ]]
[[ 0.          0.          0.62854296]
 [ 0.06532916  0.07721897  0.6411569 ]
 [-0.11019501  0.12563518  0.28047478]
 [ 0.19057024 -0.21154794  0.24151781]
 [ 0.34217796 -0.23585308  0.19111347]
 [-0.06528188 -0.07729643  0.61624116]
 [-0.15939698  0.21726345  0.33946246]
 [-0.0176037   0.39553866  0.03406733]
 [-0.09231779  0.56815434  0.        ]
 [ 0.00995945  0.011436    0.85036856]
 [ 0.01413715 -0.01504141  1.1011174 ]
 [-0.04642072  0.0101189   1.2293729 ]
 [ 0.07121577 -0.0330919   1.2965711 ]
 [-0.05512787 -0.13322276  1.0455742 ]
 [-0.19067124 -0.28424105  0.8902657 ]
 [-0.21779272 -0.1838083   1.0348718 ]
 [ 0.07452421  0.10211378  1.0726708 ]
 [ 0.12063567  0.25803584  1.0009375 ]
 [ 0.03771318  0.33799887  1.2049363 ]]
[[ 0.          0.          0.71436787]
 [ 0.04168547  0.07569212  0.730141  ]
 [-0.30297172  0.1605643   0.50851643]
 [-0.02600873 -0.02530611  0.27153033]
 [ 0.01264634 -0.02300763  0.139373  ]
 [-0.04168801 -0.07590175  0.6983632 ]
 [ 0.00549854  0.13268918  0.3419568 ]
 [ 0.2452553   0.27974245  0.07907408]
 [ 0.2321474   0.42139563  0.        ]
 [ 0.00713115  0.01095648  0.92992395]
 [ 0.00905386 -0.0267857   1.1816447 ]
 [-0.00934882  0.00697172  1.3147783 ]
 [ 0.08573364 -0.04445779  1.3703415 ]
 [-0.08648679 -0.11546901  1.1269923 ]
 [-0.31018266 -0.19875911  0.99294055]
 [-0.31281835 -0.01645941  1.1856416 ]
 [ 0.09310609  0.06268567  1.1371366 ]
 [ 0.23902735  0.2319119   1.1198924 ]
 [ 0.15782262  0.3261928   1.318476  ]]
[[ 0.          0.          0.73224187]
 [ 0.03750023  0.06696205  0.7475194 ]
 [-0.34326836  0.12818748  0.5345799 ]
 [-0.18059441  0.00193214  0.16484082]
 [-0.24267948  0.04088306  0.03729105]
 [-0.03753885 -0.06721427  0.7164361 ]
 [ 0.13474593  0.05599621  0.35347372]
 [ 0.42005336  0.1400136   0.14128256]
 [ 0.4832571   0.23783797  0.        ]
 [ 0.0329312   0.00154355  0.94524086]
 [ 0.05794772 -0.06017244  1.1926262 ]
 [ 0.06380773 -0.0246312   1.3236506 ]
 [ 0.14653358 -0.08138978  1.3798078 ]
 [-0.05131121 -0.12797636  1.1419523 ]
 [-0.2904644  -0.1907208   1.0183458 ]
 [-0.3262018  -0.01647294  1.1796632 ]
 [ 0.14613041  0.01281714  1.1483396 ]
 [ 0.321276    0.15843588  1.1635253 ]
 [ 0.25474882  0.2493375   1.3452307 ]]
[[ 0.          0.          0.7484366 ]
 [ 0.03910084  0.07333834  0.7640103 ]
 [-0.29427427  0.16074212  0.52260506]
 [-0.19171712  0.09015131  0.11437166]
 [-0.2698058   0.15149945  0.        ]
 [-0.03921577 -0.07357425  0.7322617 ]
 [ 0.11754595  0.01464993  0.3571299 ]
 [ 0.4536956  -0.01558614  0.22733277]
 [ 0.55449724  0.05739766  0.08784854]
 [ 0.05462264  0.00594701  0.9637593 ]
 [ 0.09823326 -0.05304268  1.2080957 ]
 [ 0.1057283  -0.02516198  1.3435304 ]
 [ 0.1942164  -0.09089535  1.3859899 ]
 [-0.01449347 -0.12091231  1.1616094 ]
 [-0.24681216 -0.18329464  1.0341452 ]
 [-0.32316992  0.00925273  1.1262952 ]
 [ 0.18575627  0.01928365  1.1652567 ]
 [ 0.3713816   0.15504304  1.2134694 ]
 [ 0.31214097  0.26866174  1.3952377 ]]
[[ 0.          0.          0.7938264 ]
 [ 0.03409566  0.07558816  0.80862045]
 [-0.19027343  0.21407993  0.50743645]
 [-0.10230824  0.17584324  0.10297179]
 [-0.17359418  0.2536404   0.        ]
 [-0.03423429 -0.07581598  0.77853894]
 [ 0.05463634 -0.03222409  0.389799  ]
 [ 0.3954596  -0.19954553  0.35606882]
 [ 0.55347747 -0.16748357  0.2533837 ]
 [ 0.07478667  0.00461346  1.0070337 ]
 [ 0.14271562 -0.04403538  1.2476256 ]
 [ 0.15225482 -0.02461237  1.3795028 ]
 [ 0.2551903  -0.08395368  1.4179645 ]
 [ 0.04587483 -0.1001395   1.2047708 ]
 [-0.15651897 -0.14658383  1.0491571 ]
 [-0.284509    0.00659481  1.0390114 ]
 [ 0.21097088  0.02233988  1.2016689 ]
 [ 0.36720312  0.15222353  1.2897022 ]
 [ 0.3282564   0.24909002  1.4793246 ]]
[[ 0.          0.          0.818866  ]
 [ 0.03144068  0.07627809  0.8324475 ]
 [-0.15696087  0.19492227  0.49182135]
 [-0.04262911  0.18186086  0.09951848]
 [-0.11477256  0.26314992  0.        ]
 [-0.03154957 -0.07652631  0.8049309 ]
 [ 0.00467404 -0.07258454  0.41332388]
 [ 0.32344258 -0.31506127  0.39520836]
 [ 0.49394274 -0.30022466  0.31903076]
 [ 0.08402643  0.00739239  1.0290523 ]
 [ 0.16185057 -0.03632063  1.2684286 ]
 [ 0.171492   -0.02540702  1.3976032 ]
 [ 0.28501558 -0.07476443  1.4416022 ]
 [ 0.07656984 -0.08783618  1.2260952 ]
 [-0.10917587 -0.13843589  1.0609018 ]
 [-0.24664886 -0.02323511  1.0102891 ]
 [ 0.21577749  0.02801633  1.219888  ]
 [ 0.33928084  0.12871826  1.3250384 ]
 [ 0.31201208  0.19619507  1.5107845 ]]
[[ 0.          0.          0.82390344]
 [ 0.04652057  0.0838702   0.8376363 ]
 [-0.07642075  0.16153811  0.44940418]
 [ 0.13781965  0.0880664   0.11515629]
 [ 0.08710355  0.1708867   0.        ]
 [-0.04649232 -0.0840457   0.81022286]
 [-0.12434165 -0.0894421   0.43565637]
 [ 0.08760729 -0.46637648  0.36326993]
 [ 0.23547322 -0.49936303  0.29516113]
 [ 0.10249875  0.01672773  1.0257198 ]
 [ 0.19464715 -0.01869872  1.2608383 ]
 [ 0.20036674 -0.01918775  1.3986077 ]
 [ 0.30206394 -0.05667365  1.4357426 ]
 [ 0.13131905 -0.08933166  1.2269089 ]
 [ 0.07862976 -0.25450432  1.2854323 ]
 [ 0.01436234 -0.329426    1.3978852 ]
 [ 0.2241922   0.06893736  1.2036661 ]
 [ 0.22818501  0.17300764  1.3588119 ]
 [ 0.16988088  0.16815776  1.5323908 ]]
[[ 0.          0.          0.7440063 ]
 [ 0.05513494  0.08281978  0.7538425 ]
 [-0.04295313  0.16383986  0.37848473]
 [ 0.23483609  0.04712147  0.13653946]
 [ 0.23977098  0.10918975  0.        ]
 [-0.05504161 -0.0828944   0.7343705 ]
 [-0.23419678 -0.05701792  0.41203934]
 [ 0.01342811 -0.40759337  0.29566032]
 [ 0.14047784 -0.45280826  0.21066773]
 [ 0.10033956  0.00844491  0.9520273 ]
 [ 0.18936782 -0.03299049  1.1908746 ]
 [ 0.17567724 -0.01525605  1.3254055 ]
 [ 0.28520653 -0.0628767   1.3761559 ]
 [ 0.1348035  -0.1192576   1.1503013 ]
 [ 0.14385346 -0.29225555  1.1028672 ]
 [ 0.11302271 -0.42512012  1.0979726 ]
 [ 0.2144733   0.07409793  1.1428177 ]
 [ 0.15741083  0.21366525  1.2964791 ]
 [ 0.03078561  0.14684933  1.4601275 ]]
[[ 0.          0.          0.6844924 ]
 [ 0.06307906  0.07887616  0.6934211 ]
 [-0.04007623  0.18843599  0.34880763]
 [ 0.22974849  0.03687662  0.13320166]
 [ 0.24972793  0.09102756  0.        ]
 [-0.06304181 -0.07890625  0.6758333 ]
 [-0.29755393 -0.0197269   0.4301948 ]
 [-0.04838663 -0.3353814   0.26522455]
 [ 0.05277839 -0.378479    0.17159855]
 [ 0.08785533  0.00675976  0.8968392 ]
 [ 0.16339403 -0.03120738  1.1384796 ]
 [ 0.13168636 -0.01140833  1.2736297 ]
 [ 0.24422017 -0.05811381  1.3288307 ]
 [ 0.12249959 -0.12562579  1.0988855 ]
 [ 0.15814498 -0.29363716  1.1289864 ]
 [ 0.17665046 -0.42476088  1.1730965 ]
 [ 0.18030012  0.08342111  1.0929495 ]
 [ 0.07158867  0.21103442  1.2431786 ]
 [-0.10216184  0.1281715   1.4013581 ]]
[[ 0.          0.          0.63658047]
 [ 0.06786171  0.0791574   0.64447016]
 [-0.065382    0.20702705  0.36196768]
 [ 0.17550185  0.04439062  0.11955237]
 [ 0.1812908   0.1073153   0.        ]
 [-0.06791204 -0.0791274   0.6289998 ]
 [-0.35554105  0.01307799  0.4891132 ]
 [-0.12273376 -0.27154112  0.26582348]
 [-0.0557202  -0.2860995   0.1731745 ]
 [ 0.06456259  0.01035428  0.85338867]
 [ 0.118651   -0.01356849  1.1015078 ]
 [ 0.06958511  0.00781828  1.234526  ]
 [ 0.17717128 -0.02879125  1.2934713 ]
 [ 0.09163633 -0.11514536  1.0671778 ]
 [ 0.14288053 -0.28275537  1.2164621 ]
 [ 0.22550222 -0.381194    1.3509352 ]
 [ 0.12860866  0.10586214  1.051961  ]
 [-0.04371192  0.2185697   1.1993141 ]
 [-0.24959457  0.16913533  1.3427584 ]]
[[ 0.          0.          0.5929734 ]
 [ 0.07082336  0.08174382  0.5989523 ]
 [-0.10608751  0.20889099  0.41997615]
 [ 0.07288931  0.03522161  0.09515411]
 [ 0.04717939  0.10268652  0.        ]
 [-0.07094752 -0.08164948  0.5872265 ]
 [-0.38186443  0.04631101  0.56878895]
 [-0.22576581 -0.21533638  0.26282609]
 [-0.21279126 -0.18906209  0.16858283]
 [ 0.036087    0.01312244  0.8130964 ]
 [ 0.06241768  0.00786808  1.0672371 ]
 [-0.00666056  0.03079152  1.1890645 ]
 [ 0.08759029  0.0072366   1.2609702 ]
 [ 0.04675438 -0.10144231  1.0449283 ]
 [ 0.07089633 -0.25769442  1.289288  ]
 [ 0.15166658 -0.29679453  1.4967017 ]
 [ 0.07234988  0.13060981  1.0116582 ]
 [-0.1515289   0.23647827  1.1304533 ]
 [-0.377396    0.21708441  1.2330151 ]]
[[ 0.          0.          0.5392879 ]
 [ 0.07032075  0.0825205   0.54204977]
 [-0.14134198  0.20108937  0.460161  ]
 [-0.06859619  0.05832598  0.05749404]
 [-0.13152075  0.1222994   0.        ]
 [-0.0705381  -0.08234511  0.5366643 ]
 [-0.3723852   0.07359909  0.611071  ]
 [-0.32438207 -0.10611162  0.23283333]
 [-0.35756326 -0.04622048  0.13626581]
 [ 0.00697831  0.02137057  0.76254433]
 [ 0.00907008  0.03310153  1.0184376 ]
 [-0.07614948  0.06147641  1.1248364 ]
 [ 0.00381561  0.04091293  1.2131097 ]
 [-0.01058361 -0.08622932  1.002578  ]
 [-0.07452567 -0.24312228  1.2775806 ]
 [-0.06231925 -0.24194479  1.5052272 ]
 [ 0.02437659  0.15774313  0.9573297 ]
 [-0.2204284   0.2939461   1.0389683 ]
 [-0.45373547  0.2932372   1.0888637 ]]
[[ 0.          0.          0.41899917]
 [ 0.07061914  0.08831529  0.41574728]
 [-0.16230854  0.22423038  0.42445308]
 [-0.23664042  0.16712165  0.        ]
 [-0.3143294   0.23385483  0.01227608]
 [-0.07088196 -0.08815408  0.4223719 ]
 [-0.36065176  0.0676911   0.5525339 ]
 [-0.46655133  0.02017449  0.16389415]
 [-0.5395977   0.11031522  0.12643403]
 [-0.03118259  0.03974964  0.64054066]
 [-0.06385897  0.07380188  0.89124733]
 [-0.16340247  0.11043608  0.9759996 ]
 [-0.10508253  0.09906328  1.0773802 ]
 [-0.09111872 -0.0544053   0.87952006]
 [-0.28298196 -0.16372514  1.1201323 ]
 [-0.35933203 -0.10107309  1.3227335 ]
 [-0.0393299   0.19740584  0.82620496]
 [-0.28343186  0.3608333   0.86938024]
 [-0.5170237   0.3811258   0.8609917 ]]
[[ 0.          0.          0.29341713]
 [ 0.06417034  0.08857566  0.2845734 ]
 [-0.15801576  0.2629526   0.36236018]
 [-0.35525006  0.24572757  0.        ]
 [-0.42588973  0.31348407  0.05788481]
 [-0.0644367  -0.08845708  0.3024234 ]
 [-0.34001195  0.06106234  0.46042868]
 [-0.5447496   0.09518253  0.14101791]
 [-0.6433213   0.17930087  0.15811433]
 [-0.0654768   0.04897629  0.5051335 ]
 [-0.13472489  0.09791344  0.74287885]
 [-0.2501477   0.13592008  0.8039    ]
 [-0.20548663  0.13100928  0.9089483 ]
 [-0.16171737 -0.02804634  0.7296549 ]
 [-0.42844337 -0.09977496  0.8846898 ]
 [-0.56389886 -0.00387102  1.0453678 ]
 [-0.10207736  0.21018475  0.68252814]
 [-0.33237574  0.38846493  0.6919328 ]
 [-0.5567471   0.4089864   0.655323  ]]
[[ 0.          0.          0.22074252]
 [ 0.05068174  0.0850293   0.21187726]
 [-0.17352226  0.26368645  0.30752438]
 [-0.43680266  0.24337879  0.        ]
 [-0.5022212   0.2962486   0.05795729]
 [-0.05102221 -0.0849442   0.22981852]
 [-0.33527893  0.05166523  0.38951457]
 [-0.5836326   0.10496673  0.14024206]
 [-0.6780238   0.16422501  0.18301305]
 [-0.09374559  0.04341607  0.42296046]
 [-0.19606969  0.09475148  0.6464745 ]
 [-0.31623375  0.13615677  0.6860307 ]
 [-0.2881446   0.13394463  0.78989   ]
 [-0.2231319  -0.02172732  0.6332227 ]
 [-0.5117738  -0.06312391  0.7191237 ]
 [-0.671576    0.05031186  0.83574206]
 [-0.15395634  0.20009518  0.5945955 ]
 [-0.3596998   0.39216152  0.5757829 ]
 [-0.5814431   0.3924932   0.5298892 ]]
[[ 0.          0.          0.19788256]
 [ 0.03674283  0.08179832  0.1923033 ]
 [-0.20663953  0.21075907  0.27788725]
 [-0.49971408  0.1880782   0.        ]
 [-0.5602234   0.22657028  0.04953882]
 [-0.03714886 -0.08178738  0.2036882 ]
 [-0.34457624  0.00357091  0.3448878 ]
 [-0.62232316  0.03536467  0.13740262]
 [-0.7068789   0.07349143  0.19832368]
 [-0.1109958   0.04466683  0.39363253]
 [-0.2365796   0.09601709  0.6045481 ]
 [-0.35532558  0.13830894  0.6259789 ]
 [-0.3417112   0.13900548  0.7275797 ]
 [-0.26200533 -0.01262632  0.590039  ]
 [-0.5480885  -0.02897689  0.6221632 ]
 [-0.712171    0.09265077  0.700197  ]
 [-0.1891903   0.19681004  0.5634664 ]
 [-0.36978406  0.38950783  0.5198432 ]
 [-0.5942799   0.3545906   0.47063223]]
[[ 0.          0.          0.18657942]
 [ 0.03140815  0.08362165  0.18222487]
 [-0.21687013  0.20968461  0.26887432]
 [-0.51305765  0.19266346  0.        ]
 [-0.5729555   0.2255819   0.04500543]
 [-0.03183512 -0.0836252   0.19116978]
 [-0.34491426 -0.00492258  0.32671776]
 [-0.6242682   0.04148039  0.1409546 ]
 [-0.7076653   0.07219305  0.21120389]
 [-0.11973299  0.04468906  0.37866652]
 [-0.25819054  0.0932461   0.5819285 ]
 [-0.37752706  0.13881129  0.5941856 ]
 [-0.36778784  0.14025158  0.69516826]
 [-0.2816605  -0.01444912  0.56530416]
 [-0.5659331  -0.01988235  0.5740207 ]
 [-0.7307619   0.10612518  0.6335606 ]
 [-0.2087096   0.19397807  0.54676   ]
 [-0.37462986  0.38594517  0.48967874]
 [-0.59954035  0.3414291   0.44054824]]
[[ 0.          0.          0.18087788]
 [ 0.03058947  0.08484304  0.17860349]
 [-0.21963364  0.21662633  0.26649916]
 [-0.5127044   0.20633167  0.        ]
 [-0.5744034   0.23987935  0.03901692]
 [-0.03102466 -0.08484387  0.1833657 ]
 [-0.3459135  -0.00901532  0.32136655]
 [-0.62759894  0.04178746  0.13645135]
 [-0.70769334  0.06777558  0.20793739]
 [-0.12363617  0.04561214  0.37153578]
 [-0.26786268  0.09371203  0.570689  ]
 [-0.38546848  0.14193091  0.5790951 ]
 [-0.3785681   0.14359277  0.6802748 ]
 [-0.29212505 -0.01308104  0.5531501 ]
 [-0.57178414 -0.01167566  0.5531342 ]
 [-0.73183745  0.11734405  0.60364866]
 [-0.21572518  0.194208    0.53984773]
 [-0.3718015   0.38615572  0.48084807]
 [-0.59174526  0.33368218  0.43191367]]
[[ 0.          0.          0.17166214]
 [ 0.03074454  0.08792771  0.17184594]
 [-0.22911012  0.23108178  0.26293004]
 [-0.5135873   0.22985636  0.        ]
 [-0.5809367   0.2657344   0.03665459]
 [-0.03116876 -0.08791672  0.17167011]
 [-0.352893   -0.01160793  0.31134886]
 [-0.63029945  0.04848086  0.12692274]
 [-0.7119293   0.07102287  0.1965543 ]
 [-0.12917608  0.04657803  0.35887814]
 [-0.28070903  0.09271172  0.5530176 ]
 [-0.40002     0.1397152   0.5601323 ]
 [-0.39344066  0.14114887  0.6605971 ]
 [-0.30343872 -0.01726106  0.53383756]
 [-0.58361375 -0.01493388  0.52808785]
 [-0.7407891   0.11750555  0.5715812 ]
 [-0.22716594  0.19575429  0.52603304]
 [-0.37062836  0.3893275   0.4677127 ]
 [-0.58666784  0.3321382   0.41919324]]
[[ 0.          0.          0.17218235]
 [ 0.03433455  0.09385094  0.17332077]
 [-0.23951888  0.26276204  0.26655897]
 [-0.50407135  0.27794975  0.        ]
 [-0.57994515  0.32054973  0.0384156 ]
 [-0.03476149 -0.09381001  0.17120871]
 [-0.35757807 -0.00628108  0.3051785 ]
 [-0.6163212   0.07520719  0.10272284]
 [-0.7087158   0.09743873  0.16720918]
 [-0.1348088   0.04485117  0.35612935]
 [-0.29452634  0.08977517  0.5465256 ]
 [-0.41929486  0.13829818  0.5521703 ]
 [-0.40821773  0.13692755  0.65337944]
 [-0.3145578  -0.02566594  0.52472126]
 [-0.5965165  -0.02201855  0.5125505 ]
 [-0.7483569   0.11787719  0.55303836]
 [-0.23855275  0.19529408  0.5241053 ]
 [-0.36677927  0.38503563  0.46594444]
 [-0.5774604   0.31328252  0.41849115]]
[[ 0.          0.          0.16366178]
 [ 0.03730435  0.09972689  0.16714738]
 [-0.24899244  0.29558945  0.25679508]
 [-0.48053372  0.34175462  0.        ]
 [-0.5668054   0.39309955  0.02692419]
 [-0.03772516 -0.09963075  0.1603184 ]
 [-0.36644372  0.00517836  0.2935698 ]
 [-0.5944958   0.10487804  0.06909305]
 [-0.69225705  0.12271463  0.11471148]
 [-0.1424317   0.03779228  0.34274006]
 [-0.31024826  0.08215073  0.52836   ]
 [-0.4385047   0.13147718  0.532684  ]
 [-0.42519543  0.13125625  0.632654  ]
 [-0.3302185  -0.03975004  0.5070343 ]
 [-0.611874   -0.03837997  0.49946105]
 [-0.7562696   0.10756707  0.54227203]
 [-0.25035968  0.19058502  0.50878686]
 [-0.36932516  0.37110054  0.45810604]
 [-0.57018375  0.28181404  0.4085303 ]]
[[ 0.          0.          0.1620946 ]
 [ 0.03983724  0.10902418  0.16783962]
 [-0.26507038  0.3157171   0.23905212]
 [-0.46070075  0.3738128   0.        ]
 [-0.5524055   0.4290343   0.02586679]
 [-0.04028507 -0.10890666  0.15650147]
 [-0.37911215 -0.00878123  0.27103633]
 [-0.57034576  0.09720908  0.03874838]
 [-0.67583644  0.11883686  0.07594648]
 [-0.15012762  0.03098799  0.33384413]
 [-0.32636678  0.0715746   0.51348394]
 [-0.45904046  0.1260581   0.5187099 ]
 [-0.4377741   0.12411943  0.61744475]
 [-0.34486163 -0.05694523  0.49204844]
 [-0.62506914 -0.05020368  0.4809814 ]
 [-0.7596991   0.11075279  0.52347857]
 [-0.26367766  0.18576282  0.49830386]
 [-0.368076    0.3491347   0.44488597]
 [-0.55903816  0.25379118  0.38949805]]
[[ 0.          0.          0.15757728]
 [ 0.03876365  0.11758143  0.16511178]
 [-0.286246    0.32480222  0.2159091 ]
 [-0.43793815  0.37439078  0.        ]
 [-0.5294323   0.42620373  0.02501002]
 [-0.03922185 -0.11745474  0.15022138]
 [-0.39182842 -0.03105621  0.25044546]
 [-0.53098553  0.07768495  0.02408803]
 [-0.64058304  0.09765209  0.05239683]
 [-0.1552692   0.02921602  0.3236338 ]
 [-0.3383928   0.06929964  0.49573833]
 [-0.47760674  0.12809068  0.49749207]
 [-0.44628972  0.11964747  0.59325963]
 [-0.3560588  -0.06535682  0.4748594 ]
 [-0.637094   -0.04989395  0.45535508]
 [-0.7673235   0.12321752  0.4971887 ]
 [-0.27278906  0.18903607  0.48470798]
 [-0.364087    0.34769994  0.4176339 ]
 [-0.5541866   0.25185308  0.34669003]]
[[ 0.          0.          0.14620754]
 [ 0.03311898  0.12385757  0.15571928]
 [-0.30691928  0.32652763  0.18948013]
 [-0.4083507   0.33612174  0.        ]
 [-0.4920807   0.37599468  0.02492204]
 [-0.033594   -0.12374219  0.13691205]
 [-0.40157178 -0.05764892  0.2312276 ]
 [-0.48641592  0.04252791  0.03158334]
 [-0.5905846   0.05726159  0.05970624]
 [-0.16477107  0.02641086  0.30457503]
 [-0.35744107  0.06690344  0.4698057 ]
 [-0.50238276  0.1275458   0.4707199 ]
 [-0.45533496  0.11178809  0.5607713 ]
 [-0.3726955  -0.07314906  0.45082137]
 [-0.65937376 -0.04442388  0.41228795]
 [-0.7858725   0.13851577  0.4505431 ]
 [-0.2930069   0.19359183  0.4602596 ]
 [-0.38074958  0.35297176  0.36656302]
 [-0.58418244  0.25346696  0.26559883]]
[[ 0.          0.          0.13800755]
 [ 0.02519418  0.12651007  0.14617123]
 [-0.330868    0.302446    0.14714532]
 [-0.35809767  0.25733793  0.        ]
 [-0.4307549   0.27127573  0.02017491]
 [-0.02571737 -0.12641224  0.13009487]
 [-0.39821172 -0.08094232  0.19517577]
 [-0.42790985 -0.01861753  0.02119848]
 [-0.5219856  -0.01491123  0.03161708]
 [-0.17650041  0.02381855  0.2865696 ]
 [-0.37950256  0.06499332  0.44167817]
 [-0.52405     0.12863186  0.44510767]
 [-0.46772265  0.10327989  0.5303505 ]
 [-0.39400682 -0.07829081  0.42185208]
 [-0.6760744  -0.04357411  0.35068345]
 [-0.8061076   0.14760466  0.3661729 ]
 [-0.3178879   0.20014313  0.43225953]
 [-0.39455342  0.37025648  0.30377275]
 [-0.60231405  0.29126948  0.17297034]]
[[ 0.          0.          0.11663101]
 [ 0.01828323  0.13085458  0.12136962]
 [-0.35157436  0.28646052  0.08559635]
 [-0.28532627  0.17562759  0.        ]
 [-0.3310455   0.15978935  0.02066595]
 [-0.01878569 -0.130782    0.11224961]
 [-0.39534533 -0.12395785  0.13792905]
 [-0.3455462  -0.06947781  0.01574298]
 [-0.4176315  -0.08718282  0.0241133 ]
 [-0.19311549  0.02610569  0.24379349]
 [-0.4129802   0.06707832  0.37813264]
 [-0.5595031   0.13064     0.378559  ]
 [-0.49366993  0.09636456  0.45814288]
 [-0.42215905 -0.07957169  0.36063024]
 [-0.70260227 -0.03634456  0.24822983]
 [-0.8277149   0.17042404  0.23783967]
 [-0.35612285  0.20919086  0.3659093 ]
 [-0.43772912  0.38268748  0.19764182]
 [-0.64627004  0.32714215  0.03667637]]
[[ 0.          0.          0.16208711]
 [ 0.01064482  0.12573807  0.15931691]
 [-0.36155975  0.26138324  0.05675761]
 [-0.18839216  0.14303836  0.03073208]
 [-0.19548976  0.09424435  0.01237518]
 [-0.01113688 -0.12565643  0.16517878]
 [-0.38703978 -0.1394936   0.13274688]
 [-0.28066117 -0.08127436  0.05856787]
 [-0.3061437  -0.11560261  0.02777249]
 [-0.20507863  0.04289241  0.26240915]
 [-0.43922746  0.08732551  0.3673383 ]
 [-0.5801187   0.15369453  0.360485  ]
 [-0.5131602   0.10939372  0.43853527]
 [-0.45285958 -0.05744109  0.34983957]
 [-0.7065705  -0.01485369  0.20104413]
 [-0.82823586  0.19505718  0.17778745]
 [-0.3851009   0.22767812  0.35699457]
 [-0.4772265   0.3825154   0.16703537]
 [-0.6750541   0.33951992  0.        ]]
[[ 0.          0.          0.2609863 ]
 [ 0.01101212  0.11824896  0.24845344]
 [-0.34810075  0.25085625  0.04557835]
 [-0.08979192  0.11962791  0.06516384]
 [-0.07759265  0.06631945  0.02016991]
 [-0.01146198 -0.11812764  0.27377838]
 [-0.39909685 -0.1283237   0.17256314]
 [-0.19442174 -0.03836031  0.12049501]
 [-0.1383543  -0.07694268  0.01802105]
 [-0.21395072  0.06414329  0.31834072]
 [-0.46212357  0.11234266  0.3745122 ]
 [-0.58364797  0.18542278  0.35720602]
 [-0.5231818   0.14092474  0.42832473]
 [-0.4831462  -0.0202575   0.35342866]
 [-0.6961608  -0.00621905  0.17514083]
 [-0.80665183  0.2076534   0.14132649]
 [-0.3983166   0.24666756  0.37636015]
 [-0.487517    0.37916526  0.16852395]
 [-0.6639738   0.33584604  0.        ]]
