[[ 0.00000000e+00  0.00000000e+00  8.28740597e-01]
 [ 1.09485812e-01  6.45801052e-02  8.44696283e-01]
 [-1.19442582e-01  2.28154272e-01  5.25799990e-01]
 [ 3.27067822e-03 -1.61046803e-01  3.84544134e-01]
 [-8.90266150e-03 -1.17825329e-01  2.19281435e-01]
 [-1.09724373e-01 -6.46867231e-02  8.12238932e-01]
 [-6.39751181e-02  1.49366245e-01  4.47442532e-01]
 [ 1.92470431e-01  2.45991349e-02  1.06860638e-01]
 [ 1.11747585e-01  1.62983954e-01  0.00000000e+00]
 [-7.31110424e-02  1.21662408e-01  1.00617385e+00]
 [-1.58095241e-01  2.66345203e-01  1.19807899e+00]
 [-2.69852787e-01  3.25876951e-01  1.20352292e+00]
 [-2.41426587e-01  2.92208433e-01  1.28690326e+00]
 [-2.94709980e-01  2.28037715e-01  1.16490984e+00]
 [-2.86296040e-01  2.40150824e-01  9.08042908e-01]
 [-2.60372996e-01  4.65880066e-01  8.99430752e-01]
 [-1.25481188e-03  2.23391891e-01  1.18408382e+00]
 [ 2.41942734e-01  6.23477399e-02  1.17665231e+00]
 [ 4.44412827e-01 -4.52204943e-02  1.10879135e+00]]
[[ 0.          0.          0.7647345 ]
 [ 0.10323148  0.05763549  0.7879503 ]
 [-0.12174484  0.30895257  0.5856275 ]
 [-0.02207927  0.16140392  0.19128156]
 [-0.08892639  0.26411048  0.05507332]
 [-0.10346228 -0.05786047  0.74067855]
 [ 0.06254393 -0.00999781  0.3960239 ]
 [ 0.26803714 -0.21234506  0.14488757]
 [ 0.25890458 -0.11886549  0.        ]
 [-0.06224336  0.08322945  0.9649224 ]
 [-0.12304255  0.2146905   1.1707058 ]
 [-0.20761767  0.29180354  1.1515062 ]
 [-0.18601847  0.26504868  1.2266415 ]
 [-0.27449185  0.20453727  1.1555586 ]
 [-0.3680868   0.29444134  0.9429549 ]
 [-0.26781967  0.42994052  1.0832562 ]
 [ 0.03029913  0.15080708  1.1660032 ]
 [ 0.2502458   0.00577265  1.2391877 ]
 [ 0.42372024 -0.13265342  1.1742104 ]]
[[ 0.          0.          0.7375497 ]
 [ 0.10133787  0.04842576  0.75533843]
 [-0.09144318  0.30073246  0.53489697]
 [-0.03311557  0.27445576  0.10338843]
 [-0.11898936  0.383452    0.        ]
 [-0.10157976 -0.0486446   0.7189211 ]
 [ 0.11264705 -0.02248055  0.38530368]
 [ 0.34469068 -0.2641446   0.23878008]
 [ 0.4058872  -0.20374542  0.0874458 ]
 [-0.04982114  0.06280002  0.94218695]
 [-0.0943777   0.18726501  1.1473925 ]
 [-0.17299354  0.26815242  1.1216052 ]
 [-0.15640536  0.23390317  1.1894861 ]
 [-0.25017905  0.1759794   1.1470354 ]
 [-0.3833921   0.28451082  0.970407  ]
 [-0.24351782  0.40828148  1.0853177 ]
 [ 0.05666422  0.12853959  1.1402843 ]
 [ 0.2694562   0.00608736  1.221758  ]
 [ 0.42589074 -0.14861852  1.1350136 ]]
[[ 0.          0.          0.7516654 ]
 [ 0.09898296  0.03634575  0.7686981 ]
 [-0.00150546  0.32158667  0.47658807]
 [ 0.03527578  0.36417183  0.05300218]
 [-0.02709319  0.4935611   0.        ]
 [-0.09927574 -0.036493    0.7339652 ]
 [ 0.09327446  0.03443897  0.3709296 ]
 [ 0.37553883 -0.24588603  0.44383448]
 [ 0.53879964 -0.20227787  0.37372833]
 [-0.02106351  0.06527351  0.9450916 ]
 [-0.04374951  0.1940285   1.1347255 ]
 [-0.12222046  0.26469612  1.1046801 ]
 [-0.10781659  0.23245513  1.1707277 ]
 [-0.19654006  0.17110282  1.1451497 ]
 [-0.32458818  0.1340417   0.9873941 ]
 [-0.26062512  0.32503608  0.9140971 ]
 [ 0.10819553  0.154589    1.1123444 ]
 [ 0.3262903   0.03635329  1.1156533 ]
 [ 0.407011   -0.0271374   0.9299426 ]]
[[ 0.          0.          0.80014473]
 [ 0.10442686  0.03668079  0.8204333 ]
 [ 0.04752894  0.30791882  0.4766346 ]
 [ 0.11196484  0.32134688  0.05919832]
 [ 0.05252986  0.45535436  0.        ]
 [-0.10466519 -0.03672924  0.77933455]
 [ 0.00882964  0.07481402  0.40174368]
 [ 0.27800387 -0.26000422  0.5440629 ]
 [ 0.47393143 -0.21900484  0.50401545]
 [-0.01151175  0.09311853  0.9854576 ]
 [-0.03442638  0.240085    1.1667154 ]
 [-0.11780727  0.30132002  1.1483473 ]
 [-0.10241109  0.26541188  1.2169943 ]
 [-0.18541384  0.2034719   1.1706488 ]
 [-0.28884736  0.10315078  0.9828208 ]
 [-0.23671645  0.2752682   0.82577413]
 [ 0.12045608  0.20940763  1.1382363 ]
 [ 0.29317838  0.12637976  1.0384521 ]
 [ 0.3041231   0.13364333  0.8057738 ]]
[[ 0.          0.          0.80260444]
 [ 0.10993052  0.04337518  0.8201594 ]
 [ 0.10641828  0.3056117   0.46482787]
 [ 0.22460571  0.27334946  0.07007957]
 [ 0.15526487  0.3986213   0.        ]
 [-0.11010712 -0.0433257   0.78466094]
 [-0.08128665  0.10454163  0.40695333]
 [ 0.18761307 -0.24805671  0.5743187 ]
 [ 0.37244326 -0.2225376   0.52527446]
 [-0.01252199  0.1128172   0.9873524 ]
 [-0.04365678  0.27240974  1.172247  ]
 [-0.13516024  0.32903504  1.1773963 ]
 [-0.12434134  0.28382888  1.2375166 ]
 [-0.19775173  0.22701383  1.1741924 ]
 [-0.27372715  0.05787304  0.98607194]
 [-0.20849675  0.17129463  0.8321857 ]
 [ 0.12519546  0.25570792  1.1373667 ]
 [ 0.20951614  0.2570395   0.9323077 ]
 [ 0.14364862  0.25973433  0.7318266 ]]
[[ 0.          0.          0.7388159 ]
 [ 0.11402685  0.05202987  0.7613198 ]
 [ 0.247834    0.28065923  0.4001857 ]
 [ 0.44639575  0.18394792  0.10649538]
 [ 0.38053438  0.29098022  0.        ]
 [-0.11422361 -0.05182673  0.71590054]
 [-0.18555641  0.1606371   0.42695442]
 [ 0.01680145 -0.2326056   0.4037596 ]
 [ 0.08827791 -0.21515912  0.2376641 ]
 [-0.02309865  0.12345281  0.9162195 ]
 [-0.06281516  0.28222206  1.1062957 ]
 [-0.16530597  0.33193862  1.1318083 ]
 [-0.15536466  0.26753438  1.1874932 ]
 [-0.21046332  0.23516259  1.1056399 ]
 [-0.16061735  0.05465728  0.972258  ]
 [-0.06915002  0.0938251   0.8733746 ]
 [ 0.10666433  0.28427368  1.0704482 ]
 [ 0.04091184  0.38463342  0.8038683 ]
 [-0.15043095  0.3654441   0.8396255 ]]
[[ 0.          0.          0.694089  ]
 [ 0.10853454  0.05674601  0.7112164 ]
 [ 0.3468897   0.21454528  0.39925382]
 [ 0.59465253  0.03322965  0.14991987]
 [ 0.5797172   0.09330374  0.00526541]
 [-0.10867406 -0.05651352  0.676952  ]
 [-0.1963276   0.28615984  0.50407827]
 [-0.10217969  0.05104929  0.15020674]
 [-0.14177507  0.14002228  0.        ]
 [-0.04459588  0.07161388  0.8946831 ]
 [-0.10951966  0.17717141  1.1087327 ]
 [-0.2423405   0.21717858  1.0982908 ]
 [-0.20787251  0.18723676  1.1603079 ]
 [-0.21027009  0.08061355  1.1224476 ]
 [-0.24500754 -0.15070346  1.2644069 ]
 [-0.1989012  -0.22808883  1.2614021 ]
 [ 0.0270129   0.2315374   1.0708965 ]
 [-0.07741776  0.3746742   0.8479171 ]
 [-0.20643216  0.34574705  1.0532548 ]]
[[ 0.          0.          0.6965851 ]
 [ 0.10753772  0.05247978  0.71258956]
 [ 0.32459688  0.18574226  0.3970461 ]
 [ 0.54424536 -0.11144805  0.2833202 ]
 [ 0.5580229  -0.08852082  0.13689739]
 [-0.10761532 -0.05227417  0.680824  ]
 [-0.20036563  0.3285058   0.51799893]
 [-0.15390441  0.24146736  0.09192735]
 [-0.20609736  0.36995196  0.        ]
 [-0.05429016  0.05406073  0.90380657]
 [-0.12730652  0.13750058  1.1234221 ]
 [-0.2778749   0.17132446  1.1143053 ]
 [-0.22778434  0.13538414  1.1754017 ]
 [-0.21827126  0.0387775   1.1340567 ]
 [-0.26419306 -0.18557057  1.2764254 ]
 [-0.19902648 -0.25806084  1.2035775 ]
 [ 0.00281192  0.19826066  1.0936382 ]
 [-0.06215459  0.34274685  0.8724426 ]
 [-0.1798715   0.3557552   1.069026  ]]
[[ 0.          0.          0.6625154 ]
 [ 0.10493191  0.04111188  0.6745533 ]
 [ 0.22789323  0.11512071  0.3085925 ]
 [ 0.349545   -0.25817412  0.37597883]
 [ 0.41473716 -0.25632423  0.29914114]
 [-0.10497862 -0.0409434   0.65090346]
 [-0.1793884   0.34681463  0.45038056]
 [-0.1504277   0.42426538  0.03228021]
 [-0.2145471   0.5783524   0.        ]
 [-0.05764484  0.06089631  0.8605244 ]
 [-0.13214329  0.13968655  1.0706496 ]
 [-0.26673895  0.17422199  1.059997  ]
 [-0.2077592   0.14112985  1.1212479 ]
 [-0.22474498  0.05687517  1.0730603 ]
 [-0.23962733 -0.12120503  1.1099025 ]
 [-0.17120472 -0.10396975  0.81530714]
 [-0.00623412  0.18089122  1.0450573 ]
 [ 0.04131502  0.2685589   0.7980919 ]
 [-0.08993849  0.3697394   0.8777791 ]]
[[ 0.0000000e+00  0.0000000e+00  7.3093313e-01]
 [ 1.1286223e-01  4.8037693e-02  7.3981535e-01]
 [ 1.4485231e-01  1.3326237e-01  3.4163764e-01]
 [ 2.1290123e-01 -3.0071828e-01  5.1968324e-01]
 [ 2.5366157e-01 -3.2305217e-01  4.8534945e-01]
 [-1.1289216e-01 -4.7982179e-02  7.2242785e-01]
 [-1.5079117e-01  3.3377737e-01  4.6237716e-01]
 [-8.8068694e-02  3.8353297e-01  3.6157012e-02]
 [-1.4756140e-01  5.5668044e-01  0.0000000e+00]
 [-5.7436958e-02  8.2715705e-02  9.1930366e-01]
 [-1.3945293e-01  1.7731091e-01  1.1229913e+00]
 [-2.6908404e-01  2.1072453e-01  1.1264833e+00]
 [-2.3838589e-01  1.6926330e-01  1.1990151e+00]
 [-2.3933616e-01  8.9855075e-02  1.0974125e+00]
 [-2.4934134e-01 -1.0008346e-01  9.2800194e-01]
 [-2.6853800e-01 -8.5372664e-02  6.8164432e-01]
 [ 1.1285469e-03  2.0519060e-01  1.0990407e+00]
 [ 1.3452779e-01  2.1824604e-01  8.5384858e-01]
 [ 1.1559334e-01  3.5980242e-01  7.2897923e-01]]
[[ 0.          0.          0.73970735]
 [ 0.10918169  0.05125912  0.74749506]
 [ 0.08800891  0.14641416  0.3459635 ]
 [ 0.160438   -0.31420237  0.52913094]
 [ 0.18564141 -0.33871818  0.4640831 ]
 [-0.10920846 -0.05125079  0.7322383 ]
 [-0.12136728  0.3051055   0.45605442]
 [-0.01748648  0.3380028   0.04443038]
 [-0.09055004  0.5000937   0.        ]
 [-0.06091117  0.06836988  0.9341971 ]
 [-0.14566225  0.14266628  1.1495117 ]
 [-0.26945114  0.17339024  1.1695726 ]
 [-0.2441628   0.12839445  1.2386584 ]
 [-0.25107455  0.06008524  1.1186132 ]
 [-0.25567222 -0.11236547  0.91052175]
 [-0.29360074 -0.04846366  0.69950044]
 [-0.00386225  0.16722235  1.1184416 ]
 [ 0.15437463  0.17414352  0.891694  ]
 [ 0.20246008  0.32477182  0.73308   ]]
[[ 0.          0.          0.76759106]
 [ 0.1111319   0.05855025  0.784255  ]
 [-0.07146356  0.31566864  0.505044  ]
 [ 0.08255204 -0.04261068  0.39804378]
 [ 0.07257998  0.02007574  0.20621413]
 [-0.11132565 -0.05866528  0.7503457 ]
 [-0.01386671  0.14373976  0.42227533]
 [ 0.21987718  0.01049852  0.10371572]
 [ 0.15785718  0.1472072   0.        ]
 [-0.05805007  0.07764693  0.96955085]
 [-0.12620166  0.17219675  1.189704  ]
 [-0.23299363  0.22784865  1.2142045 ]
 [-0.2092956   0.17357725  1.278501  ]
 [-0.2728951   0.14356554  1.1572412 ]
 [-0.318312    0.13916631  0.9115945 ]
 [-0.27089262  0.3454294   0.9667772 ]
 [ 0.03300679  0.14027908  1.1726995 ]
 [ 0.28768152  0.04412553  1.1157073 ]
 [ 0.47723445  0.00668985  1.0014296 ]]
[[ 0.          0.          0.707781  ]
 [ 0.10283799  0.05116399  0.7264314 ]
 [-0.09377018  0.34507567  0.53341794]
 [-0.00474655  0.2289286   0.13639295]
 [-0.08245452  0.3389364   0.00700241]
 [-0.10303737 -0.05138513  0.6882903 ]
 [ 0.12130219  0.00124705  0.37240642]
 [ 0.3294618  -0.21400869  0.16188484]
 [ 0.35538173 -0.12870377  0.        ]
 [-0.04302655  0.04574916  0.9223382 ]
 [-0.08635665  0.13837653  1.151249  ]
 [-0.16177213  0.21598202  1.1492205 ]
 [-0.1473152   0.17205888  1.2218065 ]
 [-0.24213636  0.1308153   1.1326365 ]
 [-0.36747652  0.19761005  0.95236003]
 [-0.2661276   0.29750717  1.1123679 ]
 [ 0.06910388  0.08376336  1.1386441 ]
 [ 0.31176287 -0.02770939  1.1889195 ]
 [ 0.4940659  -0.14270252  1.0950333 ]]
[[ 0.          0.          0.71345055]
 [ 0.10042081  0.04469618  0.7316748 ]
 [-0.06567466  0.3440399   0.50046676]
 [-0.05155039  0.38093248  0.0768193 ]
 [-0.14803931  0.5118704   0.        ]
 [-0.1006728  -0.04484232  0.69441044]
 [ 0.12658077  0.02561322  0.36541262]
 [ 0.40660697 -0.20757475  0.33136204]
 [ 0.51145303 -0.15410537  0.18838757]
 [-0.03529714  0.03585331  0.92409855]
 [-0.06813781  0.12802255  1.1478441 ]
 [-0.13764086  0.2040225   1.1460447 ]
 [-0.12813893  0.14560884  1.2167783 ]
 [-0.2220715   0.11405787  1.136695  ]
 [-0.37043864  0.17615163  0.9715782 ]
 [-0.24492773  0.2938968   1.0926399 ]
 [ 0.08512264  0.08715022  1.1285825 ]
 [ 0.30975935  0.00314993  1.1761158 ]
 [ 0.46875745 -0.11601636  1.0653685 ]]
[[ 0.          0.          0.70234287]
 [ 0.09751269  0.04198305  0.71827847]
 [-0.01018196  0.36834627  0.44567412]
 [-0.0357237   0.460881    0.03884763]
 [-0.10992944  0.60744435  0.        ]
 [-0.09784216 -0.04208553  0.68577224]
 [ 0.06351116  0.05579421  0.3272433 ]
 [ 0.36734515 -0.1615868   0.47292095]
 [ 0.5374074  -0.1161809   0.41824776]
 [-0.02724927  0.04366729  0.9014373 ]
 [-0.06009045  0.13709241  1.1115558 ]
 [-0.13528064  0.19741482  1.1214402 ]
 [-0.11991149  0.14059693  1.1861347 ]
 [-0.20971516  0.11335045  1.1022127 ]
 [-0.33781034  0.09906122  0.91364455]
 [-0.2668904   0.2923332   0.8884901 ]
 [ 0.09553176  0.11542106  1.0839709 ]
 [ 0.31754968  0.04469499  1.0553818 ]
 [ 0.40523496 -0.00370526  0.8857617 ]]
[[ 0.          0.          0.75351155]
 [ 0.098188    0.04293318  0.7676777 ]
 [ 0.02940559  0.33620095  0.4457157 ]
 [ 0.02379656  0.40698844  0.04420698]
 [-0.04269889  0.5495295   0.        ]
 [-0.09846173 -0.04298701  0.73883   ]
 [-0.00410494  0.09013242  0.3738169 ]
 [ 0.28213254 -0.17016785  0.5634773 ]
 [ 0.4756635  -0.12179148  0.5431476 ]
 [-0.01548868  0.07249136  0.9460422 ]
 [-0.04429673  0.18218625  1.1501801 ]
 [-0.1315918   0.22992694  1.1712534 ]
 [-0.10859664  0.17387372  1.2375104 ]
 [-0.19390899  0.14437488  1.1417794 ]
 [-0.30871084  0.04860169  0.9389858 ]
 [-0.26518255  0.22350706  0.8012003 ]
 [ 0.11338471  0.16750619  1.112493  ]
 [ 0.2993091   0.12735529  1.0171092 ]
 [ 0.31423604  0.12717065  0.81177926]]
[[ 0.          0.          0.7791055 ]
 [ 0.10774867  0.05283318  0.7911604 ]
 [ 0.103387    0.3389506   0.45367914]
 [ 0.16868566  0.34235135  0.06110936]
 [ 0.08755118  0.48213187  0.        ]
 [-0.10797147 -0.05277533  0.7666844 ]
 [-0.11271572  0.11919743  0.41609603]
 [ 0.1915544  -0.17744811  0.5925937 ]
 [ 0.3585684  -0.13080837  0.5483164 ]
 [-0.00982029  0.08959126  0.970977  ]
 [-0.03376837  0.21212798  1.1788678 ]
 [-0.13112155  0.25721186  1.2207692 ]
 [-0.10643914  0.19601059  1.2846646 ]
 [-0.18550052  0.16068614  1.1732497 ]
 [-0.28150505  0.01329073  0.9671597 ]
 [-0.21869108  0.15863028  0.7853453 ]
 [ 0.12942867  0.214382    1.1269506 ]
 [ 0.2226898   0.25709376  0.92631745]
 [ 0.15650761  0.31274468  0.7488861 ]]
[[ 0.          0.          0.7334087 ]
 [ 0.11603169  0.04732924  0.749409  ]
 [ 0.23546824  0.3171189   0.40658367]
 [ 0.39132518  0.22203642  0.09935772]
 [ 0.32172233  0.3408599   0.        ]
 [-0.11624913 -0.04701852  0.71707064]
 [-0.20515022  0.24946237  0.5195726 ]
 [-0.02936555 -0.10761043  0.36997393]
 [ 0.0015891  -0.05763799  0.20462096]
 [-0.0150723   0.11547545  0.91341174]
 [-0.04678163  0.24291295  1.1174986 ]
 [-0.15837556  0.2820345   1.1792586 ]
 [-0.12810794  0.20612547  1.2341802 ]
 [-0.19444239  0.18763325  1.1134107 ]
 [-0.14165562 -0.02167287  0.9817058 ]
 [-0.04785831  0.01938727  0.84809434]
 [ 0.11642917  0.25610787  1.0704448 ]
 [ 0.06157201  0.38054225  0.8396307 ]
 [-0.10336432  0.39079505  0.8473166 ]]
[[ 0.          0.          0.7077843 ]
 [ 0.11314787  0.05631392  0.7178822 ]
 [ 0.31525674  0.28035086  0.40011743]
 [ 0.5405166   0.11909902  0.14516395]
 [ 0.50341314  0.19407356  0.        ]
 [-0.11330555 -0.05589446  0.6975213 ]
 [-0.22153124  0.2570579   0.57548714]
 [-0.1660034   0.05433097  0.1835283 ]
 [-0.2121852   0.15152586  0.05256975]
 [-0.02369685  0.09658639  0.8982357 ]
 [-0.06496203  0.19647071  1.1158104 ]
 [-0.16589215  0.23875308  1.1681136 ]
 [-0.13737878  0.16661704  1.2197593 ]
 [-0.19001797  0.13368443  1.116013  ]
 [-0.02274002 -0.09053737  1.1750076 ]
 [-0.0023759  -0.16844432  0.987535  ]
 [ 0.08701819  0.23626202  1.0663838 ]
 [-0.04520592  0.37116492  0.87273747]
 [-0.17640966  0.30575913  1.0274527 ]]
[[ 0.          0.          0.62626857]
 [ 0.10322058  0.05826048  0.63623816]
 [ 0.3116122   0.21918283  0.32660747]
 [ 0.5746312  -0.04460126  0.20057905]
 [ 0.5734154  -0.01219529  0.03407282]
 [-0.1033721  -0.05797016  0.61654747]
 [-0.22551763  0.2878034   0.49718672]
 [-0.2747169   0.30972123  0.05813187]
 [-0.33000186  0.42342374  0.        ]
 [-0.03186344  0.04502848  0.8362637 ]
 [-0.07845122  0.10051519  1.0698808 ]
 [-0.24148151  0.13198155  1.1051677 ]
 [-0.16254276  0.07515562  1.162941  ]
 [-0.16539803  0.00126147  1.0707566 ]
 [-0.08508257 -0.2340472   1.1113881 ]
 [-0.15535587 -0.29773268  1.1182256 ]
 [ 0.04101263  0.17971033  1.0248263 ]
 [-0.06782283  0.3362162   0.8432144 ]
 [-0.14539802  0.29897752  1.0419416 ]]
[[ 0.0000000e+00  0.0000000e+00  6.1486083e-01]
 [ 1.1061907e-01  4.4153206e-02  6.2166643e-01]
 [ 2.3402292e-01  1.6764790e-01  2.5558168e-01]
 [ 4.2151165e-01 -2.1735376e-01  3.1997025e-01]
 [ 5.1212978e-01 -2.1022817e-01  2.3509791e-01]
 [-1.1065903e-01 -4.4005103e-02  6.0848671e-01]
 [-2.0315763e-01  3.5272878e-01  4.2041862e-01]
 [-2.6471728e-01  4.9414527e-01  1.2787640e-02]
 [-3.3085597e-01  6.4291579e-01  0.0000000e+00]
 [-5.8957025e-02  4.1388541e-02  8.1470895e-01]
 [-1.3736667e-01  8.3574533e-02  1.0419885e+00]
 [-2.6853722e-01  1.1616808e-01  1.0882175e+00]
 [-2.2230434e-01  5.9909999e-02  1.1510612e+00]
 [-2.3896416e-01  7.5137019e-03  1.0117942e+00]
 [-1.5708980e-01 -1.4989354e-01  8.4320515e-01]
 [-1.5824938e-01 -1.8373568e-01  6.6441780e-01]
 [-6.8364292e-04  1.3662070e-01  1.0090519e+00]
 [ 3.8392521e-02  2.5395906e-01  7.8029788e-01]
 [-5.1158249e-02  4.1754234e-01  8.8062608e-01]]
[[ 0.          0.          0.649519  ]
 [ 0.11325054  0.04287643  0.65557593]
 [ 0.16617277  0.16294463  0.27252   ]
 [ 0.32531828 -0.24398257  0.41046613]
 [ 0.41035652 -0.24856195  0.35289782]
 [-0.11327638 -0.04276008  0.64384604]
 [-0.17485482  0.3521177   0.42678297]
 [-0.18953821  0.48791438  0.01636434]
 [-0.25339887  0.66078967  0.        ]
 [-0.05198881  0.06136058  0.8439169 ]
 [-0.12854542  0.12020159  1.0667307 ]
 [-0.2538023   0.15456408  1.1197662 ]
 [-0.21594952  0.0934695   1.1797433 ]
 [-0.2364001   0.04555929  1.0344635 ]
 [-0.16608177 -0.12074266  0.84327775]
 [-0.19054642 -0.14789537  0.63929427]
 [ 0.01268779  0.15306792  1.0323001 ]
 [ 0.11249481  0.20849325  0.78547007]
 [ 0.07289097  0.4108237   0.7473987 ]]
[[ 0.          0.          0.7113217 ]
 [ 0.11105667  0.05021302  0.7179619 ]
 [ 0.09754145  0.1885506   0.33173937]
 [ 0.23165834 -0.26190376  0.4881657 ]
 [ 0.29398835 -0.27308357  0.40043768]
 [-0.11112221 -0.05010601  0.70497453]
 [-0.13216123  0.33637223  0.4571759 ]
 [-0.10295708  0.4177964   0.0413596 ]
 [-0.164352    0.5877668   0.        ]
 [-0.0528121   0.05706781  0.9054468 ]
 [-0.12767076  0.11158094  1.1316152 ]
 [-0.24946871  0.14148328  1.1906326 ]
 [-0.21307491  0.07915503  1.2486371 ]
 [-0.24213436  0.03730538  1.0963933 ]
 [-0.20571202 -0.12302151  0.8848025 ]
 [-0.23535734 -0.07761464  0.67236185]
 [ 0.01533818  0.13655701  1.0914389 ]
 [ 0.14566255  0.15389386  0.85030186]
 [ 0.15993577  0.32768542  0.7084979 ]]
[[ 0.          0.          0.7561654 ]
 [ 0.10520044  0.06686561  0.7689182 ]
 [-0.05817276  0.2876182   0.45993263]
 [ 0.1356081  -0.10956973  0.45593402]
 [ 0.14913677 -0.07403037  0.2880499 ]
 [-0.10530598 -0.06688274  0.74324644]
 [-0.06382304  0.22387815  0.42676735]
 [ 0.11719319  0.23473772  0.06615174]
 [ 0.03190784  0.40517518  0.        ]
 [-0.0534611   0.05228622  0.952074  ]
 [-0.12620945  0.08736283  1.1871197 ]
 [-0.24244297  0.12605742  1.2627926 ]
 [-0.20261905  0.0544427   1.3186064 ]
 [-0.25868094  0.03048831  1.1423883 ]
 [-0.2975613  -0.05477032  0.9136363 ]
 [-0.31962448  0.1024534   0.83073384]
 [ 0.0216091   0.09212822  1.1473432 ]
 [ 0.24470589  0.05861793  1.0124648 ]
 [ 0.41819102  0.13039881  0.8544759 ]]
[[ 0.          0.          0.69812644]
 [ 0.09710998  0.0623823   0.7199776 ]
 [-0.14337283  0.34887123  0.56234366]
 [-0.03809835  0.17413306  0.19901484]
 [-0.12943526  0.28229126  0.07091731]
 [-0.09728426 -0.06263334  0.6755355 ]
 [ 0.10140925  0.0536533   0.3415515 ]
 [ 0.3503853  -0.06568897  0.12409598]
 [ 0.33837357  0.04242426  0.        ]
 [-0.03928594  0.03003596  0.9138447 ]
 [-0.08514573  0.07122332  1.1630214 ]
 [-0.17215592  0.12764537  1.2139888 ]
 [-0.14277768  0.058676    1.2830648 ]
 [-0.23199522  0.04239985  1.1256495 ]
 [-0.36567062  0.06945184  0.93313044]
 [-0.31067002  0.20256725  1.0906644 ]
 [ 0.06228251  0.05459404  1.1320934 ]
 [ 0.33263755 -0.00504977  1.1457341 ]
 [ 0.5318231  -0.03091478  1.0348297 ]]
[[ 0.          0.          0.6512994 ]
 [ 0.09268691  0.05300287  0.6707252 ]
 [-0.14067703  0.33254498  0.5012071 ]
 [-0.11905208  0.31316724  0.08151895]
 [-0.23634988  0.43725526  0.        ]
 [-0.09292547 -0.05322674  0.63111746]
 [ 0.14902723  0.03574347  0.307719  ]
 [ 0.4238556  -0.11427379  0.18154112]
 [ 0.49354586 -0.03416246  0.06040943]
 [-0.03608547  0.00928831  0.8697729 ]
 [-0.07354586  0.04843608  1.1190126 ]
 [-0.15532348  0.11074862  1.1620669 ]
 [-0.13442782  0.02900696  1.2248449 ]
 [-0.22403443  0.02456126  1.0954137 ]
 [-0.37693775  0.09617501  0.9365202 ]
 [-0.27675468  0.2028774   1.1099148 ]
 [ 0.07593667  0.02784806  1.0869563 ]
 [ 0.33225572 -0.0287537   1.1185892 ]
 [ 0.50120026 -0.09763332  0.9916625 ]]
[[ 0.          0.          0.64038277]
 [ 0.09014412  0.04173232  0.65397596]
 [-0.06917688  0.35281372  0.417951  ]
 [-0.10886624  0.46796972  0.02357978]
 [-0.20173287  0.6064607   0.        ]
 [-0.0904801  -0.04190059  0.62621593]
 [ 0.10890225  0.06629315  0.2760176 ]
 [ 0.4124916  -0.10467309  0.3813121 ]
 [ 0.55693275 -0.05082634  0.3136463 ]
 [-0.02786678  0.00744615  0.85297173]
 [-0.05781622  0.04608408  1.0922389 ]
 [-0.13573405  0.10099727  1.1400769 ]
 [-0.11184066  0.01882458  1.1995409 ]
 [-0.20561433  0.02516168  1.0761774 ]
 [-0.36390096  0.02128881  0.8995156 ]
 [-0.26712608  0.23411357  0.91697127]
 [ 0.09318119  0.03574565  1.0486333 ]
 [ 0.32386023  0.01034012  1.021143  ]
 [ 0.43349272  0.00446612  0.8506615 ]]
[[ 0.          0.          0.6857958 ]
 [ 0.09180781  0.04117411  0.69899243]
 [-0.01605843  0.34499937  0.4177541 ]
 [-0.0374983   0.45465818  0.02469343]
 [-0.11792976  0.59281623  0.        ]
 [-0.09210733 -0.04132349  0.6721223 ]
 [ 0.0423995   0.07909945  0.31144604]
 [ 0.34261012 -0.12747166  0.49633205]
 [ 0.5156345  -0.07378778  0.4812236 ]
 [-0.01372044  0.03360035  0.8925358 ]
 [-0.03677838  0.09092999  1.1227798 ]
 [-0.12093198  0.13373679  1.1800711 ]
 [-0.08941459  0.05598205  1.2390494 ]
 [-0.18148194  0.05892402  1.1090032 ]
 [-0.3203252  -0.02285957  0.92381847]
 [-0.26284754  0.19089743  0.82278365]
 [ 0.11085077  0.08725974  1.0699297 ]
 [ 0.3113114   0.08536845  0.97831625]
 [ 0.35502797  0.13352945  0.7808992 ]]
[[ 0.00000000e+00  0.00000000e+00  7.41893291e-01]
 [ 9.50579047e-02  4.97960597e-02  7.53023326e-01]
 [ 5.91499954e-02  3.45711917e-01  4.41862345e-01]
 [ 1.05366632e-01  3.83557647e-01  5.39628863e-02]
 [ 1.07780248e-02  5.19779563e-01  0.00000000e+00]
 [-9.53101888e-02 -4.98152040e-02  7.30491161e-01]
 [-6.13361895e-02  1.06400907e-01  3.76111865e-01]
 [ 2.25247622e-01 -1.45237505e-01  5.78429818e-01]
 [ 4.04231966e-01 -1.06232882e-01  5.89142621e-01]
 [ 8.42930749e-04  6.27945960e-02  9.42643106e-01]
 [-1.35184452e-02  1.42787278e-01  1.16945255e+00]
 [-1.02244824e-01  1.82487637e-01  1.23991346e+00]
 [-6.82352632e-02  1.12105012e-01  1.29804111e+00]
 [-1.57441467e-01  9.93445218e-02  1.15824735e+00]
 [-2.70126164e-01 -2.25104690e-02  9.45557237e-01]
 [-2.32725888e-01  1.20138787e-01  7.58254051e-01]
 [ 1.37793720e-01  1.50976121e-01  1.10231400e+00]
 [ 2.63391227e-01  2.03685939e-01  9.18929815e-01]
 [ 1.94693089e-01  2.96055198e-01  7.32487917e-01]]
[[ 0.          0.          0.7466302 ]
 [ 0.10972287  0.05331545  0.7594605 ]
 [ 0.1685662   0.350673    0.4293926 ]
 [ 0.3090387   0.26389185  0.07889783]
 [ 0.21226841  0.39861032  0.        ]
 [-0.10991311 -0.05316892  0.73358154]
 [-0.18110624  0.16988903  0.4449501 ]
 [ 0.07098955 -0.16933315  0.5025331 ]
 [ 0.20161346 -0.12558693  0.4593954 ]
 [ 0.00391252  0.0934796   0.9430208 ]
 [-0.00715706  0.19370502  1.1687975 ]
 [-0.1049085   0.23210081  1.2512226 ]
 [-0.06764467  0.15332973  1.3061154 ]
 [-0.15953948  0.1425407   1.1595986 ]
 [-0.21903591 -0.02657202  0.9521072 ]
 [-0.15268934  0.10788867  0.79912186]
 [ 0.14815237  0.21359259  1.0999544 ]
 [ 0.14243299  0.35138592  0.86548746]
 [ 0.00960843  0.43407452  0.8334143 ]]
[[ 0.          0.          0.67933786]
 [ 0.10667044  0.06049087  0.68590724]
 [ 0.28009927  0.27479136  0.3477303 ]
 [ 0.5318574   0.112896    0.1392352 ]
 [ 0.49532557  0.1880396   0.        ]
 [-0.10679319 -0.06023126  0.67276174]
 [-0.23478818  0.28233665  0.5407516 ]
 [-0.1282695  -0.00866601  0.23297003]
 [-0.16208681  0.06512648  0.08172876]
 [-0.01789331  0.07822779  0.8817266 ]
 [-0.04619644  0.14456213  1.1177162 ]
 [-0.15418458  0.17369688  1.1998575 ]
 [-0.0972293   0.09143406  1.2460487 ]
 [-0.18056695  0.06186491  1.1027911 ]
 [-0.1884875  -0.12430015  0.99998176]
 [-0.08144921 -0.09129624  0.8898254 ]
 [ 0.08876557  0.19927311  1.0626702 ]
 [-0.01132804  0.38822347  0.882352  ]
 [-0.15137962  0.30683056  1.0383956 ]]
[[ 0.          0.          0.63546395]
 [ 0.10048231  0.06470827  0.63971287]
 [ 0.30183718  0.2404858   0.3248985 ]
 [ 0.59838676 -0.00872973  0.18775308]
 [ 0.6094998   0.01082081  0.01302075]
 [-0.10058378 -0.0644586   0.6315383 ]
 [-0.25668114  0.26504982  0.5211389 ]
 [-0.26720044  0.19672766  0.09002304]
 [-0.33652878  0.30708778  0.        ]
 [-0.02632561  0.04128237  0.84135425]
 [-0.06803875  0.06071308  1.0857004 ]
 [-0.20330548  0.08699602  1.1663916 ]
 [-0.11519623  0.02003002  1.2153927 ]
 [-0.16127233 -0.03852448  1.0600535 ]
 [-0.09990989 -0.24542563  1.0507967 ]
 [-0.07100634 -0.2892251   1.0203713 ]
 [ 0.04218079  0.14846039  1.0389036 ]
 [-0.0654833   0.3268436   0.8778495 ]
 [-0.12963957  0.27262896  1.0837936 ]]
[[ 0.          0.          0.6048129 ]
 [ 0.10331845  0.05480901  0.61085224]
 [ 0.26550484  0.19266379  0.25527048]
 [ 0.52681845 -0.12127748  0.21238694]
 [ 0.5982849  -0.09822702  0.06445122]
 [-0.10344961 -0.05457865  0.5992421 ]
 [-0.24560195  0.28669047  0.44476157]
 [-0.31877643  0.40714586  0.02370811]
 [-0.39411163  0.5214956   0.        ]
 [-0.0482321   0.02681395  0.81028014]
 [-0.10843922  0.0476532   1.0511333 ]
 [-0.23297068  0.07815051  1.1307364 ]
 [-0.16732424  0.01886111  1.1874528 ]
 [-0.20177853 -0.03468886  1.0105255 ]
 [-0.12361152 -0.17397371  0.8099444 ]
 [-0.11554377 -0.15600616  0.7306948 ]
 [ 0.01027103  0.12208343  1.008811  ]
 [-0.00885445  0.2877449   0.8123349 ]
 [-0.12552392  0.32927644  0.9875015 ]]
[[ 0.0000000e+00  0.0000000e+00  6.2974656e-01]
 [ 1.0652592e-01  4.7315709e-02  6.3666189e-01]
 [ 1.8177193e-01  1.7276952e-01  2.3844934e-01]
 [ 3.7604207e-01 -2.2666532e-01  2.8828728e-01]
 [ 4.6805787e-01 -2.1009040e-01  1.7896906e-01]
 [-1.0668914e-01 -4.7272965e-02  6.2335777e-01]
 [-2.0324823e-01  3.2145804e-01  4.0262699e-01]
 [-2.8179628e-01  4.7783682e-01  9.4586611e-03]
 [-3.6192667e-01  6.1632156e-01  0.0000000e+00]
 [-6.2125280e-02  3.0643627e-02  8.2430649e-01]
 [-1.3260916e-01  6.5697581e-02  1.0565221e+00]
 [-2.4968112e-01  9.3110621e-02  1.1349854e+00]
 [-2.0162758e-01  3.1088412e-02  1.1907394e+00]
 [-2.4657303e-01 -1.4790922e-02  1.0271302e+00]
 [-3.7777251e-01 -1.5892832e-01  9.5393467e-01]
 [-3.9099011e-01 -2.3869663e-02  9.2092890e-01]
 [-3.5629198e-03  1.1193317e-01  1.0112133e+00]
 [ 8.1772909e-02  2.1635981e-01  7.7536333e-01]
 [-1.2817979e-04  3.9942622e-01  7.5318462e-01]]
[[ 0.          0.          0.6877704 ]
 [ 0.10521174  0.05934205  0.69605696]
 [ 0.07713003  0.22423309  0.31490424]
 [ 0.25615114 -0.19467545  0.37496644]
 [ 0.30891836 -0.17572096  0.25576434]
 [-0.10528903 -0.05923369  0.67975146]
 [-0.13762537  0.30484876  0.42557767]
 [-0.13322484  0.42987004  0.02574021]
 [-0.21904546  0.5854096   0.        ]
 [-0.05194927  0.05119371  0.8778858 ]
 [-0.12086655  0.09874028  1.105565  ]
 [-0.24538204  0.12647653  1.1859874 ]
 [-0.1944811   0.06172109  1.2414703 ]
 [-0.22928178  0.01457065  1.0617299 ]
 [-0.23808314 -0.11978421  0.8322633 ]
 [-0.24134484 -0.02196994  0.62784725]
 [ 0.00705419  0.13658369  1.0590823 ]
 [ 0.12903813  0.12829906  0.80647624]
 [ 0.13895947  0.27945924  0.6164904 ]]
[[ 0.          0.          0.7758725 ]
 [ 0.10038523  0.06989869  0.7894057 ]
 [-0.05300796  0.2681808   0.4773647 ]
 [ 0.14629176 -0.1218752   0.4354227 ]
 [ 0.15754583 -0.08971459  0.27973387]
 [-0.10050569 -0.06986607  0.76229703]
 [-0.08391422  0.23503742  0.45301533]
 [ 0.0444352   0.28331432  0.05531377]
 [-0.05490953  0.45061255  0.        ]
 [-0.05218147  0.04778615  0.97074735]
 [-0.12266251  0.07650292  1.2081457 ]
 [-0.2404969   0.11251807  1.2996666 ]
 [-0.18915552  0.03803885  1.3491726 ]
 [-0.2455406   0.00698793  1.1619616 ]
 [-0.2875815  -0.09322946  0.9240899 ]
 [-0.31414568  0.05314228  0.804136  ]
 [ 0.01618325  0.09662578  1.1612532 ]
 [ 0.2338191   0.08802637  1.0008187 ]
 [ 0.38047826  0.20485261  0.83899593]]
[[ 0.          0.          0.7173864 ]
 [ 0.09193479  0.05981055  0.7406458 ]
 [-0.16881648  0.32442477  0.6058451 ]
 [-0.10358359  0.14740688  0.21874434]
 [-0.1997469   0.25425184  0.10387504]
 [-0.09208993 -0.0600715   0.6934235 ]
 [ 0.09068076  0.08066002  0.35643604]
 [ 0.3262643  -0.01044655  0.11521578]
 [ 0.29338193  0.10341138  0.        ]
 [-0.04054333  0.03277802  0.93220377]
 [-0.08694715  0.068423    1.1825854 ]
 [-0.17703392  0.11693847  1.2524214 ]
 [-0.13827586  0.04464489  1.31656   ]
 [-0.23160377  0.04209778  1.139992  ]
 [-0.35163856  0.05895075  0.9262302 ]
 [-0.30984905  0.21035159  1.0783479 ]
 [ 0.05686836  0.05191842  1.1448423 ]
 [ 0.3187707   0.00523588  1.1401358 ]
 [ 0.51682484  0.00491294  1.0455141 ]]
[[ 0.          0.          0.61837804]
 [ 0.08847933  0.05201332  0.63795006]
 [-0.17336693  0.30245286  0.49667683]
 [-0.20032343  0.26611406  0.07894206]
 [-0.3176402   0.38931257  0.01347333]
 [-0.08870365 -0.05228145  0.5980749 ]
 [ 0.14058615  0.05329958  0.26822725]
 [ 0.41821834 -0.05344015  0.11709684]
 [ 0.46112904  0.038086    0.        ]
 [-0.03964426  0.01015313  0.83754337]
 [-0.07986921  0.03968516  1.0886986 ]
 [-0.16251868  0.09648001  1.1474247 ]
 [-0.13347366  0.01527983  1.2096485 ]
 [-0.23022419  0.02141273  1.0597703 ]
 [-0.36104256  0.08622938  0.8821564 ]
 [-0.27319062  0.1944527   1.0591826 ]
 [ 0.06756996  0.01536271  1.0512688 ]
 [ 0.31154066 -0.03735432  1.0778016 ]
 [ 0.4903454  -0.08422604  0.9622506 ]]
[[ 0.          0.          0.587757  ]
 [ 0.0867075   0.04805392  0.60325485]
 [-0.13388038  0.3311659   0.42134482]
 [-0.18960893  0.4369651   0.03253746]
 [-0.30143285  0.57033587  0.        ]
 [-0.08699656 -0.04823401  0.5716268 ]
 [ 0.1335729   0.07225725  0.24074814]
 [ 0.45937902 -0.05255261  0.23541287]
 [ 0.56885076  0.01195928  0.12866572]
 [-0.03573228 -0.0041568   0.80436814]
 [-0.06830576  0.0241912   1.0526516 ]
 [-0.15419716  0.0772531   1.1107495 ]
 [-0.1275293  -0.00873029  1.1680453 ]
 [-0.2166971   0.00192332  1.0327085 ]
 [-0.3726482   0.03454798  0.87017393]
 [-0.24977526  0.17324516  0.99158186]
 [ 0.08250776  0.0162842   1.0089071 ]
 [ 0.31059855 -0.0056136   1.0111465 ]
 [ 0.44576934 -0.02967706  0.8755183 ]]
[[ 0.          0.          0.6477902 ]
 [ 0.08579697  0.04498234  0.66356236]
 [-0.05424903  0.35177785  0.40400547]
 [-0.10745016  0.47403365  0.02054101]
 [-0.21037394  0.6083118   0.        ]
 [-0.08611953 -0.04513667  0.63152355]
 [ 0.06906733  0.08304301  0.2794371 ]
 [ 0.38400632 -0.08271423  0.4428844 ]
 [ 0.5558356  -0.02728149  0.39968985]
 [-0.01968676  0.01648252  0.85681283]
 [-0.04563545  0.05626747  1.0946364 ]
 [-0.12933959  0.09734535  1.159689  ]
 [-0.09519839  0.01873022  1.2162261 ]
 [-0.18817581  0.02348801  1.0775145 ]
 [-0.32241732 -0.04818401  0.90550935]
 [-0.25750655  0.17013939  0.85751605]
 [ 0.10029187  0.05844408  1.0388873 ]
 [ 0.3086867   0.05123448  0.9558647 ]
 [ 0.3658607   0.10162478  0.76634395]]
[[ 0.          0.          0.7169324 ]
 [ 0.08928403  0.04881708  0.72868013]
 [ 0.01530547  0.3477603   0.42089713]
 [ 0.01608583  0.4339932   0.0351094 ]
 [-0.07628819  0.57084596  0.        ]
 [-0.08957598 -0.04886603  0.7048194 ]
 [-0.03507341  0.10749349  0.35234073]
 [ 0.27006078 -0.09908079  0.55051976]
 [ 0.47116178 -0.05499509  0.5342516 ]
 [-0.00362217  0.05046174  0.9195744 ]
 [-0.01998062  0.11190236  1.1498924 ]
 [-0.11035086  0.1444481   1.2240846 ]
 [-0.07016782  0.07266051  1.2785686 ]
 [-0.15790388  0.06727752  1.1370301 ]
 [-0.27593654 -0.05347341  0.93622273]
 [-0.24721086  0.12202172  0.77461827]
 [ 0.12356104  0.12466866  1.0839362 ]
 [ 0.27965647  0.16833618  0.93118   ]
 [ 0.24490792  0.22448382  0.74253494]]
[[ 0.00000000e+00  0.00000000e+00  7.40693450e-01]
 [ 1.01015285e-01  6.21664375e-02  7.53671050e-01]
 [ 1.19809039e-01  3.54908198e-01  4.22289550e-01]
 [ 2.32326716e-01  3.46208990e-01  6.42504692e-02]
 [ 1.18669540e-01  4.81374800e-01  0.00000000e+00]
 [-1.01249188e-01 -6.20284230e-02  7.27486730e-01]
 [-1.81967676e-01  1.47574499e-01  4.22103763e-01]
 [ 1.14506960e-01 -1.39484301e-01  5.41980386e-01]
 [ 2.69162476e-01 -9.58851278e-02  4.79149997e-01]
 [ 1.45360827e-05  8.04749727e-02  9.36583221e-01]
 [-9.92270559e-03  1.71467304e-01  1.16307724e+00]
 [-1.00243181e-01  2.02436149e-01  1.24884248e+00]
 [-6.08294681e-02  1.27473831e-01  1.30416775e+00]
 [-1.53518707e-01  1.09498262e-01  1.15524387e+00]
 [-2.25477338e-01 -5.47157824e-02  9.52646971e-01]
 [-1.66237459e-01  9.68982428e-02  7.91742444e-01]
 [ 1.37675092e-01  2.00966150e-01  1.08726692e+00]
 [ 1.70640185e-01  3.22153956e-01  8.63751888e-01]
 [ 6.14494681e-02  4.35390681e-01  7.93047547e-01]]
[[ 0.          0.          0.68778133]
 [ 0.10438509  0.06312476  0.69581646]
 [ 0.25590864  0.2898082   0.37171182]
 [ 0.4791305   0.16802272  0.11117303]
 [ 0.40859735  0.2681828   0.        ]
 [-0.10451666 -0.06289209  0.679649  ]
 [-0.2510079   0.27017742  0.5400334 ]
 [-0.08843303 -0.04005787  0.30823225]
 [-0.11660906  0.02125573  0.1417312 ]
 [-0.00476236  0.0788893   0.88826084]
 [-0.01568323  0.1528602   1.1236125 ]
 [-0.11979213  0.17370147  1.2108215 ]
 [-0.06259514  0.09798813  1.2583625 ]
 [-0.15138707  0.06346059  1.1188852 ]
 [-0.16771421 -0.14079562  0.97220266]
 [-0.12363305 -0.00293921  0.91554123]
 [ 0.11378327  0.20844966  1.0503302 ]
 [ 0.01189536  0.39323235  0.8653744 ]
 [-0.13921419  0.33085072  0.99736816]]
[[ 0.          0.          0.6135858 ]
 [ 0.09950656  0.06990735  0.6143568 ]
 [ 0.29803303  0.2471909   0.3039657 ]
 [ 0.59956527  0.04603577  0.15426964]
 [ 0.61311257  0.07474077  0.        ]
 [-0.0995845  -0.06964809  0.6131262 ]
 [-0.26604247  0.2650128   0.5134711 ]
 [-0.2531233   0.1628091   0.09509492]
 [-0.33478522  0.27765116  0.00445223]
 [-0.01554204  0.03453395  0.8203237 ]
 [-0.03936633  0.05843621  1.0659666 ]
 [-0.17003468  0.07846922  1.1444085 ]
 [-0.08299267  0.01510125  1.1948141 ]
 [-0.13321297 -0.04446292  1.0570527 ]
 [-0.09191174 -0.2562036   1.0810207 ]
 [-0.02110706 -0.28405792  1.0083784 ]
 [ 0.06403457  0.15010625  1.0046662 ]
 [-0.0511898   0.33594915  0.84697944]
 [-0.12874219  0.27346712  1.0642954 ]]
[[ 0.0000000e+00  0.0000000e+00  5.8217686e-01]
 [ 9.8075479e-02  6.5501116e-02  5.8457482e-01]
 [ 2.4570639e-01  2.0942588e-01  2.4674466e-01]
 [ 5.4326606e-01 -8.1642807e-02  2.2165364e-01]
 [ 6.0721231e-01 -8.0988795e-02  1.0477558e-01]
 [-9.8130770e-02 -6.5279119e-02  5.8034468e-01]
 [-2.6010564e-01  2.9290205e-01  4.5965487e-01]
 [-3.2720393e-01  3.5644081e-01  4.5417905e-02]
 [-4.0908170e-01  4.8837674e-01  0.0000000e+00]
 [-3.0900590e-02  1.7793432e-02  7.9439157e-01]
 [-7.1637474e-02  3.1103343e-02  1.0393678e+00]
 [-2.1492340e-01  5.1370680e-02  1.1054165e+00]
 [-1.2745073e-01  3.8897991e-04  1.1632516e+00]
 [-1.4519276e-01 -7.4597985e-02  1.0289258e+00]
 [-8.8832945e-02 -2.8860688e-01  1.0144514e+00]
 [-5.7716072e-02 -3.0303508e-01  8.7474746e-01]
 [ 2.0869385e-02  1.2709481e-01  9.8126817e-01]
 [-3.4183249e-02  2.9672033e-01  8.0424148e-01]
 [-1.2580591e-01  3.0217659e-01  9.7727346e-01]]
[[ 0.          0.          0.56673706]
 [ 0.10314389  0.05412681  0.5678544 ]
 [ 0.13866374  0.19234377  0.20407453]
 [ 0.38822556 -0.18545885  0.31132877]
 [ 0.4907233  -0.19554994  0.25738987]
 [-0.10316392 -0.0540493   0.5661861 ]
 [-0.2012668   0.33563474  0.37587976]
 [-0.2654696   0.52829885  0.00482738]
 [-0.3423965   0.6882981   0.        ]
 [-0.04727162  0.0287233   0.7705047 ]
 [-0.11087932  0.04853928  1.0080218 ]
 [-0.23968321  0.07591766  1.0856786 ]
 [-0.17720944  0.01785868  1.1381675 ]
 [-0.20130195 -0.03665024  0.97780263]
 [-0.14350063 -0.16641179  0.7614075 ]
 [-0.14821205 -0.10964653  0.63210756]
 [ 0.00501355  0.11434048  0.9548912 ]
 [ 0.06598979  0.23498274  0.7250626 ]
 [-0.01050434  0.3978985   0.751001  ]]
[[ 0.          0.          0.6168057 ]
 [ 0.10047087  0.05812145  0.61478865]
 [ 0.05705336  0.18866645  0.24951178]
 [ 0.27780503 -0.22338115  0.38608393]
 [ 0.36911538 -0.24100491  0.3334574 ]
 [-0.10053063 -0.05804652  0.6193367 ]
 [-0.15908796  0.3245992   0.3961554 ]
 [-0.18290883  0.49405134  0.01388437]
 [-0.26276827  0.6696589   0.        ]
 [-0.04752227  0.03646171  0.81473124]
 [-0.11871961  0.05442399  1.0512041 ]
 [-0.24628776  0.08231914  1.1321647 ]
 [-0.18928954  0.02391434  1.1819341 ]
 [-0.21411656 -0.02986255  1.0168709 ]
 [-0.16910823 -0.15057299  0.779553  ]
 [-0.20630522 -0.06023823  0.6173799 ]
 [ 0.00375304  0.10902852  0.99622196]
 [ 0.10518539  0.18943048  0.75887406]
 [ 0.10243303  0.35625005  0.6303271 ]]
[[ 0.          0.          0.70264685]
 [ 0.09594168  0.06980932  0.7050186 ]
 [-0.0666243   0.2545901   0.38315475]
 [ 0.17381358 -0.12852031  0.44688714]
 [ 0.21488702 -0.11260036  0.31708723]
 [-0.09605356 -0.0697609   0.70047545]
 [-0.08156955  0.24828316  0.40037647]
 [ 0.01527305  0.35884273  0.03773999]
 [-0.0788708   0.53125346  0.        ]
 [-0.04538537  0.02908693  0.89670503]
 [-0.10999335  0.03273797  1.1367484 ]
 [-0.23343086  0.06421977  1.2339875 ]
 [-0.17379138 -0.0024181   1.2787673 ]
 [-0.2177234  -0.04854527  1.096091  ]
 [-0.22747353 -0.14854458  0.8429176 ]
 [-0.29800075  0.0073625   0.7406436 ]
 [ 0.01600978  0.0761354   1.0769087 ]
 [ 0.19893593  0.12308465  0.8929759 ]
 [ 0.3240172   0.26214975  0.719486  ]]
[[ 0.          0.          0.67793036]
 [ 0.08407663  0.07359715  0.6977234 ]
 [-0.18657729  0.3420642   0.5348745 ]
 [-0.01717837  0.1689012   0.23211658]
 [-0.10405049  0.27891085  0.10227913]
 [-0.08413977 -0.07381916  0.6575214 ]
 [ 0.09625305  0.06760001  0.33344787]
 [ 0.3438207   0.02963293  0.10199028]
 [ 0.30380297  0.15228128  0.        ]
 [-0.03132394  0.02747436  0.88901216]
 [-0.06756086  0.05108434  1.1389642 ]
 [-0.17247549  0.08456808  1.2271779 ]
 [-0.11585477  0.01237816  1.2743952 ]
 [-0.20093338  0.00358891  1.0983393 ]
 [-0.33911946 -0.01624139  0.8836167 ]
 [-0.32377046  0.1586959   0.9898849 ]
 [ 0.06604689  0.06355193  1.0902324 ]
 [ 0.32882318  0.04368123  1.0484941 ]
 [ 0.51150656  0.05708922  0.8955113 ]]
[[ 0.          0.          0.5934033 ]
 [ 0.08063512  0.06204546  0.6117035 ]
 [-0.18015727  0.34005877  0.46714014]
 [-0.13586825  0.31367746  0.07551092]
 [-0.25240213  0.44141993  0.        ]
 [-0.08079562 -0.06225837  0.57437   ]
 [ 0.15880534  0.04495403  0.26775417]
 [ 0.45646006 -0.0387046   0.14101529]
 [ 0.5065721   0.05132163  0.03171724]
 [-0.03111042  0.00625561  0.80904573]
 [-0.05897979  0.03131741  1.0606527 ]
 [-0.15213469  0.07319999  1.1307559 ]
 [-0.10651872 -0.00981677  1.1814635 ]
 [-0.20377743 -0.00280476  1.033636  ]
 [-0.36926848  0.0120286   0.8690764 ]
 [-0.28611812  0.16014549  1.0102957 ]
 [ 0.08314769  0.02849177  1.0158695 ]
 [ 0.33866966  0.00662655  1.012296  ]
 [ 0.49927646 -0.00623016  0.8544786 ]]
[[ 0.          0.          0.58193386]
 [ 0.0776571   0.05205858  0.5965469 ]
 [-0.11844334  0.3559183   0.40486115]
 [-0.14985168  0.47907072  0.0280751 ]
 [-0.2601402   0.61228883  0.        ]
 [-0.07791762 -0.05218036  0.566725  ]
 [ 0.13428363  0.06586266  0.23843631]
 [ 0.4757232  -0.05412811  0.28866404]
 [ 0.608078    0.00774795  0.20198554]
 [-0.02939098 -0.01025465  0.7915964 ]
 [-0.05487157  0.01268852  1.0363996 ]
 [-0.14188859  0.05209005  1.1003518 ]
 [-0.10488725 -0.03230608  1.1511663 ]
 [-0.19706097 -0.0177471   1.0209898 ]
 [-0.36846828 -0.02905542  0.87535816]
 [-0.25864142  0.16281754  0.9370787 ]
 [ 0.08817789  0.01791015  0.98652476]
 [ 0.31822515  0.01300782  0.9516418 ]
 [ 0.4210452   0.02907522  0.7797215 ]]
[[ 0.          0.          0.62040865]
 [ 0.08054888  0.04910943  0.63386846]
 [-0.05495819  0.36308014  0.3824188 ]
 [-0.09964055  0.48801512  0.00699419]
 [-0.20010167  0.6235912   0.        ]
 [-0.08082327 -0.0492313   0.6064995 ]
 [ 0.0760605   0.09010351  0.26009065]
 [ 0.41623893 -0.04568055  0.41592994]
 [ 0.58224964  0.00939602  0.3869036 ]
 [-0.02015405  0.00445382  0.82621557]
 [-0.04535468  0.03223854  1.0648013 ]
 [-0.13401775  0.06230688  1.1361063 ]
 [-0.09032448 -0.01354444  1.1885796 ]
 [-0.18219674 -0.00973275  1.0494403 ]
 [-0.3258831  -0.10592571  0.90193117]
 [-0.2803573   0.12687835  0.8418757 ]
 [ 0.09326992  0.04698107  1.0036998 ]
 [ 0.2994246   0.05027846  0.90770435]
 [ 0.33748558  0.10544663  0.7023607 ]]
[[ 0.          0.          0.66950214]
 [ 0.08556113  0.05007128  0.6821483 ]
 [ 0.01173953  0.3656849   0.3934868 ]
 [ 0.03076788  0.47442698  0.02611232]
 [-0.06977737  0.6080137   0.        ]
 [-0.08583625 -0.05012321  0.65652114]
 [-0.01356705  0.10579336  0.30460596]
 [ 0.3099979  -0.09184447  0.49370006]
 [ 0.50941706 -0.05034466  0.49740437]
 [-0.00831425  0.03637792  0.8722187 ]
 [-0.02628785  0.09130436  1.1040252 ]
 [-0.11675704  0.11525577  1.1817105 ]
 [-0.0646925   0.04763937  1.2368183 ]
 [-0.15915072  0.03844699  1.0902998 ]
 [-0.28947845 -0.09386656  0.91333735]
 [-0.26323444  0.10632859  0.76915854]
 [ 0.10994696  0.11446095  1.03823   ]
 [ 0.2657854   0.16753495  0.8826872 ]
 [ 0.22572137  0.23483424  0.69267726]]
[[ 0.          0.          0.6620346 ]
 [ 0.09876341  0.06089751  0.67792153]
 [ 0.13014671  0.37963545  0.3840114 ]
 [ 0.27031744  0.3955426   0.05721265]
 [ 0.16656351  0.533327    0.        ]
 [-0.09896074 -0.06078345  0.64597243]
 [-0.15448584  0.14262927  0.33152592]
 [ 0.16987619 -0.1235543   0.47825173]
 [ 0.32074374 -0.07982676  0.43172038]
 [ 0.00450845  0.07847098  0.8584548 ]
 [-0.0033034   0.16087025  1.0878799 ]
 [-0.09676051  0.18313432  1.1791935 ]
 [-0.04609536  0.11558276  1.2307937 ]
 [-0.13883415  0.09030208  1.0768781 ]
 [-0.22172058 -0.07930797  0.88973033]
 [-0.17499039  0.06910923  0.72189426]
 [ 0.13491413  0.20124006  1.0135317 ]
 [ 0.17918545  0.33156848  0.8029301 ]
 [ 0.07101267  0.44011968  0.73293513]]
[[ 0.          0.          0.64204824]
 [ 0.10142206  0.06769126  0.6542951 ]
 [ 0.279575    0.31444404  0.34723613]
 [ 0.54165363  0.21673405  0.10770619]
 [ 0.47826707  0.32068738  0.        ]
 [-0.10149829 -0.06741647  0.62976557]
 [-0.24833494  0.25727817  0.45816094]
 [-0.07504865 -0.02118251  0.26306453]
 [-0.10757345  0.03991172  0.12981445]
 [-0.00537329  0.0806812   0.8426974 ]
 [-0.01874329  0.15780061  1.0771251 ]
 [-0.11646296  0.17568308  1.165235  ]
 [-0.06719255  0.10495621  1.2102956 ]
 [-0.15055427  0.06204975  1.0730513 ]
 [-0.15601471 -0.14864798  0.9373111 ]
 [-0.08353576 -0.06813733  0.8208104 ]
 [ 0.10846809  0.21991944  1.0049908 ]
 [ 0.00596115  0.40433794  0.8343313 ]
 [-0.14646766  0.34601024  0.94985425]]
[[ 0.          0.          0.58436114]
 [ 0.09654471  0.07078178  0.5906332 ]
 [ 0.32575104  0.25764447  0.2874803 ]
 [ 0.63832986  0.07471615  0.18771335]
 [ 0.6553662   0.08828008  0.02586639]
 [-0.09657662 -0.07046711  0.57840127]
 [-0.25906247  0.28606796  0.47679338]
 [-0.22076625  0.19624472  0.08958834]
 [-0.3067303   0.30924043  0.        ]
 [-0.02380706  0.03487195  0.78845143]
 [-0.05353291  0.06797674  1.0321159 ]
 [-0.16401407  0.08252364  1.1087129 ]
 [-0.10742576  0.02049172  1.154682  ]
 [-0.14224537 -0.03479001  1.027427  ]
 [-0.04850133 -0.25704655  1.0529251 ]
 [ 0.01707348 -0.23809282  0.9386978 ]
 [ 0.04951107  0.15848777  0.97026825]
 [-0.07563367  0.3273717   0.82657814]
 [-0.14568156  0.28196782  1.0291221 ]]
[[ 0.          0.          0.5572753 ]
 [ 0.09490041  0.06375545  0.56455755]
 [ 0.28363463  0.2054537   0.2406351 ]
 [ 0.5728302  -0.08605787  0.26366156]
 [ 0.64919937 -0.09317392  0.14221776]
 [-0.09488238 -0.06351091  0.55053484]
 [-0.2347506   0.31468305  0.4214009 ]
 [-0.2796083   0.40229896  0.03819025]
 [-0.3714887   0.52705276  0.        ]
 [-0.03568657  0.01520163  0.76676655]
 [-0.07848275  0.02789921  1.0111964 ]
 [-0.21008438  0.04526156  1.0866706 ]
 [-0.13465962 -0.00633955  1.1375996 ]
 [-0.15389505 -0.07118997  0.99402577]
 [-0.06115708 -0.27991635  0.9723529 ]
 [-0.03893631 -0.27944618  0.8174552 ]
 [ 0.01653313  0.11896583  0.9590292 ]
 [-0.05585551  0.27756846  0.78146017]
 [-0.12779588  0.29583746  0.9494233 ]]
[[ 0.          0.          0.5307114 ]
 [ 0.09494798  0.05173777  0.5364029 ]
 [ 0.18579562  0.18507582  0.1926974 ]
 [ 0.41428462 -0.20348683  0.3215686 ]
 [ 0.53266954 -0.21614055  0.27513352]
 [-0.09491019 -0.05160994  0.52564514]
 [-0.17977878  0.35327464  0.3473711 ]
 [-0.23006451  0.56771266  0.        ]
 [-0.3085338   0.7192375   0.0024755 ]
 [-0.05104569  0.01369372  0.7311038 ]
 [-0.11261936  0.02330855  0.969257  ]
 [-0.24466804  0.04326469  1.0461416 ]
 [-0.16774392 -0.00817645  1.1009269 ]
 [-0.19491747 -0.06076318  0.9354885 ]
 [-0.10145999 -0.19589728  0.74125826]
 [-0.13352226 -0.11985029  0.6251015 ]
 [-0.00371859  0.0924004   0.9184003 ]
 [ 0.04921067  0.2311135   0.70426893]
 [-0.0247305   0.38023514  0.7321978 ]]
[[ 0.          0.          0.5828654 ]
 [ 0.09726642  0.05266991  0.5860531 ]
 [ 0.10567112  0.19321334  0.22931093]
 [ 0.3033468  -0.22555993  0.38663208]
 [ 0.41337645 -0.24469881  0.35292268]
 [-0.09725399 -0.05258     0.5802931 ]
 [-0.14345482  0.343856    0.36363012]
 [-0.14338404  0.5351802   0.00466645]
 [-0.22321343  0.70469415  0.        ]
 [-0.05517271  0.01958643  0.774896  ]
 [-0.12744749  0.02450648  1.0078852 ]
 [-0.25790876  0.04679364  1.0903625 ]
 [-0.17903173 -0.01068622  1.1420885 ]
 [-0.21297741 -0.0589762   0.9668762 ]
 [-0.15656859 -0.17428303  0.73138124]
 [-0.2005308  -0.058646    0.58359045]
 [-0.01567782  0.08504799  0.9581294 ]
 [ 0.09023225  0.1875043   0.7285325 ]
 [ 0.08852072  0.33259946  0.6289312 ]]
[[ 0.          0.          0.64847326]
 [ 0.0930562   0.06608647  0.65173537]
 [-0.02165142  0.2362526   0.3233441 ]
 [ 0.20971626 -0.15976186  0.45203108]
 [ 0.27321607 -0.16316095  0.34915352]
 [-0.09309648 -0.0660255   0.6455779 ]
 [-0.07679678  0.26604572  0.3627022 ]
 [ 0.01280929  0.40552738  0.02900374]
 [-0.08044136  0.5763909   0.        ]
 [-0.05094937  0.01706332  0.8386876 ]
 [-0.11725776  0.01679745  1.075792  ]
 [-0.24626121  0.04486263  1.1689782 ]
 [-0.16512883 -0.01396739  1.2160704 ]
 [-0.21487746 -0.06831753  1.0311942 ]
 [-0.21821457 -0.17181431  0.78387177]
 [-0.30170828 -0.00920855  0.6723423 ]
 [-0.00229477  0.06920111  1.0218499 ]
 [ 0.16786067  0.13153373  0.8215489 ]
 [ 0.28922904  0.2509213   0.65908194]]
[[ 0.          0.          0.6560111 ]
 [ 0.07638289  0.0795381   0.6765417 ]
 [-0.18134528  0.32532093  0.48298645]
 [ 0.02902967  0.15819839  0.2356134 ]
 [-0.04594469  0.26157263  0.11347735]
 [-0.0764024  -0.07972897  0.6349495 ]
 [ 0.10359573  0.08880779  0.3103811 ]
 [ 0.37888765  0.09383678  0.10120362]
 [ 0.33087602  0.22949162  0.        ]
 [-0.03720669  0.01530161  0.86133486]
 [-0.0780858   0.03396565  1.1084824 ]
 [-0.19511439  0.06118041  1.1933671 ]
 [-0.1279484  -0.00173253  1.2431479 ]
 [-0.19880702 -0.03199273  1.0642297 ]
 [-0.3416614  -0.06291103  0.8518319 ]
 [-0.35528368  0.11741623  0.9706477 ]
 [ 0.04803057  0.06651866  1.0628837 ]
 [ 0.31798905  0.0698888   1.0237793 ]
 [ 0.4972937   0.08615598  0.859367  ]]
[[ 0.          0.          0.5712624 ]
 [ 0.07229343  0.06975644  0.5910514 ]
 [-0.18301824  0.33369505  0.42891118]
 [-0.11953646  0.33772737  0.07037866]
 [-0.23462963  0.4661554   0.        ]
 [-0.07242686 -0.06992878  0.5507746 ]
 [ 0.17351267  0.05565244  0.24201182]
 [ 0.50005287  0.00317004  0.14090377]
 [ 0.5541121   0.09540182  0.0159536 ]
 [-0.0350747  -0.00715381  0.78417563]
 [-0.06867249  0.01016754  1.034092  ]
 [-0.17317785  0.04235202  1.1027873 ]
 [-0.1216364  -0.0321036   1.1533351 ]
 [-0.20198494 -0.04064831  1.0039048 ]
 [-0.37558347 -0.02909863  0.8491399 ]
 [-0.31102705  0.10245734  1.0169947 ]
 [ 0.06731564  0.02740896  0.9935122 ]
 [ 0.32977512  0.03007489  0.9978293 ]
 [ 0.47647342  0.03602958  0.83818555]]
[[ 0.0000000e+00  0.0000000e+00  5.4850698e-01]
 [ 7.0595704e-02  5.8978885e-02  5.6334984e-01]
 [-1.3319609e-01  3.5626870e-01  3.7449679e-01]
 [-1.5729523e-01  4.9253327e-01  1.8697619e-02]
 [-2.7412313e-01  6.2541938e-01  0.0000000e+00]
 [-7.0821881e-02 -5.9088137e-02  5.3308004e-01]
 [ 1.5508142e-01  5.3576231e-02  2.1308619e-01]
 [ 5.0189358e-01 -2.4070770e-02  2.5528568e-01]
 [ 6.2859279e-01  3.7785858e-02  1.5623888e-01]
 [-3.6594566e-02 -1.9460186e-02  7.5745308e-01]
 [-6.8892434e-02  3.4642220e-04  1.0020878e+00]
 [-1.6430688e-01  3.0723035e-02  1.0669887e+00]
 [-1.1964895e-01 -4.2279541e-02  1.1189475e+00]
 [-2.0108509e-01 -4.1249305e-02  9.8164594e-01]
 [-3.7981227e-01 -4.6747506e-02  8.3540130e-01]
 [-2.7533993e-01  1.1490223e-01  9.3458378e-01]
 [ 6.7099601e-02  1.6477555e-02  9.5312035e-01]
 [ 3.0323055e-01  1.9433528e-02  9.3062800e-01]
 [ 4.0513662e-01  4.3270350e-02  7.6272488e-01]]
[[ 0.00000000e+00  0.00000000e+00  5.71360886e-01]
 [ 7.65330046e-02  5.40486313e-02  5.84042132e-01]
 [-4.97319996e-02  3.84364247e-01  3.52176249e-01]
 [-1.00962251e-01  5.40791452e-01  2.25502253e-03]
 [-2.11312115e-01  6.78665280e-01  0.00000000e+00]
 [-7.68361017e-02 -5.41142225e-02  5.58237791e-01]
 [ 1.02501944e-01  7.04064965e-02  2.14495510e-01]
 [ 4.39251930e-01 -5.56958169e-02  3.60217810e-01]
 [ 6.12300038e-01  1.50114298e-04  3.09936762e-01]
 [-2.62238849e-02 -3.83624434e-03  7.77111590e-01]
 [-5.71446046e-02  1.88021660e-02  1.01639962e+00]
 [-1.48490757e-01  4.42065001e-02  1.08807886e+00]
 [-1.03101790e-01 -2.31552124e-02  1.13827825e+00]
 [-1.86231732e-01 -2.70688236e-02  9.97771144e-01]
 [-3.32416773e-01 -1.10139385e-01  8.38223994e-01]
 [-2.73888826e-01  9.80135947e-02  8.07196796e-01]
 [ 7.85534978e-02  4.27847803e-02  9.57857966e-01]
 [ 2.83042073e-01  6.61200285e-02  8.74698937e-01]
 [ 3.21902394e-01  1.22477867e-01  6.90326691e-01]]
[[ 0.          0.          0.64385575]
 [ 0.08239471  0.05076857  0.65821004]
 [ 0.0013895   0.36694828  0.3804802 ]
 [-0.0044048   0.49666983  0.01651174]
 [-0.1148656   0.6327853   0.        ]
 [-0.08269115 -0.05081345  0.6290893 ]
 [ 0.02526494  0.08948699  0.2773783 ]
 [ 0.3334887  -0.0921803   0.4621411 ]
 [ 0.5325014  -0.04932758  0.44533548]
 [-0.01213219  0.03074142  0.84791183]
 [-0.03601523  0.07648364  1.0812042 ]
 [-0.12963706  0.09780741  1.1594508 ]
 [-0.07645418  0.03207159  1.2141787 ]
 [-0.16486686  0.02263254  1.0641425 ]
 [-0.29159892 -0.09882858  0.8811533 ]
 [-0.26171204  0.10792991  0.75341225]
 [ 0.09871354  0.10394549  1.0163027 ]
 [ 0.25795355  0.16168642  0.8766481 ]
 [ 0.23074031  0.21958257  0.70095164]]
[[ 0.          0.          0.6639338 ]
 [ 0.09595475  0.06351389  0.67990136]
 [ 0.09768444  0.37820393  0.38053995]
 [ 0.22763531  0.42298868  0.04771513]
 [ 0.10819308  0.5567005   0.        ]
 [-0.09615573 -0.06340875  0.6477525 ]
 [-0.13617572  0.12529144  0.3277026 ]
 [ 0.1956833  -0.11817797  0.4732929 ]
 [ 0.3568327  -0.07699442  0.430747  ]
 [-0.00492391  0.06858853  0.85736114]
 [-0.01950187  0.14832348  1.0840416 ]
 [-0.11273313  0.1708309   1.1738765 ]
 [-0.06149398  0.10473335  1.2282209 ]
 [-0.15307228  0.07545194  1.0737512 ]
 [-0.23332989 -0.08715275  0.8802491 ]
 [-0.18128102  0.04460565  0.7177794 ]
 [ 0.11797421  0.1907857   1.0081191 ]
 [ 0.16619027  0.32036898  0.8118364 ]
 [ 0.07667871  0.4267864   0.7524397 ]]
[[ 0.          0.          0.6190554 ]
 [ 0.10006111  0.06694659  0.62980103]
 [ 0.27803785  0.33883184  0.33399826]
 [ 0.5274971   0.27255762  0.10036552]
 [ 0.45795625  0.3823308   0.        ]
 [-0.10012001 -0.06662335  0.6082244 ]
 [-0.25452322  0.2768105   0.4507426 ]
 [-0.0258059   0.00991392  0.2983684 ]
 [-0.03843599  0.0628593   0.15561366]
 [-0.00870157  0.08405635  0.8131095 ]
 [-0.02257041  0.17055464  1.0375888 ]
 [-0.12168226  0.18406206  1.1301202 ]
 [-0.06681596  0.11646068  1.1639407 ]
 [-0.14674145  0.06617182  1.0383226 ]
 [-0.15857285 -0.15930547  0.9156352 ]
 [-0.06323628 -0.04018304  0.7660955 ]
 [ 0.09622459  0.23688936  0.9704787 ]
 [ 0.00310543  0.3989891   0.7987619 ]
 [-0.13481057  0.39504832  0.9352034 ]]
[[ 0.          0.          0.5708798 ]
 [ 0.09060536  0.07878346  0.5821845 ]
 [ 0.3215825   0.2812054   0.29132682]
 [ 0.650649    0.14015189  0.1436832 ]
 [ 0.65521556  0.17367548  0.        ]
 [-0.09061745 -0.07843616  0.55984956]
 [-0.27849156  0.27505875  0.46269593]
 [-0.20542824  0.15530425  0.09826407]
 [-0.2923165   0.26232523  0.00281924]
 [-0.02284509  0.03324679  0.7720965 ]
 [-0.04929224  0.07229507  1.0107317 ]
 [-0.15973294  0.08823907  1.0850105 ]
 [-0.09784782  0.03152484  1.1279337 ]
 [-0.1314708  -0.03944841  1.0127702 ]
 [-0.05965332 -0.27941987  1.0155368 ]
 [ 0.0192221  -0.27050525  0.90095204]
 [ 0.04668591  0.16909912  0.94643205]
 [-0.0644035   0.35412735  0.8093762 ]
 [-0.14420804  0.29748634  1.0022129 ]]
[[ 0.          0.          0.5366822 ]
 [ 0.08703835  0.07609183  0.5463391 ]
 [ 0.27552184  0.22022794  0.22610903]
 [ 0.60499924 -0.01894599  0.23456565]
 [ 0.6736827  -0.02724028  0.11105832]
 [-0.08700118 -0.07580613  0.5276375 ]
 [-0.25769395  0.28942367  0.41697168]
 [-0.2948714   0.36542666  0.03996336]
 [-0.4001521   0.48645374  0.        ]
 [-0.03964862  0.0080604   0.74257857]
 [-0.08429696  0.01856813  0.9824926 ]
 [-0.22049265  0.03220218  1.056875  ]
 [-0.13943285 -0.01561528  1.1026014 ]
 [-0.1450866  -0.0929257   0.97642136]
 [-0.06694185 -0.29876137  0.95893174]
 [-0.02318721 -0.2637842   0.79110295]
 [-0.00374346  0.11986983  0.92442083]
 [-0.06657845  0.2662378   0.748129  ]
 [-0.13945276  0.28098238  0.89993155]]
[[ 0.          0.          0.49323934]
 [ 0.0887324   0.05733005  0.5022035 ]
 [ 0.19928949  0.19794218  0.16561583]
 [ 0.44938225 -0.12496631  0.27219722]
 [ 0.56798905 -0.15033448  0.2151775 ]
 [-0.08869341 -0.05711035  0.48504135]
 [-0.19438791  0.34059566  0.3285302 ]
 [-0.24402237  0.56818527  0.00631744]
 [-0.3404526   0.7096206   0.        ]
 [-0.05104333  0.00894375  0.69035983]
 [-0.11694913  0.00662103  0.9253589 ]
 [-0.2557671   0.02222317  0.9955347 ]
 [-0.17086987 -0.01949251  1.0499473 ]
 [-0.17454243 -0.09356657  0.9030539 ]
 [-0.103861   -0.27289018  0.81872106]
 [-0.12924421 -0.165433    0.59971416]
 [-0.03196485  0.0930804   0.8752202 ]
 [ 0.01297455  0.23116069  0.65910435]
 [-0.08425838  0.36166087  0.68840367]]
[[ 0.          0.          0.564002  ]
 [ 0.09325446  0.0557965   0.5684661 ]
 [ 0.0801037   0.1997168   0.2178433 ]
 [ 0.29104152 -0.19986214  0.3822129 ]
 [ 0.40511984 -0.22928962  0.3341457 ]
 [-0.0932622  -0.05566683  0.56018233]
 [-0.13730618  0.34675145  0.35603142]
 [-0.12479338  0.5464189   0.01204765]
 [-0.2091831   0.71893674  0.        ]
 [-0.05448774  0.01882657  0.7518112 ]
 [-0.1288994   0.01884362  0.98280096]
 [-0.26510647  0.0413301   1.0678713 ]
 [-0.17522702 -0.00751895  1.1181916 ]
 [-0.1999309  -0.07499513  0.9438915 ]
 [-0.15669525 -0.19240186  0.7123327 ]
 [-0.2127789  -0.05734097  0.55443716]
 [-0.03021082  0.08854985  0.9315305 ]
 [ 0.07904757  0.1907517   0.7045246 ]
 [ 0.09929186  0.33510458  0.57748115]]
[[ 0.          0.          0.61173946]
 [ 0.08398253  0.07068015  0.61943066]
 [-0.07743755  0.25407985  0.3233056 ]
 [ 0.19461817 -0.08792989  0.41969174]
 [ 0.2561341  -0.08221942  0.30717605]
 [-0.08399433 -0.07062735  0.6043337 ]
 [-0.04625207  0.24960852  0.3263112 ]
 [ 0.09814289  0.41333184  0.03771746]
 [ 0.00159587  0.5883413   0.        ]
 [-0.04998274  0.01281925  0.80100447]
 [-0.11691076  0.0044156   1.0382795 ]
 [-0.24703938  0.03200364  1.1422987 ]
 [-0.15688999 -0.02711046  1.1804113 ]
 [-0.20811602 -0.08852974  0.9944831 ]
 [-0.23925585 -0.18773     0.7469846 ]
 [-0.3247208  -0.00823513  0.67972296]
 [-0.0092041   0.06540331  0.98351455]
 [ 0.1788493   0.1396161   0.80827844]
 [ 0.31773582  0.27580974  0.6434768 ]]
[[ 0.          0.          0.6235169 ]
 [ 0.06846429  0.082842    0.64054936]
 [-0.2038531   0.32053992  0.470777  ]
 [ 0.00629228  0.1924294   0.22327495]
 [-0.07708424  0.30132675  0.10081565]
 [-0.06846225 -0.08305775  0.60594994]
 [ 0.11209379  0.07000408  0.28158885]
 [ 0.41530848  0.08519918  0.10035259]
 [ 0.37045664  0.21012476  0.        ]
 [-0.03498359  0.00841543  0.828272  ]
 [-0.07188595  0.02165338  1.075182  ]
 [-0.18539909  0.04748189  1.166675  ]
 [-0.11413988 -0.01664084  1.2095724 ]
 [-0.19112949 -0.04648536  1.0331868 ]
 [-0.34681487 -0.075905    0.8327926 ]
 [-0.35783878  0.10676429  0.9577683 ]
 [ 0.0494602   0.05966315  1.0273528 ]
 [ 0.3149014   0.06858411  0.9884792 ]
 [ 0.48338404  0.07751475  0.8185621 ]]
[[ 0.          0.          0.5429938 ]
 [ 0.06410575  0.06924532  0.55753106]
 [-0.19109336  0.33674067  0.4107101 ]
 [-0.13584033  0.37801796  0.06370294]
 [-0.2542928   0.512431    0.        ]
 [-0.06422257 -0.06941499  0.5277889 ]
 [ 0.17694736  0.04977965  0.23330033]
 [ 0.52254826 -0.00847411  0.15831238]
 [ 0.5932449   0.06889975  0.04125237]
 [-0.03426783 -0.01209697  0.7540322 ]
 [-0.0624009   0.00298533  1.0028181 ]
 [-0.1586598   0.03293073  1.0783331 ]
 [-0.10613405 -0.04192191  1.1223106 ]
 [-0.19388127 -0.04911792  0.9770956 ]
 [-0.37496865 -0.04435515  0.83710444]
 [-0.29413527  0.09373686  0.99084556]
 [ 0.06919202  0.0239642   0.9560479 ]
 [ 0.31966376  0.0322665   0.9559581 ]
 [ 0.44785345  0.04465835  0.79303825]]
[[ 0.          0.          0.5319395 ]
 [ 0.0621897   0.06229365  0.5428223 ]
 [-0.13790098  0.36169046  0.36889875]
 [-0.15634862  0.5022301   0.02097964]
 [-0.2804464   0.6336631   0.        ]
 [-0.06237619 -0.06240522  0.5204998 ]
 [ 0.14818653  0.04957902  0.20977396]
 [ 0.5101878  -0.03204212  0.2677073 ]
 [ 0.64584273  0.02070639  0.1735043 ]
 [-0.03472764 -0.01846391  0.73869675]
 [-0.0637041  -0.00306234  0.9804025 ]
 [-0.15485129  0.02050871  1.0571325 ]
 [-0.10677758 -0.05404621  1.0971017 ]
 [-0.19116125 -0.04733112  0.9623028 ]
 [-0.37044036 -0.05017769  0.8332143 ]
 [-0.2526372   0.1065695   0.9318038 ]
 [ 0.0651019   0.01788566  0.9289553 ]
 [ 0.29315653  0.02849087  0.90557766]
 [ 0.3856719   0.06032678  0.72938365]]
[[ 0.          0.          0.56946456]
 [ 0.06520843  0.06005464  0.58017397]
 [-0.06467605  0.38331175  0.3580467 ]
 [-0.08623308  0.5276822   0.00786024]
 [-0.19728991  0.6594081   0.        ]
 [-0.06548456 -0.06012746  0.5583477 ]
 [ 0.08987673  0.07117164  0.22819775]
 [ 0.44321966 -0.05673973  0.3816331 ]
 [ 0.6228063  -0.00727636  0.33609453]
 [-0.02423054 -0.00726366  0.7731006 ]
 [-0.04939546  0.01059642  1.011377  ]
 [-0.14270379  0.02941257  1.0959905 ]
 [-0.08566572 -0.03672022  1.1376599 ]
 [-0.17282292 -0.04069307  0.99316096]
 [-0.3250271  -0.11527923  0.8466836 ]
 [-0.24761754  0.09171721  0.84785503]
 [ 0.07673546  0.04428348  0.9501045 ]
 [ 0.27361375  0.08009183  0.86068845]
 [ 0.29241192  0.14221226  0.66242623]]
[[ 0.00000000e+00  0.00000000e+00  6.15953863e-01]
 [ 7.71707743e-02  6.08744472e-02  6.29341900e-01]
 [ 1.22935548e-02  3.83349657e-01  3.65801603e-01]
 [ 6.96814507e-02  4.82040137e-01  2.48660445e-02]
 [-4.88650203e-02  6.18107080e-01  0.00000000e+00]
 [-7.74141103e-02 -6.09049872e-02  6.02284849e-01]
 [-1.17231943e-02  8.45026374e-02  2.75220692e-01]
 [ 3.10741544e-01 -9.65482295e-02  4.67248350e-01]
 [ 5.05419374e-01 -5.63179851e-02  4.54321384e-01]
 [-1.06975250e-03  3.33276391e-02  8.18883479e-01]
 [-1.38720721e-02  7.93637633e-02  1.05444813e+00]
 [-1.09568268e-01  9.61804986e-02  1.14741194e+00]
 [-4.42084000e-02  3.39989066e-02  1.19189143e+00]
 [-1.35734290e-01  1.12608075e-02  1.03833973e+00]
 [-2.57615000e-01 -1.29511550e-01  8.65857005e-01]
 [-2.47523814e-01  4.51507792e-02  7.32945383e-01]
 [ 1.11366570e-01  1.21417731e-01  9.84199405e-01]
 [ 2.58251458e-01  1.98245734e-01  8.34729552e-01]
 [ 1.89633965e-01  2.89175332e-01  6.74422085e-01]]
[[ 0.          0.          0.5778689 ]
 [ 0.09263809  0.06983995  0.5946164 ]
 [ 0.16628246  0.385788    0.3049239 ]
 [ 0.4072314   0.38935745  0.07345903]
 [ 0.31273165  0.5195748   0.        ]
 [-0.09275541 -0.06960423  0.5609938 ]
 [-0.22061774  0.1636656   0.32868546]
 [ 0.10650524 -0.09730791  0.36774012]
 [ 0.20128915 -0.06090623  0.26302463]
 [ 0.00531029  0.0785241   0.76870024]
 [ 0.00532953  0.15167904  1.0011855 ]
 [-0.0947459   0.16243595  1.1043799 ]
 [-0.01655564  0.09491253  1.1483877 ]
 [-0.12123896  0.05653965  0.9902725 ]
 [-0.12340633 -0.10735018  0.7841625 ]
 [-0.07885925  0.05212063  0.65854335]
 [ 0.12458618  0.21443325  0.9244311 ]
 [ 0.11533988  0.36805996  0.72952986]
 [-0.03842327  0.47392392  0.748533  ]]
[[ 0.          0.          0.56638014]
 [ 0.09371457  0.08198309  0.575234  ]
 [ 0.27806365  0.3175799   0.27054268]
 [ 0.6093883   0.19962946  0.12457913]
 [ 0.58244354  0.2571143   0.        ]
 [-0.09367849 -0.08162536  0.55767184]
 [-0.2838589   0.27425474  0.44791377]
 [-0.11236571  0.07730776  0.17225927]
 [-0.18810129  0.16375941  0.05954963]
 [ 0.00460264  0.06044596  0.76325476]
 [ 0.00587993  0.1056183   1.0012339 ]
 [-0.10836141  0.11948949  1.0926349 ]
 [-0.0226565   0.05378544  1.134255  ]
 [-0.09003863 -0.01253265  0.99614394]
 [-0.01123744 -0.2539431   0.9495412 ]
 [ 0.06196273 -0.16989641  0.7939287 ]
 [ 0.09970623  0.19729644  0.93009174]
 [-0.00524513  0.3567879   0.78439385]
 [-0.11716467  0.31719065  0.93637383]]
[[ 0.          0.          0.51029927]
 [ 0.08735456  0.08540726  0.5169851 ]
 [ 0.26585853  0.26819068  0.19223437]
 [ 0.62000024  0.0935179   0.1740542 ]
 [ 0.6552752   0.0902158   0.03643638]
 [-0.087325   -0.08508059  0.50410247]
 [-0.2960371   0.26375878  0.42015454]
 [-0.28345507  0.23418854  0.0514158 ]
 [-0.39424264  0.34416994  0.        ]
 [-0.00950069  0.02461879  0.71244776]
 [-0.0204158   0.04566529  0.95596284]
 [-0.1491963   0.05939621  1.0408516 ]
 [-0.06152727  0.00804561  1.0871377 ]
 [-0.08385762 -0.07601234  0.95100033]
 [-0.00794569 -0.29656732  0.95942056]
 [ 0.06372686 -0.22817403  0.8021091 ]
 [ 0.05322741  0.15136307  0.88902724]
 [-0.03804527  0.3069686   0.75417644]
 [-0.10342708  0.27388155  0.9302273 ]]
[[ 0.          0.          0.46118993]
 [ 0.08675588  0.07905265  0.46992457]
 [ 0.21321331  0.23620774  0.11666989]
 [ 0.5334471  -0.00348923  0.21391581]
 [ 0.6234199  -0.01908252  0.09848851]
 [-0.08673719 -0.07878596  0.45313394]
 [-0.2724473   0.27268043  0.34916276]
 [-0.34183502  0.39668548  0.00386888]
 [-0.46865678  0.50006694  0.        ]
 [-0.02321766  0.00751886  0.6632136 ]
 [-0.05799264  0.00521609  0.9033476 ]
 [-0.19316229  0.01772565  0.98423755]
 [-0.11139132 -0.02331179  1.037651  ]
 [-0.10540841 -0.10854155  0.8883197 ]
 [-0.02064852 -0.2937464   0.8585681 ]
 [ 0.01786547 -0.21038617  0.68839115]
 [ 0.01055438  0.10744613  0.8431899 ]
 [ 0.01383698  0.25057852  0.6823752 ]
 [-0.04743265  0.32820398  0.77545863]]
[[ 0.          0.          0.47604617]
 [ 0.09106801  0.07252835  0.48246804]
 [ 0.07578444  0.27018005  0.12067175]
 [ 0.35043073 -0.04967535  0.26039556]
 [ 0.44245887 -0.06057385  0.15367234]
 [-0.0911106  -0.07237258  0.47028404]
 [-0.21570611  0.31741375  0.31131357]
 [-0.240783    0.52477914  0.        ]
 [-0.36844558  0.66088045  0.00151378]
 [-0.03668542  0.00587341  0.66869456]
 [-0.09422494 -0.01323748  0.9006432 ]
 [-0.22854133  0.00861424  0.9886497 ]
 [-0.14089617 -0.0415647   1.0413034 ]
 [-0.15871178 -0.11053631  0.86537516]
 [-0.10600428 -0.22385481  0.6690667 ]
 [-0.11818898 -0.07286501  0.5386819 ]
 [-0.00263602  0.07111281  0.84985936]
 [ 0.1280349   0.22044033  0.69146895]
 [ 0.1387034   0.39127764  0.60016716]]
[[ 0.          0.          0.52079445]
 [ 0.08969195  0.077786    0.5286388 ]
 [-0.06765047  0.30013618  0.23144662]
 [ 0.22365692  0.02097081  0.29519242]
 [ 0.25072753  0.05352068  0.15907305]
 [-0.08971234 -0.07768354  0.5132874 ]
 [-0.16649598  0.28654546  0.29022086]
 [-0.01918308  0.45252466  0.02420485]
 [-0.13333955  0.6215776   0.        ]
 [-0.0351061  -0.00960097  0.7110566 ]
 [-0.08244073 -0.03292003  0.9461808 ]
 [-0.21189074 -0.00676972  1.041122  ]
 [-0.12528013 -0.06779277  1.0936284 ]
 [-0.16879234 -0.12908286  0.9048913 ]
 [-0.17155455 -0.23306806  0.66409177]
 [-0.24848902 -0.0427397   0.6092409 ]
 [ 0.02182645  0.04491025  0.8887075 ]
 [ 0.211328    0.15810922  0.73014265]
 [ 0.3300403   0.316009    0.56665176]]
[[ 0.          0.          0.5305457 ]
 [ 0.07606956  0.08400472  0.5473177 ]
 [-0.22061908  0.31658584  0.41394025]
 [-0.07324071  0.24303886  0.13562968]
 [-0.16721398  0.36143574  0.05841285]
 [-0.07605766 -0.08420542  0.5133628 ]
 [-0.00604766  0.16867201  0.21721083]
 [ 0.3433683   0.16928986  0.0769127 ]
 [ 0.28260627  0.30700257  0.        ]
 [-0.01562386 -0.01736189  0.7276157 ]
 [-0.02412249 -0.01839206  0.9749764 ]
 [-0.13292035  0.00950915  1.0743263 ]
 [-0.05309796 -0.05515301  1.1211026 ]
 [-0.14789096 -0.09462681  0.92779636]
 [-0.30103964 -0.14403361  0.7213162 ]
 [-0.32685414  0.05344722  0.84426844]
 [ 0.0966424   0.03165179  0.9224027 ]
 [ 0.36179924  0.06039679  0.868068  ]
 [ 0.5021704   0.10287818  0.67687917]]
[[ 0.00000000e+00  0.00000000e+00  4.69447851e-01]
 [ 6.49109483e-02  7.25746006e-02  4.84080136e-01]
 [-2.04032600e-01  3.13905299e-01  3.36252213e-01]
 [-2.74765134e-01  4.24892157e-01  2.35354304e-02]
 [-4.05039310e-01  5.51858485e-01  1.41227245e-02]
 [-6.49816245e-02 -7.27734268e-02  4.54186082e-01]
 [ 1.29583955e-01  9.48262215e-02  1.69981480e-01]
 [ 5.16941905e-01  3.99366617e-02  1.11418903e-01]
 [ 5.58070838e-01  1.35127872e-01  0.00000000e+00]
 [ 8.33105296e-05 -5.26880920e-02  6.68281794e-01]
 [ 1.48852170e-02 -7.00549185e-02  9.13393021e-01]
 [-6.72610849e-02 -3.79919708e-02  1.00281978e+00]
 [-8.14133324e-03 -1.11923605e-01  1.05030823e+00]
 [-1.22063681e-01 -1.23404235e-01  8.86295915e-01]
 [-3.12189758e-01 -1.56982034e-01  7.52670527e-01]
 [-2.59372652e-01  2.98404694e-02  8.47836375e-01]
 [ 1.43954977e-01 -3.55381370e-02  8.56491923e-01]
 [ 3.88842702e-01 -1.85993314e-03  8.33560348e-01]
 [ 4.90814149e-01  2.55670547e-02  6.53891981e-01]]
[[ 0.          0.          0.43965778]
 [ 0.06242213  0.06381754  0.449322  ]
 [-0.17154059  0.336608    0.28043988]
 [-0.28392154  0.4972846   0.        ]
 [-0.41011888  0.61417687  0.01044139]
 [-0.06250806 -0.06399745  0.42937276]
 [ 0.1554507   0.08458328  0.15598273]
 [ 0.5438163   0.01542592  0.14950445]
 [ 0.63249683  0.08933097  0.03860304]
 [ 0.00575252 -0.05590467  0.6353741 ]
 [ 0.02962674 -0.07371259  0.8738564 ]
 [-0.04615284 -0.04850769  0.9666842 ]
 [ 0.00885238 -0.1248163   1.0071154 ]
 [-0.10880984 -0.11797509  0.85926586]
 [-0.30575377 -0.15450248  0.7487045 ]
 [-0.24363577  0.04528749  0.7961929 ]
 [ 0.15593892 -0.04459882  0.80708003]
 [ 0.37826064 -0.00131306  0.7684219 ]
 [ 0.4617797   0.04685377  0.5986763 ]]
[[ 0.          0.          0.49373043]
 [ 0.05822759  0.05255847  0.5015893 ]
 [-0.0895294   0.36501878  0.28472516]
 [-0.17031753  0.5557423   0.        ]
 [-0.2702862   0.6582034   0.00483465]
 [-0.05839824 -0.05266169  0.48540896]
 [ 0.11267594  0.07138807  0.17952013]
 [ 0.47920465 -0.0639686   0.28715518]
 [ 0.6405754  -0.01228857  0.23158756]
 [ 0.02456312 -0.0291822   0.69213825]
 [ 0.06359116 -0.03601882  0.9265841 ]
 [ 0.00327958 -0.01768035  1.0380733 ]
 [ 0.05886079 -0.09338552  1.0637639 ]
 [-0.07142671 -0.07090917  0.92342025]
 [-0.24452743 -0.12010607  0.7960476 ]
 [-0.20780906  0.04487665  0.7055431 ]
 [ 0.1777272  -0.01134726  0.83853596]
 [ 0.337187    0.06218907  0.70692575]
 [ 0.34293854  0.18572399  0.5377592 ]]
[[ 0.          0.          0.5276538 ]
 [ 0.07336147  0.04910728  0.53377   ]
 [-0.04669657  0.3637329   0.29562384]
 [-0.02213982  0.45912588  0.        ]
 [-0.09735009  0.55090034  0.00314224]
 [-0.07355294 -0.04918278  0.521275  ]
 [ 0.00732518  0.07072845  0.18194804]
 [ 0.30870277 -0.16135584  0.33128235]
 [ 0.493554   -0.13738249  0.32078737]
 [ 0.05031747 -0.00135061  0.7226088 ]
 [ 0.10490817 -0.00672203  0.95379496]
 [ 0.0558859   0.02165151  1.0841026 ]
 [ 0.12251005 -0.06120729  1.1083908 ]
 [-0.03040814 -0.05536827  0.94866925]
 [-0.18628944 -0.13728659  0.77529687]
 [-0.23464137  0.02803889  0.6208142 ]
 [ 0.21200633  0.03907335  0.8504851 ]
 [ 0.26595402  0.16906431  0.65696704]
 [ 0.17346972  0.2959219   0.5632231 ]]
[[ 0.          0.          0.3564622 ]
 [ 0.09246241  0.04266004  0.35278404]
 [ 0.05716803  0.25708425  0.        ]
 [ 0.11651851 -0.09073129  0.05044687]
 [ 0.18135545 -0.08749858  0.0269188 ]
 [-0.09267271 -0.04269462  0.36016783]
 [-0.23969394  0.12249871  0.13780725]
 [ 0.04909912 -0.18264467  0.06690761]
 [ 0.19396788 -0.18438706  0.05017933]
 [ 0.04549684  0.0407431   0.56585515]
 [ 0.09453227  0.05677265  0.8134277 ]
 [ 0.06351413  0.09763533  0.9454229 ]
 [ 0.1161167   0.01333702  0.98099244]
 [-0.03368494 -0.02026927  0.8146424 ]
 [-0.18974814 -0.14808197  0.6378088 ]
 [-0.2312974   0.03236657  0.48840293]
 [ 0.1864775   0.12727189  0.6985743 ]
 [ 0.14652568  0.32432806  0.49824744]
 [ 0.00225639  0.4583856   0.52806807]]
[[ 0.          0.          0.6666601 ]
 [ 0.09258884  0.06832737  0.6614364 ]
 [ 0.26400176  0.20859277  0.34369886]
 [ 0.50171846  0.12591988  0.07701337]
 [ 0.45454323  0.21700037  0.        ]
 [-0.09261075 -0.06811117  0.6721127 ]
 [-0.3308239   0.16999455  0.5992243 ]
 [-0.28837225 -0.11609966  0.2754067 ]
 [-0.3763705  -0.02769557  0.15903032]
 [ 0.05055481  0.06009279  0.85746646]
 [ 0.10584974  0.07316586  1.0949864 ]
 [ 0.07334664  0.08526516  1.2139134 ]
 [ 0.14832105  0.0260722   1.2319117 ]
 [ 0.01266726 -0.04793793  1.07289   ]
 [-0.08737151 -0.16602327  0.86947703]
 [-0.11352526 -0.05177063  0.85702497]
 [ 0.15469773  0.18471849  1.0184474 ]
 [-0.03095125  0.33224577  0.91310275]
 [-0.16422457  0.27644137  1.1058931 ]]
[[ 0.          0.          0.5263984 ]
 [ 0.08759027  0.05972093  0.51845723]
 [ 0.29226807  0.07932821  0.18831393]
 [ 0.50484174 -0.07350925  0.0538725 ]
 [ 0.43329495 -0.01293939  0.        ]
 [-0.08765613 -0.05959941  0.5348761 ]
 [-0.35362422  0.15402786  0.49600282]
 [-0.46807277  0.03983909  0.11154172]
 [-0.55900615  0.16354308  0.05001208]
 [ 0.05674347  0.03679648  0.7238272 ]
 [ 0.11880289  0.01941293  0.96787906]
 [ 0.09109353  0.04582202  1.0944707 ]
 [ 0.16658226 -0.01520652  1.1205592 ]
 [ 0.0504114  -0.09275395  0.93061614]
 [-0.10218381 -0.21606265  0.79670453]
 [-0.14840625 -0.12884724  0.854695  ]
 [ 0.14664325  0.13514721  0.8968344 ]
 [-0.03209743  0.28257823  0.77589315]
 [-0.16900676  0.27548367  0.9545285 ]]
[[ 0.0000000e+00  0.0000000e+00  4.7343317e-01]
 [ 7.8316018e-02  4.9113750e-02  4.6806845e-01]
 [ 2.4972901e-01 -6.1813295e-03  1.1078504e-01]
 [ 4.7358394e-01 -2.8836602e-01  1.4363748e-01]
 [ 4.8777241e-01 -3.1770432e-01  6.3959777e-02]
 [-7.8311741e-02 -4.9012806e-02  4.7960150e-01]
 [-3.2948077e-01  1.6548301e-01  3.8367763e-01]
 [-5.1891661e-01  1.9518873e-01  2.1331906e-02]
 [-6.1697006e-01  3.1226271e-01  0.0000000e+00]
 [ 6.2215321e-02  9.4019026e-03  6.7282903e-01]
 [ 1.2656955e-01 -2.1964878e-02  9.1217422e-01]
 [ 1.1295742e-01  1.1351705e-03  1.0450642e+00]
 [ 1.6886944e-01 -6.0067594e-02  1.0658696e+00]
 [ 8.4696107e-02 -8.8562965e-02  8.9959228e-01]
 [ 1.0477409e-01 -2.2336504e-01  1.0108296e+00]
 [ 1.3106504e-01 -2.6868206e-01  1.1754010e+00]
 [ 1.4283928e-01  5.8394194e-02  8.3090520e-01]
 [ 2.4799243e-02  2.1426946e-01  6.7523444e-01]
 [-1.2711328e-01  2.7239206e-01  6.9616830e-01]]
[[ 0.          0.          0.51200676]
 [ 0.07852044  0.03582137  0.5036709 ]
 [ 0.20734209 -0.05382344  0.14660195]
 [ 0.34411865 -0.3632375   0.27862677]
 [ 0.35864443 -0.4122031   0.26559237]
 [-0.07843697 -0.03583415  0.521061  ]
 [-0.26647866  0.23850408  0.38841817]
 [-0.4351111   0.24198988  0.01338807]
 [-0.5205224   0.37809736  0.        ]
 [ 0.07198811  0.00312518  0.71005493]
 [ 0.14963752 -0.0317179   0.9455209 ]
 [ 0.15594539 -0.00226015  1.073241  ]
 [ 0.19564906 -0.07635891  1.1049209 ]
 [ 0.09912974 -0.07825306  0.94605   ]
 [ 0.1503126  -0.18485466  1.1109855 ]
 [ 0.18408585 -0.2774865   1.2819927 ]
 [ 0.17239225  0.03052837  0.8495923 ]
 [ 0.10610929  0.15639926  0.661602  ]
 [ 0.05188897  0.25572535  0.57407284]]
[[ 0.0000000e+00  0.0000000e+00  5.7194257e-01]
 [ 8.3453715e-02  3.0116886e-02  5.6222540e-01]
 [ 1.6262886e-01 -9.4283819e-02  2.0793977e-01]
 [ 2.2522670e-01 -4.1220215e-01  3.9184466e-01]
 [ 2.2439185e-01 -4.7176284e-01  4.1540062e-01]
 [-8.3361909e-02 -3.0237697e-02  5.8225358e-01]
 [-2.1781039e-01  2.9010695e-01  4.1606298e-01]
 [-3.2907656e-01  2.0954639e-01  3.2706320e-02]
 [-3.8549528e-01  3.5940838e-01  0.0000000e+00]
 [ 8.8544950e-02  1.0627508e-03  7.6774210e-01]
 [ 1.8097138e-01 -3.4488916e-02  9.9920070e-01]
 [ 1.9779481e-01  2.7108192e-03  1.1278344e+00]
 [ 2.2663145e-01 -8.2882345e-02  1.1568747e+00]
 [ 1.1382166e-01 -6.9280297e-02  1.0132079e+00]
 [ 1.6773222e-01 -1.5197504e-01  1.2090139e+00]
 [ 1.9453600e-01 -2.4074268e-01  1.3838412e+00]
 [ 2.2104216e-01  1.2063712e-02  8.9136207e-01]
 [ 2.2307891e-01  9.1649592e-02  6.8591225e-01]
 [ 2.5150716e-01  2.2431111e-01  5.5227697e-01]]
[[ 0.00000000e+00  0.00000000e+00  6.35725141e-01]
 [ 8.34754035e-02  3.29542048e-02  6.26908481e-01]
 [ 1.17110103e-01 -9.70765948e-02  2.61765063e-01]
 [ 1.37162656e-01 -4.51345831e-01  4.53755915e-01]
 [ 1.29005432e-01 -5.04639447e-01  4.69496071e-01]
 [-8.33832547e-02 -3.31028029e-02  6.44983888e-01]
 [-1.87249720e-01  2.88063616e-01  4.47334617e-01]
 [-2.37439334e-01  1.24743223e-01  5.97831011e-02]
 [-2.63564765e-01  2.79474348e-01  0.00000000e+00]
 [ 1.03868738e-01 -4.45461273e-03  8.26900721e-01]
 [ 2.12453246e-01 -4.14536595e-02  1.05317712e+00]
 [ 2.32563287e-01  2.56770849e-03  1.17839468e+00]
 [ 2.58707553e-01 -8.48666131e-02  1.21195722e+00]
 [ 1.31831706e-01 -7.46546388e-02  1.08183908e+00]
 [ 1.79764882e-01 -1.20291054e-01  1.29913616e+00]
 [ 1.84121802e-01 -2.28425980e-01  1.48524213e+00]
 [ 2.69350141e-01 -5.99861145e-04  9.31657076e-01]
 [ 3.48210394e-01  8.77388790e-02  7.27192163e-01]
 [ 4.01237249e-01  2.34603152e-01  6.29356861e-01]]
[[ 0.          0.          0.6590351 ]
 [ 0.07853816  0.02994856  0.65040594]
 [ 0.05810688 -0.10750192  0.2834417 ]
 [ 0.08949921 -0.51236606  0.4292578 ]
 [ 0.08749181 -0.5632098   0.43540508]
 [-0.07848905 -0.03014046  0.66800094]
 [-0.17103818  0.2676743   0.444909  ]
 [-0.15029077  0.0516004   0.08627385]
 [-0.14638464  0.20177576  0.        ]
 [ 0.1089647  -0.00827336  0.84858435]
 [ 0.22409613 -0.05010974  1.0721378 ]
 [ 0.24608172 -0.00464582  1.1951892 ]
 [ 0.2655081  -0.0980618   1.2293906 ]
 [ 0.13358599 -0.07980669  1.1055255 ]
 [ 0.16974884 -0.11865866  1.325074  ]
 [ 0.16927274 -0.2022196   1.5163448 ]
 [ 0.29128325 -0.0205095   0.9457333 ]
 [ 0.41078943  0.04848228  0.76318026]
 [ 0.52826744  0.14938042  0.67172897]]
[[ 0.          0.          0.62793297]
 [ 0.08102869  0.0396757   0.6146637 ]
 [-0.02695949  0.01741731  0.27535748]
 [ 0.09606016 -0.32946685  0.26877823]
 [ 0.11526142 -0.3235832   0.15599027]
 [-0.08099374 -0.03986623  0.641232  ]
 [-0.24149412  0.12825347  0.37383553]
 [-0.08160678 -0.16671851  0.12202805]
 [-0.03978185 -0.08015507  0.        ]
 [ 0.11980256 -0.01053171  0.8179543 ]
 [ 0.23996359 -0.06052002  1.0401285 ]
 [ 0.25565183 -0.01241803  1.1640192 ]
 [ 0.27582133 -0.10802761  1.2057595 ]
 [ 0.13230509 -0.08849716  1.0710863 ]
 [ 0.13342953 -0.12100875  1.3206662 ]
 [ 0.09735705 -0.18395436  1.5354669 ]
 [ 0.31812584 -0.03673041  0.91528785]
 [ 0.5193649   0.02795589  0.8268472 ]
 [ 0.72549117  0.08649334  0.77987075]]
[[ 0.          0.          0.67704034]
 [ 0.086922    0.05418868  0.66326535]
 [-0.08524888  0.12378556  0.40777564]
 [-0.02084945 -0.12576294  0.11135989]
 [-0.06210881 -0.02962971  0.        ]
 [-0.08691802 -0.05441861  0.6908101 ]
 [-0.30845836  0.09657785  0.46996307]
 [-0.08961453 -0.31937814  0.37319875]
 [-0.0024614  -0.3086006   0.30749175]
 [ 0.10363275 -0.00497307  0.8733985 ]
 [ 0.20434335 -0.04644191  1.1063454 ]
 [ 0.22041953  0.01467305  1.2222096 ]
 [ 0.23049095 -0.08662888  1.270333  ]
 [ 0.08340522 -0.07669282  1.1260519 ]
 [ 0.05076663 -0.08437198  1.3715863 ]
 [-0.00382615 -0.15225226  1.5762306 ]
 [ 0.29749626 -0.0211854   0.99841094]
 [ 0.5011499   0.06837064  1.0410347 ]
 [ 0.69616216  0.12153918  1.1220558 ]]
[[ 0.          0.          0.6583239 ]
 [ 0.09006801  0.05295033  0.6429433 ]
 [-0.11425199  0.12034715  0.44854516]
 [-0.16294745 -0.04030007  0.0676133 ]
 [-0.22408883  0.06564867  0.        ]
 [-0.09015115 -0.05322795  0.67375153]
 [-0.3298968   0.15822923  0.5294235 ]
 [-0.12840408 -0.25700614  0.49574193]
 [-0.04588439 -0.23144573  0.45105013]
 [ 0.08490776 -0.01249842  0.8617921 ]
 [ 0.16709055 -0.05415207  1.1005745 ]
 [ 0.16798234  0.00861138  1.213954  ]
 [ 0.18089151 -0.09419978  1.2619661 ]
 [ 0.03952629 -0.08506098  1.1099811 ]
 [-0.01692502 -0.08563453  1.3427255 ]
 [-0.08179998 -0.09430158  1.5414572 ]
 [ 0.27092755 -0.02762583  1.0145674 ]
 [ 0.45872512  0.08901039  1.1360247 ]
 [ 0.59764755  0.14407748  1.286719  ]]
[[ 0.00000000e+00  0.00000000e+00  5.44314504e-01]
 [ 9.41981971e-02  5.78466058e-02  5.23501456e-01]
 [-1.02282792e-01  1.37254670e-01  4.11112010e-01]
 [-2.84450114e-01  5.06847203e-02  4.25339937e-02]
 [-3.54533732e-01  1.45065278e-01  0.00000000e+00]
 [-9.43850428e-02 -5.81032038e-02  5.65086842e-01]
 [-3.60648394e-01  1.89378664e-01  5.34815907e-01]
 [-1.97538391e-01 -1.89289510e-01  4.65369821e-01]
 [-1.64941400e-01 -1.36454090e-01  3.99687529e-01]
 [ 6.78520426e-02 -4.79863584e-03  7.55607009e-01]
 [ 1.32018775e-01 -3.36300135e-02  1.00266647e+00]
 [ 1.13390967e-01  3.41368914e-02  1.11044037e+00]
 [ 1.34214193e-01 -6.66308403e-02  1.16190767e+00]
 [-1.86357647e-04 -8.12141895e-02  1.00128531e+00]
 [-1.12566665e-01 -8.40726495e-02  1.21041155e+00]
 [-1.96262628e-01 -1.44010186e-02  1.41315353e+00]
 [ 2.47199804e-01  1.18061602e-02  9.28653479e-01]
 [ 3.79147947e-01  1.98076367e-01  1.10943866e+00]
 [ 4.18350101e-01  2.51915455e-01  1.31587553e+00]]
[[ 0.0000000e+00  0.0000000e+00  4.1589156e-01]
 [ 9.4674699e-02  5.9413888e-02  3.9025867e-01]
 [-6.5451562e-02  1.9238085e-01  3.5030416e-01]
 [-3.3457577e-01  1.5491861e-01  1.1533380e-02]
 [-4.0147310e-01  2.4661811e-01  0.0000000e+00]
 [-9.4880015e-02 -5.9627432e-02  4.4145599e-01]
 [-3.6464569e-01  2.1293695e-01  5.0375980e-01]
 [-2.3989832e-01 -1.3193372e-01  3.5747266e-01]
 [-2.4331734e-01 -6.3422233e-02  2.9463693e-01]
 [ 5.2121207e-02 -1.0720044e-03  6.3239956e-01]
 [ 1.0328715e-01 -1.9790351e-02  8.8469088e-01]
 [ 6.8709612e-02  4.5088172e-02  9.8333919e-01]
 [ 9.8716483e-02 -4.3772221e-02  1.0394546e+00]
 [-2.6018042e-02 -7.3372692e-02  8.7354100e-01]
 [-1.8161821e-01 -7.5122118e-02  1.0443231e+00]
 [-2.7541769e-01  3.4576356e-02  1.2313790e+00]
 [ 2.2314322e-01  3.6161691e-02  8.1902450e-01]
 [ 3.0154017e-01  2.4594927e-01  1.0205711e+00]
 [ 2.6526934e-01  2.9689062e-01  1.2498881e+00]]
[[ 0.          0.          0.2445963 ]
 [ 0.09523124  0.07109527  0.21089333]
 [-0.0595926   0.23316847  0.2709453 ]
 [-0.41138077  0.2740614   0.        ]
 [-0.47556734  0.3694992   0.03199998]
 [-0.09553974 -0.07127763  0.27827322]
 [-0.35881472  0.20174766  0.45736745]
 [-0.3944053   0.06626464  0.18002188]
 [-0.46453947  0.17915049  0.16312644]
 [ 0.02964293  0.01169537  0.4652992 ]
 [ 0.05695762  0.00993639  0.72109807]
 [-0.01301586  0.06974417  0.8030066 ]
 [ 0.02557363 -0.00815767  0.8637999 ]
 [-0.0648137  -0.06405669  0.7046297 ]
 [-0.278912   -0.0707683   0.81138974]
 [-0.42089602  0.08087403  0.93104863]
 [ 0.18060687  0.07866308  0.66710985]
 [ 0.23357181  0.28120705  0.76098686]
 [ 0.17901549  0.3724504   0.8990155 ]]
[[ 0.          0.          0.15011552]
 [ 0.08898282  0.07515775  0.11740467]
 [-0.06663972  0.28832567  0.22708344]
 [-0.4572708   0.30046046  0.        ]
 [-0.51751333  0.39085168  0.04948624]
 [-0.08931644 -0.07524401  0.18288526]
 [-0.33150566  0.19600256  0.3975662 ]
 [-0.4976071   0.2692861   0.10771953]
 [-0.59210193  0.39665937  0.12983894]
 [ 0.00234662  0.03363031  0.37016654]
 [-0.00432514  0.04748857  0.6206007 ]
 [-0.11206079  0.09482336  0.68050456]
 [-0.05478513  0.03521919  0.74523306]
 [-0.1078358  -0.03271997  0.5940484 ]
 [-0.35973054 -0.03844133  0.63708603]
 [-0.56812406  0.10938233  0.6950525 ]
 [ 0.1132938   0.12112725  0.57362235]
 [ 0.13238771  0.33109444  0.58492184]
 [ 0.08908877  0.4414336   0.64846015]]
[[ 0.          0.          0.07655922]
 [ 0.08172506  0.07487104  0.05386438]
 [-0.12276587  0.2622616   0.18140846]
 [-0.53128386  0.20515095  0.        ]
 [-0.5874289   0.26968396  0.06136493]
 [-0.0820579  -0.07492346  0.09944203]
 [-0.328512    0.14781545  0.29910696]
 [-0.59284997  0.3323002   0.08409293]
 [-0.6716939   0.44404382  0.14490284]
 [-0.03357451  0.05492723  0.28681552]
 [-0.07743326  0.10023639  0.5184411 ]
 [-0.19246006  0.14124066  0.55102324]
 [-0.13937561  0.08764142  0.61369467]
 [-0.17116036  0.01837435  0.492345  ]
 [-0.42783162  0.010088    0.44276497]
 [-0.6024734   0.1663602   0.45107213]
 [ 0.03519265  0.17592952  0.48051164]
 [-0.02060972  0.38935465  0.4233162 ]
 [-0.13716173  0.44089112  0.42849892]]
[[ 0.          0.          0.02980774]
 [ 0.07209805  0.07034425  0.02059282]
 [-0.16188256  0.22137357  0.13921133]
 [-0.55884504  0.13693818  0.        ]
 [-0.6113136   0.17562614  0.05800254]
 [-0.0724913  -0.07038765  0.03930539]
 [-0.3433083   0.09838188  0.18160838]
 [-0.67296404  0.30684292  0.06566776]
 [-0.72729653  0.38958317  0.16455427]
 [-0.05587152  0.06150173  0.22776312]
 [-0.12484771  0.11710349  0.44006875]
 [-0.23699349  0.16032952  0.45164782]
 [-0.18542215  0.11074197  0.51567775]
 [-0.20175746  0.03642958  0.4140831 ]
 [-0.43711108  0.04844803  0.29162067]
 [-0.5379373   0.20880875  0.2442961 ]
 [-0.02520972  0.19581813  0.40989697]
 [-0.1087513   0.37913203  0.2679134 ]
 [-0.271878    0.41853663  0.21662056]]
[[ 0.          0.          0.020739  ]
 [ 0.06855755  0.06989178  0.01425873]
 [-0.18369213  0.21086587  0.12283291]
 [-0.58267134  0.10819817  0.        ]
 [-0.6363286   0.15127663  0.03674474]
 [-0.06896098 -0.06995173  0.02753796]
 [-0.37225705  0.11393879  0.13539073]
 [-0.6929151   0.2857491   0.07251044]
 [-0.74008584  0.3564823   0.18569262]
 [-0.06427318  0.062025    0.20941512]
 [-0.14340414  0.12008965  0.40989184]
 [-0.26448113  0.15267926  0.41625506]
 [-0.21449523  0.10022837  0.47518486]
 [-0.21433526  0.04113513  0.38704664]
 [-0.43048105  0.04761969  0.24201691]
 [-0.51382923  0.1806309   0.13449705]
 [-0.04751942  0.19505757  0.38337797]
 [-0.10170238  0.35080644  0.21827988]
 [-0.2116189   0.39630267  0.09478749]]
[[ 0.          0.          0.28205672]
 [ 0.04652419  0.01211219  0.27002954]
 [-0.21256575  0.21834148  0.38328734]
 [-0.5116515   0.10762221  0.2073351 ]
 [-0.2912316   0.1257618   0.        ]
 [-0.04699127 -0.01192536  0.29414165]
 [-0.31191668  0.10284562  0.3694191 ]
 [-0.55067515  0.09997594  0.25335163]
 [-0.41762683  0.05033322  0.0845373 ]
 [-0.05828966  0.0173151   0.43514764]
 [-0.15847002  0.01759744  0.60336995]
 [-0.2893994   0.05969828  0.5906887 ]
 [-0.22519693  0.02217603  0.655082  ]
 [-0.19394083 -0.00389639  0.5946875 ]
 [-0.27889892 -0.02228469  0.40837282]
 [-0.26382703  0.05461083  0.2461639 ]
 [-0.10247134  0.0129652   0.5875051 ]
 [-0.06097616  0.0566357   0.38985878]
 [-0.05232616  0.1346552   0.19392736]]
[[ 0.0000000e+00  0.0000000e+00  3.5693097e-01]
 [ 2.8605318e-02  5.1656738e-04  3.3920094e-01]
 [-1.9963726e-01  2.0769526e-01  4.1356575e-01]
 [-4.0403461e-01  9.7788580e-02  2.3630293e-01]
 [-9.8143816e-02  1.1434975e-01  0.0000000e+00]
 [-2.8983753e-02 -2.4140440e-04  3.7463886e-01]
 [-2.6543766e-01  1.1648160e-01  4.0189871e-01]
 [-3.8318193e-01  1.3243052e-01  2.7600032e-01]
 [-1.7726472e-01  6.7455977e-02  8.2471341e-02]
 [-5.3108171e-02 -1.1748910e-02  4.9771523e-01]
 [-1.4419112e-01 -4.0702730e-02  6.5345782e-01]
 [-2.5913495e-01  2.4265051e-04  6.4793175e-01]
 [-2.1333006e-01 -3.9659828e-02  7.0905852e-01]
 [-1.6513637e-01 -3.6575317e-02  6.4222908e-01]
 [-1.7339560e-01 -4.7590286e-02  4.4484133e-01]
 [-1.5336485e-01 -1.4818072e-02  2.8603011e-01]
 [-1.0234159e-01 -6.0315073e-02  6.3582343e-01]
 [-3.9835207e-02 -4.4062458e-02  4.2939401e-01]
 [ 7.1490593e-03  1.8875048e-02  2.2953747e-01]]
[[ 0.          0.          0.06140582]
 [ 0.07646967  0.0739743   0.06206346]
 [-0.17512065  0.3727848   0.19831482]
 [-0.56331074  0.40806958  0.01130072]
 [-0.64646196  0.50178015  0.00416049]
 [-0.07672937 -0.07389474  0.06092551]
 [-0.3409508   0.16172554  0.14937782]
 [-0.6380787   0.29134932  0.0131752 ]
 [-0.7202466   0.3921112   0.        ]
 [-0.02107223 -0.0364144   0.23342776]
 [-0.07715382 -0.07461014  0.4243998 ]
 [-0.22907324 -0.02403325  0.42758292]
 [-0.18208653 -0.08003366  0.49277484]
 [-0.14036776 -0.1372136   0.3873756 ]
 [-0.05184108 -0.25084293  0.19834358]
 [-0.00141175 -0.2120331   0.12489821]
 [ 0.04039042 -0.0288946   0.42417192]
 [ 0.25548306 -0.04390752  0.2758909 ]
 [ 0.47286585 -0.02427968  0.08285747]]
[[ 0.          0.          0.05886935]
 [ 0.08022024  0.07109521  0.06132258]
 [-0.16571859  0.38261598  0.19416794]
 [-0.50487775  0.49081823  0.01081637]
 [-0.5929309   0.58364505  0.02353708]
 [-0.08043661 -0.07105926  0.05655094]
 [-0.33857435  0.17770182  0.14991546]
 [-0.60164046  0.34973684  0.        ]
 [-0.6769146   0.45582682  0.00494695]
 [-0.00239741 -0.05771279  0.22026503]
 [-0.03223648 -0.11639109  0.40599287]
 [-0.17250818 -0.05874246  0.42571986]
 [-0.13263595 -0.12197101  0.48386353]
 [-0.10127056 -0.1689139   0.36502928]
 [-0.02795511 -0.25056276  0.17633793]
 [ 0.05379355 -0.22482191  0.10900734]
 [ 0.08447383 -0.07630077  0.40703413]
 [ 0.30996335 -0.1221969   0.28351024]
 [ 0.54902166 -0.10975254  0.11965559]]
[[ 0.          0.          0.0536757 ]
 [ 0.08285156  0.07152751  0.05678301]
 [-0.15210524  0.3986314   0.18417598]
 [-0.43037426  0.53929985  0.        ]
 [-0.51621103  0.6345686   0.03245808]
 [-0.08295571 -0.07154227  0.05074089]
 [-0.33366242  0.1832319   0.13827662]
 [-0.51935863  0.44577637  0.0049298 ]
 [-0.5889219   0.54695     0.02696423]
 [ 0.00640561 -0.09433462  0.19728842]
 [-0.00648026 -0.18582381  0.373918  ]
 [-0.12779836 -0.1190272   0.40996015]
 [-0.09177128 -0.18943006  0.4578882 ]
 [-0.07864894 -0.22534257  0.32909173]
 [-0.02223635 -0.249366    0.15601349]
 [ 0.06511915 -0.25341296  0.11479716]
 [ 0.10974151 -0.14687613  0.3746102 ]
 [ 0.33232355 -0.22454336  0.27676845]
 [ 0.5807089  -0.22617364  0.14423463]]
[[ 0.          0.          0.10062626]
 [ 0.08950205  0.06361787  0.10191084]
 [-0.15092823  0.39033708  0.19895932]
 [-0.33896285  0.5355808   0.        ]
 [-0.41761732  0.63115126  0.04671666]
 [-0.08952101 -0.06368217  0.09950927]
 [-0.32677728  0.19582275  0.17645508]
 [-0.4141662   0.4838311   0.03252783]
 [-0.453431    0.5989989   0.06896171]
 [ 0.03662464 -0.11826587  0.21590377]
 [ 0.06683061 -0.23775874  0.37251973]
 [-0.01479461 -0.15929733  0.43242916]
 [ 0.01272738 -0.2401344   0.47611043]
 [-0.01993938 -0.257443    0.31925735]
 [-0.0359513  -0.24590103  0.16393979]
 [ 0.00568302 -0.1681111   0.20039634]
 [ 0.18106641 -0.2139141   0.3650616 ]
 [ 0.39113536 -0.313557    0.31160828]
 [ 0.6283531  -0.2834948   0.24618192]]
[[ 0.          0.          0.08451012]
 [ 0.0893798   0.04473557  0.06309064]
 [-0.12735277  0.3759268   0.2373214 ]
 [-0.20701593  0.46124333  0.        ]
 [-0.25340044  0.53939545  0.03565323]
 [-0.08931686 -0.04478515  0.10596369]
 [-0.31268167  0.19503     0.29103628]
 [-0.298122    0.37687588  0.06808126]
 [-0.22879997  0.4674713   0.06658053]
 [ 0.07148165 -0.12493756  0.16682002]
 [ 0.15161714 -0.24974704  0.30222458]
 [ 0.13428068 -0.1649867   0.39640793]
 [ 0.13862704 -0.26292926  0.43620515]
 [ 0.04325092 -0.2387367   0.2651891 ]
 [-0.07026234 -0.11153212  0.17060336]
 [-0.04558139 -0.07256699  0.3134249 ]
 [ 0.26165098 -0.24394631  0.263649  ]
 [ 0.4259336  -0.25933436  0.29967034]
 [ 0.5335009  -0.20015913  0.30262473]]
[[ 0.          0.          0.04930407]
 [ 0.09108984  0.04506416  0.02115228]
 [-0.0976795   0.36039436  0.23676232]
 [-0.19517672  0.39674827  0.        ]
 [-0.22817284  0.47660935  0.0322147 ]
 [-0.09098518 -0.04513093  0.07747518]
 [-0.31874126  0.17595375  0.32033974]
 [-0.30744743  0.32241336  0.07664047]
 [-0.23610592  0.41053927  0.06575599]
 [ 0.07365523 -0.1317239   0.1129147 ]
 [ 0.15825054 -0.26759303  0.22707814]
 [ 0.15658501 -0.19106467  0.33049297]
 [ 0.1526612  -0.29480603  0.3616029 ]
 [ 0.03891687 -0.2529874   0.20000449]
 [-0.10537773 -0.10456692  0.14609015]
 [-0.06478277 -0.10147116  0.31706947]
 [ 0.27294198 -0.26108655  0.17923674]
 [ 0.37692827 -0.26314673  0.22967245]
 [ 0.46380213 -0.16332452  0.26754004]]
[[ 0.          0.          0.03256139]
 [ 0.09767435  0.04124373  0.        ]
 [-0.01713678  0.37600523  0.25305068]
 [-0.1619417   0.35677615  0.0419814 ]
 [-0.1911149   0.44125324  0.07340381]
 [-0.09760031 -0.04121923  0.06506785]
 [-0.31469     0.19322106  0.35542718]
 [-0.31346756  0.26988238  0.11271434]
 [-0.25388765  0.37042683  0.08450991]
 [ 0.07934585 -0.09613592  0.08264512]
 [ 0.18305726 -0.19527328  0.18076426]
 [ 0.20074217 -0.13119699  0.29026663]
 [ 0.1903947  -0.24680328  0.30861366]
 [ 0.04423273 -0.1775028   0.16840252]
 [-0.11989486  0.00826073  0.20579797]
 [-0.00223067 -0.02987272  0.39699128]
 [ 0.3050941  -0.19165929  0.12078874]
 [ 0.29185885 -0.15808612  0.11500264]
 [ 0.29269257 -0.02017651  0.16959117]]
[[ 0.          0.          0.03515874]
 [ 0.09761022  0.03984335  0.        ]
 [-0.02031359  0.35430372  0.24447246]
 [-0.20923701  0.29762852  0.04459725]
 [-0.22018269  0.37547147  0.08183487]
 [-0.09749012 -0.03986611  0.07026563]
 [-0.3026116   0.17793018  0.3323747 ]
 [-0.31512928  0.27225986  0.11846277]
 [-0.24805456  0.36357516  0.10542615]
 [ 0.08906762 -0.08225456  0.09131715]
 [ 0.19738415 -0.17818631  0.18574686]
 [ 0.21864939 -0.10319257  0.29210472]
 [ 0.20418188 -0.2194911   0.3106869 ]
 [ 0.05804664 -0.15385325  0.1742817 ]
 [-0.10654996  0.03573887  0.2150323 ]
 [-0.00288405 -0.03482005  0.39009613]
 [ 0.32024068 -0.17728716  0.12857383]
 [ 0.28140897 -0.13861153  0.14595053]
 [ 0.25217584 -0.0237157   0.20264772]]
[[ 0.          0.          0.03863001]
 [ 0.0937172   0.02741696  0.        ]
 [-0.03518629  0.27436477  0.18994898]
 [-0.46179807  0.10045582  0.1719361 ]
 [-0.40784395  0.11418897  0.23336509]
 [-0.09366752 -0.02754428  0.07726224]
 [-0.23946357  0.09028399  0.17428431]
 [-0.40837243  0.21678808  0.22265543]
 [-0.3949927   0.29028365  0.30519277]
 [ 0.10864511 -0.03106085  0.12409844]
 [ 0.21769574 -0.10465956  0.2423787 ]
 [ 0.24553874 -0.0173209   0.34129816]
 [ 0.22890112 -0.13461445  0.369822  ]
 [ 0.06632163 -0.09869672  0.22702023]
 [-0.1510381   0.05519059  0.3748871 ]
 [-0.00184397  0.01483855  0.50089705]
 [ 0.36007226 -0.08926504  0.20009945]
 [ 0.18675707  0.07265948  0.31044185]
 [-0.05826078  0.1396192   0.37006572]]
