[[ 0.          0.          0.6843564 ]
 [ 0.09572377  0.05732654  0.69942737]
 [-0.07994436  0.30411032  0.47731423]
 [-0.11053547  0.36471725  0.04562873]
 [-0.23962897  0.4781947   0.        ]
 [-0.09600006 -0.05754022  0.66869164]
 [ 0.09948911 -0.0395844   0.33290297]
 [ 0.37817198 -0.38306522  0.3209538 ]
 [ 0.508475   -0.36482623  0.2138381 ]
 [-0.02723316  0.00420383  0.9138396 ]
 [-0.05744965  0.04435304  1.1606519 ]
 [-0.09473653  0.14041665  1.1674273 ]
 [-0.09322     0.08809519  1.2303338 ]
 [-0.20984595  0.02646807  1.1545469 ]
 [-0.27487886 -0.01932701  0.9572299 ]
 [-0.23600587  0.1868595   0.9213737 ]
 [ 0.0953971   0.02105469  1.132976  ]
 [ 0.330588   -0.07634908  1.0917599 ]
 [ 0.48154414 -0.08234166  0.8935088 ]]
[[ 0.          0.          0.71622   ]
 [ 0.09921874  0.05066625  0.7321174 ]
 [-0.03609221  0.316985    0.47334725]
 [-0.06180079  0.35478178  0.04051775]
 [-0.1752109   0.46888736  0.        ]
 [-0.09945074 -0.05078907  0.6997652 ]
 [ 0.05154565  0.0081512   0.3449305 ]
 [ 0.33311468 -0.3808239   0.42182285]
 [ 0.4865073  -0.3682838   0.3580758 ]
 [-0.01604759  0.04069844  0.9375293 ]
 [-0.03955191  0.11232013  1.1721243 ]
 [-0.08454379  0.20386893  1.1803901 ]
 [-0.08122994  0.14739332  1.2435944 ]
 [-0.18980072  0.08992797  1.1715915 ]
 [-0.24739593 -0.00553119  0.98179376]
 [-0.20598716  0.16680473  0.85700846]
 [ 0.11228801  0.08952969  1.1385669 ]
 [ 0.32209218  0.00492808  1.0301058 ]
 [ 0.40646783  0.05363942  0.80784285]]
[[ 0.00000000e+00  0.00000000e+00  7.53315687e-01]
 [ 1.01285487e-01  4.66924608e-02  7.68827379e-01]
 [ 2.15962827e-02  3.12987030e-01  4.76298630e-01]
 [ 2.24632919e-02  2.96870410e-01  5.05675673e-02]
 [-7.70593137e-02  4.14498925e-01  0.00000000e+00]
 [-1.01449855e-01 -4.67574038e-02  7.37307847e-01]
 [-2.11744048e-02  5.63878715e-02  3.69011432e-01]
 [ 2.51640141e-01 -3.85708511e-01  4.93040562e-01]
 [ 4.05097842e-01 -3.80265772e-01  4.52008456e-01]
 [-4.66093048e-03  7.75601864e-02  9.66251314e-01]
 [-2.14725435e-02  1.85339212e-01  1.18870902e+00]
 [-7.47576654e-02  2.69231975e-01  1.19853139e+00]
 [-7.02331364e-02  2.14908600e-01  1.26429462e+00]
 [-1.64595202e-01  1.54441684e-01  1.19148755e+00]
 [-2.05476686e-01 -9.83685255e-04  1.00105941e+00]
 [-1.58837110e-01  1.27087757e-01  8.29829454e-01]
 [ 1.27663046e-01  1.68985665e-01  1.14997172e+00]
 [ 2.99737126e-01  1.32593244e-01  9.77178574e-01]
 [ 3.08488280e-01  2.51760125e-01  7.74561465e-01]]
[[ 0.          0.          0.74727684]
 [ 0.10746074  0.05627085  0.75705343]
 [ 0.10200956  0.3171266   0.45230097]
 [ 0.1593764   0.22961599  0.0635013 ]
 [ 0.06447808  0.34928137  0.        ]
 [-0.10761792 -0.05623947  0.7370835 ]
 [-0.10809815  0.09531409  0.38780665]
 [ 0.17681336 -0.35065913  0.45469582]
 [ 0.27537245 -0.3335473   0.37484846]
 [-0.00481936  0.0941909   0.95585   ]
 [-0.02509831  0.22333395  1.1743045 ]
 [-0.08518553  0.2996896   1.1864986 ]
 [-0.07766345  0.24755114  1.2556806 ]
 [-0.16665994  0.17491883  1.1815557 ]
 [-0.15220731 -0.00904787  0.977354  ]
 [-0.12481794  0.09156877  0.8109855 ]
 [ 0.13287956  0.22217298  1.1289077 ]
 [ 0.2444436   0.21877874  0.90040493]
 [ 0.15931782  0.3816331   0.7840524 ]]
[[ 0.          0.          0.70372784]
 [ 0.11118893  0.05547432  0.70133275]
 [ 0.23252419  0.2818098   0.38925514]
 [ 0.407265    0.05710232  0.12552214]
 [ 0.33620057  0.14314514  0.        ]
 [-0.11128584 -0.0553607   0.70584667]
 [-0.16567299  0.237084    0.48681515]
 [ 0.00492512 -0.10384834  0.3040309 ]
 [-0.02728496 -0.04909915  0.13852477]
 [-0.01533558  0.08749782  0.9151303 ]
 [-0.04532309  0.20554811  1.1410577 ]
 [-0.11709754  0.2691598   1.1630515 ]
 [-0.11390632  0.19651157  1.2255315 ]
 [-0.1829063   0.14149821  1.1520351 ]
 [-0.14537981 -0.0707176   1.0053022 ]
 [-0.14354774  0.05824602  0.9353335 ]
 [ 0.1098346   0.2192932   1.0942789 ]
 [ 0.15479228  0.30656397  0.8469448 ]
 [-0.01308343  0.45306587  0.9085076 ]]
[[ 0.          0.          0.6486894 ]
 [ 0.10667075  0.04924583  0.64607537]
 [ 0.3053069   0.2506174   0.3785305 ]
 [ 0.5118062  -0.01889789  0.17776698]
 [ 0.48894966  0.01356983  0.        ]
 [-0.10674611 -0.04908979  0.65124637]
 [-0.17625234  0.2961955   0.4945014 ]
 [-0.09838549  0.11012191  0.14239013]
 [-0.16701555  0.19814989  0.00745839]
 [-0.02780724  0.04638326  0.86576366]
 [-0.07002419  0.1203371   1.1001887 ]
 [-0.13960692  0.18193197  1.1169331 ]
 [-0.13005315  0.10670674  1.1674349 ]
 [-0.19532812  0.06565991  1.1091075 ]
 [-0.11083577 -0.15406099  1.2299536 ]
 [-0.10134219 -0.21618056  1.1837838 ]
 [ 0.07765897  0.13733542  1.064521  ]
 [ 0.11560918  0.26292777  0.8237418 ]
 [-0.06837741  0.35871217  0.9482129 ]]
[[ 0.          0.          0.63249826]
 [ 0.10742796  0.04849616  0.63718957]
 [ 0.2802838   0.20927382  0.35443005]
 [ 0.48323697 -0.15056732  0.33094472]
 [ 0.506449   -0.15111074  0.15990183]
 [-0.10754658 -0.04834069  0.6280017 ]
 [-0.20326918  0.32055366  0.47825056]
 [-0.18095732  0.30564538  0.07604438]
 [-0.2559747   0.42823517  0.        ]
 [-0.03950752  0.02821954  0.8496491 ]
 [-0.09769028  0.08279657  1.0878049 ]
 [-0.19303812  0.12094462  1.1057024 ]
 [-0.18623094  0.05161273  1.1600682 ]
 [-0.20319985  0.02393082  1.0830965 ]
 [-0.10138655 -0.17870578  1.1811095 ]
 [-0.14715317 -0.21077928  1.145184  ]
 [ 0.03977315  0.10625002  1.061659  ]
 [ 0.10845822  0.23187798  0.8203403 ]
 [-0.08745447  0.335852    0.8693962 ]]
[[ 0.          0.          0.6133464 ]
 [ 0.10479924  0.0424912   0.61864805]
 [ 0.13823788  0.08691266  0.27111033]
 [ 0.2494157  -0.37425855  0.40853137]
 [ 0.33041972 -0.39963177  0.37280846]
 [-0.10491161 -0.04244791  0.6084772 ]
 [-0.17646518  0.34032446  0.39312595]
 [-0.15932313  0.53047025  0.01457512]
 [-0.23835838  0.6821557   0.        ]
 [-0.04320458  0.05273154  0.81627995]
 [-0.11667036  0.10962272  1.0417008 ]
 [-0.24351507  0.13550511  1.0525558 ]
 [-0.22401032  0.08850852  1.1183175 ]
 [-0.20498097  0.03933105  1.0045894 ]
 [-0.13160042 -0.09362683  0.79789805]
 [-0.13176242  0.03785995  0.6638805 ]
 [ 0.01521116  0.13477778  1.025897  ]
 [ 0.17415267  0.15646839  0.7944589 ]
 [ 0.14360482  0.26758376  0.6243466 ]]
[[ 0.          0.          0.61824596]
 [ 0.10081814  0.04577765  0.62481445]
 [ 0.08322112  0.08638602  0.2687234 ]
 [ 0.18232167 -0.3872981   0.41864508]
 [ 0.25851712 -0.41694844  0.39440697]
 [-0.10095364 -0.04572268  0.61206007]
 [-0.1563018   0.33396125  0.3890751 ]
 [-0.10669753  0.5304446   0.02355659]
 [-0.1836608   0.68415844  0.        ]
 [-0.04391803  0.05720969  0.81797504]
 [-0.11931986  0.11178172  1.0405037 ]
 [-0.24934563  0.13277861  1.0545759 ]
 [-0.22956759  0.08349049  1.1156579 ]
 [-0.20597112  0.03986788  1.0034721 ]
 [-0.13188341 -0.09477571  0.78260624]
 [-0.16679953  0.04155318  0.6430814 ]
 [ 0.01078394  0.13606608  1.0243951 ]
 [ 0.19545563  0.13712746  0.8122468 ]
 [ 0.21741197  0.2290529   0.59418005]]
[[ 0.          0.          0.6520374 ]
 [ 0.10200688  0.05758974  0.6603063 ]
 [-0.01360018  0.14460006  0.3286422 ]
 [ 0.12618355 -0.31183016  0.43560854]
 [ 0.1565347  -0.3254186   0.3460816 ]
 [-0.10215338 -0.05758172  0.6439212 ]
 [-0.11715022  0.29613453  0.38469282]
 [-0.00672105  0.46019387  0.04367661]
 [-0.08597842  0.6171199   0.        ]
 [-0.05372953  0.05647251  0.8505089 ]
 [-0.13498339  0.11039805  1.0745566 ]
 [-0.26043212  0.1345048   1.0954757 ]
 [-0.24227712  0.07945979  1.1518612 ]
 [-0.24202013  0.03331265  1.0408812 ]
 [-0.20670772 -0.1091104   0.808776  ]
 [-0.24886194  0.08392105  0.71011585]
 [ 0.00960929  0.13048154  1.0579646 ]
 [ 0.25047085  0.10160801  0.9145398 ]
 [ 0.3610257   0.15083346  0.6873711 ]]
[[ 0.          0.          0.64612633]
 [ 0.09392586  0.05987163  0.6603432 ]
 [-0.12065488  0.2753853   0.45665663]
 [ 0.02015059 -0.074505    0.30140948]
 [-0.01593839 -0.01409033  0.15644011]
 [-0.09407056 -0.05998004  0.6314102 ]
 [ 0.00492432  0.20008421  0.33154365]
 [ 0.22488374  0.2986077   0.0878408 ]
 [ 0.17505297  0.44398913  0.        ]
 [-0.05311733  0.0371671   0.860084  ]
 [-0.11582279  0.09459215  1.099245  ]
 [-0.21373194  0.15525597  1.1333394 ]
 [-0.19456631  0.09487623  1.1890724 ]
 [-0.25222373  0.05020523  1.0717247 ]
 [-0.2989962  -0.02498648  0.81370497]
 [-0.30107903  0.1880261   0.88340884]
 [ 0.03916929  0.08493415  1.0798703 ]
 [ 0.31850344 -0.00340071  1.0556777 ]
 [ 0.5053207  -0.02430873  0.86337095]]
[[ 0.          0.          0.5990576 ]
 [ 0.0909001   0.05401303  0.61834484]
 [-0.15969077  0.29530004  0.49472076]
 [-0.06464809  0.09323305  0.14747357]
 [-0.15887031  0.19091722  0.02372497]
 [-0.09105764 -0.05419884  0.5791157 ]
 [ 0.08135884  0.16302115  0.29154858]
 [ 0.33501965  0.19480127  0.1335217 ]
 [ 0.33656895  0.30168304  0.        ]
 [-0.04749532  0.01559587  0.8190447 ]
 [-0.09662238  0.06413186  1.0650704 ]
 [-0.1754637   0.14641345  1.0989606 ]
 [-0.15922712  0.08126897  1.1552721 ]
 [-0.24261302  0.04357457  1.0455759 ]
 [-0.31070143  0.01648027  0.7958764 ]
 [-0.26980555  0.2113266   0.9252647 ]
 [ 0.06048895  0.04033223  1.0431246 ]
 [ 0.3318166  -0.06228662  1.0603795 ]
 [ 0.52510417 -0.10031378  0.8901321 ]]
[[ 0.          0.          0.59865475]
 [ 0.0957218   0.04698283  0.61528075]
 [-0.13139999  0.30249378  0.48981094]
 [-0.12305939  0.27313024  0.06619036]
 [-0.24443883  0.3955756   0.        ]
 [-0.09591888 -0.04716903  0.581273  ]
 [ 0.10818574  0.11824435  0.2857101 ]
 [ 0.39591685  0.01975855  0.2578704 ]
 [ 0.46550918  0.10099313  0.11981168]
 [-0.03230365  0.00806424  0.8216822 ]
 [-0.06522301  0.05704951  1.0694251 ]
 [-0.12784469  0.14659166  1.1028298 ]
 [-0.11591154  0.0761894   1.1593902 ]
 [-0.21888909  0.0488053   1.059154  ]
 [-0.30851358  0.01167308  0.81563306]
 [-0.23950243  0.23599836  0.89242923]
 [ 0.09432156  0.02722758  1.0407988 ]
 [ 0.3470236  -0.07849145  1.0304345 ]
 [ 0.5117589  -0.09250011  0.83457893]]
[[ 0.          0.          0.6206347 ]
 [ 0.10258614  0.04311044  0.63596284]
 [-0.03423417  0.3582433   0.43647295]
 [-0.08599058  0.42239016  0.01776445]
 [-0.19203651  0.5472121   0.        ]
 [-0.10284882 -0.04321599  0.6045566 ]
 [ 0.06782885  0.09983155  0.28131452]
 [ 0.36403602 -0.15462826  0.39313367]
 [ 0.49502152 -0.10216069  0.31954515]
 [-0.00674072  0.04736497  0.8378779 ]
 [-0.02007668  0.12053186  1.0746045 ]
 [-0.07911496  0.19678736  1.1079437 ]
 [-0.06324375  0.12926501  1.1672544 ]
 [-0.16961876  0.10120001  1.075063  ]
 [-0.25719747 -0.01509842  0.87192094]
 [-0.21327609  0.17937306  0.7642096 ]
 [ 0.13189757  0.09993821  1.0326934 ]
 [ 0.35401732  0.01705873  0.92603827]
 [ 0.43035966  0.07185263  0.6991574 ]]
[[ 0.00000000e+00  0.00000000e+00  6.68312669e-01]
 [ 1.03946418e-01  4.25892621e-02  6.82744265e-01]
 [ 1.48804933e-02  3.59561175e-01  4.43757117e-01]
 [-2.65012980e-02  3.86211365e-01  2.78283358e-02]
 [-1.19587034e-01  5.14709294e-01  0.00000000e+00]
 [-1.04171380e-01 -4.26417254e-02  6.53221190e-01]
 [ 5.20045310e-03  1.04294866e-01  3.14499527e-01]
 [ 2.89324462e-01 -2.17037201e-01  4.59288538e-01]
 [ 4.33400363e-01 -1.73633143e-01  4.13792461e-01]
 [ 6.11260347e-03  7.44113326e-02  8.78360689e-01]
 [ 9.11623240e-04  1.74689144e-01  1.10577869e+00]
 [-6.53849989e-02  2.42690980e-01  1.14344037e+00]
 [-4.54386324e-02  1.81499779e-01  1.20599103e+00]
 [-1.43415064e-01  1.43570632e-01  1.10731196e+00]
 [-2.14820266e-01 -1.99161768e-02  9.10264075e-01]
 [-1.76599488e-01  1.34778202e-01  7.32480109e-01]
 [ 1.48276985e-01  1.59841180e-01  1.05689073e+00]
 [ 3.33080828e-01  1.07199967e-01  8.90812039e-01]
 [ 3.44827652e-01  2.24160433e-01  6.76983714e-01]]
[[ 0.          0.          0.68513566]
 [ 0.10716619  0.04900756  0.697114  ]
 [ 0.07562331  0.36996168  0.4398043 ]
 [ 0.08678687  0.3601352   0.04445237]
 [-0.01739204  0.4926599   0.        ]
 [-0.10735188 -0.04897779  0.6726432 ]
 [-0.07069229  0.12094255  0.34060913]
 [ 0.20268753 -0.23643796  0.4722333 ]
 [ 0.33645386 -0.19864517  0.40104684]
 [ 0.01030985  0.08521882  0.8913833 ]
 [ 0.00598929  0.19950038  1.116931  ]
 [-0.06571206  0.26536244  1.1635934 ]
 [-0.04509544  0.20936152  1.2248116 ]
 [-0.13493893  0.15448716  1.1174661 ]
 [-0.16512321 -0.01826191  0.9053507 ]
 [-0.12381732  0.11397376  0.73304963]
 [ 0.1571193   0.19652003  1.0621475 ]
 [ 0.29133797  0.17949095  0.84798104]
 [ 0.24345165  0.34878856  0.68515694]]
[[ 0.          0.          0.66010046]
 [ 0.11314073  0.04536447  0.6623828 ]
 [ 0.21102874  0.33717483  0.3771053 ]
 [ 0.33605772  0.20422584  0.09071594]
 [ 0.24561432  0.31959182  0.        ]
 [-0.11329275 -0.04521548  0.6574883 ]
 [-0.16112986  0.2605777   0.43163154]
 [ 0.02965801 -0.0862937   0.36404002]
 [ 0.05311514 -0.03256983  0.2132093 ]
 [ 0.00210282  0.08446608  0.8699416 ]
 [-0.00710461  0.19509462  1.1011257 ]
 [-0.07888614  0.24885997  1.1529361 ]
 [-0.06984974  0.17934877  1.2081113 ]
 [-0.14981747  0.13628387  1.1116085 ]
 [-0.13764422 -0.04110135  0.90274715]
 [-0.13336171  0.13015208  0.801565  ]
 [ 0.14593667  0.20566085  1.040095  ]
 [ 0.1948137   0.25312918  0.78448284]
 [ 0.04135523  0.3984264   0.7937965 ]]
[[ 0.          0.          0.6235011 ]
 [ 0.11126675  0.04607426  0.6192642 ]
 [ 0.2732621   0.29719242  0.34255862]
 [ 0.48706394  0.0471175   0.13910463]
 [ 0.43307954  0.11395973  0.        ]
 [-0.11137089 -0.04593769  0.62763107]
 [-0.18526015  0.33121753  0.5136056 ]
 [-0.10063254  0.07748127  0.20542929]
 [-0.13903199  0.1639286   0.06880826]
 [-0.00830874  0.06606957  0.83909285]
 [-0.02582317  0.15336615  1.0795732 ]
 [-0.09383801  0.20791116  1.1290293 ]
 [-0.08336321  0.1248551   1.1794553 ]
 [-0.16292879  0.0957849   1.0878263 ]
 [-0.13205585 -0.10661213  0.94277525]
 [-0.14429425  0.05059642  0.93904805]
 [ 0.12450075  0.1711039   1.0229639 ]
 [ 0.15305102  0.27747396  0.78110445]
 [-0.02043648  0.377775    0.8851658 ]]
[[ 0.          0.          0.5868788 ]
 [ 0.1043741   0.047943    0.5858189 ]
 [ 0.28274554  0.27024803  0.3249295 ]
 [ 0.5252291  -0.01637119  0.21130851]
 [ 0.51931685  0.00857073  0.03546679]
 [-0.10447903 -0.04775896  0.5880842 ]
 [-0.22134241  0.33758092  0.47870678]
 [-0.19222757  0.2353603   0.09724736]
 [-0.262136    0.3505017   0.        ]
 [-0.02642985  0.03620455  0.8038188 ]
 [-0.0632837   0.08788258  1.0488324 ]
 [-0.13750052  0.13425404  1.1016028 ]
 [-0.12142086  0.0491879   1.1474185 ]
 [-0.18671095  0.0368807   1.0552144 ]
 [-0.0803389  -0.1673094   1.0876529 ]
 [-0.09326027 -0.1435931   1.0851014 ]
 [ 0.07911997  0.10750523  0.9965236 ]
 [ 0.12222343  0.24836466  0.7672566 ]
 [-0.05517107  0.34271076  0.87674135]]
[[ 0.          0.          0.5408946 ]
 [ 0.10718864  0.04283115  0.5388339 ]
 [ 0.19108537  0.17124227  0.22685033]
 [ 0.3556928  -0.23303327  0.32013664]
 [ 0.43392742 -0.23057628  0.21250781]
 [-0.10733403 -0.04271802  0.5432369 ]
 [-0.19879124  0.35364193  0.3914727 ]
 [-0.2173425   0.5064247   0.01909626]
 [-0.30751544  0.64723116  0.        ]
 [-0.03657553  0.05606879  0.7507885 ]
 [-0.09220535  0.10558611  0.99127436]
 [-0.1965844   0.14268684  1.055663  ]
 [-0.17629994  0.06988192  1.1109672 ]
 [-0.20891482  0.05496457  0.96330607]
 [-0.13847248 -0.0593553   0.7518426 ]
 [-0.12610647  0.11881879  0.62847036]
 [ 0.05488405  0.12020421  0.95298874]
 [ 0.17191835  0.17113492  0.7113575 ]
 [ 0.0678384   0.32626277  0.646565  ]]
[[ 0.          0.          0.5628259 ]
 [ 0.10544659  0.04331678  0.5619583 ]
 [ 0.0992453   0.14883673  0.21817672]
 [ 0.2395317  -0.28607118  0.35692865]
 [ 0.316822   -0.29723388  0.28268486]
 [-0.10559155 -0.04324389  0.5640413 ]
 [-0.1791065   0.3426263   0.3655682 ]
 [-0.16343212  0.5445341   0.00604558]
 [-0.2591079   0.6969101   0.        ]
 [-0.04141107  0.05903262  0.76478404]
 [-0.1100769   0.09672314  1.0009211 ]
 [-0.22336793  0.12998265  1.0724003 ]
 [-0.19930986  0.05917007  1.1264975 ]
 [-0.22046168  0.04187357  0.96564543]
 [-0.15133515 -0.07441962  0.7494048 ]
 [-0.12273729  0.09716373  0.5846306 ]
 [ 0.03429132  0.11426041  0.96091497]
 [ 0.19461817  0.12191811  0.73922837]
 [ 0.1697775   0.24303138  0.56565714]]
[[ 0.          0.          0.6033722 ]
 [ 0.1016262   0.05337486  0.6048738 ]
 [-0.00486147  0.181665    0.28412208]
 [ 0.14642754 -0.24721897  0.40610436]
 [ 0.19224232 -0.2558058   0.30356187]
 [-0.10178129 -0.05333535  0.6020463 ]
 [-0.13709128  0.32477826  0.37713516]
 [-0.05972591  0.4878876   0.02973288]
 [-0.1466203   0.6449999   0.        ]
 [-0.0442183   0.06178993  0.80182123]
 [-0.11576185  0.09545493  1.0398302 ]
 [-0.23571399  0.12693703  1.1182071 ]
 [-0.20815581  0.04816449  1.165077  ]
 [-0.23236121  0.03580031  1.0025957 ]
 [-0.20982191 -0.08435373  0.7735765 ]
 [-0.19923979  0.11278488  0.6077116 ]
 [ 0.03218605  0.11131907  1.0003879 ]
 [ 0.24248794  0.09317541  0.82537806]
 [ 0.31816065  0.19061822  0.60034287]]
[[ 0.0000000e+00  0.0000000e+00  6.2768108e-01]
 [ 9.4780482e-02  5.7921112e-02  6.3419992e-01]
 [-9.4194964e-02  3.0590627e-01  4.3453759e-01]
 [ 4.7935553e-02 -5.7132453e-02  3.4355378e-01]
 [ 4.1680768e-02 -5.6552887e-04  2.0025647e-01]
 [-9.4921984e-02 -5.7957396e-02  6.2084365e-01]
 [-3.1178772e-02  2.5942308e-01  3.4738839e-01]
 [ 1.6146450e-01  3.3790275e-01  7.3886931e-02]
 [ 9.7843528e-02  4.9242449e-01  0.0000000e+00]
 [-3.8573243e-02  5.2653387e-02  8.3447945e-01]
 [-9.2897460e-02  9.2266679e-02  1.0803417e+00]
 [-2.0124167e-01  1.3397086e-01  1.1588125e+00]
 [-1.7505458e-01  5.6144297e-02  1.2120051e+00]
 [-2.2387782e-01  4.0215075e-02  1.0432119e+00]
 [-2.7242449e-01 -5.2715197e-02  7.9380226e-01]
 [-2.6104927e-01  1.7887285e-01  7.5938845e-01]
 [ 5.4065991e-02  9.0530902e-02  1.0384514e+00]
 [ 3.1022641e-01  1.6709358e-02  9.5816898e-01]
 [ 4.7158867e-01  5.6971371e-02  7.4224168e-01]]
[[ 0.          0.          0.57083505]
 [ 0.08828413  0.05484582  0.5866655 ]
 [-0.1664437   0.3105628   0.49537632]
 [-0.07707793  0.10369498  0.16822472]
 [-0.16257483  0.20680952  0.04234016]
 [-0.08843286 -0.0550069   0.5543658 ]
 [ 0.07174592  0.19563814  0.28017935]
 [ 0.33537775  0.20600721  0.12740913]
 [ 0.3221391   0.3202783   0.        ]
 [-0.03766958  0.02190666  0.787549  ]
 [-0.07827548  0.05642173  1.042397  ]
 [-0.16314024  0.12321258  1.1121635 ]
 [-0.14062688  0.04312849  1.1746635 ]
 [-0.2189177   0.03117582  1.010323  ]
 [-0.28746778 -0.00559515  0.7588807 ]
 [-0.25582567  0.19141826  0.87795365]
 [ 0.06997268  0.03908694  1.0014532 ]
 [ 0.33934492 -0.05601647  0.976919  ]
 [ 0.51983225 -0.07363034  0.7835758 ]]
[[ 0.          0.          0.5423784 ]
 [ 0.08744927  0.04930497  0.55724937]
 [-0.15992889  0.30572683  0.47401   ]
 [-0.13491905  0.21442696  0.09198505]
 [-0.2474078   0.33278644  0.        ]
 [-0.08763988 -0.04947654  0.52676344]
 [ 0.10683075  0.16510086  0.2597466 ]
 [ 0.38381237  0.114335    0.1825042 ]
 [ 0.42572826  0.20918956  0.04228151]
 [-0.03292754  0.00954953  0.76107985]
 [-0.06626055  0.03772327  1.0164391 ]
 [-0.14212728  0.11166227  1.0827771 ]
 [-0.1223786   0.02861577  1.1459382 ]
 [-0.21242768  0.02473918  0.99078876]
 [-0.2927202  -0.00480163  0.7432298 ]
 [-0.23072952  0.18467906  0.87866807]
 [ 0.08690983  0.01480201  0.9740411 ]
 [ 0.35126495 -0.082591    0.9543551 ]
 [ 0.5205974  -0.09247345  0.7519202 ]]
[[ 0.          0.          0.5508846 ]
 [ 0.09964585  0.04428821  0.5617672 ]
 [-0.06407237  0.37834728  0.41980135]
 [-0.12849674  0.45130867  0.01656353]
 [-0.24222589  0.57809556  0.        ]
 [-0.09992561 -0.04440835  0.5392272 ]
 [ 0.0937864   0.13011241  0.24556077]
 [ 0.3981508  -0.07834004  0.31534216]
 [ 0.51622975 -0.01901567  0.22207987]
 [-0.00279836  0.03485669  0.7686858 ]
 [-0.01087364  0.08093426  1.0202639 ]
 [-0.07797316  0.14746565  1.0884979 ]
 [-0.05423569  0.06700206  1.1479423 ]
 [-0.16161466  0.06536925  1.0078506 ]
 [-0.25300092 -0.016726    0.7831059 ]
 [-0.19072112  0.18745188  0.78031445]
 [ 0.14072716  0.06189743  0.96559453]
 [ 0.3709725  -0.02032891  0.87139875]
 [ 0.4592964   0.01375664  0.6411402 ]]
[[ 0.          0.          0.5963875 ]
 [ 0.10228297  0.04304805  0.6077612 ]
 [-0.01087986  0.3900617   0.4085896 ]
 [-0.08051023  0.45046955  0.00940025]
 [-0.1820203   0.57636684  0.        ]
 [-0.10255904 -0.04311656  0.58431816]
 [ 0.03349744  0.13016318  0.27490696]
 [ 0.32849696 -0.14647251  0.4006402 ]
 [ 0.4758085  -0.0991877   0.35211003]
 [ 0.01282467  0.06368998  0.805765  ]
 [ 0.01559138  0.139651    1.0470963 ]
 [-0.05670959  0.19790629  1.1189159 ]
 [-0.0255688   0.12483352  1.1810129 ]
 [-0.12793444  0.10914382  1.0408852 ]
 [-0.20998627 -0.04074037  0.8441853 ]
 [-0.17699474  0.12482001  0.718723  ]
 [ 0.15860555  0.12885228  0.9819994 ]
 [ 0.35083306  0.07340199  0.8146874 ]
 [ 0.36067083  0.17629506  0.59132314]]
[[ 0.          0.          0.6527593 ]
 [ 0.10544338  0.04892454  0.66519153]
 [ 0.0394567   0.3820067   0.42103082]
 [ 0.01617339  0.40546703  0.02494127]
 [-0.09030485  0.5389359   0.        ]
 [-0.10569195 -0.04890852  0.639764  ]
 [-0.05064628  0.12485805  0.31486532]
 [ 0.24049997 -0.19689153  0.44887605]
 [ 0.38770002 -0.15613937  0.39264917]
 [ 0.01818142  0.07847863  0.85480106]
 [ 0.0260796   0.1782499   1.0888991 ]
 [-0.05015731  0.23300076  1.1635127 ]
 [-0.01469541  0.1691134   1.2260269 ]
 [-0.11434227  0.13310719  1.0852457 ]
 [-0.18035801 -0.03873408  0.8898071 ]
 [-0.14132828  0.12400889  0.7251435 ]
 [ 0.168425    0.1754868   1.0177746 ]
 [ 0.3122294   0.14499007  0.8034328 ]
 [ 0.26230448  0.2807393   0.6074743 ]]
[[ 0.          0.          0.6626944 ]
 [ 0.10726734  0.05521376  0.67015886]
 [ 0.13268235  0.37378806  0.4001883 ]
 [ 0.18671678  0.35002267  0.0536775 ]
 [ 0.06814177  0.48221707  0.        ]
 [-0.1074703  -0.05507127  0.65480834]
 [-0.14434212  0.18605293  0.36165586]
 [ 0.1329846  -0.16684978  0.40822306]
 [ 0.22363964 -0.12117428  0.30427238]
 [ 0.01524152  0.08597085  0.8597711 ]
 [ 0.02374026  0.19657385  1.0878974 ]
 [-0.05337887  0.24037477  1.169338  ]
 [-0.02383087  0.17743003  1.2237936 ]
 [-0.1146619   0.1338245   1.0905335 ]
 [-0.13872387 -0.05001004  0.88397104]
 [-0.09947163  0.12546769  0.72671753]
 [ 0.16626477  0.20593923  1.0142794 ]
 [ 0.25331223  0.22749591  0.76301575]
 [ 0.12335502  0.3355314   0.66135293]]
[[ 0.00000000e+00  0.00000000e+00  6.23939991e-01]
 [ 1.05564639e-01  5.36262803e-02  6.20686352e-01]
 [ 2.44551003e-01  3.08389664e-01  3.39262456e-01]
 [ 4.29593384e-01  1.25706375e-01  1.11753821e-01]
 [ 3.45892906e-01  2.18300849e-01  0.00000000e+00]
 [-1.05645880e-01 -5.34423776e-02  6.27042592e-01]
 [-2.03089714e-01  3.11403662e-01  4.89130795e-01]
 [-6.13534972e-02  3.03175747e-02  2.61917323e-01]
 [-1.03434741e-01  1.06445730e-01  1.05649769e-01]
 [ 4.66747954e-03  6.88552260e-02  8.34445953e-01]
 [ 7.45937228e-04  1.50498658e-01  1.07764852e+00]
 [-7.68624246e-02  1.90725416e-01  1.15665281e+00]
 [-5.27264774e-02  1.19025886e-01  1.21031165e+00]
 [-1.29906982e-01  7.17733502e-02  1.08130801e+00]
 [-1.13334127e-01 -1.34946823e-01  9.29302275e-01]
 [-1.14419565e-01  2.01209933e-02  8.41942787e-01]
 [ 1.36539996e-01  1.79743409e-01  1.00340033e+00]
 [ 1.68193430e-01  2.81924188e-01  7.55936205e-01]
 [-1.76257491e-02  3.48341942e-01  8.38481128e-01]]
[[ 0.          0.          0.5551553 ]
 [ 0.10103969  0.05189433  0.55059785]
 [ 0.29651192  0.28717756  0.2982999 ]
 [ 0.5349387   0.03683552  0.15952125]
 [ 0.5135781   0.07168072  0.00288808]
 [-0.10112034 -0.05166165  0.55988574]
 [-0.2273823   0.34071493  0.46780905]
 [-0.18849897  0.20005792  0.10432446]
 [-0.2671416   0.31556267  0.        ]
 [-0.01203027  0.03048271  0.77023166]
 [-0.03094138  0.07184899  1.0185685 ]
 [-0.11179471  0.10770023  1.0964186 ]
 [-0.08219892  0.02899504  1.1381046 ]
 [-0.14426756  0.00715998  1.0319576 ]
 [-0.02849217 -0.19523284  1.0621867 ]
 [ 0.01967502 -0.13810202  0.95377374]
 [ 0.09539163  0.10349843  0.94537413]
 [ 0.1210508   0.244609    0.71914196]
 [-0.05035275  0.30503076  0.85012054]]
[[ 0.          0.          0.5331103 ]
 [ 0.10141841  0.04874439  0.5296793 ]
 [ 0.25964558  0.24103664  0.2559675 ]
 [ 0.4923358  -0.09170267  0.267627  ]
 [ 0.5179356  -0.08553374  0.12440348]
 [-0.10150731 -0.04854425  0.53685665]
 [-0.22399831  0.33772063  0.4340632 ]
 [-0.25176412  0.3561775   0.05382884]
 [-0.33747602  0.48188522  0.        ]
 [-0.02088515  0.02891394  0.7482731 ]
 [-0.05139934  0.06096512  0.99609786]
 [-0.1408594   0.09439135  1.0792584 ]
 [-0.11440091  0.0160225   1.1254462 ]
 [-0.15813021  0.00290948  1.0017014 ]
 [-0.02423491 -0.17638722  1.0017495 ]
 [ 0.01797396 -0.09617077  0.8684583 ]
 [ 0.07457243  0.08667171  0.92462695]
 [ 0.12254954  0.20442584  0.6930003 ]
 [-0.04305138  0.3042552   0.7628446 ]]
[[ 0.          0.          0.55503356]
 [ 0.10754907  0.04596154  0.54874235]
 [ 0.10843472  0.15487073  0.21363172]
 [ 0.28933108 -0.25445217  0.36857355]
 [ 0.35645688 -0.26998967  0.30816257]
 [-0.10767327 -0.04589669  0.56171846]
 [-0.18284023  0.34955657  0.3836977 ]
 [-0.19011545  0.5242616   0.01033074]
 [-0.27513146  0.68030924  0.        ]
 [-0.02982512  0.04804496  0.76061726]
 [-0.07839572  0.07449922  1.0033444 ]
 [-0.18850884  0.10963005  1.0965595 ]
 [-0.15373865  0.0341751   1.1439626 ]
 [-0.18923649  0.01037464  0.97547555]
 [-0.12341423 -0.10574739  0.75861704]
 [-0.11660524  0.07503147  0.61770886]
 [ 0.05902182  0.10187921  0.94544137]
 [ 0.19748616  0.14171998  0.712672  ]
 [ 0.14073092  0.26535463  0.5782541 ]]
[[ 0.          0.          0.56903744]
 [ 0.10401075  0.04965193  0.5629462 ]
 [ 0.04277873  0.16046695  0.23707595]
 [ 0.23113608 -0.25415233  0.40734935]
 [ 0.29545102 -0.27433708  0.33696043]
 [-0.10416666 -0.04958598  0.57551384]
 [-0.15417534  0.34818685  0.3800903 ]
 [-0.12289286  0.5164167   0.01780748]
 [-0.20434847  0.676417    0.        ]
 [-0.03199221  0.04487765  0.7714642 ]
 [-0.08500731  0.06137607  1.0139247 ]
 [-0.20123842  0.09089655  1.1098384 ]
 [-0.16354898  0.01145613  1.151866  ]
 [-0.1957297  -0.0027476   0.9824208 ]
 [-0.13228342 -0.11900464  0.751832  ]
 [-0.15655906  0.05774724  0.6113695 ]
 [ 0.05197517  0.08703217  0.9548943 ]
 [ 0.2137438   0.09075867  0.7336353 ]
 [ 0.19801582  0.21065804  0.5375086 ]]
[[ 0.          0.          0.59840226]
 [ 0.09552254  0.05766739  0.5984432 ]
 [-0.07085511  0.29102328  0.37153506]
 [ 0.10123581 -0.10378684  0.39514858]
 [ 0.1293093  -0.08168545  0.26476568]
 [-0.09568315 -0.05765643  0.5982379 ]
 [-0.05361547  0.2905607   0.35745484]
 [ 0.10502098  0.37795442  0.06176853]
 [ 0.02909841  0.53588843  0.        ]
 [-0.02534433  0.05151345  0.8055067 ]
 [-0.06975211  0.07677275  1.0530555 ]
 [-0.182737    0.11205339  1.1512264 ]
 [-0.15051934  0.02594501  1.1930492 ]
 [-0.196397    0.01850748  1.018927  ]
 [-0.20853052 -0.08623377  0.76738787]
 [-0.23308736  0.15067874  0.7422527 ]
 [ 0.07128689  0.08525455  0.9985081 ]
 [ 0.3011159   0.05085355  0.8697305 ]
 [ 0.39782584  0.16133171  0.65598446]]
[[ 0.          0.          0.56198156]
 [ 0.08489697  0.05874817  0.5756158 ]
 [-0.15235996  0.33136186  0.47336352]
 [-0.0355933   0.09865624  0.19459295]
 [-0.101634    0.19344723  0.06591249]
 [-0.0850412  -0.05888339  0.5477386 ]
 [ 0.08006484  0.18416597  0.28344244]
 [ 0.34788713  0.20529068  0.11364311]
 [ 0.31427646  0.33608076  0.        ]
 [-0.02326198  0.02330717  0.77988565]
 [-0.05324027  0.05121544  1.0358329 ]
 [-0.14946315  0.10164869  1.1258438 ]
 [-0.11786804  0.01791418  1.173193  ]
 [-0.18959764  0.0147768   1.0032041 ]
 [-0.26463306 -0.03819266  0.7567488 ]
 [-0.24441779  0.15894452  0.8857341 ]
 [ 0.08948304  0.04512098  0.98576456]
 [ 0.3492327  -0.03773165  0.92855346]
 [ 0.48747703 -0.01238574  0.7043058 ]]
[[ 0.          0.          0.53169453]
 [ 0.08222093  0.0536667   0.54664594]
 [-0.1679056   0.31618834  0.45630783]
 [-0.12208164  0.23357478  0.08432418]
 [-0.2292136   0.34814215  0.        ]
 [-0.0824174  -0.05382442  0.5160179 ]
 [ 0.1283384   0.16016738  0.2554245 ]
 [ 0.42225325  0.1217052   0.16777778]
 [ 0.45069313  0.22371644  0.03132904]
 [-0.02520089  0.00499444  0.74949014]
 [-0.04915651  0.0264211   1.0052544 ]
 [-0.13202024  0.08434314  1.0904288 ]
 [-0.10173389 -0.00217187  1.1393319 ]
 [-0.19073957  0.00331837  0.97902346]
 [-0.27510715 -0.03794748  0.7432405 ]
 [-0.22660667  0.14712945  0.88520205]
 [ 0.09632176  0.01588675  0.95711845]
 [ 0.35876805 -0.06443417  0.90972865]
 [ 0.49315873 -0.04507604  0.6856336 ]]
[[ 0.          0.          0.5284974 ]
 [ 0.09011258  0.04870172  0.5391524 ]
 [-0.08478054  0.37404245  0.40121275]
 [-0.14871034  0.46469072  0.01370341]
 [-0.26541907  0.58317995  0.        ]
 [-0.09040467 -0.04880835  0.51708347]
 [ 0.11040999  0.11561771  0.22699171]
 [ 0.4319909  -0.0605132   0.28880084]
 [ 0.5448763   0.01011139  0.19795603]
 [-0.00357652  0.02808534  0.7439539 ]
 [-0.01177205  0.06554091  0.9962663 ]
 [-0.08838503  0.11855721  1.0773114 ]
 [-0.05548307  0.03839058  1.1295061 ]
 [-0.15623987  0.03931651  0.98252   ]
 [-0.25271726 -0.05303909  0.7606601 ]
 [-0.21025977  0.15020472  0.7837901 ]
 [ 0.13221785  0.05686599  0.93503314]
 [ 0.36519563 -0.01509878  0.83880687]
 [ 0.42904612  0.04159528  0.6066268 ]]
[[ 0.00000000e+00  0.00000000e+00  5.66820264e-01]
 [ 9.66448113e-02  4.85398732e-02  5.76964021e-01]
 [-2.39868909e-02  3.96546900e-01  3.80576998e-01]
 [-1.06638283e-01  4.90352541e-01  0.00000000e+00]
 [-2.09280491e-01  6.11133456e-01  1.12974644e-03]
 [-9.69537497e-02 -4.86046523e-02  5.55997312e-01]
 [ 5.14070205e-02  1.09346122e-01  2.49184042e-01]
 [ 3.62776130e-01 -1.40700236e-01  3.74450326e-01]
 [ 5.05948842e-01 -8.52212906e-02  3.33845258e-01]
 [ 1.16841272e-02  5.61608374e-02  7.76584387e-01]
 [ 1.26842260e-02  1.19150549e-01  1.02108443e+00]
 [-6.51971251e-02  1.65795326e-01  1.10379219e+00]
 [-2.96725184e-02  9.23897028e-02  1.15687108e+00]
 [-1.25852883e-01  8.10165107e-02  1.01152802e+00]
 [-2.04586029e-01 -5.65314889e-02  8.07206988e-01]
 [-1.83584124e-01  1.07260287e-01  7.10278034e-01]
 [ 1.50098547e-01  1.17655456e-01  9.50810909e-01]
 [ 3.45830083e-01  6.22655004e-02  7.91645050e-01]
 [ 3.42155904e-01  1.54549018e-01  5.65087438e-01]]
[[ 0.          0.          0.61541164]
 [ 0.0995806   0.05074746  0.6257341 ]
 [ 0.00998273  0.38774538  0.3917051 ]
 [-0.0395623   0.4548427   0.00853294]
 [-0.14596418  0.58014977  0.        ]
 [-0.09985995 -0.05077403  0.6045085 ]
 [-0.01296758  0.09974948  0.28678548]
 [ 0.2842118  -0.18834987  0.42654216]
 [ 0.43480897 -0.1396896   0.38994408]
 [ 0.01659006  0.0727264   0.8206264 ]
 [ 0.02069367  0.16116625  1.0589842 ]
 [-0.05746342  0.20759094  1.1437256 ]
 [-0.0205911   0.14007622  1.1987301 ]
 [-0.11401707  0.11158222  1.0510473 ]
 [-0.17302173 -0.04203837  0.85167605]
 [-0.15152594  0.08984426  0.72002995]
 [ 0.15730527  0.16359341  0.985856  ]
 [ 0.31719163  0.12954211  0.7845425 ]
 [ 0.26459622  0.24744418  0.58063644]]
[[ 0.          0.          0.6372168 ]
 [ 0.10446547  0.05783604  0.6449635 ]
 [ 0.10839429  0.39289278  0.39385813]
 [ 0.14978413  0.4048295   0.03986895]
 [ 0.02650534  0.5406222   0.        ]
 [-0.10470699 -0.05774077  0.6290079 ]
 [-0.11789706  0.15681346  0.33356884]
 [ 0.17250305 -0.16957664  0.40458968]
 [ 0.27116734 -0.12193665  0.31150144]
 [ 0.0151293   0.08358534  0.8370365 ]
 [ 0.01827522  0.18860286  1.0686626 ]
 [-0.06158748  0.22951001  1.1544517 ]
 [-0.02553672  0.16596627  1.2095433 ]
 [-0.11392969  0.11848831  1.0639015 ]
 [-0.14624463 -0.04274923  0.84306824]
 [-0.16138807  0.14246795  0.7623197 ]
 [ 0.15665986  0.20679516  0.99511874]
 [ 0.25993448  0.22541827  0.75335306]
 [ 0.13056523  0.34441012  0.64641035]]
[[ 0.0000000e+00  0.0000000e+00  6.1669713e-01]
 [ 1.0315030e-01  5.8462471e-02  6.1402518e-01]
 [ 2.3829661e-01  3.3784506e-01  3.5085583e-01]
 [ 4.1932175e-01  1.8375486e-01  1.0440707e-01]
 [ 3.1655520e-01  2.8262088e-01  0.0000000e+00]
 [-1.0327890e-01 -5.8254305e-02  6.1919212e-01]
 [-2.0692223e-01  2.9902178e-01  4.6520948e-01]
 [-3.4749787e-02  1.1271089e-02  2.7471614e-01]
 [-6.7341156e-02  8.1043124e-02  1.2772337e-01]
 [ 5.9033558e-04  7.1730822e-02  8.2519287e-01]
 [-8.1736296e-03  1.5469629e-01  1.0672626e+00]
 [-9.1603518e-02  1.9057906e-01  1.1465038e+00]
 [-6.0683653e-02  1.2162286e-01  1.1992342e+00]
 [-1.3631178e-01  6.6710472e-02  1.0662690e+00]
 [-1.2589839e-01 -1.4239283e-01  9.0709466e-01]
 [-1.4511931e-01  2.2139579e-02  8.3994448e-01]
 [ 1.2422358e-01  1.9434619e-01  9.9496901e-01]
 [ 1.4703977e-01  3.0064443e-01  7.5198460e-01]
 [-3.9226562e-02  3.3193648e-01  8.2002753e-01]]
[[ 0.          0.          0.5366565 ]
 [ 0.09391628  0.05921295  0.5307906 ]
 [ 0.303379    0.30198565  0.29265916]
 [ 0.5493827   0.09625012  0.14184451]
 [ 0.51306415  0.13904592  0.00115645]
 [-0.0939974  -0.05889563  0.54274213]
 [-0.23707277  0.31917998  0.44702637]
 [-0.17922789  0.1793187   0.10313478]
 [-0.26370832  0.28651744  0.        ]
 [-0.01299495  0.02083752  0.74541104]
 [-0.03838084  0.04548261  0.99252325]
 [-0.13156861  0.07680613  1.0698934 ]
 [-0.09220278  0.00332415  1.1216271 ]
 [-0.13695996 -0.03290603  0.9929859 ]
 [-0.01087666 -0.24405226  1.0594447 ]
 [ 0.04657859 -0.16728608  0.9004754 ]
 [ 0.07730721  0.09987065  0.92350245]
 [ 0.08709531  0.2659216   0.70854914]
 [-0.09586746  0.2555912   0.8367784 ]]
[[ 0.          0.          0.49834865]
 [ 0.09502389  0.05463041  0.49612537]
 [ 0.25902706  0.23959702  0.22697657]
 [ 0.5113879  -0.07253617  0.2529599 ]
 [ 0.5570139  -0.07256383  0.14538574]
 [-0.09509078 -0.05436587  0.5010328 ]
 [-0.23674524  0.3328358   0.3899797 ]
 [-0.25494555  0.41796935  0.03527021]
 [-0.34787583  0.5368341   0.        ]
 [-0.02643957  0.01185332  0.7066181 ]
 [-0.06477603  0.02698797  0.95347846]
 [-0.17337126  0.05319071  1.0375043 ]
 [-0.12978731 -0.01385826  1.0905099 ]
 [-0.14851883 -0.04390338  0.95220524]
 [ 0.00524604 -0.2310926   0.9717762 ]
 [ 0.03508359 -0.16812333  0.79332554]
 [ 0.04452224  0.07355151  0.8817291 ]
 [ 0.09218756  0.19494386  0.65332973]
 [-0.08079207  0.24656713  0.7095776 ]]
[[ 0.          0.          0.47027966]
 [ 0.0925944   0.05104566  0.469858  ]
 [ 0.17821631  0.17262386  0.16243604]
 [ 0.385661   -0.19270656  0.30862123]
 [ 0.46799082 -0.21277419  0.26977944]
 [-0.09269725 -0.05088476  0.47129118]
 [-0.2011714   0.347422    0.32317495]
 [-0.22139907  0.59312063  0.        ]
 [-0.33177352  0.7191777   0.00905329]
 [-0.04063708  0.00868601  0.669489  ]
 [-0.09721307  0.00579482  0.9111837 ]
 [-0.21328278  0.03188759  0.99658036]
 [-0.16862302 -0.03424704  1.0524932 ]
 [-0.17401177 -0.05838308  0.8954458 ]
 [-0.02832445 -0.22612384  0.83016515]
 [-0.02613342 -0.11859532  0.69732934]
 [ 0.01395147  0.04720068  0.8448473 ]
 [ 0.11267328  0.12719978  0.6098751 ]
 [ 0.02801009  0.19877937  0.5315083 ]]
[[ 0.0000000e+00  0.0000000e+00  5.0714046e-01]
 [ 9.1870114e-02  5.3536929e-02  5.0438416e-01]
 [ 5.0226256e-02  1.5807319e-01  1.8517211e-01]
 [ 2.3355880e-01 -2.5322098e-01  3.5329959e-01]
 [ 3.1800789e-01 -2.7974877e-01  3.1913725e-01]
 [-9.2010528e-02 -5.3455565e-02  5.1039189e-01]
 [-1.5759182e-01  3.4896705e-01  3.1857204e-01]
 [-1.3655165e-01  6.0408622e-01  2.5856495e-04]
 [-2.5149441e-01  7.5162190e-01  0.0000000e+00]
 [-4.0125098e-02  3.1850606e-02  7.0182782e-01]
 [-1.0390027e-01  3.5347641e-02  9.4090515e-01]
 [-2.2673219e-01  5.8185399e-02  1.0295532e+00]
 [-1.8107605e-01 -6.9789886e-03  1.0829146e+00]
 [-1.8737455e-01 -3.6161065e-02  9.0736353e-01]
 [-1.0045976e-01 -1.5845065e-01  6.9301832e-01]
 [-1.3051280e-01  2.7562000e-02  5.8267933e-01]
 [ 1.4342599e-02  7.9350173e-02  8.7843043e-01]
 [ 1.5548158e-01  1.0537550e-01  6.4813113e-01]
 [ 1.4047267e-01  2.0317583e-01  4.4453275e-01]]
[[ 0.          0.          0.5571598 ]
 [ 0.08643682  0.06555779  0.5581798 ]
 [-0.08224365  0.2266346   0.30312583]
 [ 0.13319966 -0.15605377  0.38238952]
 [ 0.17638406 -0.1502873   0.26613566]
 [-0.08660406 -0.06546539  0.55628484]
 [-0.08947223  0.30935872  0.32130623]
 [ 0.0297465   0.49523038  0.04457247]
 [-0.0733718   0.65455097  0.        ]
 [-0.04358938  0.02690098  0.75135416]
 [-0.10591828  0.02915466  0.992173  ]
 [-0.22760394  0.05383927  1.0883296 ]
 [-0.18549296 -0.02123636  1.1313554 ]
 [-0.20849118 -0.04469344  0.95611   ]
 [-0.17266063 -0.1601187   0.7142165 ]
 [-0.23514126  0.06402678  0.6796793 ]
 [ 0.02086521  0.06478199  0.93528485]
 [ 0.22630388  0.05639462  0.763801  ]
 [ 0.28708917  0.16284788  0.52992344]]
[[ 0.          0.          0.5351333 ]
 [ 0.07586155  0.06980891  0.54828537]
 [-0.1739504   0.33689576  0.44160116]
 [-0.01604703  0.10794041  0.22873545]
 [-0.07903013  0.19457906  0.09431767]
 [-0.07600539 -0.06986649  0.5214697 ]
 [ 0.06752849  0.21668306  0.2811489 ]
 [ 0.33264142  0.31868887  0.09881204]
 [ 0.27618176  0.458766    0.        ]
 [-0.03673318  0.01346266  0.74560905]
 [-0.07935651  0.02987248  0.99779105]
 [-0.18632612  0.06532663  1.085427  ]
 [-0.15075296 -0.0122689   1.1335659 ]
 [-0.20273858 -0.02294248  0.9627361 ]
 [-0.2691969  -0.10644215  0.7202809 ]
 [-0.2769053   0.10022375  0.84189004]
 [ 0.05586566  0.04686809  0.94536954]
 [ 0.30969423 -0.01565021  0.87032133]
 [ 0.4318546   0.01949508  0.6246439 ]]
[[ 0.0000000e+00  0.0000000e+00  4.9069214e-01]
 [ 7.1532339e-02  6.4437717e-02  5.0436878e-01]
 [-2.0003378e-01  3.0614412e-01  4.2451522e-01]
 [-1.4099401e-01  2.2404321e-01  8.7124676e-02]
 [-2.5721121e-01  3.3269757e-01  0.0000000e+00]
 [-7.1697980e-02 -6.4566061e-02  4.7635409e-01]
 [ 1.3755368e-01  1.6462529e-01  2.3740643e-01]
 [ 4.4752419e-01  1.9369334e-01  1.3891798e-01]
 [ 4.4987640e-01  2.9841492e-01  5.7443976e-04]
 [-2.9580642e-02 -7.2470456e-03  7.0232016e-01]
 [-5.9028640e-02  2.0022988e-03  9.5639080e-01]
 [-1.5299070e-01  5.0751507e-02  1.0345664e+00]
 [-1.1510557e-01 -2.5235593e-02  1.0889183e+00]
 [-1.8767172e-01 -3.7711829e-02  9.2910528e-01]
 [-2.7661052e-01 -9.1322869e-02  6.9831520e-01]
 [-2.4013704e-01  1.0085881e-01  8.4775674e-01]
 [ 7.7334233e-02  1.2617290e-02  9.0404534e-01]
 [ 3.4080458e-01 -4.6337277e-02  8.5582340e-01]
 [ 4.6032152e-01 -2.5343932e-02  6.1278909e-01]]
[[ 0.          0.          0.47375548]
 [ 0.07545822  0.05609799  0.4830457 ]
 [-0.15152931  0.3391742   0.38146204]
 [-0.19010049  0.42509744  0.0274213 ]
 [-0.321312    0.5310934   0.        ]
 [-0.0756992  -0.05618766  0.46376497]
 [ 0.13930236  0.12020075  0.19890714]
 [ 0.47996533  0.03616367  0.23803198]
 [ 0.56599164  0.11957124  0.11851501]
 [-0.01764218 -0.00198583  0.68340397]
 [-0.03697266  0.00932989  0.93331015]
 [-0.12772983  0.05517048  1.0098499 ]
 [-0.08854654 -0.01883203  1.0621574 ]
 [-0.17157614 -0.02355763  0.9187205 ]
 [-0.27203584 -0.10329463  0.7024845 ]
 [-0.2285499   0.100687    0.77027166]
 [ 0.09964789  0.0142796   0.87365365]
 [ 0.34396225 -0.03977171  0.803545  ]
 [ 0.42116123  0.00621549  0.56201684]]
[[ 0.0000000e+00  0.0000000e+00  5.1066482e-01]
 [ 8.6711995e-02  5.4304920e-02  5.1931220e-01]
 [-5.5170164e-02  4.0772009e-01  3.5701087e-01]
 [-1.3524076e-01  5.2746707e-01  0.0000000e+00]
 [-2.5203568e-01  6.3988817e-01  1.7186999e-03]
 [-8.7023571e-02 -5.4337937e-02  5.0138497e-01]
 [ 7.8758061e-02  1.0495305e-01  2.0958909e-01]
 [ 4.0536785e-01 -1.1184847e-01  3.2816100e-01]
 [ 5.4581523e-01 -5.1751196e-02  2.8201419e-01]
 [ 4.9156062e-03  4.1426539e-02  7.1906495e-01]
 [-2.1773577e-04  8.6844414e-02  9.6435845e-01]
 [-9.1159970e-02  1.2547934e-01  1.0440798e+00]
 [-4.7447897e-02  5.8308363e-02  1.0943838e+00]
 [-1.3428149e-01  4.3231308e-02  9.5511138e-01]
 [-2.1068588e-01 -8.9869648e-02  7.5813597e-01]
 [-1.8832269e-01  9.0147048e-02  6.7077541e-01]
 [ 1.3445704e-01  9.5560908e-02  8.9421904e-01]
 [ 3.3663577e-01  5.4416835e-02  7.4845272e-01]
 [ 3.3181670e-01  1.4920890e-01  5.2437901e-01]]
[[ 0.          0.          0.5641897 ]
 [ 0.09128269  0.05304301  0.5737431 ]
 [-0.01571867  0.40103707  0.3748779 ]
 [-0.08050421  0.4873066   0.00878155]
 [-0.1925996   0.6077875   0.        ]
 [-0.09158038 -0.05305845  0.5540831 ]
 [ 0.0251339   0.10497905  0.24900654]
 [ 0.3334055  -0.16603881  0.39087093]
 [ 0.48576513 -0.11462086  0.36366582]
 [ 0.01070777  0.05758953  0.7698184 ]
 [ 0.0087098   0.12878841  1.0094273 ]
 [-0.08257098  0.16647547  1.0924834 ]
 [-0.03824759  0.10250622  1.1437272 ]
 [-0.12258728  0.07583076  0.9999741 ]
 [-0.17950737 -0.07241577  0.79971254]
 [-0.15352103  0.08027467  0.6531335 ]
 [ 0.14194638  0.13857692  0.93833774]
 [ 0.31681713  0.1123918   0.7515119 ]
 [ 0.2641318   0.22788814  0.546077  ]]
[[ 0.          0.          0.5998945 ]
 [ 0.09648329  0.0598666   0.60654515]
 [ 0.05322996  0.4025129   0.38214302]
 [ 0.0711749   0.46328828  0.03388619]
 [-0.06045252  0.5919427   0.        ]
 [-0.09674081 -0.05977179  0.59282774]
 [-0.07480878  0.12086362  0.28565013]
 [ 0.23094463 -0.18627769  0.41100952]
 [ 0.3626362  -0.13700664  0.34400615]
 [ 0.00935534  0.0734328   0.8012791 ]
 [ 0.00423744  0.16539854  1.0336409 ]
 [-0.09101719  0.19994581  1.1190346 ]
 [-0.04304363  0.14311868  1.1697218 ]
 [-0.12287846  0.09553108  1.0250888 ]
 [-0.1389402  -0.06276947  0.80697155]
 [-0.11411528  0.0802481   0.6675532 ]
 [ 0.1400778   0.18758988  0.9623346 ]
 [ 0.26425582  0.20577772  0.7340343 ]
 [ 0.15507874  0.3249069   0.59569836]]
[[ 0.          0.          0.5848191 ]
 [ 0.0968575   0.06678863  0.58550155]
 [ 0.19678517  0.3693923   0.3238071 ]
 [ 0.38139734  0.29242873  0.08795303]
 [ 0.24993834  0.4025953   0.        ]
 [-0.09699512 -0.06650993  0.5839779 ]
 [-0.20853889  0.26412565  0.4083987 ]
 [ 0.02598079 -0.00680748  0.3112459 ]
 [ 0.02148675  0.05590895  0.15562621]
 [-0.00731498  0.06374922  0.7856554 ]
 [-0.03093713  0.1292066   1.0219452 ]
 [-0.13894889  0.15282434  1.1087694 ]
 [-0.08852129  0.09698015  1.1577234 ]
 [-0.14039423  0.02536145  1.0070258 ]
 [-0.1178625  -0.1553245   0.8185859 ]
 [-0.11969973 -0.00189093  0.7213198 ]
 [ 0.0885689   0.19242972  0.95762336]
 [ 0.12704498  0.31225362  0.71019375]
 [-0.082306    0.27887213  0.7538205 ]]
[[ 0.          0.          0.53476554]
 [ 0.08813156  0.07132488  0.5321045 ]
 [ 0.2930087   0.31072664  0.2938112 ]
 [ 0.5797673   0.14769527  0.1344114 ]
 [ 0.51773804  0.19507593  0.        ]
 [-0.08817899 -0.07094361  0.5377432 ]
 [-0.2449466   0.30370632  0.45334202]
 [-0.15672798  0.18050545  0.12487099]
 [-0.24840987  0.2828986   0.01984733]
 [-0.01904011  0.00349548  0.7377597 ]
 [-0.05123471  0.01515457  0.9803337 ]
 [-0.16234447  0.03346497  1.0682919 ]
 [-0.1109086  -0.02849853  1.1061416 ]
 [-0.12625284 -0.08739015  0.9779464 ]
 [-0.00240279 -0.29771066  1.042058  ]
 [ 0.06316742 -0.2520689   0.8627996 ]
 [ 0.04388321  0.09699956  0.9142083 ]
 [ 0.0500801   0.2738983   0.71200275]
 [-0.143195    0.20080581  0.8266734 ]]
[[ 0.          0.          0.49472103]
 [ 0.0873041   0.06549326  0.49545506]
 [ 0.27979073  0.26745605  0.24180877]
 [ 0.5778433   0.02576181  0.22686109]
 [ 0.58297795  0.03419787  0.09250605]
 [-0.0873917  -0.06512535  0.49452645]
 [-0.26000547  0.30923137  0.4073574 ]
 [-0.2507944   0.34464312  0.06047258]
 [-0.35564172  0.45531294  0.        ]
 [-0.03079385 -0.01413634  0.6947924 ]
 [-0.07196794 -0.01556671  0.93819785]
 [-0.18746567  0.00255817  1.0293292 ]
 [-0.13372287 -0.05377126  1.0716933 ]
 [-0.13308759 -0.10867938  0.9297393 ]
 [ 0.01090527 -0.30325395  0.9610588 ]
 [ 0.05299023 -0.20789613  0.7641572 ]
 [ 0.01531208  0.06238386  0.8701042 ]
 [ 0.04222066  0.22374117  0.6633507 ]
 [-0.14507088  0.19575514  0.7415624 ]]
[[ 0.0000000e+00  0.0000000e+00  4.4609112e-01]
 [ 8.5727274e-02  5.6952365e-02  4.5110390e-01]
 [ 2.0584796e-01  1.8756071e-01  1.5458667e-01]
 [ 4.5767659e-01 -1.4135860e-01  2.7082953e-01]
 [ 5.3961599e-01 -1.5625420e-01  2.1382257e-01]
 [-8.5806422e-02 -5.6712236e-02  4.4171965e-01]
 [-2.2064376e-01  3.3794752e-01  3.1743172e-01]
 [-2.4649954e-01  5.7149798e-01  0.0000000e+00]
 [-3.6198628e-01  6.8759882e-01  1.8233061e-04]
 [-4.0037327e-02 -8.1912279e-03  6.3919377e-01]
 [-9.5596105e-02 -1.8765181e-02  8.7916005e-01]
 [-2.2051066e-01  2.0702481e-03  9.6909630e-01]
 [-1.6632479e-01 -5.3651154e-02  1.0207242e+00]
 [-1.4762102e-01 -9.7902179e-02  8.5841221e-01]
 [-6.8304464e-03 -2.6901221e-01  8.0034566e-01]
 [-7.5241923e-03 -1.3018109e-01  6.2918395e-01]
 [-9.4177313e-03  4.4946402e-02  8.1193841e-01]
 [ 7.0761308e-02  1.5617794e-01  5.8234239e-01]
 [-3.8331509e-02  1.8464741e-01  5.3697097e-01]]
[[ 0.          0.          0.48817205]
 [ 0.08718516  0.05466311  0.4908008 ]
 [ 0.08159906  0.1544619   0.16634423]
 [ 0.2962873  -0.22781938  0.32801807]
 [ 0.378093   -0.25493583  0.3004772 ]
 [-0.08730784 -0.05454057  0.48609444]
 [-0.16146687  0.34763023  0.3081907 ]
 [-0.15690309  0.6182271   0.        ]
 [-0.2817979   0.7575573   0.00273511]
 [-0.0412958   0.01803793  0.6759885 ]
 [-0.10523006  0.01688394  0.9097518 ]
 [-0.23817715  0.03729427  1.0022323 ]
 [-0.1830292  -0.02022433  1.0525216 ]
 [-0.16862327 -0.06596839  0.8730265 ]
 [-0.08895403 -0.18602723  0.6571404 ]
 [-0.1339913  -0.02904091  0.5488773 ]
 [-0.00689516  0.07181233  0.8475819 ]
 [ 0.12887374  0.12612817  0.61504936]
 [ 0.09161475  0.1994184   0.44100875]]
[[ 0.          0.          0.5398928 ]
 [ 0.0845892   0.06675026  0.5426171 ]
 [-0.04977597  0.19680208  0.24968484]
 [ 0.19283995 -0.18991606  0.36958554]
 [ 0.2426086  -0.201524    0.2910449 ]
 [-0.08478983 -0.06663618  0.5374645 ]
 [-0.10075429  0.31985116  0.32407844]
 [-0.02856064  0.5464814   0.03191978]
 [-0.14534903  0.69733644  0.        ]
 [-0.04757659  0.01940472  0.72915107]
 [-0.11491009  0.01724648  0.96707726]
 [-0.2465513   0.04110855  1.0647626 ]
 [-0.1917523  -0.02792114  1.1073127 ]
 [-0.19931269 -0.06981719  0.93016565]
 [-0.1554058  -0.18680675  0.6888744 ]
 [-0.23026073  0.02333534  0.6448435 ]
 [-0.00116163  0.06670657  0.90716445]
 [ 0.18866032  0.07940382  0.7113483 ]
 [ 0.24469022  0.15909228  0.4851882 ]]
[[ 0.          0.          0.5115487 ]
 [ 0.07102361  0.07645082  0.523348  ]
 [-0.16966045  0.33516622  0.3818011 ]
 [ 0.04404277  0.07812949  0.26108357]
 [ 0.00569315  0.14908719  0.12869847]
 [-0.07116804 -0.07650089  0.49934423]
 [ 0.04324313  0.21080294  0.25616443]
 [ 0.3097236   0.35434526  0.06818733]
 [ 0.2444093   0.48423776  0.        ]
 [-0.04325066  0.0065752   0.7171756 ]
 [-0.09380145  0.01743612  0.9652567 ]
 [-0.21198669  0.0441035   1.0555799 ]
 [-0.16939975 -0.02649236  1.100443  ]
 [-0.20674765 -0.04827848  0.9317937 ]
 [-0.26839772 -0.15423825  0.6874737 ]
 [-0.2988497   0.04849598  0.78991103]
 [ 0.03543562  0.04438064  0.91008   ]
 [ 0.28849107 -0.00306726  0.81697345]
 [ 0.41200545  0.03303977  0.57552725]]
[[ 0.          0.          0.5014553 ]
 [ 0.06502372  0.07387286  0.517037  ]
 [-0.22192848  0.29600096  0.41953593]
 [-0.09253508  0.1912454   0.1283691 ]
 [-0.20753944  0.29224175  0.02492225]
 [-0.06515454 -0.07399056  0.48528633]
 [ 0.11712991  0.15273197  0.22759372]
 [ 0.44977528  0.23486197  0.11973953]
 [ 0.43081057  0.3397338   0.        ]
 [-0.03809271 -0.00883724  0.7118603 ]
 [-0.07708087 -0.0046671   0.9639903 ]
 [-0.183263    0.0333035   1.0505469 ]
 [-0.1407577  -0.04267824  1.0961232 ]
 [-0.19989902 -0.05671543  0.9342663 ]
 [-0.2782359  -0.1305576   0.7026987 ]
 [-0.26783252  0.05543375  0.8469362 ]
 [ 0.05647731  0.01775593  0.91219246]
 [ 0.31508166 -0.03414676  0.8435503 ]
 [ 0.4466828  -0.0246946   0.603018  ]]
[[ 0.          0.          0.47308174]
 [ 0.0648284   0.06517603  0.48754197]
 [-0.18955338  0.31160885  0.37632436]
 [-0.18024954  0.36834258  0.04286301]
 [-0.32607335  0.46988422  0.        ]
 [-0.06501885 -0.06527937  0.45797893]
 [ 0.13783     0.11520642  0.1826334 ]
 [ 0.50026506  0.08137594  0.20822698]
 [ 0.56961507  0.1669634   0.08657691]
 [-0.02807908 -0.00860333  0.679515  ]
 [-0.05877203 -0.00576916  0.9279295 ]
 [-0.15842095  0.02953881  1.0146164 ]
 [-0.1164018  -0.04715878  1.0612732 ]
 [-0.1849134  -0.05318546  0.9066852 ]
 [-0.26518646 -0.15146472  0.69588953]
 [-0.24879906  0.04280913  0.764827  ]
 [ 0.07318718  0.01262155  0.871398  ]
 [ 0.32002017 -0.02549088  0.7855085 ]
 [ 0.4031775   0.0166773   0.5530341 ]]
[[ 0.          0.          0.50565904]
 [ 0.07578847  0.06295732  0.5176023 ]
 [-0.08908346  0.38668346  0.34454837]
 [-0.16150612  0.50517666  0.00235277]
 [-0.30267817  0.6082783   0.        ]
 [-0.07606248 -0.06299103  0.49312228]
 [ 0.0830056   0.08903134  0.18836498]
 [ 0.4220396  -0.101175    0.30626965]
 [ 0.55518806 -0.03848147  0.24159557]
 [-0.00831189  0.03709467  0.7123653 ]
 [-0.02883863  0.0736714   0.9571882 ]
 [-0.12568766  0.10436696  1.0446026 ]
 [-0.08287194  0.03515542  1.0911975 ]
 [-0.15495372  0.02047876  0.94221675]
 [-0.20179582 -0.11449003  0.73922944]
 [-0.19074607  0.03193717  0.6500335 ]
 [ 0.10228242  0.09140339  0.8899152 ]
 [ 0.3065619   0.06556481  0.73747575]
 [ 0.3045051   0.15283713  0.52626264]]
[[ 0.00000000e+00  0.00000000e+00  5.54313898e-01]
 [ 8.19733888e-02  6.35591000e-02  5.64862549e-01]
 [-3.62541378e-02  3.87734085e-01  3.57465744e-01]
 [-7.92415440e-02  4.93198454e-01  1.31787062e-02]
 [-2.17749804e-01  6.03407502e-01  0.00000000e+00]
 [-8.22542906e-02 -6.35415837e-02  5.43241918e-01]
 [ 1.67876221e-02  8.97224545e-02  2.27432191e-01]
 [ 3.37592602e-01 -1.63227722e-01  3.59586030e-01]
 [ 4.84544396e-01 -1.06169775e-01  3.08867961e-01]
 [-3.00951302e-04  6.11028373e-02  7.57263482e-01]
 [-1.74050555e-02  1.26184195e-01  9.95690346e-01]
 [-1.16626740e-01  1.56240493e-01  1.08160675e+00]
 [-7.07866400e-02  9.39928293e-02  1.13448715e+00]
 [-1.38895214e-01  6.20860457e-02  9.81996238e-01]
 [-1.57111630e-01 -8.21079910e-02  7.70342588e-01]
 [-1.28915042e-01  3.23453918e-02  6.05866909e-01]
 [ 1.12714596e-01  1.49250120e-01  9.23330665e-01]
 [ 2.76622355e-01  1.42491415e-01  7.26509869e-01]
 [ 2.00383306e-01  2.39322573e-01  5.35358131e-01]]
[[ 0.          0.          0.59253645]
 [ 0.08886139  0.07033073  0.5968421 ]
 [ 0.06047935  0.40155485  0.345782  ]
 [ 0.13630897  0.46202523  0.04043627]
 [-0.01818222  0.58161545  0.        ]
 [-0.0890733  -0.07009072  0.5879363 ]
 [-0.13218695  0.12581444  0.29900184]
 [ 0.17920934 -0.16724284  0.35135525]
 [ 0.28029984 -0.11433858  0.25100762]
 [-0.00176062  0.08168873  0.78106076]
 [-0.02221336  0.17016962  1.0053446 ]
 [-0.12323155  0.19122183  1.0939293 ]
 [-0.07866266  0.14461774  1.1483989 ]
 [-0.12746298  0.08623871  0.9912292 ]
 [-0.09464516 -0.0625789   0.7834548 ]
 [ 0.00773581 -0.03731593  0.52045447]
 [ 0.09630113  0.20995855  0.93280756]
 [ 0.17614293  0.2568262   0.6905761 ]
 [-0.0209942   0.26852834  0.60312116]]
[[ 0.          0.          0.55799615]
 [ 0.0856505   0.07745743  0.55736727]
 [ 0.22863176  0.36413798  0.30998966]
 [ 0.47091055  0.2727096   0.10585666]
 [ 0.35992217  0.3551327   0.        ]
 [-0.08571112 -0.07702396  0.5587684 ]
 [-0.24737406  0.26392847  0.445023  ]
 [-0.04544768  0.05178025  0.22971591]
 [-0.10395181  0.11872998  0.09181541]
 [-0.0220062   0.0211809   0.75301266]
 [-0.0645649   0.04037878  0.9887253 ]
 [-0.17297035  0.05505371  1.0808797 ]
 [-0.12556872  0.00237262  1.1240809 ]
 [-0.14372957 -0.0727345   0.9859262 ]
 [-0.02546456 -0.3074935   1.0022736 ]
 [ 0.04309    -0.2897752   0.80073804]
 [ 0.03512908  0.12751943  0.9182613 ]
 [ 0.04795184  0.28807658  0.7069803 ]
 [-0.16612415  0.18447843  0.7722881 ]]
[[ 0.          0.          0.5455308 ]
 [ 0.08641522  0.07572031  0.54332894]
 [ 0.2850724   0.31551936  0.30340442]
 [ 0.5782655   0.1692205   0.13143784]
 [ 0.52856815  0.22359735  0.        ]
 [-0.08646612 -0.07531581  0.54807   ]
 [-0.2646258   0.29273582  0.45938468]
 [-0.16483876  0.16329733  0.13433692]
 [-0.26525784  0.2607947   0.02982837]
 [-0.02147846 -0.00125152  0.74400103]
 [-0.05707904  0.00706995  0.98674035]
 [-0.17044549  0.02130276  1.0752119 ]
 [-0.11631292 -0.03294402  1.1224521 ]
 [-0.12534744 -0.10219309  0.9819046 ]
 [ 0.01922809 -0.30747825  1.0086907 ]
 [ 0.07942826 -0.25850412  0.81917226]
 [ 0.03354777  0.09816283  0.9152533 ]
 [ 0.04006122  0.27401012  0.7153274 ]
 [-0.15530646  0.19734457  0.8116221 ]]
[[ 0.          0.          0.48038772]
 [ 0.07984652  0.07282293  0.48109543]
 [ 0.27223873  0.2612733   0.21698949]
 [ 0.5918267   0.05396181  0.20859978]
 [ 0.6196892   0.06782168  0.07239953]
 [-0.07995143 -0.07243848  0.4802245 ]
 [-0.266132    0.2839546   0.3880121 ]
 [-0.27085483  0.34029302  0.04377824]
 [-0.39082754  0.4396711   0.        ]
 [-0.02961085 -0.01669399  0.67811096]
 [-0.06919605 -0.02227834  0.9215899 ]
 [-0.18680117 -0.00930095  1.0158376 ]
 [-0.12574326 -0.06196326  1.0623405 ]
 [-0.12185432 -0.1228078   0.91019475]
 [ 0.03143415 -0.3065393   0.8828846 ]
 [ 0.05086946 -0.21817288  0.6854699 ]
 [ 0.00995765  0.06172207  0.85045725]
 [ 0.04612917  0.21110088  0.6444767 ]
 [-0.14875804  0.18740602  0.682665  ]]
[[ 0.          0.          0.4418972 ]
 [ 0.07823455  0.06317733  0.44502053]
 [ 0.16323665  0.19329804  0.13973367]
 [ 0.43851534 -0.11263356  0.26778132]
 [ 0.5407317  -0.12253833  0.20211744]
 [-0.07834606 -0.06295638  0.43937072]
 [-0.20932162  0.3294922   0.2999931 ]
 [-0.22541872  0.5926024   0.        ]
 [-0.3525111   0.7031161   0.00788391]
 [-0.03712452 -0.00698094  0.63087314]
 [-0.09070548 -0.02094412  0.8684786 ]
 [-0.2208766  -0.00410575  0.96823615]
 [-0.15739955 -0.05123103  1.0166187 ]
 [-0.13599952 -0.11302     0.8356332 ]
 [-0.03925635 -0.24518448  0.65453154]
 [-0.09028141 -0.08592731  0.49727142]
 [-0.01370475  0.05228946  0.80584526]
 [ 0.084952    0.17008513  0.5845018 ]
 [-0.01021823  0.22439966  0.47274932]]
[[ 0.00000000e+00  0.00000000e+00  4.44688529e-01]
 [ 7.77530521e-02  6.44234568e-02  4.47770476e-01]
 [ 7.50116110e-02  1.83904424e-01  1.49282843e-01]
 [ 3.41021061e-01 -1.59087479e-01  2.94397056e-01]
 [ 4.43510830e-01 -1.79509908e-01  2.47293279e-01]
 [-7.78841227e-02 -6.42641485e-02  4.42142725e-01]
 [-1.62816316e-01  3.40329349e-01  2.86272347e-01]
 [-1.27755523e-01  6.15555942e-01  0.00000000e+00]
 [-2.63220727e-01  7.44209886e-01  1.99952722e-03]
 [-4.02762815e-02 -9.69156623e-04  6.31719768e-01]
 [-9.95252728e-02 -1.74570978e-02  8.68951917e-01]
 [-2.32287467e-01  2.42459774e-03  9.70507979e-01]
 [-1.68773025e-01 -4.75961566e-02  1.01622736e+00]
 [-1.52552053e-01 -1.09206945e-01  8.28592777e-01]
 [-8.99462849e-02 -2.18594298e-01  6.00943148e-01]
 [-1.60552904e-01 -4.53407392e-02  4.85903949e-01]
 [-1.58064812e-02  5.07789552e-02  8.09779465e-01]
 [ 1.20708868e-01  1.09930225e-01  5.90634108e-01]
 [ 9.97253284e-02  1.90418243e-01  3.99781644e-01]]
[[ 0.          0.          0.4787813 ]
 [ 0.06866735  0.08122446  0.4862253 ]
 [-0.11021107  0.28770003  0.28691837]
 [ 0.17569833 -0.01158567  0.31546745]
 [ 0.19724044  0.01236299  0.18451276]
 [-0.06880441 -0.08112961  0.47136062]
 [-0.04443568  0.28170434  0.25562507]
 [ 0.1460279   0.5014528   0.04099244]
 [ 0.02984796  0.6398012   0.        ]
 [-0.0479089  -0.00448608  0.67056596]
 [-0.11025601 -0.016761    0.91104496]
 [-0.23682171  0.00343543  1.0151845 ]
 [-0.18103664 -0.05919784  1.0516286 ]
 [-0.19275458 -0.10954186  0.86932194]
 [-0.20011522 -0.22874014  0.6276453 ]
 [-0.28459567 -0.00632957  0.63078547]
 [-0.00166694  0.04500854  0.85657763]
 [ 0.22498983  0.0812819   0.72050744]
 [ 0.30459994  0.17642903  0.4908436 ]]
[[ 0.00000000e+00  0.00000000e+00  4.68085825e-01]
 [ 5.48478253e-02  8.05870295e-02  4.85666752e-01]
 [-2.20382810e-01  3.07735354e-01  3.93308640e-01]
 [-8.05750489e-03  1.61007687e-01  2.00355738e-01]
 [-8.56077075e-02  2.50073850e-01  7.48867989e-02]
 [-5.49638495e-02 -8.06384832e-02  4.50057179e-01]
 [ 8.84334669e-02  1.84395880e-01  2.07951039e-01]
 [ 3.93875539e-01  3.19475144e-01  1.09550118e-01]
 [ 3.49020958e-01  4.38688636e-01  0.00000000e+00]
 [-4.32843342e-02 -1.47621632e-02  6.69099927e-01]
 [-9.32053700e-02 -2.34666467e-02  9.15664911e-01]
 [-2.08844081e-01 -6.28709793e-04  1.01028204e+00]
 [-1.62050352e-01 -6.89665675e-02  1.05186367e+00]
 [-1.98348522e-01 -9.50748622e-02  8.77537966e-01]
 [-2.60085404e-01 -2.02487111e-01  6.52290583e-01]
 [-3.03491920e-01 -1.89684629e-02  7.63744175e-01]
 [ 2.87519582e-02  1.79669261e-02  8.62956464e-01]
 [ 2.87918955e-01 -1.19793415e-02  7.93896973e-01]
 [ 4.02990460e-01  1.00873150e-02  5.50685585e-01]]
[[ 0.0000000e+00  0.0000000e+00  4.0985829e-01]
 [ 5.0855488e-02  7.2515085e-02  4.2724821e-01]
 [-2.3645961e-01  2.8317475e-01  3.5433018e-01]
 [-1.5621266e-01  3.0179530e-01  6.8355173e-02]
 [-2.9037338e-01  4.0503094e-01  0.0000000e+00]
 [-5.1010646e-02 -7.2580665e-02  3.9190283e-01]
 [ 1.3580060e-01  1.5293354e-01  1.4966279e-01]
 [ 4.9141473e-01  2.1894601e-01  1.4840901e-01]
 [ 5.3211117e-01  3.1266853e-01  1.1092186e-02]
 [-3.5474218e-02 -2.4132326e-02  6.0972369e-01]
 [-7.5235590e-02 -3.6932558e-02  8.5494101e-01]
 [-1.8543163e-01 -7.0029497e-03  9.4129574e-01]
 [-1.3925342e-01 -7.8084290e-02  9.8900610e-01]
 [-1.8629755e-01 -9.4903022e-02  8.2304943e-01]
 [-2.5982320e-01 -1.8337108e-01  6.2114769e-01]
 [-2.5419414e-01 -9.0065598e-04  7.2681648e-01]
 [ 4.7359642e-02 -2.6941597e-03  8.0343068e-01]
 [ 3.0598038e-01 -2.8867424e-02  7.3695695e-01]
 [ 3.9787698e-01  1.0795817e-02  5.0356472e-01]]
[[ 0.          0.          0.41009444]
 [ 0.06095619  0.06401239  0.42459682]
 [-0.17647845  0.36165118  0.33172625]
 [-0.21134046  0.47323874  0.01671943]
 [-0.35983878  0.5748191   0.        ]
 [-0.06118155 -0.06401796  0.39502937]
 [ 0.11783607  0.13044529  0.12919986]
 [ 0.4896357   0.07976691  0.20853433]
 [ 0.6037213   0.15546721  0.11356568]
 [-0.02218495 -0.00760502  0.6066243 ]
 [-0.05370089 -0.00883153  0.8469197 ]
 [-0.16485965  0.01337343  0.93556607]
 [-0.11395352 -0.05385667  0.97999537]
 [-0.16532661 -0.06396168  0.8227091 ]
 [-0.23119572 -0.18326423  0.6259297 ]
 [-0.23132104 -0.01017697  0.63962954]
 [ 0.06544965  0.01839676  0.7863648 ]
 [ 0.30160135 -0.01876596  0.6716312 ]
 [ 0.3415274   0.04726241  0.439731  ]]
[[ 0.          0.          0.42865917]
 [ 0.06877583  0.06363957  0.4421419 ]
 [-0.12197042  0.40528125  0.3058508 ]
 [-0.18564922  0.53889996  0.        ]
 [-0.3282252   0.64003617  0.00260097]
 [-0.06903984 -0.06359655  0.41466123]
 [ 0.07013837  0.132914    0.14210972]
 [ 0.43233266 -0.01198332  0.24972664]
 [ 0.58056706  0.05390429  0.1908721 ]
 [-0.01070136  0.02213724  0.62112176]
 [-0.03842846  0.04660809  0.8567555 ]
 [-0.1518543   0.06309974  0.94854105]
 [-0.0968385   0.00293708  0.99135256]
 [-0.14743418 -0.02021453  0.83673704]
 [-0.18800619 -0.16749668  0.6399978 ]
 [-0.191892   -0.00351802  0.556895  ]
 [ 0.0805245   0.07566324  0.78773224]
 [ 0.2863595   0.04129077  0.6308707 ]
 [ 0.27281305  0.1167618   0.4060768 ]]
[[ 0.          0.          0.47223532]
 [ 0.07786191  0.06642394  0.48536187]
 [-0.0461064   0.42265752  0.3161119 ]
 [-0.06282884  0.5259329   0.01043069]
 [-0.20527935  0.6407053   0.        ]
 [-0.07811958 -0.06624931  0.4587152 ]
 [-0.04333764  0.17935932  0.20165676]
 [ 0.33007732 -0.01556961  0.31706178]
 [ 0.4718179   0.05699557  0.24934399]
 [-0.0092174   0.03980745  0.6548899 ]
 [-0.04078106  0.08690044  0.8790035 ]
 [-0.1562393   0.10063362  0.97189534]
 [-0.09802969  0.04822129  1.0177727 ]
 [-0.1420984   0.0023455   0.8575356 ]
 [-0.13178416 -0.15831263  0.65324867]
 [-0.1151311  -0.02010419  0.49971515]
 [ 0.07986692  0.13170937  0.80993927]
 [ 0.2309655   0.15618871  0.5993559 ]
 [ 0.11817952  0.1863465   0.40798706]]
[[ 0.          0.          0.4636764 ]
 [ 0.08253086  0.07365511  0.47404402]
 [ 0.14655253  0.4395029   0.26357025]
 [ 0.3154967   0.4647717   0.06298974]
 [ 0.17216939  0.5730701   0.        ]
 [-0.08265571 -0.07319084  0.45334333]
 [-0.22482848  0.27117172  0.31603682]
 [ 0.08540376  0.08676109  0.2246239 ]
 [ 0.12123445  0.14980781  0.12831226]
 [-0.02667059  0.00982113  0.63194025]
 [-0.07145349  0.02984935  0.84249336]
 [-0.1854092   0.03973931  0.9428971 ]
 [-0.13266093 -0.00325578  0.9782279 ]
 [-0.145742   -0.08531746  0.83927315]
 [-0.0309545  -0.31863347  0.8454606 ]
 [ 0.01824112 -0.27404252  0.67585516]
 [ 0.0278828   0.11780417  0.7744725 ]
 [ 0.08213106  0.28019452  0.5646361 ]
 [-0.1426779   0.20899108  0.54363966]]
[[ 0.          0.          0.43933973]
 [ 0.08312316  0.07354072  0.44276622]
 [ 0.27572998  0.38723624  0.2415884 ]
 [ 0.55686074  0.30101275  0.10509387]
 [ 0.49734855  0.37428486  0.        ]
 [-0.08312189 -0.07303546  0.43637237]
 [-0.25327522  0.32964846  0.37759006]
 [-0.13585405  0.25592154  0.10741398]
 [-0.22251403  0.355865    0.03028262]
 [-0.0172426  -0.0108341   0.6207534 ]
 [-0.04608598 -0.00752437  0.8477268 ]
 [-0.16718644  0.00603855  0.941941  ]
 [-0.10668605 -0.04400012  0.9753398 ]
 [-0.09369222 -0.12702027  0.84705603]
 [ 0.05781975 -0.328943    0.8789322 ]
 [ 0.13402407 -0.25964296  0.70715976]
 [ 0.0239632   0.0943439   0.77676135]
 [ 0.01718647  0.26833642  0.5893539 ]
 [-0.17839535  0.18865924  0.6677076 ]]
[[ 0.          0.          0.3809725 ]
 [ 0.07854944  0.07100365  0.3842578 ]
 [ 0.2977349   0.34937963  0.19166338]
 [ 0.6017124   0.21947098  0.13318509]
 [ 0.60448736  0.255527    0.01110804]
 [-0.07852064 -0.07052916  0.37830606]
 [-0.25040606  0.32966703  0.32243955]
 [-0.2153165   0.38865465  0.04145464]
 [-0.32560024  0.4850416   0.        ]
 [-0.01668669 -0.0353018   0.56267136]
 [-0.04006668 -0.05023396  0.79236627]
 [-0.16128498 -0.04118317  0.8851308 ]
 [-0.09517212 -0.08578199  0.92123324]
 [-0.06681508 -0.16551375  0.7867837 ]
 [ 0.08703583 -0.3484652   0.78753304]
 [ 0.14353561 -0.2573759   0.61576813]
 [ 0.01070217  0.0548417   0.723891  ]
 [ 0.00594506  0.23342815  0.53861505]
 [-0.1778447   0.15650241  0.6194755 ]]
[[ 0.          0.          0.35401964]
 [ 0.07788002  0.06730482  0.35724026]
 [ 0.24789466  0.32420737  0.13418612]
 [ 0.5480529   0.12047112  0.22506124]
 [ 0.6318805   0.12576346  0.1372874 ]
 [-0.07785973 -0.06689813  0.35153934]
 [-0.22348088  0.33350658  0.27874467]
 [-0.22285023  0.5591184   0.        ]
 [-0.34382236  0.6479738   0.00987449]
 [-0.02250597 -0.03559019  0.53565246]
 [-0.05245337 -0.05983421  0.76421076]
 [-0.1769654  -0.04788905  0.86174846]
 [-0.10766944 -0.09448761  0.9004915 ]
 [-0.07539155 -0.16891143  0.7499357 ]
 [ 0.06764404 -0.325831    0.6797121 ]
 [ 0.07707456 -0.1855371   0.50181365]
 [-0.00421167  0.03912652  0.70008934]
 [ 0.0408094   0.19280875  0.50277805]
 [-0.12807402  0.19574128  0.48968774]]
[[ 0.0000000e+00  0.0000000e+00  3.7107530e-01]
 [ 7.6359466e-02  6.5701731e-02  3.7189758e-01]
 [ 1.4427756e-01  2.7979583e-01  1.1440101e-01]
 [ 4.1215974e-01  8.7566674e-04  2.6828980e-01]
 [ 5.3441834e-01 -1.4675796e-02  2.3797834e-01]
 [-7.6366216e-02 -6.5423369e-02  3.7098020e-01]
 [-1.6979524e-01  3.5798043e-01  2.5732833e-01]
 [-1.2271023e-01  6.2707537e-01  0.0000000e+00]
 [-2.5686920e-01  7.4039543e-01  1.7347932e-02]
 [-2.1817276e-02 -2.6866332e-02  5.4587626e-01]
 [-6.4115331e-02 -6.6349864e-02  7.7252591e-01]
 [-1.9694072e-01 -4.8460692e-02  8.7399113e-01]
 [-1.2871507e-01 -9.0251684e-02  9.1657424e-01]
 [-9.3417600e-02 -1.7033905e-01  7.4394172e-01]
 [ 2.9978156e-03 -3.1248140e-01  5.7816482e-01]
 [-3.0915093e-02 -1.2243808e-01  4.3029565e-01]
 [-2.4261773e-03  2.7348846e-02  7.1296549e-01]
 [ 9.8062962e-02  1.5858844e-01  5.0650609e-01]
 [ 2.5570914e-03  2.1821806e-01  3.8501495e-01]]
[[ 0.          0.          0.3742241 ]
 [ 0.06569598  0.07267172  0.38082278]
 [-0.04731785  0.28104803  0.15230916]
 [ 0.25625068 -0.05083981  0.2923441 ]
 [ 0.35038704 -0.0621255   0.24026513]
 [-0.065755   -0.07251556  0.36809576]
 [-0.0751217   0.3359205   0.20142046]
 [ 0.08445868  0.5849689   0.01836863]
 [-0.0479449   0.72991985  0.        ]
 [-0.02800843 -0.03271504  0.54894453]
 [-0.0768766  -0.08251062  0.7793889 ]
 [-0.20591229 -0.06770229  0.88678443]
 [-0.13929902 -0.11892238  0.9224223 ]
 [-0.13485935 -0.18530723  0.7374631 ]
 [-0.11224653 -0.2875459   0.5006809 ]
 [-0.19636671 -0.06576653  0.45503592]
 [ 0.00952454  0.00517464  0.7254194 ]
 [ 0.19249448  0.09991723  0.5501211 ]
 [ 0.17836067  0.20284837  0.34136015]]
[[ 0.          0.          0.35596114]
 [ 0.05656694  0.07980768  0.374971  ]
 [-0.19609064  0.3684693   0.28815037]
 [ 0.07122537  0.18592788  0.22530767]
 [ 0.02623997  0.2677687   0.10908639]
 [-0.05664682 -0.07976814  0.33673045]
 [ 0.04083563  0.24000709  0.13932636]
 [ 0.36452034  0.36777857  0.08773458]
 [ 0.3254218   0.5002806   0.        ]
 [-0.03112012 -0.03530163  0.5468562 ]
 [-0.0672169  -0.05695495  0.78597087]
 [-0.18533987 -0.03945535  0.88349664]
 [-0.13152865 -0.09969279  0.9212612 ]
 [-0.16345902 -0.14188853  0.7504953 ]
 [-0.20390207 -0.26650494  0.5300343 ]
 [-0.28194895 -0.04956874  0.60723704]
 [ 0.04291393  0.0045335   0.72919863]
 [ 0.27683705  0.02392699  0.61855257]
 [ 0.32366008  0.0914973   0.36654025]]
[[ 0.          0.          0.32575694]
 [ 0.05114853  0.07205667  0.3465577 ]
 [-0.23119557  0.34725395  0.29381728]
 [-0.11034998  0.36188877  0.07723358]
 [-0.22634909  0.47069517  0.01121551]
 [-0.05130207 -0.07205971  0.30457366]
 [ 0.08612268  0.19416489  0.08314329]
 [ 0.46720064  0.25812027  0.11804467]
 [ 0.5167127   0.3645442   0.        ]
 [-0.02578125 -0.04814251  0.51289463]
 [-0.0555663  -0.07516795  0.7481065 ]
 [-0.16653141 -0.05237329  0.8424405 ]
 [-0.11622345 -0.11411956  0.8817998 ]
 [-0.15628454 -0.14553773  0.72491145]
 [-0.21835639 -0.2540473   0.5352284 ]
 [-0.25621736 -0.06304079  0.6159886 ]
 [ 0.05626451 -0.02270934  0.6885829 ]
 [ 0.28156152 -0.02043724  0.578159  ]
 [ 0.3297666   0.03880198  0.3333594 ]]
[[ 0.          0.          0.31501263]
 [ 0.058667    0.06254862  0.33050102]
 [-0.18436772  0.38847917  0.25952384]
 [-0.21472752  0.48662615  0.0147711 ]
 [-0.3539024   0.5924095   0.        ]
 [-0.05887882 -0.06248785  0.2991334 ]
 [ 0.07162976  0.20012295  0.06049627]
 [ 0.4562343   0.19232085  0.13595852]
 [ 0.5457588   0.28807646  0.03242454]
 [-0.01701107 -0.03317665  0.4911676 ]
 [-0.0423276  -0.0504587   0.714778  ]
 [-0.15424933 -0.03665572  0.8169413 ]
 [-0.09723153 -0.09387761  0.85215276]
 [-0.142293   -0.12230232  0.7008287 ]
 [-0.18825786 -0.2650358   0.515751  ]
 [-0.22664155 -0.09895161  0.5137046 ]
 [ 0.06480839 -0.00361574  0.6449214 ]
 [ 0.26388156  0.00714679  0.49845317]
 [ 0.2723391   0.04377211  0.26172662]]
[[ 0.          0.          0.3229819 ]
 [ 0.0621984   0.06323002  0.33640054]
 [-0.1555914   0.40776122  0.2462406 ]
 [-0.21858028  0.5423125   0.00115925]
 [-0.35828078  0.6480515   0.        ]
 [-0.06239511 -0.06312734  0.30919796]
 [ 0.04546832  0.20823734  0.06249279]
 [ 0.43530598  0.1678824   0.1430748 ]
 [ 0.52996016  0.26569292  0.0472272 ]
 [-0.01859635 -0.03211293  0.4950093 ]
 [-0.04602943 -0.04544085  0.71387374]
 [-0.1592009  -0.03793013  0.8208542 ]
 [-0.09916195 -0.08921838  0.85228384]
 [-0.14200443 -0.12231773  0.70052564]
 [-0.17217563 -0.2696134   0.50850457]
 [-0.20608887 -0.09660155  0.46524566]
 [ 0.06106305  0.00426042  0.6402546 ]
 [ 0.24495648  0.04384561  0.47859418]
 [ 0.23706993  0.08861521  0.2542336 ]]
[[ 0.          0.          0.37450662]
 [ 0.07906149  0.06855339  0.38529503]
 [-0.04809779  0.4256199   0.22233033]
 [-0.05410343  0.5356687   0.00484127]
 [-0.18348417  0.6601129   0.        ]
 [-0.07917362 -0.06825323  0.3635747 ]
 [-0.11114159  0.28220293  0.14792348]
 [ 0.24877411  0.18644111  0.1522963 ]
 [ 0.2670128   0.31702793  0.05273771]
 [-0.02049562 -0.00353524  0.5368274 ]
 [-0.04813681  0.00836509  0.73951995]
 [-0.16208255  0.01372662  0.8513073 ]
 [-0.09401645 -0.03263938  0.8811536 ]
 [-0.13624455 -0.0962891   0.7251743 ]
 [-0.11447151 -0.25842428  0.52215517]
 [-0.10295207 -0.12169332  0.3821373 ]
 [ 0.05415757  0.08286941  0.6683451 ]
 [ 0.13832267  0.21546417  0.46893588]
 [ 0.00774644  0.15418862  0.3155343 ]]
[[ 0.          0.          0.39513582]
 [ 0.08912505  0.07207229  0.40725905]
 [ 0.11256535  0.4518284   0.18627152]
 [ 0.30840534  0.41361234  0.07049668]
 [ 0.20146571  0.5123013   0.        ]
 [-0.08908562 -0.07155602  0.3833883 ]
 [-0.22497845  0.34864914  0.287766  ]
 [-0.10085592  0.26158163  0.08814442]
 [-0.20411128  0.39451718  0.02533656]
 [-0.02289161 -0.03177923  0.5558933 ]
 [-0.04771479 -0.04762143  0.7676921 ]
 [-0.16081005 -0.03742585  0.8744432 ]
 [-0.09342848 -0.0866136   0.90370584]
 [-0.09784873 -0.1709952   0.7553146 ]
 [ 0.0550998  -0.37903848  0.71779454]
 [ 0.17349082 -0.35288244  0.5578389 ]
 [ 0.01815308  0.06165439  0.7006355 ]
 [ 0.00475081  0.26657104  0.5315042 ]
 [-0.19620243  0.1744774   0.576145  ]]
[[ 0.0000000e+00  0.0000000e+00  3.6521468e-01]
 [ 7.5221762e-02  7.0542596e-02  3.7759489e-01]
 [ 2.3262496e-01  3.7486324e-01  1.4925416e-01]
 [ 5.2602720e-01  2.8466958e-01  1.0038841e-01]
 [ 5.0208533e-01  3.4462589e-01  0.0000000e+00]
 [-7.5122394e-02 -7.0078269e-02  3.5346818e-01]
 [-2.3183477e-01  3.1046382e-01  2.8285947e-01]
 [-2.8162771e-01  3.9372060e-01  3.9976239e-02]
 [-4.0779179e-01  4.9564472e-01  1.4950454e-02]
 [ 1.1779480e-02 -3.4300908e-02  5.4421902e-01]
 [ 2.0997569e-02 -6.0985297e-02  7.6989102e-01]
 [-9.9129364e-02 -5.9293419e-02  8.6288679e-01]
 [-2.4376631e-02 -9.6833885e-02  8.9824164e-01]
 [ 1.6004518e-02 -1.8152452e-01  7.5106359e-01]
 [ 1.6995749e-01 -3.5300943e-01  7.0615995e-01]
 [ 2.4974671e-01 -2.6268977e-01  5.5950862e-01]
 [ 4.1398134e-02  5.5082053e-02  7.1244836e-01]
 [-7.2579831e-04  2.3549899e-01  5.7268560e-01]
 [-1.4038104e-01  1.4193928e-01  6.7848229e-01]]
[[ 0.          0.          0.34911868]
 [ 0.06635328  0.06011093  0.36206168]
 [ 0.26477146  0.32609737  0.14551705]
 [ 0.5737376   0.24570462  0.10347338]
 [ 0.5973338   0.283057    0.        ]
 [-0.06624132 -0.05968042  0.33689433]
 [-0.22032294  0.29881686  0.25317246]
 [-0.29481074  0.47352415  0.01434413]
 [-0.41608667  0.5566177   0.00806403]
 [ 0.0188074  -0.05641119  0.5282453 ]
 [ 0.03504466 -0.10670364  0.7509817 ]
 [-0.08271994 -0.10796228  0.8451008 ]
 [-0.00876988 -0.13981336  0.8798356 ]
 [ 0.0437595  -0.21625608  0.7220013 ]
 [ 0.1924794  -0.37663668  0.64657104]
 [ 0.23482952 -0.24364239  0.51316804]
 [ 0.04168006  0.00787649  0.70362943]
 [ 0.01803532  0.19564244  0.5696761 ]
 [-0.10533676  0.14449951  0.6605923 ]]
[[ 0.          0.          0.3317696 ]
 [ 0.06436009  0.05567383  0.34393132]
 [ 0.24958782  0.31816134  0.1250939 ]
 [ 0.5623194   0.22760466  0.12916608]
 [ 0.62245077  0.24915084  0.02457124]
 [-0.06423023 -0.05524578  0.32036203]
 [-0.19963491  0.30168474  0.22220147]
 [-0.2627418   0.5384451   0.        ]
 [-0.37879324  0.6123759   0.00810346]
 [ 0.02023728 -0.06368901  0.5049193 ]
 [ 0.03946043 -0.12426823  0.72278464]
 [-0.076809   -0.12619224  0.8208218 ]
 [ 0.00122757 -0.16065013  0.8583006 ]
 [ 0.0516533  -0.22247249  0.6838343 ]
 [ 0.1922637  -0.35941648  0.55617326]
 [ 0.18064767 -0.21820265  0.42840302]
 [ 0.04176545 -0.01660395  0.680216  ]
 [ 0.05183046  0.15847525  0.5378758 ]
 [-0.09445913  0.15134478  0.5801598 ]]
[[ 0.0000000e+00  0.0000000e+00  3.5658973e-01]
 [ 6.4134449e-02  6.6762269e-02  3.6838537e-01]
 [ 1.3003555e-01  3.4342384e-01  1.1524892e-01]
 [ 4.6268031e-01  2.3732680e-01  1.7346048e-01]
 [ 5.6023496e-01  2.5548559e-01  6.9236517e-02]
 [-6.4106897e-02 -6.6390052e-02  3.4545931e-01]
 [-1.7033008e-01  3.0319837e-01  2.0858940e-01]
 [-1.2966001e-01  5.2400196e-01  0.0000000e+00]
 [-2.2420022e-01  5.9861445e-01  2.1133125e-03]
 [ 9.1470964e-03 -7.0825852e-02  5.3111959e-01]
 [ 1.8324591e-02 -1.4226410e-01  7.5225794e-01]
 [-9.4740361e-02 -1.3810834e-01  8.6169422e-01]
 [-3.9836131e-03 -1.8086311e-01  8.9258337e-01]
 [ 1.6400665e-03 -2.5088260e-01  7.0389873e-01]
 [ 9.3788952e-02 -3.4144211e-01  4.8352736e-01]
 [ 4.4459477e-04 -1.5435660e-01  4.0537733e-01]
 [ 4.3164968e-02 -2.6576251e-02  7.1150851e-01]
 [ 1.1109789e-01  1.6529796e-01  5.5946290e-01]
 [-7.1208104e-02  2.1176088e-01  5.1191753e-01]]
[[ 0.          0.          0.41061676]
 [ 0.02542789  0.0858639   0.4278717 ]
 [-0.19783291  0.29303908  0.26680157]
 [ 0.08869758  0.3053835   0.15352026]
 [ 0.09818709  0.38396168  0.05642283]
 [-0.02546237 -0.08572673  0.39362466]
 [-0.04535826  0.21751863  0.17781192]
 [ 0.21098298  0.49597406  0.0495826 ]
 [ 0.14549915  0.5968138   0.        ]
 [-0.04394452 -0.09724356  0.57781184]
 [-0.09102188 -0.18810003  0.79444367]
 [-0.19193496 -0.18080732  0.9072501 ]
 [-0.11500454 -0.22776026  0.9351385 ]
 [-0.15293582 -0.29323155  0.74204737]
 [-0.20713332 -0.4107468   0.5158608 ]
 [-0.2974425  -0.30828983  0.46294126]
 [-0.01767243 -0.07843941  0.75723934]
 [ 0.131551    0.15062194  0.6512887 ]
 [-0.04926449  0.2640901   0.54716426]]
[[ 0.          0.          0.44526726]
 [ 0.01453372  0.07954988  0.46865782]
 [-0.327758    0.23233958  0.40575677]
 [-0.31775627  0.19479011  0.07370555]
 [-0.43538058  0.28912717  0.03985617]
 [-0.01470541 -0.07968372  0.42164537]
 [ 0.14222148  0.0817531   0.1521397 ]
 [ 0.4356043   0.28363132  0.07618394]
 [ 0.41484904  0.33884215  0.        ]
 [-0.04358956 -0.07542253  0.6283566 ]
 [-0.0871728  -0.13771456  0.8593551 ]
 [-0.17428136 -0.12135208  0.9558801 ]
 [-0.10929955 -0.17694017  1.0023282 ]
 [-0.17967466 -0.22505237  0.8106146 ]
 [-0.34065413 -0.3239338   0.6448816 ]
 [-0.38435423 -0.18913323  0.6851572 ]
 [ 0.01120813 -0.05528563  0.81852335]
 [ 0.2137767   0.11727276  0.7450958 ]
 [ 0.04729803  0.20843971  0.61437374]]
[[ 0.          0.          0.39994594]
 [ 0.01746899  0.07042603  0.42255366]
 [-0.3238442   0.25587213  0.3561464 ]
 [-0.37278998  0.27415413  0.02333167]
 [-0.5083183   0.36851853  0.02038202]
 [-0.01767633 -0.07057635  0.3770589 ]
 [ 0.16138512  0.09197623  0.08656618]
 [ 0.4772302   0.24087077  0.0743044 ]
 [ 0.50102246  0.29076964  0.        ]
 [-0.04100893 -0.06813127  0.5865389 ]
 [-0.08334938 -0.1276047   0.818244  ]
 [-0.1704126  -0.10674274  0.918833  ]
 [-0.11023007 -0.16716278  0.96205354]
 [-0.18005052 -0.20642668  0.7666143 ]
 [-0.33430943 -0.31458384  0.5955359 ]
 [-0.389965   -0.20614526  0.59100294]
 [ 0.01674745 -0.05350333  0.7766792 ]
 [ 0.22441584  0.10983211  0.69931173]
 [ 0.06300195  0.18764701  0.56102544]]
[[ 0.          0.          0.40670416]
 [ 0.01933867  0.06696036  0.42789125]
 [-0.3067585   0.26314786  0.3329333 ]
 [-0.38500458  0.32991034  0.        ]
 [-0.52700204  0.42351234  0.01095745]
 [-0.01957321 -0.06710818  0.385192  ]
 [ 0.15821794  0.06304401  0.06569645]
 [ 0.50734675  0.15602511  0.09043264]
 [ 0.57784307  0.2033394   0.01573646]
 [-0.03121448 -0.05517863  0.5991218 ]
 [-0.06705107 -0.10756701  0.8350255 ]
 [-0.16152063 -0.08995312  0.9373652 ]
 [-0.10139716 -0.148218    0.98115194]
 [-0.15970702 -0.17967218  0.7775154 ]
 [-0.2760512  -0.3016432   0.5808362 ]
 [-0.33701843 -0.17853472  0.5209169 ]
 [ 0.02944648 -0.03974992  0.7921944 ]
 [ 0.23209465  0.09678674  0.687453  ]
 [ 0.08489028  0.19585367  0.5587081 ]]
[[ 0.          0.          0.45132354]
 [ 0.02360088  0.0686755   0.47065067]
 [-0.27985853  0.27253538  0.3328454 ]
 [-0.36524534  0.36712196  0.        ]
 [-0.5182766   0.45758742  0.01319027]
 [-0.02383522 -0.06883445  0.43164563]
 [ 0.12428849  0.01918253  0.08698484]
 [ 0.48244464  0.01394978  0.146249  ]
 [ 0.59242153  0.05634987  0.07683414]
 [-0.01981876 -0.04101057  0.64709246]
 [-0.05253013 -0.08987761  0.886827  ]
 [-0.15618117 -0.07221118  0.9899001 ]
 [-0.09249028 -0.12861109  1.0362884 ]
 [-0.13834661 -0.16255039  0.8252487 ]
 [-0.20377275 -0.28933334  0.6064317 ]
 [-0.26510826 -0.20256028  0.50508225]
 [ 0.04081559 -0.02322289  0.84288853]
 [ 0.23254193  0.09432301  0.71484417]
 [ 0.09239407  0.18583716  0.6122679 ]]
[[ 0.          0.          0.5276985 ]
 [ 0.02898497  0.0771846   0.54504955]
 [-0.21543282  0.32983378  0.34724802]
 [-0.25023526  0.4591637   0.00456125]
 [-0.41638923  0.54661214  0.        ]
 [-0.02918781 -0.07731907  0.5100318 ]
 [ 0.06014373 -0.04098403  0.1420849 ]
 [ 0.39101    -0.22103107  0.2336933 ]
 [ 0.55492973 -0.18862113  0.19313824]
 [ 0.00371347 -0.01201385  0.73434895]
 [-0.01686705 -0.04640812  0.9828222 ]
 [-0.13254817 -0.02811265  1.0874525 ]
 [-0.05338906 -0.07279056  1.1320162 ]
 [-0.08291134 -0.12459537  0.9218106 ]
 [-0.06387737 -0.26301402  0.7096798 ]
 [-0.08981478 -0.24567401  0.61615175]
 [ 0.0663907   0.0230383   0.93862003]
 [ 0.23438567  0.14081612  0.80183125]
 [ 0.1147971   0.23434782  0.77059734]]
[[ 0.          0.          0.6040399 ]
 [ 0.0345959   0.08539261  0.6200558 ]
 [-0.09996906  0.310535    0.35574824]
 [ 0.01536635  0.3774644   0.02612722]
 [-0.14429778  0.4650675   0.        ]
 [-0.03466259 -0.08548621  0.58792615]
 [-0.02950487 -0.05666402  0.24466255]
 [ 0.2715855  -0.33740887  0.34298024]
 [ 0.45743823 -0.31734514  0.31592977]
 [ 0.03417032 -0.01390912  0.82064056]
 [ 0.04142044 -0.03636447  1.0754874 ]
 [-0.0749522  -0.01437211  1.1752356 ]
 [ 0.014423   -0.04414111  1.2256157 ]
 [ 0.00339555 -0.12102699  1.0253327 ]
 [ 0.16411662 -0.27796054  0.88561636]
 [ 0.25467527 -0.35271412  0.7745949 ]
 [ 0.10775675  0.04418248  1.0334268 ]
 [ 0.23669028  0.16284686  0.9134754 ]
 [ 0.13611342  0.13699082  1.0190384 ]]
[[ 0.0000000e+00  0.0000000e+00  6.2214416e-01]
 [ 3.2533828e-02  8.6187035e-02  6.3367569e-01]
 [ 1.4001876e-04  2.8600284e-01  3.2562959e-01]
 [ 2.4738985e-01  3.3311677e-01  7.1943402e-02]
 [ 1.6468184e-01  4.2413688e-01  0.0000000e+00]
 [-3.2438286e-02 -8.6216062e-02  6.1074972e-01]
 [-1.2716262e-01 -6.3377053e-02  2.7815074e-01]
 [ 1.5421778e-01 -3.9142072e-01  3.1427667e-01]
 [ 3.2493562e-01 -4.0204862e-01  2.7066541e-01]
 [ 6.3724697e-02 -2.8861910e-02  8.3539999e-01]
 [ 1.0056019e-01 -6.1945826e-02  1.0873740e+00]
 [-2.9037105e-02 -3.4056783e-02  1.1853857e+00]
 [ 6.0341772e-02 -4.9539745e-02  1.2395906e+00]
 [ 1.0623494e-01 -1.5853241e-01  1.0427971e+00]
 [ 2.8361094e-01 -2.9729465e-01  9.5023179e-01]
 [ 4.3053788e-01 -3.9443004e-01  9.3299389e-01]
 [ 1.2574340e-01  3.9999723e-02  1.0452998e+00]
 [ 1.9132900e-01  1.5087199e-01  9.6981454e-01]
 [ 8.8963017e-02  7.0986003e-02  1.1398640e+00]]
[[ 0.          0.          0.5590373 ]
 [ 0.02916496  0.08282289  0.5695276 ]
 [ 0.05667411  0.2069163   0.23170745]
 [ 0.40759408  0.23334187  0.10248956]
 [ 0.42684704  0.28771052  0.        ]
 [-0.02901896 -0.08279426  0.5488483 ]
 [-0.21753505 -0.00303897  0.2736993 ]
 [ 0.09718117 -0.21016988  0.23697007]
 [ 0.21605068 -0.2131716   0.14765286]
 [ 0.07819536 -0.04041642  0.76162124]
 [ 0.13548334 -0.07684326  1.005412  ]
 [ 0.00462682 -0.05228263  1.1098794 ]
 [ 0.09864317 -0.06687433  1.1547087 ]
 [ 0.16510937 -0.18152344  0.96253043]
 [ 0.32262933 -0.33577728  0.96364725]
 [ 0.46197093 -0.40965918  1.0524807 ]
 [ 0.12555614  0.03185669  0.9717612 ]
 [ 0.10854911  0.15685877  0.9777421 ]
 [ 0.02791643  0.0994947   1.1623771 ]]
[[ 0.          0.          0.47984755]
 [ 0.03288511  0.07163914  0.48561385]
 [ 0.04722261  0.13735726  0.1300022 ]
 [ 0.4043805   0.01900303  0.12246931]
 [ 0.5078895   0.02229837  0.04444355]
 [-0.03274557 -0.07158156  0.47451192]
 [-0.27977723  0.06562769  0.28417498]
 [ 0.01444517 -0.05840981  0.10598242]
 [ 0.06064835 -0.02339137  0.        ]
 [ 0.07414943 -0.0217073   0.680544  ]
 [ 0.13603435 -0.04106626  0.9234812 ]
 [ 0.0122509  -0.02071321  1.0268767 ]
 [ 0.10500073 -0.0350796   1.0743397 ]
 [ 0.1837951  -0.14788818  0.8904785 ]
 [ 0.28722656 -0.35824066  1.0109798 ]
 [ 0.3516997  -0.40944323  1.1911082 ]
 [ 0.09759893  0.05864981  0.8849824 ]
 [-0.02929686  0.09156442  0.9781369 ]
 [-0.11263245  0.06584191  1.1788354 ]]
[[ 0.          0.          0.5038757 ]
 [ 0.03862576  0.06132255  0.50608134]
 [ 0.00448852  0.11006562  0.16720319]
 [ 0.30962783 -0.1432974   0.20253876]
 [ 0.4483366  -0.16531622  0.15611327]
 [-0.03854886 -0.06130212  0.50215787]
 [-0.29272765  0.08321154  0.38140163]
 [-0.07184748 -0.00822917  0.09108141]
 [-0.0867244   0.07127887  0.        ]
 [ 0.06012751 -0.00419082  0.7104441 ]
 [ 0.11368234 -0.00349563  0.95842695]
 [-0.00226802  0.01516491  1.0538151 ]
 [ 0.08655702 -0.00206071  1.1077785 ]
 [ 0.16046298 -0.10850188  0.93572044]
 [ 0.17885819 -0.31228888  1.1049855 ]
 [ 0.20516577 -0.3179962   1.3136057 ]
 [ 0.06721701  0.0864647   0.9084751 ]
 [-0.1063143   0.077934    1.0211263 ]
 [-0.2196598   0.06069469  1.2115293 ]]
[[ 0.          0.          0.47682175]
 [ 0.04115022  0.06719584  0.47599334]
 [-0.0630181   0.1352208   0.18727934]
 [ 0.23746374 -0.10944484  0.21683413]
 [ 0.3788991  -0.12915838  0.17366081]
 [-0.0411707  -0.06720486  0.4781373 ]
 [-0.3141845   0.03748234  0.40778068]
 [-0.16073446 -0.02191129  0.06319463]
 [-0.21539384  0.06637377  0.        ]
 [ 0.04311574  0.00630042  0.6890594 ]
 [ 0.08296269  0.01853469  0.9411149 ]
 [-0.0323669   0.03711647  1.0286014 ]
 [ 0.05667572  0.02050722  1.0839132 ]
 [ 0.11785246 -0.09915388  0.9278785 ]
 [ 0.06163497 -0.31210697  1.1218169 ]
 [ 0.04775423 -0.2911052   1.3207209 ]
 [ 0.04006807  0.1115115   0.8862317 ]
 [-0.164583    0.10078457  0.9942894 ]
 [-0.30117708  0.09509808  1.1588066 ]]
[[ 0.          0.          0.4203153 ]
 [ 0.04074037  0.07860007  0.41723007]
 [-0.1325626   0.20212531  0.19446814]
 [ 0.18395922 -0.0040751   0.18043989]
 [ 0.30478638 -0.01067263  0.11411127]
 [-0.04084343 -0.07854825  0.42390585]
 [-0.33464485 -0.01435997  0.39640963]
 [-0.23744757 -0.01159132  0.02411869]
 [-0.32650313  0.07342151  0.        ]
 [ 0.02656713  0.015457    0.63686466]
 [ 0.04749426  0.03606984  0.89000237]
 [-0.07173765  0.05523145  0.9700705 ]
 [ 0.01750346  0.04380715  1.0230317 ]
 [ 0.07420093 -0.09198928  0.88233054]
 [-0.04143927 -0.292958    1.0781003 ]
 [-0.08643185 -0.23224306  1.2417027 ]
 [ 0.009153    0.13096702  0.83088094]
 [-0.20409241  0.14061517  0.92153966]
 [-0.36321563  0.15836263  1.0561059 ]]
[[ 0.          0.          0.37257117]
 [ 0.03300989  0.10324616  0.3645468 ]
 [-0.23203367  0.29170674  0.28790626]
 [ 0.05516002  0.2303447   0.10872513]
 [ 0.07167086  0.27297455  0.        ]
 [-0.03321612 -0.10319383  0.38095084]
 [-0.349996   -0.09603386  0.42797664]
 [-0.3594922  -0.05089894  0.02640128]
 [-0.48652795  0.0135532   0.05632442]
 [-0.00660277  0.02382083  0.59389913]
 [-0.02009018  0.05951434  0.84667325]
 [-0.14475575  0.08472216  0.9142372 ]
 [-0.0519002   0.0844388   0.96730167]
 [ 0.00272717 -0.08397496  0.846496  ]
 [-0.19534226 -0.26310733  0.9491953 ]
 [-0.26293612 -0.18305653  1.0422499 ]
 [-0.05094436  0.15198863  0.78263533]
 [-0.26555145  0.12693387  0.7881838 ]
 [-0.4607396   0.15340284  0.8572452 ]]
[[ 0.          0.          0.37602496]
 [ 0.02519599  0.11628778  0.36561692]
 [-0.28384757  0.2964684   0.39687803]
 [-0.12902442  0.35450515  0.07522339]
 [-0.22391757  0.425416    0.        ]
 [-0.02542772 -0.11628997  0.38656384]
 [-0.36174196 -0.13961898  0.47450113]
 [-0.4367411  -0.07568508  0.08688724]
 [-0.5744971  -0.03172193  0.13436496]
 [-0.04219497  0.02627134  0.5903444 ]
 [-0.09416148  0.06284958  0.8362789 ]
 [-0.22578555  0.09396964  0.8827697 ]
 [-0.13415173  0.10267544  0.9455973 ]
 [-0.07129195 -0.08369336  0.83645093]
 [-0.29904446 -0.22043055  0.8234056 ]
 [-0.38574857 -0.14388546  0.841874  ]
 [-0.11457703  0.1526488   0.7649596 ]
 [-0.32296002  0.11608073  0.676729  ]
 [-0.503175    0.10913366  0.6718303 ]]
[[ 0.          0.          0.3124549 ]
 [ 0.01183164  0.12007555  0.30515432]
 [-0.30737552  0.2523732   0.37815043]
 [-0.28440303  0.35573274  0.02391157]
 [-0.4252894   0.41228566  0.        ]
 [-0.01212298 -0.12007707  0.3197952 ]
 [-0.36054382 -0.15254793  0.43385342]
 [-0.46215808 -0.03991029  0.07781005]
 [-0.5942024  -0.01159132  0.13127825]
 [-0.06888266  0.02386449  0.51835465]
 [-0.15657845  0.05279154  0.7488452 ]
 [-0.29424912  0.08081126  0.77419627]
 [-0.21117485  0.09555376  0.836584  ]
 [-0.1230172  -0.08706558  0.7526053 ]
 [-0.3331457  -0.21680681  0.65715873]
 [-0.4095453  -0.09951776  0.5776737 ]
 [-0.1723058   0.143347    0.6762643 ]
 [-0.3434918   0.12016529  0.5109756 ]
 [-0.4475195   0.11170186  0.43316272]]
[[ 0.          0.          0.25996736]
 [ 0.00190449  0.11501834  0.25414124]
 [-0.30866092  0.20250076  0.34523594]
 [-0.4251904   0.29528844  0.        ]
 [-0.5674772   0.32992166  0.03313141]
 [-0.00224099 -0.11500587  0.2658072 ]
 [-0.3546244  -0.14542305  0.38605583]
 [-0.479187   -0.02307035  0.06047383]
 [-0.59820163 -0.01025403  0.11516771]
 [-0.08901131  0.0166541   0.45554838]
 [-0.2062845   0.0395816   0.67032653]
 [-0.35032624  0.06897381  0.67091686]
 [-0.27839917  0.09157187  0.73524976]
 [-0.16946359 -0.09438649  0.6762487 ]
 [-0.35386273 -0.19465971  0.49994862]
 [-0.4396121  -0.10363138  0.29661706]
 [-0.21332976  0.12251163  0.60340834]
 [-0.28019774  0.07863964  0.3561729 ]
 [-0.262599    0.05533025  0.17248052]]
[[ 0.          0.          0.23713046]
 [ 0.00173905  0.1138797   0.23188615]
 [-0.29860327  0.21328007  0.33232254]
 [-0.47484887  0.25864112  0.        ]
 [-0.6085465   0.28826874  0.0589409 ]
 [-0.00207741 -0.1138898   0.24242564]
 [-0.35846546 -0.12712657  0.35224292]
 [-0.49611375 -0.00731757  0.05489984]
 [-0.6086558   0.00390899  0.11331531]
 [-0.09884217  0.00779901  0.42822278]
 [-0.22818086  0.02889591  0.63300276]
 [-0.3767731   0.05383995  0.6190001 ]
 [-0.31216246  0.07635123  0.68357277]
 [-0.18992469 -0.0994705   0.6449636 ]
 [-0.35573283 -0.19987488  0.45209068]
 [-0.42125356 -0.1261652   0.26621333]
 [-0.22722283  0.1135712   0.571296  ]
 [-0.23909554  0.08323434  0.30775765]
 [-0.1804071   0.05868943  0.09975001]]
[[ 0.          0.          0.18975165]
 [ 0.00342162  0.10328754  0.18537314]
 [-0.2974522   0.12605608  0.24695477]
 [-0.56115496  0.10214879  0.        ]
 [-0.65000445  0.12417382  0.07202557]
 [-0.00380451 -0.10333224  0.19436258]
 [-0.35641032 -0.12388891  0.22257563]
 [-0.54359066 -0.01725566  0.00569171]
 [-0.6479422  -0.02458807  0.06770921]
 [-0.11244294 -0.00767416  0.35793173]
 [-0.27477333 -0.01558352  0.5198281 ]
 [-0.412696    0.02056894  0.47286788]
 [-0.3670689   0.0367333   0.5343221 ]
 [-0.22513717 -0.1065025   0.552528  ]
 [-0.06131471 -0.23754176  0.43298292]
 [ 0.10260913 -0.23367581  0.3660073 ]
 [-0.2501222   0.05625695  0.46916738]
 [-0.09788522  0.01051537  0.30905053]
 [ 0.04848762 -0.06481506  0.18226004]]
[[ 0.          0.          0.17585912]
 [ 0.00437026  0.09747536  0.1713951 ]
 [-0.27996457  0.1171916   0.23133582]
 [-0.55389714  0.08938239  0.00346227]
 [-0.6356939   0.1102994   0.07937726]
 [-0.00477539 -0.09751381  0.18057019]
 [-0.33994645 -0.11552449  0.19886328]
 [-0.54072165 -0.01702818  0.        ]
 [-0.633727   -0.02222327  0.07102677]
 [-0.10667536 -0.00525083  0.33750927]
 [-0.26011175 -0.013789    0.49164748]
 [-0.3982458   0.01773012  0.43966788]
 [-0.35232013  0.03239578  0.50213265]
 [-0.21407793 -0.09908646  0.52777857]
 [-0.02722826 -0.22827807  0.43328607]
 [ 0.1478233  -0.24745987  0.39477152]
 [-0.23522693  0.05746838  0.44413754]
 [-0.0662694   0.00968526  0.31554273]
 [ 0.08152638 -0.09482683  0.20621783]]
[[ 0.          0.          0.38650852]
 [ 0.09507023 -0.02379624  0.3804783 ]
 [ 0.32323065  0.2653453   0.36014462]
 [ 0.19985813  0.1687565   0.06424743]
 [ 0.24209613  0.28434098  0.        ]
 [-0.09503885  0.02392508  0.3921724 ]
 [-0.11309651  0.38900074  0.38471884]
 [-0.15639067  0.18452072  0.06624997]
 [-0.15985489  0.3251069   0.00147611]
 [ 0.06218152  0.11917555  0.5678063 ]
 [ 0.12720042  0.25869083  0.77074844]
 [ 0.08707491  0.3387816   0.8232119 ]
 [ 0.09782579  0.25025874  0.8828922 ]
 [-0.02492471  0.303019    0.75907254]
 [-0.03193025  0.344478    0.5447472 ]
 [ 0.09408946  0.5102886   0.37660432]
 [ 0.28337336  0.18584982  0.73161477]
 [ 0.3238848   0.1924591   0.4802805 ]
 [ 0.24375898  0.4370439   0.37844944]]
[[ 0.          0.          0.39419067]
 [ 0.09453131 -0.02372151  0.38852167]
 [ 0.32326907  0.26422453  0.36210635]
 [ 0.19696549  0.16180421  0.06708449]
 [ 0.24218516  0.2757915   0.00103027]
 [-0.0945137   0.02386678  0.39946255]
 [-0.11247715  0.38507333  0.3859702 ]
 [-0.15605864  0.17885798  0.06839481]
 [-0.15910509  0.32037812  0.        ]
 [ 0.06348498  0.12126118  0.5729624 ]
 [ 0.12968056  0.2630766   0.77282465]
 [ 0.08512531  0.3415759   0.82422173]
 [ 0.0991037   0.25526133  0.88576454]
 [-0.02272375  0.30864328  0.7625451 ]
 [-0.02594052  0.35048303  0.54879284]
 [ 0.09826019  0.51626706  0.37695798]
 [ 0.2848512   0.18803853  0.7339138 ]
 [ 0.31850964  0.18541351  0.48176238]
 [ 0.23963654  0.42892742  0.37470707]]
[[ 0.00000000e+00  0.00000000e+00  4.00269687e-01]
 [ 9.47039649e-02 -2.40770653e-02  3.94773006e-01]
 [ 3.21760356e-01  2.62335330e-01  3.62427920e-01]
 [ 1.94674775e-01  1.55832201e-01  6.60973787e-02]
 [ 2.42037326e-01  2.68034220e-01  6.38246536e-04]
 [-9.46963727e-02  2.42347997e-02  4.05370027e-01]
 [-1.08810365e-01  3.85471821e-01  3.87521893e-01]
 [-1.50845334e-01  1.81719109e-01  6.89654946e-02]
 [-1.56607419e-01  3.24237198e-01  0.00000000e+00]
 [ 6.44748062e-02  1.21539861e-01  5.78852057e-01]
 [ 1.31448761e-01  2.64680862e-01  7.78312147e-01]
 [ 8.29810798e-02  3.43731344e-01  8.28860462e-01]
 [ 1.00050747e-01  2.59241760e-01  8.88758063e-01]
 [-2.14746594e-02  3.09659958e-01  7.67761707e-01]
 [-2.67795771e-02  3.46677870e-01  5.52888274e-01]
 [ 9.52599645e-02  5.12290835e-01  3.80118251e-01]
 [ 2.87652671e-01  1.90215796e-01  7.37479687e-01]
 [ 3.17115426e-01  1.81918234e-01  4.84834880e-01]
 [ 2.38750443e-01  4.24645662e-01  3.75628471e-01]]
[[ 0.          0.          0.40496048]
 [ 0.09557073 -0.02427141  0.39972296]
 [ 0.3224817   0.26287666  0.36169735]
 [ 0.1956848   0.15583222  0.06861851]
 [ 0.24555254  0.26719403  0.00248599]
 [-0.09557419  0.02443393  0.4097985 ]
 [-0.10641935  0.3852264   0.38728467]
 [-0.1440087   0.18399638  0.07047042]
 [-0.15157896  0.3272089   0.        ]
 [ 0.06564139  0.12335405  0.5806788 ]
 [ 0.13371065  0.26791352  0.7783205 ]
 [ 0.08075558  0.34671134  0.8273897 ]
 [ 0.10076579  0.26384768  0.88717866]
 [-0.01970297  0.31168547  0.7685286 ]
 [-0.02449319  0.35069108  0.5545659 ]
 [ 0.09761212  0.5173943   0.38238767]
 [ 0.28971517  0.19311985  0.73706573]
 [ 0.31356525  0.17343035  0.4845843 ]
 [ 0.23276126  0.41531044  0.37390107]]
[[ 0.          0.          0.41189262]
 [ 0.09508726 -0.02629492  0.4066584 ]
 [ 0.32028553  0.26239255  0.36246514]
 [ 0.1883488   0.14237942  0.0703924 ]
 [ 0.24012798  0.25441104  0.00218111]
 [-0.09510569  0.0264671   0.41673326]
 [-0.10376194  0.38994652  0.38892603]
 [-0.14319284  0.17733903  0.07296774]
 [-0.15454105  0.3214054   0.        ]
 [ 0.0662723   0.12513888  0.5860684 ]
 [ 0.1340347   0.27153486  0.78156084]
 [ 0.07596269  0.34963787  0.8293034 ]
 [ 0.09833181  0.26769283  0.8884876 ]
 [-0.01962908  0.31155455  0.7725969 ]
 [-0.03363788  0.3299229   0.5549078 ]
 [ 0.08739336  0.49570262  0.38148785]
 [ 0.2914214   0.19866946  0.7397426 ]
 [ 0.31842375  0.18963736  0.49084935]
 [ 0.23433095  0.42953706  0.3784489 ]]
[[ 0.          0.          0.41786715]
 [ 0.09548585 -0.02632428  0.4125601 ]
 [ 0.31991658  0.25959054  0.3616388 ]
 [ 0.18876724  0.14237954  0.07202563]
 [ 0.2411879   0.25370812  0.00168744]
 [-0.09550761  0.02650874  0.42275938]
 [-0.10447478  0.3891708   0.38985568]
 [-0.14016366  0.17824653  0.07406238]
 [-0.15323818  0.32382882  0.        ]
 [ 0.06683823  0.1256836   0.5902821 ]
 [ 0.1352753   0.27320695  0.78422093]
 [ 0.07351115  0.35056528  0.8313086 ]
 [ 0.09832777  0.27129382  0.8907307 ]
 [-0.01929115  0.31263208  0.7758528 ]
 [-0.03576323  0.32630777  0.55586416]
 [ 0.08490219  0.4918934   0.3831996 ]
 [ 0.29343876  0.20004034  0.7423533 ]
 [ 0.31923816  0.18945816  0.49401498]
 [ 0.23407868  0.42744738  0.38057512]]
[[ 0.          0.          0.41997337]
 [ 0.09592085 -0.0257921   0.41425607]
 [ 0.32246512  0.26005274  0.36155027]
 [ 0.19260377  0.14762375  0.07478222]
 [ 0.24725851  0.25861117  0.0028879 ]
 [-0.09594262  0.0259815   0.42525738]
 [-0.10419635  0.3867451   0.38973403]
 [-0.13510942  0.18435268  0.07514164]
 [-0.14842859  0.3302116   0.        ]
 [ 0.06777894  0.12623528  0.5913178 ]
 [ 0.13662463  0.2738807   0.7844249 ]
 [ 0.07105922  0.35029653  0.8323777 ]
 [ 0.09820958  0.2726078   0.89151645]
 [-0.01761711  0.31205195  0.7762393 ]
 [-0.0351709   0.32295537  0.5559615 ]
 [ 0.08645776  0.4902321   0.38438618]
 [ 0.2946646   0.20054826  0.74207354]
 [ 0.3208013   0.19051883  0.49509424]
 [ 0.23436306  0.4286849   0.38235512]]
