[[ 0.00000000e+00  0.00000000e+00  8.04319680e-01]
 [ 1.01016678e-01  5.10079749e-02  8.15778613e-01]
 [ 5.39631844e-02  1.54535204e-01  4.48621094e-01]
 [ 1.78266227e-01 -4.09954190e-02  6.11689091e-02]
 [ 1.03011332e-01  9.29683447e-02  0.00000000e+00]
 [-1.01094365e-01 -5.12216948e-02  7.92782247e-01]
 [-2.14994043e-01  1.13572478e-01  4.35611665e-01]
 [ 2.41719335e-02 -2.11218089e-01  4.87337619e-01]
 [ 8.29937756e-02 -2.12569892e-01  3.98224831e-01]
 [ 4.13333997e-03  1.04504496e-01  1.00873983e+00]
 [-7.82072544e-04  2.11266547e-01  1.25144327e+00]
 [-7.00743496e-02  2.95156538e-01  1.30400515e+00]
 [-4.71789092e-02  2.78921545e-01  1.42024994e+00]
 [-1.48044616e-01  1.48300946e-01  1.22751713e+00]
 [-1.93245113e-01 -1.86519325e-03  1.02490139e+00]
 [-1.77933395e-01  4.95268777e-03  8.09830904e-01]
 [ 1.32673025e-01  2.43748963e-01  1.17756104e+00]
 [ 1.16334908e-01  3.59651357e-01  9.25546527e-01]
 [-8.81943107e-03  5.31734586e-01  8.84897232e-01]]
[[ 0.          0.          0.794971  ]
 [ 0.09549528  0.05109588  0.79753625]
 [ 0.12350978  0.06598994  0.40676674]
 [ 0.288504   -0.17058176  0.08559114]
 [ 0.2511065  -0.04954541  0.        ]
 [-0.09557876 -0.05132762  0.7923559 ]
 [-0.23578191  0.18322197  0.51734424]
 [-0.12818561 -0.10717192  0.33155453]
 [-0.13295998 -0.04690599  0.21904439]
 [-0.00713049  0.10264158  1.0014666 ]
 [-0.03037815  0.19761768  1.2465934 ]
 [-0.09678888  0.28478217  1.2917024 ]
 [-0.08475161  0.26613998  1.4155576 ]
 [-0.1564886   0.12075379  1.2234373 ]
 [-0.11742715 -0.07766935  1.0843287 ]
 [-0.09954125 -0.1425004   0.9187215 ]
 [ 0.10080396  0.2518276   1.1852908 ]
 [ 0.04149162  0.44326472  0.996356  ]
 [-0.08333632  0.59859586  1.0820255 ]]
[[ 0.          0.          0.7456876 ]
 [ 0.09204127  0.053687    0.7433684 ]
 [ 0.19460282 -0.01646316  0.35693842]
 [ 0.3705867  -0.28905433  0.11746693]
 [ 0.36037272 -0.20687366  0.        ]
 [-0.09210129 -0.05387532  0.7479832 ]
 [-0.24318442  0.20900781  0.5141896 ]
 [-0.25827265  0.11173636  0.15767032]
 [-0.3155657   0.22715157  0.10154098]
 [-0.01834628  0.07302937  0.9643159 ]
 [-0.06108528  0.13592362  1.2141373 ]
 [-0.13479775  0.22331184  1.2504169 ]
 [-0.12587857  0.20537561  1.3748854 ]
 [-0.16472071  0.0476847   1.1894557 ]
 [-0.0629587  -0.15963     1.1457828 ]
 [-0.02840614 -0.23291457  1.0165056 ]
 [ 0.06469022  0.20680156  1.1684601 ]
 [-0.0195366   0.4433458   1.0292537 ]
 [-0.16180938  0.49286282  1.1756921 ]]
[[ 0.          0.          0.7060411 ]
 [ 0.09212854  0.05460828  0.7027675 ]
 [ 0.19412301 -0.07972634  0.3210611 ]
 [ 0.3541196  -0.40448403  0.13228881]
 [ 0.36956066 -0.33888686  0.        ]
 [-0.09218472 -0.05478177  0.709297  ]
 [-0.23397332  0.22850384  0.48172408]
 [-0.2670573   0.2542179   0.11234927]
 [-0.33978695  0.38759392  0.0852946 ]
 [-0.02597632  0.06161982  0.9271497 ]
 [-0.07786232  0.11560392  1.1774529 ]
 [-0.1504538   0.20114538  1.2100203 ]
 [-0.14354295  0.18126899  1.3342957 ]
 [-0.17077804  0.0275819   1.1498121 ]
 [-0.05586038 -0.15812355  1.1306818 ]
 [-0.03384733 -0.21441182  1.0345855 ]
 [ 0.04363852  0.19013667  1.1371686 ]
 [-0.03645864  0.4304378   1.008275  ]
 [-0.18543911  0.45707688  1.1354588 ]]
[[ 0.          0.          0.62954324]
 [ 0.09540561  0.05108904  0.62700063]
 [ 0.1736231  -0.06878665  0.2213406 ]
 [ 0.30805385 -0.4427367   0.11934733]
 [ 0.32763478 -0.40035474  0.        ]
 [-0.09546065 -0.05126291  0.6320734 ]
 [-0.22523516  0.26029134  0.39714423]
 [-0.2536688   0.32973272  0.01984823]
 [-0.3307041   0.47783875  0.00285387]
 [-0.03450833  0.05739051  0.8511443 ]
 [-0.09251955  0.11182833  1.1006497 ]
 [-0.16630542  0.19415852  1.1419029 ]
 [-0.16052254  0.17001963  1.2619188 ]
 [-0.18745002  0.02824467  1.065514  ]
 [-0.07830163 -0.15952924  1.0084777 ]
 [-0.07433608 -0.2448404   0.8687346 ]
 [ 0.03205493  0.18323928  1.0651202 ]
 [-0.03571083  0.41444385  0.91679746]
 [-0.19011801  0.44992167  1.0067003 ]]
[[ 0.          0.          0.6515672 ]
 [ 0.09871104  0.04920388  0.64487624]
 [ 0.14391309 -0.04135263  0.227687  ]
 [ 0.27594012 -0.46191698  0.19346997]
 [ 0.3014762  -0.46334702  0.11308467]
 [-0.09875767 -0.04938494  0.6582421 ]
 [-0.20506003  0.27943927  0.41329023]
 [-0.2279171   0.34565264  0.01742065]
 [-0.3101526   0.511544    0.        ]
 [-0.04112139  0.05541183  0.87489533]
 [-0.10497779  0.10637915  1.1261839 ]
 [-0.18043038  0.18776447  1.1689361 ]
 [-0.17213109  0.16313559  1.2860452 ]
 [-0.2024265   0.02523896  1.0833894 ]
 [-0.12068761 -0.14939596  0.9680088 ]
 [-0.12386624 -0.24925168  0.82045853]
 [ 0.02410951  0.17663199  1.0909652 ]
 [-0.01926892  0.40186006  0.92233944]
 [-0.16090679  0.45122117  0.9516392 ]]
[[ 0.          0.          0.67791355]
 [ 0.09637284  0.0454317   0.6718634 ]
 [ 0.06584693  0.02020842  0.26001716]
 [ 0.19316322 -0.4668438   0.3129581 ]
 [ 0.22315747 -0.5114375   0.250524  ]
 [-0.09639388 -0.04562327  0.6839316 ]
 [-0.15794036  0.29659393  0.42818612]
 [-0.13079073  0.35363314  0.0257802 ]
 [-0.20601267  0.51859474  0.        ]
 [-0.05070269  0.05189469  0.8976408 ]
 [-0.12258309  0.09641868  1.1499674 ]
 [-0.19853097  0.17394403  1.2016819 ]
 [-0.1890572   0.14067954  1.3119456 ]
 [-0.21767941  0.01813877  1.0955582 ]
 [-0.1890262  -0.12549438  0.9124471 ]
 [-0.24977903 -0.1771329   0.77413994]
 [ 0.00981449  0.15942293  1.1124065 ]
 [ 0.01931704  0.35875434  0.92288256]
 [-0.06405866  0.4220425   0.8452045 ]]
[[ 0.          0.          0.7063029 ]
 [ 0.09644863  0.04649704  0.7002301 ]
 [ 0.00591074  0.11892694  0.3338328 ]
 [ 0.1585587  -0.37268916  0.39335233]
 [ 0.19371003 -0.4220121   0.3099418 ]
 [-0.09647913 -0.04672188  0.71231925]
 [-0.12107944  0.2510509   0.43901068]
 [-0.05129042  0.25389206  0.04851091]
 [-0.12169048  0.4167249   0.        ]
 [-0.05536693  0.05976328  0.9232662 ]
 [-0.13130906  0.10768497  1.1755818 ]
 [-0.20429873  0.18183821  1.2294984 ]
 [-0.19264907  0.14712828  1.3413465 ]
 [-0.23069113  0.03401351  1.1210291 ]
 [-0.23639679 -0.0557338   0.94144833]
 [-0.2809699  -0.05168439  0.8201865 ]
 [ 0.01034909  0.16573066  1.1321561 ]
 [ 0.08746655  0.34513736  0.9528179 ]
 [ 0.07158663  0.4553083   0.8546696 ]]
[[ 0.          0.          0.7107712 ]
 [ 0.09011748  0.04647083  0.7130003 ]
 [-0.08287074  0.18457898  0.43842152]
 [ 0.11046964 -0.25050634  0.3859329 ]
 [ 0.12728398 -0.25849825  0.26037183]
 [-0.09016158 -0.04671913  0.7084521 ]
 [-0.07326306  0.13648379  0.41411784]
 [ 0.05787406  0.12399769  0.0813008 ]
 [ 0.00832435  0.27121454  0.        ]
 [-0.05767285  0.05759044  0.92888516]
 [-0.13235004  0.10734567  1.1830764 ]
 [-0.20511892  0.17670923  1.2369492 ]
 [-0.19062209  0.14826006  1.3522742 ]
 [-0.24184227  0.05092409  1.1368462 ]
 [-0.3069281   0.02086547  0.9604584 ]
 [-0.29710713  0.09301171  0.943379  ]
 [ 0.01287361  0.14108822  1.1348112 ]
 [ 0.13854146  0.20557709  0.99941075]
 [ 0.20815535  0.29809123  0.86799514]]
[[ 0.          0.          0.66137314]
 [ 0.08771093  0.05899715  0.674883  ]
 [-0.15543878  0.23971312  0.5049236 ]
 [ 0.02117182 -0.05780599  0.22069734]
 [-0.0220014   0.00895339  0.10561401]
 [-0.08774287 -0.05925702  0.6477499 ]
 [ 0.01565704 -0.01190108  0.3299963 ]
 [ 0.18171775 -0.09297174  0.11116982]
 [ 0.17314245  0.03730363  0.        ]
 [-0.05446322  0.0430221   0.8859768 ]
 [-0.11837882  0.08651838  1.1434479 ]
 [-0.19586867  0.15296513  1.1993127 ]
 [-0.1731206   0.14109474  1.3139514 ]
 [-0.24463543  0.04179314  1.1163231 ]
 [-0.39042038  0.11180595  0.9865871 ]
 [-0.2569393   0.2802552   1.0923884 ]
 [ 0.02866021  0.0997178   1.0941241 ]
 [ 0.20596123  0.04257485  1.0284305 ]
 [ 0.3514415   0.07500213  0.89296746]]
[[ 0.          0.          0.5950294 ]
 [ 0.08941367  0.051601    0.61062974]
 [-0.15119259  0.26541615  0.4549275 ]
 [-0.03288804  0.05834341  0.07944846]
 [-0.10027145  0.14483157  0.        ]
 [-0.08946923 -0.05184634  0.5793067 ]
 [ 0.05895881 -0.06248474  0.25059217]
 [ 0.24978024 -0.19236404  0.1257922 ]
 [ 0.28187227 -0.08609462  0.0087502 ]
 [-0.04430502  0.03620043  0.82223606]
 [-0.0954832   0.0762471   1.0799178 ]
 [-0.17235115  0.14305657  1.138093  ]
 [-0.15013884  0.12670028  1.2515519 ]
 [-0.23210254  0.03943712  1.0593331 ]
 [-0.40447938  0.09587845  0.95123935]
 [-0.2437346   0.28885007  1.0387526 ]
 [ 0.05276861  0.07948586  1.031107  ]
 [ 0.24230738 -0.0012913   0.98035866]
 [ 0.39268053  0.04090132  0.8375448 ]]
[[ 0.          0.          0.62410975]
 [ 0.09075272  0.04545996  0.63957226]
 [-0.10326657  0.29692423  0.46201503]
 [-0.03970234  0.19743237  0.04097551]
 [-0.12082602  0.3101282   0.        ]
 [-0.09082243 -0.04567604  0.6085241 ]
 [ 0.05587029 -0.09041837  0.26073727]
 [ 0.2787394  -0.3570629   0.2495597 ]
 [ 0.35424298 -0.30136126  0.15359977]
 [-0.03012022  0.04066652  0.8525872 ]
 [-0.06238243  0.08484679  1.1098692 ]
 [-0.13879445  0.15708876  1.1737268 ]
 [-0.11718002  0.13325906  1.2847712 ]
 [-0.20655179  0.05545154  1.0920069 ]
 [-0.3798634   0.09823263  0.963969  ]
 [-0.2500692   0.31857562  1.030333  ]
 [ 0.08224154  0.08766001  1.0545564 ]
 [ 0.27604118  0.0102534   0.99021673]
 [ 0.4119624   0.08107418  0.83950245]]
[[ 0.          0.          0.6389003 ]
 [ 0.0909186   0.03701667  0.6550651 ]
 [-0.06420557  0.30059528  0.44330135]
 [-0.03635098  0.2875913   0.00986183]
 [-0.11822301  0.406906    0.        ]
 [-0.09097435 -0.03719443  0.6226194 ]
 [ 0.02846157 -0.11715972  0.2562424 ]
 [ 0.24710533 -0.4373268   0.32938796]
 [ 0.3519472  -0.42900732  0.29040307]
 [-0.02596255  0.04021661  0.8669556 ]
 [-0.05251266  0.08695197  1.1233279 ]
 [-0.1206321   0.16213155  1.1894624 ]
 [-0.10395935  0.13971668  1.2994323 ]
 [-0.19937207  0.06146723  1.105986  ]
 [-0.35949236  0.05660117  0.9414451 ]
 [-0.26946354  0.29961205  0.97648007]
 [ 0.09169237  0.0902819   1.0615214 ]
 [ 0.2744184   0.04191735  0.9651212 ]
 [ 0.37829655  0.15226388  0.8140291 ]]
[[ 0.          0.          0.67454016]
 [ 0.09348123  0.03596848  0.6923589 ]
 [-0.02869511  0.30046803  0.45765376]
 [-0.0035038   0.27541745  0.0188784 ]
 [-0.08301125  0.4020795   0.        ]
 [-0.09352633 -0.03613972  0.6566088 ]
 [-0.00678143 -0.0891692   0.27823043]
 [ 0.22273642 -0.44204986  0.4039524 ]
 [ 0.33738816 -0.46097153  0.39210805]
 [-0.02092217  0.04636091  0.9008866 ]
 [-0.04503295  0.09958619  1.1572632 ]
 [-0.10937035  0.17407644  1.2259768 ]
 [-0.09521954  0.15291756  1.333276  ]
 [-0.19321883  0.06796563  1.1395531 ]
 [-0.32818955  0.02311206  0.95472157]
 [-0.27336836  0.26826417  0.93922764]
 [ 0.10099602  0.11128193  1.0889418 ]
 [ 0.27499247  0.12711245  0.9579958 ]
 [ 0.3308612   0.28535765  0.8305203 ]]
[[ 0.          0.          0.6997688 ]
 [ 0.0988467   0.03391895  0.7196216 ]
 [ 0.002532    0.2967031   0.47117674]
 [ 0.03134453  0.2450315   0.0322209 ]
 [-0.04300199  0.3834577   0.        ]
 [-0.09889551 -0.03410432  0.6797999 ]
 [-0.0523255  -0.03349638  0.30583352]
 [ 0.19147712 -0.38494992  0.46403596]
 [ 0.3098542  -0.40993965  0.43766913]
 [-0.02028306  0.05505592  0.9234159 ]
 [-0.04297464  0.11251783  1.1798706 ]
 [-0.10649034  0.19141138  1.2462394 ]
 [-0.09485796  0.16821194  1.3551849 ]
 [-0.19460121  0.0802117   1.1597006 ]
 [-0.3060096   0.00852883  0.97434926]
 [-0.25614727  0.22488995  0.9006835 ]
 [ 0.10307117  0.12784684  1.1096166 ]
 [ 0.24145722  0.18240976  0.95181644]
 [ 0.25947738  0.3594703   0.853593  ]]
[[ 0.          0.          0.7409636 ]
 [ 0.10438336  0.03965014  0.759401  ]
 [ 0.04012252  0.23394181  0.46488187]
 [ 0.10619994  0.1040225   0.04159594]
 [ 0.0240102   0.24161536  0.        ]
 [-0.10445882 -0.03989431  0.72241926]
 [-0.13527793  0.06709689  0.37339678]
 [ 0.12987682 -0.26792386  0.51750827]
 [ 0.23074764 -0.27612716  0.43128306]
 [-0.02311357  0.05948856  0.9616631 ]
 [-0.04661367  0.11872953  1.2185736 ]
 [-0.11005326  0.19692361  1.2810129 ]
 [-0.10066013  0.1735645   1.3923138 ]
 [-0.19819671  0.08059269  1.1939558 ]
 [-0.2646436  -0.00225645  1.0056378 ]
 [-0.20471153  0.14580087  0.8914041 ]
 [ 0.09794177  0.14742592  1.1467645 ]
 [ 0.17509577  0.27597487  0.95248544]
 [ 0.1245485   0.45460114  0.88720614]]
[[ 0.          0.          0.7545411 ]
 [ 0.10211412  0.04738318  0.7659645 ]
 [ 0.11904052  0.10293224  0.41259503]
 [ 0.26956296 -0.13394111  0.08226901]
 [ 0.23530275 -0.00971198  0.        ]
 [-0.10220663 -0.04764966  0.74305725]
 [-0.2074967   0.2258262   0.49299863]
 [-0.05798102 -0.08558708  0.35547286]
 [-0.03910773 -0.02224839  0.22931927]
 [-0.03026523  0.07123125  0.9721508 ]
 [-0.06961089  0.13616282  1.2269051 ]
 [-0.13216722  0.22085276  1.282743  ]
 [-0.1263937   0.19845319  1.4026682 ]
 [-0.20202136  0.06965947  1.2015524 ]
 [-0.13862959 -0.0928496   1.047602  ]
 [-0.11253637 -0.13692974  0.9164189 ]
 [ 0.06769328  0.1963929   1.1639867 ]
 [ 0.0373714   0.40436336  0.98527855]
 [-0.06366357  0.5642452   1.0875826 ]]
[[ 0.          0.          0.6931535 ]
 [ 0.09940154  0.05119244  0.69754803]
 [ 0.19447573 -0.00221395  0.32800817]
 [ 0.36705354 -0.30308968  0.11511976]
 [ 0.3711782  -0.22443342  0.        ]
 [-0.09945339 -0.05140041  0.68874156]
 [-0.2131995   0.2394994   0.47246027]
 [-0.19464517  0.12410426  0.12085104]
 [-0.2635187   0.26201656  0.06023836]
 [-0.03815481  0.04604904  0.9184884 ]
 [-0.09098719  0.08645597  1.1748221 ]
 [-0.16346347  0.1675353   1.224002  ]
 [-0.15475713  0.13906401  1.3446226 ]
 [-0.20297992  0.00720635  1.1475691 ]
 [-0.08531612 -0.17425159  1.0791986 ]
 [-0.05076984 -0.23779482  0.95628023]
 [ 0.0376232   0.16206038  1.1255367 ]
 [-0.03333724  0.4008519   0.9860882 ]
 [-0.14492005  0.42129052  1.1318998 ]]
[[ 0.          0.          0.6286576 ]
 [ 0.09614521  0.04923527  0.63058704]
 [ 0.19573772 -0.05183738  0.25502405]
 [ 0.34581798 -0.42306376  0.12748635]
 [ 0.37971038 -0.37901586  0.        ]
 [-0.09618772 -0.0493997   0.6267186 ]
 [-0.20510933  0.25532565  0.39630294]
 [-0.21743056  0.3090924   0.04027069]
 [-0.30053374  0.46121177  0.03441608]
 [-0.03736029  0.03416337  0.85252464]
 [-0.09672222  0.06528366  1.107322  ]
 [-0.1721023   0.14499238  1.1529021 ]
 [-0.1659319   0.11574304  1.2720835 ]
 [-0.19646513 -0.01918593  1.0725496 ]
 [-0.10842729 -0.21259004  1.030521  ]
 [-0.0862767  -0.2986196   0.8864695 ]
 [ 0.02451603  0.14399338  1.0683091 ]
 [-0.04163711  0.37949485  0.92200816]
 [-0.16248119  0.3860826   1.0474308 ]]
[[ 0.0000000e+00  0.0000000e+00  6.0759926e-01]
 [ 9.7788081e-02  4.7673732e-02  6.1054265e-01]
 [ 1.6008905e-01 -5.3270370e-02  2.1048760e-01]
 [ 2.8883132e-01 -4.8708254e-01  1.7420506e-01]
 [ 3.3270079e-01 -4.8587573e-01  8.9305222e-02]
 [-9.7838193e-02 -4.7840420e-02  6.0464841e-01]
 [-1.8717828e-01  2.7455407e-01  3.6470467e-01]
 [-2.0200253e-01  3.4226960e-01  0.0000000e+00]
 [-2.8376836e-01  5.0534105e-01  6.9534779e-04]
 [-4.2509511e-02  3.7842751e-02  8.3183110e-01]
 [-1.0622339e-01  7.5744629e-02  1.0848995e+00]
 [-1.8680228e-01  1.5278268e-01  1.1386985e+00]
 [-1.7825274e-01  1.1804253e-01  1.2548039e+00]
 [-2.0120737e-01 -4.1154325e-03  1.0406921e+00]
 [-1.3526429e-01 -1.6418609e-01  9.3660557e-01]
 [-1.2912428e-01 -2.2691171e-01  8.0385804e-01]
 [ 1.6653627e-02  1.5012717e-01  1.0475626e+00]
 [-2.5185093e-02  3.7270093e-01  8.7518257e-01]
 [-1.8034339e-01  3.7869215e-01  9.4871014e-01]]
[[ 0.          0.          0.64205426]
 [ 0.09725405  0.0452462   0.6393584 ]
 [ 0.10185244 -0.02301848  0.23334724]
 [ 0.20354396 -0.5115753   0.282772  ]
 [ 0.2449519  -0.5541161   0.24514383]
 [-0.09729198 -0.04541517  0.6447388 ]
 [-0.15532014  0.29006216  0.39563048]
 [-0.14317524  0.34035185  0.00811404]
 [-0.22465193  0.5108301   0.        ]
 [-0.0499216   0.04290627  0.865005  ]
 [-0.11900482  0.08159658  1.1181407 ]
 [-0.19358307  0.15823424  1.1742609 ]
 [-0.18512367  0.11944133  1.2874639 ]
 [-0.21337081  0.00507396  1.0689819 ]
 [-0.17080352 -0.13570598  0.91613835]
 [-0.22222011 -0.1924927   0.75683457]
 [ 0.00888894  0.1479182   1.0798732 ]
 [ 0.00195155  0.3520194   0.88985544]
 [-0.12887326  0.39067423  0.8834523 ]]
[[ 0.          0.          0.6743829 ]
 [ 0.0975018   0.04313739  0.67060506]
 [ 0.03887847  0.09236789  0.29708308]
 [ 0.14272049 -0.40240198  0.39736277]
 [ 0.19000167 -0.4630283   0.36233872]
 [-0.09753534 -0.04334518  0.6781201 ]
 [-0.11555552  0.26831585  0.42233706]
 [-0.03668566  0.27010024  0.04009068]
 [-0.11074615  0.444681    0.        ]
 [-0.05548388  0.04728739  0.8941879 ]
 [-0.12759458  0.08386782  1.1486026 ]
 [-0.20500553  0.1546033   1.2115906 ]
 [-0.19033335  0.11339563  1.3215677 ]
 [-0.22454306  0.01183954  1.094464  ]
 [-0.22100082 -0.06117116  0.91902125]
 [-0.27707717 -0.04718971  0.80350995]
 [ 0.0075497   0.14156902  1.1075193 ]
 [ 0.05939008  0.3175506   0.9174208 ]
 [ 0.00463188  0.39473754  0.8290731 ]]
[[ 0.          0.          0.6838049 ]
 [ 0.0919216   0.0450535   0.6808317 ]
 [-0.03228553  0.17383333  0.3588087 ]
 [ 0.10318403 -0.31812716  0.41994876]
 [ 0.1576035  -0.3708545   0.36129743]
 [-0.09195861 -0.04529638  0.68671423]
 [-0.07854776  0.18913552  0.40272743]
 [ 0.0473334   0.15469664  0.04763025]
 [-0.02362742  0.3168483   0.        ]
 [-0.0569337   0.04782794  0.90250707]
 [-0.12774119  0.08249182  1.158206  ]
 [-0.20687485  0.14215648  1.2210028 ]
 [-0.1865089   0.10596734  1.3345408 ]
 [-0.22770557  0.02230057  1.104368  ]
 [-0.2629642   0.00685686  0.93105346]
 [-0.28705287  0.07908048  0.8707972 ]
 [ 0.01112685  0.12411499  1.1110147 ]
 [ 0.1118659   0.23378918  0.94002974]
 [ 0.1175952   0.32797527  0.8253894 ]]
[[ 0.          0.          0.6899727 ]
 [ 0.09022243  0.05785237  0.70021975]
 [-0.14095232  0.23258111  0.49473876]
 [ 0.03659954 -0.14676723  0.34709442]
 [ 0.03923273 -0.11622232  0.22494355]
 [-0.09027313 -0.05813037  0.6796212 ]
 [-0.01234651  0.0145098   0.3649597 ]
 [ 0.15052468 -0.08756477  0.10236335]
 [ 0.11275967  0.06404346  0.        ]
 [-0.05616133  0.03395899  0.9114201 ]
 [-0.12377986  0.06485075  1.170159  ]
 [-0.20541072  0.12100124  1.2339537 ]
 [-0.18116131  0.09149259  1.3469421 ]
 [-0.23972946  0.01433298  1.1282895 ]
 [-0.35803843  0.06669161  0.9677106 ]
 [-0.27186254  0.2561878   1.06163   ]
 [ 0.02139684  0.09148425  1.1201334 ]
 [ 0.18541189  0.07762027  1.0199149 ]
 [ 0.2699718   0.11301285  0.8595899 ]]
[[ 0.          0.          0.5950241 ]
 [ 0.09001847  0.05238336  0.61014223]
 [-0.12682381  0.2904985   0.46712264]
 [-0.04328287  0.06563583  0.12176901]
 [-0.10833232  0.15432575  0.0413813 ]
 [-0.09008853 -0.05262752  0.57978666]
 [ 0.06788218 -0.04704362  0.2643305 ]
 [ 0.24802947 -0.2144444   0.12522113]
 [ 0.27967152 -0.09654164  0.        ]
 [-0.04594602  0.02742365  0.82198906]
 [-0.09892489  0.05378765  1.0819576 ]
 [-0.1790078   0.12245119  1.1439493 ]
 [-0.14915046  0.10026407  1.2583889 ]
 [-0.23356426  0.01374838  1.054666  ]
 [-0.39446217  0.07853627  0.9353887 ]
 [-0.24203146  0.26782835  1.0355833 ]
 [ 0.04777339  0.06435266  1.0331397 ]
 [ 0.22632426 -0.01114112  0.98263705]
 [ 0.3417312   0.02388304  0.82215095]]
[[ 0.          0.          0.58256334]
 [ 0.08913022  0.04149301  0.59906405]
 [-0.09164101  0.29931343  0.42849532]
 [-0.09070274  0.21464142  0.03448993]
 [-0.17314705  0.3209881   0.        ]
 [-0.08920769 -0.04171044  0.5659377 ]
 [ 0.06616896 -0.10628018  0.22613132]
 [ 0.2865464  -0.36835808  0.21453327]
 [ 0.3677858  -0.30620387  0.1122188 ]
 [-0.03641887  0.03055218  0.81168944]
 [-0.07266755  0.05957407  1.0710342 ]
 [-0.15058316  0.12760496  1.1402614 ]
 [-0.12729096  0.1022014   1.2534189 ]
 [-0.21572727  0.02983412  1.0470632 ]
 [-0.39621198  0.05073455  0.91041076]
 [-0.2607636   0.25966656  0.9910194 ]
 [ 0.06964044  0.06266856  1.0175716 ]
 [ 0.2522992  -0.03115842  0.956962  ]
 [ 0.37237367  0.04665823  0.7901237 ]]
[[ 0.          0.          0.6093928 ]
 [ 0.08916268  0.03437659  0.6258539 ]
 [-0.05432917  0.2966154   0.41769022]
 [-0.08768484  0.29102162  0.00797027]
 [-0.16654974  0.39920115  0.        ]
 [-0.08922507 -0.03455943  0.5928106 ]
 [ 0.04089338 -0.11944014  0.23279685]
 [ 0.26668102 -0.44002056  0.30750313]
 [ 0.36975396 -0.42613104  0.25469252]
 [-0.02983788  0.03313002  0.83743453]
 [-0.05868302  0.06726766  1.0958321 ]
 [-0.13263911  0.13515389  1.1728401 ]
 [-0.11351153  0.10844302  1.2808273 ]
 [-0.2035704   0.03873327  1.0710846 ]
 [-0.3722367   0.0205504   0.9036151 ]
 [-0.27911815  0.25552326  0.9520043 ]
 [ 0.08107459  0.07237005  1.0354002 ]
 [ 0.25432217  0.00253084  0.94405985]
 [ 0.35137293  0.11016709  0.7872681 ]]
[[ 0.          0.          0.65039825]
 [ 0.0936546   0.02869072  0.6655062 ]
 [-0.0166346   0.29527777  0.43234003]
 [-0.03802301  0.30076158  0.01076555]
 [-0.11004713  0.42658094  0.        ]
 [-0.09371369 -0.02888438  0.6351704 ]
 [ 0.00674941 -0.07187551  0.25962883]
 [ 0.2418114  -0.42539     0.4005407 ]
 [ 0.35809654 -0.44716498  0.3841909 ]
 [-0.02498785  0.03421739  0.87683344]
 [-0.05283266  0.06618741  1.1364299 ]
 [-0.12001508  0.13757378  1.2109243 ]
 [-0.10347988  0.11243635  1.3178604 ]
 [-0.19870326  0.03866622  1.1113548 ]
 [-0.32766426 -0.0103792   0.9304147 ]
 [-0.27465385  0.23122168  0.91679657]
 [ 0.08917341  0.07759717  1.0680788 ]
 [ 0.24546066  0.07594231  0.9477278 ]
 [ 0.3058218   0.22524169  0.81980705]]
[[ 0.          0.          0.68624175]
 [ 0.09805869  0.02671943  0.70006096]
 [ 0.01083129  0.3059275   0.4592703 ]
 [ 0.00776885  0.27440912  0.02904141]
 [-0.06561679  0.4091296   0.        ]
 [-0.09812089 -0.0269126   0.67230684]
 [-0.03639837 -0.00595227  0.30406916]
 [ 0.22773454 -0.35692838  0.47587943]
 [ 0.35551286 -0.3945374   0.4680691 ]
 [-0.02532239  0.03533365  0.9106121 ]
 [-0.05195227  0.06877127  1.1702616 ]
 [-0.11648944  0.13886255  1.2476267 ]
 [-0.10374379  0.11207741  1.3542845 ]
 [-0.19954842  0.03771177  1.1441886 ]
 [-0.30379114 -0.05029041  0.97173387]
 [-0.25168926  0.16254786  0.91273975]
 [ 0.09260776  0.08894348  1.1008857 ]
 [ 0.23176911  0.16974103  0.9634974 ]
 [ 0.25070608  0.3263967   0.86846054]]
[[ 0.          0.          0.71809506]
 [ 0.10184959  0.03405367  0.7347746 ]
 [ 0.04223607  0.25175643  0.45679322]
 [ 0.06187476  0.15348041  0.03918713]
 [-0.01868562  0.2849101   0.        ]
 [-0.10191888 -0.03427421  0.7013188 ]
 [-0.11426964  0.04934636  0.34293842]
 [ 0.17788088 -0.31383917  0.51981294]
 [ 0.2826731  -0.3383358   0.48242766]
 [-0.0281494   0.03590389  0.94312286]
 [-0.05192515  0.07551101  1.2033607 ]
 [-0.11615217  0.14112413  1.2814434 ]
 [-0.10281256  0.11166006  1.3876743 ]
 [-0.20002663  0.03497085  1.1763518 ]
 [-0.26373622 -0.08261286  0.9983989 ]
 [-0.2042227   0.03489876  0.8934634 ]
 [ 0.09108809  0.10809785  1.1323147 ]
 [ 0.18689096  0.2381184   0.94699967]
 [ 0.13390619  0.3705093   0.8844657 ]]
[[ 0.          0.          0.7395977 ]
 [ 0.10390864  0.04723061  0.74920917]
 [ 0.12557055  0.13156047  0.41235715]
 [ 0.2573691  -0.09897226  0.07571054]
 [ 0.2229829   0.01862705  0.        ]
 [-0.10400391 -0.04749478  0.7299228 ]
 [-0.19836092  0.25515258  0.48450634]
 [-0.02884052 -0.0677264   0.38791338]
 [-0.02107063 -0.00321931  0.26307082]
 [-0.03062185  0.05573192  0.96021336]
 [-0.06780836  0.09952813  1.2193551 ]
 [-0.13472068  0.17361021  1.2891712 ]
 [-0.12067232  0.13604873  1.4043074 ]
 [-0.19613707  0.03336379  1.190036  ]
 [-0.11807415 -0.13930607  1.0784513 ]
 [-0.05605431 -0.20988964  0.93106896]
 [ 0.06554632  0.16504878  1.1565995 ]
 [ 0.03770051  0.37180692  0.97725946]
 [-0.07286379  0.46082342  1.0856808 ]]
[[ 0.          0.          0.67389226]
 [ 0.0969038   0.05464763  0.67481184]
 [ 0.19118184  0.01816899  0.31851298]
 [ 0.37737715 -0.27532983  0.1264925 ]
 [ 0.38599455 -0.20743847  0.        ]
 [-0.09696975 -0.05486854  0.6729536 ]
 [-0.20963484  0.23259306  0.46192116]
 [-0.16438815  0.08574718  0.12163502]
 [-0.23125017  0.20994812  0.04366672]
 [-0.0309527   0.0321297   0.9005759 ]
 [-0.07749117  0.04938644  1.1598413 ]
 [-0.15948689  0.11762542  1.2191658 ]
 [-0.13911365  0.08165771  1.3372185 ]
 [-0.18071362 -0.03600955  1.1320422 ]
 [-0.07547205 -0.21790226  1.0811987 ]
 [-0.02068724 -0.28117424  0.91801304]
 [ 0.04038409  0.13637775  1.1082623 ]
 [-0.03353557  0.37300754  0.9650798 ]
 [-0.13573188  0.36215135  1.1221567 ]]
[[ 0.          0.          0.6139595 ]
 [ 0.09376915  0.05437098  0.6132892 ]
 [ 0.18328069 -0.03271979  0.24080446]
 [ 0.36123598 -0.40368763  0.14250201]
 [ 0.39618438 -0.37528545  0.01249462]
 [-0.09383368 -0.05455344  0.6146155 ]
 [-0.19461721  0.23884621  0.39055124]
 [-0.1895442   0.24057633  0.02278292]
 [-0.26968637  0.38128415  0.        ]
 [-0.02988975  0.02900882  0.8405602 ]
 [-0.07986079  0.05189157  1.0982463 ]
 [-0.16594177  0.11904776  1.1553469 ]
 [-0.14490134  0.08085948  1.2727551 ]
 [-0.17503299 -0.03558528  1.0658174 ]
 [-0.07191879 -0.21354398  0.9933304 ]
 [-0.03746495 -0.27266067  0.8191168 ]
 [ 0.03473479  0.1369318   1.050559  ]
 [-0.02746163  0.36583525  0.8924338 ]
 [-0.16501778  0.31676063  1.011044  ]]
[[ 0.          0.          0.62028956]
 [ 0.09578049  0.05265507  0.61902034]
 [ 0.144093    0.00662029  0.22696981]
 [ 0.3013321  -0.41742116  0.2205373 ]
 [ 0.34821892 -0.4376784   0.13330024]
 [-0.09585065 -0.05283117  0.6215425 ]
 [-0.17343244  0.251827    0.38447353]
 [-0.16857064  0.29156095  0.00464833]
 [-0.24813053  0.44716057  0.        ]
 [-0.03704117  0.03168407  0.84782076]
 [-0.09468243  0.05562216  1.1043121 ]
 [-0.18052451  0.12169302  1.1672366 ]
 [-0.15945849  0.08084339  1.2824689 ]
 [-0.18563798 -0.03298849  1.0618054 ]
 [-0.10917473 -0.1961825   0.92048836]
 [-0.11397272 -0.24202244  0.7739597 ]
 [ 0.02511649  0.13930905  1.0570947 ]
 [-0.01949851  0.35801846  0.874973  ]
 [-0.17998481  0.3292883   0.9373553 ]]
[[ 0.          0.          0.6418797 ]
 [ 0.09661011  0.04771512  0.6378194 ]
 [ 0.08798586  0.04979849  0.2442976 ]
 [ 0.2186659  -0.41501218  0.31189346]
 [ 0.26920065 -0.46940368  0.27302974]
 [-0.09666082 -0.04790394  0.64591914]
 [-0.13948768  0.24430159  0.3973133 ]
 [-0.0944441   0.2863337   0.01424992]
 [-0.17628795  0.45054492  0.        ]
 [-0.04316138  0.03223458  0.86830145]
 [-0.10458772  0.05441219  1.126294  ]
 [-0.18325257  0.11987042  1.1927161 ]
 [-0.16577496  0.07336044  1.3038512 ]
 [-0.19619286 -0.02840686  1.0794703 ]
 [-0.14312246 -0.17026278  0.89874697]
 [-0.2124986  -0.19096959  0.7574204 ]
 [ 0.02270256  0.12769836  1.0762165 ]
 [ 0.01961306  0.33188963  0.88551307]
 [-0.12295461  0.3283156   0.86225975]]
[[ 0.          0.          0.671913  ]
 [ 0.09477694  0.05139233  0.6690463 ]
 [ 0.01377737  0.14594287  0.30361336]
 [ 0.15564483 -0.3252477   0.41774288]
 [ 0.20413005 -0.3923577   0.35962608]
 [-0.09482816 -0.05160918  0.674737  ]
 [-0.09840855  0.21135505  0.41301548]
 [ 0.01646316  0.17591059  0.04418731]
 [-0.05611232  0.34314543  0.        ]
 [-0.04608332  0.04421249  0.8950339 ]
 [-0.10835402  0.07104701  1.153264  ]
 [-0.18946822  0.12796861  1.2257857 ]
 [-0.16843271  0.08056939  1.3353164 ]
 [-0.20479609 -0.00698692  1.1011319 ]
 [-0.21609524 -0.09147848  0.9263181 ]
 [-0.27667663 -0.06461886  0.82505625]
 [ 0.02598853  0.13451177  1.1027391 ]
 [ 0.08862808  0.30108917  0.9099991 ]
 [ 0.02530742  0.36933172  0.8296853 ]]
[[ 0.          0.          0.67910486]
 [ 0.08985446  0.0543542   0.6796487 ]
 [-0.0741358   0.20161675  0.38534653]
 [ 0.11464174 -0.22596306  0.40827143]
 [ 0.15929809 -0.25334275  0.29368535]
 [-0.08991713 -0.05460958  0.6784837 ]
 [-0.06438106  0.09268939  0.38566348]
 [ 0.09367085  0.03420305  0.07036638]
 [ 0.04084406  0.18592852  0.        ]
 [-0.04557456  0.03789949  0.9031224 ]
 [-0.10224687  0.0610691   1.1627938 ]
 [-0.18439758  0.11339724  1.2349849 ]
 [-0.1588546   0.07054222  1.3476729 ]
 [-0.20681086 -0.00745127  1.111852  ]
 [-0.2770378  -0.05099674  0.9239706 ]
 [-0.28887767  0.04675493  0.92552096]
 [ 0.0338273   0.11258864  1.1089073 ]
 [ 0.1449673   0.22148019  0.942195  ]
 [ 0.1463231   0.30095667  0.83002394]]
[[ 0.          0.          0.6204306 ]
 [ 0.08550707  0.06207623  0.6362546 ]
 [-0.14110303  0.24655278  0.46745226]
 [-0.00988856  0.01682121  0.18268743]
 [-0.06600623  0.09287813  0.06720489]
 [-0.08557221 -0.06234048  0.6044875 ]
 [ 0.04449622 -0.04817754  0.28108305]
 [ 0.22396481 -0.21151242  0.118967  ]
 [ 0.24207407 -0.09322053  0.        ]
 [-0.04092488  0.0194333   0.848271  ]
 [-0.0883195   0.04029745  1.109642  ]
 [-0.17098579  0.09678751  1.1823812 ]
 [-0.1371997   0.06924373  1.2953215 ]
 [-0.21399686 -0.02179462  1.0755599 ]
 [-0.38839602 -0.01392373  0.93331176]
 [-0.26087108  0.1931788   1.0435143 ]
 [ 0.0510435   0.07196352  1.0570698 ]
 [ 0.23195878  0.04018801  0.9644555 ]
 [ 0.2934243   0.02434169  0.79019594]]
[[ 0.          0.          0.5955549 ]
 [ 0.08616273  0.04906937  0.61171484]
 [-0.1063417   0.25811803  0.44053844]
 [-0.07767063  0.13348803  0.05825853]
 [-0.1693387   0.2287654   0.        ]
 [-0.08624166 -0.04932258  0.579259  ]
 [ 0.07099089 -0.06258455  0.25299174]
 [ 0.27623367 -0.28370273  0.19328797]
 [ 0.35540926 -0.21327674  0.07948321]
 [-0.03604563  0.01657762  0.82539046]
 [-0.07342075  0.0324226   1.0870785 ]
 [-0.15730983  0.09610373  1.1631622 ]
 [-0.1276725   0.06564766  1.2745776 ]
 [-0.20964283 -0.01001424  1.0581394 ]
 [-0.38544464  0.01899028  0.9244811 ]
 [-0.25082293  0.23040691  1.0120972 ]
 [ 0.06615674  0.05415931  1.0337255 ]
 [ 0.2474213  -0.00262403  0.9513065 ]
 [ 0.3292644   0.05860192  0.77685773]]
[[ 0.          0.          0.61756504]
 [ 0.08486723  0.04248356  0.634315  ]
 [-0.06971194  0.27996418  0.4257191 ]
 [-0.10185808  0.24875817  0.01725996]
 [-0.19546252  0.34807903  0.        ]
 [-0.08494806 -0.0427043   0.6006837 ]
 [ 0.04999721 -0.08900207  0.24730814]
 [ 0.27102453 -0.38650125  0.2781611 ]
 [ 0.38403666 -0.36749148  0.21163934]
 [-0.02991228  0.01648381  0.84683216]
 [-0.06012425  0.0352366   1.1085011 ]
 [-0.14184934  0.09547836  1.1906176 ]
 [-0.11587718  0.06553829  1.2979965 ]
 [-0.1993216  -0.00505531  1.0778521 ]
 [-0.38032037 -0.02718186  0.9109224 ]
 [-0.28984472  0.21141356  0.98083794]
 [ 0.078915    0.05484888  1.0501697 ]
 [ 0.255791   -0.00826418  0.9364684 ]
 [ 0.31382853  0.05652748  0.75063777]]
[[ 0.          0.          0.6436018 ]
 [ 0.0872407   0.04020161  0.66035426]
 [-0.02699952  0.3105491   0.43086833]
 [-0.0569028   0.3121039   0.01432014]
 [-0.1442551   0.42360058  0.        ]
 [-0.08731006 -0.04039577  0.62672406]
 [ 0.01026613 -0.06853017  0.25285286]
 [ 0.23863035 -0.40070197  0.34373254]
 [ 0.36103022 -0.42460364  0.3218587 ]
 [-0.02670935  0.01742642  0.8725784 ]
 [-0.05460766  0.03859422  1.1343377 ]
 [-0.13275518  0.09697688  1.21716   ]
 [-0.10811794  0.07019651  1.3225479 ]
 [-0.19758548 -0.00468341  1.104228  ]
 [-0.35184404 -0.08195779  0.91396177]
 [-0.30015537  0.16082126  0.9339311 ]
 [ 0.08449142  0.06222817  1.0684266 ]
 [ 0.24256769  0.03995532  0.92522967]
 [ 0.26093087  0.13873024  0.7503478 ]]
[[ 0.          0.          0.67659557]
 [ 0.09303094  0.04250554  0.6948429 ]
 [ 0.00354106  0.31387755  0.45703366]
 [ 0.01121704  0.28972068  0.0356679 ]
 [-0.0782899   0.41491732  0.        ]
 [-0.09309389 -0.0427081   0.65822387]
 [-0.06204201 -0.01486582  0.28434277]
 [ 0.19730371 -0.3533919   0.42544252]
 [ 0.3260687  -0.39513516  0.40938148]
 [-0.02519096  0.02380769  0.90338457]
 [-0.0516951   0.04586869  1.1651114 ]
 [-0.12736611  0.10357189  1.2500159 ]
 [-0.1078705   0.0730949   1.3543869 ]
 [-0.19485421 -0.00228891  1.1338304 ]
 [-0.31222722 -0.10692276  0.94255924]
 [-0.28189495  0.08421037  0.89551896]
 [ 0.08448327  0.07913613  1.0939246 ]
 [ 0.20874432  0.10316534  0.91519475]
 [ 0.17975332  0.22859116  0.79550207]]
[[ 0.0000000e+00  0.0000000e+00  7.2066939e-01]
 [ 9.5845737e-02  5.6858964e-02  7.3874170e-01]
 [ 2.0333972e-02  2.2292784e-01  4.5593509e-01]
 [ 7.0456147e-02  9.2787862e-02  5.0743043e-02]
 [-2.8602310e-02  2.1758837e-01  0.0000000e+00]
 [-9.5905930e-02 -5.7105348e-02  7.0248711e-01]
 [-1.6137004e-01  6.1462611e-02  3.5650760e-01]
 [ 1.3548221e-01 -2.6569366e-01  4.9694437e-01]
 [ 2.3617277e-01 -2.7636361e-01  4.0744406e-01]
 [-2.9630579e-02  3.4611687e-02  9.4705558e-01]
 [-5.6783088e-02  6.5776408e-02  1.2097113e+00]
 [-1.3089918e-01  1.1900383e-01  1.2946026e+00]
 [-1.1165449e-01  8.6710751e-02  1.4021819e+00]
 [-1.9711472e-01  1.1780560e-03  1.1780863e+00]
 [-2.7226144e-01 -1.3117327e-01  9.8103762e-01]
 [-2.5639448e-01 -3.0126795e-02  8.9119917e-01]
 [ 7.5941391e-02  1.1814886e-01  1.1364019e+00]
 [ 1.4732267e-01  2.1350448e-01  9.3802840e-01]
 [ 5.9046321e-02  3.1707042e-01  8.8691229e-01]]
[[ 0.          0.          0.7230077 ]
 [ 0.09678205  0.06174554  0.73276967]
 [ 0.12729855  0.12916784  0.39158767]
 [ 0.2890696  -0.10474402  0.09678674]
 [ 0.2509786   0.00218922  0.        ]
 [-0.09685236 -0.06201459  0.7131763 ]
 [-0.22736949  0.26309732  0.49293172]
 [-0.08047888 -0.03055206  0.3084903 ]
 [-0.08340247  0.03491348  0.1640433 ]
 [-0.02630046  0.0538592   0.94626427]
 [-0.06129049  0.08654428  1.207172  ]
 [-0.1410895   0.14533949  1.2876534 ]
 [-0.11903805  0.10500509  1.4023616 ]
 [-0.17394096 -0.00812036  1.17488   ]
 [-0.13633858 -0.20013522  1.0342093 ]
 [-0.10639951 -0.23208681  0.9045743 ]
 [ 0.05413654  0.17413706  1.1435909 ]
 [ 0.00869341  0.36779094  0.96508723]
 [-0.1481171   0.33029145  1.0756818 ]]
[[ 0.          0.          0.6781045 ]
 [ 0.08717968  0.06809612  0.6798135 ]
 [ 0.19553515  0.01168457  0.32923296]
 [ 0.37987733 -0.26519316  0.12897384]
 [ 0.3866188  -0.21251547  0.        ]
 [-0.08723599 -0.06830084  0.67637515]
 [-0.24429044  0.21393433  0.46639368]
 [-0.21188626  0.1504837   0.11287946]
 [-0.29744792  0.27524135  0.05375367]
 [-0.0150683   0.03588039  0.90781295]
 [-0.05127402  0.04941529  1.1687629 ]
 [-0.14955644  0.09714556  1.2411484 ]
 [-0.12493891  0.0633747   1.3569075 ]
 [-0.12658712 -0.0666163   1.1419551 ]
 [-0.05038188 -0.28501973  1.0439885 ]
 [-0.04734301 -0.33358616  0.88210833]
 [ 0.03544911  0.16134503  1.1098874 ]
 [-0.05063954  0.37625036  0.96566284]
 [-0.18791083  0.24662644  1.1064353 ]]
[[ 0.          0.          0.60959005]
 [ 0.08572955  0.06520227  0.6099756 ]
 [ 0.17854702 -0.02296111  0.25243738]
 [ 0.34798884 -0.35906887  0.12470943]
 [ 0.38323164 -0.33459377  0.        ]
 [-0.08578136 -0.06538608  0.6091941 ]
 [-0.22593093  0.2377012   0.38546896]
 [-0.22127825  0.31817415  0.03361267]
 [-0.3134314   0.45609945  0.02581286]
 [-0.01368383  0.0285248   0.83955944]
 [-0.05550189  0.03953582  1.0999715 ]
 [-0.16198301  0.08898419  1.1713476 ]
 [-0.13546014  0.0555039   1.2880263 ]
 [-0.12250037 -0.07569081  1.0658108 ]
 [-0.05278946 -0.29498672  0.946273  ]
 [-0.08422572 -0.3379291   0.78277636]
 [ 0.02987119  0.15242174  1.043886  ]
 [-0.04392213  0.364355    0.88876384]
 [-0.20209044  0.25580767  0.99514663]]
[[ 0.          0.          0.5965109 ]
 [ 0.0912596   0.05907194  0.5958861 ]
 [ 0.13308305  0.01763093  0.2078434 ]
 [ 0.2805332  -0.3945297   0.19386065]
 [ 0.32281852 -0.42283827  0.12291268]
 [-0.09131493 -0.05924693  0.59713054]
 [-0.19107425  0.2598442   0.36077166]
 [-0.1830689   0.3867484   0.        ]
 [-0.27367273  0.5419851   0.01131326]
 [-0.02937115  0.02672289  0.82681566]
 [-0.08310006  0.04052588  1.0862668 ]
 [-0.17687546  0.0950343   1.159997  ]
 [-0.14971222  0.05653548  1.2738599 ]
 [-0.16365258 -0.05630618  1.0401858 ]
 [-0.09824693 -0.24296054  0.86820406]
 [-0.1676336  -0.26979357  0.72756505]
 [ 0.02440385  0.13713259  1.0348909 ]
 [-0.02393736  0.34352958  0.8482492 ]
 [-0.2033852   0.28987134  0.8971331 ]]
[[ 0.          0.          0.63001335]
 [ 0.09336751  0.05513414  0.6261732 ]
 [ 0.07030448  0.05030897  0.22757217]
 [ 0.1932571  -0.3913073   0.2718029 ]
 [ 0.23029453 -0.44592178  0.23808539]
 [-0.09342074 -0.05532219  0.6338441 ]
 [-0.15049084  0.27120432  0.38914454]
 [-0.12037867  0.35630986  0.01035327]
 [-0.21634218  0.5207591   0.        ]
 [-0.03611864  0.03013676  0.8596963 ]
 [-0.09427659  0.04217556  1.1202404 ]
 [-0.1834501   0.09790134  1.1945055 ]
 [-0.15364586  0.0578019   1.3064806 ]
 [-0.18049803 -0.0492774   1.0663016 ]
 [-0.14415154 -0.20931958  0.8725298 ]
 [-0.24606487 -0.22189407  0.74027336]
 [ 0.02413394  0.12835366  1.0702288 ]
 [ 0.01021095  0.31954935  0.8703773 ]
 [-0.14998788  0.30860993  0.839533  ]]
[[ 0.          0.          0.67849064]
 [ 0.08960174  0.06173418  0.67544436]
 [-0.01536425  0.13602123  0.31437948]
 [ 0.1357511  -0.30829024  0.38700116]
 [ 0.17385197 -0.3659969   0.31079698]
 [-0.08965503 -0.06196544  0.68150175]
 [-0.11394744  0.22269088  0.41496012]
 [-0.0081721   0.21479946  0.05409235]
 [-0.08829123  0.37949437  0.        ]
 [-0.04356989  0.03787386  0.9040443 ]
 [-0.10459945  0.05360803  1.1642619 ]
 [-0.19353625  0.10255295  1.2446063 ]
 [-0.15775311  0.06146824  1.3538632 ]
 [-0.1953434  -0.03892449  1.1091739 ]
 [-0.24233022 -0.17382225  0.9083342 ]
 [-0.31833977 -0.1255745   0.8272826 ]
 [ 0.02278381  0.13158303  1.1109855 ]
 [ 0.0823029   0.2851774   0.9137499 ]
 [-0.00983065  0.29352155  0.819988  ]]
[[ 0.          0.          0.6779049 ]
 [ 0.08313029  0.06785943  0.6861299 ]
 [-0.12846369  0.22093517  0.42042518]
 [ 0.07146877 -0.16220978  0.36525363]
 [ 0.09079567 -0.16826683  0.21658945]
 [-0.08318738 -0.06813449  0.66958827]
 [-0.05790516  0.0604541   0.36706984]
 [ 0.1285755   0.03939629  0.08039182]
 [ 0.07065896  0.18279737  0.        ]
 [-0.04358299  0.03345701  0.904012  ]
 [-0.0992537   0.05457246  1.1650424 ]
 [-0.18951325  0.09633493  1.2467697 ]
 [-0.15202497  0.06205976  1.3582392 ]
 [-0.20407674 -0.03107449  1.1124591 ]
 [-0.34094378 -0.12387373  0.91885173]
 [-0.32913077  0.05231431  0.96509784]
 [ 0.03345034  0.11280641  1.1108549 ]
 [ 0.1623066   0.17169257  0.95692706]
 [ 0.19404641  0.2551233   0.8112908 ]]
[[ 0.          0.          0.5991742 ]
 [ 0.08179598  0.06906287  0.6181887 ]
 [-0.16024095  0.27074298  0.4549643 ]
 [-0.04075336  0.07301241  0.12372941]
 [-0.1269151   0.14902398  0.02063471]
 [-0.08186921 -0.0693361   0.5800276 ]
 [ 0.04105199 -0.03937075  0.25330094]
 [ 0.2498317  -0.19748414  0.11640993]
 [ 0.27625832 -0.09532928  0.        ]
 [-0.03870109  0.01641233  0.8295436 ]
 [-0.08488324  0.03573614  1.0913665 ]
 [-0.17697905  0.08796066  1.1720784 ]
 [-0.13955764  0.06067556  1.2827027 ]
 [-0.21429819 -0.03528541  1.0533369 ]
 [-0.411529   -0.06571871  0.9111082 ]
 [-0.28678295  0.15266013  1.0169632 ]
 [ 0.0547127   0.0737474   1.04338   ]
 [ 0.22671163  0.02878651  0.94334835]
 [ 0.29480118  0.07248022  0.77182853]]
[[ 0.          0.          0.60805756]
 [ 0.08245355  0.05656138  0.6253801 ]
 [-0.12812723  0.2808828   0.4437766 ]
 [-0.10583103  0.2116231   0.04260945]
 [-0.21558765  0.3049676   0.        ]
 [-0.08252901 -0.05681028  0.5906006 ]
 [ 0.04325917 -0.06957906  0.24615759]
 [ 0.27401328 -0.31877726  0.20539403]
 [ 0.3521877  -0.26912504  0.11264586]
 [-0.03045667  0.01296203  0.8393033 ]
 [-0.06580772  0.02679062  1.1014967 ]
 [-0.15539277  0.08397126  1.1880969 ]
 [-0.11728978  0.05412054  1.2965999 ]
 [-0.2021517  -0.03175965  1.0645381 ]
 [-0.3989118  -0.05662227  0.9197484 ]
 [-0.2883138   0.16471407  1.002573  ]
 [ 0.072448    0.06260297  1.0504315 ]
 [ 0.2471925   0.01860476  0.94621867]
 [ 0.30264574  0.06519821  0.7723098 ]]
[[ 0.          0.          0.6195426 ]
 [ 0.08248147  0.04800651  0.6366951 ]
 [-0.08794445  0.28442368  0.42102236]
 [-0.12040833  0.29097453  0.005925  ]
 [-0.23456475  0.3869213   0.        ]
 [-0.0825454  -0.04822167  0.6022569 ]
 [ 0.01969799 -0.05973655  0.244654  ]
 [ 0.25326097 -0.36174625  0.30102062]
 [ 0.35519737 -0.35451737  0.24854523]
 [-0.02720924  0.01803148  0.8497105 ]
 [-0.05819398  0.03577483  1.111213  ]
 [-0.14461625  0.08902705  1.2011564 ]
 [-0.1089547   0.06091446  1.3050439 ]
 [-0.19753948 -0.02129573  1.0735731 ]
 [-0.37482315 -0.08860198  0.8925469 ]
 [-0.31533027  0.14855567  0.9350116 ]
 [ 0.0758457   0.07177424  1.0522115 ]
 [ 0.24573402  0.03947288  0.91937023]
 [ 0.2749929   0.12095506  0.7472579 ]]
[[ 0.          0.          0.65341693]
 [ 0.08450206  0.04538944  0.6685298 ]
 [-0.04881252  0.28457922  0.43757665]
 [-0.06944616  0.2902189   0.01348072]
 [-0.17824048  0.3983696   0.        ]
 [-0.08455493 -0.04559587  0.638177  ]
 [-0.02496723 -0.02588031  0.27396023]
 [ 0.21648127 -0.3556902   0.37895006]
 [ 0.3328448  -0.37828934  0.3634112 ]
 [-0.02302626  0.02201456  0.882836  ]
 [-0.05041896  0.04524916  1.1443977 ]
 [-0.135382    0.09846991  1.2344084 ]
 [-0.0998873   0.06893897  1.3353629 ]
 [-0.19035947 -0.01335245  1.1126187 ]
 [-0.32841015 -0.12046319  0.91295326]
 [-0.3143      0.11321583  0.8813136 ]
 [ 0.08220723  0.08507174  1.0759054 ]
 [ 0.22768903  0.07759693  0.9229052 ]
 [ 0.21812788  0.19391564  0.775977  ]]
[[ 0.          0.          0.69393706]
 [ 0.08882724  0.04864436  0.7088988 ]
 [-0.02117864  0.27109033  0.46205896]
 [-0.00829816  0.21930763  0.03542477]
 [-0.11879219  0.33857775  0.        ]
 [-0.08887372 -0.04887258  0.67885023]
 [-0.08801722  0.02664572  0.32890302]
 [ 0.17699996 -0.31531417  0.45342526]
 [ 0.2997485  -0.34022018  0.42950946]
 [-0.02171314  0.02790612  0.92214113]
 [-0.04696947  0.05287758  1.1843305 ]
 [-0.12776095  0.10575247  1.2747595 ]
 [-0.0978471   0.07154608  1.3755287 ]
 [-0.18548752 -0.01149613  1.152566  ]
 [-0.29115936 -0.1285196   0.9467563 ]
 [-0.28612566  0.06778342  0.86556834]
 [ 0.08546989  0.10532954  1.1118366 ]
 [ 0.21073976  0.1758487   0.9406564 ]
 [ 0.15765584  0.3044564   0.8475324 ]]
[[ 0.          0.          0.74784684]
 [ 0.09824306  0.0650215   0.76096034]
 [ 0.04492085  0.18670793  0.44501758]
 [ 0.13892469  0.01247716  0.06732774]
 [ 0.05428924  0.13097262  0.        ]
 [-0.09831616 -0.06530479  0.7346473 ]
 [-0.21254233  0.17317185  0.4545337 ]
 [ 0.03920158 -0.1460746   0.44793916]
 [ 0.10456185 -0.1274957   0.34561828]
 [-0.02101477  0.03986639  0.9779141 ]
 [-0.04723661  0.06964153  1.2413315 ]
 [-0.132606    0.12084293  1.331436  ]
 [-0.0989276   0.08644754  1.4421723 ]
 [-0.17705631 -0.01813826  1.2096747 ]
 [-0.19902651 -0.18779075  1.0031006 ]
 [-0.22782812 -0.18968599  0.8782307 ]
 [ 0.08133208  0.15105182  1.1691074 ]
 [ 0.10125233  0.32299766  0.97241825]
 [-0.03035945  0.37821043  0.99994135]]
[[ 0.          0.          0.7026362 ]
 [ 0.0908201   0.07035908  0.70573527]
 [ 0.13674912  0.08020973  0.35184288]
 [ 0.34287572 -0.14515418  0.11274046]
 [ 0.32063103 -0.06744242  0.        ]
 [-0.09088376 -0.07061479  0.6995058 ]
 [-0.2609663   0.22460751  0.49528193]
 [-0.17050938  0.02392909  0.19026953]
 [-0.2349297   0.12042487  0.09205246]
 [-0.01463169  0.03628561  0.93425727]
 [-0.0441611   0.05370763  1.1968396 ]
 [-0.13980895  0.10073012  1.2714343 ]
 [-0.10716334  0.06633687  1.3884032 ]
 [-0.13427834 -0.060381    1.1720668 ]
 [-0.05159945 -0.27521378  1.0226432 ]
 [-0.06454826 -0.31522325  0.8656696 ]
 [ 0.05237963  0.16388428  1.1341114 ]
 [-0.03680055  0.36991048  0.98462594]
 [-0.16955832  0.28163722  1.1172215 ]]
[[ 0.0000000e+00  0.0000000e+00  6.5833980e-01]
 [ 8.3149895e-02  7.5238697e-02  6.5665054e-01]
 [ 1.5150121e-01  5.2034855e-05  2.9848605e-01]
 [ 3.7474540e-01 -2.7722892e-01  1.2427658e-01]
 [ 3.9743835e-01 -2.3970079e-01  0.0000000e+00]
 [-8.3204821e-02 -7.5443462e-02  6.6001511e-01]
 [-2.5495398e-01  1.8841892e-01  4.4274259e-01]
 [-2.3839742e-01  1.8734059e-01  8.4577382e-02]
 [-3.3051184e-01  3.1628788e-01  4.7221363e-02]
 [-5.1985681e-04  2.6163980e-02  8.9175397e-01]
 [-2.8328829e-02  3.3693433e-02  1.1536155e+00]
 [-1.3735276e-01  8.0571294e-02  1.2252047e+00]
 [-1.0667254e-01  4.6821773e-02  1.3429983e+00]
 [-9.2785247e-02 -9.2692435e-02  1.1276312e+00]
 [-2.1456644e-02 -3.1249186e-01  1.0190375e+00]
 [-3.8931035e-02 -3.3821845e-01  8.3815676e-01]
 [ 4.8501663e-02  1.5499699e-01  1.0941677e+00]
 [-4.5048371e-02  3.5780030e-01  9.4328839e-01]
 [-1.7610699e-01  2.5231478e-01  1.0724349e+00]]
[[ 0.          0.          0.59382087]
 [ 0.0841646   0.06875984  0.59212077]
 [ 0.11536652  0.00228676  0.2011173 ]
 [ 0.31017476 -0.3691085   0.13575953]
 [ 0.35590065 -0.38356805  0.03260714]
 [-0.08421773 -0.06895375  0.5955206 ]
 [-0.22185063  0.21425717  0.3644244 ]
 [-0.22233012  0.31778774  0.        ]
 [-0.31740084  0.46070182  0.00444788]
 [-0.00893086  0.02578694  0.826167  ]
 [-0.04745564  0.03297848  1.0881152 ]
 [-0.15343353  0.08027488  1.1623479 ]
 [-0.11816582  0.04594386  1.2766469 ]
 [-0.11118189 -0.08674315  1.0513515 ]
 [-0.05798369 -0.30293608  0.9145116 ]
 [-0.10390852 -0.325113    0.7347534 ]
 [ 0.03845688  0.14780316  1.0315359 ]
 [-0.02999239  0.34662926  0.8518978 ]
 [-0.19408634  0.2791285   0.93025184]]
[[ 0.          0.          0.6240665 ]
 [ 0.08793397  0.06571168  0.62115157]
 [ 0.05033775  0.04868975  0.2215794 ]
 [ 0.21615481 -0.38567325  0.24321264]
 [ 0.27297804 -0.4354235   0.16336536]
 [-0.08799107 -0.06593375  0.6269748 ]
 [-0.18472603  0.22786094  0.38688517]
 [-0.15596996  0.30118945  0.0142231 ]
 [-0.2503358   0.457608    0.        ]
 [-0.02435061  0.02716595  0.8550599 ]
 [-0.07019309  0.03649235  1.1171452 ]
 [-0.1670331   0.08281058  1.1942223 ]
 [-0.12976873  0.0460698   1.3072848 ]
 [-0.14859903 -0.07247192  1.0713258 ]
 [-0.12614207 -0.26138464  0.9020339 ]
 [-0.20067495 -0.27952117  0.7328645 ]
 [ 0.03483668  0.13879049  1.0631018 ]
 [ 0.00382434  0.33084154  0.866776  ]
 [-0.16209     0.29765406  0.8647394 ]]
[[ 0.          0.          0.66213083]
 [ 0.08796351  0.06441917  0.6568308 ]
 [-0.04313293  0.12407517  0.30223688]
 [ 0.14128348 -0.32879946  0.36648506]
 [ 0.18935025 -0.3865139   0.28116924]
 [-0.08801257 -0.06467841  0.6674026 ]
 [-0.13604409  0.19531876  0.4108539 ]
 [-0.04362506  0.22061145  0.04901332]
 [-0.12045339  0.38030273  0.        ]
 [-0.03195716  0.03543755  0.88952756]
 [-0.07968192  0.04778522  1.1516671 ]
 [-0.17589545  0.09602517  1.2350552 ]
 [-0.13570997  0.05435318  1.3438325 ]
 [-0.1671036  -0.05598348  1.1021372 ]
 [-0.2038855  -0.2107661   0.89981437]
 [-0.29746634 -0.17666595  0.7944643 ]
 [ 0.03819399  0.1374579   1.0945283 ]
 [ 0.05842296  0.30092973  0.90063953]
 [-0.05381434  0.31387463  0.81191176]]
[[ 0.          0.          0.6784654 ]
 [ 0.08458058  0.06698613  0.68048453]
 [-0.14039059  0.20482142  0.4235481 ]
 [ 0.07718641 -0.19335184  0.37760612]
 [ 0.09925205 -0.19715917  0.24913386]
 [-0.08464225 -0.06727988  0.67636514]
 [-0.07057856  0.07475133  0.37036017]
 [ 0.0945441   0.07858306  0.07365084]
 [ 0.02870132  0.22616035  0.        ]
 [-0.03441565  0.03146237  0.9054992 ]
 [-0.07858896  0.04910642  1.1682286 ]
 [-0.17438895  0.08885378  1.2529063 ]
 [-0.13228466  0.05387932  1.3638442 ]
 [-0.18188387 -0.04494566  1.1189551 ]
 [-0.30608892 -0.15502709  0.9275165 ]
 [-0.316675   -0.01539692  0.9219978 ]
 [ 0.04880866  0.12253481  1.107073  ]
 [ 0.1473161   0.22134037  0.93306065]
 [ 0.13287233  0.3076793   0.7965323 ]]
[[ 0.          0.          0.61971694]
 [ 0.08205961  0.07339385  0.6331963 ]
 [-0.17572704  0.23921469  0.4644507 ]
 [-0.0799378  -0.01206952  0.14318839]
 [-0.16995604  0.05548531  0.04883069]
 [-0.08212969 -0.07369166  0.6061102 ]
 [ 0.03365544 -0.01900861  0.26888695]
 [ 0.24840045 -0.10922509  0.12244052]
 [ 0.25959975  0.0125438   0.        ]
 [-0.03098024  0.01537113  0.85113674]
 [-0.0688424   0.03243935  1.1143372 ]
 [-0.16517733  0.08014035  1.2009554 ]
 [-0.11778587  0.05755103  1.3134854 ]
 [-0.194693   -0.05435419  1.0774003 ]
 [-0.38842285 -0.12036647  0.9137025 ]
 [-0.29094726  0.09050494  1.0029323 ]
 [ 0.06948981  0.09359372  1.0570354 ]
 [ 0.24318525  0.12168697  0.9337095 ]
 [ 0.28644747  0.1921206   0.75901246]]
[[ 0.          0.          0.61762726]
 [ 0.08102544  0.06372764  0.6299466 ]
 [-0.15034366  0.26838315  0.44687897]
 [-0.15464585  0.15538412  0.04620159]
 [-0.2755118   0.24335551  0.        ]
 [-0.08109379 -0.06398527  0.6051713 ]
 [ 0.04138859 -0.05798152  0.24624321]
 [ 0.28786343 -0.25916982  0.19777086]
 [ 0.3615483  -0.19860423  0.08578116]
 [-0.02492857  0.01937076  0.8496624 ]
 [-0.05458733  0.0366106   1.1132059 ]
 [-0.14636007  0.08925867  1.2034156 ]
 [-0.10049921  0.06255722  1.3144152 ]
 [-0.1869445  -0.04023972  1.0801723 ]
 [-0.3869524  -0.11274351  0.9115961 ]
 [-0.30017975  0.10195342  0.978383  ]
 [ 0.08010105  0.09021217  1.0519009 ]
 [ 0.25602305  0.09041739  0.9287399 ]
 [ 0.29062164  0.14156905  0.75463045]]
[[ 0.          0.          0.6421495 ]
 [ 0.08136636  0.05510158  0.65260255]
 [-0.11882667  0.2726624   0.43035492]
 [-0.15910132  0.23441303  0.01548296]
 [-0.2777263   0.3192261   0.        ]
 [-0.08143304 -0.05534015  0.63155776]
 [-0.0088283  -0.06042033  0.24779087]
 [ 0.25998113 -0.31880832  0.29119977]
 [ 0.37716252 -0.30751377  0.22118956]
 [-0.02537551  0.01979078  0.8733913 ]
 [-0.05360138  0.03874508  1.1366208 ]
 [-0.14178261  0.09000576  1.23217   ]
 [-0.09561552  0.06247652  1.338378  ]
 [-0.18720359 -0.03621584  1.1043224 ]
 [-0.35849008 -0.1295115   0.9118724 ]
 [-0.33557665  0.06688631  0.9235573 ]
 [ 0.07709232  0.09265465  1.0686733 ]
 [ 0.24462107  0.10575831  0.9179455 ]
 [ 0.25937295  0.21976347  0.7523737 ]]
[[ 0.00000000e+00  0.00000000e+00  6.79155290e-01]
 [ 8.23670328e-02  5.41660637e-02  6.91834092e-01]
 [-7.94644058e-02  2.60611564e-01  4.46187586e-01]
 [-1.04942411e-01  2.10564315e-01  2.36787200e-02]
 [-2.24850774e-01  3.05293947e-01  0.00000000e+00]
 [-8.24304447e-02 -5.43967746e-02  6.66340411e-01]
 [-6.76329136e-02 -2.14353800e-02  2.98375040e-01]
 [ 2.16394842e-01 -3.14603269e-01  3.82619768e-01]
 [ 3.44624132e-01 -3.35234851e-01  3.40074390e-01]
 [-2.48125568e-02  2.48300880e-02  9.09212947e-01]
 [-5.32055795e-02  5.00147343e-02  1.17176008e+00]
 [-1.37637496e-01  9.95337367e-02  1.26668692e+00]
 [-9.45964605e-02  7.11694360e-02  1.36998320e+00]
 [-1.86187238e-01 -2.74706483e-02  1.14197850e+00]
 [-3.18058282e-01 -1.59790426e-01  9.44694221e-01]
 [-3.37652802e-01 -5.27068973e-04  8.84715319e-01]
 [ 7.75797516e-02  1.08808994e-01  1.09801960e+00]
 [ 2.27871418e-01  1.69454589e-01  9.29825783e-01]
 [ 2.02214763e-01  3.14946562e-01  7.92647958e-01]]
[[ 0.          0.          0.7099923 ]
 [ 0.08753231  0.05821718  0.72253585]
 [-0.03344919  0.2589537   0.4556777 ]
 [-0.01157031  0.1720162   0.03693962]
 [-0.12734836  0.2774873   0.        ]
 [-0.08760215 -0.0584663   0.69732356]
 [-0.14301383  0.05118865  0.37151432]
 [ 0.17771813 -0.24540012  0.45187587]
 [ 0.30431396 -0.26264682  0.4035032 ]
 [-0.02484526  0.03147721  0.93840075]
 [-0.05036837  0.06040284  1.2015477 ]
 [-0.13502076  0.10590667  1.296213  ]
 [-0.09328596  0.07660377  1.4018728 ]
 [-0.18117124 -0.02198455  1.1710974 ]
 [-0.26850992 -0.17003316  0.95797694]
 [-0.30590364 -0.0923945   0.84697723]
 [ 0.0780159   0.12898189  1.1224964 ]
 [ 0.18045023  0.24465942  0.92903334]
 [ 0.1060423   0.396572    0.85172457]]
[[ 0.00000000e+00  0.00000000e+00  7.38873839e-01]
 [ 9.50652435e-02  6.88555390e-02  7.47513175e-01]
 [ 7.28513971e-02  1.61303252e-01  4.29360002e-01]
 [ 1.88459575e-01 -4.11802530e-02  7.09984899e-02]
 [ 1.19646534e-01  7.29941726e-02  0.00000000e+00]
 [-9.51639414e-02 -6.91324323e-02  7.30166852e-01]
 [-2.62239397e-01  1.76764295e-01  4.83280838e-01]
 [ 1.09486282e-03 -9.15271044e-02  4.37279880e-01]
 [ 5.06165475e-02 -5.96133769e-02  3.38037372e-01]
 [-2.14644931e-02  4.59097028e-02  9.65729713e-01]
 [-4.84529287e-02  7.72294700e-02  1.22890091e+00]
 [-1.39843926e-01  1.18934095e-01  1.31879258e+00]
 [-9.45011228e-02  8.52426291e-02  1.42856669e+00]
 [-1.60653397e-01 -2.49170661e-02  1.19742560e+00]
 [-1.47572637e-01 -2.05928132e-01  9.86022770e-01]
 [-1.58328295e-01 -2.52042294e-01  8.60631406e-01]
 [ 6.61580712e-02  1.75915360e-01  1.15582299e+00]
 [ 5.74102551e-02  3.49019855e-01  9.51327264e-01]
 [-8.35776925e-02  4.06767100e-01  1.00231671e+00]]
[[ 0.          0.          0.69726366]
 [ 0.07965961  0.07662408  0.70196986]
 [ 0.1483138   0.04993856  0.34557307]
 [ 0.34852096 -0.15039593  0.12048119]
 [ 0.33482832 -0.08180559  0.        ]
 [-0.07973187 -0.0768642   0.6925403 ]
 [-0.28367338  0.1850703   0.51158655]
 [-0.15795976  0.03280047  0.19470221]
 [-0.23323247  0.13358495  0.10600615]
 [-0.0121709   0.03948383  0.9262543 ]
 [-0.04107279  0.05883509  1.1870297 ]
 [-0.146851    0.09600025  1.2676044 ]
 [-0.09952532  0.06343782  1.3822975 ]
 [-0.10803141 -0.07033467  1.1642847 ]
 [-0.04125416 -0.29582405  1.0184975 ]
 [-0.04347247 -0.32481194  0.8472169 ]
 [ 0.03527561  0.18491876  1.1200242 ]
 [-0.04341131  0.380964    0.9465921 ]
 [-0.16454151  0.30272287  1.0705221 ]]
[[ 0.          0.          0.6426935 ]
 [ 0.07280806  0.07384337  0.64302945]
 [ 0.14425075  0.01130521  0.27424288]
 [ 0.366729   -0.24730241  0.14030486]
 [ 0.40469334 -0.22118938  0.        ]
 [-0.0728818  -0.07406162  0.6423505 ]
 [-0.26078027  0.16453426  0.43727386]
 [-0.21915212  0.14943153  0.07422817]
 [-0.31697884  0.27126285  0.04323304]
 [-0.00164339  0.03276008  0.8716425 ]
 [-0.02862278  0.04466319  1.1323991 ]
 [-0.14502564  0.07914686  1.2104313 ]
 [-0.09561375  0.047126    1.3244517 ]
 [-0.07177486 -0.09031194  1.1064658 ]
 [-0.00553511 -0.31613106  0.996427  ]
 [-0.03268403 -0.328589    0.7953752 ]
 [ 0.02963495  0.17500636  1.0662105 ]
 [-0.0467834   0.362121    0.88470024]
 [-0.18494761  0.25966698  0.9936369 ]]
[[ 0.          0.          0.6049788 ]
 [ 0.07989189  0.06918608  0.6046161 ]
 [ 0.09274086  0.0248546   0.2099024 ]
 [ 0.29116666 -0.3415836   0.17635447]
 [ 0.35727793 -0.368582    0.07878399]
 [-0.079983   -0.06940593  0.6053394 ]
 [-0.2222068   0.18105657  0.3772909 ]
 [-0.18629165  0.22638375  0.00684464]
 [-0.2780292   0.36844534  0.        ]
 [-0.01016134  0.0314151   0.8332584 ]
 [-0.04878907  0.03912485  1.093912  ]
 [-0.16255093  0.07850045  1.1754247 ]
 [-0.10738786  0.04624224  1.2906146 ]
 [-0.09863694 -0.08808249  1.0563506 ]
 [-0.04460929 -0.29630327  0.9010781 ]
 [-0.12215    -0.32401198  0.71524304]
 [ 0.02654269  0.15927881  1.0289512 ]
 [-0.01772189  0.33706376  0.82709044]
 [-0.19540972  0.27614832  0.8732016 ]]
[[ 0.          0.          0.65089184]
 [ 0.08467438  0.07257026  0.6457732 ]
 [ 0.02024487  0.12039003  0.26579195]
 [ 0.21843785 -0.29619515  0.33494636]
 [ 0.27974468 -0.35538203  0.25664905]
 [-0.08475988 -0.07282073  0.65599245]
 [-0.17353779  0.15871999  0.40919608]
 [-0.08209132  0.17339215  0.03532666]
 [-0.17779848  0.33486006  0.        ]
 [-0.03177343  0.03222114  0.8769909 ]
 [-0.07966579  0.04175758  1.1385844 ]
 [-0.17717595  0.08018309  1.2247492 ]
 [-0.12468091  0.04233855  1.3345299 ]
 [-0.1514102  -0.07214808  1.0921983 ]
 [-0.13125047 -0.24707128  0.8848453 ]
 [-0.24327317 -0.26333183  0.7613564 ]
 [ 0.0272599   0.14523265  1.0764432 ]
 [ 0.02797377  0.30714178  0.86629665]
 [-0.12951821  0.28649458  0.8143278 ]]
[[ 0.          0.          0.66997814]
 [ 0.07580231  0.07342173  0.6662729 ]
 [-0.08685991  0.19543356  0.35109574]
 [ 0.14216405 -0.21389976  0.41231143]
 [ 0.20370758 -0.2557963   0.29550144]
 [-0.07587435 -0.07368635  0.6736291 ]
 [-0.10050453  0.06192033  0.38279837]
 [ 0.05273289  0.0563271   0.06256461]
 [-0.02640666  0.20879304  0.        ]
 [-0.03011788  0.02921411  0.8957715 ]
 [-0.0734372   0.03847039  1.1579053 ]
 [-0.17384228  0.07028431  1.2420715 ]
 [-0.12015608  0.03528613  1.3503774 ]
 [-0.15041293 -0.07152823  1.1095562 ]
 [-0.2184299  -0.21888778  0.9025014 ]
 [-0.30335882 -0.16209972  0.8435559 ]
 [ 0.03601358  0.13199562  1.0946053 ]
 [ 0.10946137  0.24741     0.89596575]
 [ 0.00760046  0.24997929  0.7594827 ]]
[[ 0.          0.          0.6302038 ]
 [ 0.07136114  0.0759174   0.639932  ]
 [-0.17336297  0.25223088  0.43073422]
 [ 0.01146274 -0.05961001  0.27202284]
 [-0.00585117 -0.0223915   0.12510496]
 [-0.07143031 -0.07620466  0.6203654 ]
 [ 0.00227973 -0.0330624   0.29810828]
 [ 0.20988478 -0.08341569  0.10712677]
 [ 0.18968818  0.04639888  0.        ]
 [-0.02818112  0.01971632  0.85854083]
 [-0.06504574  0.03721437  1.1223209 ]
 [-0.1630511   0.07492948  1.2074343 ]
 [-0.11093707  0.04603094  1.31461   ]
 [-0.17059298 -0.06300858  1.0799255 ]
 [-0.33755672 -0.16749905  0.90078396]
 [-0.28479496  0.04144433  0.95612437]
 [ 0.05947038  0.11388946  1.0616965 ]
 [ 0.2145118   0.16690624  0.9183966 ]
 [ 0.19146182  0.17427246  0.7277874 ]]
[[ 0.          0.          0.59409463]
 [ 0.07318976  0.07208356  0.6076672 ]
 [-0.17016527  0.24286684  0.42581078]
 [-0.09417     0.03761798  0.0822767 ]
 [-0.19113281  0.10768443  0.        ]
 [-0.0732644  -0.07235853  0.58038735]
 [ 0.04542965 -0.03898883  0.24804038]
 [ 0.2780066  -0.16485411  0.1764381 ]
 [ 0.33401772 -0.07069093  0.05288446]
 [-0.02991449  0.02111088  0.8235306 ]
 [-0.06278877  0.03882188  1.0871834 ]
 [-0.15921435  0.08434713  1.1769329 ]
 [-0.10788815  0.05645788  1.2860452 ]
 [-0.18661432 -0.05138448  1.0537076 ]
 [-0.37003255 -0.14819814  0.8804921 ]
 [-0.2917084   0.06815639  0.93504936]
 [ 0.06589505  0.10933834  1.0251163 ]
 [ 0.24326861  0.14319122  0.90031064]
 [ 0.24900034  0.19200072  0.717499  ]]
[[ 0.          0.          0.62639165]
 [ 0.07361528  0.0589399   0.64003783]
 [-0.12576067  0.254853    0.4350945 ]
 [-0.13464364  0.19519809  0.03512663]
 [-0.24793166  0.2768513   0.        ]
 [-0.0736813  -0.05918287  0.61259663]
 [ 0.00889779 -0.06272957  0.250754  ]
 [ 0.27445644 -0.29621053  0.29194972]
 [ 0.39148676 -0.27104455  0.2157371 ]
 [-0.02998374  0.01960252  0.8545    ]
 [-0.05983116  0.03643394  1.117646  ]
 [-0.15018967  0.08107185  1.212368  ]
 [-0.1021771   0.05244792  1.316118  ]
 [-0.1866394  -0.0450325   1.0828241 ]
 [-0.350308   -0.16421768  0.8970612 ]
 [-0.32923645  0.03366461  0.8856401 ]
 [ 0.06615549  0.10585475  1.0532482 ]
 [ 0.24486044  0.1733529   0.910202  ]
 [ 0.24278298  0.30888075  0.74271053]]
[[ 0.          0.          0.652594  ]
 [ 0.07681178  0.05440696  0.66592366]
 [-0.09074852  0.25675386  0.4377936 ]
 [-0.10745507  0.19700173  0.02926672]
 [-0.21259451  0.28878817  0.        ]
 [-0.07687201 -0.05464052  0.63913417]
 [-0.04453495 -0.04062855  0.27908206]
 [ 0.23237318 -0.31454283  0.3683494 ]
 [ 0.36391234 -0.3212004   0.32283244]
 [-0.02937428  0.02022269  0.87917876]
 [-0.05768134  0.04344037  1.141685  ]
 [-0.14478734  0.08844703  1.2391689 ]
 [-0.09986471  0.06042975  1.3382332 ]
 [-0.18290527 -0.04084706  1.1076047 ]
 [-0.31396574 -0.18033284  0.91035795]
 [-0.3448587  -0.01648358  0.8424058 ]
 [ 0.06561232  0.11764306  1.0725614 ]
 [ 0.22655475  0.21712235  0.9053496 ]
 [ 0.19026339  0.39864212  0.7736454 ]]
[[ 0.0000000e+00  0.0000000e+00  6.7315906e-01]
 [ 8.4198102e-02  5.8667466e-02  6.8865055e-01]
 [-5.8200121e-02  2.5715360e-01  4.4980603e-01]
 [-3.6440633e-02  1.5260211e-01  3.8252175e-02]
 [-1.4703858e-01  2.5829855e-01  0.0000000e+00]
 [-8.4258176e-02 -5.8912218e-02  6.5754777e-01]
 [-9.3889840e-02 -3.2323599e-04  3.2054850e-01]
 [ 2.0680729e-01 -2.8867257e-01  4.2256612e-01]
 [ 3.3039013e-01 -2.9641140e-01  3.7573129e-01]
 [-2.6518948e-02  3.1073526e-02  8.9807999e-01]
 [-5.0988890e-02  6.0551047e-02  1.1612473e+00]
 [-1.3669869e-01  1.0547817e-01  1.2598395e+00]
 [-9.2623398e-02  7.3639929e-02  1.3586814e+00]
 [-1.7718670e-01 -2.7701557e-02  1.1294813e+00]
 [-2.7745542e-01 -1.8220130e-01  9.2387110e-01]
 [-3.3273754e-01 -6.3835643e-02  8.1556290e-01]
 [ 7.2946928e-02  1.3849351e-01  1.0852412e+00]
 [ 1.9320840e-01  2.6367831e-01  9.0075481e-01]
 [ 1.2959343e-01  4.5178431e-01  8.1929809e-01]]
[[ 0.          0.          0.7011324 ]
 [ 0.09291637  0.0708195   0.715876  ]
 [ 0.03968325  0.2137981   0.4243864 ]
 [ 0.14439791  0.0105685   0.06876606]
 [ 0.05949696  0.12019968  0.        ]
 [-0.09300345 -0.07108837  0.6863143 ]
 [-0.21178064  0.1370789   0.42823017]
 [ 0.08707917 -0.12820862  0.43196192]
 [ 0.15641215 -0.09128147  0.3355672 ]
 [-0.02268525  0.04057415  0.92575145]
 [-0.049537    0.06932372  1.1894001 ]
 [-0.14019924  0.10887885  1.2836485 ]
 [-0.09451574  0.07455581  1.387697  ]
 [-0.15748495 -0.03577447  1.1565225 ]
 [-0.16730839 -0.23061909  0.95751584]
 [-0.23230171 -0.2348113   0.8097185 ]
 [ 0.06587035  0.16899979  1.1117492 ]
 [ 0.08989484  0.33548915  0.9081626 ]
 [-0.03128757  0.45427525  0.9375756 ]]
[[ 0.          0.          0.6552829 ]
 [ 0.07907036  0.07636151  0.6602655 ]
 [ 0.14212513  0.0674181   0.31932795]
 [ 0.36858535 -0.14118099  0.12290317]
 [ 0.3658185  -0.07785523  0.        ]
 [-0.07914022 -0.07660221  0.6502759 ]
 [-0.26722866  0.17512971  0.45694852]
 [-0.1026198   0.03965196  0.1655547 ]
 [-0.17000383  0.14695051  0.07384926]
 [-0.00909475  0.03315671  0.8783412 ]
 [-0.03397807  0.04180872  1.142349  ]
 [-0.14406615  0.07535177  1.2280118 ]
 [-0.09800726  0.0441339   1.3401113 ]
 [-0.08954072 -0.09450778  1.1129863 ]
 [-0.0229474  -0.33057505  1.0059059 ]
 [-0.06023894 -0.35982937  0.8082858 ]
 [ 0.03213758  0.17449349  1.0721756 ]
 [-0.03581733  0.35828125  0.88809955]
 [-0.1525513   0.31909418  1.0039929 ]]
[[ 0.0000000e+00  0.0000000e+00  5.8168566e-01]
 [ 7.2572611e-02  7.2209820e-02  5.8512300e-01]
 [ 1.4124988e-01  3.9910376e-02  2.3509017e-01]
 [ 3.8478422e-01 -2.3238164e-01  1.3526911e-01]
 [ 4.3140143e-01 -2.2104526e-01  0.0000000e+00]
 [-7.2647184e-02 -7.2426975e-02  5.7824695e-01]
 [-2.3796910e-01  1.6443253e-01  3.7680832e-01]
 [-1.4282140e-01  1.7161098e-01  4.6926260e-02]
 [-2.2939837e-01  3.0594432e-01  5.8830976e-03]
 [ 1.5753303e-03  2.7421206e-02  8.0626369e-01]
 [-1.7343305e-02  3.3745855e-02  1.0696347e+00]
 [-1.4018929e-01  6.7750812e-02  1.1556603e+00]
 [-8.4990539e-02  3.7111223e-02  1.2671945e+00]
 [-5.5397723e-02 -1.0426301e-01  1.0417820e+00]
 [-1.2606457e-03 -3.3484364e-01  9.2321748e-01]
 [-6.7014411e-02 -3.8743371e-01  7.1948779e-01]
 [ 3.3169150e-02  1.6548258e-01  1.0000030e+00]
 [-3.0359805e-02  3.3567399e-01  8.0753213e-01]
 [-1.7573133e-01  2.6662123e-01  8.9747775e-01]]
[[ 0.          0.          0.58564925]
 [ 0.076187    0.0677499   0.5874546 ]
 [ 0.08910869  0.07289562  0.21180344]
 [ 0.30861014 -0.29119328  0.21516794]
 [ 0.37997603 -0.3312886   0.1138283 ]
 [-0.07626119 -0.06795005  0.5838483 ]
 [-0.18933731  0.20120868  0.36545563]
 [-0.10786998  0.24440974  0.01878494]
 [-0.19538778  0.39699507  0.        ]
 [-0.00441059  0.03147833  0.8110441 ]
 [-0.03628958  0.03381336  1.0738161 ]
 [-0.14945987  0.06898826  1.166512  ]
 [-0.093684    0.03637105  1.271394  ]
 [-0.07953662 -0.09432349  1.0325997 ]
 [-0.04039267 -0.30154565  0.87208647]
 [-0.14615259 -0.34689844  0.69029856]
 [ 0.03083974  0.15593731  1.0079527 ]
 [ 0.00446554  0.32838705  0.8013885 ]
 [-0.18114185  0.28264338  0.81753147]]
[[ 0.          0.          0.6223311 ]
 [ 0.07888294  0.07783841  0.6234267 ]
 [ 0.00756563  0.12823698  0.25766444]
 [ 0.23896879 -0.26233956  0.3292681 ]
 [ 0.29633266 -0.3158239   0.23574847]
 [-0.07893855 -0.07807299  0.62122947]
 [-0.15079701  0.14823005  0.3795877 ]
 [-0.0218471   0.14126599  0.03857732]
 [-0.12365291  0.30789042  0.        ]
 [-0.0171859   0.02586676  0.845943  ]
 [-0.05270031  0.0253391   1.1094296 ]
 [-0.15952125  0.05867732  1.2027944 ]
 [-0.09902498  0.02326709  1.3063886 ]
 [-0.11503384 -0.095411    1.0593379 ]
 [-0.1244438  -0.26553538  0.85032284]
 [-0.22971694 -0.25367355  0.75024676]
 [ 0.04022881  0.13956031  1.0458642 ]
 [ 0.05347583  0.29703212  0.83961934]
 [-0.11137035  0.22529086  0.770509  ]]
[[ 0.          0.          0.6256649 ]
 [ 0.07396688  0.07618779  0.6314632 ]
 [-0.10167336  0.19894964  0.33664608]
 [ 0.13874386 -0.20407167  0.36537403]
 [ 0.17651483 -0.23205161  0.2308402 ]
 [-0.07402908 -0.07643086  0.6198083 ]
 [-0.08906452  0.06207879  0.35296354]
 [ 0.11007668  0.03309268  0.07606828]
 [ 0.05016533  0.18307343  0.        ]
 [-0.02120047  0.02605973  0.85011786]
 [-0.05457184  0.02960849  1.1136899 ]
 [-0.15851372  0.06325722  1.2051151 ]
 [-0.09823883  0.03109181  1.3078394 ]
 [-0.13331942 -0.08261061  1.0652952 ]
 [-0.20121077 -0.23505981  0.86825657]
 [-0.28120822 -0.15976448  0.81342864]
 [ 0.05271545  0.12700582  1.0483582 ]
 [ 0.13196911  0.2571916   0.8641033 ]
 [ 0.0126497   0.23038213  0.719149  ]]
[[ 0.          0.          0.5546512 ]
 [ 0.07015484  0.07599435  0.5689974 ]
 [-0.18272248  0.2287802   0.38781494]
 [-0.01814675 -0.07531786  0.16695797]
 [-0.07539223 -0.02455458  0.04096574]
 [-0.07022329 -0.07626282  0.5401852 ]
 [-0.0042677  -0.00356001  0.22868094]
 [ 0.2236727  -0.0707145   0.10711986]
 [ 0.24903318  0.04948246  0.        ]
 [-0.02647954  0.01850179  0.7808719 ]
 [-0.05837743  0.02898782  1.0455505 ]
 [-0.15802535  0.0662747   1.1362499 ]
 [-0.09589392  0.03779489  1.2382615 ]
 [-0.16118358 -0.0760276   1.0013075 ]
 [-0.31231984 -0.2062093   0.82282114]
 [-0.29745314 -0.02502403  0.84246683]
 [ 0.05913902  0.11590537  0.9829467 ]
 [ 0.22013724  0.2004549   0.8547474 ]
 [ 0.16312066  0.20221722  0.6658014 ]]
[[ 0.          0.          0.5701912 ]
 [ 0.06967192  0.07152794  0.58662176]
 [-0.17502436  0.24112615  0.42207164]
 [-0.14767724  0.08838624  0.05603778]
 [-0.25125057  0.17255947  0.        ]
 [-0.06974643 -0.07179018  0.5536183 ]
 [-0.01462358 -0.05385259  0.20035005]
 [ 0.25328615 -0.25802386  0.18929589]
 [ 0.34379986 -0.20176098  0.1061503 ]
 [-0.02849432  0.01838118  0.79640347]
 [-0.05869034  0.03127611  1.0608597 ]
 [-0.14694011  0.075261    1.1595767 ]
 [-0.09095296  0.04157627  1.2584796 ]
 [-0.17344779 -0.0626131   1.020694  ]
 [-0.33118176 -0.20017475  0.8451122 ]
 [-0.33327028 -0.02286078  0.8216605 ]
 [ 0.06096318  0.11198711  0.99828815]
 [ 0.23285437  0.17925617  0.8606834 ]
 [ 0.20512474  0.2390168   0.68230885]]
[[ 0.          0.          0.58797985]
 [ 0.06896053  0.06664887  0.6025814 ]
 [-0.14668274  0.25636834  0.42147914]
 [-0.14717636  0.2076022   0.02966028]
 [-0.2595826   0.2982796   0.        ]
 [-0.0690353  -0.06687864  0.5732473 ]
 [-0.05267189 -0.03254199  0.21342224]
 [ 0.23060003 -0.27833587  0.24703562]
 [ 0.3413195  -0.2612521   0.16787732]
 [-0.03003785  0.02031595  0.8126081 ]
 [-0.06000894  0.03488666  1.0769567 ]
 [-0.14292075  0.07435298  1.1796597 ]
 [-0.08668243  0.04215521  1.2737916 ]
 [-0.17536719 -0.05387467  1.0347384 ]
 [-0.3044918  -0.20095752  0.8491922 ]
 [-0.36002094 -0.08489501  0.7647865 ]
 [ 0.05636406  0.11393368  1.0115806 ]
 [ 0.2062451   0.20539704  0.851131  ]
 [ 0.16460751  0.29517832  0.6943673 ]]
[[ 0.          0.          0.6124086 ]
 [ 0.07132228  0.06921715  0.62904453]
 [-0.12732676  0.26215184  0.43161446]
 [-0.10606842  0.20579454  0.04048812]
 [-0.21361715  0.3134761   0.        ]
 [-0.07139741 -0.06945779  0.59564936]
 [-0.08678675  0.00296825  0.24355134]
 [ 0.19492996 -0.25038475  0.28875983]
 [ 0.2923184  -0.2385365   0.20295256]
 [-0.02970698  0.01907538  0.8360632 ]
 [-0.0594302   0.0334717   1.1004635 ]
 [-0.13772905  0.07200289  1.2041647 ]
 [-0.07782525  0.03995293  1.29409   ]
 [-0.17322956 -0.05716392  1.0587045 ]
 [-0.27411175 -0.20509748  0.85741717]
 [-0.34177735 -0.11635957  0.73019373]
 [ 0.05448482  0.12049305  1.0320283 ]
 [ 0.18414001  0.23923317  0.8641914 ]
 [ 0.11639302  0.34362572  0.7330564 ]]
[[ 0.          0.          0.6388014 ]
 [ 0.07569341  0.07455622  0.6541071 ]
 [-0.1134074   0.25171053  0.43422234]
 [-0.04766288  0.14161184  0.05082542]
 [-0.15656479  0.25179154  0.        ]
 [-0.07577345 -0.07481634  0.6233809 ]
 [-0.12851283  0.0699181   0.31446078]
 [ 0.16771671 -0.15547562  0.30688104]
 [ 0.24520159 -0.11091235  0.18901429]
 [-0.03062254  0.02667935  0.86113656]
 [-0.05987532  0.04174054  1.1262848 ]
 [-0.13701934  0.08007753  1.22926   ]
 [-0.07661442  0.04111123  1.3221781 ]
 [-0.16876452 -0.05357125  1.0782212 ]
 [-0.23622848 -0.22527021  0.87946296]
 [-0.28455096 -0.20859477  0.7421234 ]
 [ 0.05189534  0.13543808  1.0588084 ]
 [ 0.14142117  0.29436487  0.8857604 ]
 [ 0.06075729  0.4366743   0.8168764 ]]
[[ 0.          0.          0.6636778 ]
 [ 0.07993898  0.0818474   0.67406964]
 [ 0.0304989   0.2022738   0.3559832 ]
 [ 0.22291596  0.02028823  0.08075917]
 [ 0.17250608  0.11834192  0.        ]
 [-0.08000027 -0.08210313  0.6532221 ]
 [-0.24890345  0.19698869  0.42252833]
 [-0.03526291  0.01976255  0.22830775]
 [-0.06858572  0.11971411  0.10403103]
 [-0.01930424  0.03019345  0.8868232 ]
 [-0.04131222  0.03361154  1.1524023 ]
 [-0.12740435  0.0631209   1.2535467 ]
 [-0.06742249  0.02568942  1.353242  ]
 [-0.10795022 -0.08845991  1.1117351 ]
 [-0.06062517 -0.29379797  0.94869924]
 [-0.08335005 -0.3339355   0.76417315]
 [ 0.03348449  0.16049886  1.0853045 ]
 [-0.01254894  0.35093418  0.9200092 ]
 [-0.15767476  0.35489     0.98505247]]
[[ 0.          0.          0.6342944 ]
 [ 0.06193903  0.06944413  0.64300996]
 [ 0.1349397   0.03008667  0.27241766]
 [ 0.3756036  -0.16753697  0.1077863 ]
 [ 0.4183561  -0.13495529  0.        ]
 [-0.06199759 -0.06963333  0.62556595]
 [-0.24603385  0.12789185  0.38744318]
 [-0.23966241  0.17224327  0.08050042]
 [-0.33028036  0.3068027   0.04317719]
 [ 0.01425047  0.01675251  0.85955584]
 [ 0.0184399   0.00974828  1.1225992 ]
 [-0.07800516  0.02997619  1.2182498 ]
 [-0.01325599  0.00271952  1.3172784 ]
 [ 0.00519726 -0.11779654  1.0791965 ]
 [ 0.08176824 -0.341814    0.9553399 ]
 [ 0.01921271 -0.39993003  0.7661183 ]
 [ 0.04124441  0.1422382   1.065433  ]
 [-0.03676745  0.34166795  0.9187051 ]
 [-0.16750044  0.2696412   1.0246191 ]]
[[ 0.00000000e+00  0.00000000e+00  6.15781367e-01]
 [ 5.81888929e-02  6.72567859e-02  6.21780813e-01]
 [ 1.24946684e-01 -9.96851921e-03  2.49449462e-01]
 [ 3.67418885e-01 -2.20042467e-01  9.98525023e-02]
 [ 4.36083198e-01 -2.05830872e-01  0.00000000e+00]
 [-5.82579970e-02 -6.74482509e-02  6.09771788e-01]
 [-2.30409414e-01  1.45440966e-01  3.57979566e-01]
 [-2.57278383e-01  2.01661497e-01  4.79134917e-02]
 [-3.51867795e-01  3.46737146e-01  2.71137357e-02]
 [ 2.43418142e-02  1.76015943e-02  8.40085745e-01]
 [ 3.09068784e-02  9.94399190e-03  1.10261190e+00]
 [-6.29559308e-02  2.72682905e-02  1.20557725e+00]
 [ 4.34952322e-03  3.20494175e-04  1.29844093e+00]
 [ 1.63887143e-02 -1.12084806e-01  1.05620468e+00]
 [ 8.81697237e-02 -3.28317076e-01  9.14850712e-01]
 [-3.08896601e-03 -4.02037561e-01  7.33337998e-01]
 [ 5.50540313e-02  1.37820780e-01  1.04828238e+00]
 [-2.24409401e-02  3.37543875e-01  9.01445448e-01]
 [-1.70692891e-01  2.72268534e-01  9.85599160e-01]]
[[ 0.          0.          0.61194754]
 [ 0.05926866  0.0743775   0.6175133 ]
 [ 0.08703238  0.02214062  0.22115958]
 [ 0.33024952 -0.21597439  0.1330013 ]
 [ 0.39413455 -0.22602439  0.04210055]
 [-0.05933754 -0.0745791   0.6063794 ]
 [-0.21595977  0.13699418  0.35208687]
 [-0.20447645  0.20635214  0.02979916]
 [-0.30850333  0.3624226   0.        ]
 [ 0.02439707  0.01665957  0.83623123]
 [ 0.03060452  0.00667521  1.0993505 ]
 [-0.06386766  0.02528679  1.2029334 ]
 [ 0.01288884 -0.00327778  1.2934397 ]
 [ 0.01052544 -0.11712378  1.0473075 ]
 [ 0.06579676 -0.3189799   0.8777156 ]
 [-0.06160995 -0.3928281   0.72053385]
 [ 0.06235872  0.13544649  1.0454122 ]
 [-0.01066859  0.3269785   0.8844999 ]
 [-0.19465652  0.24249429  0.9279424 ]]
[[ 0.00000000e+00  0.00000000e+00  6.55958354e-01]
 [ 5.28481379e-02  8.10998380e-02  6.60441518e-01]
 [ 1.42118735e-02  7.27472901e-02  2.72540927e-01]
 [ 2.72434175e-01 -1.77761793e-01  2.26868659e-01]
 [ 3.37857902e-01 -2.20641792e-01  1.30829751e-01]
 [-5.28973900e-02 -8.13164189e-02  6.51466072e-01]
 [-1.95501655e-01  1.17076561e-01  3.92905951e-01]
 [-1.11343890e-01  1.95565820e-01  4.79800105e-02]
 [-2.05777407e-01  3.49698514e-01  0.00000000e+00]
 [ 1.87874977e-02  1.48396790e-02  8.78973842e-01]
 [ 2.29658559e-02 -1.76012516e-04  1.14308333e+00]
 [-6.43330440e-02  1.94901228e-02  1.25232077e+00]
 [ 2.06860080e-02 -1.08491778e-02  1.33701897e+00]
 [-4.70086932e-03 -1.26329124e-01  1.08427691e+00]
 [ 2.43583322e-03 -3.13581020e-01  8.93729746e-01]
 [-1.51334092e-01 -3.44120324e-01  7.92069137e-01]
 [ 6.38072118e-02  1.28175020e-01  1.08796060e+00]
 [ 2.28796303e-02  3.12390268e-01  9.22337770e-01]
 [-1.63132191e-01  2.34495252e-01  9.06375229e-01]]
[[ 0.00000000e+00  0.00000000e+00  6.89127207e-01]
 [ 3.41526307e-02  8.62229988e-02  6.97991133e-01]
 [-1.78677619e-01  1.08090460e-01  4.24425334e-01]
 [ 9.55692530e-02 -1.30822718e-01  2.83859372e-01]
 [ 1.20761499e-01 -1.58062160e-01  1.87757015e-01]
 [-3.42049599e-02 -8.64849240e-02  6.80202127e-01]
 [-1.30663097e-01  5.74211627e-02  3.81845623e-01]
 [ 3.21808904e-02  1.40533656e-01  8.61582756e-02]
 [-3.67414206e-02  2.85361648e-01  0.00000000e+00]
 [-3.41034867e-03  1.08392090e-02  9.11914766e-01]
 [-1.50736868e-02 -6.73753023e-03  1.17824388e+00]
 [-9.32973027e-02  1.35562420e-02  1.28961599e+00]
 [-1.75418332e-04 -1.74302459e-02  1.36811411e+00]
 [-6.45171851e-02 -1.31601155e-01  1.11622047e+00]
 [-1.76185101e-01 -2.95796543e-01  9.41771626e-01]
 [-2.84306347e-01 -3.18243682e-01  9.00116682e-01]
 [ 4.60479073e-02  1.16125345e-01  1.12011397e+00]
 [ 9.10438970e-02  3.03179175e-01  9.75710750e-01]
 [ 1.72621608e-02  2.88019150e-01  8.98098886e-01]]
[[ 0.          0.          0.61849815]
 [ 0.03144988  0.09172413  0.6295165 ]
 [-0.30289537  0.11599127  0.50107163]
 [-0.25820225 -0.09771729  0.15470174]
 [-0.37857968 -0.06112686  0.11167103]
 [-0.03150007 -0.09196643  0.6073556 ]
 [ 0.05830809  0.03559709  0.28534165]
 [ 0.28144854  0.08893406  0.10533214]
 [ 0.29137963  0.21167234  0.        ]
 [-0.01293073 -0.00408165  0.8431127 ]
 [-0.02170842 -0.00691429  1.1084955 ]
 [-0.08306221  0.02872276  1.2216684 ]
 [ 0.00651933 -0.00784713  1.2960367 ]
 [-0.11638223 -0.10790399  1.0617669 ]
 [-0.31961003 -0.19372568  0.9434632 ]
 [-0.29718253 -0.05914295  1.0146744 ]
 [ 0.07956496  0.08823833  1.04902   ]
 [ 0.23501755  0.19206473  0.94035274]
 [ 0.2654364   0.30576345  0.9000113 ]]
[[ 0.          0.          0.56451637]
 [ 0.02141073  0.08151092  0.5746043 ]
 [-0.32400447  0.07157929  0.45558363]
 [-0.41443795 -0.07298517  0.08668259]
 [-0.55715907 -0.054903    0.08452967]
 [-0.02147063 -0.08175971  0.5543036 ]
 [ 0.09437017 -0.01090214  0.21328059]
 [ 0.33426046 -0.0026345   0.10399526]
 [ 0.393171    0.10365176  0.        ]
 [-0.00507169 -0.00887334  0.7909035 ]
 [-0.00737582 -0.0194037   1.0552305 ]
 [-0.05991773  0.02580857  1.1661131 ]
 [ 0.02801874 -0.01602834  1.2414048 ]
 [-0.10622494 -0.10033926  1.012913  ]
 [-0.31383252 -0.17168456  0.89738804]
 [-0.2874585   0.01820797  0.94117963]
 [ 0.09270518  0.06309366  0.9958767 ]
 [ 0.26078397  0.1574586   0.9130257 ]
 [ 0.31837016  0.3220293   0.9420474 ]]
[[ 0.00000000e+00  0.00000000e+00  5.34945011e-01]
 [ 2.14328431e-02  8.14769939e-02  5.43771625e-01]
 [-3.13652813e-01  9.99473184e-02  4.11191076e-01]
 [-4.45686460e-01 -5.62012196e-04  4.74690795e-02]
 [-5.90593398e-01  1.98809803e-02  5.33425808e-02]
 [-2.15065628e-02 -8.17337930e-02  5.25995195e-01]
 [ 7.13608861e-02 -6.47116601e-02  1.56575292e-01]
 [ 3.23420525e-01 -1.04644001e-01  9.23393965e-02]
 [ 4.05459911e-01 -2.93747783e-02  0.00000000e+00]
 [-2.27704737e-03 -9.81734693e-03  7.62873173e-01]
 [-2.23368872e-04 -2.33742893e-02  1.02680612e+00]
 [-4.78160083e-02  2.23004222e-02  1.14140153e+00]
 [ 3.66468355e-02 -1.84020996e-02  1.21280408e+00]
 [-1.02378540e-01 -1.05813235e-01  9.84439135e-01]
 [-3.04239422e-01 -2.08664164e-01  8.45449388e-01]
 [-3.14498842e-01 -1.53028965e-03  8.68036032e-01]
 [ 9.93620381e-02  6.50473237e-02  9.65747535e-01]
 [ 2.78221846e-01  1.85259014e-01  9.00499105e-01]
 [ 3.40667248e-01  3.69578123e-01  9.70654249e-01]]
[[ 0.          0.          0.5116    ]
 [ 0.02004418  0.07489926  0.5179163 ]
 [-0.29079276  0.13885805  0.34724826]
 [-0.45990804  0.07633618  0.        ]
 [-0.6119215   0.11415875  0.00834101]
 [-0.02012846 -0.07516461  0.50515634]
 [ 0.04708875 -0.07508296  0.11653191]
 [ 0.27948338 -0.17816603  0.09693459]
 [ 0.38347283 -0.13232154  0.02486932]
 [ 0.00386216 -0.00652577  0.7409168 ]
 [ 0.01196572 -0.02016309  1.0041769 ]
 [-0.03042426  0.02579504  1.1206086 ]
 [ 0.05235508 -0.01280397  1.1923621 ]
 [-0.09332557 -0.09970629  0.9603509 ]
 [-0.28191763 -0.21062805  0.79645646]
 [-0.31411457  0.01609161  0.78755695]
 [ 0.11124475  0.06428903  0.9418391 ]
 [ 0.29200584  0.19527894  0.8965242 ]
 [ 0.35792983  0.37395018  0.98740935]]
[[ 0.          0.          0.53493667]
 [ 0.01726897  0.07300235  0.5428189 ]
 [-0.25126463  0.18705666  0.33652112]
 [-0.45045018  0.19414389  0.        ]
 [-0.60177225  0.23615584  0.01896697]
 [-0.0173541  -0.07326547  0.5269187 ]
 [ 0.00483819 -0.09879559  0.1353586 ]
 [ 0.23342335 -0.2890299   0.15647799]
 [ 0.35504824 -0.28217328  0.11869711]
 [ 0.01664206 -0.0050206   0.7636899 ]
 [ 0.03726203 -0.02102664  1.0256782 ]
 [-0.0076374   0.01865733  1.1482352 ]
 [ 0.07512668 -0.01407754  1.2169843 ]
 [-0.06005108 -0.0999983   0.9767554 ]
 [-0.22388656 -0.2256873   0.801739  ]
 [-0.27673322 -0.04802509  0.74511814]
 [ 0.12613389  0.06573713  0.96568775]
 [ 0.2814946   0.20588279  0.9768649 ]
 [ 0.33248544  0.3915317   1.0784128 ]]
[[ 0.          0.          0.56475186]
 [ 0.01068409  0.07977621  0.5767095 ]
 [-0.21907112  0.20101166  0.32775074]
 [-0.40933192  0.23436576  0.        ]
 [-0.5615852   0.27378646  0.01408529]
 [-0.01076544 -0.08001962  0.5526742 ]
 [-0.0804725  -0.10982594  0.18111977]
 [ 0.17556185 -0.31671554  0.2347039 ]
 [ 0.31533563 -0.3318392   0.20492032]
 [ 0.03132454 -0.00806251  0.79169893]
 [ 0.06704834 -0.02587596  1.0534    ]
 [ 0.0170306   0.00505263  1.1773202 ]
 [ 0.10593879 -0.02469701  1.2445477 ]
 [-0.01230792 -0.11394921  1.0002601 ]
 [-0.14269194 -0.26379034  0.82519054]
 [-0.20761575 -0.19536546  0.7393947 ]
 [ 0.13322511  0.06798899  0.99984294]
 [ 0.251032    0.18925631  1.0941776 ]
 [ 0.2955482   0.35264683  1.2100573 ]]
[[ 0.00000000e+00  0.00000000e+00  6.33508086e-01]
 [-2.38046050e-05  1.02059126e-01  6.48980916e-01]
 [-1.83748543e-01  1.59664288e-01  3.68717194e-01]
 [-3.03591341e-01  2.05702305e-01  1.82672739e-02]
 [-4.47758257e-01  2.39502281e-01  0.00000000e+00]
 [-4.67151403e-05 -1.02270089e-01  6.17951155e-01]
 [-2.15771914e-01 -1.27138704e-01  3.13230455e-01]
 [ 9.08633024e-02 -3.12307537e-01  3.71118307e-01]
 [ 2.15152413e-01 -3.23732078e-01  3.21459532e-01]
 [ 5.27491942e-02  6.16948307e-03  8.54874372e-01]
 [ 1.04570717e-01 -6.91473484e-03  1.11678576e+00]
 [ 5.01950085e-02  1.29297376e-02  1.25014782e+00]
 [ 1.44831896e-01 -1.58151388e-02  1.30968165e+00]
 [ 5.42246997e-02 -1.21759385e-01  1.06453431e+00]
 [-3.67866382e-02 -3.12264740e-01  9.39569652e-01]
 [-8.17469060e-02 -3.72318894e-01  8.21820855e-01]
 [ 1.39113426e-01  1.07344031e-01  1.06632495e+00]
 [ 2.02664435e-01  2.32842982e-01  1.25037169e+00]
 [ 2.22653061e-01  2.93875992e-01  1.38890171e+00]]
[[ 0.00000000e+00  0.00000000e+00  7.37508595e-01]
 [-1.02344900e-03  1.13160275e-01  7.51462936e-01]
 [-8.46547782e-02  1.45013183e-01  4.14421678e-01]
 [-6.68651313e-02  1.82828784e-01  8.39440227e-02]
 [-1.57962188e-01  2.08554924e-01  0.00000000e+00]
 [ 9.32961702e-04 -1.13404706e-01  7.23509729e-01]
 [-3.64280343e-01 -9.78680104e-02  5.77814877e-01]
 [-4.30112891e-02 -2.18683317e-01  4.91536379e-01]
 [-1.19491965e-02 -2.15357661e-01  3.78651917e-01]
 [ 7.94415250e-02  1.12017244e-02  9.47233379e-01]
 [ 1.64590940e-01 -6.72239065e-03  1.20325303e+00]
 [ 9.37147588e-02  1.91003084e-03  1.33405876e+00]
 [ 1.94977582e-01 -1.99276209e-02  1.39727879e+00]
 [ 1.64918944e-01 -1.25881702e-01  1.13418877e+00]
 [ 1.82089627e-01 -3.23425949e-01  1.00140595e+00]
 [ 2.40770340e-01 -4.97924834e-01  9.12224770e-01]
 [ 1.47772700e-01  1.20991349e-01  1.17440391e+00]
 [ 1.12249285e-01  2.51739085e-01  1.36375570e+00]
 [ 1.03994027e-01  2.26572990e-01  1.53936243e+00]]
[[ 0.00000000e+00  0.00000000e+00  7.28368580e-01]
 [ 3.59431654e-03  1.08270228e-01  7.36933708e-01]
 [-9.10796225e-04  1.46736711e-01  4.07388628e-01]
 [ 1.17868654e-01  1.39033765e-01  1.19261801e-01]
 [ 9.50608999e-02  1.60594463e-01  0.00000000e+00]
 [-3.68633494e-03 -1.08499080e-01  7.19790161e-01]
 [-3.93416226e-01 -1.09776877e-01  6.74216032e-01]
 [-2.76644766e-01 -2.49026880e-01  4.24961239e-01]
 [-3.51160854e-01 -2.23637044e-01  3.64305705e-01]
 [ 9.51273441e-02  6.42661750e-03  9.27800477e-01]
 [ 1.96429640e-01 -8.54736567e-03  1.17371941e+00]
 [ 1.17863595e-01 -7.75885582e-03  1.29412019e+00]
 [ 2.19471753e-01 -2.12312937e-02  1.36172307e+00]
 [ 2.28397489e-01 -1.18860185e-01  1.10832810e+00]
 [ 3.18852127e-01 -3.34745705e-01  1.03740358e+00]
 [ 4.34148908e-01 -5.27479947e-01  1.02209616e+00]
 [ 1.52779460e-01  1.16438866e-01  1.14873993e+00]
 [ 4.59463149e-02  2.33708858e-01  1.31921911e+00]
 [-3.27034295e-02  1.76206291e-01  1.49007535e+00]]
[[ 0.00000000e+00  0.00000000e+00  6.73178673e-01]
 [ 1.36427525e-02  1.04910702e-01  6.80543065e-01]
 [ 6.65768050e-03  1.24377966e-01  3.45611215e-01]
 [ 1.96582496e-01  2.35617161e-02  1.16824508e-01]
 [ 2.16577768e-01  3.52202654e-02  0.00000000e+00]
 [-1.37205701e-02 -1.05105013e-01  6.65809870e-01]
 [-4.07964200e-01 -1.25039592e-01  6.46671891e-01]
 [-4.96455848e-01 -2.34374344e-01  3.67483944e-01]
 [-5.90214491e-01 -1.73822209e-01  3.90558094e-01]
 [ 1.02322161e-01  5.01127541e-03  8.72528434e-01]
 [ 2.06619889e-01 -2.28458643e-03  1.11511362e+00]
 [ 1.22666419e-01  9.02771950e-04  1.22457218e+00]
 [ 2.21812963e-01 -1.11984015e-02  1.29517603e+00]
 [ 2.49173373e-01 -1.14164591e-01  1.05283689e+00]
 [ 3.59237969e-01 -3.43971252e-01  1.04499567e+00]
 [ 4.77687716e-01 -5.20146966e-01  1.08975875e+00]
 [ 1.57933816e-01  1.24478996e-01  1.08702886e+00]
 [ 9.61399078e-03  2.45865196e-01  1.20235991e+00]
 [-1.29484981e-01  1.73722267e-01  1.32887495e+00]]
[[ 0.          0.          0.5921696 ]
 [ 0.02244962  0.09910199  0.5992364 ]
 [-0.00368993  0.15513378  0.26238704]
 [ 0.21120614  0.01134267  0.11090592]
 [ 0.26017147  0.01910865  0.        ]
 [-0.02253016 -0.09927231  0.58509475]
 [-0.41163325 -0.11681045  0.5669775 ]
 [-0.6161781  -0.17773102  0.32847843]
 [-0.7005688  -0.1027149   0.4020275 ]
 [ 0.10114302  0.00127563  0.798265  ]
 [ 0.19757627 -0.00247216  1.0428264 ]
 [ 0.11158469  0.00801349  1.142906  ]
 [ 0.20661357 -0.00413918  1.219167  ]
 [ 0.24314708 -0.11842278  0.98950154]
 [ 0.3504692  -0.36244363  1.0282187 ]
 [ 0.448233   -0.5062796   1.1227016 ]
 [ 0.15173915  0.12495336  1.0047055 ]
 [-0.01816118  0.23646784  1.0621763 ]
 [-0.19704825  0.1468209   1.1436288 ]]
[[ 0.          0.          0.531067  ]
 [ 0.02250172  0.09885202  0.5376012 ]
 [-0.03801787  0.17368309  0.2069968 ]
 [ 0.20493612  0.02699715  0.09993455]
 [ 0.26798087  0.01850379  0.        ]
 [-0.02258558 -0.0990146   0.52451503]
 [-0.42619836 -0.09605439  0.4989575 ]
 [-0.68585527 -0.13505453  0.2824999 ]
 [-0.7763591  -0.0540943   0.3852647 ]
 [ 0.09086224  0.00554405  0.740861  ]
 [ 0.17477313  0.01044017  0.9888183 ]
 [ 0.09048411  0.02169836  1.0880805 ]
 [ 0.1846935   0.00834107  1.1670268 ]
 [ 0.2207683  -0.10899523  0.9408388 ]
 [ 0.31444547 -0.3465539   1.0286036 ]
 [ 0.3898307  -0.46226156  1.143748  ]
 [ 0.1367986   0.13838619  0.93877447]
 [-0.02733977  0.25355786  0.940492  ]
 [-0.21336523  0.18849075  0.99082834]]
[[ 0.          0.          0.4729554 ]
 [ 0.03066164  0.09820712  0.47842455]
 [-0.08364429  0.19518213  0.18808913]
 [ 0.17820722  0.04481474  0.09498572]
 [ 0.23978806  0.03758457  0.        ]
 [-0.03074075 -0.09837248  0.467463  ]
 [-0.42870134 -0.08058789  0.46187085]
 [-0.7259252  -0.10142881  0.24350262]
 [-0.8125065  -0.00849278  0.35926187]
 [ 0.08091124  0.00291887  0.685685  ]
 [ 0.15423113  0.00801334  0.93628293]
 [ 0.06402762  0.02071035  1.0278656 ]
 [ 0.15654896  0.00714529  1.1112821 ]
 [ 0.19703817 -0.11224574  0.89285946]
 [ 0.25341833 -0.32587564  1.022084  ]
 [ 0.30923104 -0.4056723   1.1581534 ]
 [ 0.12195663  0.13418582  0.88093895]
 [-0.03245425  0.22205442  0.82428455]
 [-0.21808791  0.14505094  0.8353443 ]]
[[ 0.          0.          0.42558202]
 [ 0.03983628  0.10164106  0.4285343 ]
 [-0.13096565  0.21886031  0.20834857]
 [ 0.12532155  0.06850684  0.09247619]
 [ 0.16274007  0.0791482   0.        ]
 [-0.03991837 -0.10180469  0.422598  ]
 [-0.44054788 -0.08639403  0.45255488]
 [-0.7844522  -0.07680999  0.2246134 ]
 [-0.8771167   0.03651564  0.34999475]
 [ 0.07822682  0.00956178  0.6341988 ]
 [ 0.14577152  0.01445028  0.8858105 ]
 [ 0.05188832  0.03070331  0.98050237]
 [ 0.14000654  0.01469952  1.0659304 ]
 [ 0.17243753 -0.10963875  0.8473226 ]
 [ 0.20340475 -0.3092631   1.013736  ]
 [ 0.23608363 -0.36722165  1.1758122 ]
 [ 0.12779911  0.14435706  0.82117915]
 [-0.00196721  0.25572094  0.7274616 ]
 [-0.16832821  0.17747647  0.6964359 ]]
[[ 0.          0.          0.37925202]
 [ 0.0366996   0.10294101  0.37990823]
 [-0.19761059  0.21348426  0.25649807]
 [-0.00167528  0.07324594  0.08460784]
 [ 0.00316077  0.10789266  0.        ]
 [-0.03677054 -0.10310309  0.37855124]
 [-0.43763423 -0.04110523  0.44456518]
 [-0.80825186  0.0453683   0.2516349 ]
 [-0.89076424  0.1548081   0.39590806]
 [ 0.06497694  0.01843074  0.58754957]
 [ 0.11954071  0.02695912  0.8406646 ]
 [ 0.01749313  0.04459667  0.93429506]
 [ 0.10243578  0.02456987  1.0202355 ]
 [ 0.12776747 -0.09786892  0.80337644]
 [ 0.09620053 -0.27354494  1.0065402 ]
 [ 0.09367698 -0.30308133  1.1989231 ]
 [ 0.12239484  0.16147846  0.77222055]
 [ 0.05976999  0.33360875  0.65519184]
 [-0.04599021  0.28425902  0.5931475 ]]
[[ 0.          0.          0.30800253]
 [ 0.03523084  0.09993848  0.30743867]
 [-0.25958633  0.18655673  0.28619686]
 [-0.20123437  0.08906451  0.03200158]
 [-0.26164222  0.14493068  0.        ]
 [-0.03529061 -0.1000793   0.3085043 ]
 [-0.4060277   0.01810808  0.40374935]
 [-0.7736062   0.17122923  0.252148  ]
 [-0.86636984  0.2906099   0.40860647]
 [ 0.04611314  0.02651179  0.5103192 ]
 [ 0.08394724  0.04503214  0.76281106]
 [-0.02015987  0.06895292  0.85670894]
 [ 0.05871616  0.04470026  0.9432699 ]
 [ 0.06610342 -0.07679552  0.7301568 ]
 [-0.04473118 -0.24366504  0.9781706 ]
 [-0.10018142 -0.24333203  1.1720893 ]
 [ 0.11426836  0.17256838  0.6931298 ]
 [ 0.11816305  0.34536487  0.568902  ]
 [ 0.12355255  0.34131086  0.4766363 ]]
[[ 0.          0.          0.22024432]
 [ 0.03727631  0.10160307  0.21861053]
 [-0.26863572  0.1828435   0.26579046]
 [-0.37537208  0.11961945  0.        ]
 [-0.48122865  0.16653116  0.03253095]
 [-0.03731403 -0.10173051  0.2218044 ]
 [-0.37128305  0.06562835  0.3297634 ]
 [-0.7217356   0.26371464  0.22400041]
 [-0.80475533  0.37310085  0.39817402]
 [ 0.03506012  0.02628082  0.4220024 ]
 [ 0.05995923  0.04021451  0.6737497 ]
 [-0.05586314  0.07810009  0.7660986 ]
 [ 0.0173652   0.05118692  0.8544357 ]
 [ 0.02753945 -0.08395287  0.63637865]
 [-0.16550711 -0.22014526  0.8302705 ]
 [-0.25686145 -0.1605894   1.0072483 ]
 [ 0.10942283  0.1637482   0.61127394]
 [ 0.18227004  0.32362407  0.50432307]
 [ 0.2428998   0.2860803   0.4269909 ]]
[[ 0.          0.          0.15120816]
 [ 0.04710275  0.10070265  0.14378503]
 [-0.2563222   0.24090323  0.19650032]
 [-0.52913296  0.20767269  0.        ]
 [-0.638508    0.24309397  0.08323765]
 [-0.04712544 -0.10082255  0.15855128]
 [-0.35036498  0.07726727  0.23828061]
 [-0.6980778   0.25417906  0.1352233 ]
 [-0.7846929   0.36348736  0.31972694]
 [ 0.0343801   0.02593265  0.34619415]
 [ 0.06095444  0.05032903  0.58953995]
 [-0.0517925   0.09834903  0.67369276]
 [ 0.02126242  0.06773251  0.7627536 ]
 [ 0.00316058 -0.06818786  0.555613  ]
 [-0.23037325 -0.1683088   0.68173975]
 [-0.34843564 -0.07555419  0.80495363]
 [ 0.1426604   0.15451261  0.5296329 ]
 [ 0.28313065  0.2992618   0.4565009 ]
 [ 0.393782    0.31609187  0.4427063 ]]
[[ 0.          0.          0.11957939]
 [ 0.04725184  0.10177317  0.10413468]
 [-0.26300234  0.25740415  0.18712327]
 [-0.5760027   0.22808531  0.        ]
 [-0.69383085  0.2608601   0.09791495]
 [-0.04726147 -0.10189275  0.13494284]
 [-0.36547363  0.0565358   0.21834983]
 [-0.6994022   0.18306886  0.08284314]
 [-0.7958705   0.29236782  0.26051694]
 [ 0.05565809  0.03483349  0.30054203]
 [ 0.10204735  0.06629124  0.53447515]
 [-0.01333993  0.11656809  0.615457  ]
 [ 0.05776126  0.08578038  0.7074129 ]
 [ 0.03439815 -0.04766235  0.49460465]
 [-0.2114223  -0.13262925  0.58042544]
 [-0.33405995  0.01368934  0.6746624 ]
 [ 0.18844861  0.16369998  0.47816777]
 [ 0.35174903  0.2931817   0.43910038]
 [ 0.4489346   0.31836736  0.46912193]]
[[ 0.          0.          0.10136929]
 [ 0.04905559  0.10244495  0.08851808]
 [-0.27029625  0.2776036   0.22269179]
 [-0.5726585   0.21909496  0.        ]
 [-0.71371233  0.26659298  0.07874482]
 [-0.04906595 -0.10258225  0.11412901]
 [-0.37522322  0.03537752  0.24130315]
 [-0.7081701   0.07750241  0.100967  ]
 [-0.81297094  0.18373948  0.249379  ]
 [ 0.07144871  0.03306565  0.27592254]
 [ 0.1431525   0.07114741  0.50087166]
 [ 0.03897923  0.12153691  0.5838448 ]
 [ 0.11359212  0.08736777  0.6666585 ]
 [ 0.06619707 -0.0393531   0.4682902 ]
 [-0.18310171 -0.12286949  0.52728236]
 [-0.31039417  0.03601056  0.60939646]
 [ 0.228093    0.16452485  0.44091472]
 [ 0.3634295   0.30709416  0.40748248]
 [ 0.46674037  0.34801883  0.46082613]]
[[ 0.          0.          0.07285843]
 [ 0.04690421  0.10299036  0.05088329]
 [-0.27700406  0.28575122  0.23180991]
 [-0.568596    0.21447127  0.        ]
 [-0.6970484   0.2549399   0.07872044]
 [-0.04691662 -0.10314676  0.0947423 ]
 [-0.38999242  0.03446746  0.25587386]
 [-0.6706762  -0.00570881  0.10839338]
 [-0.77917683  0.09735382  0.23007789]
 [ 0.10116531  0.0356476   0.219396  ]
 [ 0.2044796   0.06807104  0.42945063]
 [ 0.10575239  0.11169764  0.5209992 ]
 [ 0.1869364   0.07627946  0.59841293]
 [ 0.12405565 -0.04129902  0.39378726]
 [-0.14394824 -0.11552861  0.44507417]
 [-0.28721514  0.05595392  0.5194712 ]
 [ 0.27454105  0.16562477  0.36515525]
 [ 0.3662979   0.31572235  0.3697293 ]
 [ 0.45704028  0.32530347  0.44357428]]
[[ 0.          0.          0.04224517]
 [ 0.04288403  0.10511862  0.01706322]
 [-0.27143118  0.28037012  0.2340816 ]
 [-0.54368895  0.19832553  0.        ]
 [-0.6632448   0.22650585  0.08274557]
 [-0.04290069 -0.10527483  0.06734779]
 [-0.3996855   0.04445958  0.27242202]
 [-0.6148721  -0.01641083  0.10115377]
 [-0.7285379   0.08989793  0.19034588]
 [ 0.12724388  0.03411816  0.1707314 ]
 [ 0.26049703  0.07038397  0.362318  ]
 [ 0.1670866   0.10826433  0.45523095]
 [ 0.26286447  0.07502598  0.52436674]
 [ 0.1755269  -0.04149505  0.33314466]
 [-0.09801774 -0.11465573  0.35531133]
 [-0.2659996   0.02052975  0.4421505 ]
 [ 0.32136568  0.1697173   0.29249752]
 [ 0.36918575  0.34187838  0.32617602]
 [ 0.43244243  0.32380328  0.44462642]]
[[ 0.          0.          0.03434783]
 [ 0.0456633   0.10646594  0.0069713 ]
 [-0.22936973  0.26954144  0.2641135 ]
 [-0.4880221   0.21577232  0.        ]
 [-0.603344    0.2480385   0.06219846]
 [-0.04567773 -0.10659282  0.06165558]
 [-0.39706832  0.04301792  0.32098478]
 [-0.53536296  0.04943665  0.07985218]
 [-0.63257414  0.15427291  0.17608093]
 [ 0.15239395  0.01476741  0.12839434]
 [ 0.3227058   0.04893544  0.2861029 ]
 [ 0.23791862  0.08943301  0.3774646 ]
 [ 0.33331355  0.05751267  0.4442491 ]
 [ 0.23238146 -0.05871655  0.26423216]
 [-0.03043988 -0.11917029  0.3013728 ]
 [-0.18069975 -0.00178546  0.41954133]
 [ 0.37505436  0.14953437  0.21361592]
 [ 0.38856214  0.36312592  0.26694113]
 [ 0.36233634  0.3026188   0.40572193]]
[[ 0.          0.          0.0361235 ]
 [ 0.04960252  0.10102011  0.00568984]
 [-0.17607734  0.27778396  0.2829176 ]
 [-0.4321968   0.21385181  0.        ]
 [-0.5569957   0.25267     0.04560771]
 [-0.04960783 -0.1011381   0.06649572]
 [-0.3687957   0.05985889  0.34975758]
 [-0.49301794  0.0404397   0.0806364 ]
 [-0.57953024  0.13903561  0.16809411]
 [ 0.17676146  0.00396142  0.10990979]
 [ 0.38076925  0.04065871  0.23994745]
 [ 0.31801665  0.08600101  0.33131558]
 [ 0.41057026  0.04861781  0.38775116]
 [ 0.28234965 -0.06007281  0.2363624 ]
 [ 0.03686322 -0.12474896  0.2783249 ]
 [-0.13468105 -0.05588269  0.42627245]
 [ 0.42211223  0.14080189  0.1583172 ]
 [ 0.33227736  0.37370262  0.15758218]
 [ 0.25116938  0.31023276  0.31277344]]
[[ 0.          0.          0.03351943]
 [ 0.04488363  0.10289297  0.        ]
 [-0.15540206  0.27257445  0.2756455 ]
 [-0.43987125  0.21445397  0.01130606]
 [-0.5704539   0.24741802  0.06965756]
 [-0.04488748 -0.10300258  0.0669819 ]
 [-0.36140323  0.03986371  0.33949256]
 [-0.57638955 -0.03935736  0.12111826]
 [-0.65680325  0.04781038  0.2168939 ]
 [ 0.18712309  0.00490472  0.10189805]
 [ 0.40432262  0.04092164  0.22270374]
 [ 0.35237923  0.08388281  0.31291562]
 [ 0.44308633  0.04741579  0.36674762]
 [ 0.30870456 -0.06028908  0.22168095]
 [ 0.06826156 -0.13955073  0.28228813]
 [-0.1193675  -0.09553814  0.43231922]
 [ 0.43625647  0.1449229   0.14213903]
 [ 0.29988924  0.37579617  0.15049051]
 [ 0.16672386  0.29397887  0.28345114]]
[[ 0.          0.          0.03552861]
 [ 0.0396213   0.10230766  0.        ]
 [-0.16268337  0.274403    0.25496283]
 [-0.47041333  0.21579838  0.03520133]
 [-0.58604723  0.2342771   0.11869684]
 [-0.0396261  -0.10241151  0.07100768]
 [-0.36370367  0.02626249  0.32222855]
 [-0.63793856 -0.0983237   0.15391958]
 [-0.7279705  -0.0137675   0.23955777]
 [ 0.18852177  0.01222225  0.10839788]
 [ 0.40922156  0.05952734  0.23077446]
 [ 0.35432288  0.10156919  0.31794158]
 [ 0.45201617  0.06678537  0.37325954]
 [ 0.32098618 -0.04533951  0.23523384]
 [ 0.07370184 -0.12599023  0.28856575]
 [-0.13115475 -0.10753059  0.4285432 ]
 [ 0.43368533  0.16269857  0.14262977]
 [ 0.29290253  0.38674617  0.14041388]
 [ 0.1354992   0.29921967  0.27523586]]
[[ 0.          0.          0.03200509]
 [ 0.03666138  0.10201645  0.        ]
 [-0.1669006   0.23823193  0.21636182]
 [-0.5305373   0.17890844  0.06882548]
 [-0.6315893   0.1799035   0.17640665]
 [-0.03666291 -0.10211607  0.06397648]
 [-0.34311062  0.00662503  0.2907113 ]
 [-0.6691372  -0.06680009  0.20836511]
 [-0.7537122   0.02568179  0.32649425]
 [ 0.18639717  0.01620328  0.10801763]
 [ 0.40859354  0.07318605  0.23158056]
 [ 0.34989867  0.11430945  0.30833468]
 [ 0.45288816  0.08497146  0.3682478 ]
 [ 0.32576904 -0.03756271  0.2436445 ]
 [ 0.07129569 -0.11476097  0.30587134]
 [-0.13676246 -0.11764711  0.43812802]
 [ 0.42496392  0.17822695  0.13797575]
 [ 0.26235604  0.3916077   0.09536549]
 [ 0.06850348  0.31420797  0.20781681]]
[[ 0.          0.          0.031414  ]
 [ 0.03358456  0.10190628  0.        ]
 [-0.16601631  0.21632408  0.20053762]
 [-0.5630115   0.14711007  0.09434171]
 [-0.655478    0.14320526  0.21037531]
 [-0.03358598 -0.10200267  0.06280264]
 [-0.3224251  -0.00079772  0.27704954]
 [-0.66980565 -0.05082279  0.2237477 ]
 [-0.7452626   0.04264709  0.3570061 ]
 [ 0.18455797  0.01627803  0.11031222]
 [ 0.40661412  0.07664411  0.23716679]
 [ 0.3465313   0.11468056  0.30880615]
 [ 0.4518197   0.08698055  0.36879364]
 [ 0.32877403 -0.03884204  0.2529586 ]
 [ 0.07419148 -0.11346291  0.31672636]
 [-0.13592136 -0.13115954  0.44294122]
 [ 0.41853988  0.18467365  0.13978943]
 [ 0.24605554  0.39023048  0.07038388]
 [ 0.0293617   0.3140848   0.1676935 ]]
[[ 0.          0.          0.02999352]
 [ 0.02984964  0.10219566  0.        ]
 [-0.16598722  0.19007826  0.20923255]
 [-0.562675    0.12426499  0.10564618]
 [-0.6619451   0.12124965  0.2217911 ]
 [-0.02985698 -0.10228942  0.05996152]
 [-0.315409   -0.02700777  0.28431684]
 [-0.6865063  -0.08377379  0.25467387]
 [-0.75589526  0.00640497  0.39795488]
 [ 0.18655682  0.01676368  0.10447774]
 [ 0.41238737  0.07441276  0.22500412]
 [ 0.3559537   0.10911778  0.2937615 ]
 [ 0.45991725  0.08189005  0.35081834]
 [ 0.33672124 -0.0418795   0.24020828]
 [ 0.08736401 -0.11393915  0.3093899 ]
 [-0.11880471 -0.13723108  0.43681782]
 [ 0.42021996  0.18588986  0.13050033]
 [ 0.24401252  0.38955572  0.05461903]
 [ 0.02182134  0.31984988  0.14159651]]
