[[ 0.00000000e+00  0.00000000e+00  6.36911154e-01]
 [ 4.06179652e-02 -1.15647182e-01  6.29647970e-01]
 [ 2.75663912e-01 -8.44528079e-02  3.56772184e-01]
 [-1.56589612e-01 -1.77210778e-01  3.24382722e-01]
 [-2.46865526e-01 -6.77854121e-02  2.23226726e-01]
 [-4.03888747e-02  1.15742415e-01  6.43894017e-01]
 [ 6.12662323e-02  4.37683553e-01  3.33938718e-01]
 [-8.85835290e-02  5.44909179e-01  9.08439159e-02]
 [ 6.20426908e-02  5.76984286e-01  0.00000000e+00]
 [ 9.06467810e-02  6.81371242e-02  8.21413040e-01]
 [ 2.05204636e-01  1.44530118e-01  1.03297627e+00]
 [ 3.26813340e-01  1.25511110e-01  1.09044075e+00]
 [ 3.20334166e-01  1.20033026e-01  1.20862925e+00]
 [ 9.81409401e-02  2.64884233e-01  9.73488688e-01]
 [ 1.05670266e-01  2.79860824e-01  7.00366735e-01]
 [ 3.13144892e-01  2.90469766e-01  7.31728315e-01]
 [ 2.69223839e-01  2.33858824e-04  1.01937056e+00]
 [ 8.67585391e-02 -5.88638186e-02  8.21345985e-01]
 [ 1.44695401e-01 -6.47490919e-02  6.97584391e-01]]
[[ 0.          0.          0.59891135]
 [ 0.03489343 -0.11592188  0.58575356]
 [ 0.38039976  0.07157078  0.44462043]
 [ 0.11121666  0.0049755   0.14853594]
 [ 0.24981268  0.06128788  0.        ]
 [-0.03482521  0.11618332  0.61194056]
 [-0.01083326  0.4370285   0.3429538 ]
 [-0.32592687  0.46962956  0.1634562 ]
 [-0.24835724  0.5008354   0.02604359]
 [ 0.08943978  0.03946659  0.7983309 ]
 [ 0.19368176  0.06656805  1.0210292 ]
 [ 0.30816606  0.06094187  1.0662495 ]
 [ 0.28513137  0.0521428   1.1814132 ]
 [ 0.1196849   0.19909537  0.9731711 ]
 [ 0.21641904  0.2875064   0.739631  ]
 [ 0.3709712   0.2786299   0.8936828 ]
 [ 0.22547281 -0.07338467  1.0109901 ]
 [-0.02867298 -0.14404279  1.0622643 ]
 [-0.14840832 -0.17831159  0.9373503 ]]
[[ 0.          0.          0.6275903 ]
 [ 0.02822829 -0.11463138  0.615422  ]
 [ 0.3722168   0.05356783  0.46624008]
 [ 0.3128847   0.05795181  0.06803644]
 [ 0.48089492  0.10388786  0.        ]
 [-0.02812441  0.11483093  0.6400257 ]
 [-0.04544787  0.3725733   0.33287722]
 [-0.45913184  0.35203892  0.34809837]
 [-0.48067015  0.40832093  0.21350285]
 [ 0.08227515  0.01607847  0.83319145]
 [ 0.17432904  0.00808105  1.0616972 ]
 [ 0.29401624 -0.02733648  1.1008245 ]
 [ 0.2763254  -0.02389997  1.2218697 ]
 [ 0.13253292  0.14763153  1.0238342 ]
 [ 0.22492737  0.263658    0.7941668 ]
 [ 0.3794061   0.24147004  0.93897843]
 [ 0.171099   -0.12455031  1.0381572 ]
 [-0.06368516 -0.2089096   1.0736616 ]
 [-0.12455664 -0.17275237  0.93475693]]
[[ 0.00000000e+00  0.00000000e+00  6.37168646e-01]
 [ 3.60418409e-02 -1.17126681e-01  6.29960775e-01]
 [ 3.22241098e-01  8.99206996e-02  4.02283698e-01]
 [ 3.75378668e-01  1.77602232e-01  1.34940147e-02]
 [ 5.73718071e-01  2.24123448e-01  0.00000000e+00]
 [-3.59998196e-02  1.17217794e-01  6.44728541e-01]
 [-6.50100410e-02  1.98192552e-01  2.85298109e-01]
 [-5.12411177e-01  2.09402144e-02  4.15891737e-01]
 [-6.04857922e-01  9.80283022e-02  3.65696430e-01]
 [ 9.54813138e-02  2.17768997e-02  8.41835976e-01]
 [ 2.01787636e-01  2.79724002e-02  1.07203901e+00]
 [ 3.21846068e-01 -1.52456760e-02  1.11728597e+00]
 [ 3.02613139e-01 -7.33900070e-03  1.23240161e+00]
 [ 1.46601826e-01  1.58443093e-01  1.02879512e+00]
 [ 1.31811291e-01  2.68475771e-01  7.74776459e-01]
 [ 3.40457022e-01  2.97671497e-01  7.89747477e-01]
 [ 2.02608705e-01 -1.07729644e-01  1.04119849e+00]
 [ 1.39142275e-02 -1.61416799e-01  8.73027861e-01]
 [-4.28155065e-04 -1.35289267e-01  7.36078560e-01]]
[[ 0.          0.          0.6825615 ]
 [ 0.03385258 -0.12124509  0.6774993 ]
 [ 0.28755     0.10738072  0.41787863]
 [ 0.3027319   0.21435228  0.02480972]
 [ 0.51010156  0.26636052  0.        ]
 [-0.03379551  0.12130827  0.68795496]
 [-0.01435328  0.15518147  0.30434585]
 [-0.46886626 -0.07559207  0.46339083]
 [-0.5823139  -0.00397326  0.421974  ]
 [ 0.10184641  0.02688992  0.88113856]
 [ 0.21328789  0.03509638  1.1096284 ]
 [ 0.33222908 -0.0112986   1.1632878 ]
 [ 0.31072143 -0.00739843  1.2747815 ]
 [ 0.15232962  0.1626373   1.0615084 ]
 [ 0.09291548  0.27430874  0.8141521 ]
 [ 0.27978468  0.3360218   0.7102004 ]
 [ 0.21698228 -0.10335961  1.0796402 ]
 [ 0.03443255 -0.15378176  0.8862446 ]
 [ 0.0391046  -0.11192387  0.7495111 ]]
[[ 0.          0.          0.6604866 ]
 [ 0.01985312 -0.12415496  0.6505092 ]
 [ 0.1943568   0.14634266  0.3511721 ]
 [ 0.08747071  0.33571526  0.0459457 ]
 [ 0.29197493  0.38409108  0.        ]
 [-0.01979288  0.12414484  0.6705433 ]
 [ 0.1320229   0.07942215  0.3198359 ]
 [-0.2975048  -0.08760336  0.4301552 ]
 [-0.3523609  -0.03375983  0.30413762]
 [ 0.0958615   0.01965331  0.8587906 ]
 [ 0.19753721  0.00933251  1.0919776 ]
 [ 0.316055   -0.04751346  1.1658063 ]
 [ 0.2852545  -0.04601514  1.2744702 ]
 [ 0.1337663   0.13539678  1.0400877 ]
 [-0.0359202   0.21233118  0.8559976 ]
 [-0.0137572   0.34067985  0.6506506 ]
 [ 0.20081586 -0.13607153  1.0582411 ]
 [ 0.07321435 -0.19245517  0.8073229 ]
 [ 0.20186704 -0.12386716  0.64465743]]
[[ 0.          0.          0.5978801 ]
 [ 0.01251212 -0.116267    0.5824596 ]
 [-0.01121843  0.15382078  0.28799874]
 [-0.24294916  0.34702244  0.10509509]
 [-0.09302896  0.43734676  0.        ]
 [-0.01261543  0.11618221  0.6128715 ]
 [ 0.31365943  0.12796043  0.4191141 ]
 [-0.01938186  0.079965    0.23757881]
 [ 0.0840269   0.11345696  0.08908939]
 [ 0.07388644 -0.00236209  0.80012685]
 [ 0.16069725 -0.01390281  1.0409677 ]
 [ 0.27247715 -0.05798393  1.1224138 ]
 [ 0.2466687  -0.07317662  1.2309358 ]
 [ 0.08803613  0.10024273  0.99241775]
 [-0.1660482   0.22480386  0.92183244]
 [-0.25827476  0.3460359   0.70331717]
 [ 0.18274367 -0.15253127  0.9964566 ]
 [ 0.12566149 -0.2713023   0.7482443 ]
 [ 0.2498523  -0.15237957  0.73537654]]
[[ 0.          0.          0.5780171 ]
 [ 0.01917324 -0.10661282  0.5573641 ]
 [-0.07516402  0.15310208  0.2774749 ]
 [-0.3751543   0.30490157  0.20703578]
 [-0.3443724   0.43952352  0.10111597]
 [-0.01925678  0.10638332  0.5979938 ]
 [ 0.3655396   0.15196547  0.46663657]
 [ 0.23620105  0.15586686  0.08437622]
 [ 0.40088406  0.17411381  0.        ]
 [ 0.06537091 -0.00783497  0.78620064]
 [ 0.14210193 -0.02071464  1.0293727 ]
 [ 0.2579258  -0.06077141  1.1067896 ]
 [ 0.22791994 -0.06817377  1.2184281 ]
 [ 0.05303442  0.09318382  0.99007297]
 [-0.20932093  0.22147328  0.9872104 ]
 [-0.30420566  0.3069532   0.7734486 ]
 [ 0.18954262 -0.16277903  0.9840381 ]
 [ 0.2025724  -0.3149438   0.7614569 ]
 [ 0.35411987 -0.14531516  0.84324884]]
[[ 0.00000000e+00  0.00000000e+00  6.06759429e-01]
 [ 2.38249078e-02 -1.10701822e-01  5.88651299e-01]
 [-4.81335893e-02  8.86826813e-02  2.63966084e-01]
 [-4.00653660e-01  1.81027070e-01  3.44373286e-01]
 [-4.38383222e-01  3.16496044e-01  2.76799858e-01]
 [-2.38370597e-02  1.10441864e-01  6.24186933e-01]
 [ 3.48935485e-01  2.24887133e-01  4.28611368e-01]
 [ 3.86122316e-01  3.12945575e-01  3.55057120e-02]
 [ 5.63784659e-01  3.27496350e-01  0.00000000e+00]
 [ 6.18210323e-02 -1.34451687e-03  8.12628984e-01]
 [ 1.42139792e-01  8.28772783e-04  1.05173421e+00]
 [ 2.52159476e-01 -4.21893001e-02  1.12506521e+00]
 [ 2.21211806e-01 -4.54351306e-02  1.23608720e+00]
 [ 5.35277650e-02  1.17845565e-01  1.00195861e+00]
 [-1.92813426e-01  2.24429429e-01  9.71920669e-01]
 [-2.42256939e-01  2.81330407e-01  7.50929832e-01]
 [ 1.92627162e-01 -1.40777290e-01  1.01464319e+00]
 [ 2.19439775e-01 -2.82879263e-01  7.86619902e-01]
 [ 3.69655371e-01 -1.02974094e-01  8.02358270e-01]]
[[ 0.          0.          0.6539223 ]
 [ 0.03013222 -0.11037773  0.63532376]
 [ 0.00964542  0.05936354  0.29115424]
 [-0.35586876  0.09963346  0.447023  ]
 [-0.41638958  0.24429497  0.42828164]
 [-0.03010492  0.11016245  0.67194164]
 [ 0.30835235  0.26944453  0.429948  ]
 [ 0.33148766  0.3608122   0.03582448]
 [ 0.5077875   0.37644416  0.        ]
 [ 0.06919456  0.0204716   0.85281456]
 [ 0.16283515  0.04122633  1.0830858 ]
 [ 0.27005994 -0.00242466  1.1561415 ]
 [ 0.24170807 -0.00606155  1.2660339 ]
 [ 0.0649296   0.15733555  1.022745  ]
 [-0.16161656  0.2558223   0.95042574]
 [-0.1446788   0.30028152  0.71289957]
 [ 0.21943012 -0.1019958   1.0565312 ]
 [ 0.19445485 -0.24691072  0.82319695]
 [ 0.34374267 -0.10856029  0.70712245]]
[[ 0.          0.          0.68922925]
 [ 0.03224232 -0.11392493  0.67231303]
 [ 0.09200805 -0.00330818  0.3162085 ]
 [-0.3145749  -0.00463396  0.4872109 ]
 [-0.38451016  0.13172475  0.48183358]
 [-0.03216232  0.11379286  0.7057456 ]
 [ 0.24578816  0.3146921   0.43616563]
 [ 0.21700859  0.40882492  0.05182344]
 [ 0.3957099   0.42455816  0.        ]
 [ 0.07154147  0.04095164  0.885638  ]
 [ 0.17043753  0.08423701  1.1125743 ]
 [ 0.27698177  0.04338396  1.1941082 ]
 [ 0.2428253   0.04233342  1.3026035 ]
 [ 0.06964654  0.20378906  1.0468754 ]
 [-0.09962939  0.29210156  0.9016514 ]
 [ 0.00715825  0.34442338  0.705611  ]
 [ 0.22532356 -0.06023332  1.0927262 ]
 [ 0.15384951 -0.19157375  0.86137867]
 [ 0.23165518 -0.10873238  0.66032475]]
[[ 0.0000000e+00  0.0000000e+00  6.4103025e-01]
 [ 3.7185781e-02 -1.2181210e-01  6.2673014e-01]
 [ 3.6832812e-01  4.7504663e-02  4.2829186e-01]
 [ 1.3903901e-04  7.1942210e-03  3.2129246e-01]
 [ 7.0377380e-02  8.2617134e-02  1.6890186e-01]
 [-3.7019327e-02  1.2197933e-01  6.5516335e-01]
 [ 5.5486675e-02  3.9430040e-01  3.5625464e-01]
 [-1.9082442e-01  4.0039825e-01  9.8389566e-02]
 [-5.7812005e-02  4.2502150e-01  0.0000000e+00]
 [ 9.2989832e-02  5.2748412e-02  8.3504558e-01]
 [ 2.0014292e-01  9.8010659e-02  1.0608522e+00]
 [ 3.1019551e-01  7.7498525e-02  1.1370063e+00]
 [ 2.7794683e-01  6.3377261e-02  1.2443037e+00]
 [ 1.0928179e-01  2.2664547e-01  1.0009819e+00]
 [ 1.3637899e-01  2.9630035e-01  7.5587803e-01]
 [ 3.4290978e-01  3.3369830e-01  7.9224139e-01]
 [ 2.4484506e-01 -5.4878533e-02  1.0446427e+00]
 [ 2.7291015e-02 -1.3141112e-01  8.9925683e-01]
 [-2.8169196e-02 -1.3964503e-01  7.3721802e-01]]
[[ 0.          0.          0.5916312 ]
 [ 0.02839519 -0.11812604  0.5774144 ]
 [ 0.39802465  0.07208651  0.45965248]
 [ 0.16007985  0.01974934  0.13110387]
 [ 0.32019657  0.0672434   0.        ]
 [-0.02829803  0.11836302  0.6058806 ]
 [-0.02045269  0.40728325  0.32694343]
 [-0.3691993   0.41840187  0.15489662]
 [-0.304867    0.43906602  0.01185149]
 [ 0.07962848  0.02565004  0.7964184 ]
 [ 0.16510177  0.03561729  1.0326188 ]
 [ 0.27399576  0.02665943  1.0979607 ]
 [ 0.23535673  0.01136112  1.2040275 ]
 [ 0.10783897  0.17334306  0.97562593]
 [ 0.23187365  0.29296634  0.76079965]
 [ 0.39261872  0.2856497   0.908123  ]
 [ 0.18824899 -0.1057426   1.0183047 ]
 [-0.0759141  -0.1395989   1.0002426 ]
 [-0.19007969 -0.18554229  0.8735572 ]]
[[ 0.          0.          0.6108618 ]
 [ 0.02372413 -0.11452899  0.59680635]
 [ 0.38643998  0.05090164  0.46493226]
 [ 0.34559768  0.06068087  0.06284326]
 [ 0.52024156  0.10118139  0.        ]
 [-0.02356143  0.11472104  0.62526315]
 [-0.05288114  0.3543966   0.3237279 ]
 [-0.47450858  0.3400866   0.28789532]
 [-0.4984789   0.3929818   0.15541482]
 [ 0.07347118  0.00803903  0.8193506 ]
 [ 0.14908613 -0.00590363  1.0561674 ]
 [ 0.26139545 -0.03811136  1.1165301 ]
 [ 0.22806035 -0.03973573  1.2263812 ]
 [ 0.12095298  0.13216582  1.0077577 ]
 [ 0.23894157  0.2593745   0.7901845 ]
 [ 0.38030005  0.22553188  0.9467109 ]
 [ 0.14359784 -0.1378789   1.0347719 ]
 [-0.10768019 -0.19960132  1.0455257 ]
 [-0.17328972 -0.1844639   0.9047044 ]]
[[ 0.00000000e+00  0.00000000e+00  6.01982057e-01]
 [ 3.39591801e-02 -1.08432785e-01  5.91234267e-01]
 [ 3.31582636e-01  1.07518941e-01  3.78086239e-01]
 [ 4.22757983e-01  2.26386189e-01  2.77066231e-03]
 [ 6.18593335e-01  2.67496020e-01  0.00000000e+00]
 [-3.39390263e-02  1.08528011e-01  6.13141656e-01]
 [-7.09447712e-02  2.07084417e-01  2.63769895e-01]
 [-5.27543724e-01  4.68753725e-02  3.81998211e-01]
 [-6.18945718e-01  1.29448503e-01  3.25162709e-01]
 [ 8.56349617e-02  1.45303607e-02  8.08970153e-01]
 [ 1.76942065e-01  1.55275464e-02  1.04498386e+00]
 [ 2.90608287e-01 -2.54694819e-02  1.10594583e+00]
 [ 2.62496203e-01 -2.37875581e-02  1.21206236e+00]
 [ 1.22805968e-01  1.42658770e-01  9.98494625e-01]
 [ 1.43594429e-01  2.60209978e-01  7.47182488e-01]
 [ 3.47230971e-01  2.93702245e-01  7.76071310e-01]
 [ 1.87355220e-01 -1.17687464e-01  1.01195455e+00]
 [ 1.03599504e-02 -1.70458332e-01  8.29476595e-01]
 [ 2.72959471e-04 -1.39740050e-01  7.06489027e-01]]
[[ 0.          0.          0.65624374]
 [ 0.03013714 -0.11544722  0.648719  ]
 [ 0.29423022  0.12016165  0.39122456]
 [ 0.3357374   0.25520605  0.01294911]
 [ 0.5461326   0.30379397  0.        ]
 [-0.03010507  0.11550193  0.6641501 ]
 [-0.03853539  0.13334271  0.2791291 ]
 [-0.5055872  -0.08234747  0.423204  ]
 [-0.61467874 -0.00806431  0.3752635 ]
 [ 0.08947711  0.01944062  0.86073893]
 [ 0.18429086  0.019353    1.096572  ]
 [ 0.30101675 -0.03637484  1.1647941 ]
 [ 0.2669832  -0.03486645  1.2681882 ]
 [ 0.13101187  0.14911878  1.0453176 ]
 [ 0.09980323  0.2656166   0.7942905 ]
 [ 0.26139656  0.3458295   0.7047659 ]
 [ 0.18761829 -0.12005875  1.0675232 ]
 [ 0.02154331 -0.17248136  0.86236525]
 [ 0.02225651 -0.14643796  0.72423995]]
[[ 0.          0.          0.6505314 ]
 [ 0.01372616 -0.12163778  0.63902754]
 [ 0.17438927  0.15108925  0.34367058]
 [ 0.0847706   0.35512438  0.04684234]
 [ 0.2935626   0.39714342  0.        ]
 [-0.01367896  0.12158176  0.6621428 ]
 [ 0.13503884  0.06345204  0.31289274]
 [-0.31014517 -0.10750417  0.41664934]
 [-0.37636703 -0.04836637  0.30445397]
 [ 0.08626881  0.01838681  0.85459816]
 [ 0.17767522  0.01220641  1.0938189 ]
 [ 0.2919673  -0.04763997  1.1765289 ]
 [ 0.25446597 -0.05122703  1.2786577 ]
 [ 0.1247849   0.14041528  1.039473  ]
 [-0.03689387  0.2406734   0.8451157 ]
 [-0.0040119   0.37091517  0.64014626]
 [ 0.17625172 -0.134011    1.0586952 ]
 [ 0.06113063 -0.21205512  0.8111891 ]
 [ 0.22000459 -0.14158589  0.6851511 ]]
[[ 0.0000000e+00  0.0000000e+00  5.9360063e-01]
 [-1.0308623e-03 -1.1494548e-01  5.7749981e-01]
 [-1.6740933e-02  1.3248691e-01  2.8977844e-01]
 [-2.4924725e-01  3.4701741e-01  1.0731888e-01]
 [-9.6762776e-02  4.3050441e-01  0.0000000e+00]
 [ 9.3694031e-04  1.1481788e-01  6.0926539e-01]
 [ 3.1366622e-01  8.0206975e-02  3.9655900e-01]
 [-2.0739987e-02  5.1229417e-02  2.3941243e-01]
 [ 7.3556483e-02  8.0819190e-02  8.9294791e-02]
 [ 6.7306101e-02 -4.1760653e-03  8.0013925e-01]
 [ 1.4502497e-01 -1.5062690e-02  1.0462103e+00]
 [ 2.5492653e-01 -6.6336274e-02  1.1332614e+00]
 [ 2.2084346e-01 -6.8195522e-02  1.2424185e+00]
 [ 8.5704029e-02  1.0293135e-01  9.9248481e-01]
 [-1.5707240e-01  2.3832899e-01  9.1415000e-01]
 [-2.2698605e-01  3.5987711e-01  6.9047046e-01]
 [ 1.6028816e-01 -1.5610680e-01  9.9955571e-01]
 [ 1.2607984e-01 -2.9509687e-01  7.5436103e-01]
 [ 2.9530591e-01 -1.8951298e-01  7.7990806e-01]]
[[ 0.          0.          0.57065994]
 [ 0.01413891 -0.10762212  0.55176663]
 [-0.07430784  0.13760418  0.26605493]
 [-0.39439982  0.29149517  0.20653552]
 [-0.3728339   0.4283037   0.10726601]
 [-0.01420315  0.10738532  0.5888792 ]
 [ 0.37738243  0.14629497  0.46282357]
 [ 0.27615592  0.1600934   0.08402395]
 [ 0.4461509   0.17738304  0.        ]
 [ 0.05834582 -0.00689884  0.77970624]
 [ 0.12954983 -0.01452211  1.025564  ]
 [ 0.24117273 -0.05666256  1.1068348 ]
 [ 0.20703137 -0.06003827  1.2167809 ]
 [ 0.05400321  0.10185489  0.97661173]
 [-0.20173886  0.23497987  0.97646236]
 [-0.2978533   0.3221278   0.7615529 ]
 [ 0.16969049 -0.15829542  0.9852041 ]
 [ 0.20087224 -0.3173429   0.7712308 ]
 [ 0.3415716  -0.16411069  0.8966156 ]]
[[ 0.00000000e+00  0.00000000e+00  5.81485510e-01]
 [ 1.94695145e-02 -1.07606582e-01  5.63363194e-01]
 [-4.69103456e-02  9.47154164e-02  2.39336967e-01]
 [-4.01437223e-01  2.05074593e-01  3.30703408e-01]
 [-4.46646452e-01  3.42326283e-01  2.56220937e-01]
 [-1.94642767e-02  1.07341886e-01  5.98924339e-01]
 [ 3.66203070e-01  2.03404486e-01  4.18495238e-01]
 [ 4.10706580e-01  2.68876404e-01  3.10553908e-02]
 [ 5.88061810e-01  2.71222770e-01  0.00000000e+00]
 [ 6.07830957e-02 -1.29789114e-05  7.85203099e-01]
 [ 1.40272111e-01  6.59039617e-03  1.02330613e+00]
 [ 2.45812505e-01 -3.69204581e-02  1.10000491e+00]
 [ 2.12026045e-01 -3.83195877e-02  1.21161795e+00]
 [ 6.08348623e-02  1.22151405e-01  9.67606425e-01]
 [-1.84108943e-01  2.30892241e-01  9.42340314e-01]
 [-2.46558905e-01  2.94066370e-01  7.24397540e-01]
 [ 1.86506808e-01 -1.35860831e-01  9.91029263e-01]
 [ 2.19032109e-01 -2.88485318e-01  7.72709131e-01]
 [ 3.65420997e-01 -1.07761323e-01  8.44239831e-01]]
[[ 0.          0.          0.636194  ]
 [ 0.02473657 -0.11270914  0.6198023 ]
 [ 0.02648557  0.03327131  0.26762962]
 [-0.3431742   0.08692363  0.42511025]
 [-0.41313186  0.2339285   0.39975783]
 [-0.02468193  0.11248331  0.6520407 ]
 [ 0.32612735  0.2545341   0.42024997]
 [ 0.36274996  0.3525299   0.03168023]
 [ 0.550268    0.35322276  0.        ]
 [ 0.06755432  0.02110291  0.83795387]
 [ 0.16004218  0.04432449  1.0698808 ]
 [ 0.26417023 -0.00577831  1.1468217 ]
 [ 0.22256684 -0.00785714  1.2516103 ]
 [ 0.07320566  0.16408482  1.0088187 ]
 [-0.1315715   0.26677406  0.91808295]
 [-0.09764732  0.31358343  0.6954082 ]
 [ 0.20700952 -0.10015559  1.0438626 ]
 [ 0.17615199 -0.23975569  0.81060493]
 [ 0.31389505 -0.11261848  0.7029402 ]]
[[ 0.          0.          0.66353595]
 [ 0.02961458 -0.11918823  0.6496687 ]
 [ 0.14810935 -0.0113546   0.322064  ]
 [-0.26625076  0.01544547  0.47583932]
 [-0.3344276   0.15482858  0.4459242 ]
 [-0.02949551  0.11909346  0.6770573 ]
 [ 0.25503984  0.32292634  0.42009115]
 [ 0.20345855  0.4139493   0.05667233]
 [ 0.39009038  0.41452193  0.        ]
 [ 0.07125913  0.03554304  0.8641519 ]
 [ 0.1693781   0.08265886  1.0936651 ]
 [ 0.27212882  0.03746197  1.180019  ]
 [ 0.22366259  0.03933692  1.280961  ]
 [ 0.08593859  0.2067008   1.0225403 ]
 [-0.02843805  0.30543566  0.8418807 ]
 [ 0.12382475  0.36383224  0.6803258 ]
 [ 0.21019626 -0.0625973   1.0785064 ]
 [ 0.12909237 -0.1795788   0.84026635]
 [ 0.17674965 -0.12003056  0.6371683 ]]
[[ 0.          0.          0.6175822 ]
 [ 0.02702613 -0.12330902  0.6047875 ]
 [ 0.38865465  0.04121299  0.44280338]
 [ 0.04144636  0.0216845   0.27890995]
 [ 0.15149654  0.07704678  0.1426532 ]
 [-0.02687728  0.12350093  0.6302937 ]
 [ 0.0554029   0.3908795   0.3397426 ]
 [-0.21612984  0.4281181   0.10408199]
 [-0.08692178  0.44879267  0.        ]
 [ 0.08155584  0.04744956  0.8182913 ]
 [ 0.17188638  0.08954123  1.0513854 ]
 [ 0.27731752  0.05512926  1.135354  ]
 [ 0.2311615   0.04226232  1.2330964 ]
 [ 0.10860187  0.22433692  0.9856746 ]
 [ 0.180467    0.31478864  0.7553782 ]
 [ 0.38679236  0.3397097   0.82980955]
 [ 0.19558527 -0.06999707  1.0370762 ]
 [-0.00570168 -0.1591774   0.87748796]
 [-0.05459166 -0.16319324  0.7093067 ]]
[[ 0.          0.          0.5800438 ]
 [ 0.018479   -0.11864068  0.5685438 ]
 [ 0.40108567  0.04322453  0.4678053 ]
 [ 0.22193433  0.02335274  0.09782287]
 [ 0.40130097  0.06039232  0.        ]
 [-0.01835969  0.11890394  0.59170514]
 [-0.03383343  0.40393817  0.31796497]
 [-0.3893962   0.44675797  0.1662758 ]
 [-0.3376447   0.47496927  0.0267117 ]
 [ 0.06295571  0.02542932  0.78956664]
 [ 0.12824692  0.03123394  1.0315636 ]
 [ 0.2354488  -0.00685763  1.1086364 ]
 [ 0.1830996  -0.01327384  1.2076471 ]
 [ 0.10279968  0.17415547  0.9745204 ]
 [ 0.24919477  0.28713     0.76747775]
 [ 0.3855894   0.2813369   0.92818165]
 [ 0.12272185 -0.11465469  1.0133077 ]
 [-0.13182761 -0.1756447   1.0009148 ]
 [-0.21778595 -0.16875054  0.84601176]]
[[ 0.00000000e+00  0.00000000e+00  5.71443558e-01]
 [ 1.46121010e-02 -1.14784285e-01  5.58348775e-01]
 [ 3.83441925e-01  3.75416279e-02  4.32301134e-01]
 [ 3.98834646e-01  9.74432230e-02  3.70026231e-02]
 [ 5.86417735e-01  1.26453459e-01  0.00000000e+00]
 [-1.44842267e-02  1.15015790e-01  5.84962606e-01]
 [-6.51930571e-02  3.10254693e-01  2.78153211e-01]
 [-4.94182944e-01  2.98930407e-01  2.86143899e-01]
 [-5.36360264e-01  3.55031312e-01  1.69220686e-01]
 [ 5.89729734e-02  1.44302994e-02  7.81592906e-01]
 [ 1.18335724e-01  1.10518932e-03  1.02259481e+00]
 [ 2.26372242e-01 -4.04336452e-02  1.09240198e+00]
 [ 1.86140805e-01 -4.43620682e-02  1.19774354e+00]
 [ 1.10921651e-01  1.40021890e-01  9.67759848e-01]
 [ 2.39186376e-01  2.60332346e-01  7.55594969e-01]
 [ 3.84031475e-01  2.37457782e-01  8.89374375e-01]
 [ 9.62787271e-02 -1.32624596e-01  1.00011969e+00]
 [-1.51515424e-01 -1.99213445e-01  9.92680073e-01]
 [-1.72653228e-01 -1.62152290e-01  8.26920390e-01]]
[[ 0.          0.          0.5508164 ]
 [ 0.02087373 -0.10764129  0.5385779 ]
 [ 0.34831536  0.09603426  0.3532807 ]
 [ 0.4547677   0.24696404  0.00391901]
 [ 0.6598606   0.2776634   0.        ]
 [-0.0207774   0.10782087  0.56349915]
 [-0.05845629  0.20433314  0.22143823]
 [-0.50148904  0.09314695  0.3173528 ]
 [-0.60180557  0.1643554   0.27055103]
 [ 0.06757192  0.02116008  0.7591286 ]
 [ 0.13672476  0.0152086   1.0011162 ]
 [ 0.24270022 -0.03276217  1.0762442 ]
 [ 0.20533413 -0.03787011  1.178221  ]
 [ 0.11848418  0.14599842  0.94656074]
 [ 0.18096773  0.27060133  0.70785034]
 [ 0.3710481   0.27062398  0.7348587 ]
 [ 0.11795838 -0.11595941  0.9748969 ]
 [-0.12334252 -0.17209604  0.877681  ]
 [-0.06750233 -0.17136697  0.695045  ]]
[[ 0.          0.          0.613622  ]
 [ 0.01486049 -0.12467469  0.6081401 ]
 [ 0.27498388  0.13967788  0.3651914 ]
 [ 0.2810552   0.3085637   0.02486151]
 [ 0.4992283   0.35792026  0.        ]
 [-0.01480076  0.12471105  0.61944973]
 [ 0.04113337  0.08151665  0.24812484]
 [-0.4343612  -0.11046936  0.37872967]
 [-0.56001806 -0.04817897  0.3534452 ]
 [ 0.07551178  0.02678485  0.8191762 ]
 [ 0.14777352  0.01219535  1.0588115 ]
 [ 0.2611461  -0.05086935  1.1437902 ]
 [ 0.22095323 -0.04548198  1.2452452 ]
 [ 0.12667857  0.15472174  1.0038714 ]
 [ 0.08784999  0.28012273  0.76286554]
 [ 0.19733393  0.35912162  0.62553596]
 [ 0.12311283 -0.13727981  1.0231783 ]
 [-0.0121471  -0.197108    0.78739583]
 [ 0.1065554  -0.15711047  0.62600857]]
[[ 0.00000000e+00  0.00000000e+00  5.75850844e-01]
 [ 4.75729257e-03 -1.21372417e-01  5.68179369e-01]
 [ 1.52201742e-01  1.77798748e-01  3.01842868e-01]
 [ 5.11477068e-02  4.06198978e-01  5.02977371e-02]
 [ 2.58668244e-01  4.69478816e-01  0.00000000e+00]
 [-4.74364311e-03  1.21330827e-01  5.83627999e-01]
 [ 1.81047618e-01  3.23753655e-02  2.54396796e-01]
 [-2.79116511e-01 -8.31027478e-02  3.39888334e-01]
 [-3.52828503e-01 -2.94182599e-02  2.58447647e-01]
 [ 6.37805387e-02  1.39777213e-02  7.83929586e-01]
 [ 1.26843080e-01 -5.12272120e-04  1.02921176e+00]
 [ 2.37734437e-01 -6.81334138e-02  1.12642360e+00]
 [ 1.85214579e-01 -5.33519983e-02  1.22339773e+00]
 [ 9.89062041e-02  1.32107973e-01  9.68208551e-01]
 [-4.15148735e-02  2.56052196e-01  7.63316154e-01]
 [ 1.51096284e-02  3.91379952e-01  5.66647053e-01]
 [ 1.11153275e-01 -1.50142282e-01  9.95645404e-01]
 [ 2.15398371e-02 -2.37712309e-01  7.40907192e-01]
 [ 1.98939055e-01 -2.10372910e-01  6.42237186e-01]]
[[ 0.          0.          0.53598046]
 [-0.00613488 -0.1141991   0.5222772 ]
 [-0.05362979  0.12135313  0.25087827]
 [-0.30611622  0.35276964  0.12144738]
 [-0.1914525   0.45235685  0.        ]
 [ 0.00603443  0.11405198  0.54918253]
 [ 0.35517842  0.06636125  0.36605275]
 [ 0.05744179  0.06658632  0.1760937 ]
 [ 0.1850088   0.08006892  0.04417041]
 [ 0.05936936  0.00168064  0.74178934]
 [ 0.12506069 -0.00310758  0.9908892 ]
 [ 0.22617438 -0.05062965  1.0876873 ]
 [ 0.17104742 -0.04192865  1.1913075 ]
 [ 0.07471664  0.11737296  0.93274534]
 [-0.15802675  0.25645584  0.861484  ]
 [-0.21546653  0.34043625  0.6194368 ]
 [ 0.13758577 -0.15009293  0.94473875]
 [ 0.11612299 -0.30996454  0.7131082 ]
 [ 0.30420935 -0.20744325  0.78798497]]
[[ 0.          0.          0.53519523]
 [ 0.00484424 -0.10933983  0.51786506]
 [-0.06324854  0.1315988   0.2409553 ]
 [-0.41787294  0.28419137  0.26785564]
 [-0.42498094  0.42706513  0.15534776]
 [-0.00486024  0.10913185  0.55183923]
 [ 0.38641188  0.14437976  0.41546732]
 [ 0.3339824   0.18443686  0.06225589]
 [ 0.5104822   0.19114286  0.        ]
 [ 0.05161066  0.00280342  0.74346423]
 [ 0.11674956  0.00899947  0.99025285]
 [ 0.2190203  -0.03253144  1.0798173 ]
 [ 0.16841583 -0.03098494  1.1827523 ]
 [ 0.05412354  0.12838173  0.93663156]
 [-0.18592694  0.25575778  0.8994205 ]
 [-0.22387874  0.32436156  0.6574729 ]
 [ 0.14790393 -0.13866287  0.95160216]
 [ 0.16958526 -0.3096915   0.74615717]
 [ 0.33959973 -0.1448868   0.80954003]]
[[ 0.          0.          0.5853606 ]
 [ 0.0120881  -0.11118268  0.5701021 ]
 [-0.02292312  0.06278971  0.24838305]
 [-0.39422542  0.17799847  0.3879875 ]
 [-0.45937508  0.32714355  0.34340602]
 [-0.01206264  0.11095843  0.59998107]
 [ 0.35874674  0.2176923   0.39823806]
 [ 0.40312618  0.2880395   0.02149945]
 [ 0.58689487  0.28494653  0.        ]
 [ 0.05775385  0.01719633  0.7882176 ]
 [ 0.13744849  0.04328281  1.026627  ]
 [ 0.23200628 -0.00283337  1.1102872 ]
 [ 0.18635577 -0.00516897  1.2129271 ]
 [ 0.0670611   0.16252187  0.96353006]
 [-0.15448368  0.27445987  0.8816069 ]
 [-0.12653148  0.3205669   0.6370561 ]
 [ 0.17479911 -0.10214108  0.9980407 ]
 [ 0.16820914 -0.2651535   0.78603315]
 [ 0.34179288 -0.11973646  0.715013  ]]
[[ 0.          0.          0.62633544]
 [ 0.01643328 -0.11377447  0.6124904 ]
 [ 0.03451033  0.02620286  0.27077138]
 [-0.35143566  0.09193952  0.42605174]
 [-0.42543843  0.24270555  0.406215  ]
 [-0.01636137  0.11358991  0.63966715]
 [ 0.3256224   0.2536349   0.4053831 ]
 [ 0.3434158   0.34896615  0.0295704 ]
 [ 0.5271216   0.34294474  0.        ]
 [ 0.06049208  0.0320446   0.82667834]
 [ 0.14603186  0.06808966  1.0607303 ]
 [ 0.24052353  0.02017748  1.1461906 ]
 [ 0.193605    0.02141351  1.246356  ]
 [ 0.07201144  0.1899705   0.99386203]
 [-0.11554983  0.28782493  0.86000556]
 [-0.02647133  0.3298235   0.6363588 ]
 [ 0.18274312 -0.07980239  1.0369403 ]
 [ 0.14099726 -0.23461787  0.81482315]
 [ 0.283436   -0.13473421  0.65423405]]
[[ 0.0000000e+00  0.0000000e+00  6.1093175e-01]
 [ 2.1502338e-02 -1.2398192e-01  6.0102195e-01]
 [ 2.3432308e-01 -2.7883798e-02  3.2613558e-01]
 [-2.0110217e-01 -2.9215217e-04  4.0515745e-01]
 [-2.5244120e-01  1.2120691e-01  3.3070743e-01]
 [-2.1359563e-02  1.2403644e-01  6.2062299e-01]
 [ 2.0864043e-01  3.6542293e-01  3.4759781e-01]
 [ 9.6217908e-02  4.9733195e-01  6.7211866e-02]
 [ 2.7889317e-01  4.8732308e-01  0.0000000e+00]
 [ 6.6124834e-02  4.3802261e-02  8.1232893e-01]
 [ 1.5456372e-01  1.0138637e-01  1.0460560e+00]
 [ 2.5588042e-01  5.2803218e-02  1.1326489e+00]
 [ 2.1121354e-01  5.4971993e-02  1.2302990e+00]
 [ 8.7903455e-02  2.3180121e-01  9.7305799e-01]
 [ 4.8372336e-02  3.2360786e-01  7.4874198e-01]
 [ 2.6088482e-01  3.8320822e-01  6.8905967e-01]
 [ 1.8355763e-01 -5.0275922e-02  1.0338415e+00]
 [ 6.4451352e-02 -1.5444203e-01  8.0608821e-01]
 [ 9.6358508e-02 -1.4434995e-01  6.0385436e-01]]
[[ 0.          0.          0.5647878 ]
 [ 0.01907273 -0.1215027   0.5540279 ]
 [ 0.40541187  0.03440773  0.42512465]
 [ 0.11843719  0.02689561  0.18039623]
 [ 0.26031333  0.07598662  0.07626197]
 [-0.01897086  0.12174157  0.5755785 ]
 [ 0.00806326  0.38882017  0.28481853]
 [-0.30625445  0.43060443  0.10605413]
 [-0.21124738  0.4736308   0.        ]
 [ 0.0713799   0.0428407   0.771304  ]
 [ 0.14936587  0.07958809  1.009702  ]
 [ 0.24668348  0.04008079  1.094341  ]
 [ 0.19552481  0.03125948  1.1867983 ]
 [ 0.12010611  0.22049874  0.9440842 ]
 [ 0.2488665   0.32294497  0.7263727 ]
 [ 0.42460114  0.30328694  0.8465998 ]
 [ 0.1472109  -0.08232033  0.9988901 ]
 [-0.03811362 -0.19377053  0.8399398 ]
 [-0.05736107 -0.18585232  0.6589056 ]]
[[ 0.          0.          0.5382576 ]
 [ 0.00865258 -0.11395194  0.5249263 ]
 [ 0.38964093 -0.00675553  0.42544436]
 [ 0.3319514   0.03301409  0.04541525]
 [ 0.5143983   0.05332923  0.        ]
 [-0.00847231  0.11423841  0.5519294 ]
 [-0.05654913  0.3849834   0.29435393]
 [-0.4311862   0.4415622   0.18021315]
 [-0.4366008   0.5076438   0.06366271]
 [ 0.05497565  0.02375153  0.7488202 ]
 [ 0.11353933  0.02922976  0.9905113 ]
 [ 0.21671918 -0.0133059   1.0658996 ]
 [ 0.16382962 -0.01984119  1.159899  ]
 [ 0.11326099  0.16521057  0.9289942 ]
 [ 0.27282113  0.26375213  0.7192491 ]
 [ 0.41983604  0.23004347  0.86649936]
 [ 0.0881824  -0.10769746  0.97862905]
 [-0.16776136 -0.17824441  0.95093656]
 [-0.16461883 -0.13180734  0.75683546]]
[[ 0.00000000e+00  0.00000000e+00  5.21937490e-01]
 [ 1.04898699e-02 -1.06388174e-01  5.08616090e-01]
 [ 3.67525727e-01  6.24862611e-02  3.48778397e-01]
 [ 4.77742195e-01  1.75460696e-01  0.00000000e+00]
 [ 6.67299986e-01  1.99628025e-01  2.24530697e-04]
 [-1.03805661e-02  1.06627844e-01  5.35840690e-01]
 [-8.40277076e-02  2.54307449e-01  2.20105797e-01]
 [-5.19210875e-01  1.94370985e-01  2.74501860e-01]
 [-6.03655338e-01  2.62210369e-01  2.11455345e-01]
 [ 5.77513278e-02  2.70567983e-02  7.28734732e-01]
 [ 1.12602316e-01  2.29291022e-02  9.70517278e-01]
 [ 2.18019843e-01 -3.93568575e-02  1.05103636e+00]
 [ 1.70706272e-01 -3.70320082e-02  1.14633965e+00]
 [ 1.28168061e-01  1.49968773e-01  9.11358058e-01]
 [ 2.38148332e-01  2.59798646e-01  6.85207188e-01]
 [ 4.30536419e-01  2.40129769e-01  7.25211322e-01]
 [ 6.74869567e-02 -1.07731521e-01  9.48952198e-01]
 [-1.60058796e-01 -1.84642121e-01  8.75669360e-01]
 [-1.30644172e-01 -1.56820342e-01  6.79517627e-01]]
[[ 0.          0.          0.54753864]
 [ 0.01019462 -0.11110348  0.53536904]
 [ 0.334348    0.09639946  0.3391548 ]
 [ 0.420212    0.2473852   0.        ]
 [ 0.62956315  0.2761902   0.00265598]
 [-0.01010912  0.11123892  0.5602554 ]
 [-0.04532581  0.16893767  0.21216527]
 [-0.49794972  0.0257189   0.33113927]
 [-0.6242819   0.0974993   0.30751964]
 [ 0.05920187  0.01961072  0.7546899 ]
 [ 0.11500105  0.00488639  0.99699783]
 [ 0.22188129 -0.06352696  1.0800825 ]
 [ 0.178379   -0.0515787   1.1799152 ]
 [ 0.13295946  0.13447306  0.93753517]
 [ 0.17950386  0.2617654   0.6996393 ]
 [ 0.33880925  0.28823835  0.6185549 ]
 [ 0.0615191  -0.12856114  0.972855  ]
 [-0.14380188 -0.21263242  0.83010674]
 [-0.04480996 -0.16439474  0.6540496 ]]
[[ 0.          0.          0.5614443 ]
 [ 0.00145153 -0.12264431  0.55478364]
 [ 0.22929063  0.14356098  0.29374462]
 [ 0.15668872  0.3470779   0.03324556]
 [ 0.360725    0.40516436  0.        ]
 [-0.00142685  0.12263691  0.5684534 ]
 [ 0.10861143  0.06454253  0.21235996]
 [-0.3870921  -0.07668422  0.36821252]
 [-0.5062208  -0.02288736  0.324036  ]
 [ 0.05269695  0.01418647  0.7706405 ]
 [ 0.09831117 -0.0111216   1.0152286 ]
 [ 0.20660153 -0.08464986  1.1077365 ]
 [ 0.15517205 -0.06124753  1.2027181 ]
 [ 0.11015723  0.12257382  0.94894487]
 [ 0.0466497   0.26548523  0.7242744 ]
 [ 0.1135318   0.3682558   0.5427848 ]
 [ 0.05041191 -0.15407026  0.99148345]
 [-0.03881619 -0.23090534  0.74067813]
 [ 0.13980846 -0.20665991  0.6072697 ]]
[[ 0.          0.          0.5180912 ]
 [-0.01426531 -0.12001763  0.50343615]
 [ 0.06142613  0.12388125  0.2186343 ]
 [-0.18387431  0.37959364  0.08855617]
 [-0.02144021  0.45892453  0.        ]
 [ 0.01421219  0.11992741  0.5325757 ]
 [ 0.3138394   0.03204444  0.2800885 ]
 [-0.10338628  0.05370578  0.26637822]
 [-0.09524555  0.08584535  0.13826993]
 [ 0.0488904  -0.00242746  0.7321765 ]
 [ 0.10348672 -0.01129222  0.98160774]
 [ 0.21071696 -0.07812023  1.0798222 ]
 [ 0.15632714 -0.06133437  1.1745708 ]
 [ 0.09165885  0.11898205  0.9190197 ]
 [-0.07073048  0.27467597  0.7645706 ]
 [-0.09867141  0.37935632  0.52370876]
 [ 0.08407648 -0.15732831  0.94343793]
 [ 0.01759709 -0.27577615  0.6924094 ]
 [ 0.24941057 -0.22479689  0.6862209 ]]
[[ 0.          0.          0.49165115]
 [-0.00433452 -0.11013143  0.47758943]
 [-0.07049827  0.09262417  0.18880305]
 [-0.42187127  0.26150924  0.17367789]
 [-0.4131565   0.39145446  0.07232881]
 [ 0.0042775   0.10993195  0.50512946]
 [ 0.40129018  0.10736126  0.37122455]
 [ 0.24205193  0.15723991  0.09789714]
 [ 0.4145301   0.16759819  0.        ]
 [ 0.04018848 -0.00160238  0.7052873 ]
 [ 0.08875726 -0.00879967  0.9558368 ]
 [ 0.1939021  -0.05628765  1.0444752 ]
 [ 0.1400332  -0.04835725  1.1462344 ]
 [ 0.04493754  0.1143336   0.9064809 ]
 [-0.19538215  0.26161033  0.8631684 ]
 [-0.22509676  0.32730472  0.6042251 ]
 [ 0.10410032 -0.15244767  0.91165453]
 [ 0.08040185 -0.31806844  0.699853  ]
 [ 0.28737673 -0.19470428  0.7461078 ]]
[[ 0.00000000e+00  0.00000000e+00  5.23137450e-01]
 [ 1.04918331e-03 -1.10384233e-01  5.07503033e-01]
 [-5.63761890e-02  7.20882118e-02  1.96113110e-01]
 [-4.24676001e-01  2.07785815e-01  2.73573190e-01]
 [-4.73072052e-01  3.48673999e-01  1.94805622e-01]
 [-1.02355331e-03  1.10172145e-01  5.38171470e-01]
 [ 4.00668740e-01  1.64238423e-01  4.00138527e-01]
 [ 4.03990865e-01  2.09833443e-01  4.43647504e-02]
 [ 5.91274858e-01  2.05187023e-01  0.00000000e+00]
 [ 4.28704694e-02  2.60061026e-03  7.36415446e-01]
 [ 9.99015868e-02  4.67044115e-03  9.83615041e-01]
 [ 2.00805992e-01 -4.66925800e-02  1.06693256e+00]
 [ 1.50644705e-01 -3.78147960e-02  1.17012513e+00]
 [ 5.22197261e-02  1.27866805e-01  9.32583153e-01]
 [-1.89433008e-01  2.53114998e-01  8.91466737e-01]
 [-1.91861868e-01  2.92827547e-01  6.32806659e-01]
 [ 1.18123084e-01 -1.40355945e-01  9.44128036e-01]
 [ 9.07171667e-02 -3.02372754e-01  7.32212782e-01]
 [ 2.88495004e-01 -1.81548312e-01  7.06734717e-01]]
[[ 0.          0.          0.5482532 ]
 [ 0.002022   -0.11325995  0.53312844]
 [-0.02432473  0.03809303  0.20401013]
 [-0.3934564   0.1650333   0.31214553]
 [-0.45854437  0.30872035  0.24469343]
 [-0.00198322  0.1130375   0.56282324]
 [ 0.3896987   0.1945747   0.39416754]
 [ 0.43279102  0.24495229  0.02215111]
 [ 0.6216339   0.23250794  0.        ]
 [ 0.04893465  0.00929722  0.7574528 ]
 [ 0.11666843  0.02121863  0.99931955]
 [ 0.21547408 -0.03631359  1.0834142 ]
 [ 0.1658028  -0.02522194  1.185007  ]
 [ 0.06630957  0.1457665   0.94412094]
 [-0.16144747  0.27239865  0.8824507 ]
 [-0.13471022  0.29501534  0.6287122 ]
 [ 0.13311288 -0.12636009  0.96603525]
 [ 0.0990679  -0.27926332  0.7422787 ]
 [ 0.28518534 -0.17442435  0.6515465 ]]
[[ 0.00000000e+00  0.00000000e+00  5.97218513e-01]
 [-3.48679721e-04 -1.19027756e-01  5.85463405e-01]
 [ 5.94131202e-02 -1.40565038e-02  2.36330777e-01]
 [-3.28465551e-01  9.87025499e-02  3.43639612e-01]
 [-3.80817801e-01  2.39139318e-01  2.66457319e-01]
 [ 4.42240387e-04  1.18834630e-01  6.08517051e-01]
 [ 3.65039229e-01  2.14315191e-01  3.89637530e-01]
 [ 4.02562261e-01  3.14223707e-01  2.32185125e-02]
 [ 5.89335024e-01  2.92131335e-01  0.00000000e+00]
 [ 6.48383349e-02  2.06648707e-02  8.01014006e-01]
 [ 1.47015408e-01  4.37549949e-02  1.03742278e+00]
 [ 2.43741184e-01 -1.96911395e-02  1.12277913e+00]
 [ 1.96979314e-01 -5.66476583e-03  1.22394824e+00]
 [ 9.87977535e-02  1.69941157e-01  9.74708736e-01]
 [-9.42224860e-02  3.04795891e-01  8.59905124e-01]
 [ 2.30695307e-03  3.26664746e-01  6.45281672e-01]
 [ 1.56804562e-01 -1.04129285e-01  1.01316857e+00]
 [ 9.96393710e-02 -2.37210184e-01  7.77371526e-01]
 [ 2.45145440e-01 -1.64034158e-01  6.02371812e-01]]
[[ 0.          0.          0.6153674 ]
 [ 0.00467295 -0.13023782  0.60654634]
 [ 0.3387286  -0.00925364  0.39769095]
 [-0.03840504  0.01931104  0.273821  ]
 [ 0.06920622  0.08108833  0.13267139]
 [-0.00455404  0.13039191  0.6240572 ]
 [ 0.21242912  0.30886737  0.3339594 ]
 [ 0.01046879  0.38837004  0.08949691]
 [ 0.18533765  0.39295655  0.        ]
 [ 0.0744307   0.04063222  0.81805176]
 [ 0.14349926  0.07728201  1.059465  ]
 [ 0.24869776  0.01581395  1.1498773 ]
 [ 0.1955815   0.01535875  1.2403712 ]
 [ 0.11287538  0.21343777  0.99156344]
 [ 0.11606721  0.3189967   0.7608558 ]
 [ 0.36495978  0.36561376  0.7598215 ]
 [ 0.1457704  -0.07909787  1.0415076 ]
 [ 0.03848216 -0.12294509  0.7807534 ]
 [ 0.06305489 -0.12413616  0.6581566 ]]
[[ 0.          0.          0.58308864]
 [ 0.00597071 -0.12557474  0.5722718 ]
 [ 0.36339676 -0.00659436  0.4238644 ]
 [ 0.29458314 -0.03202885  0.05725533]
 [ 0.5040622  -0.00981653  0.        ]
 [-0.00589404  0.1258171   0.5941913 ]
 [ 0.0116085   0.34018144  0.2598929 ]
 [-0.3623774   0.41982293  0.14101565]
 [-0.29277736  0.4398708   0.00806415]
 [ 0.04392283  0.03214976  0.79602575]
 [ 0.07809687  0.03859761  1.0447536 ]
 [ 0.17654818 -0.0129028   1.1316011 ]
 [ 0.11222471 -0.0120368   1.2225122 ]
 [ 0.09341279  0.18099582  0.9824114 ]
 [ 0.20947033  0.2928048   0.7623944 ]
 [ 0.36186087  0.27085316  0.88150924]
 [ 0.04457982 -0.10856408  1.01736   ]
 [-0.14633545 -0.1609771   0.83055174]
 [-0.17054802 -0.15072662  0.637653  ]]
[[ 0.          0.          0.54491955]
 [ 0.00641748 -0.10591941  0.53239894]
 [ 0.32317883 -0.02166794  0.3497526 ]
 [ 0.49023044  0.0166474   0.00621098]
 [ 0.6888554   0.02950603  0.        ]
 [-0.00635948  0.10616195  0.5580256 ]
 [-0.11976647  0.26530507  0.25611165]
 [-0.5148124   0.32105216  0.15255168]
 [-0.5430558   0.37646282  0.06095198]
 [ 0.01822186  0.03439939  0.7579712 ]
 [ 0.02519258  0.02792335  1.0040985 ]
 [ 0.12358876 -0.03778654  1.0932848 ]
 [ 0.06070679 -0.02281517  1.180568  ]
 [ 0.07740951  0.15039328  0.94969326]
 [ 0.17603348  0.25804454  0.7292417 ]
 [ 0.3050087   0.22620326  0.8267604 ]
 [-0.0404515  -0.08597234  0.96974874]
 [-0.2500048  -0.13746849  0.82797384]
 [-0.19034964 -0.14113373  0.6594386 ]]
[[ 0.          0.          0.53493905]
 [ 0.00976223 -0.09456664  0.5225829 ]
 [ 0.29841876  0.01100412  0.30813837]
 [ 0.5019754   0.07957527  0.        ]
 [ 0.69243586  0.08896741  0.00945729]
 [-0.00975905  0.09479687  0.5479676 ]
 [-0.13986066  0.23210987  0.23637426]
 [-0.54791737  0.24027553  0.19730997]
 [-0.61294097  0.30431318  0.12805006]
 [ 0.00625465  0.03510374  0.749794  ]
 [ 0.00463258  0.03244627  0.99499834]
 [ 0.10113758 -0.03890228  1.0884424 ]
 [ 0.03728723 -0.02132046  1.1712122 ]
 [ 0.06589703  0.14104292  0.942511  ]
 [ 0.14816122  0.25476927  0.7133022 ]
 [ 0.2878465   0.24891128  0.75572276]
 [-0.07029122 -0.06805962  0.9589046 ]
 [-0.25864968 -0.13284366  0.8086303 ]
 [-0.14723152 -0.13938628  0.65756476]]
[[ 0.          0.          0.57897   ]
 [ 0.00866719 -0.09380897  0.5716602 ]
 [ 0.2682442   0.0782508   0.3355964 ]
 [ 0.42184147  0.1460945   0.01163167]
 [ 0.6242939   0.18804333  0.        ]
 [-0.0087444   0.09392922  0.5868587 ]
 [-0.11105749  0.12202272  0.2166368 ]
 [-0.56381977 -0.00326639  0.28129834]
 [-0.68921554  0.05484259  0.2603847 ]
 [ 0.01179749  0.0399621   0.79580235]
 [ 0.00963037  0.03919646  1.0446658 ]
 [ 0.09832458 -0.02175397  1.1503302 ]
 [ 0.02664845  0.00272804  1.2287328 ]
 [ 0.05483009  0.14991063  0.9934854 ]
 [ 0.09912059  0.27610308  0.7564081 ]
 [ 0.1914573   0.31936926  0.65198594]
 [-0.05274548 -0.07383111  1.0051974 ]
 [-0.19727382 -0.1591644   0.80781364]
 [ 0.00214697 -0.19879891  0.7033304 ]]
[[ 0.          0.          0.59557754]
 [ 0.01321511 -0.09764894  0.58754903]
 [ 0.19454935  0.12822537  0.33085024]
 [ 0.18681233  0.2860706   0.02400059]
 [ 0.4085549   0.33317629  0.        ]
 [-0.01331962  0.09751879  0.6040609 ]
 [ 0.09920768  0.03287074  0.28008604]
 [-0.37259012 -0.15705256  0.3328296 ]
 [-0.54321194 -0.03809701  0.34537932]
 [ 0.02931766  0.02139132  0.81608844]
 [ 0.04518954  0.00893691  1.0686958 ]
 [ 0.11351891 -0.02935845  1.1959243 ]
 [ 0.03459305 -0.00724322  1.2577894 ]
 [ 0.0465701   0.11936504  1.0152707 ]
 [-0.01188214  0.2555917   0.7876204 ]
 [ 0.08434437  0.35528666  0.59907424]
 [ 0.02262516 -0.1224122   1.0307078 ]
 [-0.00164954 -0.30126348  0.8561877 ]
 [ 0.21420693 -0.27771568  0.86144567]]
[[ 0.          0.          0.63879347]
 [-0.01407225 -0.08769651  0.6254492 ]
 [-0.01419598  0.12224539  0.33543923]
 [-0.148574    0.36586177  0.07882047]
 [ 0.02571465  0.4269011   0.        ]
 [ 0.01397909  0.08745764  0.65193117]
 [ 0.34694374 -0.04853824  0.49915934]
 [-0.01191472 -0.06062025  0.3182204 ]
 [-0.04328941  0.00829881  0.17784202]
 [ 0.04752874 -0.0263115   0.8582057 ]
 [ 0.09840868 -0.0396252   1.1113702 ]
 [ 0.14820223 -0.03542244  1.2257303 ]
 [ 0.06944235 -0.03166503  1.2935497 ]
 [ 0.05127606  0.06767395  1.0515337 ]
 [-0.08836955  0.22077027  0.8825416 ]
 [-0.03643017  0.32999173  0.6592375 ]
 [ 0.12699458 -0.17798996  1.0793916 ]
 [ 0.21393454 -0.4039011   0.97229147]
 [ 0.38086724 -0.28793433  1.0232909 ]]
[[ 0.          0.          0.5986347 ]
 [-0.03364946 -0.07695526  0.58894384]
 [-0.13388614  0.12302279  0.30176085]
 [-0.3133135   0.36218488  0.14827609]
 [-0.24010149  0.45864373  0.        ]
 [ 0.03352018  0.07669361  0.60779226]
 [ 0.36154997 -0.13767609  0.5029428 ]
 [ 0.1801105  -0.17001972  0.13455716]
 [ 0.30265525 -0.19706213  0.01388413]
 [ 0.04887453 -0.04173911  0.81702405]
 [ 0.09806177 -0.06328464  1.0704105 ]
 [ 0.16457349 -0.04428923  1.1718395 ]
 [ 0.08875547 -0.03946424  1.2543969 ]
 [ 0.04227636  0.04669499  1.0041902 ]
 [-0.1365323   0.1837152   0.8581108 ]
 [-0.11257818  0.2847604   0.62773293]
 [ 0.13971528 -0.20430252  1.0493593 ]
 [ 0.2530622  -0.4206297   0.9506041 ]
 [ 0.4366842  -0.2947429   0.95108724]]
[[ 0.          0.          0.6067351 ]
 [-0.03149657 -0.07407369  0.5980443 ]
 [-0.14483869  0.09427373  0.2937734 ]
 [-0.40137297  0.2855847   0.24728057]
 [-0.4135306   0.40231124  0.09498328]
 [ 0.03139568  0.07377874  0.6147824 ]
 [ 0.36001998 -0.10104951  0.49690002]
 [ 0.31282663 -0.16079885  0.07636583]
 [ 0.4705016  -0.19952995  0.        ]
 [ 0.04489898 -0.03865956  0.82382375]
 [ 0.09239718 -0.05966562  1.0758291 ]
 [ 0.16653118 -0.05140835  1.1759079 ]
 [ 0.09192354 -0.05143785  1.2638229 ]
 [ 0.03803212  0.05125245  1.0119171 ]
 [-0.14579657  0.20022008  0.87173957]
 [-0.1049352   0.29233238  0.6484537 ]
 [ 0.1328173  -0.1960817   1.0491526 ]
 [ 0.26248312 -0.38024098  0.91398424]
 [ 0.46731806 -0.2713008   0.87491596]]
[[ 0.          0.          0.63124484]
 [-0.01984067 -0.07796087  0.62675935]
 [-0.13703722  0.04079509  0.31150937]
 [-0.449032    0.14786942  0.42791373]
 [-0.5234337   0.28412285  0.33773863]
 [ 0.01984649  0.07757337  0.6351207 ]
 [ 0.34202638  0.01603566  0.4402268 ]
 [ 0.4507767  -0.04861242  0.03703278]
 [ 0.6180624  -0.06503689  0.        ]
 [ 0.05085245 -0.01549616  0.85385484]
 [ 0.09947777 -0.02695465  1.1061707 ]
 [ 0.17797089 -0.03649396  1.2027112 ]
 [ 0.10913458 -0.03089112  1.2953417 ]
 [ 0.03865742  0.07815862  1.0469544 ]
 [-0.15976676  0.21471232  0.9108637 ]
 [-0.06616208  0.3066737   0.74957407]
 [ 0.13753532 -0.15194291  1.0660214 ]
 [ 0.2350905  -0.3085777   0.8769096 ]
 [ 0.42257375 -0.24536365  0.7351704 ]]
[[ 0.0000000e+00  0.0000000e+00  6.8749881e-01]
 [-9.1969445e-03 -7.7315383e-02  6.9214725e-01]
 [-1.1934664e-01  6.8088770e-03  3.7629211e-01]
 [-4.4933552e-01  9.6082687e-04  5.4119837e-01]
 [-5.5477577e-01  1.4242214e-01  5.2537596e-01]
 [ 9.1946395e-03  7.6908655e-02  6.8239886e-01]
 [ 2.9853070e-01  7.7002883e-02  4.1708332e-01]
 [ 4.4628677e-01  2.2684991e-02  2.3862481e-02]
 [ 6.1730456e-01  2.3014188e-02  0.0000000e+00]
 [ 5.5678751e-02 -5.6719333e-03  9.0822691e-01]
 [ 9.7593382e-02 -1.0553420e-02  1.1603661e+00]
 [ 1.7578796e-01 -2.9315293e-02  1.2602522e+00]
 [ 1.0650116e-01 -1.3318181e-02  1.3514894e+00]
 [ 3.7222713e-02  8.2860649e-02  1.1022516e+00]
 [-1.5356705e-01  2.2382203e-01  9.7547585e-01]
 [-1.6808748e-02  3.2235259e-01  9.1986734e-01]
 [ 1.3031057e-01 -1.1687049e-01  1.1177793e+00]
 [ 1.7658612e-01 -2.6154861e-01  9.0266669e-01]
 [ 3.1751621e-01 -1.8586436e-01  7.3420113e-01]]
[[ 0.          0.          0.78863794]
 [-0.00517524 -0.08152806  0.8018985 ]
 [-0.0841796  -0.0719969   0.47573376]
 [-0.44923398 -0.16899261  0.71372116]
 [-0.55886525 -0.04853948  0.75634277]
 [ 0.00510837  0.08119753  0.7752017 ]
 [ 0.22025798  0.11555058  0.45515275]
 [ 0.27043417  0.06058782  0.04519671]
 [ 0.44198596  0.0771752   0.        ]
 [ 0.04954396  0.01832937  1.0058064 ]
 [ 0.08241606  0.01921439  1.2578063 ]
 [ 0.1674922  -0.01268786  1.3622229 ]
 [ 0.09772671  0.01154864  1.4506314 ]
 [ 0.04385203  0.10944217  1.202032  ]
 [-0.08525187  0.267745    1.0882516 ]
 [ 0.08586399  0.33050704  1.1298227 ]
 [ 0.09401125 -0.07456803  1.2190093 ]
 [ 0.05648774 -0.1814867   1.0026838 ]
 [ 0.11897501 -0.14257526  0.824252  ]]
[[ 0.          0.          0.85208374]
 [-0.01347011 -0.10025905  0.86077386]
 [ 0.0894569  -0.15466887  0.6137866 ]
 [-0.33589923 -0.22247164  0.7779366 ]
 [-0.42863077 -0.11215527  0.80327296]
 [ 0.01334132  0.1001482   0.84365636]
 [ 0.07119953  0.12622961  0.47268137]
 [-0.11237786  0.0835616   0.08515728]
 [ 0.02147043  0.13720894  0.        ]
 [ 0.02052327  0.04327846  1.0701125 ]
 [ 0.02182987  0.05026519  1.3246768 ]
 [ 0.13321573 -0.00832772  1.4258157 ]
 [ 0.07242268  0.03366786  1.516137  ]
 [ 0.0597912   0.15193823  1.2834957 ]
 [ 0.07588658  0.267784    1.1882075 ]
 [ 0.18364467  0.23624086  1.3489    ]
 [-0.03570129 -0.03653449  1.2859993 ]
 [-0.15877755 -0.1581624   1.0862103 ]
 [-0.19663543 -0.174854    0.95273614]]
[[ 0.          0.          0.6873972 ]
 [-0.01325073 -0.10360032  0.69171256]
 [ 0.24046808 -0.21753606  0.5398967 ]
 [-0.09579325 -0.26876926  0.42058685]
 [-0.04558726 -0.23448959  0.30437222]
 [ 0.01308986  0.10373304  0.68361557]
 [-0.08919798  0.13603231  0.292053  ]
 [-0.42613193  0.20113653  0.10009128]
 [-0.4307395   0.26419407  0.        ]
 [-0.00628262  0.03303754  0.91345763]
 [-0.03923341  0.04499435  1.168967  ]
 [ 0.07765924 -0.01852971  1.2587695 ]
 [ 0.00924648  0.01456547  1.3501523 ]
 [ 0.05244247  0.14106578  1.1266853 ]
 [ 0.25915384  0.19615155  1.0969229 ]
 [ 0.3240201   0.14971465  1.2709076 ]
 [-0.14206062 -0.02823791  1.1347282 ]
 [-0.34012875 -0.14120935  1.0289457 ]
 [-0.46631646 -0.09467271  0.9840547 ]]
[[ 0.          0.          0.5097674 ]
 [ 0.0014318  -0.08339394  0.52089864]
 [ 0.24748486 -0.20473197  0.38590825]
 [ 0.102716   -0.33176073  0.04409423]
 [ 0.2397204  -0.3032818   0.        ]
 [-0.00153749  0.08351845  0.49948737]
 [-0.15704703  0.1222007   0.14527366]
 [-0.554849    0.08282739  0.0862492 ]
 [-0.6782894   0.15928677  0.07161465]
 [-0.01437052  0.05506358  0.7263833 ]
 [-0.04206596  0.07557955  0.97925925]
 [ 0.05484714  0.01459587  1.0788512 ]
 [-0.00897311  0.04903948  1.1671127 ]
 [ 0.06269221  0.11946011  0.926232  ]
 [ 0.2606626   0.04437587  0.8744931 ]
 [ 0.34542146 -0.02204713  0.99792767]
 [-0.15246385  0.04130101  0.95269865]
 [-0.36445564 -0.05846927  0.95340884]
 [-0.48436826 -0.01258406  0.9973581 ]]
[[ 0.          0.          0.5301429 ]
 [ 0.0019236  -0.0667322   0.5370224 ]
 [ 0.24868506 -0.09453684  0.36117747]
 [ 0.33906353 -0.20307198  0.00665891]
 [ 0.5238639  -0.17896384  0.        ]
 [-0.00194451  0.06681661  0.52423406]
 [-0.15481687  0.05689165  0.16161868]
 [-0.5288802  -0.11731327  0.18950465]
 [-0.663075   -0.05882919  0.21970943]
 [ 0.00135223  0.05290547  0.742398  ]
 [-0.0130421   0.07587957  0.99285156]
 [ 0.05713201  0.03512883  1.1003544 ]
 [-0.00898079  0.07066393  1.1749345 ]
 [ 0.08330249  0.10407498  0.9267512 ]
 [ 0.25872362  0.03428636  0.80198294]
 [ 0.4041624  -0.05093941  0.79850215]
 [-0.11464232  0.05011711  0.9736402 ]
 [-0.31801736 -0.04581845  1.0416641 ]
 [-0.4156052  -0.01095682  1.1705236 ]]
[[ 0.          0.          0.5564379 ]
 [ 0.00727423 -0.06240708  0.5595984 ]
 [ 0.2285044  -0.03322873  0.3349243 ]
 [ 0.35664916 -0.14161164  0.        ]
 [ 0.5452082  -0.11240965  0.01515275]
 [-0.00730045  0.06241237  0.5542399 ]
 [-0.11108129  0.00526279  0.189091  ]
 [-0.4699915  -0.20943645  0.24539623]
 [-0.6004644  -0.15419656  0.30833346]
 [ 0.0055069   0.05459799  0.76551217]
 [-0.00518988  0.08083186  1.0136771 ]
 [ 0.04950022  0.0491088   1.1309214 ]
 [-0.01537269  0.08702815  1.1912901 ]
 [ 0.08240655  0.10400692  0.9361063 ]
 [ 0.2152434   0.04996423  0.75762105]
 [ 0.36924213 -0.00602226  0.6570548 ]
 [-0.09841275  0.05357009  1.0027144 ]
 [-0.29886812 -0.06511676  1.1285439 ]
 [-0.38107967 -0.04233634  1.2966812 ]]
[[ 0.00000000e+00  0.00000000e+00  6.48604989e-01]
 [ 6.04006648e-03 -6.40968829e-02  6.55471146e-01]
 [ 1.81542248e-01  2.43859589e-02  3.77985805e-01]
 [ 2.16965854e-01 -5.21101952e-02  2.61343122e-02]
 [ 4.11260962e-01 -8.99511576e-03  0.00000000e+00]
 [-6.14228286e-03  6.41188025e-02  6.42436743e-01]
 [ 7.14898109e-04 -7.04392493e-02  2.82313168e-01]
 [-3.89356494e-01 -2.81846076e-01  3.29016924e-01]
 [-5.23061156e-01 -2.41647378e-01  3.84120643e-01]
 [-2.31003761e-03  5.83415329e-02  8.56112301e-01]
 [-1.78079009e-02  9.38141346e-02  1.10232949e+00]
 [ 2.93405745e-02  6.79758787e-02  1.22994435e+00]
 [-3.78655270e-02  1.13550365e-01  1.27861977e+00]
 [ 5.47037460e-02  1.25892580e-01  1.00670123e+00]
 [ 1.17367119e-01  1.17250487e-01  7.73456872e-01]
 [ 2.10940123e-01  1.33108467e-01  5.87492108e-01]
 [-9.63349491e-02  4.30621207e-02  1.11115789e+00]
 [-2.49279350e-01 -1.12843573e-01  1.31795692e+00]
 [-3.09727550e-01 -8.95999074e-02  1.52864337e+00]]
[[ 0.          0.          0.686782  ]
 [-0.00393194 -0.0463771   0.6943348 ]
 [ 0.07628095  0.05852453  0.39517543]
 [-0.00651257  0.10715163  0.0727731 ]
 [ 0.13475272  0.19124317  0.        ]
 [ 0.00383303  0.04635891  0.67947096]
 [ 0.13962556 -0.21562213  0.39916486]
 [-0.25776684 -0.32734066  0.330138  ]
 [-0.41437292 -0.28487235  0.31397367]
 [-0.015847    0.06521878  0.89544845]
 [-0.04262704  0.11094934  1.1422458 ]
 [ 0.00206335  0.0853011   1.279647  ]
 [-0.08052827  0.13054842  1.3200912 ]
 [-0.00680865  0.16341177  1.0367354 ]
 [-0.01363058  0.23049873  0.80922425]
 [ 0.08086396  0.3304813   0.61730903]
 [-0.08584324  0.03724059  1.1525152 ]
 [-0.18436953 -0.10783768  1.4271593 ]
 [-0.1756852  -0.0980776   1.633287  ]]
[[ 0.          0.          0.56326944]
 [-0.04415616 -0.07569879  0.55777496]
 [-0.07024132 -0.0458006   0.29809076]
 [-0.35776973  0.10804072  0.1309081 ]
 [-0.34440315  0.1878016   0.        ]
 [ 0.04397659  0.0755289   0.5682724 ]
 [ 0.33998036 -0.17915463  0.48818314]
 [ 0.12317526 -0.23808074  0.16485673]
 [ 0.21601543 -0.28462285  0.05586237]
 [-0.029063    0.05886874  0.7710116 ]
 [-0.05987278  0.11741889  1.0155368 ]
 [ 0.02721456  0.10035604  1.1290243 ]
 [-0.05322501  0.12087226  1.2088351 ]
 [-0.06873927  0.20970714  0.90136325]
 [-0.17959443  0.27123278  0.71145546]
 [-0.20999742  0.38709858  0.52505386]
 [-0.06373052 -0.00436422  1.037322  ]
 [-0.00661281 -0.17581928  1.2824173 ]
 [ 0.10986337 -0.13483238  1.4791982 ]]
[[ 0.          0.          0.41107884]
 [-0.04456298 -0.06934693  0.40634134]
 [-0.1363868  -0.07625826  0.18178698]
 [-0.4665383  -0.01335141  0.10991523]
 [-0.5095456   0.07417923  0.02626216]
 [ 0.04437323  0.06902942  0.41527262]
 [ 0.36402655 -0.12497722  0.4332295 ]
 [ 0.34330887 -0.29356968  0.03075853]
 [ 0.4838382  -0.34090224  0.        ]
 [-0.01778264  0.04475185  0.62713766]
 [-0.03548037  0.0906691   0.87530375]
 [ 0.05574079  0.06555843  0.9813881 ]
 [-0.02038454  0.08459282  1.0666882 ]
 [-0.06895062  0.1853661   0.78213453]
 [-0.23429406  0.25663316  0.63659817]
 [-0.24403185  0.41439798  0.5717496 ]
 [-0.02212111 -0.03250408  0.87938964]
 [ 0.11013037 -0.19333777  1.0478687 ]
 [ 0.2731282  -0.16088521  1.2076089 ]]
[[ 0.          0.          0.24716574]
 [-0.03573111 -0.05537759  0.25181544]
 [-0.15638487 -0.07505409  0.1130859 ]
 [-0.44296592 -0.10874525  0.07768056]
 [-0.51390946 -0.02799639  0.05975413]
 [ 0.03554157  0.0549418   0.24202934]
 [ 0.3830157  -0.05650732  0.30555823]
 [ 0.5189496  -0.2994505   0.        ]
 [ 0.6662266  -0.34087     0.02952075]
 [ 0.00132916  0.01479274  0.46881694]
 [ 0.00185816  0.04175988  0.7195756 ]
 [ 0.09411797  0.01543874  0.8125538 ]
 [ 0.03002427  0.02833194  0.9091209 ]
 [-0.04284601  0.13265198  0.64712614]
 [-0.19836214  0.26115224  0.54870903]
 [-0.14476013  0.40776396  0.607352  ]
 [ 0.02058927 -0.0638113   0.70857793]
 [ 0.18275303 -0.22966203  0.81148607]
 [ 0.3675263  -0.23377821  0.92560476]]
[[ 0.          0.          0.14493108]
 [-0.03660195 -0.04238551  0.1603719 ]
 [-0.1774298  -0.13378799  0.11049539]
 [-0.4004581  -0.21098757  0.0444032 ]
 [-0.48386997 -0.1539636   0.07429972]
 [ 0.03640398  0.04190098  0.12907699]
 [ 0.37576002 -0.06036786  0.18862139]
 [ 0.59372616 -0.33712193  0.        ]
 [ 0.73728776 -0.37418196  0.07582388]
 [ 0.00987232 -0.00390792  0.36369222]
 [ 0.02786209  0.00323027  0.6127905 ]
 [ 0.12171859 -0.03073213  0.6823328 ]
 [ 0.07719675 -0.02487254  0.7894948 ]
 [-0.00536323  0.08419034  0.55825454]
 [-0.08876178  0.20139322  0.5262191 ]
 [-0.00850508  0.290946    0.6212299 ]
 [ 0.03663912 -0.08506402  0.5840336 ]
 [ 0.21712685 -0.23828506  0.64829296]
 [ 0.39860266 -0.27660644  0.7195537 ]]
[[ 0.          0.          0.0835052 ]
 [-0.04780005 -0.04323472  0.11306509]
 [-0.00566103 -0.23958386  0.10878995]
 [-0.31928304 -0.28774783  0.01902716]
 [-0.41308066 -0.24173662  0.0516745 ]
 [ 0.04768617  0.04284017  0.05353486]
 [ 0.38127732 -0.07790931  0.13373744]
 [ 0.61905265 -0.3864879   0.        ]
 [ 0.7632556  -0.42606398  0.09187225]
 [ 0.03947267 -0.00076604  0.28581858]
 [ 0.08845975 -0.00376222  0.52326965]
 [ 0.19667065 -0.05942029  0.5708341 ]
 [ 0.17816772 -0.05242378  0.6766296 ]
 [ 0.09061486  0.07943159  0.47544903]
 [ 0.15361266  0.08956072  0.52223694]
 [ 0.28536332  0.0929442   0.60513705]
 [ 0.0657319  -0.0916878   0.4978909 ]
 [ 0.23471516 -0.27035853  0.53248274]
 [ 0.4109103  -0.29963568  0.6016292 ]]
[[ 0.          0.          0.0751666 ]
 [-0.05705871 -0.04471924  0.1128343 ]
 [ 0.10530216 -0.28163263  0.17638113]
 [-0.23308462 -0.31838164  0.02967562]
 [-0.28398564 -0.30412292  0.0555961 ]
 [ 0.05695532  0.04441199  0.03708965]
 [ 0.37782106 -0.10563871  0.11744396]
 [ 0.6053047  -0.45021784  0.        ]
 [ 0.7399607  -0.49397293  0.10032924]
 [ 0.05687847 -0.00696968  0.27070874]
 [ 0.1314524  -0.01295224  0.49200577]
 [ 0.24896666 -0.07253051  0.5192175 ]
 [ 0.24862872 -0.0643734   0.6282082 ]
 [ 0.16204734  0.0642876   0.4406436 ]
 [ 0.31591195 -0.03679591  0.4670146 ]
 [ 0.43302494 -0.10441992  0.51746815]
 [ 0.07764842 -0.09340802  0.48174083]
 [ 0.23718181 -0.3034502   0.50759363]
 [ 0.41997278 -0.33480328  0.6238162 ]]
[[ 0.          0.          0.10135148]
 [-0.0718252  -0.05032661  0.15256631]
 [ 0.10611606 -0.36261952  0.16461162]
 [ 0.01510274 -0.615389    0.03678225]
 [ 0.09637755 -0.6638881   0.04032271]
 [ 0.0718338   0.05004787  0.04991392]
 [ 0.40771088 -0.11031473  0.12362357]
 [ 0.66527444 -0.4185776   0.        ]
 [ 0.7875378  -0.4793703   0.10115445]
 [ 0.11460932 -0.00191803  0.274477  ]
 [ 0.2388825  -0.0291349   0.45985878]
 [ 0.33778453 -0.07905611  0.48945153]
 [ 0.35783997 -0.06380969  0.5839965 ]
 [ 0.2964205   0.04024673  0.40789717]
 [ 0.49190533 -0.08679757  0.3513652 ]
 [ 0.68713105 -0.22089309  0.4172498 ]
 [ 0.15592524 -0.10023716  0.46467692]
 [ 0.22973466 -0.32403463  0.3713171 ]
 [ 0.38884208 -0.36578345  0.4074371 ]]
[[ 0.          0.          0.14003865]
 [-0.07470838 -0.05243603  0.19321032]
 [ 0.11390233 -0.40560767  0.23593967]
 [ 0.15105611 -0.7338979   0.09685378]
 [ 0.2809233  -0.79714537  0.14498745]
 [ 0.07478954  0.0521397   0.08671899]
 [ 0.40894285 -0.09567507  0.1487917 ]
 [ 0.6702628  -0.333239    0.        ]
 [ 0.78438354 -0.39528084  0.11338194]
 [ 0.12702893  0.01592186  0.30352083]
 [ 0.28110513  0.00864613  0.46108484]
 [ 0.3634882  -0.03779346  0.49685496]
 [ 0.40306962 -0.00746676  0.5781739 ]
 [ 0.34607348  0.05866122  0.39337528]
 [ 0.49264354 -0.08389935  0.26642185]
 [ 0.6781764  -0.2314271   0.30005115]
 [ 0.1753883  -0.05487254  0.48389316]
 [ 0.12591167 -0.27642226  0.37140715]
 [ 0.22257772 -0.32870394  0.3608402 ]]
[[ 0.          0.          0.19338474]
 [-0.06474897 -0.06173455  0.24002479]
 [ 0.16488028 -0.3987608   0.29421622]
 [ 0.29009962 -0.71005714  0.1669577 ]
 [ 0.43575782 -0.7766015   0.24056277]
 [ 0.06493318  0.06159098  0.14662224]
 [ 0.40707088 -0.04650587  0.21616063]
 [ 0.580471   -0.17930718  0.        ]
 [ 0.70539117 -0.238437    0.06572917]
 [ 0.12438475  0.05352737  0.3290596 ]
 [ 0.2996959   0.09174396  0.46333042]
 [ 0.37200987  0.05084804  0.51211387]
 [ 0.43244463  0.0908449   0.58038855]
 [ 0.36569333  0.11646273  0.35960293]
 [ 0.45266792  0.01558677  0.12204023]
 [ 0.57039905 -0.1589789   0.16332103]
 [ 0.17161854  0.04465696  0.51641047]
 [-0.05695483 -0.1102576   0.45860663]
 [-0.20292069 -0.1150886   0.4172379 ]]
[[ 0.          0.          0.15459202]
 [-0.06634938 -0.05585574  0.20680176]
 [ 0.22497106 -0.38377318  0.2580373 ]
 [ 0.28781688 -0.68218946  0.08515392]
 [ 0.4683091  -0.7471446   0.10922168]
 [ 0.0665565   0.05579552  0.10222628]
 [ 0.41586646 -0.06906351  0.227557  ]
 [ 0.5072444  -0.16677335  0.        ]
 [ 0.6278883  -0.2242893   0.00631732]
 [ 0.12105735  0.05609368  0.27820894]
 [ 0.2816852   0.10583773  0.41488647]
 [ 0.35440397  0.06348181  0.46605796]
 [ 0.42213714  0.09971368  0.5372737 ]
 [ 0.34216437  0.11728504  0.30107772]
 [ 0.3978789  -0.00075407  0.06690113]
 [ 0.5238619  -0.14063558  0.10154717]
 [ 0.15261635  0.07355878  0.47943676]
 [-0.11253173 -0.04792047  0.44779634]
 [-0.30795553 -0.00552556  0.4229774 ]]
[[ 0.          0.          0.15636715]
 [-0.05511888 -0.02545166  0.20001148]
 [-0.05574239 -0.21528347  0.33817402]
 [-0.48795015 -0.46176043  0.18673977]
 [-0.01187555 -0.5363022   0.0276967 ]
 [ 0.05480735  0.0255027   0.11239176]
 [ 0.20488471 -0.2424913   0.24334091]
 [ 0.1998511  -0.33809683  0.        ]
 [ 0.23294306 -0.401347    0.06607482]
 [ 0.05594429  0.048208    0.29093295]
 [ 0.13676319  0.10638177  0.4444599 ]
 [ 0.21257296  0.09961787  0.47335202]
 [ 0.20811006  0.13726199  0.5545776 ]
 [ 0.18136504  0.12413463  0.34076047]
 [ 0.23235252  0.04344679  0.15446813]
 [ 0.32907614  0.01280837  0.211773  ]
 [ 0.04685228  0.07939503  0.493074  ]
 [-0.19637416 -0.00438428  0.4559794 ]
 [-0.38147604  0.01033604  0.45549697]]
[[ 0.          0.          0.08936539]
 [-0.06869852 -0.00971887  0.15605119]
 [ 0.15193775 -0.30333343  0.38017884]
 [-0.1727511  -0.5119464   0.12941799]
 [-0.12898636 -0.5980662   0.1119037 ]
 [ 0.06847084  0.00974689  0.02235258]
 [ 0.32648546 -0.15313926  0.27116105]
 [ 0.06214689 -0.28314385  0.07322282]
 [ 0.21347052 -0.41153735  0.19396028]
 [ 0.0357077   0.12522237  0.10891476]
 [ 0.10334726  0.29337573  0.16306764]
 [ 0.06288185  0.31429845  0.2479648 ]
 [ 0.16654028  0.35160944  0.28061086]
 [ 0.19600739  0.2315553   0.05161893]
 [ 0.21257901 -0.01991533  0.        ]
 [ 0.29787064 -0.13674176  0.11212881]
 [-0.03153226  0.30125153  0.22311223]
 [-0.31934547  0.18461142  0.34666178]
 [-0.5265145   0.13904661  0.49017665]]
[[ 0.          0.          0.16502045]
 [-0.07917278  0.00565212  0.22001189]
 [ 0.10458273 -0.372157    0.4419806 ]
 [-0.2402143  -0.60573936  0.22719394]
 [-0.22666362 -0.699646    0.21281736]
 [ 0.07904252 -0.0056828   0.10963067]
 [ 0.35270673 -0.1557925   0.25288668]
 [ 0.1689493  -0.30124828  0.15248531]
 [ 0.24821347 -0.41369763  0.17655276]
 [ 0.01351018  0.13724527  0.10577145]
 [ 0.05292772  0.32812804  0.07524288]
 [ 0.09666534  0.32964408  0.1289392 ]
 [ 0.11971065  0.4046051   0.17065458]
 [ 0.16304883  0.26183304  0.00089784]
 [ 0.20623451 -0.01807299  0.        ]
 [ 0.2384525  -0.06642431  0.1158302 ]
 [-0.08498839  0.3371553   0.11481236]
 [-0.3379534   0.17442487  0.2708556 ]
 [-0.42454836  0.12159437  0.44856042]]
[[ 0.          0.          0.19745332]
 [-0.07227806  0.01228548  0.25227875]
 [ 0.10235879 -0.37976396  0.4566857 ]
 [-0.25560337 -0.6391703   0.31417066]
 [-0.25235868 -0.71314335  0.35285187]
 [ 0.0721229  -0.01235487  0.14233789]
 [ 0.35073763 -0.14710452  0.2250412 ]
 [ 0.14070016 -0.28603545  0.16219622]
 [ 0.21887317 -0.38410312  0.19477111]
 [-0.00188773  0.1618125   0.13395175]
 [ 0.03035726  0.3721447   0.07578394]
 [ 0.08302061  0.40048414  0.12053439]
 [ 0.09774584  0.48091975  0.1384216 ]
 [ 0.13521925  0.302864    0.00847173]
 [ 0.20574272  0.01881567  0.        ]
 [ 0.20850784  0.01783516  0.07861797]
 [-0.1040819   0.37905884  0.12168081]
 [-0.31300497  0.19029313  0.27786148]
 [-0.3087635   0.10922521  0.4185664 ]]
[[ 0.          0.          0.20380326]
 [-0.06179712  0.01865666  0.263909  ]
 [ 0.09979051 -0.38423938  0.44558614]
 [-0.26292336 -0.66369313  0.34836638]
 [-0.2624144  -0.7348171   0.41273797]
 [ 0.06163982 -0.01873109  0.14347391]
 [ 0.33615074 -0.12466173  0.20097223]
 [ 0.09141767 -0.29516235  0.14978014]
 [ 0.15022588 -0.3875612   0.18587215]
 [-0.01402777  0.17704791  0.15268841]
 [ 0.01054826  0.3953504   0.08902623]
 [ 0.06115246  0.43733826  0.1168548 ]
 [ 0.06906258  0.51922905  0.12467565]
 [ 0.10651558  0.32955992  0.02276361]
 [ 0.18883772  0.04884541  0.        ]
 [ 0.17829296  0.0664846   0.04256876]
 [-0.11062175  0.40277568  0.15256627]
 [-0.26926118  0.20081604  0.31326628]
 [-0.19981176  0.15134156  0.40822208]]
[[ 0.          0.          0.35817933]
 [-0.06661229  0.03844979  0.38401744]
 [ 0.05415733 -0.28133637  0.388357  ]
 [ 0.027171   -0.47108242  0.20110682]
 [ 0.1005581  -0.5569544   0.2060852 ]
 [ 0.06651529 -0.03851551  0.33259013]
 [ 0.20242745 -0.28094918  0.492969  ]
 [-0.07817024 -0.43506038  0.42721647]
 [-0.11392742 -0.48265174  0.40285477]
 [-0.04512644  0.09612563  0.25780648]
 [-0.0771642   0.22780648  0.1461846 ]
 [-0.01345158  0.26062018  0.11079878]
 [-0.04035419  0.31554598  0.1332349 ]
 [ 0.01491063  0.15053108  0.09380084]
 [ 0.0592298  -0.12595022  0.03534257]
 [ 0.09535053 -0.18668297  0.        ]
 [-0.16843733  0.25464407  0.22579046]
 [-0.20156789  0.0324287   0.34738374]
 [-0.15615971 -0.06399992  0.3879605 ]]
[[ 0.          0.          0.30099642]
 [-0.0358531   0.02586604  0.3753243 ]
 [ 0.13563386 -0.3388448   0.48426086]
 [-0.22652422 -0.58644736  0.43377843]
 [-0.20739242 -0.63650537  0.5487629 ]
 [ 0.03558718 -0.02603121  0.2265301 ]
 [ 0.22203815 -0.15954378  0.4231351 ]
 [-0.09286369 -0.40154162  0.3618214 ]
 [-0.09176199 -0.46369928  0.47052357]
 [-0.06247726  0.19412366  0.28008193]
 [-0.10427997  0.44530863  0.24823073]
 [-0.04779729  0.5105787   0.22245109]
 [-0.04923663  0.5952116   0.24924561]
 [-0.04941349  0.41203058  0.15374461]
 [ 0.03539032  0.19139965  0.07561323]
 [ 0.05391714  0.11162493  0.        ]
 [-0.16268307  0.40484253  0.35468817]
 [-0.0771528   0.16782998  0.4680441 ]
 [ 0.09962958  0.06673593  0.38614616]]
[[ 0.          0.          0.32105675]
 [-0.02001081  0.02225772  0.40187532]
 [ 0.17946252 -0.31603652  0.5052798 ]
 [-0.18976687 -0.58326757  0.49781278]
 [-0.18112133 -0.6150441   0.58983696]
 [ 0.01975142 -0.022405    0.2398652 ]
 [ 0.21218865 -0.08065667  0.35737586]
 [ 0.04480125 -0.36401442  0.3092959 ]
 [ 0.05509716 -0.41108775  0.38665974]
 [-0.06960657  0.18643695  0.311921  ]
 [-0.12106156  0.4323227   0.29187164]
 [-0.05975896  0.51064825  0.25909698]
 [-0.06643704  0.58924973  0.2965596 ]
 [-0.1018686   0.42181003  0.18616164]
 [-0.02118434  0.2306102   0.08025584]
 [-0.00185408  0.11071461  0.        ]
 [-0.14418843  0.38499334  0.4151653 ]
 [ 0.01383445  0.16668375  0.4801548 ]
 [ 0.17880419  0.08955892  0.36305636]]
[[ 0.          0.          0.34905416]
 [-0.0071457   0.01946717  0.43193823]
 [ 0.22549933 -0.27979645  0.497338  ]
 [-0.14439943 -0.54697025  0.5052235 ]
 [-0.13969594 -0.55746186  0.5584825 ]
 [ 0.00689275 -0.0196279   0.26574573]
 [ 0.22260755 -0.04721475  0.32598433]
 [ 0.08731613 -0.2811747   0.30705673]
 [ 0.10063505 -0.31832704  0.42383713]
 [-0.06090747  0.18102309  0.3437489 ]
 [-0.10599607  0.41870898  0.3333481 ]
 [-0.0407801   0.5011991   0.2908422 ]
 [-0.05103311  0.5716067   0.3431107 ]
 [-0.11677012  0.4235794   0.2222766 ]
 [-0.04896495  0.25340667  0.09415466]
 [-0.03820303  0.08721894  0.        ]
 [-0.0971075   0.3683108   0.45865327]
 [ 0.09572366  0.16949175  0.47264835]
 [ 0.24478644  0.1034162   0.33247095]]
[[ 0.          0.          0.35453197]
 [ 0.03085891  0.00162489  0.4358259 ]
 [ 0.30866253 -0.3395465   0.39877108]
 [ 0.00242293 -0.65123826  0.5229325 ]
 [ 0.03127393 -0.6690103   0.5971704 ]
 [-0.03108139 -0.00180429  0.27275735]
 [ 0.2673554   0.0650782   0.25556135]
 [ 0.13607006 -0.2131055   0.26666623]
 [ 0.14475963 -0.23387975  0.29749346]
 [-0.00817783  0.21578884  0.3650888 ]
 [-0.00163722  0.48050907  0.37281814]
 [ 0.05312565  0.5694918   0.32738248]
 [ 0.06032479  0.6456246   0.38426253]
 [-0.07286218  0.49082386  0.2856761 ]
 [-0.04710421  0.42003685  0.08738804]
 [ 0.0332      0.36548227  0.        ]
 [ 0.06918797  0.4216289   0.46685696]
 [ 0.27115342  0.30339265  0.35703298]
 [ 0.31717864  0.34460583  0.21301973]]
[[ 0.          0.          0.3634073 ]
 [ 0.07125179 -0.01364178  0.42152983]
 [ 0.36972472 -0.30976844  0.32814053]
 [ 0.11684075 -0.6595254   0.47346413]
 [ 0.14110294 -0.6506834   0.5005757 ]
 [-0.07130708  0.01345433  0.3048498 ]
 [ 0.33060107  0.13770089  0.2139365 ]
 [ 0.14414227 -0.11497882  0.22271517]
 [ 0.13128424 -0.08975333  0.21340328]
 [ 0.02169891  0.21251231  0.38193673]
 [ 0.05818871  0.47029787  0.4000587 ]
 [ 0.11693165  0.5594315   0.34590274]
 [ 0.11932285  0.6284163   0.41313624]
 [-0.05071303  0.4887094   0.34728602]
 [-0.07397631  0.51580113  0.09355229]
 [ 0.04413889  0.52637506  0.        ]
 [ 0.16909277  0.40452307  0.46032465]
 [ 0.30724436  0.3249631   0.27721816]
 [ 0.3533043   0.3629707   0.14613795]]
[[ 0.          0.          0.30982623]
 [ 0.07325842 -0.02862233  0.3854185 ]
 [ 0.34807634 -0.23034963  0.26917893]
 [ 0.19666481 -0.67132854  0.39204547]
 [ 0.30127323 -0.6793163   0.3928885 ]
 [-0.07332493  0.02845827  0.23388872]
 [ 0.3057749   0.12566748  0.16727665]
 [ 0.00828286 -0.08836995  0.16610324]
 [-0.07429718 -0.01954211  0.13097222]
 [ 0.02828218  0.20863682  0.37302935]
 [ 0.06985193  0.46437985  0.43796313]
 [ 0.13334414  0.54919666  0.40281162]
 [ 0.13331875  0.6087359   0.47023544]
 [-0.05395657  0.49382812  0.40556848]
 [-0.13363737  0.5322434   0.14529575]
 [-0.02906635  0.59235007  0.        ]
 [ 0.18523993  0.38190734  0.4716482 ]
 [ 0.23198308  0.2882372   0.25689405]
 [ 0.2488132   0.33741978  0.09326293]]
[[ 0.          0.          0.2987355 ]
 [ 0.07341459 -0.0290658   0.3655694 ]
 [ 0.30915314 -0.19236591  0.22842813]
 [ 0.2479924  -0.6680733   0.31809807]
 [ 0.39823663 -0.67498887  0.31366068]
 [-0.0734833   0.02893876  0.23162265]
 [ 0.27941662  0.12649497  0.1350122 ]
 [-0.04337033 -0.05771235  0.15140879]
 [-0.14107451  0.0189386   0.11313012]
 [ 0.02425841  0.20277978  0.38287804]
 [ 0.06151555  0.44751912  0.46955627]
 [ 0.12525101  0.53363806  0.44295412]
 [ 0.11958762  0.58094686  0.5103637 ]
 [-0.0648717   0.4772424   0.4482825 ]
 [-0.16087413  0.52236986  0.18823558]
 [-0.08664751  0.61234456  0.        ]
 [ 0.17873225  0.37093526  0.48615927]
 [ 0.17911133  0.2951552   0.2700114 ]
 [ 0.17627682  0.34654477  0.06435695]]
[[ 0.          0.          0.3048486 ]
 [ 0.07867793 -0.02686513  0.36351618]
 [ 0.31202394 -0.12540057  0.22265339]
 [ 0.29861814 -0.6032294   0.2897521 ]
 [ 0.45992708 -0.59516716  0.2734415 ]
 [-0.07872735  0.02677653  0.2459493 ]
 [ 0.25119328  0.12436877  0.1147112 ]
 [-0.06624985 -0.06165439  0.14702566]
 [-0.16503194  0.01998925  0.10661054]
 [ 0.02243393  0.19384521  0.394036  ]
 [ 0.05668329  0.43360955  0.48840258]
 [ 0.11736945  0.52319646  0.46724075]
 [ 0.1081906   0.55840826  0.5364523 ]
 [-0.07506663  0.4596421   0.4719663 ]
 [-0.17574215  0.50026405  0.20862177]
 [-0.12000826  0.61011606  0.        ]
 [ 0.17936233  0.36272544  0.4970461 ]
 [ 0.1624069   0.2930376   0.2750452 ]
 [ 0.13946475  0.33000845  0.04990336]]
[[ 0.          0.          0.30536318]
 [ 0.07991425 -0.03319031  0.35571155]
 [ 0.30982685 -0.05886708  0.22261828]
 [ 0.33356166 -0.54491365  0.24145195]
 [ 0.49389827 -0.51628935  0.21319011]
 [-0.07999575  0.03315999  0.2546696 ]
 [ 0.22357771  0.16650704  0.08747445]
 [-0.08721574 -0.05055298  0.13851078]
 [-0.18034673  0.03565893  0.09285533]
 [ 0.02532897  0.19873738  0.40285617]
 [ 0.05956323  0.43456972  0.50465244]
 [ 0.11382626  0.5281649   0.4887222 ]
 [ 0.10566543  0.5548868   0.55759156]
 [-0.07720828  0.46246213  0.49113324]
 [-0.1783194   0.51592845  0.22869441]
 [-0.14527327  0.626595    0.        ]
 [ 0.18719919  0.3669534   0.5045069 ]
 [ 0.15855028  0.32924166  0.2790842 ]
 [ 0.12230357  0.37846717  0.04862794]]
[[ 0.          0.          0.30642486]
 [ 0.0824954  -0.03881322  0.34578922]
 [ 0.31033406 -0.00274582  0.22615221]
 [ 0.36861557 -0.47376224  0.1879535 ]
 [ 0.52634674 -0.4132225   0.14910793]
 [-0.08258088  0.03882353  0.26667598]
 [ 0.18911488  0.19161627  0.05022252]
 [-0.11772433 -0.05665085  0.13235557]
 [-0.20557308  0.02943356  0.0815734 ]
 [ 0.0271962   0.19547196  0.40731126]
 [ 0.0610181   0.42644155  0.514156  ]
 [ 0.10772113  0.522046    0.5055131 ]
 [ 0.09771205  0.5301359   0.5736792 ]
 [-0.07997262  0.45976603  0.5050088 ]
 [-0.18330249  0.5218382   0.24204955]
 [-0.16882697  0.6350626   0.        ]
 [ 0.19236666  0.35887355  0.50712514]
 [ 0.15026285  0.33872947  0.2735994 ]
 [ 0.09996091  0.39375255  0.03964242]]
[[ 0.          0.          0.29981908]
 [ 0.08368087 -0.04596273  0.33179927]
 [ 0.30707997  0.04100665  0.2327967 ]
 [ 0.38113576 -0.40923554  0.1335471 ]
 [ 0.5242868  -0.3213514   0.08404028]
 [-0.0838005   0.04599978  0.26737848]
 [ 0.15252423  0.22748202  0.01665786]
 [-0.15566806 -0.07765144  0.12505348]
 [-0.23187222  0.00838497  0.07014042]
 [ 0.03246953  0.2024338   0.40433124]
 [ 0.06894647  0.4302896   0.5146185 ]
 [ 0.1086096   0.5318785   0.51057506]
 [ 0.09864724  0.5286567   0.57877135]
 [-0.07263151  0.46957728  0.508402  ]
 [-0.17709875  0.5358374   0.24638891]
 [-0.18061647  0.6506936   0.        ]
 [ 0.1985118   0.36012888  0.50359327]
 [ 0.14384961  0.34669104  0.2604437 ]
 [ 0.08229785  0.40299785  0.02897722]]
[[ 0.          0.          0.31097895]
 [ 0.0847168  -0.05128903  0.33987296]
 [ 0.31018668  0.07928947  0.26023102]
 [ 0.37771475 -0.34136936  0.098401  ]
 [ 0.50910044 -0.23146568  0.04276201]
 [-0.08485267  0.05135401  0.28156653]
 [ 0.1124931   0.25200504  0.        ]
 [-0.19205226 -0.0971466   0.13071895]
 [-0.26179352 -0.01508979  0.06738266]
 [ 0.03655273  0.20569938  0.4170498 ]
 [ 0.07656635  0.43175125  0.52945495]
 [ 0.11074869  0.5363365   0.53056955]
 [ 0.10047041  0.5264247   0.599464  ]
 [-0.06873888  0.47387302  0.526055  ]
 [-0.17772019  0.5428211   0.26406145]
 [-0.18718487  0.6572386   0.01419342]
 [ 0.20774987  0.36182612  0.51447165]
 [ 0.14299728  0.35463896  0.2676139 ]
 [ 0.07281619  0.4065968   0.03945968]]
