[[ 0.          0.          0.79442924]
 [ 0.10194549  0.04921952  0.8064857 ]
 [-0.07577725  0.3106167   0.5175981 ]
 [ 0.01721951 -0.03710669  0.34871578]
 [ 0.02196241  0.04240376  0.19535059]
 [-0.10197225 -0.04940682  0.782311  ]
 [-0.0457337   0.02388868  0.41037798]
 [ 0.17246762 -0.11048275  0.1012466 ]
 [ 0.14283797  0.02636808  0.        ]
 [-0.05097698  0.13555214  0.96961236]
 [-0.10817894  0.29733992  1.1666257 ]
 [-0.19490588  0.37551856  1.159249  ]
 [-0.20865232  0.36932385  1.277363  ]
 [-0.24422693  0.2579913   1.1351137 ]
 [-0.2806021   0.22222602  0.8932677 ]
 [-0.21121132  0.46029562  0.9266913 ]
 [ 0.04830571  0.26156408  1.1421165 ]
 [ 0.26317772  0.14555806  1.1467237 ]
 [ 0.44211525  0.11010282  1.0828643 ]]
[[ 0.          0.          0.73516905]
 [ 0.09818718  0.04504606  0.753128  ]
 [-0.07540309  0.338795    0.5104799 ]
 [ 0.01334305  0.0887894   0.1706602 ]
 [-0.01612701  0.20005548  0.0452286 ]
 [-0.09822806 -0.04519695  0.7171354 ]
 [ 0.00900982 -0.05757126  0.33177286]
 [ 0.22442415 -0.22685742  0.12409347]
 [ 0.2414931  -0.11402094  0.        ]
 [-0.04105806  0.12799627  0.9207723 ]
 [-0.07998362  0.29971182  1.1192931 ]
 [-0.16369355  0.37845337  1.0973381 ]
 [-0.18134177  0.3831923   1.2136128 ]
 [-0.23039392  0.2689133   1.103744  ]
 [-0.32863373  0.23604335  0.87884474]
 [-0.20522892  0.44407502  0.9539751 ]
 [ 0.07154798  0.2549382   1.0985651 ]
 [ 0.2701758   0.11898127  1.132675  ]
 [ 0.4428213   0.1037617   1.0509062 ]]
[[ 0.          0.          0.7382232 ]
 [ 0.09848437  0.03465137  0.75610554]
 [-0.02062084  0.33418125  0.5029024 ]
 [ 0.04597829  0.21543622  0.0823456 ]
 [-0.00281773  0.34310699  0.        ]
 [-0.09853184 -0.03478762  0.72024167]
 [ 0.02405141 -0.07702142  0.33357197]
 [ 0.24996197 -0.3381815   0.24065769]
 [ 0.3204738  -0.2770747   0.12348747]
 [-0.02093555  0.12823562  0.9294519 ]
 [-0.03531981  0.30778906  1.12642   ]
 [-0.11540347  0.3948623   1.1025677 ]
 [-0.13527638  0.4036797   1.2179787 ]
 [-0.19684857  0.27896583  1.12204   ]
 [-0.3464759   0.19296147  0.937502  ]
 [-0.19660538  0.40472007  0.96863925]
 [ 0.11075129  0.26001957  1.1009245 ]
 [ 0.29270512  0.12942895  1.135058  ]
 [ 0.44821906  0.16114256  1.0291636 ]]
[[ 0.          0.          0.76029086]
 [ 0.09814901  0.028286    0.7809278 ]
 [ 0.05471532  0.3299806   0.48726264]
 [ 0.12805578  0.29704022  0.05719483]
 [ 0.08591925  0.4313732   0.        ]
 [-0.09820276 -0.02839737  0.73956126]
 [-0.0328786  -0.0480794   0.33611578]
 [ 0.20797354 -0.39535558  0.36814317]
 [ 0.32202363 -0.40067983  0.29017544]
 [-0.00974023  0.12822242  0.9499135 ]
 [-0.01623169  0.30623078  1.1466331 ]
 [-0.08880007  0.392367    1.1282003 ]
 [-0.1123338   0.40480632  1.2415116 ]
 [-0.17769289  0.2772615   1.1442657 ]
 [-0.29777712  0.11474445  0.9763391 ]
 [-0.20833388  0.3315189   0.9074092 ]
 [ 0.1284085   0.26571703  1.1114131 ]
 [ 0.3095475   0.18731713  1.0783765 ]
 [ 0.38922262  0.2908499   0.9435086 ]]
[[ 0.          0.          0.7828295 ]
 [ 0.10079633  0.02544323  0.80517334]
 [ 0.09362905  0.30413955  0.4889883 ]
 [ 0.17150357  0.2643325   0.06411231]
 [ 0.13681056  0.40194726  0.        ]
 [-0.10084301 -0.0255686   0.7603965 ]
 [-0.08682296 -0.00470668  0.3599764 ]
 [ 0.16191256 -0.36336944  0.43631506]
 [ 0.28267205 -0.38293964  0.363877  ]
 [-0.01531815  0.12373739  0.9714477 ]
 [-0.02524896  0.2979588   1.1712675 ]
 [-0.09395875  0.38222167  1.1629255 ]
 [-0.11710611  0.3940405   1.2783837 ]
 [-0.18566522  0.2722542   1.1645709 ]
 [-0.2791726   0.10588917  0.99262595]
 [-0.1905609   0.27700067  0.9059578 ]
 [ 0.11853074  0.25858468  1.1319357 ]
 [ 0.2574659   0.20257725  1.0238903 ]
 [ 0.2732401   0.29461816  0.8890649 ]]
[[ 0.          0.          0.78917336]
 [ 0.1024852   0.02607203  0.8097471 ]
 [ 0.11132396  0.26230702  0.48121485]
 [ 0.21427259  0.16346645  0.06906736]
 [ 0.17210904  0.29859757  0.        ]
 [-0.10255035 -0.02623257  0.7685071 ]
 [-0.1263616   0.01573107  0.38126338]
 [ 0.13299868 -0.3415866   0.4481489 ]
 [ 0.24779189 -0.3521533   0.35265076]
 [-0.01983382  0.11265127  0.985016  ]
 [-0.03161561  0.27306688  1.1952393 ]
 [-0.10557389  0.3542263   1.1918217 ]
 [-0.1334053   0.36637032  1.3088574 ]
 [-0.19596773  0.24991208  1.187932  ]
 [-0.26508257  0.08505207  1.0515463 ]
 [-0.17777312  0.19280183  0.9737947 ]
 [ 0.11476563  0.24451983  1.1493874 ]
 [ 0.19868425  0.2709385   0.9843173 ]
 [ 0.19797947  0.4328799   0.92264044]]
[[ 0.          0.          0.7822412 ]
 [ 0.10473162  0.02996271  0.8047299 ]
 [ 0.18399382  0.14706005  0.44537777]
 [ 0.3071431  -0.06962138  0.09732473]
 [ 0.29259586  0.05459213  0.        ]
 [-0.10480991 -0.03012658  0.7596976 ]
 [-0.15007538  0.22395594  0.48304266]
 [ 0.05487394 -0.09303379  0.39324528]
 [ 0.10317425 -0.03542048  0.24228346]
 [-0.01779146  0.11967614  0.9714118 ]
 [-0.03274922  0.28098148  1.1773145 ]
 [-0.11685234  0.36693987  1.1732194 ]
 [-0.14605904  0.37522537  1.2984662 ]
 [-0.18315306  0.2303603   1.175385  ]
 [-0.21636425  0.03707212  1.166051  ]
 [-0.13134557  0.08508408  1.07384   ]
 [ 0.10489222  0.28377342  1.130986  ]
 [ 0.10521576  0.40529573  0.9249003 ]
 [ 0.03506577  0.5399675   1.0190799 ]]
[[ 0.          0.          0.7035198 ]
 [ 0.09999408  0.03547952  0.7193725 ]
 [ 0.22482875  0.08205566  0.3527791 ]
 [ 0.39136475 -0.18524504  0.11812961]
 [ 0.41309482 -0.10193372  0.        ]
 [-0.10004656 -0.0355854   0.6876498 ]
 [-0.1750277   0.26929983  0.472006  ]
 [-0.04332704  0.05407339  0.14328909]
 [-0.0600916   0.16053826  0.02559233]
 [-0.02712956  0.10275558  0.90462846]
 [-0.05789343  0.24773496  1.119363  ]
 [-0.16433698  0.33942094  1.1032038 ]
 [-0.190925    0.34709907  1.2325425 ]
 [-0.18406078  0.16155052  1.1279908 ]
 [-0.2233896  -0.05617869  1.237666  ]
 [-0.13863611 -0.06057641  1.1421167 ]
 [ 0.06935039  0.2807785   1.0768445 ]
 [ 0.04850025  0.459089    0.8805517 ]
 [-0.01725022  0.52377737  1.0509154 ]]
[[ 0.          0.          0.68378514]
 [ 0.10156916  0.03728826  0.69410634]
 [ 0.18830806  0.01991746  0.2847464 ]
 [ 0.31963998 -0.37554908  0.22050384]
 [ 0.35406786 -0.3548339   0.10361582]
 [-0.10161946 -0.0373746   0.6734414 ]
 [-0.16469914  0.31090775  0.46749276]
 [-0.07842106  0.23359057  0.06419581]
 [-0.12003811  0.36745805  0.        ]
 [-0.03488273  0.09858242  0.8872412 ]
 [-0.07956797  0.23565432  1.1043711 ]
 [-0.19036233  0.33378994  1.095441  ]
 [-0.20826405  0.33390367  1.224121  ]
 [-0.19488633  0.14665183  1.10226   ]
 [-0.21527812 -0.07513919  1.1733086 ]
 [-0.15642144 -0.09193823  1.0611466 ]
 [ 0.05320986  0.2705873   1.0642375 ]
 [ 0.06914312  0.45309982  0.8601655 ]
 [-0.02533793  0.5170052   0.99565655]]
[[ 0.          0.          0.66761136]
 [ 0.10125521  0.03403962  0.67248565]
 [ 0.14334798  0.03407025  0.24797615]
 [ 0.20031947 -0.4394905   0.30755925]
 [ 0.23638996 -0.4709071   0.21876788]
 [-0.10130566 -0.03412861  0.6627155 ]
 [-0.12810045  0.33527368  0.44686383]
 [-0.04132855  0.34570357  0.03241515]
 [-0.08547541  0.49185967  0.        ]
 [-0.04440142  0.09928423  0.86691654]
 [-0.10072449  0.22985226  1.0815225 ]
 [-0.19652236  0.32820284  1.0800362 ]
 [-0.21590126  0.32875255  1.2083762 ]
 [-0.21110982  0.14614886  1.0638179 ]
 [-0.2271558  -0.07673717  1.051544  ]
 [-0.2163254  -0.12024458  0.91837865]
 [ 0.04165099  0.2528867   1.0434846 ]
 [ 0.12273279  0.38727376  0.8355837 ]
 [ 0.04546714  0.5238855   0.8772002 ]]
[[ 0.          0.          0.69583666]
 [ 0.10354081  0.03570545  0.6961853 ]
 [ 0.09712054  0.07388389  0.28049463]
 [ 0.14162192 -0.39589906  0.40937817]
 [ 0.16382915 -0.44414133  0.3184644 ]
 [-0.10358754 -0.03583875  0.6954477 ]
 [-0.10051477  0.31757677  0.4588037 ]
 [ 0.00364431  0.2923377   0.04240334]
 [-0.03122213  0.4379637   0.        ]
 [-0.04472843  0.11218284  0.8903417 ]
 [-0.10794878  0.23788828  1.1067672 ]
 [-0.2022379   0.32937607  1.1164904 ]
 [-0.22080934  0.3265046   1.2425098 ]
 [-0.21838027  0.161114    1.0733659 ]
 [-0.22834739 -0.02927136  0.95265937]
 [-0.2588368  -0.06603609  0.8193333 ]
 [ 0.04151414  0.24840826  1.0679344 ]
 [ 0.17036188  0.33039072  0.87262833]
 [ 0.16059178  0.493779    0.82352704]]
[[ 0.          0.          0.6965011 ]
 [ 0.10606354  0.04136465  0.7000499 ]
 [ 0.06048073  0.1839862   0.3294522 ]
 [ 0.13045149 -0.263646    0.44263297]
 [ 0.1536808  -0.27341443  0.30278975]
 [-0.10612622 -0.04153936  0.69287586]
 [-0.08513957  0.25848222  0.4405938 ]
 [ 0.0605994   0.19028324  0.05516779]
 [ 0.02519013  0.3362843   0.        ]
 [-0.04590137  0.11368018  0.8952231 ]
 [-0.10689756  0.23652512  1.1181835 ]
 [-0.20093042  0.32396725  1.1306964 ]
 [-0.21377432  0.3140682   1.256531  ]
 [-0.22696823  0.16714364  1.083529  ]
 [-0.2499399   0.02051091  0.96567965]
 [-0.26891032  0.01376125  0.8728255 ]
 [ 0.0466457   0.23686978  1.0801332 ]
 [ 0.19378844  0.25022286  0.91380185]
 [ 0.24665615  0.39776653  0.87775016]]
[[ 0.          0.          0.72701836]
 [ 0.10268597  0.04884648  0.73575467]
 [-0.0317703   0.25464517  0.4401852 ]
 [ 0.09520757 -0.13782388  0.3381183 ]
 [ 0.10066873 -0.07732624  0.17094153]
 [-0.10274008 -0.04905758  0.71818197]
 [-0.04632834  0.09074605  0.40824574]
 [ 0.12792052 -0.02321881  0.09667206]
 [ 0.11569789  0.1085642   0.        ]
 [-0.03809091  0.11650339  0.92236674]
 [-0.08903889  0.25090313  1.1455777 ]
 [-0.17540371  0.33673394  1.148818  ]
 [-0.18216252  0.32736367  1.2746348 ]
 [-0.22278845  0.1922819   1.1144009 ]
 [-0.2793821   0.11471507  0.92151326]
 [-0.22063869  0.25372362  0.986359  ]
 [ 0.06685242  0.22786027  1.1110618 ]
 [ 0.23851842  0.1465638   1.045169  ]
 [ 0.36585817  0.18989694  0.9731052 ]]
[[ 0.          0.          0.6901266 ]
 [ 0.10238356  0.04760975  0.70673215]
 [-0.01737511  0.3195221   0.47634852]
 [ 0.04338177  0.0995355   0.10638082]
 [-0.00142633  0.22995585  0.        ]
 [-0.10242321 -0.04778486  0.67340964]
 [ 0.01395791 -0.06289878  0.3203249 ]
 [ 0.21018258 -0.24515712  0.17731482]
 [ 0.2622037  -0.1581657   0.04394144]
 [-0.02450595  0.10913566  0.89092815]
 [-0.04853743  0.25435767  1.1129797 ]
 [-0.12199211  0.34833673  1.1111028 ]
 [-0.13238123  0.3490005   1.2413989 ]
 [-0.20565721  0.20601112  1.0939559 ]
 [-0.33772236  0.1353758   0.92133653]
 [-0.19916347  0.29167822  1.0328677 ]
 [ 0.10488831  0.22086227  1.0810448 ]
 [ 0.2726595   0.11226445  1.0779066 ]
 [ 0.40348572  0.11134923  0.972069  ]]
[[ 0.          0.          0.72374606]
 [ 0.10154063  0.03998204  0.7422452 ]
 [ 0.0193719   0.32184196  0.48978722]
 [ 0.04683089  0.21922767  0.07337952]
 [-0.00779332  0.3609551   0.        ]
 [-0.10157985 -0.04013849  0.7051276 ]
 [-0.02206261 -0.06168601  0.3255003 ]
 [ 0.20830661 -0.33771122  0.30930978]
 [ 0.30098492 -0.30523342  0.20030957]
 [-0.0197618   0.11184599  0.92202365]
 [-0.03409101  0.2627059   1.1401788 ]
 [-0.1048809   0.3543472   1.1472123 ]
 [-0.11217707  0.3489278   1.2739823 ]
 [-0.19428554  0.21704549  1.1238959 ]
 [-0.3439007   0.10283187  0.9444959 ]
 [-0.21547362  0.2802572   1.0017335 ]
 [ 0.11433202  0.2351762   1.104986  ]
 [ 0.28867185  0.14239234  1.0881909 ]
 [ 0.4148991   0.17072143  0.96476865]]
[[ 0.          0.          0.73876405]
 [ 0.09851208  0.03322554  0.75564235]
 [ 0.06564527  0.32471496  0.479534  ]
 [ 0.07847895  0.28286403  0.05482471]
 [ 0.03027552  0.42417812  0.        ]
 [-0.09856251 -0.03335838  0.72177446]
 [-0.06593645 -0.02705607  0.33662528]
 [ 0.17135423 -0.36945397  0.41258726]
 [ 0.28311783 -0.38701183  0.33954078]
 [-0.01545243  0.11513373  0.9336061 ]
 [-0.02689542  0.26863438  1.1491268 ]
 [-0.09451181  0.35836953  1.1663146 ]
 [-0.10357028  0.35060614  1.2877072 ]
 [-0.18621251  0.23152518  1.1351609 ]
 [-0.3058641   0.09134018  0.95924586]
 [-0.21748519  0.29386035  0.9274452 ]
 [ 0.12103283  0.2419019   1.1067826 ]
 [ 0.30278534  0.2009055   1.0472474 ]
 [ 0.38106704  0.317559    0.9167396 ]]
[[ 0.          0.          0.76379466]
 [ 0.09751166  0.03010794  0.7798246 ]
 [ 0.10717961  0.3027576   0.48101497]
 [ 0.11899232  0.23710293  0.06024623]
 [ 0.07609778  0.37621424  0.        ]
 [-0.09756415 -0.03026066  0.7476502 ]
 [-0.10629706  0.01995251  0.37733316]
 [ 0.1393772  -0.34042317  0.4713657 ]
 [ 0.25216824 -0.36682814  0.4031706 ]
 [-0.00984124  0.11319418  0.9558066 ]
 [-0.01650599  0.26365358  1.1736363 ]
 [-0.08234656  0.353455    1.1983075 ]
 [-0.09134269  0.34566587  1.3228824 ]
 [-0.17377019  0.22719902  1.1559799 ]
 [-0.27398187  0.06508031  0.9913442 ]
 [-0.20782548  0.19662243  0.90045667]
 [ 0.12861675  0.24092832  1.1202717 ]
 [ 0.27923822  0.24364989  1.0162326 ]
 [ 0.30520847  0.4056349   0.8979158 ]]
[[ 0.          0.          0.78075904]
 [ 0.10143807  0.03176519  0.79624516]
 [ 0.1279635   0.2665351   0.48422903]
 [ 0.17400093  0.13010794  0.06929559]
 [ 0.12581429  0.27215844  0.        ]
 [-0.10150641 -0.03197502  0.7651574 ]
 [-0.15908419  0.07510257  0.4255185 ]
 [ 0.09584144 -0.29126862  0.4896686 ]
 [ 0.1941691  -0.2957461   0.38937443]
 [-0.01066659  0.11096117  0.97625995]
 [-0.01586999  0.2539134   1.1991549 ]
 [-0.08287638  0.34248525  1.2272663 ]
 [-0.08729707  0.3355103   1.3537662 ]
 [-0.17154068  0.21299201  1.1799047 ]
 [-0.25455788  0.0543322   1.0430096 ]
 [-0.17989878  0.13915719  0.9578795 ]
 [ 0.12608331  0.24765855  1.1389096 ]
 [ 0.22128424  0.33741972  0.9840436 ]
 [ 0.21489947  0.5222111   0.9231262 ]]
[[ 0.          0.          0.760612  ]
 [ 0.10233285  0.03155613  0.7759078 ]
 [ 0.18201387  0.17228891  0.43225405]
 [ 0.29552674 -0.06636143  0.09724563]
 [ 0.27860728  0.05529934  0.        ]
 [-0.10241944 -0.03178621  0.7452292 ]
 [-0.17127311  0.27042028  0.5322871 ]
 [-0.00701513 -0.03416139  0.3649985 ]
 [ 0.02937035  0.03495455  0.21673983]
 [-0.01168885  0.11829524  0.95315385]
 [-0.02117291  0.26154602  1.1731997 ]
 [-0.09947036  0.3501943   1.2002865 ]
 [-0.10267326  0.3412856   1.3312547 ]
 [-0.16554157  0.20561022  1.1622005 ]
 [-0.17266206  0.01080674  1.1427331 ]
 [-0.11911646  0.00258756  1.066786  ]
 [ 0.11406014  0.27762765  1.1165013 ]
 [ 0.11301284  0.45332995  0.9369182 ]
 [ 0.04674454  0.59022087  1.020913  ]]
[[ 0.          0.          0.6926686 ]
 [ 0.09839395  0.03522615  0.70146304]
 [ 0.21189216  0.08764479  0.33616906]
 [ 0.387501   -0.18769991  0.12433457]
 [ 0.4030909  -0.11011815  0.        ]
 [-0.0984534  -0.03539363  0.6838317 ]
 [-0.19626573  0.2757964   0.51184064]
 [-0.14154612  0.09529209  0.14320236]
 [-0.16012031  0.20400059  0.05373192]
 [-0.01915496  0.09822266  0.8952617 ]
 [-0.04550225  0.21502987  1.1249601 ]
 [-0.1343621   0.30853912  1.1426572 ]
 [-0.13974369  0.30271757  1.2811493 ]
 [-0.17660287  0.13475043  1.1210555 ]
 [-0.18938975 -0.0897868   1.2025945 ]
 [-0.12231893 -0.12907958  1.0978928 ]
 [ 0.08184388  0.24881482  1.0721109 ]
 [ 0.04095505  0.44717428  0.8986317 ]
 [-0.01563603  0.50144696  1.0639017 ]]
[[ 0.          0.          0.6293793 ]
 [ 0.09789059  0.03677391  0.6348401 ]
 [ 0.17254922  0.01860994  0.23010707]
 [ 0.33009484 -0.36252713  0.14710218]
 [ 0.36672854 -0.3320878   0.02766329]
 [-0.09794363 -0.03689963  0.6238922 ]
 [-0.18367085  0.3044251   0.43504244]
 [-0.16577199  0.28877538  0.04256111]
 [-0.1997745   0.4219899   0.        ]
 [-0.0244273   0.08740839  0.8358612 ]
 [-0.06571655  0.19103801  1.0696442 ]
 [-0.166197    0.2802146   1.0918655 ]
 [-0.16294226  0.26812047  1.226851  ]
 [-0.18091962  0.10639048  1.0583159 ]
 [-0.18621917 -0.12203658  1.1260729 ]
 [-0.16119358 -0.22256903  1.007232  ]
 [ 0.06002274  0.23111725  1.017724  ]
 [ 0.05597547  0.43601838  0.8318347 ]
 [-0.01582602  0.51152694  0.97767305]]
[[ 0.          0.          0.63013875]
 [ 0.096659    0.03366894  0.6316823 ]
 [ 0.13157873  0.02077085  0.21433952]
 [ 0.23725778 -0.42957503  0.23256835]
 [ 0.2866959  -0.44858077  0.14069751]
 [-0.0967253  -0.03378653  0.628562  ]
 [-0.14739296  0.3349765   0.42554045]
 [-0.13319045  0.39229023  0.02006286]
 [-0.1758658   0.54444134  0.        ]
 [-0.03615987  0.08908898  0.8334462 ]
 [-0.09111135  0.18409589  1.0663606 ]
 [-0.1793868   0.27132595  1.1055093 ]
 [-0.16957372  0.25253308  1.2365798 ]
 [-0.19915618  0.10518289  1.0344062 ]
 [-0.19200149 -0.1186153   1.030789  ]
 [-0.18095267 -0.20789778  0.9046371 ]
 [ 0.04617658  0.21594408  1.0170459 ]
 [ 0.10714154  0.38608623  0.8181848 ]
 [ 0.02738941  0.538671    0.8875411 ]]
[[ 0.          0.          0.65424603]
 [ 0.09898831  0.03701158  0.65360314]
 [ 0.08001143  0.03413793  0.23125646]
 [ 0.19000196 -0.43550617  0.30044138]
 [ 0.21862626 -0.46992433  0.20549548]
 [-0.0990532  -0.03716804  0.65484405]
 [-0.12260458  0.32855165  0.44096565]
 [-0.07437068  0.37719315  0.02554381]
 [-0.11779249  0.53458554  0.        ]
 [-0.03609177  0.09047405  0.8562287 ]
 [-0.09329188  0.17572218  1.0922331 ]
 [-0.18420258  0.25830227  1.1380407 ]
 [-0.1719231   0.23985386  1.2679055 ]
 [-0.20416805  0.09868342  1.0522652 ]
 [-0.20362264 -0.11043225  0.9717644 ]
 [-0.21211268 -0.19258207  0.8378546 ]
 [ 0.05002486  0.19920337  1.038732  ]
 [ 0.1453872   0.3284779   0.8424522 ]
 [ 0.11087462  0.4941952   0.83085346]]
[[ 0.          0.          0.70539236]
 [ 0.10012757  0.04274663  0.70607066]
 [ 0.03498144  0.13281977  0.3194431 ]
 [ 0.1593372  -0.31165162  0.41742623]
 [ 0.17971164 -0.32451355  0.27412388]
 [-0.10020129 -0.04293442  0.70463806]
 [-0.10968757  0.26667398  0.46380684]
 [-0.02655452  0.26399466  0.05380821]
 [-0.05634186  0.41724932  0.        ]
 [-0.03523239  0.10470977  0.9059048 ]
 [-0.09454836  0.1931583   1.1414112 ]
 [-0.18192822  0.27458397  1.1908755 ]
 [-0.1659579   0.2563882   1.320442  ]
 [-0.2085318   0.1191819   1.0943189 ]
 [-0.22371611 -0.06170368  0.9721074 ]
 [-0.2510801  -0.09095743  0.8390288 ]
 [ 0.05753358  0.20828167  1.0889597 ]
 [ 0.19307154  0.28846925  0.9103104 ]
 [ 0.22305821  0.46459627  0.8684222 ]]
[[ 0.          0.          0.7153779 ]
 [ 0.09844481  0.04588039  0.7211251 ]
 [-0.03850874  0.19740526  0.410577  ]
 [ 0.10047609 -0.22108734  0.3778103 ]
 [ 0.1170401  -0.194884    0.22797331]
 [-0.09851281 -0.04610161  0.70953554]
 [-0.07360356  0.17952377  0.42909023]
 [ 0.0520045   0.11669481  0.06688142]
 [ 0.01810652  0.2670197   0.        ]
 [-0.03271633  0.1071759   0.9152627 ]
 [-0.08847475  0.19591594  1.1527758 ]
 [-0.17554188  0.27738622  1.1956409 ]
 [-0.15222979  0.2551509   1.3259662 ]
 [-0.2109139   0.13910678  1.1064099 ]
 [-0.2503316   0.06389186  0.9562986 ]
 [-0.24206024  0.09595323  0.9333133 ]
 [ 0.06266154  0.19175991  1.101713  ]
 [ 0.22030066  0.15380704  1.0027941 ]
 [ 0.33617234  0.25713512  0.9322624 ]]
[[ 0.          0.          0.665486  ]
 [ 0.09504852  0.05326003  0.6808375 ]
 [-0.08000049  0.30127034  0.47300535]
 [ 0.01850816  0.07151756  0.12989038]
 [-0.04160582  0.1871621   0.01275134]
 [-0.09510773 -0.05350224  0.6499964 ]
 [ 0.0087774  -0.03732607  0.2985388 ]
 [ 0.19541666 -0.20398962  0.11150032]
 [ 0.22339684 -0.10514176  0.        ]
 [-0.02324653  0.09151912  0.8721291 ]
 [-0.05600926  0.18882364  1.1149763 ]
 [-0.13332433  0.2724242   1.1554383 ]
 [-0.10791714  0.25609946  1.2874575 ]
 [-0.20425025  0.13291025  1.0779423 ]
 [-0.3482784   0.05067125  0.89798707]
 [-0.23848423  0.22838563  1.0186744 ]
 [ 0.0966175   0.17233035  1.0717127 ]
 [ 0.2862524   0.08369437  1.0539147 ]
 [ 0.42943597  0.11067207  0.94541585]]
[[ 0.          0.          0.69674546]
 [ 0.09742926  0.04520374  0.71271944]
 [-0.04336348  0.30494833  0.48864543]
 [-0.01030019  0.16332164  0.07567197]
 [-0.07952023  0.29850796  0.        ]
 [-0.09748192 -0.0454352   0.6806302 ]
 [ 0.00239865 -0.05157509  0.31028485]
 [ 0.20956224 -0.28783044  0.21552426]
 [ 0.27652717 -0.22426158  0.11201388]
 [-0.0178353   0.08924173  0.9052887 ]
 [-0.03604361  0.19575793  1.1448945 ]
 [-0.11198014  0.28433356  1.1872066 ]
 [-0.09309493  0.26349378  1.3180536 ]
 [-0.19502568  0.15151882  1.1172087 ]
 [-0.34791237  0.07572278  0.94266003]
 [-0.21350557  0.27755958  1.0126214 ]
 [ 0.11436034  0.1749599   1.0961416 ]
 [ 0.2930559   0.06971052  1.0750173 ]
 [ 0.41031823  0.07065526  0.9407113 ]]
[[ 0.          0.          0.7092402 ]
 [ 0.09298817  0.03554507  0.72476625]
 [ 0.02020756  0.32087207  0.47107577]
 [ 0.01482256  0.26332256  0.04137039]
 [-0.04937232  0.3975469   0.        ]
 [-0.09304556 -0.03574042  0.6935861 ]
 [-0.04446042 -0.0218493   0.31140226]
 [ 0.19134793 -0.3599286   0.36529082]
 [ 0.28858137 -0.36104733  0.29678306]
 [-0.00936142  0.0943263   0.9147741 ]
 [-0.01827971  0.2035887   1.1530946 ]
 [-0.08667481  0.28704017  1.205246  ]
 [-0.06873661  0.2628926   1.3291469 ]
 [-0.17715415  0.1642299   1.1257114 ]
 [-0.31566203  0.03146201  0.9401572 ]
 [-0.22165123  0.24538592  0.8960835 ]
 [ 0.12484283  0.1873326   1.0946229 ]
 [ 0.30232704  0.1497668   1.0291759 ]
 [ 0.38199586  0.2628904   0.89322567]]
[[ 0.          0.          0.74043095]
 [ 0.09437877  0.03304857  0.75608104]
 [ 0.05615392  0.29936728  0.48045874]
 [ 0.05934962  0.22547716  0.04880637]
 [-0.00379992  0.35891968  0.        ]
 [-0.09444835 -0.03324296  0.72465533]
 [-0.09077144  0.02545562  0.3479563 ]
 [ 0.1572291  -0.35200816  0.43853998]
 [ 0.26118815 -0.38151821  0.39544654]
 [-0.0054169   0.09006608  0.94537497]
 [-0.01128011  0.19545597  1.1866199 ]
 [-0.07808366  0.27418435  1.2463202 ]
 [-0.05928752  0.24940634  1.3681568 ]
 [-0.16955462  0.1568417   1.1590486 ]
 [-0.27558935  0.01337668  0.981187  ]
 [-0.217219    0.16593023  0.8758161 ]
 [ 0.13093887  0.19446588  1.1188323 ]
 [ 0.3003595   0.24520004  1.0111332 ]
 [ 0.33116955  0.43925408  0.9072497 ]]
[[ 0.          0.          0.76767075]
 [ 0.09477091  0.03167595  0.7821758 ]
 [ 0.09402812  0.2721502   0.48840582]
 [ 0.1304259   0.15723556  0.06667465]
 [ 0.06323786  0.29402012  0.        ]
 [-0.09483922 -0.03188787  0.7530467 ]
 [-0.14300863  0.07675278  0.40157014]
 [ 0.11036637 -0.28517526  0.4755748 ]
 [ 0.22032273 -0.30734155  0.42971155]
 [-0.0023584   0.09222311  0.97210264]
 [-0.00201438  0.20201844  1.2125518 ]
 [-0.06475392  0.27890986  1.2747467 ]
 [-0.04654692  0.2541303   1.3984613 ]
 [-0.16008243  0.16321564  1.186234  ]
 [-0.2565876   0.01040573  1.0029527 ]
 [-0.19839424  0.10142943  0.87502694]
 [ 0.13736346  0.20483196  1.1395166 ]
 [ 0.25339666  0.29548487  0.9801688 ]
 [ 0.2339342   0.5075221   0.92410773]]
[[ 0.          0.          0.793774  ]
 [ 0.10058643  0.03302005  0.80641687]
 [ 0.12328191  0.14950234  0.46232378]
 [ 0.22156209 -0.04959482  0.07957333]
 [ 0.18243548  0.08227944  0.        ]
 [-0.10067493 -0.03328025  0.7810358 ]
 [-0.18025899  0.20234385  0.50362134]
 [ 0.03010322 -0.14356577  0.45311946]
 [ 0.10093421 -0.11232609  0.36023462]
 [-0.00442315  0.09772852  0.9985674 ]
 [-0.00870952  0.20274317  1.2381704 ]
 [-0.08144465  0.2800597   1.2990783 ]
 [-0.05597718  0.2508673   1.4276352 ]
 [-0.1629233   0.15089145  1.2115088 ]
 [-0.21129677 -0.03415591  1.0793037 ]
 [-0.18100855 -0.05219144  0.9399697 ]
 [ 0.12579489  0.22548336  1.1670582 ]
 [ 0.15706587  0.4022025   0.9911393 ]
 [ 0.12779206  0.5918458   1.052134  ]]
[[ 0.          0.          0.7244002 ]
 [ 0.09459323  0.04341371  0.73085415]
 [ 0.17043713  0.06442472  0.3466763 ]
 [ 0.36617008 -0.20257217  0.12183416]
 [ 0.38967264 -0.11949795  0.        ]
 [-0.09467128 -0.04366142  0.7178896 ]
 [-0.23183352  0.24904153  0.5272721 ]
 [-0.12821439  0.02907124  0.18726742]
 [-0.15192756  0.12870717  0.07680076]
 [-0.01839505  0.08337265  0.93300486]
 [-0.04383316  0.16369158  1.1783515 ]
 [-0.13245311  0.24123937  1.2366018 ]
 [-0.09855825  0.2116127   1.3687558 ]
 [-0.1734502   0.08413571  1.1546235 ]
 [-0.1722826  -0.14586952  1.1247509 ]
 [-0.13118649 -0.18525818  0.9805392 ]
 [ 0.07836233  0.21191168  1.113035  ]
 [ 0.04736998  0.42014724  0.95109385]
 [-0.01183797  0.4818769   1.110844  ]]
[[ 0.          0.          0.67537606]
 [ 0.09560522  0.04602368  0.6786243 ]
 [ 0.15688592  0.03233805  0.27241516]
 [ 0.36451882 -0.2981857   0.13925219]
 [ 0.4039684  -0.25022537  0.        ]
 [-0.09567989 -0.04622389  0.672094  ]
 [-0.23428309  0.23440363  0.46937495]
 [-0.20021388  0.17757407  0.07024765]
 [-0.2406854   0.30524793  0.02117521]
 [-0.02294278  0.07610288  0.88691616]
 [-0.06193885  0.14264333  1.135822  ]
 [-0.1626215   0.21868175  1.1985743 ]
 [-0.12304384  0.18804216  1.3309691 ]
 [-0.17942691  0.05404863  1.1063161 ]
 [-0.18400748 -0.17383733  1.070751  ]
 [-0.15719941 -0.24302596  0.9282985 ]
 [ 0.05842432  0.19603184  1.0737574 ]
 [ 0.03911076  0.38951963  0.89561534]
 [-0.02908085  0.4275158   1.037356  ]]
[[ 0.          0.          0.64947605]
 [ 0.09326477  0.0465136   0.6524506 ]
 [ 0.12260549  0.03966519  0.22870594]
 [ 0.29062086 -0.36505485  0.17965215]
 [ 0.33762735 -0.35610193  0.05381262]
 [-0.09334481 -0.04670246  0.6464571 ]
 [-0.19999492  0.2534009   0.4245814 ]
 [-0.19656667  0.3041732   0.01818019]
 [-0.24784166  0.44678998  0.        ]
 [-0.03194006  0.08021042  0.8579656 ]
 [-0.08510764  0.14301279  1.1054642 ]
 [-0.17677003  0.2132392   1.1698432 ]
 [-0.1378741   0.18399227  1.302603  ]
 [-0.1908766   0.05372444  1.0625056 ]
 [-0.19529025 -0.16467765  0.94669807]
 [-0.1948154  -0.23173892  0.791195  ]
 [ 0.03978775  0.19293457  1.0418344 ]
 [ 0.08506959  0.36690348  0.8428581 ]
 [-0.00131951  0.49391305  0.92095333]]
[[ 0.          0.          0.6804739 ]
 [ 0.09427394  0.05105256  0.6817802 ]
 [ 0.07469979  0.06662029  0.25829518]
 [ 0.23209655 -0.3553402   0.25319284]
 [ 0.2640814  -0.3592668   0.12025076]
 [-0.09435515 -0.0512595   0.6791142 ]
 [-0.16498582  0.26052618  0.4410246 ]
 [-0.14061406  0.30502772  0.0239051 ]
 [-0.19742975  0.4569759   0.        ]
 [-0.03823979  0.0802298   0.88613135]
 [-0.09741612  0.1405065   1.1328897 ]
 [-0.1910555   0.20652741  1.2013266 ]
 [-0.14917843  0.1751594   1.3298798 ]
 [-0.20247537  0.05833742  1.0880704 ]
 [-0.20258945 -0.1426537   0.9581197 ]
 [-0.1987896  -0.1971148   0.8162049 ]
 [ 0.03754447  0.18339807  1.0696574 ]
 [ 0.12312084  0.319688    0.8712472 ]
 [ 0.08075551  0.48187876  0.8668498 ]]
[[ 0.          0.          0.7167789 ]
 [ 0.09193058  0.05318145  0.71949834]
 [ 0.02167798  0.13855636  0.33044386]
 [ 0.18105847 -0.28676516  0.34118313]
 [ 0.20029622 -0.2854069   0.19801486]
 [-0.09201128 -0.05340393  0.7139884 ]
 [-0.13694422  0.23316477  0.46516356]
 [-0.09254049  0.23970988  0.03538561]
 [-0.14993247  0.38725227  0.        ]
 [-0.03292275  0.09436658  0.9210152 ]
 [-0.09040213  0.15570915  1.1676381 ]
 [-0.18755108  0.22264066  1.2402161 ]
 [-0.1395818   0.18732804  1.3675895 ]
 [-0.1933345   0.07464391  1.1160014 ]
 [-0.21440937 -0.10139637  0.94558436]
 [-0.24167144 -0.13263217  0.7982558 ]
 [ 0.04576579  0.19285458  1.1048877 ]
 [ 0.1649796   0.28486925  0.91645837]
 [ 0.18145776  0.45385894  0.87856776]]
[[ 0.          0.          0.7448679 ]
 [ 0.09079263  0.05248112  0.7523652 ]
 [-0.0517211   0.21053737  0.45031542]
 [ 0.10331969 -0.18404496  0.37748206]
 [ 0.11455956 -0.15790176  0.22073585]
 [-0.09087116 -0.05273624  0.7372646 ]
 [-0.10151553  0.14972538  0.44928905]
 [-0.00238891  0.10733724  0.05884457]
 [-0.05255565  0.25964028  0.        ]
 [-0.03278033  0.10013467  0.9469912 ]
 [-0.08906376  0.17086679  1.1917406 ]
 [-0.18042007  0.24067795  1.2606269 ]
 [-0.12946503  0.20006174  1.3886223 ]
 [-0.20705168  0.10387701  1.1416452 ]
 [-0.25604096 -0.00187366  0.9591505 ]
 [-0.2551194   0.04905577  0.914546  ]
 [ 0.05537636  0.18856984  1.1306903 ]
 [ 0.21772052  0.19550005  1.0261309 ]
 [ 0.31731093  0.33900237  0.96574706]]
[[ 0.          0.          0.7052012 ]
 [ 0.09012362  0.05775419  0.72081715]
 [-0.11371617  0.28824902  0.5289862 ]
 [-0.04677651  0.05796415  0.17575288]
 [-0.11518872  0.16566736  0.06516337]
 [-0.09019357 -0.05802406  0.6894559 ]
 [ 0.0078851  -0.00182998  0.34377143]
 [ 0.18073353 -0.16398126  0.10396463]
 [ 0.1932766  -0.04492146  0.        ]
 [-0.02468698  0.08394712  0.9161649 ]
 [-0.06344265  0.15932623  1.1651406 ]
 [-0.1445445   0.23946679  1.2265108 ]
 [-0.09612362  0.20851612  1.3556821 ]
 [-0.20613141  0.10462821  1.1222031 ]
 [-0.33915144  0.04219341  0.91851795]
 [-0.23304814  0.2492947   1.0423061 ]
 [ 0.08900561  0.15583521  1.1152933 ]
 [ 0.27523622  0.08579814  1.0895438 ]
 [ 0.43098304  0.15570891  0.9934205 ]]
[[ 0.          0.          0.6778171 ]
 [ 0.09241626  0.05213842  0.6936354 ]
 [-0.09392869  0.2953253   0.48278576]
 [-0.10171267  0.15475053  0.07547671]
 [-0.18953097  0.27365267  0.        ]
 [-0.09248933 -0.05239848  0.6618675 ]
 [ 0.01263892 -0.03585011  0.29916888]
 [ 0.22054827 -0.26199564  0.14451349]
 [ 0.2752521  -0.1747691   0.03850412]
 [-0.0192923   0.07650924  0.89311254]
 [-0.04479402  0.15513399  1.1423011 ]
 [-0.12493084  0.23910272  1.202814  ]
 [-0.08124427  0.20384747  1.3304036 ]
 [-0.19782522  0.11259815  1.1121235 ]
 [-0.34234563  0.076967    0.92856735]
 [-0.19684047  0.29019168  1.0273505 ]
 [ 0.10503706  0.14524347  1.0894036 ]
 [ 0.27976966  0.05079079  1.070121  ]
 [ 0.4201488   0.09870937  0.94753546]]
[[ 0.          0.          0.6983777 ]
 [ 0.08954245  0.04774699  0.7147332 ]
 [-0.05576299  0.30980733  0.4767003 ]
 [-0.09491998  0.24634135  0.0480268 ]
 [-0.18654427  0.37237585  0.        ]
 [-0.08961838 -0.0479933   0.681888  ]
 [-0.01589187 -0.03813741  0.3050226 ]
 [ 0.2308631  -0.3507638   0.2759967 ]
 [ 0.3249312  -0.31904995  0.17529267]
 [-0.01249947  0.0813843   0.91210663]
 [-0.02524043  0.1669473   1.15962   ]
 [-0.10206564  0.24811351  1.2270346 ]
 [-0.06020616  0.20960242  1.3512132 ]
 [-0.179748    0.1212908   1.1298704 ]
 [-0.33305743  0.03059477  0.9486345 ]
 [-0.20221102  0.25694796  0.97780657]
 [ 0.11758923  0.16303939  1.0980136 ]
 [ 0.29822648  0.11448899  1.0474296 ]
 [ 0.41087162  0.2261832   0.92517316]]
[[ 0.0000000e+00  0.0000000e+00  7.4325943e-01]
 [ 9.0236105e-02  4.2146031e-02  7.6143551e-01]
 [ 2.0114034e-03  2.9466540e-01  4.8545220e-01]
 [-2.2803247e-02  2.5594199e-01  4.6277344e-02]
 [-1.1024591e-01  3.8784358e-01  0.0000000e+00]
 [-9.0309277e-02 -4.2357154e-02  7.2495753e-01]
 [-7.6433882e-02 -7.1066618e-04  3.4518281e-01]
 [ 1.8597746e-01 -3.5755593e-01  4.1871595e-01]
 [ 3.0717084e-01 -3.6890274e-01  3.5276735e-01]
 [-8.2963593e-03  8.4003389e-02  9.5381069e-01]
 [-1.5128344e-02  1.7222291e-01  1.2020191e+00]
 [-8.4620386e-02  2.4659866e-01  1.2736228e+00]
 [-4.5172572e-02  2.1209145e-01  1.3960166e+00]
 [-1.7231233e-01  1.2919539e-01  1.1743538e+00]
 [-2.8247941e-01  2.4147928e-03  9.9553508e-01]
 [-2.2630006e-01  1.7512840e-01  9.1609967e-01]
 [ 1.2469501e-01  1.7389503e-01  1.1304277e+00]
 [ 2.9930639e-01  1.7806745e-01  1.0318501e+00]
 [ 3.5848075e-01  3.7311059e-01  9.1885102e-01]]
[[ 0.          0.          0.7764645 ]
 [ 0.09125661  0.04186123  0.7907774 ]
 [ 0.04673169  0.26759472  0.49206418]
 [ 0.04223604  0.18887246  0.05730015]
 [-0.03862436  0.31494248  0.        ]
 [-0.09132598 -0.04208622  0.7620279 ]
 [-0.1463241   0.07160017  0.41161603]
 [ 0.14670685 -0.28238064  0.49810308]
 [ 0.27891207 -0.29355913  0.4320138 ]
 [-0.00328646  0.08692782  0.98483247]
 [-0.00439849  0.18163344  1.2314568 ]
 [-0.07280223  0.2532404   1.3060701 ]
 [-0.03287007  0.22020507  1.4269874 ]
 [-0.15811251  0.13152152  1.2090927 ]
 [-0.26045516 -0.02002111  1.0284777 ]
 [-0.2034997   0.1204512   0.91124153]
 [ 0.13267149  0.19625485  1.1515931 ]
 [ 0.26802275  0.28375697  1.008718  ]
 [ 0.27208063  0.49594367  0.9476907 ]]
[[ 0.          0.          0.8014868 ]
 [ 0.09768066  0.04323669  0.8153174 ]
 [ 0.08133779  0.15455002  0.47854114]
 [ 0.14875276 -0.00751054  0.07179898]
 [ 0.07786792  0.12252849  0.        ]
 [-0.09777349 -0.04350672  0.78755623]
 [-0.19834279  0.18116589  0.5040066 ]
 [ 0.06802762 -0.16158132  0.52355844]
 [ 0.15632482 -0.13605714  0.41815346]
 [-0.00197767  0.0893843   1.0094929 ]
 [-0.00218029  0.17945439  1.2561395 ]
 [-0.07400844  0.24906152  1.3285542 ]
 [-0.03371812  0.21432954  1.4531429 ]
 [-0.1551899   0.11948425  1.2336433 ]
 [-0.2248063  -0.06235072  1.0891798 ]
 [-0.1642047   0.0028826   0.9559275 ]
 [ 0.1275246   0.20967278  1.173501  ]
 [ 0.18381685  0.36175776  0.99830556]
 [ 0.14547184  0.55577993  1.0212386 ]]
[[ 0.          0.          0.7409454 ]
 [ 0.09060583  0.04644264  0.7480743 ]
 [ 0.15573418  0.07999325  0.3890611 ]
 [ 0.34125966 -0.1537844   0.09789205]
 [ 0.3367499  -0.06311387  0.        ]
 [-0.09068071 -0.04669544  0.73375595]
 [-0.23587328  0.2708462   0.557364  ]
 [-0.08148678 -0.01724848  0.2852048 ]
 [-0.0977923   0.07147896  0.14489186]
 [-0.00284845  0.07729375  0.950159  ]
 [-0.00879161  0.15058094  1.1989354 ]
 [-0.09624016  0.22293937  1.264338  ]
 [-0.04938465  0.18784875  1.3944762 ]
 [-0.13725418  0.06132397  1.1865479 ]
 [-0.14013582 -0.17679223  1.1318223 ]
 [-0.09007547 -0.21404688  0.99398476]
 [ 0.10082311  0.21275172  1.1193331 ]
 [ 0.05901947  0.42261404  0.9620458 ]
 [ 0.0048701   0.5063398   1.1234787 ]]
[[ 0.          0.          0.6733358 ]
 [ 0.08701068  0.05002439  0.6723522 ]
 [ 0.1408476   0.02087325  0.2766626 ]
 [ 0.36369836 -0.2777298   0.11391169]
 [ 0.40635824 -0.23832965  0.        ]
 [-0.08708624 -0.05022505  0.6742909 ]
 [-0.24376142  0.246279    0.49518222]
 [-0.19969225  0.11302853  0.10712528]
 [-0.24345824  0.23946205  0.03256124]
 [-0.00382449  0.06733939  0.8891907 ]
 [-0.02693081  0.12031221  1.1426741 ]
 [-0.13366595  0.18794686  1.2057    ]
 [-0.08680968  0.15451217  1.337922  ]
 [-0.1285786   0.01563299  1.1283958 ]
 [-0.10544755 -0.23274454  1.1190509 ]
 [-0.08933239 -0.32893923  0.9562532 ]
 [ 0.07449455  0.19507754  1.0681478 ]
 [ 0.03408153  0.39170364  0.90246034]
 [-0.02037805  0.41910294  1.0726743 ]]
[[ 0.          0.          0.62150294]
 [ 0.08770271  0.04772824  0.61907685]
 [ 0.10016888  0.02309406  0.2069349 ]
 [ 0.29532307 -0.38915855  0.16479075]
 [ 0.34866297 -0.40018165  0.08024603]
 [-0.08778043 -0.04790206  0.62389696]
 [-0.21283478  0.2592636   0.4306996 ]
 [-0.21932805  0.27414706  0.03507888]
 [-0.2729532   0.42009327  0.        ]
 [-0.01775651  0.06238315  0.8368298 ]
 [-0.05787367  0.11027259  1.0888554 ]
 [-0.15993673  0.17790508  1.151339  ]
 [-0.11010009  0.1421057   1.2814593 ]
 [-0.14864501  0.00818866  1.0649399 ]
 [-0.12207324 -0.2250033   0.9795558 ]
 [-0.12957197 -0.29189393  0.8003377 ]
 [ 0.04995174  0.17885625  1.0150447 ]
 [ 0.059002    0.37415326  0.8316493 ]
 [-0.02805933  0.4369436   0.93662167]]
[[ 0.          0.          0.6367881 ]
 [ 0.09038135  0.05230022  0.6306109 ]
 [ 0.05221798  0.05353004  0.21556515]
 [ 0.2184807  -0.40314722  0.25028488]
 [ 0.26646972 -0.43705776  0.17343944]
 [-0.09046713 -0.05248504  0.642928  ]
 [-0.17005381  0.25758424  0.41948536]
 [-0.1752738   0.31083983  0.01392293]
 [-0.23352432  0.46057716  0.        ]
 [-0.0262554   0.06821918  0.8481295 ]
 [-0.0770068   0.11422437  1.0991346 ]
 [-0.1695598   0.17630744  1.1687388 ]
 [-0.1213949   0.14169163  1.2967219 ]
 [-0.17023307  0.0218499   1.0600147 ]
 [-0.14585625 -0.17292899  0.9024289 ]
 [-0.17268467 -0.22403191  0.75557494]
 [ 0.04528267  0.16816625  1.0260783 ]
 [ 0.10285044  0.3194818   0.8276355 ]
 [ 0.03458155  0.44014806  0.8496865 ]]
[[ 0.          0.          0.6771054 ]
 [ 0.08978274  0.05416007  0.6705225 ]
 [ 0.01426592  0.12936357  0.28139994]
 [ 0.188981   -0.3126066   0.3470788 ]
 [ 0.22490084 -0.34137884  0.24902096]
 [-0.08985868 -0.05435138  0.6836379 ]
 [-0.14362875  0.23262942  0.44900352]
 [-0.11546955  0.25254536  0.03054434]
 [-0.17560601  0.40451607  0.        ]
 [-0.0244779   0.08007212  0.8857285 ]
 [-0.07571626  0.12704182  1.1375046 ]
 [-0.17260015  0.19353428  1.208456  ]
 [-0.11908612  0.15483475  1.3354764 ]
 [-0.17007992  0.03558874  1.0933166 ]
 [-0.15600973 -0.1451915   0.92191124]
 [-0.2051151  -0.15299064  0.79380554]
 [ 0.05250238  0.17257395  1.0638677 ]
 [ 0.132002    0.26938444  0.88189185]
 [ 0.1343007   0.39420825  0.83024937]]
[[ 0.          0.          0.7013692 ]
 [ 0.08615781  0.05520997  0.7005356 ]
 [-0.05047346  0.20170593  0.38448912]
 [ 0.1350464  -0.21926206  0.3793245 ]
 [ 0.16365942 -0.21195358  0.23977473]
 [-0.08623043 -0.05544136  0.7021119 ]
 [-0.10694604  0.14520472  0.43069807]
 [-0.02010798  0.12620151  0.04807574]
 [-0.07162628  0.2695056   0.        ]
 [-0.02165447  0.09008962  0.9064655 ]
 [-0.06669632  0.14870954  1.1566854 ]
 [-0.16045666  0.2149328   1.2286024 ]
 [-0.10380122  0.17266858  1.3554116 ]
 [-0.16886778  0.06174511  1.1095266 ]
 [-0.20498589 -0.09198913  0.91099966]
 [-0.24104565 -0.05035222  0.8435509 ]
 [ 0.06205567  0.1843428   1.0851992 ]
 [ 0.18672189  0.20472957  0.9450229 ]
 [ 0.2611317   0.33988035  0.8849218 ]]
[[ 0.          0.          0.65912294]
 [ 0.0840058   0.06348888  0.6719937 ]
 [-0.11890122  0.29305497  0.48145673]
 [ 0.01325717  0.01381186  0.18265498]
 [-0.04162113  0.11176166  0.06251073]
 [-0.08408052 -0.06375783  0.64611536]
 [ 0.00531752 -0.01071841  0.3280006 ]
 [ 0.17310871 -0.14565712  0.09564984]
 [ 0.1833458  -0.02997983  0.        ]
 [-0.0156582   0.08705871  0.8668643 ]
 [-0.04591747  0.15615779  1.1189866 ]
 [-0.13224743  0.23179746  1.1878278 ]
 [-0.07138084  0.19455588  1.3133341 ]
 [-0.18033686  0.08221036  1.0767742 ]
 [-0.32183063 -0.02384585  0.8797915 ]
 [-0.22780395  0.19210449  0.9647505 ]
 [ 0.09540162  0.17009443  1.0593755 ]
 [ 0.2850715   0.1191107   1.0044765 ]
 [ 0.4181876   0.20661205  0.88094187]]
[[ 0.          0.          0.6555268 ]
 [ 0.08714211  0.05575819  0.67039734]
 [-0.0894978   0.283125    0.4666531 ]
 [-0.05790883  0.12655967  0.07559592]
 [-0.1390424   0.24816403  0.        ]
 [-0.08721034 -0.0560137   0.6405093 ]
 [ 0.01176231 -0.04636878  0.2901409 ]
 [ 0.22876894 -0.27553615  0.18112183]
 [ 0.2962243  -0.20183533  0.08781517]
 [-0.01408617  0.08023131  0.867172  ]
 [-0.0307551   0.15875235  1.117808  ]
 [-0.11073007  0.23940837  1.1828556 ]
 [-0.06013811  0.20089686  1.3094246 ]
 [-0.18335032  0.10211954  1.0870304 ]
 [-0.3411809   0.00382718  0.9118136 ]
 [-0.21566686  0.22937196  0.9722554 ]
 [ 0.11314511  0.15886337  1.058535  ]
 [ 0.2935176   0.07462108  1.0144275 ]
 [ 0.41487396  0.14457433  0.8695969 ]]
[[ 0.          0.          0.6840847 ]
 [ 0.08296417  0.04505531  0.6991254 ]
 [-0.05387191  0.287707    0.46609882]
 [-0.07973985  0.22910386  0.04064131]
 [-0.16824225  0.3472085   0.        ]
 [-0.08302239 -0.04526931  0.668907  ]
 [-0.01719233 -0.02527875  0.2993451 ]
 [ 0.23541778 -0.32501566  0.3125785 ]
 [ 0.34462225 -0.29845437  0.24213773]
 [-0.0124389   0.07271029  0.89604807]
 [-0.02361421  0.150051    1.1461928 ]
 [-0.09772465  0.22465238  1.2188542 ]
 [-0.05183247  0.18557054  1.3422117 ]
 [-0.17428343  0.09469384  1.1166846 ]
 [-0.32837123 -0.03463624  0.94806993]
 [-0.23891133  0.17577791  0.9373293 ]
 [ 0.11406456  0.15992212  1.0801024 ]
 [ 0.3102872   0.15174228  1.0096332 ]
 [ 0.40104386  0.27711856  0.8658596 ]]
[[ 0.          0.          0.7005372 ]
 [ 0.08590513  0.04159901  0.7167258 ]
 [-0.00150375  0.2896306   0.464364  ]
 [-0.02963962  0.22795144  0.03437084]
 [-0.11470084  0.3547919   0.        ]
 [-0.08597209 -0.04179522  0.684221  ]
 [-0.06397757  0.00386059  0.31735647]
 [ 0.19423401 -0.34661213  0.39439565]
 [ 0.31742206 -0.3504706   0.3536736 ]
 [-0.00830068  0.07577984  0.91045773]
 [-0.01643952  0.15566182  1.1611251 ]
 [-0.08781153  0.2260803   1.2385639 ]
 [-0.03857359  0.18652791  1.3608665 ]
 [-0.1680975   0.09744757  1.1323285 ]
 [-0.28716868 -0.06487662  0.9696457 ]
 [-0.25596714  0.10452695  0.8841542 ]
 [ 0.11798289  0.16976756  1.0857766 ]
 [ 0.29912278  0.20276986  0.9829831 ]
 [ 0.3446524   0.39646155  0.86155796]]
[[ 0.          0.          0.71752477]
 [ 0.08797733  0.04197302  0.7329736 ]
 [ 0.04179668  0.28172144  0.47344452]
 [ 0.04028608  0.17688435  0.05020744]
 [-0.04436056  0.31020647  0.        ]
 [-0.08805251 -0.04221327  0.70194834]
 [-0.12039043  0.05478603  0.35890213]
 [ 0.15860915 -0.30641794  0.44624388]
 [ 0.29294553 -0.31303132  0.39688164]
 [-0.00645249  0.07782567  0.9257817 ]
 [-0.00890703  0.16339031  1.1752176 ]
 [-0.07434832  0.23653749  1.2504764 ]
 [-0.0257474   0.19730264  1.3740171 ]
 [-0.15773438  0.1054287   1.1482459 ]
 [-0.27199253 -0.04344353  0.9844595 ]
 [-0.20534432  0.13166927  0.8918469 ]
 [ 0.12382141  0.18811202  1.0952578 ]
 [ 0.2636841   0.29839388  0.9621568 ]
 [ 0.27289227  0.50957227  0.9001363 ]]
[[ 0.          0.          0.73713887]
 [ 0.09378442  0.04071481  0.75096726]
 [ 0.09854773  0.18573055  0.45736146]
 [ 0.17160667  0.00850934  0.06402886]
 [ 0.11626071  0.13814276  0.        ]
 [-0.09387743 -0.04098014  0.72321177]
 [-0.17297685  0.18607092  0.44642052]
 [ 0.08779378 -0.18055327  0.4787721 ]
 [ 0.17360382 -0.15740049  0.3885048 ]
 [-0.00146992  0.08324493  0.9433522 ]
 [-0.00238696  0.16824585  1.1919668 ]
 [-0.0707639   0.24001384  1.2660058 ]
 [-0.0225974   0.20032406  1.3918575 ]
 [-0.14844972  0.1012626   1.1687982 ]
 [-0.22063686 -0.0847028   1.0332354 ]
 [-0.16677593  0.00251085  0.9032613 ]
 [ 0.12247716  0.20781124  1.1086447 ]
 [ 0.1922129   0.3882729   0.9538106 ]
 [ 0.1653176   0.5773508   0.9794267 ]]
[[ 0.          0.          0.68955827]
 [ 0.08711632  0.04857201  0.6989187 ]
 [ 0.17192873  0.11011185  0.36072943]
 [ 0.36327568 -0.12247485  0.09887594]
 [ 0.36470592 -0.03042257  0.        ]
 [-0.08719313 -0.04882381  0.6801312 ]
 [-0.21526903  0.27559057  0.4960185 ]
 [-0.07567622 -0.04937494  0.26023874]
 [-0.08769543  0.03602386  0.14638746]
 [-0.01010858  0.0691911   0.8973605 ]
 [-0.0207881   0.13809353  1.1484492 ]
 [-0.09637672  0.21288416  1.2168938 ]
 [-0.04375225  0.17010617  1.3488979 ]
 [-0.14798476  0.0501833   1.1342139 ]
 [-0.13549694 -0.17443193  1.0560753 ]
 [-0.09555978 -0.19039392  0.9295307 ]
 [ 0.08906864  0.20301116  1.0666349 ]
 [ 0.05145443  0.40845004  0.91905934]
 [-0.00346765  0.4836483   1.0641708 ]]
[[ 0.          0.          0.5925964 ]
 [ 0.08787055  0.04845222  0.59414005]
 [ 0.18702486  0.05406311  0.2223351 ]
 [ 0.39556456 -0.27238315  0.11849183]
 [ 0.44767082 -0.24412811  0.        ]
 [-0.08794316 -0.04863668  0.5910238 ]
 [-0.23006332  0.28535187  0.42657578]
 [-0.18463191  0.14690667  0.06505418]
 [-0.23328519  0.27736878  0.00143296]
 [-0.01337035  0.05734509  0.80598855]
 [-0.04456528  0.10548654  1.0614411 ]
 [-0.13963681  0.17299688  1.1267719 ]
 [-0.08360983  0.1320976   1.258493  ]
 [-0.14489408  0.00845161  1.0448459 ]
 [-0.07818451 -0.22173794  1.0256367 ]
 [-0.08936453 -0.32060033  0.8549846 ]
 [ 0.05992747  0.17959398  0.98387104]
 [ 0.0148702   0.38625875  0.82660806]
 [-0.04141894  0.4059615   0.9902476 ]]
[[ 0.          0.          0.5668404 ]
 [ 0.08410623  0.04644805  0.56603885]
 [ 0.12326467  0.00558075  0.1707825 ]
 [ 0.29136056 -0.4316132   0.17211294]
 [ 0.35470128 -0.45635095  0.08887845]
 [-0.08417682 -0.04659064  0.56762666]
 [-0.18701467  0.2954667   0.38923728]
 [-0.19271627  0.3349002   0.01556098]
 [-0.25244147  0.4844712   0.        ]
 [-0.0197959   0.05485953  0.7787433 ]
 [-0.06159598  0.09791613  1.0320196 ]
 [-0.16350928  0.16263884  1.0980998 ]
 [-0.10767883  0.12250632  1.2264216 ]
 [-0.14776143  0.00259531  1.0022341 ]
 [-0.09103197 -0.21929651  0.9006217 ]
 [-0.14458323 -0.3273185   0.7410658 ]
 [ 0.04455606  0.16516435  0.9590538 ]
 [ 0.04148454  0.3530144   0.7769736 ]
 [-0.03634483  0.4193484   0.87314266]]
[[ 0.          0.          0.5795647 ]
 [ 0.08535575  0.05131872  0.5770102 ]
 [ 0.07718065  0.05425799  0.17955989]
 [ 0.22901392 -0.3995939   0.2460272 ]
 [ 0.2801652  -0.44521564  0.17366159]
 [-0.08541918 -0.05146044  0.58210033]
 [-0.14619184  0.30088425  0.3854544 ]
 [-0.13811806  0.36740786  0.00418758]
 [-0.19741625  0.52256656  0.        ]
 [-0.02818689  0.06330633  0.7871903 ]
 [-0.07928355  0.10998875  1.0381792 ]
 [-0.1764211   0.16712761  1.1064634 ]
 [-0.11541522  0.1275428   1.2340211 ]
 [-0.16300249  0.0155997   0.9975455 ]
 [-0.11205048 -0.17575163  0.82507646]
 [-0.1958713  -0.26495853  0.70899093]
 [ 0.03729432  0.16853893  0.9659151 ]
 [ 0.09570979  0.34139886  0.7829379 ]
 [ 0.0441253   0.48549822  0.8062782 ]]
[[ 0.          0.          0.61214024]
 [ 0.08611228  0.05320923  0.60901695]
 [ 0.03320352  0.12554023  0.23526296]
 [ 0.19328481 -0.3069402   0.3339874 ]
 [ 0.2312665  -0.35035157  0.24608076]
 [-0.08616859 -0.05337223  0.61522996]
 [-0.11732958  0.28938952  0.4065588 ]
 [-0.07441953  0.31097245  0.02203387]
 [-0.13529891  0.46606457  0.        ]
 [-0.02717335  0.07882482  0.815892  ]
 [-0.0816953   0.12250674  1.0646245 ]
 [-0.18255907  0.18048716  1.1384053 ]
 [-0.11797777  0.13893902  1.2642419 ]
 [-0.16523606  0.02505076  1.0186346 ]
 [-0.15431918 -0.1564984   0.8474121 ]
 [-0.23811516 -0.22956221  0.71556735]
 [ 0.03804793  0.17887634  0.99494964]
 [ 0.12027211  0.31062418  0.8179072 ]
 [ 0.14051226  0.4478827   0.7959446 ]]
[[ 0.          0.          0.64203346]
 [ 0.07943516  0.05283686  0.6415253 ]
 [-0.02824035  0.18332595  0.32672232]
 [ 0.15191188 -0.24252757  0.37679845]
 [ 0.18879348 -0.25864106  0.25415438]
 [-0.07948752 -0.05302449  0.64247656]
 [-0.08310467  0.21309078  0.39623213]
 [-0.00132713  0.20455992  0.04163122]
 [-0.05628516  0.34903795  0.        ]
 [-0.02547525  0.0879173   0.8444481 ]
 [-0.0763009   0.14262104  1.0926279 ]
 [-0.17728117  0.2024653   1.1610787 ]
 [-0.11496654  0.16034794  1.2871978 ]
 [-0.16882053  0.05207065  1.0443823 ]
 [-0.18906254 -0.1125448   0.8506458 ]
 [-0.26717466 -0.10223803  0.7849363 ]
 [ 0.04417934  0.18371332  1.0247818 ]
 [ 0.15529975  0.21338435  0.88228565]
 [ 0.2405221   0.3858117   0.83338   ]]
[[ 0.          0.          0.6271647 ]
 [ 0.07901562  0.06871002  0.6423355 ]
 [-0.12294795  0.30106968  0.45241967]
 [ 0.02983416  0.04043701  0.18945843]
 [-0.02059438  0.13331196  0.08136505]
 [-0.07907378 -0.06894606  0.61186713]
 [ 0.02070349  0.04534066  0.31015974]
 [ 0.19655818 -0.06215906  0.10043675]
 [ 0.20452134  0.06741476  0.        ]
 [-0.02155948  0.08090064  0.83408165]
 [-0.05984776  0.1462431   1.0871015 ]
 [-0.15869904  0.21040308  1.1570792 ]
 [-0.08735517  0.17487353  1.2829275 ]
 [-0.18666267  0.05839759  1.0416372 ]
 [-0.3305597  -0.05397654  0.84174955]
 [-0.263009    0.138053    0.9483685 ]
 [ 0.07630616  0.17813459  1.0299745 ]
 [ 0.27290437  0.16121244  0.9871367 ]
 [ 0.39833438  0.25907075  0.8670285 ]]
[[ 0.          0.          0.57800853]
 [ 0.08092921  0.06034395  0.59294873]
 [-0.09355445  0.32425207  0.40811586]
 [-0.05806914  0.18729794  0.0616529 ]
 [-0.14795867  0.30145344  0.        ]
 [-0.08098227 -0.06055962  0.5629239 ]
 [ 0.03879534 -0.00268108  0.2396614 ]
 [ 0.2509084  -0.18396932  0.14871919]
 [ 0.3237251  -0.09864169  0.04427922]
 [-0.02389511  0.07069355  0.7899468 ]
 [-0.04971036  0.14576864  1.0420184 ]
 [-0.13760565  0.22000194  1.110778  ]
 [-0.07217625  0.1789689   1.2348869 ]
 [-0.19364145  0.07610804  1.0076464 ]
 [-0.35366887 -0.00587672  0.83537865]
 [-0.23484835  0.21660742  0.9258368 ]
 [ 0.0885822   0.163795    0.9833509 ]
 [ 0.27696     0.10790524  0.94701177]
 [ 0.37630063  0.1832953   0.80770963]]
[[ 0.          0.          0.6018445 ]
 [ 0.07795206  0.05185216  0.616233  ]
 [-0.05064343  0.32970732  0.41406304]
 [-0.08342642  0.30218974  0.02933568]
 [-0.18459219  0.4227556   0.        ]
 [-0.07800926 -0.05204443  0.58731335]
 [ 0.00771618 -0.04976547  0.24054164]
 [ 0.25236014 -0.32075274  0.25472832]
 [ 0.36721227 -0.28891703  0.1763289 ]
 [-0.01913335  0.07397428  0.8118255 ]
 [-0.03379422  0.15690887  1.0598416 ]
 [-0.11145973  0.22572434  1.1356814 ]
 [-0.05236642  0.183842    1.2539358 ]
 [-0.17699951  0.09057087  1.0282857 ]
 [-0.3351261  -0.02594596  0.86527646]
 [-0.2281268   0.20716101  0.8866875 ]
 [ 0.09777039  0.17529243  0.99613094]
 [ 0.27933913  0.14277491  0.9345002 ]
 [ 0.35464656  0.25134552  0.80129826]]
[[ 0.          0.          0.62844366]
 [ 0.08149689  0.05102725  0.6448404 ]
 [ 0.00879535  0.34599262  0.4274751 ]
 [-0.02361351  0.31633052  0.02928048]
 [-0.12187284  0.44958714  0.        ]
 [-0.08155578 -0.05121305  0.6119124 ]
 [-0.04044686 -0.02326167  0.25949746]
 [ 0.2221446  -0.3267982   0.34075502]
 [ 0.35180378 -0.32530972  0.28540787]
 [-0.01747593  0.07537968  0.835896  ]
 [-0.03029492  0.16219145  1.0841103 ]
 [-0.10229337  0.23063159  1.1636984 ]
 [-0.04483777  0.1888138   1.2799685 ]
 [-0.17426115  0.09314761  1.0540144 ]
 [-0.29332042 -0.0663607   0.89518   ]
 [-0.23321855  0.15767728  0.8466497 ]
 [ 0.10154041  0.19081777  1.0124735 ]
 [ 0.2696236   0.22920969  0.923625  ]
 [ 0.3127213   0.40161982  0.8196479 ]]
[[ 0.          0.          0.66420186]
 [ 0.08256565  0.05054984  0.6815266 ]
 [ 0.04447669  0.30888999  0.44197884]
 [ 0.05209147  0.22966391  0.04112488]
 [-0.03961205  0.36186695  0.        ]
 [-0.08262853 -0.05075999  0.6467434 ]
 [-0.10249135  0.03639603  0.32420975]
 [ 0.17360592 -0.28752786  0.4114133 ]
 [ 0.30475223 -0.28919756  0.3517518 ]
 [-0.01499403  0.07886434  0.8677027 ]
 [-0.02128375  0.17478693  1.1138546 ]
 [-0.08977976  0.24383655  1.193089  ]
 [-0.03033791  0.19919622  1.3113804 ]
 [-0.16070497  0.10281292  1.0865961 ]
 [-0.26970086 -0.07090399  0.92711145]
 [-0.20930366  0.08305416  0.83848685]
 [ 0.10627307  0.2124942   1.0343553 ]
 [ 0.24220866  0.34189463  0.9186778 ]
 [ 0.248592    0.53561115  0.876674  ]]
[[ 0.          0.          0.68373615]
 [ 0.0903793   0.04937853  0.6988182 ]
 [ 0.09487741  0.22939739  0.42851758]
 [ 0.16549975  0.05276561  0.05603725]
 [ 0.10207138  0.1781686   0.        ]
 [-0.0904564  -0.04961907  0.6685562 ]
 [-0.1676501   0.16183987  0.40325066]
 [ 0.11663993 -0.17160954  0.45203143]
 [ 0.2207472  -0.14812827  0.36390805]
 [-0.01273369  0.08508269  0.88496697]
 [-0.01476025  0.18553314  1.1299735 ]
 [-0.08010101  0.2552241   1.2061448 ]
 [-0.02161589  0.21064049  1.3263842 ]
 [-0.15283793  0.10641176  1.1089691 ]
 [-0.22389272 -0.09685108  0.9704901 ]
 [-0.17581835 -0.05962772  0.83530414]
 [ 0.10835647  0.23334438  1.0479434 ]
 [ 0.16853163  0.37606934  0.8991221 ]
 [ 0.14004818  0.54093194  0.92927665]]
[[ 0.          0.          0.6361731 ]
 [ 0.08122696  0.05377176  0.6472841 ]
 [ 0.19490007  0.15232463  0.34277484]
 [ 0.39389637 -0.07218063  0.09241307]
 [ 0.39528242  0.0171634   0.        ]
 [-0.08127981 -0.0539782   0.6250106 ]
 [-0.22907138  0.2913308   0.46905744]
 [-0.04625754  0.02596864  0.2731215 ]
 [-0.04465119  0.1029076   0.14961252]
 [-0.01457864  0.06760976  0.83574224]
 [-0.01968174  0.14666295  1.0805736 ]
 [-0.09693877  0.21274137  1.1527247 ]
 [-0.03457776  0.16750044  1.2783849 ]
 [-0.13248822  0.04134291  1.0701184 ]
 [-0.12291642 -0.20023814  0.99789226]
 [-0.08383363 -0.25053677  0.8480778 ]
 [ 0.07873052  0.22454405  1.0001194 ]
 [ 0.03344465  0.41063353  0.85080045]
 [-0.03084116  0.45097947  1.0033673 ]]
[[ 0.          0.          0.55714154]
 [ 0.07751876  0.06065698  0.5647626 ]
 [ 0.19246733  0.11261508  0.23074782]
 [ 0.4307626  -0.13850352  0.10742235]
 [ 0.48413086 -0.09549123  0.        ]
 [-0.07757919 -0.06082696  0.54950315]
 [-0.2414329   0.26887515  0.41414928]
 [-0.15123984  0.15940496  0.09466901]
 [-0.19831118  0.27192092  0.02654481]
 [-0.01547724  0.05359505  0.76603687]
 [-0.03985769  0.10867298  1.0181298 ]
 [-0.13663584  0.16946182  1.0821788 ]
 [-0.07074247  0.12726086  1.2119279 ]
 [-0.12375244 -0.00600633  1.0073377 ]
 [-0.07609414 -0.24350415  0.9989356 ]
 [-0.05932854 -0.3370882   0.83009446]
 [ 0.05041473  0.2031655   0.94110185]
 [ 0.02075993  0.40851718  0.790316  ]
 [-0.0350461   0.40744597  0.94528234]]
[[ 0.          0.          0.52839196]
 [ 0.08051535  0.06028774  0.5309428 ]
 [ 0.1458709   0.08616     0.15895364]
 [ 0.34190118 -0.3056758   0.15456754]
 [ 0.4185239  -0.31046313  0.07022601]
 [-0.08057743 -0.0604135   0.52583325]
 [-0.19848555  0.29322952  0.37635958]
 [-0.18172103  0.35821578  0.02303457]
 [-0.24426654  0.50487566  0.        ]
 [-0.02094117  0.05362159  0.7386887 ]
 [-0.05945605  0.09700894  0.9913186 ]
 [-0.16446564  0.1547333   1.059475  ]
 [-0.09303978  0.11306924  1.1844678 ]
 [-0.12978464 -0.01945484  0.9696183 ]
 [-0.09013104 -0.25445932  0.9272726 ]
 [-0.11341441 -0.3675986   0.75013036]
 [ 0.03136429  0.18737864  0.91851026]
 [ 0.04012588  0.3728494   0.7399074 ]
 [-0.03299499  0.44058856  0.83608353]]
[[ 0.          0.          0.549664  ]
 [ 0.08480519  0.06464963  0.55054754]
 [ 0.09455297  0.10618782  0.16778642]
 [ 0.25966787 -0.3289843   0.2247524 ]
 [ 0.33341932 -0.3620627   0.15173769]
 [-0.08486772 -0.0647787   0.5487729 ]
 [-0.14931926  0.31230956  0.3776713 ]
 [-0.13168338  0.39340985  0.01405287]
 [-0.19445956  0.55257523  0.        ]
 [-0.02924584  0.05789533  0.7571696 ]
 [-0.07843019  0.09604934  1.0086194 ]
 [-0.17733881  0.14779091  1.0802934 ]
 [-0.10510397  0.1061672   1.2047076 ]
 [-0.14674874 -0.01578811  0.97346765]
 [-0.1227449  -0.23473285  0.8834373 ]
 [-0.17612922 -0.3574352   0.72516835]
 [ 0.02563899  0.1764397   0.93809855]
 [ 0.08603211  0.33798438  0.7508155 ]
 [ 0.03428116  0.5087488   0.7771505 ]]
[[ 0.          0.          0.58880657]
 [ 0.08500007  0.06663604  0.5888261 ]
 [ 0.04368619  0.210037    0.24417111]
 [ 0.23077255 -0.19615597  0.33336318]
 [ 0.28517917 -0.21930528  0.23913729]
 [-0.08504269 -0.06680025  0.5887531 ]
 [-0.12825832  0.27383077  0.39820942]
 [-0.05587149  0.30930176  0.03342754]
 [-0.12160352  0.45641032  0.        ]
 [-0.02789619  0.0672096   0.7916361 ]
 [-0.07562138  0.10326916  1.04323   ]
 [-0.17786519  0.15916234  1.1234593 ]
 [-0.10359174  0.112665    1.2461979 ]
 [-0.15212199 -0.00660157  0.9976325 ]
 [-0.14920148 -0.19049087  0.8115121 ]
 [-0.22893116 -0.23019907  0.6987398 ]
 [ 0.03732749  0.17600241  0.9720352 ]
 [ 0.11521623  0.28977865  0.8015165 ]
 [ 0.15653078  0.4521392   0.75782627]]
[[ 0.          0.          0.60936594]
 [ 0.0764409   0.06590997  0.613706  ]
 [-0.0499073   0.25713238  0.34252593]
 [ 0.16393867 -0.13647349  0.3574722 ]
 [ 0.20429842 -0.12697169  0.22915456]
 [-0.07650009 -0.06610015  0.60495484]
 [-0.08337088  0.16557473  0.3681007 ]
 [ 0.03903758  0.1826137   0.05562699]
 [-0.02151929  0.32284603  0.        ]
 [-0.0245793   0.07071289  0.8112105 ]
 [-0.06705965  0.11304182  1.062587  ]
 [-0.16616152  0.16894054  1.1394073 ]
 [-0.08777416  0.11861843  1.260025  ]
 [-0.15902776  0.01153219  1.0145365 ]
 [-0.21377853 -0.1527116   0.8346221 ]
 [-0.26483095 -0.12672846  0.78917056]
 [ 0.04812119  0.16756976  0.9937315 ]
 [ 0.16629289  0.17267303  0.86121416]
 [ 0.26144898  0.34864783  0.7824579 ]]
[[ 0.          0.          0.5557392 ]
 [ 0.07297099  0.0734086   0.56733966]
 [-0.1265232   0.29980844  0.4007282 ]
 [ 0.03199123  0.02387759  0.14938936]
 [-0.0265421   0.10665625  0.03611952]
 [-0.0730179  -0.07361548  0.5440157 ]
 [ 0.02663254  0.04802808  0.26359695]
 [ 0.2303502  -0.01985389  0.09355077]
 [ 0.24259573  0.10200918  0.        ]
 [-0.01872983  0.06952164  0.76076686]
 [-0.04985664  0.12476122  1.0153027 ]
 [-0.14295444  0.1886915   1.094919  ]
 [-0.06162743  0.14393276  1.2156141 ]
 [-0.17408156  0.02801129  0.9711108 ]
 [-0.32718283 -0.09690094  0.7854042 ]
 [-0.25459504  0.07323343  0.8828269 ]
 [ 0.07960518  0.17080653  0.9562521 ]
 [ 0.2715158   0.15241021  0.905632  ]
 [ 0.3832851   0.22175574  0.76620054]]
[[ 0.          0.          0.55578446]
 [ 0.0751494   0.06520142  0.5695685 ]
 [-0.09574194  0.33185947  0.41225946]
 [-0.07013936  0.16466072  0.06408986]
 [-0.16136932  0.26772588  0.        ]
 [-0.07519321 -0.06538627  0.5418725 ]
 [ 0.04125566  0.01054794  0.24558097]
 [ 0.28058133 -0.15645558  0.1948837 ]
 [ 0.37031943 -0.07520294  0.09615427]
 [-0.01673183  0.05936584  0.7659874 ]
 [-0.03424497  0.1239714   1.0200686 ]
 [-0.11719859  0.19513476  1.1011415 ]
 [-0.04128743  0.14416414  1.21843   ]
 [-0.17703956  0.04476205  0.98686206]
 [-0.35471335 -0.06441621  0.8308104 ]
 [-0.21476471  0.12489104  0.9135903 ]
 [ 0.09996876  0.1593889   0.9599488 ]
 [ 0.28302974  0.10845974  0.9211509 ]
 [ 0.3634922   0.1571601   0.7627927 ]]
[[ 0.          0.          0.5834249 ]
 [ 0.07154293  0.06241079  0.59986705]
 [-0.05757166  0.34192842  0.4135276 ]
 [-0.08105895  0.30231014  0.02847111]
 [-0.18588755  0.41590947  0.        ]
 [-0.07159796 -0.06260166  0.56685585]
 [ 0.00304247 -0.02844352  0.24098894]
 [ 0.2826026  -0.28963864  0.2898968 ]
 [ 0.4123953  -0.26422727  0.20642439]
 [-0.0140653   0.0505845   0.7938092 ]
 [-0.01793472  0.11824864  1.04614   ]
 [-0.09299529  0.18264705  1.1358883 ]
 [-0.0191177   0.12649101  1.2452261 ]
 [-0.15989809  0.04599372  1.0131024 ]
 [-0.33043772 -0.07766072  0.8648668 ]
 [-0.20302169  0.12747344  0.8985953 ]
 [ 0.11047149  0.15686965  0.97977996]
 [ 0.289425    0.131764    0.9201062 ]
 [ 0.3452225   0.22039783  0.76149213]]
[[ 0.          0.          0.6229737 ]
 [ 0.07421809  0.05916467  0.64046806]
 [-0.01261675  0.3116697   0.42683077]
 [-0.03190611  0.2339963   0.03339112]
 [-0.1260061   0.35521758  0.        ]
 [-0.07426453 -0.05935815  0.60536003]
 [-0.05019101  0.00323382  0.28459775]
 [ 0.24525714 -0.29939163  0.38391638]
 [ 0.39070657 -0.2967025   0.32610404]
 [-0.00991774  0.04521523  0.83150804]
 [-0.00953934  0.11196387  1.0851487 ]
 [-0.08063853  0.16784191  1.1786299 ]
 [-0.00350302  0.11233598  1.2841601 ]
 [-0.1477899   0.03369352  1.053339  ]
 [-0.27896667 -0.13476142  0.90034825]
 [-0.22481824  0.04270898  0.8573659 ]
 [ 0.11942771  0.16417801  1.0108489 ]
 [ 0.30381382  0.24901935  0.9231162 ]
 [ 0.32180488  0.41209537  0.80071944]]
[[ 0.          0.          0.6292181 ]
 [ 0.07908627  0.05734053  0.6463642 ]
 [ 0.04134123  0.3198226   0.42555737]
 [ 0.08370662  0.19085744  0.05118328]
 [-0.00587131  0.3226957   0.        ]
 [-0.07913611 -0.0575503   0.61195683]
 [-0.11579588  0.0632918   0.33355346]
 [ 0.17672521 -0.26685217  0.40867808]
 [ 0.31226474 -0.26543176  0.33518994]
 [-0.00470204  0.05105379  0.83691263]
 [ 0.00188255  0.11934698  1.0922127 ]
 [-0.06569526  0.17636037  1.1838436 ]
 [ 0.00986951  0.12153405  1.2887394 ]
 [-0.13335426  0.03965512  1.0638313 ]
 [-0.23469456 -0.13714725  0.9148152 ]
 [-0.1892348   0.00548416  0.80497736]
 [ 0.12793428  0.17776713  1.0091991 ]
 [ 0.26148218  0.31620193  0.89357173]
 [ 0.24113001  0.5112872   0.8452232 ]]
[[ 0.          0.          0.6409338 ]
 [ 0.08574178  0.05554758  0.65317714]
 [ 0.12852971  0.23317075  0.36963844]
 [ 0.3070612   0.00946844  0.08809447]
 [ 0.28642607  0.11342078  0.        ]
 [-0.08581494 -0.05577634  0.62860715]
 [-0.22431868  0.23989587  0.44334942]
 [ 0.03475525 -0.05662583  0.38161847]
 [ 0.08582411 -0.00658619  0.26336402]
 [-0.00480073  0.05021343  0.8450913 ]
 [-0.00200894  0.09742498  1.1008143 ]
 [-0.07842642  0.158831    1.1854191 ]
 [-0.00380908  0.10652292  1.3013976 ]
 [-0.12274338  0.00450784  1.0798128 ]
 [-0.12485775 -0.21073103  0.9745441 ]
 [-0.09496868 -0.20853485  0.8094735 ]
 [ 0.10774569  0.17883712  1.0129836 ]
 [ 0.13425726  0.38920796  0.8671411 ]
 [ 0.07384157  0.5273672   0.9479945 ]]
[[ 0.          0.          0.5760665 ]
 [ 0.07835307  0.06433268  0.58184195]
 [ 0.1738433   0.15868698  0.24875379]
 [ 0.41562545 -0.10265952  0.11158842]
 [ 0.45594624 -0.05221844  0.        ]
 [-0.07840811 -0.06452668  0.57025856]
 [-0.2774641   0.23853225  0.4394238 ]
 [-0.13538903  0.12456995  0.15193   ]
 [-0.1868356   0.22501868  0.07606459]
 [-0.00356721  0.03070819  0.7861233 ]
 [-0.01228034  0.05384502  1.0441892 ]
 [-0.10827196  0.1073494   1.1197739 ]
 [-0.03036638  0.05735159  1.2409487 ]
 [-0.09747088 -0.06233692  1.0269632 ]
 [-0.0453295  -0.28762788  0.99454623]
 [-0.02439412 -0.32213894  0.8133849 ]
 [ 0.07396477  0.16201335  0.9622416 ]
 [ 0.05702974  0.39485288  0.829937  ]
 [ 0.02018079  0.46202818  0.9737896 ]]
[[ 0.          0.          0.4863233 ]
 [ 0.07640026  0.06481129  0.48836583]
 [ 0.15298101  0.17965631  0.13264668]
 [ 0.38137564 -0.16035315  0.11483532]
 [ 0.45409492 -0.14846852  0.00260925]
 [-0.07648849 -0.0649945   0.48425505]
 [-0.26254702  0.23537952  0.35693374]
 [-0.22142473  0.26952878  0.01873767]
 [-0.2928192   0.39852154  0.        ]
 [-0.00388192  0.03695558  0.6988025 ]
 [-0.02140014  0.05838287  0.9567343 ]
 [-0.12549356  0.11107373  1.0333079 ]
 [-0.04697642  0.06245273  1.1534243 ]
 [-0.08797833 -0.0619725   0.9361539 ]
 [-0.04385864 -0.28822345  0.8928612 ]
 [-0.07187251 -0.4003058   0.6996396 ]
 [ 0.0570286   0.16297314  0.87775207]
 [ 0.06268527  0.35165682  0.73207515]
 [ 0.03728761  0.45365125  0.8321526 ]]
[[ 0.          0.          0.49872032]
 [ 0.07923809  0.06715557  0.49976218]
 [ 0.09371015  0.19562495  0.12940606]
 [ 0.2980723  -0.18162182  0.17323112]
 [ 0.36463463 -0.1910013   0.0639199 ]
 [-0.07931688 -0.06732     0.4976513 ]
 [-0.21413994  0.26653567  0.3493352 ]
 [-0.20055842  0.3475845   0.00153968]
 [-0.27787355  0.49581817  0.        ]
 [-0.00945408  0.04617552  0.70967853]
 [-0.03718979  0.06921446  0.96678317]
 [-0.13569039  0.11574209  1.0479724 ]
 [-0.05771086  0.06840724  1.1660254 ]
 [-0.0990345  -0.05026448  0.93196225]
 [-0.06629064 -0.27684373  0.81644917]
 [-0.13946502 -0.39568383  0.63169146]
 [ 0.05132774  0.16066718  0.8914311 ]
 [ 0.12530854  0.3262731   0.73441184]
 [ 0.09663251  0.4591621   0.73721254]]
[[ 0.          0.          0.53971046]
 [ 0.08098243  0.07338402  0.5412224 ]
 [ 0.05792513  0.27853417  0.20242596]
 [ 0.2815353  -0.08821791  0.2416017 ]
 [ 0.32409412 -0.0809572   0.11126924]
 [-0.08103897 -0.0735697   0.5381486 ]
 [-0.19870445  0.24244645  0.36530918]
 [-0.12233365  0.2832395   0.02119315]
 [-0.20697546  0.42887577  0.        ]
 [-0.01102101  0.05452852  0.7474048 ]
 [-0.0331021   0.07988942  1.0049858 ]
 [-0.13117942  0.12676513  1.0927525 ]
 [-0.04680386  0.07508343  1.20786   ]
 [-0.10669101 -0.0354659   0.9623908 ]
 [-0.10062503 -0.237267    0.800431  ]
 [-0.1748695  -0.33163416  0.67473066]
 [ 0.06810299  0.1644566   0.9293093 ]
 [ 0.14831957  0.29657233  0.7911505 ]
 [ 0.18643922  0.46061745  0.75533855]]
[[ 0.          0.          0.5421492 ]
 [ 0.07629509  0.07183927  0.5497758 ]
 [-0.00494059  0.28840616  0.2824742 ]
 [ 0.1976539  -0.08174178  0.24856856]
 [ 0.21758553 -0.0546535   0.11753941]
 [-0.07634903 -0.07202654  0.53444636]
 [-0.16342369  0.203781    0.33331484]
 [-0.01883875  0.24415055  0.0428434 ]
 [-0.08520673  0.38074476  0.        ]
 [-0.0079737   0.05113253  0.74953663]
 [-0.03071176  0.07353476  1.0082726 ]
 [-0.12298957  0.12338841  1.0944049 ]
 [-0.04017505  0.07148468  1.2108344 ]
 [-0.11358573 -0.03908619  0.9643992 ]
 [-0.14384663 -0.22836483  0.80789965]
 [-0.23986757 -0.32566482  0.7268791 ]
 [ 0.07716899  0.15162855  0.9332013 ]
 [ 0.20320266  0.24544147  0.81480324]
 [ 0.27319267  0.416359    0.76101327]]
[[ 0.          0.          0.50811017]
 [ 0.0743912   0.07158562  0.52005035]
 [-0.11259766  0.30080357  0.3660102 ]
 [-0.06033129  0.02534482  0.08582914]
 [-0.13680431  0.09972069  0.01410645]
 [-0.07443796 -0.07180704  0.49603176]
 [-0.01706094  0.10337979  0.23833808]
 [ 0.21722806  0.01474449  0.09208068]
 [ 0.23560503  0.13884747  0.        ]
 [ 0.00259958  0.04271398  0.7188834 ]
 [ 0.00450061  0.07396889  0.9790494 ]
 [-0.07834044  0.13795257  1.0710051 ]
 [ 0.01160049  0.078174    1.1777    ]
 [-0.12366515 -0.01782119  0.9391259 ]
 [-0.2715711  -0.1412424   0.7778991 ]
 [-0.22952163 -0.024295    0.8400029 ]
 [ 0.13284005  0.12967801  0.90785027]
 [ 0.32920617  0.15992013  0.85896796]
 [ 0.41675714  0.2403746   0.7217949 ]]
[[ 0.          0.          0.5271659 ]
 [ 0.07542773  0.0706268   0.5401169 ]
 [-0.10458198  0.3032872   0.35924545]
 [-0.16205785  0.14974856  0.03904408]
 [-0.2621166   0.23024589  0.        ]
 [-0.07547399 -0.07082681  0.5140703 ]
 [ 0.02385328  0.03200924  0.23128128]
 [ 0.29314932 -0.11109355  0.16929379]
 [ 0.3735272  -0.01704863  0.06803584]
 [ 0.0172174   0.03348069  0.7401503 ]
 [ 0.04030516  0.06486508  1.0010196 ]
 [-0.024407    0.13238066  1.1014608 ]
 [ 0.06725945  0.06826925  1.1949756 ]
 [-0.10256755 -0.01355556  0.97513366]
 [-0.28474453 -0.14319152  0.8491839 ]
 [-0.20030752  0.03635028  0.86657465]
 [ 0.17376302  0.11656159  0.9223068 ]
 [ 0.35775682  0.15298784  0.85986537]
 [ 0.42238462  0.24601462  0.7259135 ]]
[[ 0.0000000e+00  0.0000000e+00  5.6136227e-01]
 [ 7.7073991e-02  6.6485949e-02  5.7099158e-01]
 [-8.3312094e-02  3.2952827e-01  3.6589497e-01]
 [-1.5670432e-01  2.1484944e-01  3.6120772e-02]
 [-2.6062453e-01  3.0775321e-01  0.0000000e+00]
 [-7.7112213e-02 -6.6690639e-02  5.5158794e-01]
 [-7.8549013e-03  9.6774101e-03  2.4347299e-01]
 [ 2.7437437e-01 -1.6918066e-01  2.1396491e-01]
 [ 3.8006565e-01 -1.0734123e-01  1.2744844e-01]
 [ 2.4535656e-02  2.3333088e-02  7.7380562e-01]
 [ 6.0139321e-02  4.8281252e-02  1.0336411e+00]
 [ 7.7242404e-04  1.1013627e-01  1.1451876e+00]
 [ 9.3407638e-02  4.1560531e-02  1.2306643e+00]
 [-8.5673951e-02 -2.4842441e-02  1.0124886e+00]
 [-2.6617005e-01 -1.5608266e-01  8.8046551e-01]
 [-2.1491751e-01  3.1120420e-02  8.4536111e-01]
 [ 1.9036874e-01  1.0416451e-01  9.4485044e-01]
 [ 3.5860395e-01  1.8339306e-01  8.5184467e-01]
 [ 3.9130288e-01  2.8715950e-01  7.2947693e-01]]
[[ 0.          0.          0.6102958 ]
 [ 0.07446127  0.06527916  0.6215212 ]
 [-0.04610755  0.35268196  0.41379297]
 [-0.08423461  0.25477874  0.05525184]
 [-0.19633406  0.3727593   0.        ]
 [-0.07450036 -0.0654857   0.5989293 ]
 [-0.08682349 -0.01801232  0.2741154 ]
 [ 0.21025741 -0.25931412  0.29597163]
 [ 0.3360777  -0.24468917  0.23207393]
 [ 0.03240932  0.02060314  0.82022303]
 [ 0.07970811  0.04624587  1.0783473 ]
 [ 0.03457318  0.10113215  1.194691  ]
 [ 0.12474935  0.03165936  1.275193  ]
 [-0.06087408 -0.02765709  1.0570945 ]
 [-0.23274279 -0.17164895  0.9204357 ]
 [-0.21285665 -0.00401233  0.85582215]
 [ 0.1973636   0.10847187  0.9843533 ]
 [ 0.32015744  0.22651479  0.86238587]
 [ 0.3150177   0.39250508  0.78986824]]
[[ 0.          0.          0.6575384 ]
 [ 0.08508135  0.06511161  0.6663163 ]
 [ 0.00506744  0.35251483  0.4312938 ]
 [ 0.02100916  0.20947269  0.07067955]
 [-0.10340619  0.3446573   0.        ]
 [-0.0851303  -0.06534398  0.6486284 ]
 [-0.17646563  0.02107993  0.35894048]
 [ 0.11456479 -0.2585981   0.37369984]
 [ 0.25309902 -0.24979249  0.30864295]
 [ 0.04300145  0.02586576  0.8636193 ]
 [ 0.10139856  0.05369127  1.1193094 ]
 [ 0.06632539  0.10358739  1.23824   ]
 [ 0.16070274  0.0335052   1.315486  ]
 [-0.03540476 -0.03198147  1.1047769 ]
 [-0.19555095 -0.19239497  0.9794756 ]
 [-0.20492268 -0.01146653  0.9031831 ]
 [ 0.20867291  0.13197443  1.0184014 ]
 [ 0.27048737  0.30351374  0.8823143 ]
 [ 0.23478612  0.4694187   0.88401604]]
[[ 0.          0.          0.7139617 ]
 [ 0.08661427  0.0671436   0.7197261 ]
 [ 0.09942651  0.2873656   0.436267  ]
 [ 0.22744893  0.10073137  0.09788477]
 [ 0.15328568  0.22694802  0.        ]
 [-0.08667795 -0.06740278  0.7080967 ]
 [-0.27418432  0.17733572  0.53469443]
 [-0.03660348 -0.10496512  0.45246848]
 [ 0.03991409 -0.06791338  0.36492464]
 [ 0.03726833  0.02761973  0.91952103]
 [ 0.09141944  0.0474008   1.1737659 ]
 [ 0.05297068  0.09540439  1.2852685 ]
 [ 0.15895662  0.02911991  1.3652127 ]
 [-0.02648905 -0.05759478  1.1638484 ]
 [-0.13468973 -0.22668095  1.0952833 ]
 [-0.11821145 -0.09615608  1.0288827 ]
 [ 0.17400876  0.15324232  1.0767145 ]
 [ 0.1762976   0.37222767  0.9547728 ]
 [ 0.09461427  0.44418526  1.0279717 ]]
[[ 0.          0.          0.6706007 ]
 [ 0.07492673  0.0662745   0.6720595 ]
 [ 0.23751846  0.15709102  0.37792066]
 [ 0.42491835  0.00180364  0.12762457]
 [ 0.41494942  0.07402277  0.        ]
 [-0.07497122 -0.06647706  0.66908526]
 [-0.33527142  0.16347486  0.58514225]
 [-0.3011364  -0.00813988  0.29203534]
 [-0.35217243  0.07628286  0.20294294]
 [ 0.05393625  0.01910727  0.87042785]
 [ 0.12642649  0.02335444  1.1189368 ]
 [ 0.08618     0.04734576  1.2268627 ]
 [ 0.19614822 -0.01456702  1.3015072 ]
 [ 0.0535372  -0.09870431  1.1056631 ]
 [ 0.01504822 -0.32240665  1.1395758 ]
 [ 0.04669032 -0.3157213   1.1611109 ]
 [ 0.16597801  0.14418972  1.0383155 ]
 [ 0.06633659  0.36718106  0.93290544]
 [-0.03424129  0.35734725  1.0727371 ]]
[[ 0.          0.          0.59553194]
 [ 0.07343584  0.06406331  0.59379333]
 [ 0.22359504  0.09071329  0.25793475]
 [ 0.42532837 -0.11835656  0.10729057]
 [ 0.44405305 -0.07709789  0.        ]
 [-0.07349247 -0.06425577  0.59722924]
 [-0.33641118  0.16876933  0.5036868 ]
 [-0.36413345  0.08283207  0.18383765]
 [-0.4150014   0.18312183  0.14169243]
 [ 0.05775894  0.01311757  0.7966799 ]
 [ 0.12724935  0.01846161  1.0474912 ]
 [ 0.08963573  0.03778422  1.1572468 ]
 [ 0.19394737 -0.02913386  1.2296568 ]
 [ 0.06314169 -0.10426828  1.0316092 ]
 [ 0.04466256 -0.3533251   1.1047354 ]
 [ 0.05720016 -0.4246079   1.1615188 ]
 [ 0.16897184  0.13466498  0.9638157 ]
 [ 0.07652298  0.35862356  0.8412545 ]
 [-0.0586635   0.34705463  0.930612  ]]
[[ 0.          0.          0.47573745]
 [ 0.07632492  0.06307702  0.46901873]
 [ 0.22218016  0.07566985  0.09299383]
 [ 0.3842024  -0.22498208  0.06891197]
 [ 0.40140978 -0.21686345  0.00851071]
 [-0.07639004 -0.06324495  0.4824174 ]
 [-0.30697212  0.23453677  0.36760268]
 [-0.35816818  0.19263706  0.02625403]
 [-0.427095    0.33354127  0.        ]
 [ 0.05662948  0.00639977  0.6831249 ]
 [ 0.12136347  0.00929043  0.93538827]
 [ 0.09870739  0.02847636  1.0502898 ]
 [ 0.19428018 -0.04873139  1.1091113 ]
 [ 0.05146284 -0.10377261  0.92108196]
 [ 0.04437017 -0.3344801   1.0303277 ]
 [ 0.04925579 -0.42025098  1.1041627 ]
 [ 0.17576861  0.11973143  0.8429853 ]
 [ 0.0829004   0.3442288   0.7044029 ]
 [-0.05629924  0.3453034   0.73080635]]
[[ 0.          0.          0.51042664]
 [ 0.07844943  0.05556292  0.4983089 ]
 [ 0.20599192  0.03664485  0.12491769]
 [ 0.28985673 -0.3873994   0.17295924]
 [ 0.30393952 -0.4173456   0.18791854]
 [-0.07854099 -0.05569696  0.52250814]
 [-0.26930463  0.27874607  0.38593158]
 [-0.32875592  0.24878222  0.01642466]
 [-0.3988759   0.41826802  0.        ]
 [ 0.06177899 -0.01071754  0.71540546]
 [ 0.12851308 -0.02357155  0.96718216]
 [ 0.11356024  0.00260133  1.081582  ]
 [ 0.20698097 -0.07440889  1.1337023 ]
 [ 0.06090319 -0.12050119  0.95832634]
 [ 0.07789183 -0.32102653  1.090976  ]
 [ 0.07557389 -0.4500944   1.1924341 ]
 [ 0.19202586  0.0760054   0.86493325]
 [ 0.1380401   0.29956734  0.70760137]
 [ 0.07715659  0.36119294  0.67619216]]
[[ 0.          0.          0.5220134 ]
 [ 0.07810439  0.04746569  0.5077756 ]
 [ 0.17759484 -0.00603431  0.14166993]
 [ 0.20717871 -0.46070102  0.25146967]
 [ 0.19681758 -0.50421107  0.2722157 ]
 [-0.07820056 -0.04759424  0.5361985 ]
 [-0.24484354  0.30521452  0.39499497]
 [-0.2787922   0.25849295  0.02845782]
 [-0.33173746  0.42142087  0.        ]
 [ 0.07120688 -0.02463342  0.7260457 ]
 [ 0.14329705 -0.05512527  0.97458196]
 [ 0.13269535 -0.02613837  1.0943584 ]
 [ 0.22163317 -0.10726678  1.1349981 ]
 [ 0.07527314 -0.13525483  0.96818817]
 [ 0.09230864 -0.29215103  1.1260078 ]
 [ 0.10132453 -0.37515637  1.2475787 ]
 [ 0.21980256  0.03052568  0.8691509 ]
 [ 0.21795665  0.24016769  0.7129697 ]
 [ 0.20109257  0.33160082  0.6546129 ]]
[[ 0.          0.          0.54123   ]
 [ 0.07893324  0.04494005  0.5273925 ]
 [ 0.15596531  0.00431246  0.15688518]
 [ 0.19256079 -0.45939484  0.29183772]
 [ 0.19536185 -0.5151745   0.30670747]
 [-0.07902211 -0.04507861  0.5550095 ]
 [-0.2410115   0.30028018  0.4087608 ]
 [-0.24810773  0.26286423  0.03658259]
 [-0.29087865  0.41512018  0.        ]
 [ 0.07997616 -0.02545582  0.74196386]
 [ 0.15469614 -0.06233507  0.9904515 ]
 [ 0.14566927 -0.02895629  1.1090336 ]
 [ 0.24262625 -0.10826078  1.1528635 ]
 [ 0.0861285  -0.1322352   0.9905669 ]
 [ 0.10317856 -0.25752202  1.1664276 ]
 [ 0.11596604 -0.31231642  1.3107119 ]
 [ 0.23994303  0.01562458  0.8786653 ]
 [ 0.27883753  0.23562121  0.73475003]
 [ 0.27572688  0.35220397  0.71257424]]
[[ 0.00000000e+00  0.00000000e+00  5.62021911e-01]
 [ 8.01284164e-02  4.12208922e-02  5.45711398e-01]
 [ 1.05292484e-01  5.74737787e-04  1.86141878e-01]
 [ 1.58691615e-01 -4.58930612e-01  3.13940048e-01]
 [ 1.58138573e-01 -5.19964099e-01  3.23987156e-01]
 [-8.02223906e-02 -4.13689576e-02  5.78266442e-01]
 [-2.46578217e-01  2.82652438e-01  4.13711280e-01]
 [-2.08577394e-01  1.69418275e-01  6.06444478e-02]
 [-2.37186551e-01  3.07316661e-01  0.00000000e+00]
 [ 9.07478631e-02 -1.89009756e-02  7.61996508e-01]
 [ 1.73183680e-01 -5.52060008e-02  1.00999069e+00]
 [ 1.70754999e-01 -1.82389617e-02  1.13314462e+00]
 [ 2.65017807e-01 -1.06216609e-01  1.17217636e+00]
 [ 9.43866223e-02 -1.16751641e-01  1.01080441e+00]
 [ 1.16650522e-01 -2.07202643e-01  1.21187806e+00]
 [ 1.20880902e-01 -2.57505596e-01  1.37683177e+00]
 [ 2.69189000e-01  1.08535588e-02  8.97893310e-01]
 [ 3.48674119e-01  2.07071990e-01  7.78718531e-01]
 [ 4.42098528e-01  3.64458650e-01  7.51480758e-01]]
[[ 0.          0.          0.51045537]
 [ 0.08142258  0.04932457  0.49438512]
 [ 0.00279183  0.06401415  0.20339876]
 [ 0.05124751 -0.34595472  0.15536234]
 [ 0.05226403 -0.3453678   0.07760978]
 [-0.08154707 -0.04954332  0.52641666]
 [-0.30732936  0.17544152  0.31502777]
 [-0.15137178 -0.03705665  0.10661998]
 [-0.13543269  0.06049389  0.        ]
 [ 0.10018884 -0.01193148  0.70592177]
 [ 0.1915656  -0.03433266  0.95448387]
 [ 0.18903248  0.00840545  1.0721523 ]
 [ 0.29145122 -0.0783397   1.115808  ]
 [ 0.09338821 -0.10276693  0.9634254 ]
 [ 0.08055358 -0.18584234  1.1874708 ]
 [ 0.04850977 -0.21233326  1.3730075 ]
 [ 0.29388353  0.02662933  0.8399286 ]
 [ 0.4542234   0.16957733  0.792549  ]
 [ 0.602349    0.30717498  0.7988994 ]]
[[ 0.          0.          0.5202001 ]
 [ 0.08783298  0.06202486  0.506994  ]
 [-0.06380601  0.20696884  0.35541636]
 [-0.05804341 -0.00527027  0.06878096]
 [-0.11819296  0.08469236  0.        ]
 [-0.0879142  -0.06220008  0.53329515]
 [-0.39925516  0.12552834  0.37244993]
 [-0.16443108 -0.17769286  0.36473787]
 [-0.09137772 -0.15077204  0.29105222]
 [ 0.08481997 -0.01260497  0.71869445]
 [ 0.16560061 -0.03897214  0.96835035]
 [ 0.1495513   0.02109551  1.083386  ]
 [ 0.2442272  -0.0648753   1.1437802 ]
 [ 0.03529205 -0.10316324  0.9751099 ]
 [-0.02849167 -0.15441477  1.2115883 ]
 [-0.07656051 -0.10750872  1.4056032 ]
 [ 0.28206742  0.02225205  0.87333393]
 [ 0.46270627  0.14223206  0.9652754 ]
 [ 0.6190907   0.27729094  1.0664048 ]]
[[ 0.          0.          0.5028778 ]
 [ 0.08939962  0.05304386  0.48897704]
 [-0.07291977  0.20695613  0.39139438]
 [-0.18690565  0.04392636  0.03210849]
 [-0.24464858  0.13213515  0.        ]
 [-0.08948447 -0.05321934  0.51667315]
 [-0.39098278  0.19262037  0.43267286]
 [-0.15470071 -0.12005499  0.45251015]
 [-0.12501748 -0.08065699  0.40145597]
 [ 0.07208858 -0.00674033  0.7063008 ]
 [ 0.13881724 -0.03077903  0.958036  ]
 [ 0.11215414  0.0362519   1.064156  ]
 [ 0.19303219 -0.04254842  1.1352065 ]
 [-0.0026254  -0.09241658  0.9533339 ]
 [-0.09848636 -0.16737801  1.161547  ]
 [-0.16362947 -0.11004949  1.3475344 ]
 [ 0.25548446  0.03422514  0.87743807]
 [ 0.41901106  0.18047482  1.0198486 ]
 [ 0.5265645   0.32779068  1.1572545 ]]
[[ 0.          0.          0.45154873]
 [ 0.08829176  0.05056552  0.4312485 ]
 [-0.07120922  0.19806586  0.3639826 ]
 [-0.28818816  0.09061673  0.01733896]
 [-0.34432787  0.16807896  0.        ]
 [-0.08838014 -0.05077817  0.47174495]
 [-0.3935697   0.21109056  0.45355308]
 [-0.2262882  -0.09594651  0.40138724]
 [-0.2465342  -0.04985909  0.32274586]
 [ 0.05991861 -0.00176461  0.6587051 ]
 [ 0.11330747 -0.02461764  0.9135978 ]
 [ 0.07457842  0.04458302  1.0136654 ]
 [ 0.1374346  -0.02478349  1.0974858 ]
 [-0.02803617 -0.09049359  0.9050162 ]
 [-0.1689831  -0.17899048  1.0815349 ]
 [-0.25497788 -0.09864616  1.2561935 ]
 [ 0.2293369   0.04618162  0.83928967]
 [ 0.33350933  0.2220462   1.0109694 ]
 [ 0.37200636  0.36108798  1.1749345 ]]
[[ 0.          0.          0.3724054 ]
 [ 0.09110571  0.05403494  0.3476126 ]
 [-0.07441691  0.22353546  0.3171378 ]
 [-0.36249173  0.1925809   0.        ]
 [-0.42796513  0.2686633   0.00931966]
 [-0.0911698  -0.05425521  0.39710614]
 [-0.4195947   0.18612216  0.44622922]
 [-0.303913   -0.0443812   0.30541456]
 [-0.33868867  0.0132243   0.2662182 ]
 [ 0.05377001  0.00126648  0.5809003 ]
 [ 0.0969028  -0.01833051  0.8348778 ]
 [ 0.04401856  0.05150008  0.9302028 ]
 [ 0.09698735 -0.00489241  1.0235665 ]
 [-0.04467673 -0.07944009  0.82233584]
 [-0.22236855 -0.15055943  0.9679107 ]
 [-0.32145965 -0.02121472  1.1114339 ]
 [ 0.21457914  0.05359     0.76630235]
 [ 0.24098125  0.22778118  0.96790624]
 [ 0.19046205  0.3232721   1.1515942 ]]
[[ 0.00000000e+00  0.00000000e+00  2.63984859e-01]
 [ 9.37082395e-02  6.15313835e-02  2.36116976e-01]
 [-7.49381930e-02  2.74038583e-01  2.62656778e-01]
 [-4.38939095e-01  3.10854703e-01  0.00000000e+00]
 [-4.95299160e-01  3.95452946e-01  4.97709513e-02]
 [-9.37266573e-02 -6.17425442e-02  2.91772246e-01]
 [-3.86202663e-01  1.64906785e-01  4.00878668e-01]
 [-4.71831322e-01  1.30947843e-01  1.55286103e-01]
 [-5.63100100e-01  2.32690379e-01  1.56130373e-01]
 [ 2.63759717e-02  2.95937061e-05  4.73567009e-01]
 [ 4.82417122e-02 -1.04417801e-02  7.24660099e-01]
 [-1.71246417e-02  6.23898506e-02  8.08358967e-01]
 [ 1.28351944e-02  1.41617060e-02  9.09438074e-01]
 [-8.67222697e-02 -6.36852086e-02  7.05411792e-01]
 [-2.90112346e-01 -9.09816623e-02  7.90315092e-01]
 [-4.10591096e-01  1.16438985e-01  9.02218223e-01]
 [ 1.68818533e-01  6.75152540e-02  6.63927078e-01]
 [ 1.22173473e-01  2.77134895e-01  8.33250225e-01]
 [ 5.98809123e-03  3.58677626e-01  9.54903066e-01]]
[[ 0.00000000e+00  0.00000000e+00  2.01727092e-01]
 [ 9.38849598e-02  6.48164079e-02  1.78294286e-01]
 [-9.72298235e-02  2.66763389e-01  2.26355955e-01]
 [-5.04561305e-01  3.25204313e-01  0.00000000e+00]
 [-5.53088665e-01  4.01829541e-01  7.65548646e-02]
 [-9.38936397e-02 -6.49992153e-02  2.25089759e-01]
 [-3.58511865e-01  1.57353580e-01  3.54375392e-01]
 [-5.62514007e-01  2.66665548e-01  1.11464806e-01]
 [-6.43362641e-01  3.71552259e-01  1.62027806e-01]
 [ 1.10304821e-03  3.74987721e-04  4.10872877e-01]
 [-1.82073284e-03 -4.52071428e-04  6.56769156e-01]
 [-8.71300399e-02  7.52068758e-02  7.15379477e-01]
 [-7.87650496e-02  4.28988338e-02  8.25942218e-01]
 [-1.20663755e-01 -6.19507134e-02  6.26875758e-01]
 [-3.53683412e-01 -5.04400134e-02  6.73260331e-01]
 [-4.85897899e-01  1.73236668e-01  7.49789774e-01]
 [ 1.11022517e-01  8.45829546e-02  6.10125959e-01]
 [ 5.58778048e-02  3.06052804e-01  7.10846543e-01]
 [-1.02226704e-01  3.72313917e-01  7.65031576e-01]]
[[ 0.          0.          0.15446448]
 [ 0.09174822  0.06101984  0.13550848]
 [-0.12072119  0.2605666   0.19256668]
 [-0.52910274  0.3447012   0.        ]
 [-0.57053745  0.40265873  0.10352134]
 [-0.09176019 -0.06119314  0.17335536]
 [-0.35631323  0.16997418  0.28981432]
 [-0.6222875   0.31789303  0.08032395]
 [-0.6948377   0.41988975  0.16214558]
 [-0.01709965  0.01360799  0.36332288]
 [-0.04076925  0.03218544  0.5988668 ]
 [-0.11875376  0.11544925  0.63701856]
 [-0.13170826  0.09414607  0.7526127 ]
 [-0.15511465 -0.02508518  0.5677913 ]
 [-0.37104002  0.00596923  0.54755247]
 [-0.45249355  0.22471684  0.5929761 ]
 [ 0.07834803  0.10366833  0.5575552 ]
 [ 0.04679806  0.3131707   0.5885184 ]
 [-0.14811909  0.3538065   0.61280036]]
[[ 0.          0.          0.11458896]
 [ 0.08950415  0.06275436  0.09727808]
 [-0.12901744  0.25431088  0.16986786]
 [-0.5312005   0.3537907   0.        ]
 [-0.56374556  0.4039904   0.13324672]
 [-0.08952007 -0.06289516  0.13184503]
 [-0.36004966  0.18554115  0.21254914]
 [-0.6629282   0.41227382  0.0490577 ]
 [-0.720669    0.50836396  0.17613381]
 [-0.02045203  0.01068181  0.3246519 ]
 [-0.05884612  0.04309803  0.54908395]
 [-0.1554266   0.1289143   0.5728638 ]
 [-0.17616504  0.11773396  0.6943928 ]
 [-0.16212061 -0.02797705  0.5108388 ]
 [-0.36619946 -0.02299893  0.44025517]
 [-0.41613358  0.17777506  0.44058883]
 [ 0.05886611  0.11558196  0.5131049 ]
 [ 0.07348254  0.3183458   0.4893244 ]
 [-0.04517904  0.4285475   0.45439047]]
[[ 0.          0.          0.10724711]
 [ 0.09083774  0.05613295  0.08882598]
 [-0.14056584  0.27762455  0.16418505]
 [-0.5171355   0.42422837  0.        ]
 [-0.5464082   0.49306175  0.13812146]
 [-0.09086704 -0.05626887  0.12560917]
 [-0.35000592  0.19243841  0.15758336]
 [-0.6979994   0.40483338  0.01930583]
 [-0.75376916  0.49428493  0.14271224]
 [-0.02356688  0.0144152   0.31751847]
 [-0.07314326  0.05499959  0.54196966]
 [-0.17630124  0.14905983  0.55699295]
 [-0.19721624  0.14165437  0.6844869 ]
 [-0.17479274 -0.01408458  0.49821514]
 [-0.3336711  -0.0458723   0.3843576 ]
 [-0.3357088   0.12747869  0.33189386]
 [ 0.05548781  0.11719388  0.5043675 ]
 [ 0.10457252  0.3242762   0.43640053]
 [ 0.06364186  0.45685914  0.34507966]]
[[ 0.0000000e+00  0.0000000e+00  9.3266651e-02]
 [ 8.7931581e-02  6.2493689e-02  8.1024632e-02]
 [-1.5439188e-01  3.0434340e-01  1.5826289e-01]
 [-5.0351250e-01  4.7342637e-01  8.6925030e-03]
 [-5.3798115e-01  5.3868985e-01  1.4833026e-01]
 [-8.7973595e-02 -6.2622860e-02  1.0544460e-01]
 [-3.3808130e-01  2.0118153e-01  1.5683958e-01]
 [-6.8805015e-01  4.1865063e-01  0.0000000e+00]
 [-7.5466359e-01  5.0949013e-01  1.2377556e-01]
 [-3.1120189e-02  3.6680698e-04  2.9934329e-01]
 [-8.7601833e-02  2.8769314e-02  5.2658349e-01]
 [-1.9499242e-01  1.2128276e-01  5.3547853e-01]
 [-2.1571261e-01  1.1940169e-01  6.6648358e-01]
 [-1.7794825e-01 -4.3439776e-02  4.7777897e-01]
 [-2.9731023e-01 -1.0573749e-01  3.2959080e-01]
 [-2.8648949e-01  2.1839142e-02  2.5743151e-01]
 [ 4.2973943e-02  9.0306520e-02  4.9344254e-01]
 [ 1.5849212e-01  2.7273560e-01  3.9564002e-01]
 [ 1.6784599e-01  4.2317462e-01  2.7900469e-01]]
[[ 0.0000000e+00  0.0000000e+00  7.1609974e-02]
 [ 8.3618872e-02  6.7444749e-02  6.6606387e-02]
 [-1.6237789e-01  3.1169420e-01  1.6541159e-01]
 [-4.9494934e-01  4.8349804e-01  5.8500618e-03]
 [-5.4607290e-01  5.5677980e-01  1.3029578e-01]
 [-8.3661333e-02 -6.7560107e-02  7.6541469e-02]
 [-3.2872397e-01  2.1058246e-01  1.4400855e-01]
 [-6.6919202e-01  4.1571841e-01  0.0000000e+00]
 [-7.5052518e-01  5.0766224e-01  1.1287016e-01]
 [-3.2828320e-02 -1.1829570e-02  2.6398152e-01]
 [-7.8997448e-02 -7.3194504e-05  4.9340236e-01]
 [-1.9698387e-01  9.0180457e-02  5.0417697e-01]
 [-2.1799439e-01  8.8620186e-02  6.3650513e-01]
 [-1.6358270e-01 -7.4878871e-02  4.3838799e-01]
 [-2.5140017e-01 -1.7078769e-01  2.8124273e-01]
 [-2.2339284e-01 -9.1025457e-02  1.8404205e-01]
 [ 5.1430270e-02  6.0040891e-02  4.6516153e-01]
 [ 2.0744094e-01  1.8966161e-01  3.5359064e-01]
 [ 2.8844231e-01  2.9288870e-01  2.1907070e-01]]
[[ 0.          0.          0.05546594]
 [ 0.08390312  0.07002584  0.05248612]
 [-0.14794922  0.31934434  0.17648625]
 [-0.47889346  0.4687573   0.        ]
 [-0.5377675   0.5419868   0.10109207]
 [-0.08396542 -0.07014044  0.05836005]
 [-0.32042933  0.22654192  0.14905232]
 [-0.6203233   0.4078304   0.00608342]
 [-0.7022242   0.5045284   0.09981707]
 [-0.00469644 -0.02955289  0.2344509 ]
 [-0.03341758 -0.01835451  0.45052573]
 [-0.149607    0.07313591  0.4666209 ]
 [-0.16638163  0.06442887  0.59714425]
 [-0.11676794 -0.09476385  0.3942219 ]
 [-0.18535894 -0.21983379  0.25298616]
 [-0.15180404 -0.1771092   0.14994323]
 [ 0.09661444  0.03889108  0.42833066]
 [ 0.28654522  0.1303808   0.32377404]
 [ 0.42650506  0.19836287  0.18587425]]
[[ 0.          0.          0.06694763]
 [ 0.08541367  0.06681179  0.06028945]
 [-0.1549536   0.32971877  0.1968396 ]
 [-0.44839495  0.41902998  0.        ]
 [-0.52064353  0.4922135   0.08010849]
 [-0.08547904 -0.06692367  0.0735065 ]
 [-0.30879056  0.23226526  0.18250644]
 [-0.5654296   0.35492522  0.01854993]
 [-0.6445204   0.4570992   0.09698006]
 [ 0.02761645 -0.03550532  0.21959028]
 [ 0.03467483 -0.04257712  0.4159092 ]
 [-0.06227226  0.05099514  0.44233975]
 [-0.07324801  0.02779454  0.5688639 ]
 [-0.0589938  -0.11413635  0.36066723]
 [-0.12817463 -0.25617567  0.24431291]
 [-0.06974512 -0.1770914   0.18759689]
 [ 0.1663826   0.01120085  0.395252  ]
 [ 0.39202935  0.08460042  0.33009362]
 [ 0.5533245   0.08538978  0.21000817]]
[[ 0.          0.          0.06663649]
 [ 0.08282479  0.06588353  0.05342878]
 [-0.1750665   0.3294022   0.22298302]
 [-0.4147954   0.36174196  0.        ]
 [-0.4726357   0.42315745  0.08176738]
 [-0.08287951 -0.06599773  0.07973535]
 [-0.31659013  0.2025505   0.21953247]
 [-0.5288702   0.26261055  0.02418984]
 [-0.59851545  0.3701556   0.08396334]
 [ 0.05014336 -0.03664466  0.1954711 ]
 [ 0.08836691 -0.06589478  0.37851185]
 [ 0.011256    0.03187719  0.41424787]
 [ 0.00478621 -0.00365645  0.5340237 ]
 [-0.01564406 -0.12417831  0.32815003]
 [-0.09549168 -0.20928332  0.23159966]
 [-0.00664718 -0.05544156  0.25033313]
 [ 0.21807927 -0.01627862  0.3524142 ]
 [ 0.44741356  0.05270247  0.3257454 ]
 [ 0.58720195  0.04592207  0.23698108]]
[[ 0.          0.          0.07410836]
 [ 0.0797724   0.0639002   0.05834755]
 [-0.16849294  0.3199747   0.25506315]
 [-0.4016377   0.30281705  0.        ]
 [-0.46874654  0.3728287   0.05505097]
 [-0.07983388 -0.0640445   0.08976062]
 [-0.30915716  0.19479375  0.29100627]
 [-0.4755777   0.20854373  0.06388149]
 [-0.5504286   0.31725326  0.10310938]
 [ 0.0643657  -0.05456053  0.18224004]
 [ 0.12125325 -0.11981466  0.35260406]
 [ 0.04472542 -0.03235784  0.40232968]
 [ 0.04295494 -0.08616772  0.5104215 ]
 [ 0.01194748 -0.1598188   0.30455217]
 [-0.0830116  -0.16300665  0.22987843]
 [ 0.00852552 -0.03666919  0.30460724]
 [ 0.2478444  -0.06351456  0.32205993]
 [ 0.4596058   0.03119367  0.33191758]
 [ 0.5747355   0.05579579  0.28078797]]
[[ 0.          0.          0.07675661]
 [ 0.08620487  0.0583851   0.05483975]
 [-0.1477629   0.3121212   0.28121495]
 [-0.35591435  0.26201814  0.        ]
 [-0.4214595   0.34545195  0.03909092]
 [-0.08626442 -0.05854011  0.09856119]
 [-0.32350114  0.21356526  0.35442084]
 [-0.43940252  0.19470757  0.08492627]
 [-0.48499554  0.30770615  0.08370363]
 [ 0.0690493  -0.07578281  0.16546975]
 [ 0.13542765 -0.16030703  0.3133011 ]
 [ 0.08952598 -0.08090355  0.3817891 ]
 [ 0.09421098 -0.15298384  0.47331524]
 [ 0.00909872 -0.18024433  0.28070068]
 [-0.14382648 -0.1370238   0.26660258]
 [-0.02809012 -0.07366729  0.40776587]
 [ 0.26673317 -0.10827865  0.2769304 ]
 [ 0.42474955  0.02974303  0.29446834]
 [ 0.48332602  0.11876708  0.29505908]]
[[ 0.          0.          0.06238444]
 [ 0.09218606  0.04612073  0.03370238]
 [-0.1092537   0.3138041   0.25045353]
 [-0.34649414  0.211467    0.        ]
 [-0.39234442  0.28799853  0.03330736]
 [-0.09223238 -0.04627881  0.09095524]
 [-0.31849378  0.25040656  0.34163785]
 [-0.40240496  0.2221947   0.08737431]
 [-0.41234618  0.3269429   0.07758163]
 [ 0.08958809 -0.0735701   0.13936992]
 [ 0.18140218 -0.14810207  0.27744395]
 [ 0.15048587 -0.06947942  0.3536225 ]
 [ 0.15190402 -0.15316808  0.43301892]
 [ 0.0414698  -0.1536517   0.2532938 ]
 [-0.15863962 -0.11765379  0.28388107]
 [-0.03904466 -0.10141602  0.4338947 ]
 [ 0.31066513 -0.10552634  0.23906021]
 [ 0.39764038  0.04761237  0.26877695]
 [ 0.4084875   0.16070127  0.31480944]]
[[ 0.          0.          0.03547223]
 [ 0.09393661  0.03941367  0.        ]
 [-0.11353642  0.3082415   0.21075906]
 [-0.37024173  0.18457639  0.00266627]
 [-0.38161847  0.23929822  0.03915277]
 [-0.09396804 -0.03955755  0.0708375 ]
 [-0.28127295  0.2492966   0.2761559 ]
 [-0.37600717  0.24157172  0.07713577]
 [-0.39492708  0.3365938   0.10230261]
 [ 0.11025298 -0.0558207   0.12191693]
 [ 0.22687072 -0.11611447  0.26865253]
 [ 0.2047726  -0.03528315  0.3481631 ]
 [ 0.19997582 -0.11915097  0.42808983]
 [ 0.07431354 -0.10746709  0.24018084]
 [-0.16463575 -0.07012236  0.29426023]
 [-0.06013663 -0.06295395  0.4435996 ]
 [ 0.35420367 -0.0833175   0.23641016]
 [ 0.3764218   0.09766293  0.3026649 ]
 [ 0.3070543   0.22781241  0.3788011 ]]
[[ 0.          0.          0.04017079]
 [ 0.09056404  0.03522694  0.        ]
 [-0.11134809  0.28869873  0.20583203]
 [-0.39914924  0.16949064  0.04983096]
 [-0.37790966  0.20641172  0.08669206]
 [-0.09057401 -0.035345    0.08024283]
 [-0.25603488  0.21374056  0.25192362]
 [-0.3802354   0.2285175   0.12128587]
 [-0.40118062  0.299178    0.1848574 ]
 [ 0.12414919 -0.05059496  0.13211413]
 [ 0.24732628 -0.10558483  0.27931195]
 [ 0.2287884  -0.02856249  0.3576914 ]
 [ 0.22524701 -0.10998118  0.4334694 ]
 [ 0.09403501 -0.09166162  0.2485798 ]
 [-0.16257796 -0.04038528  0.3248216 ]
 [-0.0684161  -0.02732742  0.47923222]
 [ 0.36883208 -0.07677597  0.24625792]
 [ 0.3464043   0.09936923  0.3728482 ]
 [ 0.22135487  0.20645028  0.46133688]]
[[ 0.          0.          0.04180886]
 [ 0.09009261  0.02469445  0.        ]
 [-0.08932143  0.27500683  0.18795924]
 [-0.41764736  0.20364219  0.11883917]
 [-0.3670038   0.22884682  0.16856048]
 [-0.09008678 -0.02479853  0.08352737]
 [-0.22935373  0.21540634  0.22613595]
 [-0.40919173  0.2504903   0.1659821 ]
 [-0.42682636  0.3038218   0.24000613]
 [ 0.10771938 -0.06054407  0.13295557]
 [ 0.2233335  -0.12124252  0.28297824]
 [ 0.21138355 -0.05579317  0.36126953]
 [ 0.20459063 -0.1405946   0.4301573 ]
 [ 0.06547423 -0.09061916  0.2602712 ]
 [-0.18833646  0.02588004  0.38786137]
 [-0.06760179  0.01227319  0.52654475]
 [ 0.3433879  -0.10203622  0.24418978]
 [ 0.222243    0.06846821  0.36103475]
 [ 0.01902828  0.16377175  0.43863004]]
