[[ 0.00000000e+00  0.00000000e+00  5.81840038e-01]
 [ 3.73647064e-02 -1.01544462e-01  5.81414104e-01]
 [ 3.84403944e-01  8.88925046e-02  3.73312354e-01]
 [ 5.17189860e-01  1.69772655e-01  1.41429901e-02]
 [ 6.84109330e-01  2.05572188e-01  0.00000000e+00]
 [-3.72972116e-02  1.01558790e-01  5.82819343e-01]
 [-1.95693716e-01  2.35272646e-02  2.25404829e-01]
 [-6.27656817e-01 -1.88995853e-01  3.18785906e-01]
 [-6.93626106e-01 -1.87344968e-01  2.55793273e-01]
 [ 7.89694488e-02  1.00478530e-04  7.94349551e-01]
 [ 1.61590397e-01 -4.13588881e-02  1.03836441e+00]
 [ 2.67869592e-01 -1.22407466e-01  1.08659613e+00]
 [ 2.05758780e-01 -1.17143899e-01  1.15506065e+00]
 [ 1.16327912e-01  8.58712494e-02  1.00866091e+00]
 [ 1.57807156e-01  2.42120326e-01  7.89761424e-01]
 [ 3.46220374e-01  2.17009187e-01  7.94755638e-01]
 [ 1.59488484e-01 -1.56906158e-01  9.97694016e-01]
 [ 7.67976046e-03 -1.79372638e-01  7.70771623e-01]
 [ 2.67424807e-02 -1.52083233e-01  6.52557909e-01]]
[[ 0.          0.          0.6428749 ]
 [ 0.03461922 -0.10942968  0.63877064]
 [ 0.35074311  0.11202161  0.40871784]
 [ 0.4059504   0.18816507  0.02873743]
 [ 0.5938485   0.22338548  0.        ]
 [-0.03456572  0.10940897  0.64751935]
 [-0.13858739  0.01582667  0.27876034]
 [-0.5692158  -0.25393778  0.39419043]
 [-0.6606679  -0.24438104  0.37510234]
 [ 0.08323689  0.00775427  0.8525255 ]
 [ 0.16922182 -0.03602895  1.0950137 ]
 [ 0.2822754  -0.1225768   1.1497664 ]
 [ 0.2181195  -0.12097204  1.2217005 ]
 [ 0.12422244  0.09171101  1.067101  ]
 [ 0.10037848  0.2571746   0.8513219 ]
 [ 0.24439602  0.3651448   0.7399752 ]
 [ 0.15960464 -0.15763977  1.0481855 ]
 [ 0.02276607 -0.19375785  0.80396515]
 [ 0.08004925 -0.21182406  0.6584029 ]]
[[ 0.          0.          0.64994264]
 [ 0.02493713 -0.12054869  0.6421396 ]
 [ 0.27397546  0.1500692   0.38967252]
 [ 0.16594538  0.23477077  0.05679393]
 [ 0.36226353  0.2759607   0.        ]
 [-0.02493541  0.12046634  0.65803295]
 [ 0.00460403 -0.00579292  0.2904678 ]
 [-0.40779343 -0.29544187  0.42464936]
 [-0.4656577  -0.32303676  0.39822692]
 [ 0.08851993  0.00924544  0.8586389 ]
 [ 0.17805482 -0.03722528  1.1024356 ]
 [ 0.29802    -0.124037    1.1735175 ]
 [ 0.2238134  -0.13019371  1.2371225 ]
 [ 0.12358682  0.09573552  1.0767475 ]
 [-0.00348584  0.27442002  0.9274608 ]
 [-0.01566878  0.45773664  0.7499608 ]
 [ 0.1704014  -0.17039154  1.0516467 ]
 [ 0.06998482 -0.25061658  0.796464  ]
 [ 0.20738107 -0.2507413   0.65722376]]
[[ 0.          0.          0.57527703]
 [ 0.00966733 -0.11074509  0.56035   ]
 [ 0.00668482  0.0853399   0.28404614]
 [-0.20411697  0.23890042  0.08628383]
 [-0.08091614  0.30793327  0.        ]
 [-0.0098066   0.11059453  0.58981484]
 [ 0.2995046   0.09179483  0.40902507]
 [ 0.02555855  0.01444525  0.19855204]
 [ 0.13863343  0.03362864  0.07627174]
 [ 0.06666381 -0.00802322  0.79505765]
 [ 0.13972834 -0.03771546  1.047267  ]
 [ 0.24666536 -0.11076325  1.1260018 ]
 [ 0.16554344 -0.1262008   1.1935108 ]
 [ 0.06029517  0.07657185  1.0117998 ]
 [-0.15205613  0.22259876  1.0011972 ]
 [-0.25304776  0.3982582   0.85013056]
 [ 0.17784992 -0.16861668  0.9956735 ]
 [ 0.19224298 -0.29376918  0.75733805]
 [ 0.37112594 -0.14608878  0.77487063]]
[[ 0.          0.          0.5418469 ]
 [ 0.02047475 -0.10159457  0.5234669 ]
 [-0.05907767  0.09058756  0.24953586]
 [-0.34554178  0.23700118  0.1782282 ]
 [-0.30495107  0.3304432   0.10340402]
 [-0.02060109  0.10133184  0.55963826]
 [ 0.33291247  0.12763429  0.4252146 ]
 [ 0.25268087  0.11221731  0.08640018]
 [ 0.41351765  0.12297878  0.        ]
 [ 0.05245553 -0.01485063  0.7645299 ]
 [ 0.12130792 -0.0300532   1.017367  ]
 [ 0.22254908 -0.09191054  1.090919  ]
 [ 0.1406222  -0.11981478  1.155607  ]
 [ 0.01815811  0.0738709   0.9814396 ]
 [-0.22285289  0.19717151  1.0021446 ]
 [-0.34084547  0.3499406   0.8520905 ]
 [ 0.1876908  -0.15355822  0.9796571 ]
 [ 0.26084393 -0.28501052  0.7620554 ]
 [ 0.4207499  -0.11447288  0.84449536]]
[[ 0.00000000e+00  0.00000000e+00  5.54042101e-01]
 [ 2.94490457e-02 -1.00730203e-01  5.39216399e-01]
 [-7.08466321e-02  8.27503502e-02  2.35953450e-01]
 [-4.11799192e-01  1.85362190e-01  3.07969600e-01]
 [-4.32648361e-01  2.99700052e-01  2.65197366e-01]
 [-2.94612944e-02  1.00429200e-01  5.68294585e-01]
 [ 3.16055775e-01  2.01920033e-01  4.01692241e-01]
 [ 3.94185781e-01  2.75828123e-01  2.34389305e-02]
 [ 5.73331475e-01  2.88408548e-01  0.00000000e+00]
 [ 3.78105417e-02 -5.20418584e-03  7.78092384e-01]
 [ 9.84186605e-02 -2.80231237e-04  1.03008819e+00]
 [ 1.91871405e-01 -5.36530316e-02  1.10259855e+00]
 [ 1.11188866e-01 -8.88829827e-02  1.16264439e+00]
 [-1.05111152e-02  1.02297843e-01  9.81369853e-01]
 [-2.41608977e-01  2.07973182e-01  9.53203440e-01]
 [-2.95841843e-01  3.58033091e-01  7.92854249e-01]
 [ 1.76145688e-01 -1.23816937e-01  1.00481606e+00]
 [ 2.32954204e-01 -2.57082611e-01  7.92449594e-01]
 [ 3.77609462e-01 -7.03158081e-02  8.41125965e-01]]
[[ 0.          0.          0.5747123 ]
 [ 0.03048804 -0.10593072  0.5582893 ]
 [-0.02238919  0.05245623  0.2502104 ]
 [-0.3975146   0.12715586  0.39433336]
 [-0.45158738  0.25926188  0.38509202]
 [-0.0304243   0.10565373  0.5907008 ]
 [ 0.28779337  0.25678858  0.38580352]
 [ 0.3820827   0.37541935  0.01422632]
 [ 0.5657321   0.38943556  0.        ]
 [ 0.038414    0.01748501  0.79612195]
 [ 0.10418822  0.04593933  1.045752  ]
 [ 0.19407526 -0.0032903   1.1166455 ]
 [ 0.11625122 -0.03730345  1.1792617 ]
 [ 0.00247357  0.15508562  0.9849278 ]
 [-0.200447    0.25590986  0.88457346]
 [-0.16760895  0.40661323  0.6991669 ]
 [ 0.17345732 -0.0872272   1.0292139 ]
 [ 0.18266231 -0.23761888  0.835146  ]
 [ 0.31954604 -0.05885869  0.7869613 ]]
[[ 0.          0.          0.617454  ]
 [ 0.03363148 -0.10879079  0.60331786]
 [ 0.04841611 -0.01447055  0.27980307]
 [-0.38281167  0.00798791  0.4658184 ]
 [-0.47053462  0.14945841  0.4720841 ]
 [-0.0335178   0.10859962  0.63134503]
 [ 0.23847914  0.30188233  0.38379547]
 [ 0.2781508   0.4138254   0.02860546]
 [ 0.45742244  0.42650622  0.        ]
 [ 0.03904523  0.03481002  0.832963  ]
 [ 0.11029021  0.08063841  1.0761931 ]
 [ 0.19647056  0.03355509  1.1521188 ]
 [ 0.12552541  0.00556618  1.2132893 ]
 [ 0.01437478  0.19454154  1.0091202 ]
 [-0.11933763  0.30688062  0.8406993 ]
 [-0.00263017  0.4195311   0.64655614]
 [ 0.17355146 -0.05405736  1.066931  ]
 [ 0.15008077 -0.18568595  0.87831974]
 [ 0.28010234 -0.02128816  0.7508329 ]]
[[ 0.          0.          0.6267663 ]
 [ 0.04094779 -0.11507436  0.61708367]
 [ 0.23829475 -0.0459803   0.3326534 ]
 [-0.2260764  -0.09980226  0.38826147]
 [-0.28081125  0.00282338  0.29845482]
 [-0.04069668  0.11510496  0.63636607]
 [ 0.11577108  0.39870283  0.3495834 ]
 [ 0.04559089  0.5034795   0.05569649]
 [ 0.22257428  0.5212827   0.        ]
 [ 0.05391455  0.05554318  0.83295274]
 [ 0.13040884  0.11956203  1.0736754 ]
 [ 0.2113941   0.07472199  1.163364  ]
 [ 0.13407949  0.03968483  1.2165208 ]
 [ 0.05103262  0.24203831  1.0015258 ]
 [ 0.07805763  0.36301652  0.7733458 ]
 [ 0.29329067  0.43397775  0.70530504]
 [ 0.1802549  -0.02577692  1.070965  ]
 [ 0.09186694 -0.10046327  0.83896244]
 [ 0.20743859  0.05004974  0.6949161 ]]
[[ 0.          0.          0.5356333 ]
 [ 0.03172168 -0.11259015  0.5301968 ]
 [ 0.40748355  0.04372001  0.4137885 ]
 [ 0.0909978  -0.01187018  0.20504656]
 [ 0.18163265  0.01004204  0.04462558]
 [-0.03141645  0.1127429   0.54119885]
 [-0.02211992  0.39457428  0.27645233]
 [-0.23855796  0.4953352   0.11447388]
 [-0.14261755  0.5287381   0.        ]
 [ 0.04863769  0.02084532  0.7404671 ]
 [ 0.11601196  0.05329877  0.98583055]
 [ 0.20891777 -0.00295407  1.0616614 ]
 [ 0.12710741 -0.01931012  1.1231719 ]
 [ 0.06902567  0.18589908  0.92430437]
 [ 0.23672803  0.28551108  0.7404261 ]
 [ 0.40984654  0.2637668   0.82727474]
 [ 0.13239327 -0.09753248  0.97553957]
 [-0.01572194 -0.1926111   0.78939825]
 [ 0.08355033 -0.02683898  0.6776471 ]]
[[ 0.          0.          0.5347917 ]
 [ 0.02059253 -0.11067447  0.5345185 ]
 [ 0.39926243  0.0241691   0.42309552]
 [ 0.31339407  0.00208455  0.0787223 ]
 [ 0.46693283  0.02321333  0.        ]
 [-0.02029293  0.11089569  0.5355148 ]
 [-0.08470124  0.3641966   0.2745679 ]
 [-0.35762578  0.50341725  0.22155827]
 [-0.37425184  0.55002475  0.09321648]
 [ 0.02723674 -0.00704809  0.7389792 ]
 [ 0.07433426 -0.01383933  0.9833676 ]
 [ 0.17884564 -0.08487862  1.05121   ]
 [ 0.10644963 -0.08443469  1.1140852 ]
 [ 0.06703065  0.12059683  0.92884755]
 [ 0.26003203  0.22631365  0.77499974]
 [ 0.38583744  0.18488774  0.92809474]
 [ 0.04590157 -0.14439082  0.97707725]
 [-0.1871107  -0.2529346   1.0209982 ]
 [-0.17958204 -0.1801054   0.90376973]]
[[ 0.          0.          0.52462447]
 [ 0.02688379 -0.11360127  0.52385354]
 [ 0.39065516  0.07943816  0.36391297]
 [ 0.534379    0.1660721   0.01231635]
 [ 0.7120364   0.1871719   0.        ]
 [-0.02675596  0.11367062  0.5259765 ]
 [-0.10613288  0.16748253  0.18750533]
 [-0.49987432  0.09400779  0.30946198]
 [-0.5797608   0.14089933  0.25089663]
 [ 0.05790108 -0.00611182  0.73675066]
 [ 0.11879337 -0.04725134  0.9800111 ]
 [ 0.2315335  -0.1311678   1.0426521 ]
 [ 0.16276172 -0.12379369  1.1110153 ]
 [ 0.09208669  0.08544618  0.9435475 ]
 [ 0.18601921  0.24436194  0.74646044]
 [ 0.36160865  0.2382055   0.79174507]
 [ 0.10494913 -0.1690208   0.94683623]
 [-0.08511489 -0.19573879  0.7634249 ]
 [-0.0136127  -0.20011337  0.6114588 ]]
[[ 0.00000000e+00  0.00000000e+00  5.52772462e-01]
 [ 2.51128525e-02 -1.18153326e-01  5.53097427e-01]
 [ 3.62545073e-01  1.27241135e-01  3.68794322e-01]
 [ 4.55618680e-01  1.97951615e-01  2.07074285e-02]
 [ 6.44903660e-01  2.32477725e-01  0.00000000e+00]
 [-2.50838771e-02  1.18146420e-01  5.53051233e-01]
 [-5.07110059e-02  1.08474702e-01  2.00048923e-01]
 [-4.81435627e-01 -8.47280622e-02  3.69440764e-01]
 [-5.85442662e-01 -6.56965673e-02  3.59843045e-01]
 [ 6.42479807e-02  1.06106699e-03  7.65255511e-01]
 [ 1.29415825e-01 -4.71762717e-02  1.00842059e+00]
 [ 2.47839242e-01 -1.39060616e-01  1.07212353e+00]
 [ 1.75970435e-01 -1.27763361e-01  1.13634610e+00]
 [ 9.93171036e-02  8.65167081e-02  9.75690305e-01]
 [ 1.08115755e-01  2.54361153e-01  7.61641860e-01]
 [ 2.68227369e-01  3.52986693e-01  6.79211617e-01]
 [ 1.11558437e-01 -1.73867047e-01  9.68765318e-01]
 [-2.60187648e-02 -2.06481874e-01  7.32996345e-01]
 [ 4.75542843e-02 -2.37674221e-01  5.75172067e-01]]
[[ 0.          0.          0.57943225]
 [ 0.01556076 -0.11910683  0.57806605]
 [ 0.30290195  0.17022619  0.37473765]
 [ 0.29240033  0.2515011   0.04949403]
 [ 0.4833627   0.3029605   0.        ]
 [-0.01551925  0.11905643  0.58125657]
 [ 0.05912046  0.0578267   0.2216292 ]
 [-0.36808044 -0.18308952  0.40078974]
 [-0.470833   -0.18189391  0.396572  ]
 [ 0.06408155  0.00601262  0.79080534]
 [ 0.12821968 -0.04082257  1.0362756 ]
 [ 0.25149533 -0.13616753  1.1111937 ]
 [ 0.17053834 -0.12792689  1.1641611 ]
 [ 0.09631224  0.09124938  1.0002118 ]
 [ 0.02488631  0.24964872  0.7969204 ]
 [ 0.09221029  0.42531148  0.6251251 ]
 [ 0.10734463 -0.17183208  0.99432707]
 [-0.00502043 -0.22696407  0.7440841 ]
 [ 0.13261467 -0.2547276   0.5809878 ]]
[[ 0.          0.          0.53008884]
 [ 0.00416825 -0.11379451  0.5207169 ]
 [ 0.12440915  0.1471112   0.28026944]
 [-0.03982449  0.33859277  0.07883275]
 [ 0.13142565  0.40237457  0.        ]
 [-0.00423069  0.11369431  0.53938603]
 [ 0.26576754  0.04844832  0.3030501 ]
 [-0.0764009  -0.06305996  0.3036722 ]
 [-0.04856424 -0.05895871  0.18418309]
 [ 0.0640975  -0.00875176  0.745755  ]
 [ 0.13089055 -0.04057768  0.9949201 ]
 [ 0.24204946 -0.12490797  1.0873737 ]
 [ 0.15581988 -0.13235551  1.1353815 ]
 [ 0.07514141  0.08300346  0.9547878 ]
 [-0.10353675  0.24398652  0.8744891 ]
 [-0.19262996  0.43090892  0.6965575 ]
 [ 0.13889001 -0.18121424  0.9470565 ]
 [ 0.12508425 -0.3121902   0.7056007 ]
 [ 0.3323987  -0.22613275  0.68017995]]
[[ 0.          0.          0.47622547]
 [ 0.00608978 -0.10017871  0.4591166 ]
 [-0.05080405  0.10390139  0.2102556 ]
 [-0.29458952  0.295435    0.11712801]
 [-0.23232782  0.38343528  0.01357791]
 [-0.00621679  0.09999072  0.4928027 ]
 [ 0.35644704  0.09665905  0.36463958]
 [ 0.24191123  0.13096285  0.10220191]
 [ 0.39998347  0.14061984  0.        ]
 [ 0.0543981  -0.01849055  0.6962738 ]
 [ 0.12238575 -0.0321275   0.9493787 ]
 [ 0.21869354 -0.0970341   1.0282536 ]
 [ 0.13744783 -0.1190002   1.0910505 ]
 [ 0.03599058  0.07477996  0.90309036]
 [-0.19699231  0.21152383  0.89415735]
 [-0.31564277  0.38168925  0.73745286]
 [ 0.17318638 -0.15976152  0.91526866]
 [ 0.22375911 -0.31447005  0.70380986]
 [ 0.40439844 -0.16573739  0.7890496 ]]
[[ 0.          0.          0.4952281 ]
 [ 0.01705479 -0.09644476  0.47991008]
 [-0.07216898  0.0892916   0.20206699]
 [-0.40598786  0.23621294  0.24633732]
 [-0.41093218  0.35168216  0.18574083]
 [-0.01709613  0.09616981  0.50998604]
 [ 0.3387789   0.15035222  0.37215787]
 [ 0.43365377  0.25573495  0.02661678]
 [ 0.6115205   0.26489133  0.        ]
 [ 0.03880657 -0.01932701  0.71476895]
 [ 0.10058681 -0.01765692  0.964727  ]
 [ 0.1890724  -0.07302406  1.0393262 ]
 [ 0.10925287 -0.09886485  1.1009879 ]
 [ 0.00491372  0.08451959  0.90861964]
 [-0.23709297  0.19489262  0.881287  ]
 [-0.30038697  0.3656882   0.7187593 ]
 [ 0.16467912 -0.14211684  0.9429412 ]
 [ 0.22786623 -0.30187133  0.7436224 ]
 [ 0.37933737 -0.12607688  0.82535183]]
[[ 0.          0.          0.52766776]
 [ 0.02769994 -0.09966628  0.5120961 ]
 [-0.0592993   0.05897641  0.21195215]
 [-0.42620325  0.16089281  0.33941483]
 [-0.47983968  0.29556537  0.31833425]
 [-0.02764732  0.09937601  0.5427034 ]
 [ 0.30991825  0.21236068  0.3541926 ]
 [ 0.43962297  0.32814932  0.00584674]
 [ 0.62198985  0.33733216  0.        ]
 [ 0.03944388  0.00796194  0.7450578 ]
 [ 0.10618259  0.03575236  0.9917594 ]
 [ 0.19189532 -0.01593459  1.0628781 ]
 [ 0.11426087 -0.04537868  1.1251318 ]
 [ 0.00874636  0.14057705  0.92806524]
 [-0.20145702  0.2440018   0.83573866]
 [-0.20005381  0.39056268  0.64696723]
 [ 0.1723589  -0.09467888  0.97288436]
 [ 0.19690004 -0.25108796  0.77349913]
 [ 0.34728143 -0.07866931  0.7939045 ]]
[[ 0.          0.          0.58934724]
 [ 0.0317014  -0.10545833  0.5742277 ]
 [-0.00288486  0.01638502  0.25419682]
 [-0.39333263  0.06041186  0.42131123]
 [-0.4655602   0.20715232  0.42803362]
 [-0.03156828  0.10521718  0.6041129 ]
 [ 0.27543145  0.26551002  0.37261304]
 [ 0.346883    0.38061267  0.02424961]
 [ 0.5311371   0.39252418  0.        ]
 [ 0.0419747   0.03492473  0.80171096]
 [ 0.11266753  0.08317167  1.0432862 ]
 [ 0.2013092   0.02839243  1.1172328 ]
 [ 0.12421985  0.00598145  1.1790628 ]
 [ 0.02106231  0.19481754  0.9749272 ]
 [-0.12769768  0.29688323  0.80965614]
 [-0.03745423  0.40876576  0.6045201 ]
 [ 0.1726408  -0.05457139  1.0291643 ]
 [ 0.145729   -0.20338546  0.8359457 ]
 [ 0.28227568 -0.06832559  0.753567  ]]
[[ 0.          0.          0.6001084 ]
 [ 0.02842873 -0.11780452  0.5931439 ]
 [ 0.19270004 -0.06774992  0.2816967 ]
 [-0.26376075 -0.06992088  0.40470564]
 [-0.3033675   0.01826879  0.34043962]
 [-0.02816512  0.11779214  0.60695356]
 [ 0.17717905  0.38595036  0.33932495]
 [ 0.1234366   0.53682935  0.06282508]
 [ 0.30803466  0.54653245  0.        ]
 [ 0.05727873  0.06175244  0.80125046]
 [ 0.14234535  0.13724685  1.0331211 ]
 [ 0.2291137   0.08317083  1.1210288 ]
 [ 0.15392476  0.06028712  1.1719487 ]
 [ 0.06641357  0.261182    0.95130146]
 [ 0.07902275  0.36181903  0.7297209 ]
 [ 0.29208833  0.4345416   0.6266456 ]
 [ 0.18660715 -0.01011607  1.0367289 ]
 [ 0.0940173  -0.07953594  0.7912677 ]
 [ 0.20212972  0.04456655  0.67055947]]
[[ 0.          0.          0.5286689 ]
 [ 0.0260929  -0.11672235  0.52082694]
 [ 0.3813883   0.00557792  0.37000972]
 [ 0.00717622 -0.0438216   0.24002048]
 [ 0.06156005 -0.00903198  0.08029783]
 [-0.02576317  0.11687438  0.5365071 ]
 [ 0.0530975   0.42498103  0.2629909 ]
 [-0.1424712   0.5486437   0.10907462]
 [-0.02113245  0.59599805  0.        ]
 [ 0.05583577  0.0404204   0.7226577 ]
 [ 0.13701683  0.09372103  0.9531659 ]
 [ 0.23014268  0.01877123  1.0428692 ]
 [ 0.15273537  0.01154691  1.0861157 ]
 [ 0.09852206  0.22452164  0.887845  ]
 [ 0.25773853  0.33304626  0.69793946]
 [ 0.46806318  0.34606832  0.7643795 ]
 [ 0.13921374 -0.06412488  0.9475777 ]
 [ 0.02620257 -0.18038033  0.7533683 ]
 [ 0.2040168  -0.06634781  0.6700505 ]]
[[ 0.          0.          0.5096833 ]
 [ 0.01595673 -0.11384019  0.5035336 ]
 [ 0.39911464  0.02333981  0.41135088]
 [ 0.28306323 -0.01193053  0.08597761]
 [ 0.44066298  0.00297576  0.        ]
 [-0.01565094  0.11408474  0.51631606]
 [-0.05540681  0.38809937  0.24087176]
 [-0.33028626  0.5468149   0.19581026]
 [-0.3420698   0.5929587   0.06748009]
 [ 0.02612805 -0.01257753  0.7099547 ]
 [ 0.0777982  -0.01857001  0.94832885]
 [ 0.17747474 -0.09663638  1.0271844 ]
 [ 0.11168806 -0.09505859  1.0709834 ]
 [ 0.08382382  0.11360684  0.893327  ]
 [ 0.26899844  0.22304563  0.73589736]
 [ 0.41417712  0.20713428  0.8868965 ]
 [ 0.03262492 -0.14595145  0.94366044]
 [-0.20015216 -0.24757415  0.9900134 ]
 [-0.19004028 -0.19527577  0.86538947]]
[[ 0.          0.          0.49525294]
 [ 0.01573674 -0.11237342  0.49116993]
 [ 0.3944551   0.05885093  0.36545002]
 [ 0.45053408  0.07740867  0.03146276]
 [ 0.6251854   0.09006459  0.        ]
 [-0.01554526  0.11256126  0.49996534]
 [-0.05946024  0.28587714  0.1915504 ]
 [-0.3983549   0.38312453  0.2585765 ]
 [-0.4624542   0.42765215  0.17992121]
 [ 0.03599487 -0.02045293  0.6994474 ]
 [ 0.08497539 -0.05516496  0.9373083 ]
 [ 0.19504613 -0.1375525   1.0134076 ]
 [ 0.12607259 -0.12405777  1.065069  ]
 [ 0.09496715  0.07400021  0.8926083 ]
 [ 0.2284348   0.21972042  0.71545535]
 [ 0.38639265  0.21375299  0.8228872 ]
 [ 0.03467791 -0.17606458  0.9211934 ]
 [-0.20812477 -0.2619983   0.918077  ]
 [-0.20296648 -0.24537852  0.7613745 ]]
[[ 0.          0.          0.5212648 ]
 [ 0.02014481 -0.1135353   0.51831186]
 [ 0.38545403  0.10935932  0.35400784]
 [ 0.48253962  0.156062    0.02345645]
 [ 0.6640502   0.17991242  0.        ]
 [-0.02003346  0.11362346  0.5249009 ]
 [-0.0436525   0.1813698   0.18274444]
 [-0.44856688  0.11393206  0.30559027]
 [-0.5355699   0.14336802  0.25851429]
 [ 0.05074648 -0.01821448  0.7253918 ]
 [ 0.10859644 -0.06752446  0.9633684 ]
 [ 0.22362053 -0.1540215   1.0371907 ]
 [ 0.15237525 -0.13715985  1.0937958 ]
 [ 0.10355318  0.06432268  0.9259553 ]
 [ 0.15978977  0.23152736  0.7248162 ]
 [ 0.3486973   0.25617102  0.72478724]
 [ 0.06775646 -0.19029687  0.93591785]
 [-0.16091295 -0.25952294  0.8619565 ]
 [-0.14924994 -0.26275125  0.68667233]]
[[ 0.          0.          0.5611578 ]
 [ 0.00919689 -0.120377    0.5582043 ]
 [ 0.30650827  0.16646458  0.36294216]
 [ 0.30474737  0.26453787  0.04753613]
 [ 0.50055474  0.31231517  0.        ]
 [-0.00913839  0.1203844   0.5645978 ]
 [ 0.09887759  0.07278681  0.20617783]
 [-0.34705615 -0.09278603  0.36613545]
 [-0.44878566 -0.07849333  0.33595455]
 [ 0.06581916  0.00895536  0.76318216]
 [ 0.12975273 -0.04378268  1.0029268 ]
 [ 0.25607127 -0.13835052  1.0840702 ]
 [ 0.17274454 -0.11979237  1.1351018 ]
 [ 0.11319506  0.08860427  0.9668867 ]
 [ 0.06526715  0.25827384  0.7655238 ]
 [ 0.1482403   0.4258033   0.58543587]
 [ 0.09385684 -0.17113928  0.95567167]
 [-0.03726192 -0.24253526  0.724614  ]
 [ 0.07327099 -0.3072214   0.57346773]]
[[ 0.          0.          0.51648176]
 [-0.0056686  -0.11589168  0.50407565]
 [ 0.14850259  0.1546494   0.26898932]
 [ 0.00813795  0.35840604  0.06946808]
 [ 0.18804477  0.41003627  0.        ]
 [ 0.00564418  0.11580039  0.528888  ]
 [ 0.26273185  0.01160765  0.28744325]
 [-0.1014526  -0.08165762  0.29178512]
 [-0.09252873 -0.0787237   0.18408012]
 [ 0.0675481  -0.01228365  0.7269868 ]
 [ 0.13994002 -0.0528779   0.9727394 ]
 [ 0.25697058 -0.14186642  1.061501  ]
 [ 0.16911507 -0.14163548  1.1125221 ]
 [ 0.09751326  0.07846481  0.9372872 ]
 [-0.06363207  0.24294066  0.82559276]
 [-0.12823284  0.4403826   0.6461054 ]
 [ 0.12969314 -0.19363724  0.9202894 ]
 [ 0.08386078 -0.32189775  0.68003404]
 [ 0.28804386 -0.29557064  0.6521518 ]]
[[ 0.          0.          0.4534226 ]
 [-0.0024786  -0.09837754  0.43779254]
 [-0.03907489  0.11627372  0.1902327 ]
 [-0.27830017  0.32640338  0.10643089]
 [-0.21887732  0.41491055  0.        ]
 [ 0.00235347  0.09820317  0.4685338 ]
 [ 0.35956645  0.07864504  0.35511923]
 [ 0.26507345  0.13799918  0.11598435]
 [ 0.43267435  0.14740697  0.01087081]
 [ 0.05604856 -0.02234241  0.6708452 ]
 [ 0.12811938 -0.03718558  0.92198426]
 [ 0.22560537 -0.10824355  1.0005038 ]
 [ 0.14443156 -0.12389302  1.0600753 ]
 [ 0.05087927  0.07444665  0.87709856]
 [-0.17278826  0.21121189  0.84998965]
 [-0.27506912  0.3875326   0.69024587]
 [ 0.16570902 -0.16973728  0.8853351 ]
 [ 0.20376992 -0.32598627  0.6759633 ]
 [ 0.38969976 -0.19812897  0.75696754]]
[[ 0.          0.          0.46029833]
 [ 0.00294951 -0.09455894  0.44643465]
 [-0.04803766  0.11358911  0.18773824]
 [-0.36794958  0.3158475   0.20789695]
 [-0.3799824   0.4383912   0.11830917]
 [-0.00300444  0.09434657  0.47359577]
 [ 0.35107     0.10816298  0.3464628 ]
 [ 0.4245199   0.22074047  0.03958282]
 [ 0.6104229   0.22046667  0.        ]
 [ 0.04773063 -0.01740025  0.67610323]
 [ 0.11850657 -0.01407287  0.9236059 ]
 [ 0.21056268 -0.07924896  1.0019169 ]
 [ 0.12802318 -0.09651592  1.0550227 ]
 [ 0.03361328  0.09091115  0.87204945]
 [-0.18932584  0.21292442  0.83823645]
 [-0.25157356  0.3944261   0.6747937 ]
 [ 0.16753422 -0.14394271  0.89907414]
 [ 0.20406458 -0.3010603   0.7087793 ]
 [ 0.38322285 -0.15243028  0.77937794]]
[[ 0.          0.          0.4928188 ]
 [ 0.01364639 -0.10167271  0.47968593]
 [-0.03744157  0.05777225  0.18696871]
 [-0.41443795  0.18620092  0.3041187 ]
 [-0.48022878  0.3280434   0.2710971 ]
 [-0.01356067  0.10142037  0.50545114]
 [ 0.32572436  0.20657907  0.32368362]
 [ 0.4645689   0.34933892  0.0015555 ]
 [ 0.65005606  0.3515774   0.        ]
 [ 0.04931943  0.01364097  0.70448714]
 [ 0.12839505  0.04783875  0.9442582 ]
 [ 0.21546625 -0.01577586  1.0209812 ]
 [ 0.13418685 -0.03441513  1.0734107 ]
 [ 0.0420799   0.15337253  0.88381827]
 [-0.16056854  0.25425583  0.783559  ]
 [-0.15312523  0.39621624  0.5917586 ]
 [ 0.17684114 -0.087091    0.9264053 ]
 [ 0.16946134 -0.24090642  0.743441  ]
 [ 0.3411663  -0.09466627  0.7194211 ]]
[[ 0.0000000e+00  0.0000000e+00  5.5578369e-01]
 [ 1.7555319e-02 -1.0880364e-01  5.4208595e-01]
 [-1.3663322e-03  4.4897199e-04  2.3239091e-01]
 [-4.0001059e-01  6.9118597e-02  3.8771912e-01]
 [-4.7281325e-01  2.1544106e-01  3.8372737e-01]
 [-1.7454110e-02  1.0859195e-01  5.6906688e-01]
 [ 2.8686690e-01  2.5059426e-01  3.4536737e-01]
 [ 3.7427527e-01  3.9343482e-01  8.5162520e-03]
 [ 5.6158602e-01  3.9605871e-01  0.0000000e+00]
 [ 4.9992245e-02  3.6787003e-02  7.6263261e-01]
 [ 1.3132720e-01  8.8706195e-02  9.9850428e-01]
 [ 2.2228491e-01  2.1907210e-02  1.0765469e+00]
 [ 1.4074612e-01  1.0948658e-02  1.1307619e+00]
 [ 4.9317494e-02  2.0273814e-01  9.3360579e-01]
 [-9.5825076e-02  3.1615159e-01  7.7865291e-01]
 [-8.4714293e-03  4.3106258e-01  5.8463931e-01]
 [ 1.7435372e-01 -5.3057134e-02  9.8167658e-01]
 [ 1.2795117e-01 -1.9740424e-01  7.9715657e-01]
 [ 2.6335308e-01 -8.4307447e-02  6.9199145e-01]]
[[ 0.          0.          0.5805567 ]
 [ 0.0277041  -0.11533479  0.57143825]
 [ 0.2267769  -0.08525482  0.29266873]
 [-0.235625   -0.1111926   0.37333655]
 [-0.27201426 -0.02588689  0.32859835]
 [-0.02742783  0.11534905  0.58961254]
 [ 0.1733514   0.39881614  0.32059965]
 [ 0.09491253  0.5583434   0.0572924 ]
 [ 0.28705603  0.5614553   0.        ]
 [ 0.0584466   0.05527112  0.7768612 ]
 [ 0.14567108  0.12795758  1.0078948 ]
 [ 0.23710841  0.06036124  1.0924048 ]
 [ 0.1599913   0.05481321  1.1500483 ]
 [ 0.08524567  0.2545689   0.92442   ]
 [ 0.13493809  0.37523702  0.71228653]
 [ 0.3518322   0.41061506  0.6381258 ]
 [ 0.1722509  -0.02346137  1.0064819 ]
 [ 0.06158672 -0.1057418   0.77877986]
 [ 0.1609472   0.0424706   0.66327626]]
[[ 0.          0.          0.48971617]
 [ 0.01657739 -0.11472456  0.48749802]
 [ 0.38190103 -0.03275561  0.37327546]
 [ 0.04921499 -0.07529289  0.17595327]
 [ 0.12145382 -0.05952629  0.07337615]
 [-0.01626209  0.11498774  0.4922391 ]
 [ 0.01220091  0.4564161   0.24234699]
 [-0.17907467  0.6436617   0.11627173]
 [-0.07424036  0.6871648   0.        ]
 [ 0.03417266  0.00433616  0.6830554 ]
 [ 0.09852429  0.02717111  0.91857076]
 [ 0.19374669 -0.04785043  1.0081012 ]
 [ 0.12559125 -0.04596448  1.0488927 ]
 [ 0.09949034  0.15915558  0.84780186]
 [ 0.27679974  0.28496352  0.68343693]
 [ 0.46775728  0.30660796  0.78121984]
 [ 0.05292626 -0.11833248  0.92129594]
 [-0.15785684 -0.2476961   0.94978815]
 [-0.1977607  -0.2344139   0.82687306]]
[[ 0.          0.          0.47664553]
 [ 0.00611533 -0.11437662  0.4752494 ]
 [ 0.4008891   0.01096729  0.4040866 ]
 [ 0.30875862 -0.02294225  0.0692158 ]
 [ 0.46707714 -0.00968388  0.        ]
 [-0.00583993  0.11462371  0.47859693]
 [-0.04876088  0.4023354   0.2248537 ]
 [-0.31884974  0.58087933  0.19740468]
 [-0.33920997  0.6239443   0.07933488]
 [ 0.02657744 -0.00980482  0.6743756 ]
 [ 0.07352111 -0.01938304  0.9105057 ]
 [ 0.17912519 -0.110304    0.9829775 ]
 [ 0.10769857 -0.08678514  1.0290122 ]
 [ 0.10173859  0.109727    0.84887147]
 [ 0.27584562  0.19575244  0.6902288 ]
 [ 0.40122017  0.18630409  0.84059644]
 [ 0.00336928 -0.14620599  0.9127108 ]
 [-0.21943314 -0.25605288  0.9413855 ]
 [-0.23113689 -0.22532701  0.817441  ]]
[[ 0.0000000e+00  0.0000000e+00  4.5741880e-01]
 [ 1.0658540e-02 -1.1287533e-01  4.5507020e-01]
 [ 3.7638050e-01  5.2989915e-02  3.4654003e-01]
 [ 4.4490421e-01  6.0706943e-02  1.0496497e-02]
 [ 6.2053764e-01  6.8538815e-02  0.0000000e+00]
 [-1.0516994e-02  1.1309083e-01  4.6047181e-01]
 [-3.2256395e-02  3.1143209e-01  1.6236544e-01]
 [-3.5819554e-01  4.2287248e-01  2.5887734e-01]
 [-4.3143040e-01  4.7468457e-01  1.9689423e-01]
 [ 2.8090872e-02 -2.0914167e-02  6.5656036e-01]
 [ 6.7984834e-02 -5.5082023e-02  8.9193994e-01]
 [ 1.8412822e-01 -1.5016848e-01  9.6103036e-01]
 [ 1.0560632e-01 -1.1891377e-01  1.0190542e+00]
 [ 9.6567877e-02  7.0979893e-02  8.3640134e-01]
 [ 2.2293714e-01  2.2226119e-01  6.6723603e-01]
 [ 3.9491907e-01  2.5459340e-01  7.5680077e-01]
 [ 5.8998913e-04 -1.7528149e-01  8.8275588e-01]
 [-2.2931352e-01 -2.7139980e-01  8.5579824e-01]
 [-2.4151248e-01 -3.0322602e-01  7.0594275e-01]]
[[ 0.          0.          0.48778132]
 [ 0.01447785 -0.11455809  0.48444805]
 [ 0.36021012  0.11973988  0.336013  ]
 [ 0.46267068  0.17543101  0.01943144]
 [ 0.64654076  0.20299512  0.        ]
 [-0.01441197  0.11467481  0.4918492 ]
 [ 0.00740569  0.20357281  0.164103  ]
 [-0.3855691   0.13281329  0.32041556]
 [-0.49175555  0.17146564  0.29714864]
 [ 0.04563775 -0.01409543  0.6892397 ]
 [ 0.0967488  -0.05417791  0.92736375]
 [ 0.22186384 -0.14988145  0.99861646]
 [ 0.13355437 -0.11066982  1.0579194 ]
 [ 0.10906979  0.07382882  0.87915826]
 [ 0.16282916  0.2413939   0.67971635]
 [ 0.35364568  0.33755454  0.6409304 ]
 [ 0.04064661 -0.18009245  0.90761375]
 [-0.1699514  -0.26416847  0.80069304]
 [-0.1687265  -0.35948554  0.62321925]]
[[ 0.          0.          0.51178914]
 [ 0.00463108 -0.11320791  0.5109869 ]
 [ 0.28932387  0.18534634  0.34073547]
 [ 0.2852769   0.30312395  0.05079696]
 [ 0.48192513  0.35727483  0.        ]
 [-0.00456835  0.11324085  0.51309603]
 [ 0.13727726  0.07887325  0.19698328]
 [-0.27246335 -0.09708367  0.33920762]
 [-0.39211088 -0.06699699  0.33339798]
 [ 0.06173413  0.00641587  0.70869553]
 [ 0.12342585 -0.03934804  0.94910324]
 [ 0.25336528 -0.13613832  1.0314293 ]
 [ 0.1547549  -0.09776253  1.0864869 ]
 [ 0.12332464  0.08870736  0.89939463]
 [ 0.07226221  0.24810992  0.69262165]
 [ 0.14285725  0.43007812  0.51814336]
 [ 0.07686041 -0.16667973  0.9086337 ]
 [-0.03881394 -0.24385825  0.67171365]
 [ 0.08499035 -0.35693577  0.52911747]]
[[ 0.          0.          0.43909502]
 [-0.01164083 -0.10555014  0.42553315]
 [ 0.08187069  0.14173928  0.2047146 ]
 [-0.07809484  0.38595194  0.0733853 ]
 [ 0.07726859  0.4417241   0.        ]
 [ 0.01155283  0.10548314  0.45256183]
 [ 0.3336087   0.03680943  0.28682268]
 [ 0.03346793  0.00704113  0.25402477]
 [ 0.08275923  0.00722423  0.15656054]
 [ 0.05814414 -0.01603892  0.649951  ]
 [ 0.12363076 -0.05096707  0.8983131 ]
 [ 0.23851779 -0.14113978  0.987558  ]
 [ 0.14804475 -0.12660089  1.038393  ]
 [ 0.09021115  0.07387757  0.85681236]
 [-0.07853378  0.22464854  0.7770963 ]
 [-0.17086637  0.39730284  0.5843945 ]
 [ 0.11313361 -0.1898675   0.84934664]
 [ 0.11052981 -0.33599558  0.6135891 ]
 [ 0.32796574 -0.2826525   0.62022626]]
[[ 0.          0.          0.3932912 ]
 [-0.00738245 -0.09043016  0.3788123 ]
 [-0.0544506   0.10450454  0.15003431]
 [-0.3172934   0.33499426  0.12685901]
 [-0.29413933  0.42919225  0.03348377]
 [ 0.00730068  0.09025332  0.40725118]
 [ 0.36987174  0.06273974  0.313999  ]
 [ 0.34030622  0.1720075   0.08138326]
 [ 0.5128295   0.18357584  0.        ]
 [ 0.05229177 -0.01846226  0.60933924]
 [ 0.12080202 -0.02153116  0.85994494]
 [ 0.21776253 -0.09382042  0.93991685]
 [ 0.12539363 -0.10146302  0.9917102 ]
 [ 0.0523198   0.08881047  0.8110024 ]
 [-0.16053009  0.22642949  0.77973807]
 [-0.24561626  0.38960522  0.60709417]
 [ 0.15677765 -0.15393037  0.82710636]
 [ 0.18953407 -0.31406945  0.6236832 ]
 [ 0.37977874 -0.1958012   0.6897962 ]]
[[ 0.          0.          0.42383182]
 [-0.00115949 -0.0954733   0.4094534 ]
 [-0.04758819  0.09399979  0.15086955]
 [-0.39231795  0.27623636  0.2175506 ]
 [-0.41898197  0.39382666  0.14395797]
 [ 0.00114705  0.09527825  0.43768984]
 [ 0.36735332  0.13329193  0.3225959 ]
 [ 0.45244932  0.2743976   0.03397271]
 [ 0.6374855   0.27784258  0.        ]
 [ 0.04852761 -0.0098805   0.63524926]
 [ 0.12122485  0.00804716  0.8786246 ]
 [ 0.21174827 -0.06409001  0.95758826]
 [ 0.11868664 -0.07374078  1.0059632 ]
 [ 0.04598005  0.11408231  0.8256    ]
 [-0.16791043  0.2325027   0.7717042 ]
 [-0.1957947   0.4049961   0.5951334 ]
 [ 0.1639794  -0.12722662  0.8523927 ]
 [ 0.18081716 -0.2937345   0.6630162 ]
 [ 0.35945866 -0.1404899   0.6901514 ]]
[[ 0.          0.          0.45859718]
 [ 0.00555811 -0.10282571  0.44353005]
 [-0.02732044  0.05749862  0.16056943]
 [-0.4168324   0.18511623  0.2889787 ]
 [-0.47572023  0.31979397  0.23920393]
 [-0.00550158  0.10264529  0.47321656]
 [ 0.3400585   0.20631562  0.3091091 ]
 [ 0.45500815  0.36531425  0.00893763]
 [ 0.649676    0.36599672  0.        ]
 [ 0.05364666  0.02291435  0.66510904]
 [ 0.13501538  0.06504372  0.900151  ]
 [ 0.22587344 -0.01333261  0.9808241 ]
 [ 0.13402566 -0.01607251  1.0263114 ]
 [ 0.06356131  0.17509952  0.84418344]
 [-0.12185812  0.286707    0.7438189 ]
 [-0.08294439  0.43274167  0.5531407 ]
 [ 0.1691831  -0.07860306  0.8782644 ]
 [ 0.14290516 -0.24581462  0.71130866]
 [ 0.2974761  -0.11242428  0.6489093 ]]
[[ 0.          0.          0.5316661 ]
 [ 0.01135121 -0.10933582  0.5196106 ]
 [ 0.06288956 -0.03673804  0.22969854]
 [-0.361689    0.03067107  0.38529685]
 [-0.41989094  0.16154912  0.3585621 ]
 [-0.01118117  0.10920788  0.5434363 ]
 [ 0.27608252  0.2853877   0.32590824]
 [ 0.3122036   0.4628129   0.03489536]
 [ 0.50324714  0.46554652  0.        ]
 [ 0.0551236   0.0478632   0.7321567 ]
 [ 0.1443946   0.11855322  0.9605877 ]
 [ 0.23679915  0.03866178  1.045851  ]
 [ 0.14749384  0.04326254  1.0906248 ]
 [ 0.07803956  0.23410934  0.8903024 ]
 [-0.00418597  0.36628914  0.7151315 ]
 [ 0.15408632  0.4733804   0.55273396]
 [ 0.16989462 -0.03309074  0.9504046 ]
 [ 0.10529926 -0.17067511  0.76187325]
 [ 0.19626738 -0.07890011  0.64301133]]
[[ 0.          0.          0.5051873 ]
 [ 0.02093493 -0.11473969  0.49886245]
 [ 0.26028112 -0.11403787  0.2672993 ]
 [-0.19707207 -0.13250753  0.2972321 ]
 [-0.22623712 -0.07407549  0.2204324 ]
 [-0.02063941  0.11482484  0.51150584]
 [ 0.16718124  0.4414255   0.26133794]
 [ 0.05067389  0.6597032   0.07515201]
 [ 0.22813964  0.67782456  0.        ]
 [ 0.05906133  0.05986057  0.6896014 ]
 [ 0.14305888  0.13142449  0.9155044 ]
 [ 0.23667432  0.05401358  1.0032656 ]
 [ 0.15668982  0.0639444   1.0520506 ]
 [ 0.10541541  0.25890356  0.84108496]
 [ 0.1840555   0.39104635  0.63716906]
 [ 0.4013125   0.41064122  0.62902373]
 [ 0.14455901 -0.02359739  0.9071863 ]
 [ 0.0353261  -0.1159786   0.6986091 ]
 [ 0.1304598   0.03131506  0.6362849 ]]
[[ 0.          0.          0.4425264 ]
 [ 0.00291432 -0.11921189  0.4353051 ]
 [ 0.3944081  -0.0090222   0.36362326]
 [ 0.19289301 -0.02048796  0.09186086]
 [ 0.3487861  -0.01623285  0.        ]
 [-0.00266084  0.1195211   0.4502527 ]
 [ 0.02362266  0.42759153  0.18168166]
 [-0.22661415  0.6354399   0.13969237]
 [-0.20696324  0.68270385  0.02543488]
 [ 0.0199775  -0.01256077  0.6397413 ]
 [ 0.06631121 -0.00729337  0.8770274 ]
 [ 0.17121682 -0.10026723  0.94728947]
 [ 0.09432401 -0.06205159  0.9929117 ]
 [ 0.10040544  0.12154651  0.8114538 ]
 [ 0.2654649   0.24223071  0.6518447 ]
 [ 0.4076152   0.23303804  0.78651357]
 [-0.01252719 -0.13876113  0.88357663]
 [-0.23170838 -0.2543014   0.9127533 ]
 [-0.24733569 -0.23851186  0.7914389 ]]
[[ 0.0000000e+00  0.0000000e+00  4.3500626e-01]
 [ 1.1505485e-03 -1.1690294e-01  4.3275809e-01]
 [ 3.7989751e-01 -2.0891920e-02  3.5568747e-01]
 [ 3.5034820e-01 -4.2348951e-02  4.4201255e-02]
 [ 5.2163506e-01 -3.8508981e-02  0.0000000e+00]
 [-9.1449544e-04  1.1715649e-01  4.3793440e-01]
 [ 2.2045441e-02  3.7324867e-01  1.5489611e-01]
 [-2.7447975e-01  5.7840109e-01  1.9142237e-01]
 [-3.2631594e-01  6.3286799e-01  1.0092628e-01]
 [ 1.7331155e-02 -1.9933447e-02  6.3247561e-01]
 [ 4.9972445e-02 -4.1871518e-02  8.6651778e-01]
 [ 1.5937206e-01 -1.3544995e-01  9.3427980e-01]
 [ 7.8830078e-02 -9.2066228e-02  9.8215771e-01]
 [ 9.3072906e-02  8.0493063e-02  8.1091541e-01]
 [ 2.2648014e-01  1.9061112e-01  6.4775705e-01]
 [ 3.5308671e-01  1.8224192e-01  7.7245319e-01]
 [-3.4282286e-02 -1.5978897e-01  8.6430418e-01]
 [-2.6140580e-01 -2.6197797e-01  8.7714243e-01]
 [-2.6807055e-01 -2.6328379e-01  7.4278963e-01]]
[[ 0.          0.          0.41128087]
 [ 0.00205766 -0.11712502  0.40862492]
 [ 0.36382246  0.00488198  0.31173855]
 [ 0.41762072  0.0096533   0.01434153]
 [ 0.59787107  0.00718054  0.        ]
 [-0.00186716  0.11735451  0.41474038]
 [ 0.05361468  0.3348101   0.12367189]
 [-0.26769215  0.517215    0.20260677]
 [-0.34119558  0.5668361   0.13107938]
 [ 0.01429667 -0.02748364  0.6074153 ]
 [ 0.04341235 -0.06296158  0.8398174 ]
 [ 0.15987712 -0.16287169  0.91118544]
 [ 0.07272683 -0.11434892  0.9584178 ]
 [ 0.08727836  0.0581474   0.7922716 ]
 [ 0.1763058   0.20249116  0.6206864 ]
 [ 0.3307187   0.22677046  0.6972275 ]
 [-0.04091036 -0.17553797  0.8271576 ]
 [-0.25955063 -0.26071265  0.79943883]
 [-0.25074953 -0.26471645  0.62876785]]
[[ 0.          0.          0.45222247]
 [-0.00364283 -0.12301016  0.44969764]
 [ 0.2893613   0.09484455  0.27969623]
 [ 0.32116678  0.17838952  0.0190196 ]
 [ 0.53193486  0.19564345  0.        ]
 [ 0.0037169   0.12317193  0.45536226]
 [ 0.22952408  0.19797167  0.1529705 ]
 [-0.1594924   0.28600326  0.2289425 ]
 [-0.19456664  0.30307788  0.16259247]
 [ 0.02628756 -0.01433381  0.64610124]
 [ 0.05658367 -0.06671935  0.883574  ]
 [ 0.17439246 -0.15603876  0.97824514]
 [ 0.08834644 -0.12992463  1.0195105 ]
 [ 0.07098487  0.0650928   0.8417705 ]
 [ 0.05926823  0.25807858  0.66108954]
 [ 0.18587624  0.4177984   0.50928926]
 [ 0.00233115 -0.19403858  0.84067607]
 [-0.12657519 -0.23497581  0.60976404]
 [-0.08204636 -0.3183526   0.39706883]]
[[ 0.00000000e+00  0.00000000e+00  4.39989150e-01]
 [-2.62134708e-02 -1.14924729e-01  4.29465294e-01]
 [ 1.22864470e-01  3.71762812e-02  1.97373211e-01]
 [-1.03857279e-01  2.65666962e-01  7.16945529e-02]
 [ 5.05677536e-02  3.18183601e-01  0.00000000e+00]
 [ 2.61881612e-02  1.14929952e-01  4.50405717e-01]
 [ 3.43983948e-01  5.88712990e-02  2.52504438e-01]
 [ 2.08930552e-01  2.28869170e-01  1.14209294e-01]
 [ 3.63555133e-01  2.34916121e-01  2.02759504e-02]
 [ 3.71844098e-02 -5.79464436e-03  6.43398404e-01]
 [ 7.74638355e-02 -2.62168348e-02  8.88456464e-01]
 [ 1.71809316e-01 -1.05288953e-01  9.96275783e-01]
 [ 9.35255662e-02 -9.24898386e-02  1.03364217e+00]
 [ 6.28962740e-02  1.00406379e-01  8.33699703e-01]
 [-6.38722777e-02  2.68022984e-01  7.28642941e-01]
 [-1.30784869e-01  3.96468014e-01  5.24747491e-01]
 [ 5.00938743e-02 -1.68927282e-01  8.47615242e-01]
 [-8.26835632e-04 -2.86829829e-01  6.05781138e-01]
 [ 2.04148471e-01 -2.44071111e-01  5.44074118e-01]]
[[ 0.00000000e+00  0.00000000e+00  3.87182683e-01]
 [-2.01423652e-02 -9.95842218e-02  3.70975882e-01]
 [-1.23507865e-02  8.84645730e-02  1.67341635e-01]
 [-3.23050261e-01  3.28282923e-01  1.27113253e-01]
 [-2.68479586e-01  4.21831101e-01  2.93713510e-02]
 [ 2.00018790e-02  9.94426683e-02  4.02909756e-01]
 [ 3.57091159e-01  5.70198968e-02  2.31578052e-01]
 [ 4.81223226e-01  1.37398630e-01  2.93284655e-04]
 [ 6.68278933e-01  1.12864286e-01  0.00000000e+00]
 [ 1.91355571e-02 -1.59001499e-02  5.94640553e-01]
 [ 5.55206276e-02 -1.73303485e-03  8.43538940e-01]
 [ 1.36993527e-01 -6.53601885e-02  9.42352653e-01]
 [ 5.29367179e-02 -6.47168159e-02  9.85309958e-01]
 [ 7.12378323e-03  1.15990192e-01  7.89022803e-01]
 [-1.80499345e-01  2.71970749e-01  7.29001284e-01]
 [-2.21647978e-01  4.17879760e-01  5.24266481e-01]
 [ 7.23707974e-02 -1.46116614e-01  8.14793766e-01]
 [ 9.17115808e-02 -3.12017173e-01  6.22651100e-01]
 [ 2.88819253e-01 -2.09477842e-01  6.40688539e-01]]
[[ 0.          0.          0.40033102]
 [-0.01661176 -0.09165124  0.38735712]
 [-0.05005451  0.1084691   0.18972617]
 [-0.38488257  0.32934132  0.17963232]
 [-0.3748501   0.43871778  0.08958691]
 [ 0.01653008  0.09146172  0.41279566]
 [ 0.33672005  0.08858137  0.22305769]
 [ 0.5539549   0.18199322  0.        ]
 [ 0.7287561   0.15644723  0.02739161]
 [ 0.00857365 -0.0065828   0.6131773 ]
 [ 0.03800353  0.0267683   0.8614576 ]
 [ 0.11061927 -0.02989352  0.95436215]
 [ 0.0254072  -0.03497088  1.0001326 ]
 [-0.0183375   0.13585436  0.7973187 ]
 [-0.21437672  0.26682925  0.7275746 ]
 [-0.23592073  0.3943554   0.5101918 ]
 [ 0.07058607 -0.10969609  0.8426508 ]
 [ 0.09799941 -0.2733044   0.6712469 ]
 [ 0.28453577 -0.1482349   0.6867291 ]]
[[ 0.0000000e+00  0.0000000e+00  4.1899207e-01]
 [-9.5859263e-03 -8.9123465e-02  4.1094956e-01]
 [-5.0644398e-02  9.2304662e-02  1.9794407e-01]
 [-4.0842652e-01  2.9258591e-01  2.1955904e-01]
 [-4.2755038e-01  4.2189372e-01  1.4631835e-01]
 [ 9.5187947e-03  8.8910855e-02  4.2657614e-01]
 [ 3.1691861e-01  1.2592568e-01  2.2745284e-01]
 [ 5.3950369e-01  2.2420499e-01  0.0000000e+00]
 [ 7.0907414e-01  2.0166606e-01  2.7601331e-02]
 [-7.4643129e-04 -1.2449920e-04  6.3392383e-01]
 [ 2.1721832e-02  3.9940983e-02  8.8071954e-01]
 [ 9.0566956e-02 -1.3162196e-02  9.7653317e-01]
 [ 2.4855384e-03 -2.1038294e-02  1.0179253e+00]
 [-3.5440505e-02  1.4587000e-01  8.0874395e-01]
 [-2.2198048e-01  2.6201448e-01  7.1268332e-01]
 [-2.1014297e-01  3.6184132e-01  4.8692054e-01]
 [ 5.7097882e-02 -9.9018097e-02  8.6627167e-01]
 [ 6.7224354e-02 -2.6338536e-01  6.9887656e-01]
 [ 2.5477120e-01 -1.4627442e-01  6.8502808e-01]]
[[ 0.0000000e+00  0.0000000e+00  4.7515410e-01]
 [ 8.9926720e-03 -9.5096894e-02  4.7278154e-01]
 [ 3.8032755e-02  1.0658160e-02  2.2933732e-01]
 [-3.8568980e-01  1.3796273e-01  3.1542212e-01]
 [-4.6597838e-01  2.9985580e-01  2.8459993e-01]
 [-8.9297332e-03  9.4940260e-02  4.7726187e-01]
 [ 2.4443826e-01  2.1901247e-01  2.5763512e-01]
 [ 4.3070245e-01  3.6757821e-01  6.7856908e-04]
 [ 5.7038367e-01  3.8141632e-01  0.0000000e+00]
 [-4.5489576e-03  4.6876773e-02  6.8438601e-01]
 [ 1.4621787e-02  1.2778968e-01  9.2604697e-01]
 [ 8.2600504e-02  6.9309711e-02  1.0413625e+00]
 [-1.3808645e-02  7.3035419e-02  1.0710924e+00]
 [-3.1764418e-02  2.2811177e-01  8.3716470e-01]
 [-1.3705036e-01  2.9367140e-01  6.4352053e-01]
 [ 4.2026214e-02  3.7543884e-01  4.7014973e-01]
 [ 4.7785670e-02 -1.6966909e-02  9.0999889e-01]
 [ 5.5537045e-02 -1.6777410e-01  7.2457278e-01]
 [ 2.1528564e-01 -6.4776555e-02  6.6032159e-01]]
[[ 0.          0.          0.39497665]
 [ 0.01202732 -0.07839757  0.4065033 ]
 [ 0.2741621  -0.13524237  0.27544972]
 [-0.09029387  0.00932218  0.19392747]
 [-0.03408275  0.09608276  0.11482355]
 [-0.01185368  0.0782717   0.3834126 ]
 [ 0.32406276  0.0011252   0.28459677]
 [ 0.31201112 -0.11595249  0.        ]
 [ 0.05679239  0.00555256  0.07025933]
 [ 0.0177907   0.05834258  0.58935964]
 [ 0.03899865  0.11770135  0.8288615 ]
 [ 0.12184652  0.06228572  0.9533552 ]
 [ 0.01364213  0.0829609   0.9870926 ]
 [ 0.03159045  0.21029282  0.7343011 ]
 [ 0.12474445  0.24074313  0.4939497 ]
 [ 0.32929465  0.27159637  0.50435317]
 [ 0.03651795 -0.00729156  0.811337  ]
 [ 0.04386359 -0.12929744  0.5775591 ]
 [ 0.18507668 -0.07572623  0.4683739 ]]
[[ 0.          0.          0.56567776]
 [-0.04370023 -0.08200274  0.5659271 ]
 [ 0.35044235 -0.2449881   0.52328575]
 [ 0.19012672 -0.2756126   0.24541634]
 [ 0.24984682 -0.30581635  0.15602303]
 [ 0.04399169  0.08209567  0.56599563]
 [-0.04007426  0.27935213  0.32035622]
 [-0.14728108  0.48437023  0.09228951]
 [-0.07753068  0.5008761   0.        ]
 [ 0.02071335  0.01314591  0.77162254]
 [ 0.05972334  0.02908379  1.0145144 ]
 [ 0.16570401 -0.07070804  1.099739  ]
 [ 0.0859642   0.00976574  1.1379306 ]
 [ 0.14615811  0.11095256  0.9421068 ]
 [ 0.2970295   0.15830635  0.7724359 ]
 [ 0.42217296  0.08143841  0.7989641 ]
 [-0.05939392 -0.06214115  1.0194008 ]
 [-0.16629605 -0.25489262  1.0610147 ]
 [-0.11010834 -0.25686437  1.1789402 ]]
[[ 0.          0.          0.5521167 ]
 [-0.02382718 -0.10348025  0.5570259 ]
 [ 0.2937349  -0.28374103  0.45412296]
 [ 0.39697248 -0.43551302  0.11102813]
 [ 0.5561297  -0.4801108   0.13057381]
 [ 0.02408419  0.10355265  0.5480642 ]
 [-0.07087803  0.20433007  0.2465702 ]
 [-0.32331884  0.2960582   0.08938181]
 [-0.31067562  0.3330997   0.        ]
 [ 0.03758048  0.01691806  0.75911474]
 [ 0.08969276  0.01412058  0.9989845 ]
 [ 0.20918496 -0.08021808  1.0712287 ]
 [ 0.12740791 -0.01500309  1.1194165 ]
 [ 0.16393128  0.08834592  0.9236167 ]
 [ 0.29148966  0.03174627  0.7566691 ]
 [ 0.36793056 -0.07840811  0.86371106]
 [-0.03201693 -0.06193396  1.0019143 ]
 [-0.26158386 -0.15905628  1.0226321 ]
 [-0.33771843 -0.12133816  1.0398213 ]]
[[ 0.          0.          0.5324683 ]
 [-0.01923777 -0.10214363  0.53789747]
 [ 0.28883028 -0.25892347  0.41999078]
 [ 0.44378233 -0.39047432  0.09149608]
 [ 0.5998941  -0.43028522  0.12152168]
 [ 0.01949815  0.10218012  0.5279374 ]
 [-0.07201351  0.17305323  0.2242195 ]
 [-0.34382012  0.251589    0.0932737 ]
 [-0.34090036  0.29334363  0.        ]
 [ 0.04025722  0.01624344  0.7407769 ]
 [ 0.09657034  0.01375714  0.97997767]
 [ 0.21734777 -0.07891494  1.0521038 ]
 [ 0.13660724 -0.01705879  1.1002476 ]
 [ 0.1698882   0.0885419   0.902431  ]
 [ 0.28920063  0.04325342  0.72771895]
 [ 0.39330775 -0.03201932  0.8120601 ]
 [-0.0229889  -0.06185183  0.9870279 ]
 [-0.25052595 -0.14410609  1.005516  ]
 [-0.34615076 -0.09866655  1.0166216 ]]
[[ 0.          0.          0.49926066]
 [-0.01083477 -0.10300238  0.50376207]
 [ 0.27388257 -0.22379264  0.33877838]
 [ 0.43348503 -0.3740651   0.        ]
 [ 0.5970986  -0.41125923  0.02080217]
 [ 0.01109654  0.10300618  0.49565187]
 [-0.04318585  0.1626068   0.15455505]
 [-0.3382702   0.2265109   0.09645605]
 [-0.3674035   0.2627138   0.00134981]
 [ 0.04282708  0.0232562   0.7077307 ]
 [ 0.10160149  0.03042164  0.94702125]
 [ 0.22682467 -0.05431816  1.0229868 ]
 [ 0.14544922  0.0043546   1.0747416 ]
 [ 0.17404401  0.10275388  0.86101925]
 [ 0.2733806   0.09709401  0.65940744]
 [ 0.41571426  0.05323565  0.6738497 ]
 [-0.01112787 -0.04415974  0.95945036]
 [-0.22747782 -0.127493    0.9831817 ]
 [-0.3251339  -0.08129933  1.0077538 ]]
[[ 0.00000000e+00  0.00000000e+00  6.60752356e-01]
 [ 9.80295241e-04 -1.00352213e-01  6.58406496e-01]
 [ 2.36768901e-01 -9.38286185e-02  3.99392366e-01]
 [ 3.11467409e-01 -2.08887279e-01  2.93806195e-02]
 [ 4.69916105e-01 -1.94788933e-01  0.00000000e+00]
 [-8.36309046e-04  1.00353830e-01  6.63741827e-01]
 [ 9.80748702e-03  7.74732232e-02  2.84186840e-01]
 [-3.70104432e-01  3.30919623e-02  3.35312128e-01]
 [-4.60145503e-01  8.11147988e-02  2.33396858e-01]
 [ 3.61373574e-02  5.01733720e-02  8.68741870e-01]
 [ 8.46102089e-02  8.39278102e-02  1.11088407e+00]
 [ 2.04836935e-01  5.32025099e-03  1.21561503e+00]
 [ 1.04713827e-01  5.45722842e-02  1.25910020e+00]
 [ 1.43475860e-01  1.54216796e-01  1.01300120e+00]
 [ 1.89788342e-01  1.70706302e-01  7.57100701e-01]
 [ 2.61404395e-01  2.52555311e-01  5.96054077e-01]
 [-7.68762641e-03 -4.64552641e-03  1.13039386e+00]
 [-1.97986335e-01 -1.27320826e-01  1.20820570e+00]
 [-2.83903539e-01 -1.13310516e-01  1.28789377e+00]]
[[ 0.          0.          0.65528846]
 [ 0.00643564 -0.09087712  0.6561935 ]
 [ 0.08903681  0.01133975  0.3323543 ]
 [-0.06631987 -0.02080107  0.03042328]
 [ 0.04813081  0.04495031  0.        ]
 [-0.00651626  0.09079216  0.654596  ]
 [ 0.10658802 -0.05275157  0.30506295]
 [-0.32683757 -0.14949065  0.34393734]
 [-0.42654273 -0.10402516  0.27413327]
 [ 0.00574478  0.06590606  0.8681009 ]
 [ 0.02310524  0.12579471  1.1173766 ]
 [ 0.11533546  0.07564306  1.2463602 ]
 [ 0.00632342  0.09090918  1.27893   ]
 [ 0.03512493  0.21393257  1.0023122 ]
 [ 0.00166798  0.31221467  0.75195545]
 [ 0.01525779  0.44389173  0.5573084 ]
 [-0.02292614  0.01262116  1.1491086 ]
 [-0.1533522  -0.1327933   1.3294705 ]
 [-0.23727158 -0.18977112  1.4672413 ]]
[[ 0.0000000e+00  0.0000000e+00  6.1290866e-01]
 [ 9.3431771e-04 -7.7712208e-02  6.1513984e-01]
 [ 2.6641399e-02  6.9140971e-02  3.0203778e-01]
 [-2.2619277e-01  9.4509959e-02  5.0205052e-02]
 [-1.4378548e-01  1.7267847e-01  0.0000000e+00]
 [-1.1194535e-03  7.7550456e-02  6.1061764e-01]
 [ 1.6021678e-01 -1.2814930e-01  3.2227349e-01]
 [-2.7358088e-01 -2.6162738e-01  2.8711572e-01]
 [-3.4914249e-01 -2.6090002e-01  2.4647117e-01]
 [ 1.9230694e-03  7.4007973e-02  8.2014155e-01]
 [ 5.7447888e-03  1.3551611e-01  1.0673614e+00]
 [ 7.8783154e-02  1.0614395e-01  1.1971287e+00]
 [-1.7192796e-02  9.3388140e-02  1.2269294e+00]
 [-1.0564342e-02  2.2413018e-01  9.5164692e-01]
 [-7.5204536e-02  3.2608700e-01  7.3131579e-01]
 [-1.0440099e-01  4.7068095e-01  5.4437399e-01]
 [-5.0029755e-03  2.2402436e-02  1.1023588e+00]
 [-1.0421485e-01 -9.5469654e-02  1.3450098e+00]
 [-1.6830570e-01 -1.7273659e-01  1.4681001e+00]]
[[ 0.          0.          0.49825534]
 [-0.01941407 -0.0862664   0.4932179 ]
 [-0.15290946 -0.05858457  0.19495258]
 [-0.52140766 -0.02995709  0.18575135]
 [-0.536454    0.03900415  0.13491347]
 [ 0.01917696  0.08597122  0.5029507 ]
 [ 0.30291814 -0.06560969  0.37362334]
 [ 0.10648483 -0.10950652  0.09192422]
 [ 0.23801458 -0.12217218  0.        ]
 [-0.02002522  0.04379657  0.71775043]
 [-0.03421976  0.09058058  0.96997   ]
 [ 0.0334547   0.08318019  1.0974559 ]
 [-0.05921257  0.04187047  1.1265116 ]
 [-0.0791961   0.18864924  0.86107445]
 [-0.2078464   0.2815041   0.68257415]
 [-0.25762385  0.4457664   0.5330657 ]
 [-0.00573016 -0.03651047  0.993168  ]
 [ 0.04037457 -0.18302178  1.1360242 ]
 [ 0.10672633 -0.14603007  1.2612822 ]]
[[ 0.          0.          0.46691856]
 [-0.0216114  -0.09016868  0.45871347]
 [-0.146253   -0.05579779  0.19349593]
 [-0.49249867 -0.09830362  0.29253283]
 [-0.5278412  -0.0136182   0.302476  ]
 [ 0.02145949  0.08976137  0.47486264]
 [ 0.32893983 -0.0106683   0.35776457]
 [ 0.3544264  -0.13543928  0.        ]
 [ 0.5278474  -0.15507302  0.00356236]
 [-0.01278294  0.0332633   0.6892319 ]
 [-0.02257892  0.06982973  0.9422779 ]
 [ 0.0355396   0.06394988  1.0772407 ]
 [-0.05742478  0.02753294  1.1004387 ]
 [-0.07900114  0.1651186   0.84996116]
 [-0.25371727  0.22556913  0.704002  ]
 [-0.29194456  0.37932807  0.6049026 ]
 [ 0.01962425 -0.06130186  0.94743013]
 [ 0.12540455 -0.20516235  0.9871141 ]
 [ 0.25427723 -0.12709066  1.0474977 ]]
[[ 0.          0.          0.476771  ]
 [-0.01711257 -0.0885594   0.47224042]
 [-0.11135656 -0.05746558  0.24153537]
 [-0.41383308 -0.13761175  0.37810075]
 [-0.46605903 -0.05863845  0.42804182]
 [ 0.0170336   0.08806562  0.48118538]
 [ 0.3285693   0.00754264  0.30557308]
 [ 0.4920435  -0.13166463  0.        ]
 [ 0.6554527  -0.15866143  0.0513393 ]
 [-0.00744992  0.02709804  0.6996071 ]
 [-0.01850856  0.04856306  0.9526303 ]
 [ 0.03126182  0.04265213  1.0965902 ]
 [-0.0643674   0.00628394  1.110283  ]
 [-0.07930818  0.1351656   0.8708447 ]
 [-0.25855097  0.18051362  0.7532677 ]
 [-0.26965535  0.35126334  0.7063533 ]
 [ 0.03336712 -0.06983951  0.94107133]
 [ 0.16298833 -0.20124999  0.91485965]
 [ 0.33408725 -0.09282601  0.95481634]]
[[ 0.          0.          0.5097187 ]
 [-0.01729565 -0.09124108  0.50960135]
 [-0.06140236 -0.11271352  0.31815034]
 [-0.38972577 -0.20131311  0.49216133]
 [-0.44626778 -0.11542124  0.54281527]
 [ 0.01723892  0.09078798  0.5098    ]
 [ 0.31167847  0.0305531   0.29294848]
 [ 0.49298346 -0.09284037  0.        ]
 [ 0.6477811  -0.12562376  0.05317521]
 [-0.01113944  0.01970191  0.72983646]
 [-0.02226407  0.03687876  0.9824911 ]
 [ 0.0156976   0.03460932  1.1308559 ]
 [-0.07523178 -0.00260866  1.1397195 ]
 [-0.07449397  0.11847618  0.9155961 ]
 [-0.22239429  0.1571804   0.8402254 ]
 [-0.172546    0.32881168  0.8893056 ]
 [ 0.01849571 -0.06788     0.9532714 ]
 [ 0.11454579 -0.19399925  0.873482  ]
 [ 0.2667892  -0.10676697  0.8315374 ]]
[[ 0.00000000e+00  0.00000000e+00  7.13957906e-01]
 [-1.33353844e-03 -1.05775528e-01  7.27871001e-01]
 [ 1.30797893e-01 -2.42186368e-01  5.76567411e-01]
 [-2.88311183e-01 -3.00352991e-01  5.84672332e-01]
 [-3.25308621e-01 -2.43223250e-01  5.51143944e-01]
 [ 1.23471394e-03  1.05635077e-01  7.00222969e-01]
 [ 1.74895227e-01  3.50062549e-02  3.75041604e-01]
 [ 2.11130708e-01 -9.15115476e-02  2.08802223e-02]
 [ 3.51565182e-01 -9.02211666e-02  0.00000000e+00]
 [-2.35324651e-02  5.34591675e-02  9.25045967e-01]
 [-6.87618479e-02  4.66738641e-02  1.17355990e+00]
 [-4.99230474e-02  4.32670712e-02  1.32050502e+00]
 [-1.07885525e-01  3.47129107e-02  1.33394372e+00]
 [-5.57494238e-02  1.47141635e-01  1.12726760e+00]
 [-8.94322246e-02  2.56640434e-01  1.12327218e+00]
 [ 1.70686096e-02  3.60704392e-01  1.27883041e+00]
 [-8.56899768e-02 -6.04057610e-02  1.12485135e+00]
 [-1.64260551e-01 -2.08749622e-01  1.06409740e+00]
 [ 1.77869946e-02 -2.38246664e-01  7.97104657e-01]]
[[ 0.0000000e+00  0.0000000e+00  7.4797678e-01]
 [ 1.4029071e-04 -1.0927874e-01  7.6205581e-01]
 [ 2.3648888e-01 -2.8662968e-01  7.1609515e-01]
 [-5.0831549e-02 -4.4863653e-01  5.2546227e-01]
 [ 2.1715462e-03 -4.5202982e-01  4.0899032e-01]
 [-3.5846233e-04  1.0935627e-01  7.3429668e-01]
 [ 2.2921558e-02  3.3956289e-02  3.6536705e-01]
 [-2.0356146e-01 -5.2356958e-02  6.4639091e-02]
 [-1.6010183e-01 -4.9229264e-03  0.0000000e+00]
 [-4.9149901e-02  9.9353328e-02  9.4860739e-01]
 [-1.2622170e-01  1.2191135e-01  1.1924500e+00]
 [-7.0018575e-02  8.5457683e-02  1.3339339e+00]
 [-1.3926083e-01  1.1539376e-01  1.3471184e+00]
 [-4.9566358e-02  2.1888089e-01  1.1642435e+00]
 [ 6.1730325e-02  3.1415790e-01  1.1676888e+00]
 [ 1.3524066e-01  3.5336441e-01  1.2884849e+00]
 [-2.0009765e-01  2.5990635e-02  1.1287973e+00]
 [-2.9728162e-01 -1.0989552e-01  9.5085275e-01]
 [-3.3039108e-01 -1.4200667e-01  8.1570655e-01]]
[[ 0.          0.          0.58472735]
 [-0.01238903 -0.10516715  0.5945895 ]
 [ 0.2150526  -0.37965798  0.5737703 ]
 [ 0.11474597 -0.6052518   0.2273097 ]
 [ 0.27546036 -0.62698185  0.18658268]
 [ 0.01224369  0.10525774  0.57561487]
 [-0.01158057  0.08783883  0.20286757]
 [-0.3500995   0.07776931  0.08190101]
 [-0.41682577  0.12393749  0.        ]
 [-0.05479455  0.09256789  0.78502923]
 [-0.13129392  0.12169123  1.0319717 ]
 [-0.07585548  0.07323807  1.1660826 ]
 [-0.13611099  0.12081426  1.1883136 ]
 [-0.03322406  0.19380611  1.0011209 ]
 [ 0.09710857  0.19644082  0.9955895 ]
 [ 0.1952188   0.15510726  1.0996592 ]
 [-0.22921285  0.05673832  0.96565545]
 [-0.38491803 -0.06148025  0.85302144]
 [-0.48563057 -0.06073603  0.81260467]]
[[ 0.          0.          0.42248368]
 [-0.0121077  -0.09747569  0.42935172]
 [ 0.19754866 -0.39504936  0.4241112 ]
 [ 0.2568087  -0.60005414  0.11809644]
 [ 0.41656935 -0.64172703  0.13953996]
 [ 0.01203479  0.09750623  0.41657847]
 [-0.01888427  0.10129836  0.04150572]
 [-0.3844872   0.04768994  0.03238964]
 [-0.48821974  0.10156921  0.        ]
 [-0.04715762  0.08585644  0.61984026]
 [-0.11576919  0.11574686  0.8677058 ]
 [-0.05800612  0.06494778  0.99809515]
 [-0.1170101   0.11595219  1.0281317 ]
 [-0.02158363  0.17070037  0.8286309 ]
 [ 0.12032121  0.11577088  0.8161032 ]
 [ 0.22321528  0.04635859  0.87422407]
 [-0.21149844  0.05914026  0.80560374]
 [-0.3743856  -0.05706382  0.7643044 ]
 [-0.4719424  -0.03481707  0.78784895]]
[[ 0.          0.          0.37299457]
 [-0.00927211 -0.09723257  0.3792441 ]
 [ 0.21070176 -0.3720462   0.3885123 ]
 [ 0.388866   -0.5543195   0.14185953]
 [ 0.5309819  -0.59618056  0.20541969]
 [ 0.00926012  0.09713502  0.36779904]
 [ 0.00549951  0.10376686  0.        ]
 [-0.36763293 -0.01150927  0.04805723]
 [-0.47949925  0.03902882  0.04523468]
 [-0.03848524  0.07863137  0.57099295]
 [-0.09929609  0.10169852  0.8186817 ]
 [-0.03272393  0.05497158  0.95198   ]
 [-0.09904528  0.10115689  0.97880244]
 [-0.01189897  0.15901959  0.7716154 ]
 [ 0.15755826  0.08921576  0.75576127]
 [ 0.27731934 -0.01169494  0.804852  ]
 [-0.18653361  0.0344359   0.7619201 ]
 [-0.32194507 -0.12759396  0.7382698 ]
 [-0.37379408 -0.09558538  0.7925129 ]]
[[ 0.          0.          0.33026093]
 [-0.00784022 -0.10512833  0.33457753]
 [ 0.2508403  -0.3538106   0.37273362]
 [ 0.5612496  -0.491867    0.22489132]
 [ 0.674404   -0.5124245   0.34613332]
 [ 0.00790037  0.10491781  0.32701898]
 [ 0.12365545  0.09395525  0.        ]
 [-0.25442308 -0.00800529  0.07127246]
 [-0.34272406  0.03875142  0.04987502]
 [-0.01743768  0.06975296  0.52790046]
 [-0.05789127  0.07857725  0.77866435]
 [ 0.02731101  0.02153182  0.9067784 ]
 [-0.05476832  0.06467205  0.9391094 ]
 [ 0.01003304  0.14822704  0.7263237 ]
 [ 0.17448862  0.05671507  0.67857075]
 [ 0.34187943 -0.05432597  0.71373075]
 [-0.12525795 -0.02014697  0.71926546]
 [-0.12132175 -0.24941295  0.64814043]
 [-0.06227543 -0.23790002  0.6795749 ]]
[[ 0.          0.          0.28924486]
 [-0.01437615 -0.10813653  0.29327327]
 [ 0.30055782 -0.32681358  0.3484365 ]
 [ 0.685109   -0.3805118   0.28279877]
 [ 0.77915466 -0.4017403   0.43899295]
 [ 0.01451235  0.10795964  0.2861372 ]
 [ 0.2839661   0.11505668  0.11463507]
 [-0.04268055  0.10741572  0.06414586]
 [-0.02153989  0.13483965  0.        ]
 [-0.00730099  0.04658386  0.48333827]
 [-0.02134449  0.05363309  0.73199606]
 [ 0.09363029 -0.02385366  0.8470973 ]
 [-0.00890344  0.02824628  0.8914031 ]
 [ 0.03473329  0.1484065   0.6788946 ]
 [ 0.22028887  0.09745938  0.59208   ]
 [ 0.38004035  0.01213856  0.5539553 ]
 [-0.08090856 -0.06545165  0.6755017 ]
 [ 0.047947   -0.25831547  0.55672073]
 [ 0.2498042  -0.1858379   0.55674547]]
[[ 0.          0.          0.2837933 ]
 [-0.00533671 -0.11216195  0.28321046]
 [ 0.34643558 -0.29985493  0.32296488]
 [ 0.7631781  -0.27482653  0.30636555]
 [ 0.84520555 -0.3089398   0.45479184]
 [ 0.0054657   0.1121292   0.28506982]
 [ 0.3632745   0.17420481  0.29107288]
 [ 0.25583667  0.289913    0.06163165]
 [ 0.41447288  0.28198978  0.        ]
 [ 0.0027443   0.02757683  0.46693432]
 [ 0.01876109  0.04552647  0.70996296]
 [ 0.14018518 -0.0351021   0.8274561 ]
 [ 0.03914328  0.01414919  0.8708117 ]
 [ 0.03799059  0.16102219  0.64834374]
 [ 0.19571126  0.18745117  0.50611055]
 [ 0.31514496  0.21587242  0.40066543]
 [-0.01768976 -0.08517355  0.65396523]
 [ 0.08289337 -0.22191812  0.47776756]
 [ 0.20248872 -0.09844366  0.45067105]]
[[ 0.          0.          0.17682147]
 [ 0.00509241 -0.10914765  0.16974379]
 [ 0.37305838 -0.20229805  0.1957962 ]
 [ 0.78599155 -0.05789543  0.15434301]
 [ 0.88364357 -0.09410159  0.29011014]
 [-0.00496656  0.10911815  0.1842792 ]
 [ 0.36102432  0.19538367  0.22986597]
 [ 0.52578926  0.3542244   0.01321107]
 [ 0.67958504  0.35161498  0.        ]
 [ 0.0054215  -0.00158185  0.34047878]
 [ 0.03739075  0.02963671  0.5646986 ]
 [ 0.15024346 -0.04012671  0.6819868 ]
 [ 0.0418774  -0.0141564   0.72172314]
 [ 0.01501329  0.15294525  0.49955648]
 [ 0.11286471  0.21896733  0.3154723 ]
 [ 0.22473103  0.3811      0.17823619]
 [ 0.03994133 -0.105748    0.5271469 ]
 [ 0.1630989  -0.189132    0.49800387]
 [ 0.28539997 -0.0750218   0.53158015]]
[[ 0.0000000e+00  0.0000000e+00  1.4356187e-01]
 [ 1.6680822e-02 -1.1025038e-01  1.4016250e-01]
 [ 3.9302984e-01 -1.4071766e-01  1.7151953e-01]
 [ 6.9992203e-01  9.5829889e-03  4.9072817e-02]
 [ 8.2229304e-01 -3.8148984e-03  1.4913598e-01]
 [-1.6589411e-02  1.1024997e-01  1.4722197e-01]
 [ 3.5999441e-01  2.1904035e-01  2.0185137e-01]
 [ 5.6267482e-01  3.6387125e-01  0.0000000e+00]
 [ 6.8403411e-01  3.8951322e-01  2.9653013e-03]
 [-1.0847354e-02 -9.8322630e-03  2.9218334e-01]
 [-6.1658211e-04  1.4228940e-02  5.0343376e-01]
 [ 1.0096911e-01 -4.6439648e-02  6.2842655e-01]
 [-1.0786204e-02 -3.9991796e-02  6.6186142e-01]
 [-5.5098422e-02  1.2764043e-01  4.3644184e-01]
 [-8.8097751e-02  1.9820088e-01  2.1350993e-01]
 [-7.5577632e-02  3.7976569e-01  3.5812363e-02]
 [ 3.7168324e-02 -1.0958804e-01  4.6360248e-01]
 [ 1.9650233e-01 -1.8132487e-01  3.6835665e-01]
 [ 3.8798916e-01 -9.9482074e-02  3.2990891e-01]]
[[ 0.          0.          0.11815572]
 [ 0.02109044 -0.11059359  0.11496389]
 [ 0.40943998 -0.14916828  0.23770165]
 [ 0.60879886  0.02430517  0.05668551]
 [ 0.73766875  0.05776325  0.12885344]
 [-0.02106636  0.11064756  0.12160194]
 [ 0.35840744  0.22431616  0.2399312 ]
 [ 0.4586831   0.3676927   0.        ]
 [ 0.59159076  0.38370436  0.00350234]
 [-0.04959205 -0.02534223  0.25756478]
 [-0.08564968 -0.02087513  0.46335357]
 [ 0.01308143 -0.07816494  0.593992  ]
 [-0.09844734 -0.0760766   0.6260132 ]
 [-0.14519024  0.09295085  0.39825544]
 [-0.25892147  0.21809497  0.2052903 ]
 [-0.32475585  0.4218487   0.04572397]
 [-0.03934307 -0.1392712   0.41360918]
 [ 0.10552248 -0.18113688  0.27179366]
 [ 0.27581605 -0.09432654  0.20608594]]
[[ 0.          0.          0.07947454]
 [ 0.02493497 -0.10342468  0.07793127]
 [ 0.3734321  -0.14257446  0.29943612]
 [ 0.4687584  -0.00963333  0.10757333]
 [ 0.59995925  0.00732919  0.1669626 ]
 [-0.025045    0.10357303  0.08149078]
 [ 0.31048578  0.2676794   0.28542474]
 [ 0.23114687  0.3936378   0.00646907]
 [ 0.3226712   0.42575958  0.        ]
 [-0.10694999 -0.05216412  0.21192946]
 [-0.19743225 -0.07529721  0.41033086]
 [-0.10215408 -0.12461296  0.5351336 ]
 [-0.20021309 -0.13924372  0.5709077 ]
 [-0.2558282   0.03439865  0.34825885]
 [-0.4312886   0.17470144  0.21367255]
 [-0.5794446   0.3784649   0.12875219]
 [-0.15014274 -0.1716892   0.3573195 ]
 [-0.10792397 -0.13432074  0.19576342]
 [-0.1210773   0.06939318  0.18732184]]
[[ 0.          0.          0.08363849]
 [ 0.02298821 -0.09949251  0.07890211]
 [ 0.36158758 -0.18614636  0.26936865]
 [ 0.41180855 -0.06142237  0.09678508]
 [ 0.5455333  -0.06123038  0.17612755]
 [-0.02313097  0.09956501  0.08888295]
 [ 0.31699422  0.26054364  0.26824835]
 [ 0.1588279   0.36817464  0.01270053]
 [ 0.24096985  0.415573    0.        ]
 [-0.13479258 -0.07208925  0.18631151]
 [-0.25861102 -0.13464865  0.35416192]
 [-0.165031   -0.19144775  0.4800225 ]
 [-0.26677227 -0.19340837  0.51245433]
 [-0.31329036 -0.01682921  0.3054598 ]
 [-0.4483301   0.15039608  0.16813508]
 [-0.5788585   0.37945926  0.12899205]
 [-0.2095361  -0.226618    0.2959588 ]
 [-0.13839026 -0.2131617   0.14833352]
 [-0.03966408 -0.11043233  0.16304779]]
[[ 0.          0.          0.11607744]
 [ 0.01266959 -0.0799556   0.10307929]
 [ 0.3182131  -0.11055324  0.18669227]
 [ 0.19915861  0.18568029  0.09404521]
 [ 0.49164805  0.09988134  0.28237057]
 [-0.01299752  0.0800382   0.1296913 ]
 [ 0.27898908  0.15970942  0.22575872]
 [ 0.04469134  0.28934354  0.04469708]
 [ 0.02880388  0.3717845   0.        ]
 [-0.14571473 -0.05923849  0.19104013]
 [-0.30710858 -0.15981162  0.3182819 ]
 [-0.24211451 -0.20990595  0.42809027]
 [-0.31645447 -0.20161259  0.46874362]
 [-0.33170116 -0.03884411  0.28499013]
 [-0.3761306   0.14558391  0.17908105]
 [-0.4020697   0.37852618  0.213122  ]
 [-0.277413   -0.25707754  0.25889075]
 [-0.22198476 -0.37499404  0.14058067]
 [-0.11980481 -0.4388395   0.14714663]]
[[ 0.          0.          0.1084436 ]
 [ 0.01345943 -0.07797779  0.08834878]
 [ 0.33193016 -0.07555752  0.14482582]
 [ 0.11009526  0.16368724  0.05343491]
 [ 0.2005724   0.20774926  0.06055184]
 [-0.01371616  0.07814107  0.12893346]
 [ 0.3268528   0.16213785  0.20118044]
 [ 0.02036434  0.26410344  0.04506886]
 [ 0.06398527  0.2822755   0.        ]
 [-0.15602525 -0.08215493  0.17083825]
 [-0.32385653 -0.16878821  0.29439038]
 [-0.25676975 -0.21717255  0.4242813 ]
 [-0.35882053 -0.20878746  0.45105737]
 [-0.3329123  -0.04734322  0.26801717]
 [-0.32470822  0.17419735  0.14483714]
 [-0.21366408  0.34219277  0.284226  ]
 [-0.29490915 -0.25837362  0.21982889]
 [-0.18962115 -0.33117312  0.0588242 ]
 [ 0.03221846 -0.34149358  0.00993524]]
[[ 0.          0.          0.10711561]
 [-0.027273   -0.06279694  0.05422717]
 [ 0.2994063  -0.19816975  0.15786259]
 [ 0.20138934  0.14796369  0.05758099]
 [ 0.29680943  0.1539387   0.02365588]
 [ 0.02706281  0.06310087  0.16054285]
 [ 0.3389661  -0.00082381  0.23393126]
 [ 0.14555965  0.18239567  0.07835425]
 [ 0.16634116  0.16387182  0.        ]
 [-0.15177007 -0.07842709  0.20547509]
 [-0.31100705 -0.1722146   0.35846674]
 [-0.2369135  -0.24520878  0.4639672 ]
 [-0.31257027 -0.20424873  0.5022262 ]
 [-0.24037045 -0.06702754  0.37511152]
 [-0.14401117  0.11131489  0.28609723]
 [ 0.00929977  0.17340904  0.37767786]
 [-0.3698793  -0.23106912  0.26134497]
 [-0.46444076 -0.31468046  0.09551735]
 [-0.53754616 -0.52776706  0.01286004]]
[[ 0.          0.          0.09828044]
 [-0.04096881 -0.05957471  0.03138988]
 [ 0.30037034 -0.21446115  0.12083206]
 [ 0.44174024  0.10543896  0.03871247]
 [ 0.580367    0.07531291  0.04036771]
 [ 0.04083105  0.05990741  0.16576138]
 [ 0.35148862 -0.06354508  0.2712453 ]
 [ 0.25522643  0.08356047  0.07386579]
 [ 0.28236777  0.02785732  0.        ]
 [-0.14332691 -0.07703362  0.21718413]
 [-0.29060426 -0.162162    0.3936996 ]
 [-0.22472754 -0.23013635  0.49660933]
 [-0.290753   -0.17920041  0.53190476]
 [-0.1853371  -0.06491119  0.41923314]
 [ 0.0445305   0.03733867  0.4053744 ]
 [ 0.21509025 -0.03331226  0.47679865]
 [-0.38264328 -0.20914419  0.28721356]
 [-0.54111946 -0.2813204   0.10898207]
 [-0.6517875  -0.5187709   0.04872222]]
[[ 0.          0.          0.09071079]
 [-0.04211861 -0.06132519  0.02255026]
 [ 0.28509635 -0.21297485  0.10595457]
 [ 0.39037693  0.11801609  0.02428311]
 [ 0.5211739   0.08805933  0.03504845]
 [ 0.0420239   0.06161162  0.15939961]
 [ 0.3637456  -0.07115322  0.2791166 ]
 [ 0.29909763  0.01340254  0.0630461 ]
 [ 0.3422404  -0.04974514  0.        ]
 [-0.14137204 -0.08369946  0.21753344]
 [-0.2843182  -0.17061874  0.40009397]
 [-0.22105056 -0.23284745  0.504295  ]
 [-0.28325376 -0.1812323   0.53874093]
 [-0.17451268 -0.07170123  0.42523074]
 [ 0.06172599  0.0197295   0.4077694 ]
 [ 0.21541978 -0.07654369  0.47959578]
 [-0.38009334 -0.21492517  0.29485402]
 [-0.548461   -0.28827673  0.11359194]
 [-0.66018766 -0.5142683   0.05170354]]
[[ 0.          0.          0.07355043]
 [-0.0420032  -0.06394636  0.00393601]
 [ 0.28100443 -0.19656165  0.0641022 ]
 [ 0.3527997   0.16354217  0.        ]
 [ 0.49543226  0.13682249  0.02301845]
 [ 0.04188827  0.06420369  0.14361194]
 [ 0.36518484 -0.09790144  0.26435792]
 [ 0.36864892 -0.04760361  0.04708804]
 [ 0.4252991  -0.12278989  0.00081737]
 [-0.13509426 -0.08056679  0.21039288]
 [-0.2698357  -0.16302684  0.40180218]
 [-0.20827714 -0.21417847  0.5077914 ]
 [-0.2648993  -0.1589961   0.5411892 ]
 [-0.15703346 -0.06491938  0.4239901 ]
 [ 0.07820881  0.01460946  0.40048376]
 [ 0.20722947 -0.08964002  0.47012803]
 [-0.36999977 -0.20761532  0.29968435]
 [-0.54025227 -0.27542576  0.1256336 ]
 [-0.6667084  -0.4933416   0.04561594]]
[[ 0.          0.          0.08929045]
 [-0.04140791 -0.06479216  0.01897816]
 [ 0.2699762  -0.15833119  0.03680728]
 [ 0.29795048  0.22694042  0.        ]
 [ 0.4395331   0.21111101  0.02642252]
 [ 0.04127284  0.06501047  0.15993449]
 [ 0.34543753 -0.12790197  0.29543656]
 [ 0.46495706 -0.16668415  0.08531739]
 [ 0.5453267  -0.2517968   0.07033379]
 [-0.12370422 -0.07899095  0.23915228]
 [-0.24488735 -0.14899233  0.44090015]
 [-0.19154477 -0.19788674  0.54816335]
 [-0.2372733  -0.1377005   0.5812752 ]
 [-0.12870583 -0.05777082  0.45847934]
 [ 0.1027208  -0.00858456  0.41493213]
 [ 0.17379051 -0.12010017  0.46904004]
 [-0.34949347 -0.1948537   0.3467875 ]
 [-0.511947   -0.26787183  0.17526533]
 [-0.6549717  -0.4321977   0.06765355]]
[[ 0.          0.          0.09535432]
 [-0.04227834 -0.05973647  0.02440429]
 [ 0.26264793 -0.13480073  0.02191365]
 [ 0.2782445   0.24588746  0.        ]
 [ 0.40332732  0.23606332  0.01677796]
 [ 0.04214115  0.05993713  0.16663718]
 [ 0.32679272 -0.15081269  0.31531298]
 [ 0.49963117 -0.22289154  0.11426475]
 [ 0.59078336 -0.31279945  0.10858316]
 [-0.11901742 -0.07972354  0.25067428]
 [-0.23668715 -0.14770304  0.45649487]
 [-0.18369526 -0.19079295  0.56459594]
 [-0.2246778  -0.1310808   0.5932515 ]
 [-0.11789658 -0.06645861  0.4719967 ]
 [ 0.11101352 -0.0346458   0.41326994]
 [ 0.14741948 -0.13664794  0.4566917 ]
 [-0.34452176 -0.18394928  0.3672461 ]
 [-0.49952638 -0.25377464  0.19474524]
 [-0.6414097  -0.39778495  0.07395995]]
[[ 0.          0.          0.10395055]
 [-0.04344778 -0.05815315  0.03264433]
 [ 0.26354146 -0.12472975  0.        ]
 [ 0.2991515   0.26087642  0.00575982]
 [ 0.4345806   0.25171685  0.01827638]
 [ 0.0433123   0.05834485  0.1755872 ]
 [ 0.30366248 -0.17296122  0.329607  ]
 [ 0.5005124  -0.24300656  0.12652381]
 [ 0.589232   -0.34038863  0.1254198 ]
 [-0.11551763 -0.07201212  0.2636459 ]
 [-0.2289781  -0.13016379  0.47642452]
 [-0.1803113  -0.17671478  0.5828861 ]
 [-0.21467    -0.11251253  0.612906  ]
 [-0.10719384 -0.0539259   0.48811775]
 [ 0.1171295  -0.0408175   0.414994  ]
 [ 0.12698701 -0.15569437  0.4494198 ]
 [-0.33919346 -0.16476332  0.38860077]
 [-0.48343205 -0.23457187  0.20851718]
 [-0.62156516 -0.3711782   0.0766456 ]]
[[ 0.          0.          0.13415857]
 [-0.04804683 -0.05441169  0.06273206]
 [ 0.23864293 -0.11896332  0.        ]
 [ 0.3123524   0.26356244  0.0333318 ]
 [ 0.4453925   0.25075495  0.02655603]
 [ 0.04794388  0.05458844  0.20593783]
 [ 0.26526254 -0.21492091  0.36458194]
 [ 0.45722497 -0.3846096   0.11987039]
 [ 0.53683436 -0.49593294  0.12068221]
 [-0.11131214 -0.06876408  0.29836446]
 [-0.22299284 -0.12183398  0.51489514]
 [-0.1791366  -0.16607797  0.62111586]
 [-0.20966738 -0.10065335  0.6510966 ]
 [-0.09824027 -0.05841225  0.52143306]
 [ 0.11720502 -0.08841048  0.42638576]
 [ 0.10247469 -0.22935963  0.44097525]
 [-0.33901733 -0.145121    0.42949134]
 [-0.45740196 -0.19436577  0.23095156]
 [-0.57673955 -0.3256839   0.08613594]]
[[ 0.          0.          0.16200288]
 [-0.04986627 -0.05000619  0.08994547]
 [ 0.22159618 -0.115961    0.        ]
 [ 0.34277776  0.24661481  0.06262961]
 [ 0.46246397  0.23661715  0.03968574]
 [ 0.04977231  0.05018118  0.23442611]
 [ 0.23167348 -0.24157351  0.40142754]
 [ 0.42540354 -0.4120177   0.14008361]
 [ 0.5028906  -0.5291097   0.13666163]
 [-0.11203308 -0.06341711  0.32864186]
 [-0.22282963 -0.11002135  0.54712987]
 [-0.17920907 -0.15373835  0.6542056 ]
 [-0.21205154 -0.08672211  0.6862588 ]
 [-0.09569728 -0.05592766  0.55038524]
 [ 0.10983059 -0.0996366   0.43902177]
 [ 0.08311008 -0.24047557  0.44051135]
 [-0.34133708 -0.12539704  0.46412295]
 [-0.43897596 -0.15004995  0.24770378]
 [-0.5381401  -0.28440925  0.0925409 ]]
[[ 0.          0.          0.20428613]
 [-0.05388914 -0.04151554  0.1335697 ]
 [ 0.1948669  -0.09436767  0.        ]
 [ 0.3678424   0.26295     0.09931943]
 [ 0.5097934   0.25533402  0.06251109]
 [ 0.0537811   0.04169475  0.275383  ]
 [ 0.18366852 -0.27993995  0.43651116]
 [ 0.36243325 -0.4765772   0.14828417]
 [ 0.41924948 -0.6041808   0.14386642]
 [-0.11064587 -0.05614418  0.3735449 ]
 [-0.22383422 -0.098434    0.59241724]
 [-0.1952951  -0.14419678  0.69575775]
 [-0.21695438 -0.07777655  0.729141  ]
 [-0.09341706 -0.06140342  0.5940858 ]
 [ 0.09937234 -0.13258351  0.46326053]
 [ 0.04453716 -0.29935688  0.4570491 ]
 [-0.3452202  -0.10061404  0.5106844 ]
 [-0.41824436 -0.10937417  0.2742371 ]
 [-0.49665332 -0.2536907   0.10120222]]
[[ 0.          0.          0.23648164]
 [-0.06104662 -0.02892005  0.16779551]
 [ 0.16141868 -0.06793657  0.        ]
 [ 0.3803732   0.26829904  0.12452474]
 [ 0.50932384  0.26165435  0.06250176]
 [ 0.06092926  0.02910423  0.30552155]
 [ 0.136092   -0.31703264  0.4582157 ]
 [ 0.2952792  -0.5138201   0.14590973]
 [ 0.335827   -0.6488379   0.13738403]
 [-0.10953183 -0.04537988  0.40890068]
 [-0.22436365 -0.08152691  0.62721527]
 [-0.20437112 -0.12312827  0.7291268 ]
 [-0.2193987  -0.05733103  0.7624111 ]
 [-0.0895687  -0.05877134  0.6290591 ]
 [ 0.09173079 -0.1436697   0.48477536]
 [ 0.02200168 -0.31863186  0.47360808]
 [-0.34999037 -0.07274371  0.54543996]
 [-0.40095538 -0.05802264  0.2944839 ]
 [-0.46203068 -0.20235392  0.10580066]]
[[ 0.          0.          0.2722292 ]
 [-0.06509848 -0.01659048  0.20453206]
 [ 0.13570708 -0.04520199  0.        ]
 [ 0.40273666  0.27619785  0.1483323 ]
 [ 0.5192336   0.2679149   0.06899621]
 [ 0.0649616   0.01678088  0.3402944 ]
 [ 0.09150705 -0.34016317  0.4798221 ]
 [ 0.219114   -0.5185806   0.14841467]
 [ 0.24179721 -0.6524743   0.1335144 ]
 [-0.1117544  -0.04094036  0.44317183]
 [-0.2328224  -0.07613003  0.6556796 ]
 [-0.22617856 -0.11571741  0.75574964]
 [-0.23336521 -0.04985249  0.7859144 ]
 [-0.09356299 -0.06936741  0.6628308 ]
 [ 0.07402728 -0.17443478  0.5127721 ]
 [-0.00714636 -0.35149407  0.5022034 ]
 [-0.35976705 -0.0546954   0.5727618 ]
 [-0.39211938 -0.01557682  0.3106168 ]
 [-0.44260836 -0.15606299  0.11089835]]
[[ 0.          0.          0.30438155]
 [-0.06865979 -0.00423506  0.23999615]
 [ 0.11129116 -0.01670748  0.        ]
 [ 0.4041067   0.29316375  0.16469014]
 [ 0.5226857   0.28628236  0.06706858]
 [ 0.06847551  0.00444156  0.3691438 ]
 [ 0.05302966 -0.3536321   0.4798209 ]
 [ 0.1402719  -0.53546035  0.12794513]
 [ 0.13551033 -0.6664862   0.11672515]
 [-0.11247694 -0.03250071  0.47444227]
 [-0.23806843 -0.06406718  0.6808448 ]
 [-0.25002435 -0.10325423  0.7776419 ]
 [-0.24514371 -0.03777194  0.803952  ]
 [-0.09610661 -0.07249159  0.69449645]
 [ 0.06147939 -0.18935204  0.544754  ]
 [-0.03654625 -0.36499506  0.53848493]
 [-0.36608893 -0.03173655  0.59518254]
 [-0.39062625  0.01340016  0.328339  ]
 [-0.43687505 -0.12261745  0.12094444]]
[[ 0.          0.          0.33025363]
 [-0.07160659  0.00796295  0.2685459 ]
 [ 0.0813083   0.00697163  0.        ]
 [ 0.39807338  0.29774046  0.17863844]
 [ 0.5063509   0.28857917  0.0661439 ]
 [ 0.0713897  -0.00774678  0.39236563]
 [ 0.01196091 -0.3661526   0.46731332]
 [ 0.06461257 -0.54522306  0.1096361 ]
 [ 0.04190138 -0.6720091   0.10354736]
 [-0.11522717 -0.02508408  0.49840075]
 [-0.24623288 -0.04842198  0.6980479 ]
 [-0.27876878 -0.07953495  0.7919396 ]
 [-0.26043117 -0.01614118  0.81273526]
 [-0.10314202 -0.07126784  0.71970206]
 [ 0.04632111 -0.1971895   0.5732381 ]
 [-0.05537883 -0.36647812  0.5541613 ]
 [-0.373417   -0.00828776  0.6094303 ]
 [-0.39772913  0.04955831  0.3397826 ]
 [-0.44545284 -0.08215295  0.12622967]]
[[ 0.          0.          0.34752086]
 [-0.07176481  0.01627756  0.28728417]
 [ 0.06287326  0.02687266  0.        ]
 [ 0.38710862  0.3108369   0.18954341]
 [ 0.4964339   0.3017066   0.07212862]
 [ 0.07151923 -0.01606537  0.4081939 ]
 [-0.01663807 -0.3716995   0.44986722]
 [ 0.01676467 -0.55458057  0.10261378]
 [-0.01430267 -0.6759179   0.09993091]
 [-0.11859251 -0.02209777  0.5127154 ]
 [-0.2548087  -0.04139477  0.7058184 ]
 [-0.29843104 -0.06284899  0.7981851 ]
 [-0.27501902 -0.00435609  0.8140689 ]
 [-0.1121342  -0.07276031  0.73481226]
 [ 0.03568324 -0.20178263  0.5916027 ]
 [-0.07437561 -0.36693707  0.5521177 ]
 [-0.37994695  0.00363058  0.61545455]
 [-0.4083144   0.06103265  0.34633076]
 [-0.46011376 -0.06323674  0.12788948]]
