[[ 0.          0.          0.7404094 ]
 [ 0.00943971 -0.08055501  0.7423573 ]
 [-0.21491276 -0.06485149  0.4193781 ]
 [-0.60966206  0.01954815  0.5428184 ]
 [-0.69474876  0.10423759  0.4601373 ]
 [-0.00941546  0.08032185  0.73754996]
 [ 0.24234617  0.17120768  0.44279632]
 [ 0.36255997  0.2219789   0.03384244]
 [ 0.49595058  0.2197451   0.        ]
 [ 0.0669134   0.04461437  0.9307202 ]
 [ 0.09466147  0.06373474  1.1517236 ]
 [ 0.19275558  0.04963347  1.2255249 ]
 [ 0.15701665  0.01612532  1.3344536 ]
 [-0.00924146  0.14706543  1.1178224 ]
 [-0.23984247  0.23087996  1.056228  ]
 [-0.3129429   0.31358704  0.8332058 ]
 [ 0.18292242 -0.05681762  1.1622697 ]
 [ 0.285771   -0.10137856  0.93452   ]
 [ 0.4116273   0.05815178  1.0371499 ]]
[[ 0.          0.          0.7920897 ]
 [ 0.02355427 -0.08120357  0.7969997 ]
 [-0.12882303 -0.05895838  0.43756905]
 [-0.5535146  -0.02779636  0.62292933]
 [-0.6629751   0.06522765  0.59308106]
 [-0.02349377  0.08103682  0.7864835 ]
 [ 0.22320068  0.20116733  0.4696663 ]
 [ 0.29623356  0.23589909  0.04871434]
 [ 0.42126316  0.24764031  0.        ]
 [ 0.07744885  0.06519566  0.9798    ]
 [ 0.11243847  0.10627764  1.1990879 ]
 [ 0.21744338  0.09270787  1.2782058 ]
 [ 0.18154445  0.06668401  1.3897783 ]
 [ 0.00944997  0.19549283  1.1427665 ]
 [-0.1663034   0.2730495   1.004144  ]
 [-0.1279732   0.34900135  0.75417674]
 [ 0.19753113 -0.02624518  1.2053823 ]
 [ 0.21971484 -0.13317612  0.9808812 ]
 [ 0.37257975  0.03985467  0.8931019 ]]
[[ 0.0000000e+00  0.0000000e+00  7.9758173e-01]
 [ 3.3532217e-02 -9.3246765e-02  7.9975009e-01]
 [ 7.9737604e-03 -6.4733833e-02  4.1870815e-01]
 [-4.6760735e-01 -9.3486756e-02  6.2136173e-01]
 [-5.7748765e-01  1.1380315e-03  6.0485965e-01]
 [-3.3409998e-02  9.3207188e-02  7.9495007e-01]
 [ 1.7161208e-01  2.4124292e-01  4.6585521e-01]
 [ 1.3695753e-01  2.6555032e-01  5.4877937e-02]
 [ 2.5713807e-01  2.9750329e-01  0.0000000e+00]
 [ 9.2607372e-02  9.1717184e-02  9.7611427e-01]
 [ 1.5288424e-01  1.6840029e-01  1.1956512e+00]
 [ 2.5899825e-01  1.6239083e-01  1.2893558e+00]
 [ 2.1971592e-01  1.4737213e-01  1.3996277e+00]
 [ 5.4330237e-02  2.7218258e-01  1.1219311e+00]
 [-2.5497049e-02  3.2037669e-01  9.0987790e-01]
 [ 9.4524682e-02  3.7140846e-01  6.7475468e-01]
 [ 2.2683552e-01  2.5437117e-02  1.1943426e+00]
 [ 1.8048219e-01 -9.8157793e-02  9.7671509e-01]
 [ 2.7372220e-01  3.3027675e-02  7.9558724e-01]]
[[ 0.          0.          0.72983307]
 [ 0.04150379 -0.10530221  0.7243261 ]
 [ 0.18490681 -0.07301766  0.3852544 ]
 [-0.26897016 -0.12337986  0.46754235]
 [-0.3311857  -0.03683603  0.401666  ]
 [-0.04124829  0.10539427  0.7350066 ]
 [ 0.08981121  0.33908957  0.40569386]
 [-0.0823276   0.35888374  0.07095426]
 [ 0.03511526  0.4081167   0.        ]
 [ 0.0986352   0.10471284  0.9058337 ]
 [ 0.20443155  0.20120877  1.1021982 ]
 [ 0.2993944   0.19746459  1.2130072 ]
 [ 0.2592194   0.17358261  1.3148775 ]
 [ 0.10047598  0.31219923  1.0343027 ]
 [ 0.0986447   0.30806196  0.7901143 ]
 [ 0.3137679   0.31013077  0.67076933]
 [ 0.25796354  0.04279739  1.1072843 ]
 [ 0.1026077  -0.06379194  0.9090738 ]
 [ 0.13351429 -0.00522341  0.7034326 ]]
[[ 0.          0.          0.6541879 ]
 [ 0.03385305 -0.11636853  0.64853597]
 [ 0.34553623 -0.01074103  0.43749228]
 [ 0.01143964 -0.06238812  0.2288593 ]
 [ 0.09014285 -0.01501548  0.0906449 ]
 [-0.03362191  0.11655796  0.65960205]
 [-0.06665824  0.38624913  0.34400433]
 [-0.37126368  0.41503912  0.13430905]
 [-0.31697565  0.45767698  0.        ]
 [ 0.09492315  0.06864882  0.84491515]
 [ 0.19250506  0.13600603  1.0496049 ]
 [ 0.29457712  0.12568262  1.1459858 ]
 [ 0.2558348   0.09195977  1.2419765 ]
 [ 0.11639149  0.26244998  0.9895971 ]
 [ 0.20677614  0.28616178  0.73450124]
 [ 0.37127507  0.24969679  0.85942554]
 [ 0.23287241 -0.02329364  1.0689105 ]
 [-0.01079959 -0.08113667  0.98842466]
 [-0.06595705 -0.11162747  0.7659655 ]]
[[ 0.00000000e+00  0.00000000e+00  6.61448836e-01]
 [ 2.58486345e-02 -1.09699398e-01  6.51080906e-01]
 [ 3.56886566e-01 -6.12589717e-03  4.77786630e-01]
 [ 2.96366274e-01 -1.78813934e-05  7.77281523e-02]
 [ 4.52014983e-01  4.74263430e-02  0.00000000e+00]
 [-2.56021917e-02  1.09833799e-01  6.71948373e-01]
 [-1.35578111e-01  3.07498455e-01  3.85094911e-01]
 [-5.42327404e-01  3.12586039e-01  2.82906622e-01]
 [-5.65505624e-01  3.48158479e-01  1.40339315e-01]
 [ 7.95020163e-02  1.96625292e-02  8.64900947e-01]
 [ 1.54657111e-01  3.27515006e-02  1.08832693e+00]
 [ 2.65486717e-01  5.53634763e-03  1.16366982e+00]
 [ 2.28061646e-01 -5.35249710e-03  1.26804328e+00]
 [ 1.12137996e-01  1.64470226e-01  1.02404225e+00]
 [ 2.13053256e-01  2.13381156e-01  7.84663796e-01]
 [ 3.26609790e-01  2.12156504e-01  9.67722535e-01]
 [ 1.70821220e-01 -1.16291076e-01  1.11369395e+00]
 [-7.60948211e-02 -1.79168224e-01  1.21412468e+00]
 [-1.45833209e-01 -2.12056696e-01  1.03023982e+00]]
[[ 0.          0.          0.63464737]
 [ 0.03054144 -0.09977072  0.6263231 ]
 [ 0.3442099   0.05438137  0.4200419 ]
 [ 0.45376664  0.1415185   0.03448474]
 [ 0.61802864  0.19965628  0.        ]
 [-0.03030366  0.09983638  0.6433345 ]
 [-0.17079778  0.19718778  0.31626344]
 [-0.6028012   0.0859623   0.36748797]
 [-0.683715    0.14388932  0.27916265]
 [ 0.0755057   0.02084987  0.8392813 ]
 [ 0.15868928  0.01346752  1.0616128 ]
 [ 0.26571685 -0.03315684  1.1405973 ]
 [ 0.23521993 -0.04237604  1.240969  ]
 [ 0.11474453  0.1327942   0.9993966 ]
 [ 0.15009421  0.23000725  0.7574183 ]
 [ 0.3173886   0.255811    0.8614236 ]
 [ 0.17400914 -0.12219965  1.0725095 ]
 [-0.065875   -0.17003515  1.1111698 ]
 [-0.09737493 -0.18438056  0.9188589 ]]
[[ 0.          0.          0.65436745]
 [ 0.03476471 -0.08995636  0.6466832 ]
 [ 0.31981528  0.09580821  0.40208828]
 [ 0.4368052   0.1972444   0.02448046]
 [ 0.6092075   0.26334098  0.        ]
 [-0.03454418  0.08997346  0.66251767]
 [-0.15975896  0.1185513   0.29280585]
 [-0.58500016 -0.08882867  0.4237156 ]
 [-0.69994295 -0.03182608  0.39654264]
 [ 0.08433697  0.02741644  0.8482645 ]
 [ 0.16578123  0.01163176  1.0702579 ]
 [ 0.27039137 -0.04290858  1.1499453 ]
 [ 0.23673904 -0.04966837  1.2527621 ]
 [ 0.11124992  0.11959776  1.0154065 ]
 [ 0.088302    0.24930431  0.7782879 ]
 [ 0.27491423  0.304706    0.73544765]
 [ 0.1773412  -0.10754278  1.0544341 ]
 [-0.05343606 -0.16379316  1.0233935 ]
 [-0.03151351 -0.16916241  0.8004853 ]]
[[ 0.          0.          0.6804354 ]
 [ 0.03593957 -0.08893271  0.67328566]
 [ 0.30080092  0.14804067  0.4271349 ]
 [ 0.3330251   0.26074815  0.04050052]
 [ 0.5019204   0.35118502  0.        ]
 [-0.03573196  0.08888915  0.6880083 ]
 [-0.07565068  0.05833969  0.29866177]
 [-0.49157    -0.19634226  0.48149985]
 [-0.6233263  -0.14733523  0.4891386 ]
 [ 0.09785156  0.03281429  0.87000227]
 [ 0.17365974  0.00339562  1.0970632 ]
 [ 0.28331956 -0.04838589  1.1899934 ]
 [ 0.24303952 -0.05674982  1.2918954 ]
 [ 0.10429899  0.10965797  1.0360273 ]
 [ 0.01805463  0.2217558   0.80570257]
 [ 0.09299672  0.3347167   0.6086824 ]
 [ 0.18905833 -0.11372629  1.0598955 ]
 [ 0.02197685 -0.17024834  0.86127317]
 [ 0.1140565  -0.18044627  0.6706946 ]]
[[ 0.          0.          0.70487595]
 [ 0.02836084 -0.09590501  0.69345534]
 [ 0.22616321  0.15677321  0.40117085]
 [ 0.15123175  0.3042163   0.05018485]
 [ 0.31819147  0.38770327  0.        ]
 [-0.02815008  0.09584151  0.716568  ]
 [ 0.03350369  0.03788769  0.32658288]
 [-0.4007097  -0.17078432  0.5059918 ]
 [-0.50161433 -0.12648204  0.46146256]
 [ 0.10157838  0.0329276   0.89250374]
 [ 0.17185411 -0.01269695  1.12338   ]
 [ 0.28336942 -0.06159234  1.22788   ]
 [ 0.23734036 -0.07508886  1.328052  ]
 [ 0.09542677  0.09537211  1.0568547 ]
 [-0.07414773  0.1964566   0.8797877 ]
 [-0.12238953  0.34588382  0.6632006 ]
 [ 0.19418643 -0.13742103  1.080331  ]
 [ 0.07997178 -0.1748341   0.8311957 ]
 [ 0.2522028  -0.17800978  0.7171669 ]]
[[ 0.          0.          0.6361822 ]
 [ 0.004577   -0.10365026  0.61557436]
 [-0.05035712  0.09931219  0.31143433]
 [-0.2220087   0.33295277  0.09614146]
 [-0.11247817  0.40717563  0.        ]
 [-0.00457691  0.10346983  0.65619504]
 [ 0.2947277   0.07353926  0.4078221 ]
 [-0.07242924  0.05291888  0.25970975]
 [-0.01142539  0.09365138  0.10173136]
 [ 0.07449717  0.01395218  0.8477328 ]
 [ 0.1332447  -0.01165205  1.0942591 ]
 [ 0.24777797 -0.03348082  1.1860783 ]
 [ 0.201393   -0.05519402  1.2907875 ]
 [ 0.05132044  0.10035977  1.0442858 ]
 [-0.18383777  0.2010051   0.9930585 ]
 [-0.29690662  0.3245324   0.79030323]
 [ 0.1827461  -0.14610907  1.0577309 ]
 [ 0.17849025 -0.23435727  0.7984719 ]
 [ 0.35298166 -0.10631219  0.8948151 ]]
[[ 0.          0.          0.66262096]
 [ 0.00949975 -0.09287808  0.6451236 ]
 [-0.1427988   0.1151302   0.3819411 ]
 [-0.3893805   0.33099723  0.2567607 ]
 [-0.36709344  0.42295775  0.14820147]
 [-0.00954301  0.09259195  0.6792251 ]
 [ 0.31674978  0.06798233  0.4842677 ]
 [ 0.14504476  0.07597789  0.10266   ]
 [ 0.27791697  0.08394092  0.        ]
 [ 0.05942489  0.01623321  0.8849502 ]
 [ 0.10418188 -0.0037905   1.133242  ]
 [ 0.22175069 -0.00526148  1.2129998 ]
 [ 0.18081951 -0.03011757  1.3235972 ]
 [ 0.00305589  0.10378206  1.0952113 ]
 [-0.24579865  0.20852268  1.086745  ]
 [-0.33667773  0.3186069   0.8711039 ]
 [ 0.17762025 -0.13251296  1.1076157 ]
 [ 0.2548168  -0.19559835  0.8758204 ]
 [ 0.3686462  -0.02769342  1.0168059 ]]
[[ 0.          0.          0.7103296 ]
 [ 0.02061668 -0.08782598  0.6978001 ]
 [-0.14667761  0.08533931  0.42515057]
 [-0.49851286  0.23971276  0.47225   ]
 [-0.552791    0.35878214  0.3836088 ]
 [-0.02062995  0.08752938  0.7218865 ]
 [ 0.27058023  0.12866095  0.46756724]
 [ 0.32859737  0.13777709  0.04342616]
 [ 0.48047167  0.14559     0.        ]
 [ 0.05397956  0.0287036   0.9282297 ]
 [ 0.08988421  0.02100107  1.1709448 ]
 [ 0.19898796  0.01462162  1.2458775 ]
 [ 0.1628815  -0.01358497  1.357233  ]
 [-0.01759196  0.12025213  1.1312577 ]
 [-0.25367033  0.22609895  1.0864294 ]
 [-0.30024207  0.31828457  0.8581971 ]
 [ 0.17473601 -0.10433665  1.157698  ]
 [ 0.2623217  -0.1785812   0.938209  ]
 [ 0.37365323  0.01424873  1.0048591 ]]
[[ 0.          0.          0.7420811 ]
 [ 0.0244589  -0.08688956  0.7345027 ]
 [-0.12660865  0.03213575  0.42892784]
 [-0.51664793  0.13244769  0.55771714]
 [-0.60608363  0.25958577  0.5044184 ]
 [-0.02440171  0.08661244  0.7488208 ]
 [ 0.23971531  0.1605176   0.4517666 ]
 [ 0.33843315  0.16889489  0.03199279]
 [ 0.48366153  0.18253237  0.        ]
 [ 0.05694085  0.04228391  0.9511569 ]
 [ 0.09457074  0.04826418  1.1881562 ]
 [ 0.20137572  0.03592369  1.2661209 ]
 [ 0.16625355  0.00868827  1.3765726 ]
 [-0.01100298  0.14818692  1.1415272 ]
 [-0.20902818  0.25131246  1.039791  ]
 [-0.21668804  0.33525547  0.8063563 ]
 [ 0.17630403 -0.08031687  1.1807833 ]
 [ 0.2211366  -0.18797025  0.9541946 ]
 [ 0.36438212  0.01117089  0.9226251 ]]
[[ 0.          0.          0.8001017 ]
 [ 0.02937605 -0.09057974  0.7959336 ]
 [-0.04176235  0.01844156  0.45012575]
 [-0.45426032  0.06681043  0.62980163]
 [-0.5599886   0.19738148  0.596865  ]
 [-0.02928725  0.09038498  0.803616  ]
 [ 0.19826382  0.17492683  0.4682439 ]
 [ 0.2459196   0.16035014  0.04153907]
 [ 0.3876835   0.18055534  0.        ]
 [ 0.06909539  0.06646529  0.9981237 ]
 [ 0.11920375  0.09662879  1.2328519 ]
 [ 0.22701868  0.08679736  1.3185225 ]
 [ 0.18948153  0.06785023  1.4292822 ]
 [ 0.01768447  0.20134583  1.167734  ]
 [-0.11888403  0.29327062  0.9959918 ]
 [-0.04368855  0.39425808  0.77138233]
 [ 0.19267225 -0.03921688  1.2210488 ]
 [ 0.16841261 -0.1789829   0.9917321 ]
 [ 0.29167905 -0.03029571  0.83366597]]
[[ 0.          0.          0.80256224]
 [ 0.03212799 -0.10607137  0.79475605]
 [ 0.08385299 -0.04149517  0.44622707]
 [-0.39435017 -0.06054549  0.5952829 ]
 [-0.49271214  0.05375627  0.53739196]
 [-0.0319747   0.10602093  0.80990976]
 [ 0.15213361  0.26193973  0.46510148]
 [ 0.07901289  0.25116503  0.05363709]
 [ 0.22294775  0.27490932  0.        ]
 [ 0.08658036  0.09005649  0.99133873]
 [ 0.1666923   0.15339011  1.2142168 ]
 [ 0.27115247  0.1450913   1.31078   ]
 [ 0.23156479  0.12798172  1.4182782 ]
 [ 0.06726274  0.26428062  1.1381254 ]
 [-0.0020936   0.30440998  0.90340066]
 [ 0.15699156  0.3948684   0.72447   ]
 [ 0.22546783  0.00682062  1.2027924 ]
 [ 0.13492799 -0.1207831   0.9802455 ]
 [ 0.19276983 -0.01481599  0.794259  ]]
[[ 0.00000000e+00  0.00000000e+00  7.22758055e-01]
 [ 3.44206393e-02 -1.17852092e-01  7.10226893e-01]
 [ 3.04064810e-01 -1.90086067e-02  4.51911330e-01]
 [-1.03535093e-01 -5.05051613e-02  3.75702083e-01]
 [-1.00287318e-01  3.31689119e-02  2.45160341e-01]
 [-3.41782272e-02  1.17994882e-01  7.35007167e-01]
 [ 4.37774584e-02  3.63928795e-01  3.94579142e-01]
 [-1.95997655e-01  3.79147470e-01  8.82458091e-02]
 [-7.26348013e-02  4.12121058e-01  0.00000000e+00]
 [ 9.60704014e-02  8.76448452e-02  9.05174971e-01]
 [ 2.03420848e-01  1.63815975e-01  1.11371815e+00]
 [ 3.07984233e-01  1.45103931e-01  1.21020937e+00]
 [ 2.73823917e-01  1.30747318e-01  1.31648088e+00]
 [ 1.23923525e-01  2.83249855e-01  1.03783524e+00]
 [ 1.63736269e-01  2.98532754e-01  7.90648222e-01]
 [ 3.73100758e-01  3.11610579e-01  7.52152324e-01]
 [ 2.38735378e-01  4.16070223e-04  1.11287093e+00]
 [ 5.39024025e-02 -1.32322922e-01  9.88482237e-01]
 [ 4.13685814e-02 -8.46889094e-02  7.94149697e-01]]
[[ 0.          0.          0.62998253]
 [ 0.02609991 -0.11764006  0.6205808 ]
 [ 0.36671233 -0.00233032  0.46008605]
 [ 0.16864282 -0.05312973  0.10422522]
 [ 0.29377228 -0.00251132  0.        ]
 [-0.02581326  0.1177745   0.6394063 ]
 [-0.09521441  0.38227838  0.3370846 ]
 [-0.4453572   0.40701878  0.16406095]
 [-0.42077553  0.43324512  0.01811808]
 [ 0.06625094  0.04111852  0.8355267 ]
 [ 0.146599    0.07783934  1.0557878 ]
 [ 0.2664211   0.03635192  1.1408416 ]
 [ 0.22108099  0.0373193   1.2445147 ]
 [ 0.10760497  0.21210146  0.9863757 ]
 [ 0.21450381  0.2641955   0.75571024]
 [ 0.37126508  0.24648899  0.9093294 ]
 [ 0.15506671 -0.08181739  1.0819999 ]
 [-0.08662079 -0.17439249  1.1819445 ]
 [-0.16927588 -0.20234363  1.0162889 ]]
[[ 0.          0.          0.63037515]
 [ 0.02414948 -0.10996035  0.61837614]
 [ 0.362692    0.02156189  0.4530328 ]
 [ 0.36076263  0.04577696  0.06520367]
 [ 0.5211617   0.10928154  0.        ]
 [-0.02389274  0.11004592  0.64273417]
 [-0.1356622   0.27843308  0.31371915]
 [-0.57176536  0.27271912  0.29015404]
 [-0.62112117  0.3082951   0.16223758]
 [ 0.06613536  0.01592609  0.83837545]
 [ 0.13674265  0.02471784  1.0682354 ]
 [ 0.25854328 -0.0269908   1.1405628 ]
 [ 0.21798885 -0.01455492  1.2482116 ]
 [ 0.10950025  0.15134495  0.99003536]
 [ 0.18742523  0.21524957  0.7535919 ]
 [ 0.32068682  0.20876005  0.9168765 ]
 [ 0.13079277 -0.11838073  1.0954471 ]
 [-0.11879522 -0.19018927  1.1427683 ]
 [-0.15751158 -0.19398163  0.9773457 ]]
[[ 0.          0.          0.61510175]
 [ 0.03024579 -0.1022705   0.61045086]
 [ 0.3468042   0.05944717  0.39740354]
 [ 0.4558966   0.15215433  0.02834398]
 [ 0.62271756  0.2194609   0.        ]
 [-0.03002167  0.10229397  0.6202136 ]
 [-0.14800572  0.17016892  0.25698858]
 [-0.60154986  0.07093045  0.3624236 ]
 [-0.70364153  0.13476315  0.28969768]
 [ 0.07959688  0.02521014  0.8143923 ]
 [ 0.15624815  0.01202926  1.0387855 ]
 [ 0.27553806 -0.04677951  1.1132087 ]
 [ 0.24716772 -0.03946495  1.2210374 ]
 [ 0.11747532  0.1309936   0.9691863 ]
 [ 0.1311409   0.2379611   0.73718655]
 [ 0.29240364  0.28965405  0.7787205 ]
 [ 0.15417454 -0.11950174  1.0487218 ]
 [-0.0890432  -0.1679757   1.012063  ]
 [-0.10185605 -0.16577628  0.8150275 ]]
[[ 0.          0.          0.6386447 ]
 [ 0.03145942 -0.09618411  0.6348543 ]
 [ 0.33114552  0.12155153  0.40740198]
 [ 0.3958688   0.2355966   0.03160036]
 [ 0.5727615   0.32058156  0.        ]
 [-0.03124309  0.09616027  0.6429192 ]
 [-0.05692002  0.0900709   0.25282067]
 [-0.5070338  -0.11407937  0.41979647]
 [-0.6416477  -0.05139184  0.41231525]
 [ 0.1022613   0.03896351  0.8252357 ]
 [ 0.18718514  0.01369107  1.0450509 ]
 [ 0.31163192 -0.04935238  1.1311355 ]
 [ 0.27383626 -0.04659456  1.2358147 ]
 [ 0.13090041  0.12548181  0.9859122 ]
 [ 0.05661233  0.2401441   0.7530875 ]
 [ 0.18276933  0.31096357  0.6182915 ]
 [ 0.1899416  -0.11028042  1.0127916 ]
 [ 0.02118742 -0.16249824  0.81436944]
 [ 0.04136677 -0.15617003  0.643885  ]]
[[ 0.00000000e+00  0.00000000e+00  6.50447130e-01]
 [ 2.47474089e-02 -9.70308036e-02  6.43748105e-01]
 [ 2.98741221e-01  1.49482653e-01  4.11884606e-01]
 [ 3.06096137e-01  2.79342443e-01  4.21000719e-02]
 [ 4.84520346e-01  3.68010104e-01  0.00000000e+00]
 [-2.45165639e-02  9.69941393e-02  6.57560587e-01]
 [ 4.64765355e-04  4.54016328e-02  2.76345730e-01]
 [-4.47842360e-01 -1.61622822e-01  4.53391165e-01]
 [-5.83479941e-01 -9.49203372e-02  4.35016960e-01]
 [ 1.03229493e-01  3.75392437e-02  8.37056994e-01]
 [ 1.83618888e-01  1.98808312e-03  1.06164598e+00]
 [ 3.07496160e-01 -6.07330501e-02  1.15787053e+00]
 [ 2.66080081e-01 -6.48485422e-02  1.25913906e+00]
 [ 1.25566542e-01  1.11762047e-01  9.97174263e-01]
 [ 5.96954674e-03  2.09441319e-01  7.72448301e-01]
 [ 6.31657913e-02  3.35945398e-01  6.00288808e-01]
 [ 1.87861532e-01 -1.21308059e-01  1.02484572e+00]
 [ 4.04063016e-02 -1.60560891e-01  7.93237686e-01]
 [ 1.21744365e-01 -1.68986470e-01  6.13656759e-01]]
[[ 0.          0.          0.6461333 ]
 [ 0.00697583 -0.10638347  0.62924063]
 [ 0.10196546  0.13497317  0.3340018 ]
 [-0.05888775  0.36128786  0.0721674 ]
 [ 0.08031987  0.4335331   0.        ]
 [-0.00683465  0.10627758  0.6627428 ]
 [ 0.27781054  0.06535119  0.40135947]
 [-0.12210431 -0.00609446  0.31645855]
 [-0.11744928  0.05745989  0.18123424]
 [ 0.1038582   0.0309034   0.8377249 ]
 [ 0.18669583  0.0061802   1.0676671 ]
 [ 0.30373198 -0.04149646  1.1696663 ]
 [ 0.2511012  -0.0510084   1.2689184 ]
 [ 0.11832725  0.11774513  1.0058359 ]
 [-0.11405392  0.21368814  0.92015785]
 [-0.20102191  0.3771983   0.7588291 ]
 [ 0.20555568 -0.13373667  1.027842  ]
 [ 0.13253053 -0.21201378  0.7702009 ]
 [ 0.3188607  -0.12950706  0.73296756]]
[[ 0.0000000e+00  0.0000000e+00  6.0464507e-01]
 [-2.3841113e-04 -9.7699560e-02  5.8553857e-01]
 [-8.3737880e-02  1.4459711e-01  3.1533536e-01]
 [-3.0365026e-01  4.1279295e-01  1.7945358e-01]
 [-2.3764408e-01  4.9722406e-01  5.2752197e-02]
 [ 2.1275505e-04  9.7487912e-02  6.2298721e-01]
 [ 3.3729750e-01  4.0514752e-02  4.4149691e-01]
 [ 1.2655416e-01  5.7698518e-02  1.1005670e-01]
 [ 2.4852803e-01  7.9544306e-02  0.0000000e+00]
 [ 7.9008549e-02  1.5943840e-02  8.1386149e-01]
 [ 1.4047728e-01 -2.5335550e-03  1.0574591e+00]
 [ 2.6343617e-01 -2.4551153e-02  1.1463139e+00]
 [ 2.1098992e-01 -3.4065723e-02  1.2548001e+00]
 [ 6.4243041e-02  1.1032370e-01  1.0111699e+00]
 [-1.7260981e-01  2.2570932e-01  9.8763579e-01]
 [-2.9673856e-01  3.5828346e-01  8.2737350e-01]
 [ 1.8359205e-01 -1.3916436e-01  1.0216351e+00]
 [ 1.9199437e-01 -2.3418956e-01  7.7525502e-01]
 [ 3.5288149e-01 -9.8062530e-02  8.8616008e-01]]
[[ 0.          0.          0.65462804]
 [ 0.00803626 -0.08726593  0.63984305]
 [-0.1492571   0.12443398  0.3772221 ]
 [-0.46617854  0.33252376  0.35768828]
 [-0.49056852  0.43840885  0.24346101]
 [-0.00803867  0.08698071  0.66845024]
 [ 0.31347385  0.07582122  0.46356717]
 [ 0.3293104   0.08562046  0.05382884]
 [ 0.48246118  0.09564108  0.        ]
 [ 0.06967683  0.02483326  0.86471915]
 [ 0.11846941  0.00358292  1.1029642 ]
 [ 0.23783949 -0.01405174  1.1848199 ]
 [ 0.19022939 -0.0303998   1.2932652 ]
 [ 0.02599237  0.10762131  1.062669  ]
 [-0.21080321  0.22384232  1.0446535 ]
 [-0.29876244  0.3379347   0.85550153]
 [ 0.18047321 -0.12115163  1.0774127 ]
 [ 0.233091   -0.21255139  0.8551779 ]
 [ 0.36181235 -0.03227383  0.95245343]]
[[ 0.          0.          0.68865144]
 [ 0.01391585 -0.08250877  0.6769561 ]
 [-0.13539788  0.06376792  0.39355612]
 [-0.50449586  0.21288931  0.4980609 ]
 [-0.5790192   0.33642197  0.43232524]
 [-0.01386819  0.08221641  0.69949293]
 [ 0.28081214  0.13617662  0.43572366]
 [ 0.39479768  0.15577239  0.02705902]
 [ 0.54064715  0.16748208  0.        ]
 [ 0.06592584  0.02843319  0.8961495 ]
 [ 0.11168219  0.01511195  1.131861  ]
 [ 0.22159123 -0.00471592  1.2132869 ]
 [ 0.1778273  -0.02347553  1.3225785 ]
 [ 0.01757965  0.11833099  1.0869848 ]
 [-0.19907975  0.235125    1.0164678 ]
 [-0.23702073  0.32513654  0.80377376]
 [ 0.17905354 -0.10785434  1.1140465 ]
 [ 0.21514174 -0.20494087  0.8984985 ]
 [ 0.3622954  -0.026526    0.905769  ]]
[[ 0.          0.          0.7213887 ]
 [ 0.02173172 -0.07749043  0.71069366]
 [-0.0835343   0.0409885   0.4094544 ]
 [-0.47416085  0.12978129  0.59679323]
 [-0.57034135  0.26805484  0.5804163 ]
 [-0.0216205   0.07721503  0.7314041 ]
 [ 0.25739208  0.16241187  0.44352412]
 [ 0.35123137  0.16705102  0.03648281]
 [ 0.48822334  0.1875543   0.        ]
 [ 0.07472475  0.04394725  0.92195004]
 [ 0.13521081  0.04671407  1.1513257 ]
 [ 0.24164683  0.0206809   1.2372816 ]
 [ 0.20058903  0.00379342  1.3455455 ]
 [ 0.0422671   0.14473441  1.0951012 ]
 [-0.13815922  0.25304437  0.96631646]
 [-0.10263088  0.34943455  0.7492918 ]
 [ 0.19646102 -0.07748932  1.1363348 ]
 [ 0.17146674 -0.19518806  0.9211463 ]
 [ 0.3208881  -0.0426588   0.8164933 ]]
[[ 0.0000000e+00  0.0000000e+00  7.7261782e-01]
 [ 2.4229012e-02 -8.5092835e-02  7.6201248e-01]
 [ 8.8954531e-04 -3.2971472e-02  4.2223239e-01]
 [-4.4249338e-01 -2.5316209e-02  6.3912481e-01]
 [-5.5711168e-01  1.0250809e-01  6.4447844e-01]
 [-2.4073556e-02  8.4938318e-02  7.8274941e-01]
 [ 2.2235166e-01  2.1192393e-01  4.6928877e-01]
 [ 2.5653890e-01  2.3814273e-01  6.1252117e-02]
 [ 4.0883064e-01  2.6367992e-01  0.0000000e+00]
 [ 8.9381926e-02  6.4304322e-02  9.6265197e-01]
 [ 1.7054075e-01  9.1514081e-02  1.1851206e+00]
 [ 2.7431411e-01  6.5551102e-02  1.2768409e+00]
 [ 2.3610955e-01  5.8906436e-02  1.3821641e+00]
 [ 8.3537519e-02  1.9474387e-01  1.1163750e+00]
 [-3.0761316e-02  2.7911207e-01  9.2943358e-01]
 [ 8.4871829e-02  3.7658545e-01  7.2622925e-01]
 [ 2.1857113e-01 -3.8355380e-02  1.1668628e+00]
 [ 1.3271993e-01 -1.6053873e-01  9.5489627e-01]
 [ 2.1625327e-01 -5.4084361e-02  7.8130972e-01]]
[[ 0.          0.          0.708421  ]
 [ 0.0230905  -0.10994634  0.69708884]
 [ 0.20034158 -0.06336698  0.39119732]
 [-0.27350757 -0.07276933  0.51450217]
 [-0.3314212   0.02084889  0.4490143 ]
 [-0.02281052  0.11002433  0.71948475]
 [ 0.13279562  0.33370763  0.40247056]
 [-0.00383435  0.38620704  0.06204557]
 [ 0.13788363  0.40462926  0.        ]
 [ 0.10758987  0.0838801   0.8887611 ]
 [ 0.21697596  0.14844757  1.0997646 ]
 [ 0.3241188   0.1222927   1.1993356 ]
 [ 0.27359712  0.11597371  1.2993515 ]
 [ 0.14200146  0.2679149   1.023303  ]
 [ 0.11769605  0.2707017   0.77950406]
 [ 0.29897693  0.270064    0.6817914 ]
 [ 0.24404493 -0.00260207  1.092531  ]
 [ 0.02997287 -0.06510322  0.92330503]
 [-0.01653992 -0.03526491  0.7125099 ]]
[[ 0.          0.          0.6238296 ]
 [ 0.01430136 -0.12213479  0.6125133 ]
 [ 0.36410266 -0.03058994  0.42897984]
 [ 0.03781144 -0.05961227  0.21065333]
 [ 0.12455057 -0.01149422  0.07681823]
 [-0.01402453  0.12233714  0.63512766]
 [-0.01857813  0.37530935  0.32006803]
 [-0.33327293  0.45228767  0.11032361]
 [-0.27043694  0.4803602   0.        ]
 [ 0.07585476  0.04013038  0.81638944]
 [ 0.16066274  0.06644768  1.0388385 ]
 [ 0.2885539   0.00700271  1.1124784 ]
 [ 0.24323367  0.02491057  1.2208644 ]
 [ 0.14976919  0.20046347  0.9575263 ]
 [ 0.23974326  0.23635799  0.7288341 ]
 [ 0.39794144  0.18123618  0.8372686 ]
 [ 0.13947365 -0.09457251  1.0660913 ]
 [-0.12197615 -0.18178546  1.113726  ]
 [-0.22223483 -0.18526705  0.9448266 ]]
[[ 0.          0.          0.60347927]
 [ 0.00900174 -0.11459561  0.59199584]
 [ 0.3737588  -0.0028075   0.438298  ]
 [ 0.2623378  -0.02100664  0.07948774]
 [ 0.40209204  0.03892314  0.        ]
 [-0.00868643  0.11474866  0.6152329 ]
 [-0.07424079  0.33967987  0.30533624]
 [-0.48060882  0.40420687  0.19220811]
 [-0.5059562   0.4415515   0.07319212]
 [ 0.05939991  0.02132089  0.80460066]
 [ 0.13146776  0.03038204  1.0331271 ]
 [ 0.2642271  -0.03563726  1.0962652 ]
 [ 0.22658375 -0.0149551   1.2076807 ]
 [ 0.13931909  0.15550041  0.9457381 ]
 [ 0.2277365   0.19972187  0.7241348 ]
 [ 0.3648485   0.1689652   0.8751104 ]
 [ 0.09595635 -0.11449462  1.0663102 ]
 [-0.17436239 -0.17386636  1.1043447 ]
 [-0.2567364  -0.18307641  0.9485383 ]]
[[ 0.00000000e+00  0.00000000e+00  5.86027443e-01]
 [ 1.13247335e-02 -1.05517827e-01  5.76761842e-01]
 [ 3.66355538e-01  6.04468435e-02  4.05552000e-01]
 [ 4.50110078e-01  1.24012947e-01  4.22304273e-02]
 [ 6.06590390e-01  1.79492921e-01  0.00000000e+00]
 [-1.10102631e-02  1.05650671e-01  5.95806599e-01]
 [-9.91483629e-02  2.37986803e-01  2.61931300e-01]
 [-5.49507082e-01  2.33838946e-01  2.88297415e-01]
 [-6.42238259e-01  2.94817626e-01  1.98556453e-01]
 [ 6.48875311e-02  1.64140314e-02  7.82833815e-01]
 [ 1.30928755e-01 -7.25895166e-04  1.00877571e+00]
 [ 2.67138124e-01 -7.90802538e-02  1.07725322e+00]
 [ 2.26439416e-01 -5.79926372e-02  1.18532228e+00]
 [ 1.36157796e-01  1.16761386e-01  9.30764318e-01]
 [ 1.73467577e-01  1.98140800e-01  6.99160695e-01]
 [ 3.44761789e-01  1.83372706e-01  7.46255636e-01]
 [ 8.82156715e-02 -1.28952771e-01  1.02017272e+00]
 [-1.72290415e-01 -1.68374747e-01  1.00118375e+00]
 [-2.10472599e-01 -1.67616665e-01  8.30228329e-01]]
[[ 0.          0.          0.5742855 ]
 [ 0.01077021 -0.09549786  0.5696964 ]
 [ 0.34165245  0.09086721  0.360584  ]
 [ 0.47345585  0.22197768  0.0213353 ]
 [ 0.6365557   0.27834025  0.        ]
 [-0.01050523  0.0956017   0.579402  ]
 [-0.0905588   0.1323183   0.21941075]
 [-0.541418    0.02253142  0.3222695 ]
 [-0.66980237  0.09442207  0.28090137]
 [ 0.08613555  0.03154738  0.7600692 ]
 [ 0.16270918  0.00674605  0.98121846]
 [ 0.29257652 -0.07073185  1.0571587 ]
 [ 0.25210708 -0.05544943  1.1641037 ]
 [ 0.15098614  0.11843485  0.9121346 ]
 [ 0.1342425   0.24062854  0.67150056]
 [ 0.32115978  0.2807192   0.54062164]
 [ 0.12555192 -0.10988891  0.9668257 ]
 [-0.11919552 -0.14270605  0.8655219 ]
 [-0.09585394 -0.14509328  0.6525395 ]]
[[ 0.          0.          0.6007521 ]
 [ 0.00460795 -0.0936172   0.5974678 ]
 [ 0.3235433   0.13959804  0.37888992]
 [ 0.38365793  0.30245683  0.03567278]
 [ 0.55391526  0.3769105   0.        ]
 [-0.00434765  0.09361643  0.60448354]
 [ 0.00813576  0.05629835  0.22893766]
 [-0.44923872 -0.10320427  0.38742262]
 [-0.5852258  -0.0488852   0.3784244 ]
 [ 0.10228076  0.03004017  0.775584  ]
 [ 0.17504662 -0.01463282  0.9950755 ]
 [ 0.30754673 -0.09200639  1.0868084 ]
 [ 0.25858012 -0.07676393  1.1883438 ]
 [ 0.15303236  0.09716398  0.92514026]
 [ 0.05327728  0.21499106  0.69512045]
 [ 0.12121643  0.30150592  0.50193727]
 [ 0.14453165 -0.13014564  0.9618248 ]
 [-0.00696439 -0.1491613   0.7237941 ]
 [ 0.06855989 -0.1802221   0.540297  ]]
[[ 0.          0.          0.5981349 ]
 [-0.01535874 -0.10423936  0.59288734]
 [ 0.18201272  0.13724568  0.30366284]
 [ 0.09317392  0.4035409   0.06049472]
 [ 0.24903078  0.45991233  0.        ]
 [ 0.01551186  0.10421565  0.60339034]
 [ 0.23666781  0.01038399  0.30303213]
 [-0.20916319 -0.03841732  0.34950045]
 [-0.2507345   0.00645652  0.23402765]
 [ 0.11422996  0.02629329  0.7660546 ]
 [ 0.17925605 -0.01785216  0.9944942 ]
 [ 0.30435556 -0.08841422  1.0983226 ]
 [ 0.23875251 -0.07738978  1.193294  ]
 [ 0.152848    0.09952885  0.9256968 ]
 [-0.04237548  0.22694255  0.80585897]
 [-0.1287801   0.3567112   0.604061  ]
 [ 0.15577637 -0.15131067  0.96086645]
 [ 0.04771264 -0.21049672  0.7039872 ]
 [ 0.25131232 -0.19006154  0.6262925 ]]
[[ 0.          0.          0.53871816]
 [-0.01874017 -0.10181174  0.52282363]
 [-0.03453881  0.12570518  0.23247677]
 [-0.23370513  0.44082075  0.11002323]
 [-0.14660534  0.5145734   0.        ]
 [ 0.01869096  0.10168098  0.55398434]
 [ 0.37631834  0.03238939  0.36971974]
 [ 0.09348178  0.08386984  0.12296557]
 [ 0.19961351  0.10269913  0.01082146]
 [ 0.08485918  0.01073335  0.7367023 ]
 [ 0.14602259 -0.018307    0.975054  ]
 [ 0.26727006 -0.05898282  1.0659869 ]
 [ 0.2107503  -0.05751044  1.1715107 ]
 [ 0.1016596   0.10333157  0.9240225 ]
 [-0.12542626  0.22671595  0.881208  ]
 [-0.24125293  0.33157817  0.683023  ]
 [ 0.1562219  -0.16164538  0.9365648 ]
 [ 0.12527418 -0.29192567  0.6993144 ]
 [ 0.33079612 -0.17992714  0.7860607 ]]
[[ 0.          0.          0.5847037 ]
 [-0.0179166  -0.09017156  0.57028806]
 [-0.13079676  0.10246541  0.30292594]
 [-0.4145127   0.38912803  0.28023183]
 [-0.41690093  0.47686613  0.1841808 ]
 [ 0.01790649  0.08995577  0.5982337 ]
 [ 0.3737883   0.04880913  0.42365226]
 [ 0.34478712  0.127154    0.06529135]
 [ 0.49032596  0.12585929  0.        ]
 [ 0.0743077   0.01330613  0.78620803]
 [ 0.12563382 -0.00826302  1.0210054 ]
 [ 0.24627167 -0.04376128  1.1040561 ]
 [ 0.18898806 -0.04679483  1.2113242 ]
 [ 0.06598725  0.10914031  0.9759917 ]
 [-0.16684797  0.23808897  0.93792   ]
 [-0.23917305  0.32460535  0.7238623 ]
 [ 0.15618253 -0.14355993  0.9966707 ]
 [ 0.17183775 -0.26635128  0.78552747]
 [ 0.3480552  -0.11417393  0.8762951 ]]
[[ 0.          0.          0.63511145]
 [-0.00451164 -0.07955528  0.6262011 ]
 [-0.13679364  0.05204879  0.34459463]
 [-0.4939667   0.25840434  0.4576515 ]
 [-0.5716272   0.38145518  0.386626  ]
 [ 0.00459433  0.07932304  0.6431984 ]
 [ 0.32290453  0.12511298  0.4074902 ]
 [ 0.44618356  0.19397774  0.04224664]
 [ 0.5933267   0.19390377  0.        ]
 [ 0.07233189  0.02532786  0.8314183 ]
 [ 0.11618908  0.01270697  1.0592473 ]
 [ 0.22581498 -0.01920563  1.144904  ]
 [ 0.1753547  -0.02943546  1.2524611 ]
 [ 0.04775817  0.11970723  1.0065945 ]
 [-0.15099144  0.24543488  0.91120327]
 [-0.15517926  0.33272982  0.6978426 ]
 [ 0.15649222 -0.11223209  1.047229  ]
 [ 0.14605007 -0.24444318  0.84650373]
 [ 0.3210941  -0.09389161  0.8347924 ]]
[[ 0.          0.          0.6729839 ]
 [ 0.00901736 -0.07617481  0.6641988 ]
 [-0.08424813  0.03946361  0.37844715]
 [-0.4581675   0.18163261  0.5699198 ]
 [-0.5567671   0.32446647  0.5389348 ]
 [-0.00887524  0.07594258  0.6811192 ]
 [ 0.28232133  0.1652849   0.41503617]
 [ 0.39274085  0.20173535  0.04013813]
 [ 0.5370008   0.21692282  0.        ]
 [ 0.07189462  0.04142509  0.8678393 ]
 [ 0.12480787  0.04219514  1.0936772 ]
 [ 0.23082772  0.00780776  1.1832919 ]
 [ 0.18288925  0.00171876  1.2904582 ]
 [ 0.05714015  0.14564249  1.028349  ]
 [-0.08846492  0.26523203  0.87917125]
 [-0.01888748  0.37865347  0.68085295]
 [ 0.1643667  -0.07933274  1.0817815 ]
 [ 0.10871446 -0.21114065  0.8786735 ]
 [ 0.26138788 -0.09788038  0.75886184]]
[[ 0.0000000e+00  0.0000000e+00  7.0222914e-01]
 [ 1.7648224e-02 -8.4268577e-02  6.9263351e-01]
 [ 1.1495035e-03 -2.4644613e-02  3.8862294e-01]
 [-4.2068911e-01  2.6913501e-02  6.1639428e-01]
 [-5.2973187e-01  1.6081281e-01  6.1015731e-01]
 [-1.7444417e-02  8.4108338e-02  7.1138787e-01]
 [ 2.5796056e-01  2.3792148e-01  4.2668939e-01]
 [ 2.7451897e-01  2.8747463e-01  5.0899863e-02]
 [ 4.1971797e-01  3.1297022e-01  0.0000000e+00]
 [ 8.3500862e-02  5.9969798e-02  8.9114207e-01]
 [ 1.5681247e-01  8.3613783e-02  1.1137494e+00]
 [ 2.6290020e-01  4.7681689e-02  1.2061865e+00]
 [ 2.1703607e-01  5.1372409e-02  1.3116672e+00]
 [ 9.3399070e-02  1.9152081e-01  1.0402322e+00]
 [ 2.3948997e-02  2.8810203e-01  8.5584414e-01]
 [ 1.5562777e-01  3.8061607e-01  6.7569780e-01]
 [ 1.8591949e-01 -4.2977870e-02  1.1007602e+00]
 [ 8.1091896e-02 -1.5991114e-01  8.9281559e-01]
 [ 1.6623898e-01 -9.0566508e-02  7.1676701e-01]]
[[ 0.          0.          0.6279639 ]
 [ 0.0137043  -0.11358794  0.6161362 ]
 [ 0.22238338 -0.08277074  0.36008257]
 [-0.23011503 -0.05372281  0.48190385]
 [-0.27405947  0.03529897  0.4174951 ]
 [-0.01341614  0.11363921  0.63959664]
 [ 0.19434193  0.36229056  0.3340969 ]
 [ 0.00721432  0.4462111   0.06643283]
 [ 0.12906906  0.4897337   0.        ]
 [ 0.09880686  0.05698217  0.8153645 ]
 [ 0.1764923   0.10390073  1.0322866 ]
 [ 0.29476866  0.05233589  1.1195235 ]
 [ 0.24724889  0.07307529  1.2276306 ]
 [ 0.144851    0.22881746  0.9546924 ]
 [ 0.15296797  0.24235183  0.7300468 ]
 [ 0.34924278  0.23370376  0.69147027]
 [ 0.16483128 -0.0452925   1.0319113 ]
 [-0.04869709 -0.12065235  0.87615824]
 [-0.00559998 -0.1217722   0.67371684]]
[[ 0.          0.          0.54605365]
 [ 0.00474472 -0.12277415  0.5368332 ]
 [ 0.36341548 -0.06787163  0.39570397]
 [ 0.05426358 -0.07602778  0.1888001 ]
 [ 0.14737394 -0.03877628  0.06416625]
 [-0.00447057  0.12298455  0.5554226 ]
 [ 0.0725887   0.3713044   0.22016352]
 [-0.26240557  0.5018002   0.12052462]
 [-0.2394692   0.54205716  0.        ]
 [ 0.05780982  0.01221602  0.7462259 ]
 [ 0.09524633  0.02950683  0.9760953 ]
 [ 0.23393062 -0.03947976  1.0367292 ]
 [ 0.19013172 -0.01588279  1.1497161 ]
 [ 0.11391883  0.15903807  0.89261204]
 [ 0.192211    0.18064027  0.67013824]
 [ 0.33736563  0.12956718  0.8124247 ]
 [ 0.05179777 -0.11934868  1.0029466 ]
 [-0.21201773 -0.1995633   1.0294675 ]
 [-0.23316033 -0.16776456  0.8248878 ]]
[[ 0.          0.          0.54080427]
 [ 0.00281224 -0.11866245  0.53240675]
 [ 0.37090513 -0.0209932   0.3951671 ]
 [ 0.31278265 -0.01921487  0.05721197]
 [ 0.4609418   0.01287007  0.        ]
 [-0.00249599  0.11882254  0.5495485 ]
 [ 0.04460157  0.30882746  0.18655813]
 [-0.365174    0.40892568  0.19272697]
 [-0.41334534  0.45434716  0.06187764]
 [ 0.04779066  0.0191454   0.74149454]
 [ 0.09691319  0.01838177  0.9696717 ]
 [ 0.23919871 -0.04769576  1.0237503 ]
 [ 0.19876081 -0.02730125  1.1370872 ]
 [ 0.11544944  0.14476946  0.8944662 ]
 [ 0.17543557  0.20727238  0.6722321 ]
 [ 0.32467043  0.19574669  0.79700905]
 [ 0.0460923  -0.11956716  0.99060607]
 [-0.22840372 -0.1661633   0.983044  ]
 [-0.24333909 -0.17795184  0.78404367]]
[[ 0.          0.          0.508204  ]
 [ 0.00343937 -0.11609513  0.49761748]
 [ 0.35724097  0.01837586  0.32919824]
 [ 0.4909708   0.07582846  0.01537406]
 [ 0.6580875   0.0920473   0.        ]
 [-0.00309692  0.11621304  0.51926214]
 [ 0.08143844  0.25449565  0.15012851]
 [-0.33782414  0.33984545  0.20015776]
 [-0.40287828  0.39353788  0.0868271 ]
 [ 0.04947262  0.00470366  0.7019335 ]
 [ 0.10397141 -0.01865014  0.9246284 ]
 [ 0.24787739 -0.09303179  0.9818074 ]
 [ 0.21392587 -0.08133072  1.090913  ]
 [ 0.11309315  0.10300741  0.8595645 ]
 [ 0.11041059  0.17661005  0.62727654]
 [ 0.27822995  0.20200615  0.6457372 ]
 [ 0.05602339 -0.14804688  0.9419714 ]
 [-0.21457341 -0.17133373  0.85610414]
 [-0.18535304 -0.1792289   0.6570226 ]]
[[ 0.00000000e+00  0.00000000e+00  5.15748322e-01]
 [-6.34308904e-04 -1.17312089e-01  5.06215692e-01]
 [ 3.37781459e-01  2.37842053e-02  2.96389252e-01]
 [ 4.98824477e-01  1.13600284e-01  4.44972515e-03]
 [ 6.70957685e-01  1.26156092e-01  0.00000000e+00]
 [ 9.73254442e-04  1.17401257e-01  5.25683641e-01]
 [ 1.48276940e-01  2.07733810e-01  1.60035670e-01]
 [-2.63885260e-01  2.95031816e-01  2.02470779e-01]
 [-3.06191802e-01  3.35849255e-01  8.63100290e-02]
 [ 6.28607720e-02  1.01104677e-02  7.00828671e-01]
 [ 1.26046956e-01 -1.31136477e-02  9.15969729e-01]
 [ 2.73241222e-01 -8.96157026e-02  9.81141150e-01]
 [ 2.36227602e-01 -8.25817287e-02  1.08725357e+00]
 [ 1.30112052e-01  1.11144513e-01  8.54255855e-01]
 [ 8.89161304e-02  2.06667274e-01  6.24405146e-01]
 [ 2.21882731e-01  2.71194637e-01  5.32289267e-01]
 [ 7.75016844e-02 -1.46629989e-01  9.28555846e-01]
 [-1.65346146e-01 -1.53040022e-01  7.76302099e-01]
 [-9.56307426e-02 -1.66096762e-01  5.88516176e-01]]
[[ 0.          0.          0.5553026 ]
 [-0.01075357 -0.1171516   0.5472908 ]
 [ 0.29697803  0.05719398  0.29092625]
 [ 0.38098115  0.2521482   0.02110541]
 [ 0.54683197  0.28621668  0.        ]
 [ 0.01104063  0.11718966  0.5634296 ]
 [ 0.27676353  0.11450917  0.2589307 ]
 [-0.08806708  0.19304502  0.17356676]
 [-0.03490175  0.22124213  0.07298803]
 [ 0.07656031  0.01322557  0.7301013 ]
 [ 0.13938934 -0.01312467  0.94354147]
 [ 0.27949908 -0.08782414  1.0262768 ]
 [ 0.23469496 -0.08596009  1.1257005 ]
 [ 0.1346804   0.1158638   0.8850306 ]
 [ 0.0027165   0.24132869  0.7122133 ]
 [-0.01245588  0.3257949   0.50163096]
 [ 0.09496602 -0.15967055  0.92975056]
 [-0.03295111 -0.19664122  0.6815176 ]
 [ 0.16202259 -0.15414539  0.57267344]]
[[ 0.          0.          0.5669677 ]
 [-0.01960601 -0.11754432  0.55723166]
 [ 0.19860578  0.06908089  0.28853244]
 [ 0.0261513   0.3314346   0.11705858]
 [ 0.1616913   0.38432872  0.04263848]
 [ 0.01974801  0.1174698   0.5763029 ]
 [ 0.4012205   0.06265411  0.36066878]
 [ 0.284949    0.09734562  0.0682314 ]
 [ 0.4417705   0.09911287  0.        ]
 [ 0.09954311 -0.00583537  0.7344791 ]
 [ 0.15350696 -0.01781631  0.94821155]
 [ 0.275862   -0.07077464  1.0359385 ]
 [ 0.22447535 -0.06185925  1.1402819 ]
 [ 0.1372791   0.11210209  0.8973665 ]
 [-0.07826205  0.24397583  0.83701396]
 [-0.17056754  0.30775517  0.62149066]
 [ 0.12759838 -0.1710783   0.91298455]
 [ 0.0659603  -0.28793985  0.66843605]
 [ 0.2811616  -0.1928187   0.6952421 ]]
[[ 0.          0.          0.5151392 ]
 [-0.02019849 -0.10549675  0.501721  ]
 [ 0.02584327  0.10631365  0.26057523]
 [-0.23620987  0.4028973   0.19919825]
 [-0.17158902  0.47532636  0.09432268]
 [ 0.02025613  0.10536377  0.52787125]
 [ 0.39236045  0.09983581  0.3214198 ]
 [ 0.52006453  0.1039587   0.01012123]
 [ 0.68216574  0.08290809  0.        ]
 [ 0.0615206  -0.00744128  0.69763184]
 [ 0.09258255 -0.01581243  0.9203992 ]
 [ 0.20221835 -0.052782    1.0149328 ]
 [ 0.14207676 -0.04822069  1.1191623 ]
 [ 0.05470651  0.1104371   0.8735285 ]
 [-0.16916835  0.25897688  0.85414964]
 [-0.22663152  0.32784885  0.6472273 ]
 [ 0.09682867 -0.16047099  0.8928422 ]
 [ 0.06082021 -0.30190927  0.69455254]
 [ 0.25695378 -0.15032883  0.7398757 ]]
[[ 0.00000000e+00  0.00000000e+00  5.03879786e-01]
 [-2.04305928e-02 -9.16985646e-02  4.93889093e-01]
 [-6.90255612e-02  9.89548564e-02  2.70981342e-01]
 [-3.60201836e-01  3.79726112e-01  2.54531980e-01]
 [-3.57223868e-01  4.74648476e-01  1.48720533e-01]
 [ 2.04443410e-02  9.15215090e-02  5.13124645e-01]
 [ 3.62826943e-01  1.24121025e-01  2.78257519e-01]
 [ 5.74121356e-01  1.68524921e-01  2.25186348e-04]
 [ 7.30390131e-01  1.42348945e-01  0.00000000e+00]
 [ 3.85192633e-02  8.13560188e-03  6.92527115e-01]
 [ 4.95363362e-02  9.44375992e-03  9.14267898e-01]
 [ 1.45043105e-01 -2.25925148e-02  1.01399684e+00]
 [ 7.55480826e-02 -1.69876218e-02  1.11213279e+00]
 [ 2.31783837e-04  1.25212073e-01  8.55160177e-01]
 [-2.11955249e-01  2.67984062e-01  8.15557182e-01]
 [-2.20274508e-01  3.43632758e-01  6.18563652e-01]
 [ 7.07640499e-02 -1.28161907e-01  9.02810454e-01]
 [ 3.85617316e-02 -2.74640441e-01  7.25610375e-01]
 [ 2.30842352e-01 -1.37272045e-01  7.17751503e-01]]
[[ 0.          0.          0.5529729 ]
 [-0.01095981 -0.08073378  0.5475534 ]
 [-0.10773483  0.05999498  0.32007623]
 [-0.4408849   0.30861086  0.35989237]
 [-0.49259347  0.43258366  0.26130432]
 [ 0.01099673  0.08056892  0.55770797]
 [ 0.31985876  0.16464254  0.30556428]
 [ 0.51046014  0.24112785  0.01847512]
 [ 0.665138    0.22304735  0.        ]
 [ 0.02910134  0.02785933  0.7432964 ]
 [ 0.02216209  0.05464613  0.9604032 ]
 [ 0.10959485  0.03300887  1.0663415 ]
 [ 0.029492    0.04356045  1.1614532 ]
 [-0.02774949  0.15597093  0.8801687 ]
 [-0.1911647   0.3012018   0.79520965]
 [-0.10850695  0.39829066  0.62835044]
 [ 0.05051057 -0.08004859  0.9640202 ]
 [ 0.01034293 -0.24466208  0.7908741 ]
 [ 0.19721659 -0.14541176  0.72382295]]
[[ 0.0000000e+00  0.0000000e+00  5.9390748e-01]
 [ 8.5817277e-04 -8.2938097e-02  5.8757824e-01]
 [-4.8466697e-02  1.8207684e-02  3.5819000e-01]
 [-4.2696398e-01  1.8943821e-01  4.4371629e-01]
 [-5.1523590e-01  3.3632317e-01  3.5999814e-01]
 [-8.0486387e-04  8.2817160e-02  5.9971339e-01]
 [ 2.7653685e-01  2.0498718e-01  3.3117548e-01]
 [ 3.8570338e-01  3.2222173e-01  2.7707577e-02]
 [ 5.3906858e-01  3.1962150e-01  0.0000000e+00]
 [ 2.4360031e-02  5.8636621e-02  7.8338623e-01]
 [ 1.4642343e-02  1.1464015e-01  9.9755031e-01]
 [ 1.0280934e-01  9.5875561e-02  1.1108322e+00]
 [ 1.7274953e-02  1.1926478e-01  1.2045896e+00]
 [-2.5299355e-02  2.1202135e-01  8.9765602e-01]
 [-1.1540727e-01  3.2084367e-01  7.3324734e-01]
 [ 7.3560297e-02  4.1430858e-01  6.3147151e-01]
 [ 3.6842100e-02 -2.3528099e-02  1.0068878e+00]
 [-1.1935897e-02 -2.0677340e-01  8.3615983e-01]
 [ 1.6530401e-01 -1.6909832e-01  7.3947954e-01]]
[[ 0.00000000e+00  0.00000000e+00  6.14771366e-01]
 [ 1.70659274e-04 -1.02048516e-01  6.29899383e-01]
 [ 2.11209655e-01 -1.50105551e-01  4.24421519e-01]
 [-1.57426819e-01 -2.41573155e-02  4.21404153e-01]
 [-2.27779880e-01  6.43923581e-02  2.82991648e-01]
 [-3.66568565e-05  1.02124892e-01  5.99402726e-01]
 [ 1.90170795e-01  2.87024826e-01  2.97109455e-01]
 [ 1.27937734e-01  4.94307101e-01  4.13868427e-02]
 [ 2.78897464e-01  5.11162758e-01  0.00000000e+00]
 [ 6.79306015e-02  9.21585858e-02  7.82947779e-01]
 [ 9.49610993e-02  1.51219428e-01  9.85204756e-01]
 [ 1.84870794e-01  1.23737097e-01  1.08973241e+00]
 [ 1.08097479e-01  1.65952086e-01  1.18630636e+00]
 [ 9.28924009e-02  2.66179979e-01  8.95986915e-01]
 [ 1.52389452e-01  3.00240219e-01  6.49586499e-01]
 [ 3.47550482e-01  2.42312208e-01  7.10757554e-01]
 [ 6.97005242e-02  2.27245688e-03  9.97254014e-01]
 [-4.67879586e-02 -2.14754477e-01  8.93649757e-01]
 [ 1.77596956e-01 -1.95068032e-01  8.32025051e-01]]
[[ 0.          0.          0.6410227 ]
 [-0.00196658 -0.1091466   0.6627414 ]
 [ 0.3200853  -0.23614043  0.5632472 ]
 [ 0.01669154 -0.32266873  0.29144192]
 [ 0.06301591 -0.33421445  0.16514602]
 [ 0.0021591   0.10932286  0.6194445 ]
 [ 0.0246319   0.40638     0.30840066]
 [-0.13900504  0.5517982   0.11604655]
 [-0.03480881  0.59161377  0.        ]
 [ 0.05554688  0.05659716  0.7978889 ]
 [ 0.07600597  0.08722174  1.0064572 ]
 [ 0.18778762  0.04152721  1.1005965 ]
 [ 0.10681915  0.07804185  1.1853137 ]
 [ 0.1006752   0.19756153  0.9353578 ]
 [ 0.21771389  0.13025823  0.76422054]
 [ 0.3621781   0.09175085  0.90947044]
 [ 0.00993625 -0.05318412  1.0443633 ]
 [-0.20333014 -0.22230539  1.0727961 ]
 [-0.08499955 -0.3242521   0.9505038 ]]
[[ 0.          0.          0.62640154]
 [-0.01188709 -0.10920957  0.6461597 ]
 [ 0.3247589  -0.26748753  0.5521678 ]
 [ 0.21024293 -0.44444144  0.17606714]
 [ 0.3538946  -0.47035897  0.13829926]
 [ 0.01208157  0.1093526   0.60708874]
 [-0.08028093  0.33215258  0.3188738 ]
 [-0.2922052   0.5026531   0.13336477]
 [-0.28550518  0.57373685  0.        ]
 [ 0.05421288  0.05707783  0.80084676]
 [ 0.07772784  0.0852907   1.0241946 ]
 [ 0.17944494  0.03817213  1.1129704 ]
 [ 0.11194455  0.06612641  1.1987214 ]
 [ 0.12223787  0.18520242  0.9415532 ]
 [ 0.29407194  0.1224056   0.7788805 ]
 [ 0.39101645  0.10538295  0.9448066 ]
 [ 0.00848588 -0.03960109  1.0551915 ]
 [-0.2102054  -0.16925496  1.0881248 ]
 [-0.17650436 -0.21050613  0.9782473 ]]
[[ 0.00000000e+00  0.00000000e+00  4.50307846e-01]
 [ 7.36206770e-04 -9.63792354e-02  4.64895397e-01]
 [ 3.02505076e-01 -1.89651787e-01  3.49579096e-01]
 [ 4.42827046e-01 -3.16041708e-01  0.00000000e+00]
 [ 6.09001696e-01 -3.25577110e-01  1.43349767e-02]
 [-5.95998019e-04  9.63749290e-02  4.36395079e-01]
 [-1.47278190e-01  1.96712181e-01  1.21953964e-01]
 [-4.91844296e-01  2.11598784e-01  1.35148764e-01]
 [-5.37364006e-01  2.51745343e-01  4.05664444e-02]
 [ 3.99589576e-02  5.02408296e-02  6.45405889e-01]
 [ 3.26063931e-02  6.88710213e-02  8.77256930e-01]
 [ 1.24625683e-01  2.00716257e-02  9.77401674e-01]
 [ 6.39998540e-02  5.11566997e-02  1.06549048e+00]
 [ 8.75299424e-02  1.49224609e-01  7.81865954e-01]
 [ 2.11982295e-01  1.44710988e-01  5.69887042e-01]
 [ 3.64418805e-01  1.13862485e-01  6.09872043e-01]
 [-4.08829115e-02 -3.16714942e-02  9.05820727e-01]
 [-2.44553983e-01 -1.34678602e-01  9.50325906e-01]
 [-1.63195968e-01 -2.26251662e-01  1.08511388e+00]]
[[ 0.          0.          0.47028714]
 [ 0.00645311 -0.08701185  0.47955573]
 [ 0.3092118  -0.10490508  0.3402949 ]
 [ 0.47813767 -0.19013244  0.        ]
 [ 0.6422377  -0.19415283  0.02914655]
 [-0.0063733   0.08699964  0.46174774]
 [-0.1427635   0.15103325  0.13404825]
 [-0.5014524   0.09402674  0.20437115]
 [-0.5764855   0.13460058  0.16110781]
 [ 0.02938212  0.05402094  0.6677259 ]
 [ 0.00886608  0.07109809  0.90279233]
 [ 0.09874578  0.01770234  1.0078812 ]
 [ 0.04208633  0.04590631  1.0951818 ]
 [ 0.05906345  0.1420396   0.8057146 ]
 [ 0.16788416  0.1665422   0.5781661 ]
 [ 0.32252252  0.15889665  0.51428795]
 [-0.05811753 -0.01661843  0.92466867]
 [-0.22563063 -0.11769533  0.9691964 ]
 [-0.17258058 -0.19086915  1.1404792 ]]
[[ 0.          0.          0.5381909 ]
 [ 0.01977685 -0.07826494  0.5498484 ]
 [ 0.29426342  0.0308167   0.36992487]
 [ 0.39516196 -0.0176006   0.        ]
 [ 0.56992215  0.02468753  0.01604432]
 [-0.01986145  0.07824405  0.5271796 ]
 [-0.12489878  0.05196059  0.18772855]
 [-0.4909107  -0.15477952  0.32995078]
 [-0.59079176 -0.13014701  0.36045083]
 [ 0.01457003  0.06211413  0.73288345]
 [-0.03408907  0.09572554  0.96110713]
 [ 0.05074805  0.05187559  1.0760617 ]
 [-0.01270591  0.0859831   1.1599498 ]
 [ 0.00250198  0.15680921  0.85371655]
 [ 0.05008557  0.20460227  0.613008  ]
 [ 0.14116561  0.2713938   0.46940497]
 [-0.08413914  0.02037689  0.98908913]
 [-0.22005269 -0.0627138   1.0565228 ]
 [-0.17754409 -0.09498322  1.2436879 ]]
[[ 0.          0.          0.6117947 ]
 [ 0.02056398 -0.07073216  0.6249569 ]
 [ 0.25028288  0.09083149  0.4114794 ]
 [ 0.23510385  0.03648353  0.02070177]
 [ 0.3986351   0.09926224  0.        ]
 [-0.02072025  0.07066855  0.5991486 ]
 [-0.07069907 -0.01670551  0.25767612]
 [-0.4541083  -0.28198498  0.4070597 ]
 [-0.56121933 -0.26239422  0.47850055]
 [ 0.0039481   0.06522274  0.8122779 ]
 [-0.06066416  0.11361989  1.031069  ]
 [ 0.02030629  0.08222902  1.1523064 ]
 [-0.05245857  0.11708665  1.2340803 ]
 [-0.04270665  0.177001    0.92028964]
 [-0.04566023  0.2586928   0.6985265 ]
 [ 0.00578478  0.38794607  0.5562197 ]
 [-0.10071218  0.04136893  1.0681899 ]
 [-0.23265897 -0.03450954  1.1870813 ]
 [-0.19993618 -0.0786382   1.3715303 ]]
[[ 0.          0.          0.66697985]
 [ 0.00854912 -0.05402043  0.6804146 ]
 [ 0.17368674  0.08415513  0.40939105]
 [ 0.01612659  0.07361525  0.06533253]
 [ 0.13362285  0.14847308  0.        ]
 [-0.00875537  0.05393479  0.6538387 ]
 [ 0.03780589 -0.0918234   0.32399544]
 [-0.39280173 -0.30833727  0.4157326 ]
 [-0.5130762  -0.28257653  0.46384835]
 [-0.0180068   0.05755785  0.864606  ]
 [-0.0982343   0.10514632  1.0723293 ]
 [-0.0211553   0.08197099  1.2045736 ]
 [-0.09926094  0.11739403  1.2801938 ]
 [-0.10363093  0.17136091  0.97049284]
 [-0.13724649  0.30091125  0.800936  ]
 [-0.10816255  0.48512185  0.73247135]
 [-0.12664077  0.03109893  1.118756  ]
 [-0.23923606 -0.04603791  1.3189607 ]
 [-0.23005581 -0.09468216  1.5120766 ]]
[[ 0.          0.          0.6110191 ]
 [-0.01046053 -0.05173243  0.6285695 ]
 [ 0.13921832 -0.00944898  0.32965726]
 [-0.18134245  0.10513371  0.11334017]
 [-0.1389764   0.21304277  0.        ]
 [ 0.01011983  0.05164998  0.59339046]
 [ 0.1933852  -0.14278051  0.28923863]
 [-0.2280688  -0.18639314  0.25767115]
 [-0.31615567 -0.15892166  0.21898335]
 [-0.02322923  0.05905068  0.801344  ]
 [-0.11248034  0.0976986   1.0124365 ]
 [-0.03731073  0.0718022   1.1541566 ]
 [-0.12597746  0.10203958  1.219053  ]
 [-0.1421563   0.17428872  0.93108344]
 [-0.19923261  0.33881292  0.8076875 ]
 [-0.23203474  0.5157214   0.87469935]
 [-0.12225711  0.0188674   1.0602087 ]
 [-0.17660043 -0.0354389   1.3502786 ]
 [-0.14923483 -0.01336479  1.5581975 ]]
[[ 0.          0.          0.52035236]
 [-0.0150469  -0.07284667  0.5332874 ]
 [ 0.12055194 -0.12066829  0.30484837]
 [-0.31711262 -0.04054171  0.26616776]
 [-0.39335954  0.04683533  0.16057199]
 [ 0.01478962  0.07259163  0.5071848 ]
 [ 0.32833463 -0.0757155   0.3321907 ]
 [ 0.06124183 -0.04446414  0.0693357 ]
 [ 0.14309095 -0.05013472  0.        ]
 [-0.01970193  0.04671936  0.7313667 ]
 [-0.07741062  0.08459806  0.9616181 ]
 [ 0.02347714  0.06027877  1.0786512 ]
 [-0.06334971  0.08741105  1.1660025 ]
 [-0.11017084  0.170879    0.9089437 ]
 [-0.19281948  0.32955742  0.9060261 ]
 [-0.20341945  0.43429875  1.1236719 ]
 [-0.0732618  -0.01289156  0.9846724 ]
 [-0.03257386 -0.08708429  1.2817936 ]
 [ 0.01978354 -0.05843419  1.5163679 ]]
[[ 0.          0.          0.5021549 ]
 [-0.01256038 -0.07850526  0.5187834 ]
 [ 0.1671176  -0.13664204  0.3648095 ]
 [-0.25170824 -0.07821335  0.34766227]
 [-0.33247143  0.01750159  0.26538888]
 [ 0.01234117  0.07820083  0.48526198]
 [ 0.3547437  -0.06677722  0.38497108]
 [ 0.21493417 -0.10574698  0.02698815]
 [ 0.34056097 -0.12904155  0.        ]
 [-0.00974889  0.02551372  0.72083575]
 [-0.04201494  0.04559869  0.9616356 ]
 [ 0.06275508  0.01757497  1.0651195 ]
 [-0.01610654  0.04997516  1.1597633 ]
 [-0.07040825  0.13614535  0.91734034]
 [-0.10452217  0.27330187  1.0223081 ]
 [-0.09004495  0.32227463  1.2505202 ]
 [-0.04061516 -0.057809    0.97834253]
 [ 0.05689552 -0.14470744  1.244434  ]
 [ 0.16669084 -0.09523749  1.4406071 ]]
[[ 0.0000000e+00  0.0000000e+00  4.3275771e-01]
 [-1.6710928e-02 -9.0377793e-02  4.6117643e-01]
 [ 2.2564477e-01 -1.8153268e-01  3.9358151e-01]
 [-1.7435235e-01 -1.4001489e-01  2.9876295e-01]
 [-2.0454070e-01 -7.2737813e-02  1.9137689e-01]
 [ 1.6490947e-02  9.0132952e-02  4.0402460e-01]
 [ 3.6780071e-01 -6.4402610e-02  3.6570764e-01]
 [ 3.4568816e-01 -1.9252425e-01  0.0000000e+00]
 [ 5.0353527e-01 -2.1120358e-01  1.5743226e-02]
 [ 1.6552737e-02  3.1472757e-02  6.4923012e-01]
 [ 1.4640506e-02  4.5618862e-02  8.9134753e-01]
 [ 1.3086975e-01  1.1256158e-02  9.7488439e-01]
 [ 6.3486680e-02  4.4351995e-02  1.0783800e+00]
 [ 6.3284710e-03  1.5213710e-01  8.5834873e-01]
 [ 8.0903083e-02  2.6391208e-01  1.0284373e+00]
 [ 1.4079356e-01  2.6796424e-01  1.2723844e+00]
 [ 1.0968503e-03 -7.8590542e-02  8.9873058e-01]
 [ 1.3874701e-01 -1.9809359e-01  1.1139621e+00]
 [ 3.0356747e-01 -1.7777979e-01  1.2904444e+00]]
[[ 0.          0.          0.37690282]
 [-0.02535097 -0.0989604   0.41602015]
 [ 0.23969376 -0.23622783  0.41781396]
 [-0.10113856 -0.23393163  0.20846954]
 [-0.06408005 -0.20921206  0.10191283]
 [ 0.02504173  0.0987723   0.33744833]
 [ 0.37205857 -0.06700485  0.34286624]
 [ 0.4007773  -0.24170911  0.        ]
 [ 0.56523365 -0.26786876  0.03822896]
 [ 0.03592175  0.03417113  0.5937365 ]
 [ 0.05860609  0.05001825  0.83260953]
 [ 0.18339893  0.00606072  0.9050178 ]
 [ 0.1261142   0.03648126  1.0171292 ]
 [ 0.0772173   0.16477913  0.80526984]
 [ 0.23031211  0.22365439  0.97296095]
 [ 0.33145332  0.20657122  1.2118082 ]
 [ 0.03521615 -0.08654812  0.83755016]
 [ 0.20608872 -0.22460487  1.0025066 ]
 [ 0.40419957 -0.21121603  1.1574619 ]]
[[ 0.          0.          0.3005934 ]
 [-0.0442653  -0.10074504  0.34076145]
 [ 0.24172127 -0.30030605  0.41463426]
 [ 0.10365707 -0.31607747  0.1026313 ]
 [ 0.20948887 -0.3304821   0.06196585]
 [ 0.04404696  0.10058123  0.26021594]
 [ 0.3736188  -0.08637488  0.31897408]
 [ 0.43620336 -0.32093596  0.        ]
 [ 0.58406293 -0.36668643  0.05548745]
 [ 0.05941776  0.03680106  0.5149968 ]
 [ 0.12210667  0.04284927  0.7467972 ]
 [ 0.25415602 -0.0168134   0.8140658 ]
 [ 0.20317891  0.01521885  0.9268286 ]
 [ 0.16691358  0.15865576  0.71266115]
 [ 0.3975402   0.16381174  0.81064224]
 [ 0.5457128   0.07919937  0.99034   ]
 [ 0.08201408 -0.10179022  0.75103563]
 [ 0.2923128  -0.28158855  0.82993114]
 [ 0.5007178  -0.28670603  0.93216395]]
[[ 0.          0.          0.21482587]
 [-0.05609564 -0.09337431  0.24532428]
 [ 0.23919228 -0.32241273  0.36295253]
 [ 0.32218227 -0.3606135   0.06769642]
 [ 0.44083583 -0.3997963   0.0861659 ]
 [ 0.0560655   0.09318224  0.18435207]
 [ 0.35925436 -0.11422402  0.2974187 ]
 [ 0.44885397 -0.36185342  0.        ]
 [ 0.5764667  -0.41833708  0.0640524 ]
 [ 0.07238069  0.02611834  0.42200178]
 [ 0.179571    0.00630599  0.64208615]
 [ 0.30854452 -0.05449691  0.70095897]
 [ 0.26395786 -0.02758634  0.8152145 ]
 [ 0.23114634  0.11759511  0.59617186]
 [ 0.4583472   0.13153014  0.57675624]
 [ 0.6601103   0.00138134  0.6320473 ]
 [ 0.12907362 -0.12798744  0.6470939 ]
 [ 0.33404619 -0.30707482  0.62389547]
 [ 0.5441905  -0.3173164   0.6564817 ]]
[[ 0.          0.          0.18076557]
 [-0.05554088 -0.0918766   0.20508069]
 [ 0.24225593 -0.32190087  0.32936373]
 [ 0.39530474 -0.36984828  0.06243306]
 [ 0.5146937  -0.40089723  0.1053364 ]
 [ 0.05560304  0.09167024  0.15650433]
 [ 0.34227085 -0.11313842  0.2950667 ]
 [ 0.45716    -0.3702326   0.        ]
 [ 0.57597816 -0.42787507  0.06436649]
 [ 0.0769704   0.02704647  0.38875622]
 [ 0.20111257  0.00459695  0.60154915]
 [ 0.3325827  -0.0537194   0.6541001 ]
 [ 0.29376698 -0.02831489  0.7703895 ]
 [ 0.2508846   0.11289683  0.54854643]
 [ 0.47385478  0.13481462  0.46949905]
 [ 0.6781303   0.01999098  0.46577913]
 [ 0.14496316 -0.12643117  0.6050042 ]
 [ 0.33033034 -0.30058926  0.5236365 ]
 [ 0.5361645  -0.29467076  0.50657415]]
[[ 0.          0.          0.12688723]
 [-0.04531184 -0.09036505  0.14466062]
 [ 0.26129144 -0.30484974  0.2642884 ]
 [ 0.4928249  -0.3905704   0.08283138]
 [ 0.5973016  -0.4143282   0.15183614]
 [ 0.04545249  0.09014022  0.10921862]
 [ 0.32865053 -0.09538974  0.2817182 ]
 [ 0.49848986 -0.3818741   0.        ]
 [ 0.60036397 -0.42866632  0.07106277]
 [ 0.09406017  0.02390844  0.34231722]
 [ 0.24038434  0.01656914  0.53995013]
 [ 0.37632954 -0.03502876  0.5827066 ]
 [ 0.34175426 -0.01554322  0.7005607 ]
 [ 0.2742509   0.12291878  0.476195  ]
 [ 0.44152632  0.16158207  0.28463688]
 [ 0.56682605  0.08082837  0.09338441]
 [ 0.18049346 -0.10679537  0.53014016]
 [ 0.29980785 -0.22843237  0.30912575]
 [ 0.46184933 -0.2187537   0.1388773 ]]
[[ 0.0000000e+00  0.0000000e+00  1.3510957e-01]
 [-4.0645484e-02 -8.8623911e-02  1.5398151e-01]
 [ 2.6320386e-01 -3.0013645e-01  2.6491088e-01]
 [ 5.3488451e-01 -3.9908886e-01  1.2541731e-01]
 [ 6.2834769e-01 -4.2454743e-01  2.2098842e-01]
 [ 4.0792860e-02  8.8382035e-02  1.1636814e-01]
 [ 3.3508259e-01 -8.4996544e-02  2.7659038e-01]
 [ 5.2515030e-01 -3.8056198e-01  2.7613521e-02]
 [ 6.2257391e-01 -4.1817105e-01  1.1099021e-01]
 [ 9.7874314e-02  2.9115662e-02  3.4881693e-01]
 [ 2.5326568e-01  3.3654153e-02  5.3595054e-01]
 [ 3.9283997e-01 -2.1827251e-02  5.7577085e-01]
 [ 3.6233670e-01 -1.0198355e-04  6.9307327e-01]
 [ 2.7912977e-01  1.3386974e-01  4.6300843e-01]
 [ 3.9046431e-01  1.9673079e-01  2.4032998e-01]
 [ 4.5837706e-01  1.7314285e-01  0.0000000e+00]
 [ 1.8683398e-01 -8.2757086e-02  5.2990055e-01]
 [ 2.2978061e-01 -1.6733077e-01  2.6404384e-01]
 [ 3.3162123e-01 -1.7696844e-01  3.8900621e-02]]
[[ 0.          0.          0.18309313]
 [-0.04004149 -0.08374614  0.20342949]
 [ 0.2620678  -0.28268206  0.2743382 ]
 [ 0.581973   -0.34707722  0.18067268]
 [ 0.6634173  -0.35649016  0.32116693]
 [ 0.04018202  0.08356805  0.16291249]
 [ 0.30829048 -0.09760211  0.28205368]
 [ 0.55369234 -0.37564892  0.0883342 ]
 [ 0.655522   -0.41233802  0.19614974]
 [ 0.07534774  0.05533367  0.37985358]
 [ 0.22612104  0.0881016   0.5629939 ]
 [ 0.37363023  0.02151847  0.598678  ]
 [ 0.35321498  0.05610633  0.71701163]
 [ 0.24891838  0.18151867  0.47416782]
 [ 0.21518372  0.27199483  0.22599578]
 [ 0.14023007  0.31995445  0.        ]
 [ 0.13322453 -0.02552387  0.56293255]
 [ 0.01477991 -0.12777768  0.3398397 ]
 [-0.02196004 -0.14083499  0.09168459]]
[[ 0.          0.          0.1550858 ]
 [-0.03475464 -0.0822832   0.17266762]
 [ 0.25815338 -0.24893595  0.23655622]
 [ 0.58874404 -0.2899205   0.15051708]
 [ 0.66249377 -0.2982995   0.29588276]
 [ 0.03489019  0.08210056  0.1376186 ]
 [ 0.31407505 -0.05442335  0.23392259]
 [ 0.587924   -0.30360553  0.07607076]
 [ 0.6875148  -0.33786523  0.19935894]
 [ 0.04933114  0.06996277  0.33043468]
 [ 0.16981593  0.13022298  0.5138756 ]
 [ 0.32256424  0.06977016  0.5496113 ]
 [ 0.294491    0.10559112  0.6676402 ]
 [ 0.18263653  0.21551225  0.4249592 ]
 [ 0.06184603  0.28772905  0.19833946]
 [-0.09371634  0.32868785  0.        ]
 [ 0.07910872  0.02155271  0.52213913]
 [-0.11597449 -0.0901022   0.36884463]
 [-0.24681814 -0.10972106  0.16553777]]
[[ 0.          0.          0.13431856]
 [-0.02814933 -0.08674066  0.15185285]
 [ 0.2683018  -0.21636859  0.23760042]
 [ 0.59925056 -0.25107414  0.13516657]
 [ 0.68815124 -0.25951153  0.26802468]
 [ 0.02829988  0.08660445  0.11684669]
 [ 0.33487692  0.00611761  0.23123126]
 [ 0.6143588  -0.21223137  0.07934208]
 [ 0.72003543 -0.24471472  0.19911733]
 [ 0.02776799  0.07338132  0.29363585]
 [ 0.10033809  0.1483348   0.47285396]
 [ 0.25197655  0.09647107  0.5106371 ]
 [ 0.21677765  0.13268083  0.6254421 ]
 [ 0.11350482  0.22745036  0.38392523]
 [-0.04743671  0.26671535  0.17877841]
 [-0.22921216  0.29883122  0.        ]
 [ 0.00857099  0.04312435  0.4917538 ]
 [-0.21460317 -0.0648727   0.3993437 ]
 [-0.37952638 -0.05054455  0.26440609]]
[[ 0.          0.          0.14483851]
 [-0.01804972 -0.08690546  0.17027234]
 [ 0.28548795 -0.1824188   0.26081645]
 [ 0.5540593  -0.24859393  0.12934233]
 [ 0.6734679  -0.24642698  0.22351658]
 [ 0.01818306  0.08689557  0.11936332]
 [ 0.35906672  0.07028958  0.24847534]
 [ 0.5876348  -0.10997647  0.08244932]
 [ 0.7036634  -0.14474238  0.17619506]
 [-0.00967294  0.09154749  0.2844639 ]
 [ 0.00583005  0.1911827   0.44795096]
 [ 0.15406457  0.15163401  0.49133945]
 [ 0.11634573  0.18553746  0.6008329 ]
 [ 0.02326997  0.25907543  0.35412392]
 [-0.1425615   0.2536988   0.17184149]
 [-0.31115037  0.27546474  0.        ]
 [-0.08630209  0.09122238  0.48281652]
 [-0.31433135 -0.02290094  0.4550555 ]
 [-0.4957464  -0.02093408  0.40218982]]
[[ 0.          0.          0.15408298]
 [-0.01134643 -0.07612091  0.20091398]
 [ 0.305859   -0.12922576  0.31224003]
 [ 0.4019714  -0.29600006  0.12989488]
 [ 0.5379382  -0.2824482   0.15780315]
 [ 0.01135622  0.07621814  0.10703635]
 [ 0.37590635  0.12154765  0.26449126]
 [ 0.45942765 -0.08924702  0.06582021]
 [ 0.59022963 -0.11696301  0.10834183]
 [-0.0605735   0.12178721  0.2658473 ]
 [-0.10599884  0.265945    0.40189072]
 [ 0.02864707  0.25404686  0.4558918 ]
 [-0.01052529  0.2875609   0.5518192 ]
 [-0.08865108  0.31660068  0.29925957]
 [-0.1875917   0.27986163  0.14145343]
 [-0.27858177  0.28603548  0.        ]
 [-0.18506604  0.18308702  0.45555648]
 [-0.40045077  0.06831622  0.52458507]
 [-0.5707741   0.04774964  0.5885713 ]]
[[ 0.          0.          0.11351081]
 [-0.00491863 -0.06463567  0.17587781]
 [ 0.31009912 -0.12974758  0.32975522]
 [ 0.2699352  -0.38444433  0.13601601]
 [ 0.3909986  -0.3731776   0.14653018]
 [ 0.00478599  0.06474309  0.0508033 ]
 [ 0.39094192  0.142055    0.2335676 ]
 [ 0.36049247 -0.10800204  0.06201898]
 [ 0.48080766 -0.1304155   0.09013562]
 [-0.07315531  0.13986185  0.2008284 ]
 [-0.14494893  0.31838065  0.310113  ]
 [-0.0264613   0.33240622  0.37819237]
 [-0.0736281   0.37284282  0.45503357]
 [-0.12533462  0.3548028   0.20531398]
 [-0.14256817  0.27322313  0.07043374]
 [-0.13216141  0.28823525  0.        ]
 [-0.21067744  0.24401732  0.36947355]
 [-0.39092964  0.10003522  0.52979404]
 [-0.49048477  0.09129536  0.6831824 ]]
[[ 0.          0.          0.1025013 ]
 [-0.00333109 -0.0503417   0.17296012]
 [ 0.28369832 -0.16608381  0.35255623]
 [ 0.1625813  -0.44460493  0.16754243]
 [ 0.26750284 -0.45343375  0.18604803]
 [ 0.00316748  0.0504002   0.031603  ]
 [ 0.3843009   0.1361781   0.17799172]
 [ 0.30031896 -0.14160474  0.08528896]
 [ 0.40186405 -0.16366258  0.12650153]
 [-0.06591645  0.16594769  0.16388056]
 [-0.15207115  0.37815094  0.24263519]
 [-0.05182257  0.41562068  0.3150907 ]
 [-0.11156642  0.46267712  0.3828133 ]
 [-0.12488034  0.39761698  0.12666473]
 [-0.04398508  0.2719122   0.012145  ]
 [ 0.02571554  0.21275306  0.        ]
 [-0.2067138   0.30502912  0.31134987]
 [-0.29508948  0.12283194  0.50101185]
 [-0.31977817  0.1349287   0.7047941 ]]
[[ 0.          0.          0.15908146]
 [-0.00140037 -0.02116566  0.23423994]
 [ 0.2628643  -0.1874557   0.37378925]
 [ 0.13349819 -0.53297937  0.27466214]
 [ 0.22086054 -0.5558617   0.31394833]
 [ 0.00120777  0.02114803  0.08345313]
 [ 0.36047614  0.19010231  0.13383836]
 [ 0.36940497 -0.1563054   0.15292667]
 [ 0.4709542  -0.1615248   0.20920256]
 [-0.06290439  0.18017155  0.1845566 ]
 [-0.15213808  0.40606892  0.22093543]
 [-0.06922629  0.474913    0.27520546]
 [-0.14155856  0.5301447   0.32671887]
 [-0.13942343  0.4139887   0.09960137]
 [ 0.02330863  0.25213513  0.        ]
 [ 0.1211465   0.16801286  0.03337261]
 [-0.16818997  0.34285566  0.3084829 ]
 [-0.08597392  0.1707955   0.4241418 ]
 [-0.00865009  0.23600572  0.5592623 ]]
[[ 0.          0.          0.16925788]
 [ 0.0078489  -0.00080547  0.24479732]
 [ 0.28045076 -0.11021151  0.2925424 ]
 [ 0.41068113 -0.57313156  0.3123411 ]
 [ 0.5128237  -0.5842472   0.32082826]
 [-0.00798012  0.00079992  0.09343922]
 [ 0.3397737   0.2345652   0.09388468]
 [ 0.45149678 -0.14835703  0.13240707]
 [ 0.58036447 -0.1446209   0.1613121 ]
 [-0.05509508  0.16466588  0.18952498]
 [-0.142443    0.36519703  0.22081268]
 [-0.06823526  0.44505703  0.24912587]
 [-0.14075652  0.49394408  0.29054594]
 [-0.1549744   0.37570232  0.11344559]
 [-0.02246961  0.24231821  0.00092888]
 [ 0.1149824   0.17851791  0.        ]
 [-0.11903593  0.311103    0.303394  ]
 [ 0.09951692  0.19521464  0.2927853 ]
 [ 0.2658214   0.22421642  0.21753302]]
[[ 0.          0.          0.18155648]
 [ 0.01255536  0.00280209  0.25763565]
 [ 0.28412446 -0.08970027  0.2779469 ]
 [ 0.45245254 -0.53019834  0.32125658]
 [ 0.551216   -0.54075867  0.30993026]
 [-0.0126777  -0.00282218  0.10522961]
 [ 0.33056396  0.25173932  0.08748746]
 [ 0.4419939  -0.12087318  0.12869671]
 [ 0.5697051  -0.12519886  0.15035045]
 [-0.05181313  0.15840825  0.20176955]
 [-0.14028594  0.34940198  0.2329392 ]
 [-0.06973678  0.43276736  0.2503245 ]
 [-0.13689396  0.4713157   0.299686  ]
 [-0.16322818  0.35942274  0.12834354]
 [-0.05083257  0.22509511  0.01225616]
 [ 0.08134484  0.21338929  0.        ]
 [-0.10086039  0.29893845  0.31822056]
 [ 0.12891981  0.20323269  0.28634495]
 [ 0.28243664  0.25715104  0.18312047]]
[[ 0.          0.          0.21659862]
 [ 0.01908545  0.00678223  0.29578328]
 [ 0.29897705 -0.03071895  0.2880024 ]
 [ 0.49751937 -0.47555012  0.3364995 ]
 [ 0.5978161  -0.47599968  0.3055139 ]
 [-0.01918638 -0.00678399  0.13718061]
 [ 0.31062147  0.28473672  0.10770799]
 [ 0.41566694 -0.07530251  0.14848572]
 [ 0.54851407 -0.08598554  0.1641647 ]
 [-0.04817986  0.14750744  0.23686436]
 [-0.13521323  0.32753694  0.265356  ]
 [-0.07081804  0.41543606  0.27083653]
 [-0.13409325  0.44284245  0.33137596]
 [-0.17888793  0.33720952  0.16973013]
 [-0.09861636  0.21350378  0.03502065]
 [ 0.02141228  0.22283247  0.        ]
 [-0.07396513  0.2843747   0.34950304]
 [ 0.16521917  0.21540558  0.29624093]
 [ 0.3000831   0.3144756   0.18236567]]
[[ 0.          0.          0.25016066]
 [ 0.03121687  0.00804796  0.33350164]
 [ 0.31473112  0.05153944  0.2914042 ]
 [ 0.545035   -0.3891946   0.33780152]
 [ 0.6480737  -0.37147146  0.28491637]
 [-0.03130023 -0.00801188  0.16653404]
 [ 0.2703447   0.3150582   0.1147956 ]
 [ 0.36544    -0.04653218  0.16167322]
 [ 0.51173997 -0.0495403   0.17013425]
 [-0.04257521  0.14769466  0.2695441 ]
 [-0.1234526   0.32731622  0.29482472]
 [-0.06666985  0.42565066  0.29397228]
 [-0.12456483  0.43938738  0.36453196]
 [-0.19048512  0.3335681   0.20692241]
 [-0.15371555  0.21962082  0.05459958]
 [-0.03603399  0.2537073   0.        ]
 [-0.04070012  0.2886774   0.37777635]
 [ 0.21016607  0.24245772  0.3082437 ]
 [ 0.3107823   0.3784344   0.18413988]]
[[ 0.          0.          0.29685858]
 [ 0.04168399  0.00877857  0.38096732]
 [ 0.31547773  0.14622046  0.30622986]
 [ 0.55502367 -0.29222912  0.3400676 ]
 [ 0.6611614  -0.25318962  0.27101088]
 [-0.04176647 -0.00869821  0.21240187]
 [ 0.21156856  0.34316856  0.13387893]
 [ 0.30805403 -0.02259696  0.18757349]
 [ 0.452138   -0.01836658  0.18241334]
 [-0.04173581  0.15431066  0.32030797]
 [-0.11570928  0.3446538   0.348438  ]
 [-0.06882718  0.4475379   0.34682286]
 [-0.12131295  0.45134413  0.42903352]
 [-0.20062989  0.34551936  0.26616415]
 [-0.20580524  0.25108013  0.0868338 ]
 [-0.10179667  0.3061884   0.        ]
 [-0.01292871  0.30638784  0.4277927 ]
 [ 0.22710171  0.28187126  0.33018956]
 [ 0.28244016  0.42155227  0.18069059]]
[[ 0.          0.          0.33589622]
 [ 0.05460634  0.01132149  0.42182744]
 [ 0.30508834  0.22224557  0.33149236]
 [ 0.52789605 -0.20123151  0.33245626]
 [ 0.63561463 -0.14038892  0.25510913]
 [-0.05467327 -0.01119627  0.24958599]
 [ 0.14919357  0.36314842  0.14872074]
 [ 0.23459965 -0.01029034  0.23013845]
 [ 0.3586098   0.00457796  0.20933124]
 [-0.04595187  0.16214934  0.36509144]
 [-0.11685172  0.36363083  0.40052843]
 [-0.08227712  0.4700551   0.40760922]
 [-0.129778    0.46845227  0.49336538]
 [-0.21568981  0.35782564  0.32172507]
 [-0.25597012  0.26678804  0.1179724 ]
 [-0.16381523  0.34107137  0.        ]
 [-0.00080821  0.32770294  0.47226068]
 [ 0.2073519   0.30633375  0.3393468 ]
 [ 0.22842047  0.43203458  0.16225773]]
[[ 0.          0.          0.34781462]
 [ 0.07436798  0.01170263  0.4294707 ]
 [ 0.2930082   0.3151354   0.3372719 ]
 [ 0.45232278 -0.09686422  0.2523988 ]
 [ 0.553684    0.0031258   0.17290784]
 [-0.07442707 -0.01156081  0.2657185 ]
 [ 0.07148816  0.37106618  0.11535531]
 [ 0.10654502 -0.02635981  0.23536503]
 [ 0.18728828  0.00622585  0.18591103]
 [-0.05849277  0.1729129   0.39829606]
 [-0.12893802  0.38907582  0.46063057]
 [-0.12405449  0.49216402  0.48543552]
 [-0.15795511  0.4799007   0.57982945]
 [-0.24673712  0.36842853  0.38855395]
 [-0.32131696  0.2864958   0.17082249]
 [-0.257488    0.39918393  0.        ]
 [ 0.00345558  0.3608032   0.5150549 ]
 [ 0.15302676  0.35060987  0.3215995 ]
 [ 0.13459694  0.47048628  0.10827968]]
[[ 0.          0.          0.3066724 ]
 [ 0.08238176  0.00915789  0.3782453 ]
 [ 0.2910502   0.35204798  0.29731295]
 [ 0.3836076  -0.0094721   0.14743084]
 [ 0.4724688   0.11393873  0.07020319]
 [-0.0824672  -0.00897305  0.23464215]
 [ 0.01300035  0.36576182  0.03927252]
 [ 0.02840355 -0.01497361  0.18256824]
 [ 0.07884754  0.02134274  0.11720377]
 [-0.05973318  0.17117852  0.38843623]
 [-0.13089359  0.37927902  0.48567638]
 [-0.15890828  0.47025278  0.52638173]
 [-0.17551312  0.4465771   0.6252977 ]
 [-0.256621    0.34704423  0.42179513]
 [-0.33555067  0.26786482  0.19838604]
 [-0.30688548  0.39806253  0.        ]
 [ 0.00738919  0.3604534   0.5154033 ]
 [ 0.09365988  0.3642415   0.28626284]
 [ 0.06079838  0.5067043   0.07206745]]
[[ 0.          0.          0.28892195]
 [ 0.08792299  0.00774565  0.34842804]
 [ 0.30283225  0.3786215   0.28314134]
 [ 0.32495758  0.07716714  0.1047892 ]
 [ 0.40595978  0.21403424  0.02803093]
 [-0.08805788 -0.00747928  0.22898746]
 [-0.05579054  0.34548852  0.        ]
 [-0.02426613 -0.03317623  0.14193705]
 [ 0.00892807  0.00619556  0.07401237]
 [-0.05237129  0.16199526  0.40617722]
 [-0.11531729  0.34860325  0.5437169 ]
 [-0.1797669   0.42293137  0.59875965]
 [-0.17236006  0.39190954  0.69848233]
 [-0.24774173  0.30724168  0.48872906]
 [-0.32791817  0.22951427  0.26265734]
 [-0.33890104  0.35641766  0.04748103]
 [ 0.02274179  0.34107587  0.5476737 ]
 [ 0.04341726  0.36610994  0.30640456]
 [-0.01976249  0.49535245  0.09168039]]
[[ 0.          0.          0.29590812]
 [ 0.09240337  0.01102524  0.34420615]
 [ 0.3065359   0.3910679   0.2764446 ]
 [ 0.26031888  0.13270555  0.10060605]
 [ 0.3286777   0.27654737  0.02262804]
 [-0.09257144 -0.01070786  0.2472398 ]
 [-0.1224182   0.31777012  0.        ]
 [-0.06758723 -0.06230091  0.12904188]
 [-0.05418903 -0.01233502  0.0647012 ]
 [-0.03938704  0.14972383  0.44577253]
 [-0.09068543  0.3113827   0.6218038 ]
 [-0.19202513  0.3633785   0.6906707 ]
 [-0.15424219  0.32815117  0.78756785]
 [-0.2256285   0.26031157  0.57513535]
 [-0.3075239   0.1731342   0.35353446]
 [-0.35398966  0.29424646  0.13156751]
 [ 0.04616132  0.31964463  0.6043929 ]
 [ 0.00702244  0.37798446  0.37033308]
 [-0.1033639   0.504086    0.1698348 ]]
[[ 0.          0.          0.2911472 ]
 [ 0.09387134  0.01548623  0.3334015 ]
 [ 0.29272875  0.40143552  0.24967164]
 [ 0.23281407  0.14961246  0.07839397]
 [ 0.28721273  0.2962676   0.        ]
 [-0.09403613 -0.0151418   0.248569  ]
 [-0.15307477  0.30335367  0.00151041]
 [-0.09029898 -0.07781599  0.09551418]
 [-0.08923515 -0.01702674  0.03253815]
 [-0.03314173  0.14651321  0.45244297]
 [-0.0809067   0.2929209   0.64470017]
 [-0.19746488  0.3321673   0.72035325]
 [-0.14466473  0.2971979   0.8141409 ]
 [-0.21638614  0.2359451   0.5988497 ]
 [-0.29476768  0.142693    0.38026407]
 [-0.34834456  0.25663483  0.15673009]
 [ 0.05608299  0.3105145   0.6180337 ]
 [-0.00671883  0.3839317   0.39004788]
 [-0.14219731  0.5061829   0.1976668 ]]
[[ 0.          0.          0.32292277]
 [ 0.09560068  0.02251421  0.3604136 ]
 [ 0.2595215   0.41502535  0.2465455 ]
 [ 0.2131213   0.16286388  0.08195096]
 [ 0.24731967  0.31098762  0.        ]
 [-0.09575804 -0.0221727   0.28515467]
 [-0.18003482  0.28800333  0.03989512]
 [-0.11766883 -0.09371734  0.08867422]
 [-0.13728023 -0.02310237  0.02140653]
 [-0.02945182  0.14407176  0.49013558]
 [-0.07367912  0.27400267  0.6939372 ]
 [-0.19777834  0.3048464   0.7777995 ]
 [-0.13222905  0.2678431   0.8674956 ]
 [-0.20892298  0.21013647  0.64658046]
 [-0.28403854  0.11311278  0.42727655]
 [-0.32955655  0.2383444   0.20487481]
 [ 0.06233714  0.2996801   0.66136396]
 [-0.01785301  0.3830197   0.43726033]
 [-0.17528749  0.49834284  0.25039393]]
[[ 0.          0.          0.35763925]
 [ 0.09620857  0.03267843  0.39153537]
 [ 0.21515238  0.42998397  0.24558601]
 [ 0.19414125  0.17552966  0.08682835]
 [ 0.20441978  0.32308698  0.        ]
 [-0.09637022 -0.03233442  0.32348567]
 [-0.20309019  0.27579215  0.08915508]
 [-0.13848245 -0.0909069   0.08377248]
 [-0.18023835 -0.00848046  0.00939488]
 [-0.02731073  0.14138943  0.52788997]
 [-0.07022402  0.25681934  0.7392869 ]
 [-0.197155    0.28372312  0.82833457]
 [-0.12232949  0.24659926  0.914833  ]
 [-0.20323339  0.18653283  0.6895602 ]
 [-0.2717737   0.09258805  0.46809718]
 [-0.30435985  0.22761044  0.24833918]
 [ 0.06446212  0.29270622  0.7025044 ]
 [-0.0254574   0.39246276  0.48018813]
 [-0.19854033  0.50406367  0.30280736]]
[[ 0.          0.          0.39905468]
 [ 0.09569961  0.04229031  0.42912972]
 [ 0.15554821  0.44098166  0.24880669]
 [ 0.17598335  0.19401118  0.09005412]
 [ 0.1555743   0.3427729   0.        ]
 [-0.09585097 -0.04194203  0.3687286 ]
 [-0.22760302  0.26403055  0.14679936]
 [-0.16506347 -0.07072505  0.0814366 ]
 [-0.22516954  0.02549136  0.00328574]
 [-0.02801393  0.14144897  0.5702813 ]
 [-0.06993638  0.24369264  0.7866629 ]
 [-0.19550568  0.26985356  0.8819915 ]
 [-0.11561154  0.23107839  0.9656185 ]
 [-0.19985488  0.17064652  0.7327345 ]
 [-0.25851098  0.07817376  0.5041027 ]
 [-0.27204204  0.21113028  0.28583312]
 [ 0.06072041  0.28590274  0.74620914]
 [-0.03551334  0.3932874   0.5206822 ]
 [-0.21541935  0.5043508   0.34975147]]
[[ 0.          0.          0.42712247]
 [ 0.09399591  0.05038185  0.45451578]
 [ 0.11350112  0.44664338  0.25533083]
 [ 0.16071278  0.19992514  0.09334487]
 [ 0.12087597  0.34610647  0.        ]
 [-0.09413986 -0.05003248  0.3994854 ]
 [-0.24773067  0.25800753  0.18767032]
 [-0.18257722 -0.05127528  0.08113915]
 [-0.25180873  0.05432999  0.00129288]
 [-0.03090264  0.14087503  0.5992441 ]
 [-0.07519853  0.23453006  0.8186576 ]
 [-0.19926661  0.2600175   0.9161632 ]
 [-0.11632091  0.22097772  0.99875855]
 [-0.20152092  0.15910989  0.7619324 ]
 [-0.25061813  0.07279056  0.5263392 ]
 [-0.24855322  0.20541188  0.31064036]
 [ 0.05250333  0.28202295  0.77534664]
 [-0.04366426  0.3888894   0.5449123 ]
 [-0.22379935  0.49494198  0.37469774]]
