[[ 0.0000000e+00  0.0000000e+00  8.0164659e-01]
 [ 5.3699374e-02 -7.8165628e-02  7.9057264e-01]
 [ 4.1508913e-02 -4.0288091e-02  4.2909801e-01]
 [-3.1227773e-01 -2.0340413e-02  6.7325246e-01]
 [-4.7553012e-01  1.7994031e-02  6.6141498e-01]
 [-5.3718716e-02  7.8065127e-02  8.1264162e-01]
 [ 1.5179315e-01  2.2077486e-01  4.8439094e-01]
 [ 2.0455757e-01  2.1392399e-01  4.4498026e-02]
 [ 3.6718044e-01  2.4981838e-01  0.0000000e+00]
 [ 4.3414079e-02  3.2713398e-02  1.0163101e+00]
 [ 9.9037506e-02  6.4433873e-02  1.2607985e+00]
 [ 2.0352930e-01  5.7664335e-02  1.2608397e+00]
 [ 1.7663585e-01  5.9859097e-02  1.3186803e+00]
 [-1.1573955e-03  1.5903103e-01  1.2162178e+00]
 [-1.7088905e-01  2.8155959e-01  1.0624008e+00]
 [-8.7837130e-02  4.4421163e-01  8.9236116e-01]
 [ 1.7949528e-01 -5.7497352e-02  1.2514719e+00]
 [ 9.4119877e-02 -2.4183933e-01  1.0785993e+00]
 [ 1.9539037e-01 -1.5752554e-01  9.1582948e-01]]
[[ 0.          0.          0.8241499 ]
 [ 0.05568293 -0.0828116   0.81376696]
 [ 0.13184637 -0.04159856  0.4726539 ]
 [-0.25205487 -0.0479887   0.64467734]
 [-0.38741565  0.00893033  0.614281  ]
 [-0.05574042  0.0826453   0.834455  ]
 [ 0.08427285  0.18473424  0.48035356]
 [ 0.04117024  0.13033152  0.05134499]
 [ 0.21020925  0.15976208  0.        ]
 [ 0.0502341   0.04684292  1.0354149 ]
 [ 0.11914916  0.09841216  1.275104  ]
 [ 0.22088206  0.07254165  1.2742617 ]
 [ 0.1890287   0.06860042  1.3321602 ]
 [ 0.02681609  0.20132336  1.2318835 ]
 [-0.08098924  0.3296852   1.0413795 ]
 [ 0.06673179  0.46182162  0.88752335]
 [ 0.19056739 -0.02921653  1.2646351 ]
 [ 0.0958135  -0.20884563  1.1034884 ]
 [ 0.18277627 -0.14370269  0.92406607]]
[[ 0.          0.          0.7611003 ]
 [ 0.04921489 -0.10051111  0.76028997]
 [ 0.31449825  0.0103896   0.49505758]
 [-0.0470238   0.05341056  0.41070926]
 [-0.06645847  0.11907706  0.3029063 ]
 [-0.04930152  0.10029068  0.76186293]
 [-0.03426147  0.17688915  0.36160922]
 [-0.19398499  0.08999401  0.04549372]
 [-0.08354308  0.1339283   0.        ]
 [ 0.04731514  0.03637162  0.9785051 ]
 [ 0.11154664  0.07413924  1.2224574 ]
 [ 0.21553606  0.04758623  1.2244315 ]
 [ 0.17293724  0.0298394   1.2955643 ]
 [ 0.03918265  0.19951192  1.1771674 ]
 [ 0.04379767  0.29027516  0.9368566 ]
 [ 0.24932687  0.3360037   0.87548065]
 [ 0.15432939 -0.06588119  1.218153  ]
 [-0.00773194 -0.22853123  1.0948946 ]
 [ 0.07898912 -0.28178263  0.9305511 ]]
[[ 0.          0.          0.724198  ]
 [ 0.03235224 -0.10515685  0.7268961 ]
 [ 0.34330952  0.04865485  0.54869086]
 [ 0.21592511  0.00393665  0.19217527]
 [ 0.30778486  0.02642196  0.11610401]
 [-0.03237467  0.10503721  0.72150826]
 [-0.13121033  0.23964427  0.3599367 ]
 [-0.37126744  0.215902    0.12619454]
 [-0.29305953  0.2653089   0.        ]
 [ 0.02829855  0.01088229  0.95699126]
 [ 0.08825943  0.03010634  1.2075127 ]
 [ 0.19974633  0.0065445   1.187889  ]
 [ 0.17252903  0.01330447  1.2640988 ]
 [ 0.06026448  0.16428518  1.1700468 ]
 [ 0.15484402  0.25389987  0.9200418 ]
 [ 0.27991867  0.15113632  1.0083169 ]
 [ 0.08167279 -0.10720882  1.2161686 ]
 [-0.09799914 -0.2546431   1.2709699 ]
 [-0.16322155 -0.33040494  1.2484603 ]]
[[ 0.          0.          0.63472563]
 [ 0.03091934 -0.10329218  0.63924867]
 [ 0.34553468  0.06889349  0.4302162 ]
 [ 0.35876966  0.06305099  0.05463207]
 [ 0.4992662   0.09808344  0.02484709]
 [-0.0309445   0.10320771  0.63021547]
 [-0.17760712  0.15317628  0.23608252]
 [-0.51780665  0.04980323  0.11131197]
 [-0.5066917   0.09732938  0.        ]
 [ 0.02621014 -0.00383462  0.86839724]
 [ 0.0870222  -0.00363442  1.1178648 ]
 [ 0.19938809 -0.02946451  1.109065  ]
 [ 0.17066747 -0.02695572  1.1814604 ]
 [ 0.06481475  0.1296497   1.0848724 ]
 [ 0.18587413  0.23017775  0.84992385]
 [ 0.27485177  0.08141989  0.9508058 ]
 [ 0.07165703 -0.13463834  1.1205692 ]
 [-0.10204495 -0.27223545  1.1646452 ]
 [-0.19163543 -0.35228044  1.1514326 ]]
[[ 0.          0.          0.6049012 ]
 [ 0.03075327 -0.10570717  0.60851765]
 [ 0.33656842  0.09578222  0.3809119 ]
 [ 0.42932272  0.14664006  0.        ]
 [ 0.58778965  0.19064832  0.0074203 ]
 [-0.03077361  0.10563722  0.6013038 ]
 [-0.16024607  0.12648481  0.18444467]
 [-0.5462917  -0.04793945  0.15379137]
 [-0.5622852  -0.02578247  0.05904555]
 [ 0.03440269 -0.00929599  0.83686674]
 [ 0.10231377 -0.01713821  1.0853877 ]
 [ 0.21297154 -0.04524148  1.0847435 ]
 [ 0.18064785 -0.04681018  1.1549083 ]
 [ 0.07087112  0.11798662  1.0554092 ]
 [ 0.17939141  0.23509356  0.8222862 ]
 [ 0.28467458  0.10079616  0.8940495 ]
 [ 0.08882938 -0.14217007  1.0804282 ]
 [-0.096674   -0.26275894  1.1106236 ]
 [-0.18645617 -0.34347323  1.0937846 ]]
[[ 0.          0.          0.62851435]
 [ 0.03437861 -0.10262162  0.6350767 ]
 [ 0.31201735  0.14177816  0.39821348]
 [ 0.41375655  0.22287542  0.        ]
 [ 0.5847668   0.26720145  0.01311499]
 [-0.03438975  0.10255469  0.62196153]
 [-0.13877448  0.07994866  0.19856879]
 [-0.5442028  -0.18380556  0.2513688 ]
 [-0.59874177 -0.19270599  0.18154377]
 [ 0.03686243 -0.01746008  0.8585262 ]
 [ 0.1075808  -0.03673866  1.1049607 ]
 [ 0.21693835 -0.06572193  1.1079092 ]
 [ 0.18211788 -0.07686582  1.1687452 ]
 [ 0.06353065  0.09655082  1.0772266 ]
 [ 0.12353214  0.23439547  0.8443649 ]
 [ 0.27724472  0.20529419  0.8729853 ]
 [ 0.09921613 -0.1560499   1.0896474 ]
 [-0.08966303 -0.2748289   1.0556358 ]
 [-0.17244664 -0.3737479   1.0031586 ]]
[[ 0.          0.          0.6674538 ]
 [ 0.03335796 -0.10093006  0.67424136]
 [ 0.2919048   0.18294816  0.44064128]
 [ 0.3329799   0.2532395   0.02061766]
 [ 0.50661445  0.29776883  0.        ]
 [-0.03339731  0.1008246   0.6606437 ]
 [-0.07875974  0.08679187  0.23445651]
 [-0.48669022 -0.18651694  0.36866048]
 [-0.5557091  -0.22704175  0.2831279 ]
 [ 0.04619892 -0.01760311  0.8948654 ]
 [ 0.11701667 -0.04692039  1.1419036 ]
 [ 0.22872747 -0.0869399   1.1471105 ]
 [ 0.18022484 -0.10437328  1.2048764 ]
 [ 0.06738831  0.0861738   1.1135061 ]
 [ 0.07340755  0.23551281  0.8834258 ]
 [ 0.18434314  0.24704784  0.8684776 ]
 [ 0.10915601 -0.16369146  1.1129477 ]
 [-0.04692128 -0.25375354  0.9833115 ]
 [-0.10714503 -0.346656    0.93900025]]
[[ 0.0000000e+00  0.0000000e+00  7.0928329e-01]
 [ 3.8915791e-02 -9.8548733e-02  7.1399051e-01]
 [ 2.0211434e-01  1.4750074e-01  4.6154788e-01]
 [ 1.6523893e-01  2.1080640e-01  4.5898259e-02]
 [ 3.2533318e-01  2.6512814e-01  0.0000000e+00]
 [-3.8976774e-02  9.8425366e-02  7.0453840e-01]
 [ 5.3165320e-02  1.5798534e-01  3.2694817e-01]
 [-3.6850953e-01 -9.1723531e-02  4.9696326e-01]
 [-4.2852235e-01 -1.1723518e-01  3.5621157e-01]
 [ 4.9414940e-02 -1.0870621e-02  9.3163556e-01]
 [ 1.2496498e-01 -3.8718432e-02  1.1816165e+00]
 [ 2.3508619e-01 -8.1765920e-02  1.1950479e+00]
 [ 1.8762976e-01 -1.0383242e-01  1.2489767e+00]
 [ 5.1945254e-02  9.0525091e-02  1.1506451e+00]
 [-8.2396865e-03  2.1931067e-01  9.4735438e-01]
 [ 2.5220335e-02  2.6914787e-01  8.3892226e-01]
 [ 1.2962779e-01 -1.4880165e-01  1.1481640e+00]
 [-8.3202124e-04 -2.2860847e-01  1.0193555e+00]
 [-1.0242394e-01 -3.2692027e-01  1.0218279e+00]]
[[ 0.          0.          0.69333524]
 [ 0.02786053 -0.10045215  0.69183564]
 [ 0.06118964  0.09943174  0.4018487 ]
 [-0.05686386  0.19180816  0.08597636]
 [ 0.06478949  0.25191864  0.        ]
 [-0.02795945  0.10027353  0.6947565 ]
 [ 0.1908502   0.16676894  0.42203122]
 [-0.2062282  -0.02045807  0.4062555 ]
 [-0.20528461 -0.02158794  0.22396669]
 [ 0.04962816 -0.00268598  0.9148401 ]
 [ 0.11961249 -0.02776009  1.1690247 ]
 [ 0.22861719 -0.07670903  1.1901398 ]
 [ 0.17937264 -0.09154996  1.2475016 ]
 [ 0.0480552   0.10093558  1.1363274 ]
 [-0.1006847   0.25393456  1.0247397 ]
 [-0.16252726  0.33431077  0.8799207 ]
 [ 0.1288603  -0.15202883  1.1302907 ]
 [ 0.05520537 -0.26432627  0.9208623 ]
 [ 0.06566268 -0.3449111   0.7797508 ]]
[[ 0.0000000e+00  0.0000000e+00  6.1404949e-01]
 [ 2.7402684e-02 -1.0334881e-01  6.0021573e-01]
 [-6.8213724e-02  5.6912363e-02  2.8947470e-01]
 [-2.5464371e-01  1.8952411e-01  1.5954885e-01]
 [-2.1058953e-01  2.5837871e-01  2.8255761e-02]
 [-2.7482741e-02  1.0319560e-01  6.2777317e-01]
 [ 2.8258866e-01  2.1407896e-01  4.5192742e-01]
 [ 7.3342472e-03  9.0428650e-02  1.3608736e-01]
 [ 1.2816073e-01  9.2588186e-02  0.0000000e+00]
 [ 4.9678177e-02  2.3927838e-03  8.3824670e-01]
 [ 1.1993461e-01 -8.6286664e-04  1.0956277e+00]
 [ 2.3585965e-01 -2.8352946e-02  1.1137543e+00]
 [ 1.8787953e-01 -3.9508343e-02  1.1734998e+00]
 [ 2.7877912e-02  1.1620605e-01  1.0728945e+00]
 [-1.8642718e-01  2.5278011e-01  1.0550830e+00]
 [-2.7327710e-01  3.7003776e-01  8.7869096e-01]
 [ 1.5973873e-01 -1.3305223e-01  1.0627067e+00]
 [ 1.2405145e-01 -2.8355899e-01  8.4625971e-01]
 [ 1.6694957e-01 -1.7666966e-01  8.9734334e-01]]
[[ 0.          0.          0.6761234 ]
 [ 0.03254393 -0.09750827  0.6602784 ]
 [-0.08576826 -0.01341289  0.31327865]
 [-0.3675105   0.09527981  0.34677583]
 [-0.3956523   0.16010976  0.2381134 ]
 [-0.03262043  0.09739269  0.6918486 ]
 [ 0.2607228   0.22481117  0.48977295]
 [ 0.17376089  0.17309633  0.07071126]
 [ 0.3415998   0.17584693  0.        ]
 [ 0.05209902  0.00705598  0.89903796]
 [ 0.1173884   0.01709202  1.1545113 ]
 [ 0.23916441  0.00645471  1.1806996 ]
 [ 0.20120771  0.00991839  1.2408891 ]
 [ 0.02591274  0.12680677  1.1261408 ]
 [-0.20200485  0.2526443   1.1084249 ]
 [-0.27487138  0.38575757  0.93129927]
 [ 0.17505263 -0.11369082  1.1285126 ]
 [ 0.17095956 -0.27461872  0.9038717 ]
 [ 0.20356649 -0.13896562  0.9667866 ]]
[[ 0.          0.          0.69980544]
 [ 0.03808172 -0.09068415  0.6831391 ]
 [-0.06239975 -0.04450187  0.31759527]
 [-0.41050088  0.0192011   0.47303346]
 [-0.49909613  0.07278815  0.40930024]
 [-0.03812225  0.09060682  0.71637034]
 [ 0.22055683  0.23437785  0.47240046]
 [ 0.23427358  0.23315093  0.03369159]
 [ 0.40710676  0.24038589  0.        ]
 [ 0.05151099  0.00991982  0.9183467 ]
 [ 0.11752774  0.02746791  1.1700845 ]
 [ 0.23619708  0.01750463  1.200485  ]
 [ 0.20226057  0.02193445  1.2528288 ]
 [ 0.02699664  0.13473886  1.13556   ]
 [-0.18757021  0.27084404  1.0774801 ]
 [-0.20803326  0.41412187  0.90339035]
 [ 0.18132806 -0.10334185  1.1478014 ]
 [ 0.14300479 -0.29434094  0.96471715]
 [ 0.19400445 -0.21469757  0.9097508 ]]
[[ 0.          0.          0.7288842 ]
 [ 0.04255056 -0.08852048  0.7116971 ]
 [-0.00606292 -0.06180343  0.34216926]
 [-0.3978191  -0.00403035  0.53889227]
 [-0.5035064   0.03937584  0.49822667]
 [-0.04258104  0.0884339   0.74598026]
 [ 0.19218676  0.26458234  0.48194563]
 [ 0.19970997  0.27162248  0.03768122]
 [ 0.377504    0.28386605  0.        ]
 [ 0.04729816  0.00906982  0.94468486]
 [ 0.11116894  0.02675843  1.1943206 ]
 [ 0.22825679  0.00549984  1.220199  ]
 [ 0.19248998  0.0070489   1.2679077 ]
 [ 0.02290162  0.13585001  1.1544971 ]
 [-0.15850112  0.27908653  1.0514337 ]
 [-0.11411589  0.43014088  0.8845198 ]
 [ 0.18081482 -0.10373569  1.174161  ]
 [ 0.1032109  -0.28784427  1.0143948 ]
 [ 0.12949069 -0.2986877   0.8756606 ]]
[[ 0.          0.          0.75925624]
 [ 0.0397183  -0.09581517  0.7422845 ]
 [ 0.10481808 -0.0566206   0.40198314]
 [-0.31869936  0.03399763  0.5969117 ]
 [-0.4258005   0.09465528  0.53195345]
 [-0.03979333  0.09569108  0.77613586]
 [ 0.1458639   0.25107673  0.49527603]
 [ 0.08364309  0.23164803  0.05640501]
 [ 0.26662317  0.23323047  0.        ]
 [ 0.05391855  0.02308851  0.969863  ]
 [ 0.12986368  0.05265722  1.215672  ]
 [ 0.24106449  0.02599955  1.2360333 ]
 [ 0.20165876  0.01510888  1.2866689 ]
 [ 0.04948739  0.16877687  1.1715513 ]
 [-0.06763852  0.32105643  1.0316389 ]
 [ 0.024625    0.4535029   0.89875925]
 [ 0.19052783 -0.08330408  1.1982219 ]
 [ 0.09355465 -0.2454854   1.0134187 ]
 [ 0.1687479  -0.13868138  0.9177221 ]]
[[ 0.00000000e+00  0.00000000e+00  7.88415074e-01]
 [ 3.49980518e-02 -1.04849309e-01  7.78924584e-01]
 [ 2.59864509e-01 -9.68217850e-04  5.16070962e-01]
 [-1.32927477e-01  9.50421393e-02  5.90382457e-01]
 [-1.74463302e-01  1.55278206e-01  4.73699152e-01]
 [-3.51090357e-02  1.04678616e-01  7.97821105e-01]
 [ 4.21770625e-02  2.12690651e-01  4.84496534e-01]
 [-1.29548386e-01  1.66555345e-01  7.87832737e-02]
 [ 4.80071716e-02  1.68491364e-01  0.00000000e+00]
 [ 5.63998520e-02  1.84742361e-02  9.99405444e-01]
 [ 1.29368529e-01  3.57771516e-02  1.25033808e+00]
 [ 2.40996242e-01 -7.74562359e-04  1.27501464e+00]
 [ 1.94497094e-01 -1.59048438e-02  1.33047938e+00]
 [ 6.82119504e-02  1.70609772e-01  1.20178592e+00]
 [ 5.17555177e-02  3.26218247e-01  1.02261293e+00]
 [ 2.08238870e-01  4.15390104e-01  9.71832156e-01]
 [ 1.67042047e-01 -1.05030775e-01  1.23474598e+00]
 [ 2.59118080e-02 -2.49112234e-01  1.08150625e+00]
 [ 6.69209808e-02 -1.82340592e-01  9.93712902e-01]]
[[ 0.00000000e+00  0.00000000e+00  7.24020779e-01]
 [ 2.28735656e-02 -1.08937539e-01  7.19661057e-01]
 [ 3.77489835e-01  2.29514092e-02  5.59635639e-01]
 [ 1.27608672e-01  3.01927030e-02  2.78538942e-01]
 [ 2.06324175e-01  6.67630434e-02  1.61162436e-01]
 [-2.29599401e-02  1.08812809e-01  7.28357911e-01]
 [-7.21680373e-02  2.38833055e-01  3.98965955e-01]
 [-3.63896996e-01  2.40182668e-01  1.01653159e-01]
 [-2.47360706e-01  2.64772683e-01  0.00000000e+00]
 [ 4.56200130e-02 -4.33056056e-03  9.47228551e-01]
 [ 1.12885088e-01 -1.19507313e-03  1.20099366e+00]
 [ 2.19283521e-01 -4.30888534e-02  1.21601677e+00]
 [ 1.76063627e-01 -4.41232324e-02  1.28781056e+00]
 [ 8.37163776e-02  1.42330050e-01  1.15708232e+00]
 [ 1.79305330e-01  2.52583265e-01  9.39176083e-01]
 [ 2.89480031e-01  1.48799971e-01  1.01762366e+00]
 [ 1.10348582e-01 -1.40986383e-01  1.19685638e+00]
 [-1.09226935e-01 -2.49359354e-01  1.13076162e+00]
 [-1.55867249e-01 -2.93038070e-01  1.08861399e+00]]
[[ 0.          0.          0.62382436]
 [ 0.02164541 -0.11251182  0.62412167]
 [ 0.35931617  0.01484157  0.4476848 ]
 [ 0.33620638  0.04163986  0.09131849]
 [ 0.48356026  0.07820982  0.04695034]
 [-0.02170692  0.11243144  0.62352884]
 [-0.14965455  0.17731306  0.27176097]
 [-0.5054792   0.13694444  0.09514463]
 [-0.4541794   0.17142138  0.        ]
 [ 0.03005855 -0.01642445  0.8561431 ]
 [ 0.09503853 -0.0242213   1.1101351 ]
 [ 0.21056089 -0.05302098  1.1107929 ]
 [ 0.18145417 -0.04490787  1.186992  ]
 [ 0.07823815  0.12106407  1.0706748 ]
 [ 0.22852871  0.23465143  0.86155695]
 [ 0.30309814  0.09205961  0.9672759 ]
 [ 0.0781067  -0.1588301   1.116643  ]
 [-0.12857017 -0.28427225  1.1498168 ]
 [-0.21874432 -0.30211335  1.111247  ]]
[[ 0.          0.          0.56448835]
 [ 0.02398454 -0.11022624  0.5676464 ]
 [ 0.35011452  0.05371024  0.36446315]
 [ 0.45073092  0.11542606  0.00445378]
 [ 0.62813     0.16150546  0.        ]
 [-0.02403478  0.1101577   0.56133455]
 [-0.14437921  0.11932504  0.1778504 ]
 [-0.55943227 -0.004664    0.11837012]
 [-0.56588376  0.01789966  0.04152733]
 [ 0.03079197 -0.01623318  0.7964051 ]
 [ 0.10125571 -0.02859467  1.0491638 ]
 [ 0.2176373  -0.06133121  1.0586859 ]
 [ 0.183184   -0.05676854  1.1295011 ]
 [ 0.08158883  0.11230537  1.0089921 ]
 [ 0.21856128  0.21717808  0.7892503 ]
 [ 0.30637836  0.07105294  0.87773126]
 [ 0.08519793 -0.15530688  1.0484754 ]
 [-0.09500036 -0.25738698  1.0531664 ]
 [-0.20465298 -0.29354984  1.0066853 ]]
[[ 0.          0.          0.58300966]
 [ 0.02278438 -0.10898058  0.5886506 ]
 [ 0.32016787  0.08569039  0.37260172]
 [ 0.4498376   0.15300691  0.        ]
 [ 0.635768    0.19556391  0.00978082]
 [-0.02281779  0.10890642  0.57738316]
 [-0.10732828  0.12647536  0.18760613]
 [-0.53946924 -0.05511546  0.20847088]
 [-0.5883311  -0.05252463  0.14452678]
 [ 0.03598991 -0.02181627  0.81222564]
 [ 0.10987477 -0.04184529  1.0621698 ]
 [ 0.22416677 -0.07911417  1.0774188 ]
 [ 0.1814397  -0.07911155  1.1402543 ]
 [ 0.08000547  0.0999639   1.0227146 ]
 [ 0.1803792   0.22637753  0.8002342 ]
 [ 0.2959763   0.11490674  0.8549523 ]
 [ 0.09235199 -0.16450772  1.0533704 ]
 [-0.1172563  -0.2631175   1.0344799 ]
 [-0.21391119 -0.35614002  0.94220614]]
[[ 0.          0.          0.6217729 ]
 [ 0.02657988 -0.10448858  0.62952197]
 [ 0.28528723  0.1373843   0.40533754]
 [ 0.3755239   0.23103505  0.00488043]
 [ 0.5595266   0.2768504   0.        ]
 [-0.0266118   0.10439142  0.6140236 ]
 [-0.05350909  0.08500353  0.20274472]
 [-0.48780757 -0.15632603  0.28230533]
 [-0.5681059  -0.17658728  0.22862977]
 [ 0.0414023  -0.01914537  0.84750307]
 [ 0.11423451 -0.04252213  1.0984751 ]
 [ 0.22547495 -0.08690563  1.1212759 ]
 [ 0.17366587 -0.096333    1.1820831 ]
 [ 0.07113679  0.09591359  1.0576072 ]
 [ 0.10923007  0.24816903  0.8335318 ]
 [ 0.2418131   0.22433367  0.8246683 ]
 [ 0.10122493 -0.16242874  1.0751584 ]
 [-0.11242243 -0.23023589  0.9749113 ]
 [-0.16713357 -0.38526928  0.81088895]]
[[ 0.          0.          0.68208075]
 [ 0.01997264 -0.10471071  0.6902982 ]
 [ 0.21620083  0.14454456  0.44953483]
 [ 0.19886555  0.23609498  0.0462203 ]
 [ 0.35905427  0.29705608  0.        ]
 [-0.02005774  0.10456203  0.67383474]
 [ 0.08916505  0.11374977  0.29456526]
 [-0.34167665 -0.11297256  0.42722237]
 [-0.42029625 -0.15511203  0.34498256]
 [ 0.05181257 -0.0079696   0.9043673 ]
 [ 0.12486344 -0.03411362  1.1565428 ]
 [ 0.23259357 -0.09241793  1.188021  ]
 [ 0.17104197 -0.11523721  1.2395787 ]
 [ 0.07215127  0.10258722  1.1147699 ]
 [ 0.0228482   0.24012615  0.9027461 ]
 [ 0.0765572   0.27330005  0.7882559 ]
 [ 0.1115742  -0.15440905  1.1231148 ]
 [-0.02705286 -0.24778049  0.9387375 ]
 [-0.04756451 -0.36688855  0.7596468 ]]
[[ 0.          0.          0.6629209 ]
 [ 0.01392999 -0.10617477  0.6663626 ]
 [ 0.07398173  0.06564035  0.38568774]
 [-0.03290072  0.18131843  0.06911546]
 [ 0.08151137  0.24498963  0.        ]
 [-0.01404572  0.10598593  0.65940773]
 [ 0.23050848  0.12009132  0.37326574]
 [-0.18629467 -0.03044221  0.37299722]
 [-0.19749284 -0.03780648  0.20477116]
 [ 0.0504716  -0.00141174  0.88648367]
 [ 0.12236829 -0.02248612  1.1425947 ]
 [ 0.23441161 -0.06475112  1.1762216 ]
 [ 0.18128446 -0.0800021   1.2318687 ]
 [ 0.05916677  0.11229318  1.1000426 ]
 [-0.07507886  0.22366472  0.9544773 ]
 [-0.15356585  0.24805495  0.794014  ]
 [ 0.1223256  -0.15029636  1.1111704 ]
 [ 0.01712671 -0.26520497  0.90265673]
 [ 0.01958793 -0.36077204  0.7518623 ]]
[[ 0.          0.          0.5931851 ]
 [ 0.00703509 -0.10712544  0.5818899 ]
 [-0.04612851  0.03712052  0.27633044]
 [-0.24504384  0.14947256  0.12442571]
 [-0.19416314  0.22964966  0.        ]
 [-0.0071342   0.10692938  0.6043649 ]
 [ 0.31211838  0.14461054  0.42552537]
 [ 0.02900703  0.04352611  0.14074758]
 [ 0.1439299   0.0340513   0.0047192 ]
 [ 0.05258391 -0.00377528  0.81801665]
 [ 0.12486853 -0.01385733  1.0761456 ]
 [ 0.23712313 -0.03705823  1.1120985 ]
 [ 0.18710685 -0.04278052  1.1679392 ]
 [ 0.04738317  0.1152395   1.0413892 ]
 [-0.1508744   0.25028852  0.99064434]
 [-0.21707267  0.34262028  0.824283  ]
 [ 0.148785   -0.15502483  1.0520957 ]
 [ 0.08335096 -0.31429318  0.8331301 ]
 [ 0.14637686 -0.27213424  0.7943479 ]]
[[ 0.00000000e+00  0.00000000e+00  6.50775135e-01]
 [ 1.52404308e-02 -9.94300768e-02  6.37732744e-01]
 [-7.58564472e-02 -1.12935901e-02  2.95566976e-01]
 [-3.54867995e-01  8.91261399e-02  2.89560497e-01]
 [-3.94804657e-01  1.71987414e-01  1.83676064e-01]
 [-1.53443143e-02  9.92633402e-02  6.63685262e-01]
 [ 2.91197330e-01  1.78337246e-01  4.64461923e-01]
 [ 1.90911859e-01  1.17630064e-01  7.56713748e-02]
 [ 3.43538105e-01  1.02739036e-01  0.00000000e+00]
 [ 5.46634942e-02  4.57535684e-03  8.75008225e-01]
 [ 1.21629514e-01  9.34511423e-03  1.13344884e+00]
 [ 2.42358848e-01  5.11527061e-04  1.17905080e+00]
 [ 1.93829045e-01  1.64151192e-03  1.23568654e+00]
 [ 4.78966311e-02  1.33903384e-01  1.09806848e+00]
 [-1.60055906e-01  2.74344146e-01  1.05817986e+00]
 [-2.11112916e-01  4.01998997e-01  8.75294387e-01]
 [ 1.61306173e-01 -1.28789216e-01  1.10760868e+00]
 [ 1.38597786e-01 -2.81380504e-01  8.72095823e-01]
 [ 2.05450535e-01 -1.90613195e-01  8.78719449e-01]]
[[ 0.          0.          0.6840442 ]
 [ 0.02154178 -0.09264462  0.6711677 ]
 [-0.06358505 -0.04410055  0.3076756 ]
 [-0.41231596  0.01104629  0.40626472]
 [-0.50598174  0.08014323  0.34064567]
 [-0.02162237  0.09251094  0.6967979 ]
 [ 0.26013193  0.20646001  0.46385998]
 [ 0.26864257  0.2012626   0.04521698]
 [ 0.43243712  0.19344002  0.        ]
 [ 0.05350257  0.00883096  0.9045129 ]
 [ 0.12050572  0.02627409  1.1600059 ]
 [ 0.23893319  0.01274294  1.2124119 ]
 [ 0.18965682  0.01461494  1.2645657 ]
 [ 0.04790371  0.14661413  1.1181269 ]
 [-0.1493034   0.296229    1.0472864 ]
 [-0.15404698  0.43138674  0.86468434]
 [ 0.16321075 -0.10850924  1.1362257 ]
 [ 0.12483394 -0.27927703  0.92026174]
 [ 0.19631514 -0.21027328  0.8660438 ]]
[[ 0.          0.          0.71605724]
 [ 0.02752222 -0.0918678   0.703296  ]
 [ 0.00620453 -0.05709273  0.34194463]
 [-0.3828441  -0.00368057  0.4917193 ]
 [-0.4998287   0.0492842   0.44386578]
 [-0.02759273  0.09173673  0.72870195]
 [ 0.21545106  0.22133163  0.46981317]
 [ 0.22583947  0.22777745  0.04263359]
 [ 0.4034979   0.23134375  0.        ]
 [ 0.05236027  0.01241454  0.9329607 ]
 [ 0.11957265  0.0335142   1.1867492 ]
 [ 0.23749313  0.01165763  1.237436  ]
 [ 0.1857567   0.01647079  1.2860938 ]
 [ 0.04748633  0.15093419  1.1397567 ]
 [-0.11574835  0.30562484  1.0283595 ]
 [-0.05162376  0.4469726   0.85506105]
 [ 0.16520897 -0.10016942  1.1625818 ]
 [ 0.08557373 -0.2630451   0.9616063 ]
 [ 0.15519291 -0.25436392  0.8331614 ]]
[[ 0.          0.          0.75794715]
 [ 0.02860916 -0.09495046  0.74506867]
 [ 0.10135044 -0.06113467  0.39852625]
 [-0.30304125  0.01364766  0.5499588 ]
 [-0.41896272  0.07692027  0.49833232]
 [-0.02869835  0.09479202  0.7707207 ]
 [ 0.17717074  0.23370829  0.4921647 ]
 [ 0.12584716  0.21311522  0.06482708]
 [ 0.30801424  0.21699548  0.        ]
 [ 0.05392466  0.02018225  0.9711679 ]
 [ 0.12542178  0.04680592  1.223791  ]
 [ 0.24130282  0.01967448  1.27478   ]
 [ 0.18523398  0.02411097  1.3254013 ]
 [ 0.06138158  0.16798097  1.1671678 ]
 [-0.05299422  0.31583077  1.0119957 ]
 [ 0.05001733  0.42733142  0.87239677]
 [ 0.16392548 -0.08957914  1.200556  ]
 [ 0.05539249 -0.23996803  1.0018238 ]
 [ 0.11441779 -0.23259479  0.8586879 ]]
[[ 0.00000000e+00  0.00000000e+00  7.90358663e-01]
 [ 2.30890960e-02 -1.09211192e-01  7.82986760e-01]
 [ 2.70223618e-01 -3.57597768e-02  5.17969728e-01]
 [-1.27293050e-01  4.19791639e-02  5.36206484e-01]
 [-1.68260515e-01  1.04087025e-01  4.26624417e-01]
 [-2.32047215e-02  1.08988561e-01  7.97638059e-01]
 [ 3.42939161e-02  1.89294785e-01  4.64953125e-01]
 [-1.66975752e-01  1.28229916e-01  8.05103779e-02]
 [-1.16003677e-03  1.35585010e-01  0.00000000e+00]
 [ 5.31035326e-02  2.50242054e-02  1.00305605e+00]
 [ 1.17397785e-01  4.77721691e-02  1.25899363e+00]
 [ 2.31104136e-01  1.15628839e-02  1.31593490e+00]
 [ 1.66432619e-01  1.49048567e-02  1.37152886e+00]
 [ 7.26224184e-02  1.84528351e-01  1.19675446e+00]
 [ 6.68490753e-02  3.20780307e-01  9.91258740e-01]
 [ 2.35062063e-01  3.62220526e-01  9.51667309e-01]
 [ 1.34737492e-01 -9.70537364e-02  1.23667395e+00]
 [-4.22433391e-02 -2.09774688e-01  1.06705022e+00]
 [ 6.45351410e-03 -2.05986902e-01  9.38301682e-01]]
[[ 0.          0.          0.7023958 ]
 [ 0.01411472 -0.10862658  0.70119834]
 [ 0.356565   -0.00178865  0.5464784 ]
 [ 0.1311247  -0.03303295  0.25390452]
 [ 0.22637892 -0.00240529  0.14217329]
 [-0.01419236  0.10846318  0.7035539 ]
 [-0.08824177  0.21207066  0.36439055]
 [-0.38833368  0.2181133   0.10605615]
 [-0.29941988  0.2458159   0.        ]
 [ 0.03508189  0.00268343  0.9250679 ]
 [ 0.08556114  0.0100767   1.1840771 ]
 [ 0.19359612 -0.03418756  1.2366581 ]
 [ 0.13173984 -0.01390105  1.304285  ]
 [ 0.07724147  0.15375054  1.1229907 ]
 [ 0.19200322  0.2708017   0.91710377]
 [ 0.30406594  0.19686264  1.0188832 ]
 [ 0.0631533  -0.1274012   1.1774895 ]
 [-0.18906479 -0.22158164  1.1519463 ]
 [-0.27333242 -0.31673056  1.0644014 ]]
[[ 0.          0.          0.6377829 ]
 [ 0.00739564 -0.11049092  0.6405236 ]
 [ 0.32126468 -0.02699395  0.4630705 ]
 [ 0.27665877 -0.0355128   0.1101774 ]
 [ 0.41985697 -0.0088169   0.05903131]
 [-0.00746153  0.11034544  0.63502395]
 [-0.14014207  0.17188244  0.27384758]
 [-0.49460733  0.1509726   0.10635006]
 [-0.46790415  0.18112326  0.        ]
 [ 0.0250534   0.00165118  0.86600745]
 [ 0.07124013  0.00344497  1.1242776 ]
 [ 0.18501672 -0.04544735  1.1770303 ]
 [ 0.11906852 -0.02415127  1.2440351 ]
 [ 0.08319815  0.14525014  1.0663786 ]
 [ 0.2284695   0.26302359  0.8656653 ]
 [ 0.27701592  0.12584448  0.98056376]
 [ 0.02937116 -0.12875935  1.1246355 ]
 [-0.19983366 -0.23741713  1.1651318 ]
 [-0.3244399  -0.27262157  1.0568877 ]]
[[ 0.          0.          0.5545112 ]
 [ 0.00688843 -0.11087947  0.5568762 ]
 [ 0.31392264  0.01174504  0.35786957]
 [ 0.39182538  0.05908328  0.00271243]
 [ 0.56824386  0.0965021   0.        ]
 [-0.00694023  0.11075545  0.55213034]
 [-0.12108269  0.1261093   0.16460833]
 [-0.52981555  0.01561522  0.10110241]
 [-0.56023395  0.03933057  0.02231288]
 [ 0.02198449 -0.00226393  0.7820368 ]
 [ 0.06951859 -0.00990275  1.0402918 ]
 [ 0.18662551 -0.05934748  1.0972884 ]
 [ 0.11824666 -0.03723204  1.1613452 ]
 [ 0.08132866  0.12947232  0.9817269 ]
 [ 0.21131821  0.24083674  0.7713653 ]
 [ 0.28301266  0.09568119  0.85598505]
 [ 0.02141989 -0.13492662  1.0331867 ]
 [-0.20798849 -0.23859164  1.0449383 ]
 [-0.3223614  -0.3183085   0.9258497 ]]
[[ 0.          0.          0.5773639 ]
 [ 0.0079951  -0.10995236  0.5818133 ]
 [ 0.29516935  0.04959761  0.367161  ]
 [ 0.4029873   0.11703086  0.        ]
 [ 0.5916389   0.15607667  0.01346606]
 [-0.00803625  0.10982026  0.5729008 ]
 [-0.08257611  0.12215745  0.18031615]
 [-0.50269973 -0.04117367  0.19913897]
 [-0.567708   -0.03072214  0.13289768]
 [ 0.02533942 -0.00811315  0.8033906 ]
 [ 0.07562956 -0.02801672  1.0603999 ]
 [ 0.18991083 -0.07875091  1.12431   ]
 [ 0.12517507 -0.05500746  1.181783  ]
 [ 0.07851225  0.11291566  1.0003858 ]
 [ 0.18372735  0.24979824  0.79085577]
 [ 0.29958415  0.14376369  0.8341698 ]
 [ 0.02508072 -0.14742374  1.0468822 ]
 [-0.19703677 -0.2575953   1.0387118 ]
 [-0.3187794  -0.35167012  0.8968279 ]]
[[ 0.          0.          0.59192276]
 [ 0.00959002 -0.10796855  0.5969878 ]
 [ 0.2738362   0.09395762  0.38236046]
 [ 0.33018765  0.1853506   0.00290978]
 [ 0.51939994  0.22370929  0.        ]
 [-0.00964139  0.10781055  0.5868373 ]
 [-0.01940614  0.09843618  0.18855745]
 [-0.45767242 -0.11997795  0.25663555]
 [-0.5413058  -0.13430929  0.19225368]
 [ 0.03000544 -0.00977595  0.81781924]
 [ 0.08100332 -0.03371263  1.0747387 ]
 [ 0.19923425 -0.08452171  1.1332886 ]
 [ 0.12906498 -0.06285971  1.1906505 ]
 [ 0.07334874  0.10612726  1.0159023 ]
 [ 0.13723591  0.25744164  0.8042679 ]
 [ 0.26582044  0.21136515  0.77907336]
 [ 0.03439851 -0.15056211  1.0524391 ]
 [-0.16535547 -0.257367    0.995181  ]
 [-0.28155255 -0.3880134   0.82582307]]
[[ 0.0000000e+00  0.0000000e+00  6.5456438e-01]
 [ 5.2706823e-03 -1.0296023e-01  6.6100621e-01]
 [ 2.1152255e-01  8.1315339e-02  4.1999078e-01]
 [ 1.5236671e-01  1.7053595e-01  4.1653037e-02]
 [ 3.1893468e-01  2.1883920e-01  0.0000000e+00]
 [-5.3609535e-03  1.0276376e-01  6.4807695e-01]
 [ 1.0419915e-01  1.0109553e-01  2.7908829e-01]
 [-3.4231657e-01 -8.2906023e-02  3.9231056e-01]
 [-4.1688174e-01 -1.0953435e-01  2.8778976e-01]
 [ 3.9810266e-02  1.1591911e-03  8.7738264e-01]
 [ 9.0202786e-02 -2.1877915e-02  1.1360520e+00]
 [ 2.0970306e-01 -7.0084363e-02  1.2085249e+00]
 [ 1.3005631e-01 -5.0701320e-02  1.2565280e+00]
 [ 7.1039036e-02  1.1627698e-01  1.0752510e+00]
 [ 5.9307680e-02  2.6768470e-01  8.7153786e-01]
 [ 1.4163554e-01  3.0578211e-01  7.7268374e-01]
 [ 4.8839897e-02 -1.4044127e-01  1.1006523e+00]
 [-1.1136347e-01 -2.5577340e-01  9.6426165e-01]
 [-1.8006963e-01 -4.1115552e-01  7.9130995e-01]]
[[ 0.0000000e+00  0.0000000e+00  6.3253313e-01]
 [-1.6845390e-03 -1.0507167e-01  6.3203955e-01]
 [ 5.5195298e-02  2.2717208e-02  3.3815870e-01]
 [-1.0735436e-01  1.2439856e-01  7.0197880e-02]
 [-3.8358867e-03  1.8942747e-01  0.0000000e+00]
 [ 1.5566275e-03  1.0483127e-01  6.3291687e-01]
 [ 2.6751798e-01  1.0134013e-01  3.9052331e-01]
 [-1.2733489e-01 -9.9700093e-03  3.1533170e-01]
 [-9.9562839e-02  3.8855374e-03  1.4970395e-01]
 [ 3.9048936e-02  3.4962595e-04  8.5614818e-01]
 [ 9.2177972e-02 -1.7920882e-02  1.1174538e+00]
 [ 2.1371093e-01 -5.1567256e-02  1.1890786e+00]
 [ 1.4370783e-01 -3.5991490e-02  1.2396512e+00]
 [ 5.2424047e-02  1.1838406e-01  1.0616212e+00]
 [-6.0951024e-02  2.7485830e-01  9.2202789e-01]
 [-7.3770180e-02  3.3958247e-01  7.4294806e-01]
 [ 7.4102029e-02 -1.5097919e-01  1.0771986e+00]
 [-1.6648471e-02 -2.7636504e-01  8.7261713e-01]
 [ 1.5268788e-02 -3.4858912e-01  7.6419044e-01]]
[[ 0.00000000e+00  0.00000000e+00  5.94571829e-01]
 [-7.72722252e-03 -1.09038174e-01  5.80293536e-01]
 [-4.99627106e-02  3.44771147e-03  2.75894642e-01]
 [-3.14191580e-01  8.39073658e-02  1.51949406e-01]
 [-2.71789253e-01  1.69545501e-01  2.47375369e-02]
 [ 7.61567801e-03  1.08807988e-01  6.08711600e-01]
 [ 3.10242027e-01  1.25065252e-01  4.22648013e-01]
 [ 9.10188109e-02  4.19662297e-02  1.09313965e-01]
 [ 2.29970872e-01  2.95525789e-02  0.00000000e+00]
 [ 3.77847590e-02  6.67735934e-04  8.19115460e-01]
 [ 8.60966966e-02 -4.96736169e-03  1.08277202e+00]
 [ 2.02036560e-01 -3.19789052e-02  1.16413295e+00]
 [ 1.31489247e-01 -1.59482360e-02  1.21329343e+00]
 [ 3.60571742e-02  1.29115850e-01  1.03494000e+00]
 [-1.37682393e-01  2.77371228e-01  9.53222632e-01]
 [-1.48251295e-01  3.88564944e-01  7.67220020e-01]
 [ 9.15847421e-02 -1.48813277e-01  1.04343987e+00]
 [ 4.00809646e-02 -3.22026193e-01  8.40910673e-01]
 [ 1.18362665e-01 -2.50172108e-01  8.31575572e-01]]
[[ 0.00000000e+00  0.00000000e+00  6.41432524e-01]
 [-8.51124525e-04 -1.05756782e-01  6.25841737e-01]
 [-5.97750917e-02 -2.02731192e-02  2.93856919e-01]
 [-3.85586083e-01  5.66813648e-02  2.75580108e-01]
 [-4.18749690e-01  1.47455454e-01  1.64741069e-01]
 [ 7.33908266e-04  1.05533600e-01  6.56873524e-01]
 [ 2.83353329e-01  1.56473801e-01  4.41543937e-01]
 [ 2.14549541e-01  7.17779994e-02  5.71693182e-02]
 [ 3.76485825e-01  5.03872037e-02  0.00000000e+00]
 [ 3.47170755e-02  6.31628931e-03  8.64997268e-01]
 [ 7.63630420e-02  1.31822526e-02  1.12900257e+00]
 [ 1.91715121e-01 -9.63306427e-03  1.21707344e+00]
 [ 1.21593945e-01  7.93635845e-03  1.26574445e+00]
 [ 3.23772132e-02  1.46376848e-01  1.07735622e+00]
 [-1.33669138e-01  3.00073266e-01  9.78253186e-01]
 [-1.28603846e-01  4.13606822e-01  7.93320298e-01]
 [ 9.23474878e-02 -1.30320579e-01  1.09116745e+00]
 [ 7.47694075e-02 -3.05532485e-01  8.82195592e-01]
 [ 1.34021103e-01 -2.25550532e-01  8.83828878e-01]]
[[ 0.00000000e+00  0.00000000e+00  6.69709325e-01]
 [ 1.26805902e-03 -1.03365339e-01  6.52991593e-01]
 [-4.37682793e-02 -5.20669520e-02  3.12676191e-01]
 [-4.26516771e-01 -1.10347867e-02  3.67747307e-01]
 [-5.05751252e-01  7.21898973e-02  2.79012263e-01]
 [-1.37692317e-03  1.03155859e-01  6.86294019e-01]
 [ 2.54453927e-01  1.69848576e-01  4.45389807e-01]
 [ 2.65699148e-01  1.04656994e-01  3.74110937e-02]
 [ 4.31662560e-01  8.34114552e-02  0.00000000e+00]
 [ 3.27833593e-02  1.29689723e-02  8.90076458e-01]
 [ 7.37959445e-02  3.03018689e-02  1.15345454e+00]
 [ 1.83893263e-01  7.34978914e-03  1.24388075e+00]
 [ 1.19794175e-01  2.37962008e-02  1.29204655e+00]
 [ 3.28710862e-02  1.61302745e-01  1.09525990e+00]
 [-1.16244301e-01  3.10876608e-01  9.70855951e-01]
 [-1.02674603e-01  3.82842809e-01  7.88554728e-01]
 [ 9.01524946e-02 -1.15403354e-01  1.11661708e+00]
 [ 6.12485856e-02 -2.93785661e-01  9.16942477e-01]
 [ 1.17531091e-01 -2.40043536e-01  8.70749712e-01]]
[[ 0.          0.          0.70847774]
 [ 0.0050148  -0.1032289   0.6934329 ]
 [ 0.0176819  -0.06784257  0.36372152]
 [-0.39878327 -0.02852528  0.44734856]
 [-0.48705158  0.04959229  0.36749128]
 [-0.00512274  0.10301378  0.7233981 ]
 [ 0.21130367  0.17820612  0.46580264]
 [ 0.21157679  0.12431335  0.04812926]
 [ 0.39074868  0.11209148  0.        ]
 [ 0.03115398  0.01381694  0.9268074 ]
 [ 0.074452    0.03651506  1.1897368 ]
 [ 0.18271604  0.01146847  1.2785001 ]
 [ 0.1140748   0.02910644  1.3207133 ]
 [ 0.03618917  0.16902786  1.1259356 ]
 [-0.06911264  0.3343354   0.974036  ]
 [ 0.01608191  0.42765254  0.8085256 ]
 [ 0.09366795 -0.11045957  1.1566497 ]
 [ 0.02724758 -0.27845827  0.9642303 ]
 [ 0.0998497  -0.27695522  0.8467077 ]]
[[ 0.          0.          0.7510426 ]
 [ 0.01135817 -0.10642511  0.7378528 ]
 [ 0.14035934 -0.05627576  0.43981272]
 [-0.30185866  0.00526831  0.5029175 ]
 [-0.37450653  0.08108744  0.41234553]
 [-0.01148235  0.10617462  0.76411843]
 [ 0.15710871  0.19224085  0.4858204 ]
 [ 0.05828601  0.12564403  0.07244802]
 [ 0.2423358   0.12456512  0.        ]
 [ 0.03423271  0.02350098  0.9655043 ]
 [ 0.08024761  0.0549044   1.2275604 ]
 [ 0.1907543   0.02420205  1.312909  ]
 [ 0.11521813  0.04256111  1.3588599 ]
 [ 0.05118545  0.18817699  1.1576285 ]
 [ 0.0020892   0.33930638  0.9699576 ]
 [ 0.1430532   0.42989802  0.84657323]
 [ 0.09362359 -0.09193844  1.1958299 ]
 [-0.00366227 -0.24326701  1.005546  ]
 [ 0.00900654 -0.2957108   0.8684501 ]]
[[ 0.          0.          0.7482353 ]
 [ 0.01382346 -0.11367486  0.7426548 ]
 [ 0.30038413 -0.02459309  0.5147751 ]
 [-0.10193388 -0.02734238  0.43704638]
 [-0.10464528  0.03969419  0.30942172]
 [-0.01394128  0.11339757  0.753718  ]
 [ 0.05686997  0.19906199  0.42622   ]
 [-0.17986928  0.14040267  0.08559734]
 [-0.02704924  0.16159236  0.        ]
 [ 0.0367735   0.02352461  0.9691444 ]
 [ 0.07655516  0.04640418  1.2313615 ]
 [ 0.18639898  0.00834799  1.3124481 ]
 [ 0.10971783  0.03398871  1.360683  ]
 [ 0.0628509   0.18397492  1.1607816 ]
 [ 0.11297145  0.3328142   0.96187973]
 [ 0.28265786  0.3721146   0.9472096 ]
 [ 0.07252885 -0.09997696  1.2124109 ]
 [-0.09606634 -0.23197807  1.0654386 ]
 [-0.10076486 -0.27373537  0.9380839 ]]
[[ 0.          0.          0.635914  ]
 [ 0.00201439 -0.11337184  0.635874  ]
 [ 0.33326423 -0.07172075  0.47984117]
 [ 0.17662129 -0.11150309  0.13633764]
 [ 0.30266404 -0.08740413  0.06358039]
 [-0.00209604  0.11319081  0.6359166 ]
 [-0.05163066  0.22520085  0.28793374]
 [-0.3928479   0.24541178  0.10958153]
 [-0.35554576  0.28170526  0.        ]
 [ 0.01229495  0.0069433   0.86372435]
 [ 0.03610095  0.01844394  1.1253791 ]
 [ 0.14814016 -0.03864521  1.1953533 ]
 [ 0.07053214  0.00688803  1.2544054 ]
 [ 0.07260485  0.15113965  1.0588892 ]
 [ 0.2193763   0.26911134  0.868136  ]
 [ 0.29620135  0.18886149  0.9694738 ]
 [-0.02329232 -0.11278063  1.1228024 ]
 [-0.24040407 -0.2454988   1.1288394 ]
 [-0.35404637 -0.30278754  1.0270953 ]]
[[ 0.00000000e+00  0.00000000e+00  5.69611788e-01]
 [-1.70024112e-03 -1.13590918e-01  5.70867240e-01]
 [ 2.94839144e-01 -9.68089402e-02  3.99076492e-01]
 [ 2.99381435e-01 -1.02044702e-01  3.04834843e-02]
 [ 4.62755263e-01 -8.46590400e-02  2.04543471e-02]
 [ 1.63517520e-03  1.13412894e-01  5.68333089e-01]
 [-6.88744783e-02  1.97367132e-01  2.00404465e-01]
 [-4.50583607e-01  1.89943254e-01  1.05777740e-01]
 [-4.73360181e-01  2.32876062e-01  0.00000000e+00]
 [-1.82617456e-04  5.08336723e-03  7.98425198e-01]
 [ 1.42834894e-02  7.56749511e-03  1.05910242e+00]
 [ 1.25865370e-01 -5.18338680e-02  1.12850213e+00]
 [ 4.33413759e-02 -6.03562593e-03  1.18923652e+00]
 [ 6.09200969e-02  1.35074317e-01  9.97390628e-01]
 [ 2.15801805e-01  2.48206899e-01  8.13126445e-01]
 [ 2.77562439e-01  1.28736794e-01  8.98942053e-01]
 [-6.00349903e-02 -1.12005085e-01  1.05424440e+00]
 [-2.75249213e-01 -2.54288614e-01  1.05899835e+00]
 [-4.00308490e-01 -3.27684402e-01  9.64902520e-01]]
[[ 0.00000000e+00  0.00000000e+00  5.51412284e-01]
 [-1.53221190e-03 -1.14137553e-01  5.52778482e-01]
 [ 2.94565588e-01 -7.98834562e-02  3.69491756e-01]
 [ 3.49730104e-01 -6.24052286e-02  0.00000000e+00]
 [ 5.21483064e-01 -4.08655405e-02  8.97890329e-03]
 [ 1.46955997e-03  1.13962814e-01  5.50022721e-01]
 [-5.32948524e-02  1.58394247e-01  1.62976861e-01]
 [-4.53226089e-01  1.13923132e-01  1.17901772e-01]
 [-4.83688414e-01  1.47205651e-01  1.49999261e-02]
 [ 1.25941355e-03  3.88234854e-03  7.78892577e-01]
 [ 1.66893769e-02  2.94834375e-04  1.03940594e+00]
 [ 1.31578311e-01 -5.93459308e-02  1.11194372e+00]
 [ 4.83276993e-02 -7.53748417e-03  1.17021275e+00]
 [ 6.05732612e-02  1.27609760e-01  9.79965568e-01]
 [ 2.10821435e-01  2.42690787e-01  7.93107986e-01]
 [ 2.97884107e-01  1.23517096e-01  8.44691753e-01]
 [-5.99589348e-02 -1.15416348e-01  1.02812767e+00]
 [-2.70211548e-01 -2.51282334e-01  1.01197088e+00]
 [-3.96903455e-01 -3.44848096e-01  9.02111232e-01]]
[[ 0.00000000e+00  0.00000000e+00  5.76470852e-01]
 [-3.91419977e-03 -1.15417518e-01  5.79201162e-01]
 [ 2.72325516e-01 -9.02973711e-02  3.86694670e-01]
 [ 2.98749447e-01 -8.47609043e-02  0.00000000e+00]
 [ 4.87629682e-01 -7.47189522e-02  5.17904758e-03]
 [ 3.85534018e-03  1.15227439e-01  5.73723555e-01]
 [-6.51204586e-03  1.64739519e-01  1.76746696e-01]
 [-4.03665900e-01  1.22377992e-01  1.69174194e-01]
 [-4.37302470e-01  1.42840773e-01  5.39091229e-02]
 [ 3.29628866e-03  4.71791625e-03  8.04373026e-01]
 [ 2.28243973e-02  9.19431448e-04  1.06548119e+00]
 [ 1.37625575e-01 -5.78935146e-02  1.13802588e+00]
 [ 5.75049520e-02 -3.33988667e-03  1.19425952e+00]
 [ 6.65402263e-02  1.30307436e-01  1.00528169e+00]
 [ 1.94924414e-01  2.49862224e-01  8.08508694e-01]
 [ 2.94145048e-01  1.21029705e-01  8.27522635e-01]
 [-6.00447766e-02 -1.13189727e-01  1.05154133e+00]
 [-2.75544167e-01 -2.39175051e-01  1.01169515e+00]
 [-3.68729919e-01 -3.30054879e-01  8.75833988e-01]]
[[ 0.0000000e+00  0.0000000e+00  5.9694958e-01]
 [-6.0410872e-03 -1.1456985e-01  5.9812075e-01]
 [ 2.5969610e-01 -9.0459421e-02  3.9447635e-01]
 [ 2.7704138e-01 -5.8711290e-02  5.2923560e-03]
 [ 4.5164925e-01 -4.2812526e-02  0.0000000e+00]
 [ 5.9598759e-03  1.1437265e-01  5.9574956e-01]
 [ 5.6166306e-02  1.7424150e-01  2.2820550e-01]
 [-3.4822017e-01  1.4424153e-01  2.0443952e-01]
 [-3.5642493e-01  1.6469076e-01  6.8024099e-02]
 [ 3.4221851e-03  1.0277182e-03  8.2518375e-01]
 [ 1.9360393e-02 -7.8260303e-03  1.0871325e+00]
 [ 1.3482997e-01 -6.5874964e-02  1.1603507e+00]
 [ 5.2142680e-02 -1.0841191e-02  1.2127616e+00]
 [ 6.1482832e-02  1.2265843e-01  1.0290767e+00]
 [ 1.7076002e-01  2.5004649e-01  8.3325088e-01]
 [ 2.5826636e-01  1.6530833e-01  8.0762231e-01]
 [-5.8857314e-02 -1.2665021e-01  1.0640540e+00]
 [-2.4230909e-01 -2.6817936e-01  9.8202193e-01]
 [-3.4262702e-01 -3.8771018e-01  8.2562912e-01]]
[[ 0.          0.          0.6398264 ]
 [-0.01827819 -0.11075009  0.6328751 ]
 [ 0.18234909 -0.09125301  0.37967485]
 [ 0.0941131  -0.02860159  0.04643655]
 [ 0.25575686 -0.0200699   0.        ]
 [ 0.0181517   0.11050148  0.64670813]
 [ 0.20403838  0.13533613  0.343458  ]
 [-0.19574246  0.10001555  0.2802227 ]
 [-0.1587781   0.11991227  0.13091254]
 [ 0.0125055  -0.01143472  0.8627732 ]
 [ 0.03642002 -0.02927962  1.1256759 ]
 [ 0.15584627 -0.0772112   1.2041686 ]
 [ 0.06929802 -0.03978223  1.2569716 ]
 [ 0.05590191  0.11021388  1.0732832 ]
 [ 0.08503284  0.2889181   0.90985906]
 [ 0.18020085  0.30838603  0.80132353]
 [-0.02416163 -0.15686017  1.0891981 ]
 [-0.16573527 -0.29995084  0.9146015 ]
 [-0.17974213 -0.41180003  0.79117274]]
[[ 0.          0.          0.581495  ]
 [-0.02643392 -0.11114749  0.56474984]
 [ 0.05142291 -0.02888036  0.29047474]
 [-0.19845289  0.04902095  0.10183966]
 [-0.11216922  0.10553345  0.        ]
 [ 0.02627954  0.11087712  0.5981087 ]
 [ 0.29422736  0.08868133  0.3890663 ]
 [ 0.09350228 -0.01363617  0.09722078]
 [ 0.22818175 -0.02799416  0.01470494]
 [ 0.01733606 -0.00684959  0.80361956]
 [ 0.04022221 -0.01882476  1.0686159 ]
 [ 0.16129953 -0.05578244  1.1477914 ]
 [ 0.07701845 -0.02705747  1.2008588 ]
 [ 0.02675458  0.12513542  1.0213923 ]
 [-0.07623789  0.3060132   0.9019853 ]
 [-0.0638022   0.35556072  0.7075347 ]
 [ 0.01472667 -0.16112322  1.0247766 ]
 [-0.04484148 -0.32434154  0.8186867 ]
 [ 0.04113065 -0.2875261   0.7933816 ]]
[[ 0.00000000e+00  0.00000000e+00  6.12573802e-01]
 [-2.03825627e-02 -1.08722821e-01  5.99364460e-01]
 [-4.54017147e-02 -2.19668746e-02  3.01219046e-01]
 [-3.77952665e-01  3.69012058e-02  1.68500483e-01]
 [-3.50998521e-01  1.21772826e-01  4.93424535e-02]
 [ 2.02458259e-02  1.08476542e-01  6.25639439e-01]
 [ 2.85306990e-01  1.14058182e-01  3.95388722e-01]
 [ 2.80086935e-01 -9.09149647e-03  3.96441817e-02]
 [ 4.46865082e-01 -4.16216254e-02  0.00000000e+00]
 [-2.45350506e-03 -1.01906061e-03  8.36937308e-01]
 [ 6.10588770e-03  3.89221311e-03  1.10301471e+00]
 [ 1.18981704e-01 -2.27202177e-02  1.18616915e+00]
 [ 4.07646149e-02 -3.91507149e-03  1.24067688e+00]
 [-2.29280144e-02  1.46995753e-01  1.05368745e+00]
 [-1.48259819e-01  3.40374380e-01  9.40001249e-01]
 [-8.05234909e-02  4.25112188e-01  7.56468058e-01]
 [ 5.50902262e-03 -1.35378867e-01  1.06356621e+00]
 [-2.23518535e-02 -3.14826995e-01  8.57358277e-01]
 [ 8.52699876e-02 -2.01276690e-01  8.66468310e-01]]
[[ 0.          0.          0.62420666]
 [-0.01570843 -0.10421783  0.6141627 ]
 [-0.06884548 -0.06581429  0.30261743]
 [-0.42768252 -0.02379006  0.22033161]
 [-0.4631495   0.07025802  0.10410577]
 [ 0.01558013  0.10395934  0.6341047 ]
 [ 0.25513557  0.10515088  0.38317412]
 [ 0.2860958  -0.01232928  0.03211325]
 [ 0.44805178 -0.03326499  0.        ]
 [-0.01513956  0.002992    0.84781253]
 [-0.0224351   0.01257101  1.112394  ]
 [ 0.08719369 -0.0080294   1.2011206 ]
 [ 0.00728149  0.00670451  1.2517374 ]
 [-0.05319157  0.1542092   1.0556948 ]
 [-0.15310016  0.34455627  0.91603214]
 [-0.03250623  0.45916075  0.76171553]
 [-0.01030902 -0.12849736  1.0825791 ]
 [-0.03129327 -0.3034976   0.8775875 ]
 [ 0.05280662 -0.22288105  0.8703191 ]]
[[ 0.          0.          0.651724  ]
 [-0.01086299 -0.10547493  0.64416546]
 [-0.04663028 -0.11161724  0.30197388]
 [-0.4543285  -0.0935536   0.2616571 ]
 [-0.5085108  -0.01863626  0.16266817]
 [ 0.01073532  0.10521395  0.6591377 ]
 [ 0.24999231  0.11867967  0.40950763]
 [ 0.26376852  0.00787085  0.04319727]
 [ 0.43921617 -0.01141554  0.        ]
 [-0.01860911  0.00758663  0.8746166 ]
 [-0.03079558  0.01748514  1.1395764 ]
 [ 0.07312459 -0.00685537  1.2359258 ]
 [-0.00649345  0.00655055  1.2825336 ]
 [-0.06000252  0.15789661  1.0753945 ]
 [-0.1345123   0.3361049   0.91823965]
 [ 0.00753744  0.4303823   0.78337663]
 [-0.01939289 -0.12324548  1.1102684 ]
 [-0.05345839 -0.3044961   0.91525155]
 [ 0.0609062  -0.22266896  0.8672159 ]]
[[ 0.00000000e+00  0.00000000e+00  6.58676267e-01]
 [-1.39274448e-03 -1.10673383e-01  6.50461495e-01]
 [ 1.86963156e-02 -1.06396824e-01  3.19008946e-01]
 [-3.95690978e-01 -1.04553938e-01  2.87524521e-01]
 [-4.46661711e-01 -2.48449147e-02  1.92095041e-01]
 [ 1.23561174e-03  1.10400401e-01  6.66741312e-01]
 [ 2.12714165e-01  9.80337262e-02  4.02722508e-01]
 [ 1.70904428e-01 -3.18464637e-02  3.27038169e-02]
 [ 3.33893836e-01 -4.41403985e-02  0.00000000e+00]
 [-1.96852461e-02  3.78324091e-03  8.80438626e-01]
 [-3.26661617e-02  1.14562213e-02  1.14520061e+00]
 [ 7.21155033e-02 -7.57104158e-03  1.23873174e+00]
 [-6.48296624e-03  3.62598896e-03  1.28927100e+00]
 [-5.98365664e-02  1.53591335e-01  1.07689619e+00]
 [-1.04375213e-01  3.24031293e-01  9.13579285e-01]
 [ 5.07130101e-02  4.02427256e-01  8.08481872e-01]
 [-1.84452832e-02 -1.32847726e-01  1.10941219e+00]
 [-5.56860119e-02 -2.97751248e-01  9.02785778e-01]
 [ 5.94668686e-02 -2.52479643e-01  8.48782301e-01]]
[[ 0.          0.          0.631122  ]
 [-0.00354264 -0.12156934  0.6323684 ]
 [ 0.25436822 -0.10756032  0.3762015 ]
 [-0.01774171 -0.19287366  0.13633293]
 [ 0.17642623 -0.22567087  0.04046535]
 [ 0.00336949  0.12132505  0.62980753]
 [ 0.00349794  0.08275408  0.26107794]
 [-0.27441505 -0.01867065  0.11800253]
 [-0.1677692  -0.01758522  0.        ]
 [-0.00572025  0.02055457  0.8570894 ]
 [-0.00766297  0.02871287  1.1216816 ]
 [ 0.08177474 -0.00706267  1.2127337 ]
 [ 0.00923588  0.0193814   1.2670971 ]
 [ 0.02113316  0.16559201  1.0456486 ]
 [ 0.16845752  0.27870873  0.8613666 ]
 [ 0.26675376  0.22009091  0.8812165 ]
 [-0.05204366 -0.11309019  1.095979  ]
 [-0.16523732 -0.28333375  0.922449  ]
 [-0.04263616 -0.23558813  0.8678371 ]]
[[ 0.          0.          0.63272274]
 [ 0.00353036 -0.11893849  0.6380342 ]
 [ 0.30646008 -0.11912164  0.42113432]
 [ 0.05919069 -0.15141413  0.12887657]
 [ 0.11679111 -0.10939705  0.06721729]
 [-0.00369239  0.11870653  0.62735164]
 [-0.01087671  0.10760158  0.24749672]
 [-0.24008426 -0.02627558  0.0983361 ]
 [-0.10911466 -0.04108787  0.        ]
 [-0.00834186  0.02161284  0.8584237 ]
 [-0.01096532  0.0332962   1.1206605 ]
 [ 0.08279953 -0.00746226  1.2170138 ]
 [ 0.01070189  0.02871227  1.2685182 ]
 [ 0.01847596  0.16938543  1.049304  ]
 [ 0.15938133  0.24017736  0.84400964]
 [ 0.2787954   0.16259807  0.89243543]
 [-0.05622481 -0.10823578  1.0983964 ]
 [-0.15986864 -0.29078725  0.9271375 ]
 [-0.04069424 -0.3429023   0.93775487]]
[[ 0.00000000e+00  0.00000000e+00  6.86986744e-01]
 [-3.36604193e-03 -1.14716977e-01  6.87405109e-01]
 [ 2.83587575e-01 -1.41182780e-01  4.96741980e-01]
 [ 2.18364596e-01 -2.15257466e-01  1.41170919e-01]
 [ 4.00828481e-01 -2.25396931e-01  9.62406993e-02]
 [ 3.25049460e-03  1.14531375e-01  6.86541080e-01]
 [-8.95358324e-02  1.05749190e-01  3.31003249e-01]
 [-3.90363753e-01  1.09606326e-01  1.24412417e-01]
 [-3.10932964e-01  1.12063050e-01  0.00000000e+00]
 [-3.74322012e-03  2.63483971e-02  9.10006642e-01]
 [ 4.05862927e-04  4.04288769e-02  1.17371500e+00]
 [ 9.04579759e-02 -1.06062293e-02  1.26444769e+00]
 [ 1.95802860e-02  3.38441730e-02  1.31783986e+00]
 [ 4.71751690e-02  1.64893866e-01  1.09888899e+00]
 [ 2.06914172e-01  2.45067298e-01  9.02484894e-01]
 [ 2.95706958e-01  1.72376499e-01  9.59660292e-01]
 [-7.23786950e-02 -8.92546773e-02  1.15542924e+00]
 [-2.79373795e-01 -2.44343370e-01  1.05406272e+00]
 [-1.75159842e-01 -3.22764009e-01  9.81701314e-01]]
[[ 0.          0.          0.6006337 ]
 [-0.00155324 -0.1129552   0.603307  ]
 [ 0.2968722  -0.10368767  0.3904615 ]
 [ 0.26729625 -0.15497094  0.0463351 ]
 [ 0.45380753 -0.15249527  0.00259894]
 [ 0.00145429  0.1127637   0.5979339 ]
 [-0.06518738  0.05954719  0.21616107]
 [-0.4104724   0.00535071  0.11273161]
 [-0.35001957  0.01294279  0.        ]
 [-0.01292621  0.00916637  0.8274067 ]
 [-0.01391546  0.01862124  1.089154  ]
 [ 0.08108137 -0.02974463  1.1777296 ]
 [ 0.00929628  0.00401014  1.2321479 ]
 [ 0.02095881  0.14421445  1.0114957 ]
 [ 0.15308176  0.23087153  0.7979676 ]
 [ 0.28513128  0.16086158  0.81207067]
 [-0.06935357 -0.11291194  1.0823792 ]
 [-0.25575033 -0.2692801   1.0195632 ]
 [-0.31616348 -0.32821918  0.9353248 ]]
[[ 0.00000000e+00  0.00000000e+00  6.26042604e-01]
 [-1.98394321e-02 -1.09369420e-01  6.22794986e-01]
 [ 2.19672740e-01 -4.28913832e-02  4.04019117e-01]
 [ 2.55868614e-01 -8.52236748e-02  2.95796990e-02]
 [ 3.58510494e-01 -8.97144675e-02  0.00000000e+00]
 [ 1.97707303e-02  1.09158896e-01  6.29209757e-01]
 [-5.29934689e-02  1.16458312e-01  2.78715491e-01]
 [-3.16249073e-01  9.51507688e-02  2.42738485e-01]
 [ 1.01427704e-01 -3.72694135e-02  3.75969410e-02]
 [-6.60507940e-04  6.73745573e-03  8.48804474e-01]
 [-6.45370036e-03  7.63583183e-03  1.11040413e+00]
 [ 5.45379147e-02 -3.62156034e-02  1.19916749e+00]
 [-1.70324370e-03 -1.43438578e-02  1.25405574e+00]
 [ 1.35258064e-02  1.21736050e-01  1.03431559e+00]
 [ 9.75384638e-02  1.88574016e-01  8.07265162e-01]
 [ 2.24629641e-01  2.35606402e-01  7.45047033e-01]
 [-5.81672825e-02 -1.14022493e-01  1.09925938e+00]
 [-2.23966822e-01 -2.78740346e-01  1.01078188e+00]
 [-2.78296858e-01 -3.57411981e-01  9.55541253e-01]]
[[ 0.0000000e+00  0.0000000e+00  7.2788793e-01]
 [ 1.2676708e-02 -1.1039035e-01  7.3658168e-01]
 [ 2.4087238e-01 -9.3535066e-02  4.8696455e-01]
 [ 1.5682793e-01 -8.0691755e-02  6.8199813e-02]
 [ 3.4052950e-01 -2.9452801e-02  0.0000000e+00]
 [-1.2782931e-02  1.1017305e-01  7.1915871e-01]
 [ 7.8623354e-02  6.4176053e-02  3.6985555e-01]
 [-3.4059680e-01 -5.2034616e-02  4.5380074e-01]
 [-4.2843500e-01 -2.7981043e-02  3.7762517e-01]
 [-1.9996453e-02  6.2475204e-03  9.4800901e-01]
 [-2.8217301e-02  1.2483895e-03  1.2134587e+00]
 [ 7.0889696e-02 -3.4543991e-02  1.3022867e+00]
 [-7.0824679e-03 -3.1828642e-02  1.3518624e+00]
 [-4.2083830e-02  1.4382243e-01  1.1389529e+00]
 [ 1.7582402e-03  2.4076697e-01  9.0439093e-01]
 [ 1.2938875e-01  2.8433362e-01  7.6959229e-01]
 [-5.4876458e-02 -1.2710944e-01  1.1860172e+00]
 [-2.3636533e-01 -2.8375617e-01  1.1243579e+00]
 [-2.1609616e-01 -3.7749749e-01  1.0812200e+00]]
[[ 0.          0.          0.77675605]
 [ 0.00785012 -0.10837714  0.78548443]
 [ 0.16339248 -0.07739705  0.4941075 ]
 [ 0.0380227  -0.02399075  0.09772688]
 [ 0.20554349  0.02309787  0.        ]
 [-0.0079889   0.10814103  0.767958  ]
 [ 0.20260832  0.05036324  0.47198865]
 [-0.25963426 -0.04283459  0.5229926 ]
 [-0.28262654 -0.0426375   0.41157532]
 [-0.01882501  0.01390781  0.99771345]
 [-0.02127574  0.01472259  1.2630866 ]
 [ 0.0868261  -0.0161072   1.3486973 ]
 [ 0.01273542 -0.01908016  1.4005501 ]
 [-0.0532046   0.15336516  1.1919439 ]
 [-0.04625791  0.2781477   0.97282517]
 [ 0.04854499  0.38135388  0.7941463 ]
 [-0.03437911 -0.11352137  1.2277994 ]
 [-0.13927546 -0.2912431   1.0970187 ]
 [-0.11814118 -0.3312566   0.9955726 ]]
[[ 0.00000000e+00  0.00000000e+00  7.50773668e-01]
 [ 3.66818160e-04 -1.06470481e-01  7.49391437e-01]
 [ 9.35090482e-02 -1.13751650e-01  4.34273213e-01]
 [-8.62245411e-02 -4.09188271e-02  1.24696791e-01]
 [ 5.13193384e-02  1.54691339e-02  0.00000000e+00]
 [-5.01565635e-04  1.06194094e-01  7.52052009e-01]
 [ 2.39886031e-01  1.60907209e-03  5.10629892e-01]
 [-1.50507227e-01 -1.33319676e-01  3.96022439e-01]
 [-1.29940867e-01 -1.34134173e-01  2.65490472e-01]
 [-2.87122130e-02  1.88158453e-02  9.73316789e-01]
 [-3.88653055e-02  2.33286321e-02  1.23896146e+00]
 [ 6.18870780e-02  1.67399645e-03  1.32595289e+00]
 [-1.11404192e-02 -5.96910715e-03  1.37749839e+00]
 [-7.53133446e-02  1.61740363e-01  1.17347705e+00]
 [-8.84699225e-02  2.98555136e-01  9.59986210e-01]
 [ 9.87783074e-04  4.24162596e-01  7.71695614e-01]
 [-4.41870540e-02 -1.08651459e-01  1.21652901e+00]
 [-1.04789466e-01 -3.52315664e-01  1.21706033e+00]
 [-4.57957312e-02 -4.15473074e-01  1.22248793e+00]]
[[ 0.00000000e+00  0.00000000e+00  6.27237141e-01]
 [-1.02781132e-03 -1.16442338e-01  6.20040774e-01]
 [ 4.27382588e-02 -9.47246253e-02  2.59973824e-01]
 [-2.26434261e-01 -2.95438766e-02  1.48351967e-01]
 [-1.90937757e-01  5.58421016e-02  6.32154942e-03]
 [ 8.71155411e-04  1.16129778e-01  6.34294331e-01]
 [ 2.88111269e-01  2.74747759e-02  4.31682885e-01]
 [ 9.01107639e-02 -1.46687329e-01  8.74420404e-02]
 [ 2.36046016e-01 -1.78083837e-01  0.00000000e+00]
 [-2.11191364e-02  1.12963766e-02  8.52207720e-01]
 [-3.01369652e-02  1.87822580e-02  1.11745477e+00]
 [ 6.99715093e-02  4.85640764e-03  1.21037126e+00]
 [ 2.05344241e-03 -5.81175089e-03  1.25980020e+00]
 [-7.24952966e-02  1.56351000e-01  1.05630314e+00]
 [-1.20886967e-01  2.93316424e-01  8.63117456e-01]
 [-4.66136336e-02  4.25599456e-01  6.89420700e-01]
 [-1.06656328e-02 -1.22599185e-01  1.08795047e+00]
 [-2.75843814e-02 -3.39009106e-01  9.74191487e-01]
 [ 1.04658917e-01 -2.77625680e-01  9.65139508e-01]]
[[ 0.          0.          0.6727498 ]
 [ 0.0096538  -0.11233022  0.6641984 ]
 [ 0.04342398 -0.16541296  0.2943899 ]
 [-0.27451238 -0.11679789  0.32662076]
 [-0.3255934  -0.0399175   0.2123726 ]
 [-0.00981856  0.11205588  0.6811728 ]
 [ 0.21732712  0.04567693  0.41582844]
 [ 0.21337855 -0.12600875  0.03203028]
 [ 0.37119973 -0.15705991  0.        ]
 [-0.01807959  0.00518432  0.89664334]
 [-0.03342882  0.0087744   1.1611598 ]
 [ 0.05795068  0.00243807  1.2602124 ]
 [-0.00508287 -0.01127201  1.3098735 ]
 [-0.07614529  0.14171669  1.1022284 ]
 [-0.125396    0.28837937  0.91366947]
 [-0.00284997  0.42531478  0.79981923]
 [-0.00408206 -0.13073584  1.124603  ]
 [-0.0189947  -0.3162787   0.9418912 ]
 [ 0.12197164 -0.24453029  0.88980234]]
[[ 0.          0.          0.70435685]
 [ 0.01541022 -0.10974615  0.69761205]
 [ 0.08541781 -0.18055761  0.35888603]
 [-0.2634307  -0.18723561  0.436359  ]
 [-0.3512934  -0.10702634  0.35956118]
 [-0.01554386  0.10948011  0.7109868 ]
 [ 0.17438811  0.06299236  0.41988873]
 [ 0.17656294 -0.11517841  0.03159976]
 [ 0.33145833 -0.14464521  0.        ]
 [-0.02107147  0.00841378  0.9281601 ]
 [-0.03858627  0.01051071  1.191488  ]
 [ 0.05021992  0.00631309  1.2890604 ]
 [-0.01344388 -0.01088721  1.3357828 ]
 [-0.08286467  0.1436297   1.1389691 ]
 [-0.11960632  0.29282436  0.9575609 ]
 [ 0.03489856  0.4553873   0.8816058 ]
 [-0.00869133 -0.1313293   1.1526662 ]
 [-0.05520178 -0.31724298  0.9687259 ]
 [ 0.07853033 -0.31123564  0.88260394]]
[[ 0.          0.          0.7437002 ]
 [ 0.01881514 -0.11618267  0.735264  ]
 [ 0.17340045 -0.16063353  0.46005708]
 [-0.22766961 -0.1899609   0.541571  ]
 [-0.31819734 -0.11188123  0.47982985]
 [-0.0189445   0.1159093   0.7520189 ]
 [ 0.15552215  0.11217408  0.4593234 ]
 [ 0.12333082 -0.02334487  0.04323304]
 [ 0.29853243 -0.03594106  0.        ]
 [-0.02631032  0.01236568  0.9681015 ]
 [-0.04475322  0.0176056   1.2304809 ]
 [ 0.04501548  0.0068152   1.3174986 ]
 [-0.01625386 -0.00579178  1.3629346 ]
 [-0.07781488  0.15463579  1.1814308 ]
 [-0.09951966  0.3186391   1.0026784 ]
 [ 0.06595542  0.4737798   1.0014466 ]
 [-0.02329237 -0.12603581  1.1919825 ]
 [-0.06174739 -0.294097    1.0038694 ]
 [ 0.09791455 -0.15783533  0.926633  ]]
[[ 0.0000000e+00  0.0000000e+00  7.4697387e-01]
 [ 1.6941845e-02 -1.1857299e-01  7.3834914e-01]
 [ 2.3287192e-01 -1.6730288e-01  5.0562871e-01]
 [-1.8789186e-01 -1.9877657e-01  5.8006650e-01]
 [-2.4803340e-01 -1.3994509e-01  5.1363659e-01]
 [-1.7063163e-02  1.1831910e-01  7.5548869e-01]
 [ 1.0891040e-01  7.0455074e-02  4.5008206e-01]
 [-2.9735517e-02 -4.5762241e-02  5.9891343e-02]
 [ 1.1941330e-01 -3.5557389e-02  0.0000000e+00]
 [-3.6121193e-02  9.8477304e-03  9.7053242e-01]
 [-6.1129764e-02  1.5855819e-02  1.2326893e+00]
 [ 3.1623337e-02 -1.0417700e-03  1.3175685e+00]
 [-2.9432692e-02 -8.8829994e-03  1.3604870e+00]
 [-8.0311477e-02  1.5804988e-01  1.1870146e+00]
 [-7.9074442e-02  3.6459658e-01  1.0551324e+00]
 [ 8.5621640e-02  5.1158363e-01  1.1053004e+00]
 [-4.7864269e-02 -1.2960485e-01  1.1990756e+00]
 [-1.1462589e-01 -3.0391330e-01  1.0400758e+00]
 [ 1.0818511e-02 -2.0698397e-01  9.6840739e-01]]
[[ 0.          0.          0.6986736 ]
 [ 0.01090538 -0.12021881  0.6967641 ]
 [ 0.2999127  -0.2025753   0.54614633]
 [-0.08971455 -0.24803069  0.500529  ]
 [-0.1020941  -0.20068908  0.3897623 ]
 [-0.01103069  0.11997595  0.70050085]
 [ 0.08407006  0.09316316  0.35074404]
 [-0.19561741  0.0436964   0.10864592]
 [-0.1205373   0.06959814  0.        ]
 [-0.04392953  0.02130495  0.92193156]
 [-0.07666776  0.02349547  1.1836609 ]
 [ 0.02505183 -0.00214767  1.261239  ]
 [-0.03928406  0.0019148   1.3152083 ]
 [-0.08760379  0.17159432  1.1395202 ]
 [-0.04104263  0.4049973   1.0628806 ]
 [ 0.11128795  0.5043092   1.165616  ]
 [-0.08720268 -0.11476809  1.1507627 ]
 [-0.20222923 -0.28836173  1.0484974 ]
 [-0.1388449  -0.29065555  1.108989  ]]
[[ 0.          0.          0.53542227]
 [ 0.00807406 -0.12281831  0.54219794]
 [ 0.29104382 -0.264844    0.4500679 ]
 [ 0.1595476  -0.31888318  0.11884111]
 [ 0.2943652  -0.29646185  0.07061857]
 [-0.0081691   0.12264504  0.52861106]
 [ 0.08707877  0.11749062  0.13523847]
 [-0.29739025  0.02251253  0.1250208 ]
 [-0.34224555  0.04864326  0.        ]
 [-0.04469936  0.00962071  0.759508  ]
 [-0.06732438  0.001578    1.0209447 ]
 [ 0.04245237 -0.03938413  1.081203  ]
 [-0.02798015 -0.01701403  1.1420207 ]
 [-0.06877658  0.15725571  0.98392093]
 [ 0.0472488   0.39828146  1.0097034 ]
 [ 0.19703346  0.48923665  1.1038606 ]
 [-0.10849386 -0.12323946  1.0045644 ]
 [-0.254415   -0.32608756  1.0789413 ]
 [-0.18179674 -0.36602342  1.1902404 ]]
[[ 0.          0.          0.46053898]
 [ 0.01150558 -0.12099118  0.46907166]
 [ 0.29581442 -0.250095    0.37270874]
 [ 0.35649747 -0.27457774  0.0134362 ]
 [ 0.5247222  -0.23160338  0.03230572]
 [-0.01158851  0.12083749  0.45196956]
 [ 0.12499613  0.1354016   0.07058024]
 [-0.25683242 -0.01068145  0.0993242 ]
 [-0.32378614  0.02770892  0.        ]
 [-0.03248078  0.0015187   0.68682086]
 [-0.03993252 -0.01307938  0.94541776]
 [ 0.07182707 -0.04940939  0.98999256]
 [ 0.01295667 -0.02985638  1.0560901 ]
 [-0.05413839  0.14070427  0.9078741 ]
 [ 0.07071351  0.37327307  0.9204006 ]
 [ 0.22272858  0.4547497   1.0124187 ]
 [-0.06394102 -0.14232907  0.9389391 ]
 [-0.15549602 -0.33904552  1.0709778 ]
 [-0.04533986 -0.3718425   1.1884246 ]]
[[ 0.          0.          0.4452921 ]
 [ 0.01515513 -0.11958079  0.45127082]
 [ 0.3215687  -0.22820371  0.35737634]
 [ 0.47176075 -0.23652464  0.01428095]
 [ 0.63184774 -0.20019338  0.0581556 ]
 [-0.01522937  0.11945712  0.43926767]
 [ 0.17873335  0.15595697  0.09532383]
 [-0.18737057  0.03103796  0.10047403]
 [-0.21202266  0.06804988  0.        ]
 [-0.02363735  0.00135359  0.6732562 ]
 [-0.015307   -0.01124647  0.9303943 ]
 [ 0.11076742 -0.05415466  0.95915616]
 [ 0.06069422 -0.02639252  1.0288881 ]
 [-0.03110813  0.1395956   0.8948077 ]
 [ 0.07649112  0.38732085  0.8634281 ]
 [ 0.20077957  0.49834487  0.9360715 ]
 [-0.04553045 -0.14116013  0.92366314]
 [-0.08775209 -0.37345764  1.0479075 ]
 [ 0.0341469  -0.4308766   1.1373583 ]]
[[ 0.          0.          0.4756991 ]
 [ 0.01468464 -0.11789287  0.4796652 ]
 [ 0.34296572 -0.21317102  0.40441045]
 [ 0.5804199  -0.18526652  0.09974146]
 [ 0.7496697  -0.1574229   0.15991557]
 [-0.01477608  0.11777669  0.47168282]
 [ 0.22932643  0.15456058  0.20325649]
 [-0.11312322  0.04013094  0.11832145]
 [-0.09266461  0.09007329  0.        ]
 [-0.01014679 -0.0089495   0.699982  ]
 [ 0.00895205 -0.02650133  0.9530711 ]
 [ 0.13381836 -0.05910063  0.96523285]
 [ 0.0862149  -0.03536415  1.0362923 ]
 [-0.01047935  0.12086886  0.9237368 ]
 [ 0.09073719  0.35682836  0.8983228 ]
 [ 0.21225204  0.3874016   0.96945167]
 [-0.01125617 -0.15699857  0.94104207]
 [-0.02487065 -0.3847731   1.013783  ]
 [ 0.13469672 -0.3833254   1.0816113 ]]
[[ 0.          0.          0.49525768]
 [ 0.01602044 -0.11652131  0.49081033]
 [ 0.38373494 -0.18439934  0.40231654]
 [ 0.73113304 -0.10054055  0.16357356]
 [ 0.88722324 -0.08460025  0.27431646]
 [-0.0161006   0.11644824  0.49964902]
 [ 0.27887076  0.12613028  0.33087045]
 [ 0.09809551  0.09260762  0.06977123]
 [ 0.20619497  0.12937441  0.        ]
 [ 0.0239308  -0.01391587  0.7137133 ]
 [ 0.07603417 -0.01463017  0.95368415]
 [ 0.22413817 -0.03970936  0.9448036 ]
 [ 0.17658103 -0.01683074  1.0111873 ]
 [ 0.04704466  0.12224716  0.9388956 ]
 [ 0.13317384  0.34780306  0.8671614 ]
 [ 0.21318291  0.44732612  0.8976445 ]
 [ 0.07669787 -0.14588758  0.92132354]
 [ 0.14744347 -0.3560119   0.8571242 ]
 [ 0.3327642  -0.32427973  0.86897886]]
[[ 0.          0.          0.3959772 ]
 [ 0.01394292 -0.11640109  0.3854997 ]
 [ 0.40065318 -0.10753357  0.29340723]
 [ 0.78585863  0.04702932  0.09832412]
 [ 0.92539     0.04163778  0.23019284]
 [-0.01399301  0.11641791  0.4064215 ]
 [ 0.28208166  0.14940853  0.2833688 ]
 [ 0.31871277  0.18070802  0.        ]
 [ 0.45353368  0.18680829  0.01226419]
 [ 0.03817534 -0.03374453  0.6030283 ]
 [ 0.10604686 -0.04703569  0.8206054 ]
 [ 0.25918728 -0.06581867  0.7873039 ]
 [ 0.21907374 -0.03517801  0.85728437]
 [ 0.06984477  0.08943298  0.8057273 ]
 [ 0.13991827  0.2882192   0.68191874]
 [ 0.105882    0.28533298  0.68391395]
 [ 0.11282453 -0.178207    0.8039079 ]
 [ 0.2823081  -0.3390498   0.7480368 ]
 [ 0.4786939  -0.25660765  0.7253557 ]]
[[ 0.          0.          0.38754082]
 [ 0.02208029 -0.11443001  0.37803727]
 [ 0.4014093  -0.08183403  0.27409357]
 [ 0.7781429   0.07870409  0.06512728]
 [ 0.9139012   0.07771236  0.21416621]
 [-0.02210595  0.11445054  0.39701343]
 [ 0.29054484  0.1636059   0.27619046]
 [ 0.40680617  0.20026995  0.        ]
 [ 0.5382092   0.20363662  0.04758459]
 [ 0.05888196 -0.03388305  0.5859786 ]
 [ 0.1428571  -0.0517028   0.79266274]
 [ 0.2924617  -0.06286788  0.7527314 ]
 [ 0.2616615  -0.03529343  0.82180333]
 [ 0.08311387  0.08199835  0.79691434]
 [ 0.057248    0.3077938   0.69129336]
 [ 0.05015201  0.37588483  0.596274  ]
 [ 0.15814465 -0.18145892  0.749792  ]
 [ 0.2526159  -0.3231164   0.60152286]
 [ 0.44039136 -0.21945246  0.5581218 ]]
[[ 0.          0.          0.3720378 ]
 [ 0.02226473 -0.11275225  0.36164898]
 [ 0.3874901  -0.0700192   0.26862255]
 [ 0.7271625   0.12686628  0.03948292]
 [ 0.8632835   0.11052644  0.17676264]
 [-0.02228533  0.11278801  0.38239267]
 [ 0.30569023  0.18653241  0.28008527]
 [ 0.49868476  0.26983076  0.        ]
 [ 0.63989997  0.26301122  0.08737388]
 [ 0.05600339 -0.05527227  0.5574776 ]
 [ 0.14338112 -0.08387643  0.75083065]
 [ 0.28426623 -0.10196772  0.701271  ]
 [ 0.2592793  -0.07156897  0.76336753]
 [ 0.07647312  0.05060741  0.7698852 ]
 [ 0.00389139  0.26212585  0.6929511 ]
 [-0.08411998  0.31542003  0.6166394 ]
 [ 0.16251019 -0.21183068  0.70534366]
 [ 0.26609853 -0.33812672  0.532914  ]
 [ 0.43632767 -0.22597057  0.45154405]]
[[ 0.          0.          0.36108539]
 [ 0.02108853 -0.11470375  0.3488445 ]
 [ 0.39582205 -0.10332872  0.29241765]
 [ 0.6921054   0.12747361  0.05662346]
 [ 0.8117168   0.12025544  0.1707327 ]
 [-0.02112055  0.11473073  0.37328166]
 [ 0.31885827  0.17667183  0.3187976 ]
 [ 0.50631857  0.24641621  0.        ]
 [ 0.64676565  0.24166933  0.08442923]
 [ 0.05282803 -0.05373955  0.5403093 ]
 [ 0.13611168 -0.09613487  0.7308067 ]
 [ 0.27134204 -0.11384431  0.6834638 ]
 [ 0.24743971 -0.0842675   0.7393817 ]
 [ 0.06479411  0.04151252  0.7653445 ]
 [-0.02068973  0.26838225  0.7233553 ]
 [-0.10087076  0.3684602   0.63099325]
 [ 0.156001   -0.21459442  0.6695945 ]
 [ 0.25551933 -0.32841104  0.49718863]
 [ 0.43776044 -0.19249393  0.4073823 ]]
[[ 0.          0.          0.30356693]
 [ 0.02753797 -0.11423842  0.2915185 ]
 [ 0.39804876 -0.11142737  0.27489245]
 [ 0.633885    0.08298385  0.01581937]
 [ 0.77155036  0.08956468  0.08811511]
 [-0.02756783  0.11427796  0.31557313]
 [ 0.33706808  0.21631368  0.29621938]
 [ 0.54987514  0.35670653  0.        ]
 [ 0.702971    0.36242998  0.06536025]
 [ 0.04364233 -0.04481678  0.48076662]
 [ 0.12215732 -0.0648621   0.6734613 ]
 [ 0.26669884 -0.08373691  0.6289574 ]
 [ 0.22943166 -0.04815078  0.68708205]
 [ 0.0411583   0.0732618   0.7009415 ]
 [-0.06315769  0.2747084   0.6688974 ]
 [-0.12416551  0.3798291   0.57079303]
 [ 0.14996764 -0.18993604  0.62043524]
 [ 0.25046468 -0.29459742  0.4312714 ]
 [ 0.43079454 -0.1311779   0.37471274]]
[[ 0.          0.          0.23222598]
 [ 0.03963607 -0.10704867  0.2225289 ]
 [ 0.4223636  -0.09035979  0.3236565 ]
 [ 0.5774596   0.12551054  0.04043211]
 [ 0.6895802   0.16632092  0.09371045]
 [-0.03968717  0.10707065  0.24188598]
 [ 0.3439527   0.23305984  0.2874508 ]
 [ 0.47579843  0.43532252  0.        ]
 [ 0.5876213   0.46143255  0.04496554]
 [ 0.00232878 -0.03923543  0.40330178]
 [ 0.03341063 -0.0653227   0.60035956]
 [ 0.18057066 -0.07964003  0.57522094]
 [ 0.13253592 -0.05939499  0.6350157 ]
 [-0.0527568   0.06581756  0.6208848 ]
 [-0.12506938  0.25912952  0.60694236]
 [-0.0995428   0.37775582  0.5230738 ]
 [ 0.08131202 -0.18661512  0.5322933 ]
 [ 0.16186485 -0.3015564   0.3402389 ]
 [ 0.3633149  -0.15611112  0.3282568 ]]
[[ 0.          0.          0.21890554]
 [ 0.05011657 -0.09654158  0.20974667]
 [ 0.4160205  -0.11221217  0.3967377 ]
 [ 0.47553343  0.11569539  0.13510306]
 [ 0.54416     0.18237717  0.15067193]
 [-0.05018041  0.09650272  0.22801009]
 [ 0.33500534  0.24757569  0.33715862]
 [ 0.22419637  0.4133131   0.01760006]
 [ 0.28631002  0.4676047   0.        ]
 [-0.0689626  -0.0348754   0.36447042]
 [-0.11857475 -0.08042559  0.5501617 ]
 [ 0.02758477 -0.11446735  0.5755917 ]
 [-0.04470626 -0.10622531  0.6262919 ]
 [-0.19111449  0.04103547  0.56210303]
 [-0.13055763  0.20132405  0.54086673]
 [ 0.08195215  0.31957793  0.5394858 ]
 [-0.04522163 -0.19073492  0.47670457]
 [ 0.03495426 -0.32952535  0.3039226 ]
 [ 0.21716213 -0.25199774  0.37760603]]
[[ 0.          0.          0.19473696]
 [ 0.04271126 -0.10100638  0.18431062]
 [ 0.43688697 -0.14097804  0.3368165 ]
 [ 0.5421972   0.07138549  0.12784673]
 [ 0.63418925  0.10653057  0.15988451]
 [-0.04276651  0.10100442  0.20510808]
 [ 0.36443907  0.24144414  0.3203404 ]
 [ 0.26405922  0.44193906  0.01532853]
 [ 0.3291753   0.49462104  0.        ]
 [-0.06235485 -0.04434052  0.3327044 ]
 [-0.10342948 -0.10198012  0.5145073 ]
 [ 0.03765064 -0.13235709  0.5315536 ]
 [-0.02325598 -0.1201393   0.58935094]
 [-0.16637865  0.0199112   0.5394105 ]
 [-0.11039326  0.18732569  0.5763451 ]
 [ 0.00908396  0.38965988  0.55990016]
 [-0.05276277 -0.21028987  0.4337076 ]
 [-0.01015386 -0.36992276  0.2762223 ]
 [ 0.24719346 -0.33814585  0.2857752 ]]
[[ 0.          0.          0.18355164]
 [ 0.02524266 -0.10131367  0.15896463]
 [ 0.41295388 -0.14142048  0.29787162]
 [ 0.5568709   0.11095531  0.13609943]
 [ 0.66768193  0.13128518  0.17876002]
 [-0.02532421  0.10128415  0.20810044]
 [ 0.3711422   0.20953394  0.3253202 ]
 [ 0.27345112  0.42022562  0.03010309]
 [ 0.33811432  0.4622833   0.        ]
 [-0.06417416 -0.06946001  0.33290777]
 [-0.11054605 -0.14766864  0.5276184 ]
 [ 0.0305084  -0.19232331  0.5554029 ]
 [-0.04670345 -0.1707671   0.6102063 ]
 [-0.1376386  -0.01481956  0.55275375]
 [-0.00449566  0.14951953  0.50703096]
 [ 0.17591913  0.14986143  0.46104544]
 [-0.08809827 -0.2569385   0.4423741 ]
 [-0.04933316 -0.42178592  0.26587692]
 [ 0.15994516 -0.3142457   0.32594058]]
[[ 0.          0.          0.17540789]
 [ 0.01124068 -0.09435205  0.13410652]
 [ 0.38503593 -0.144757    0.2636642 ]
 [ 0.5430256   0.14289995  0.13588473]
 [ 0.6520269   0.15611492  0.18907487]
 [-0.01132776  0.09434442  0.21669611]
 [ 0.3607328   0.16102009  0.3153905 ]
 [ 0.24743032  0.4336677   0.03873685]
 [ 0.3026703   0.46826333  0.        ]
 [-0.07223833 -0.08762242  0.33236068]
 [-0.13251135 -0.192321    0.53668916]
 [ 0.00733072 -0.24478798  0.5705815 ]
 [-0.07407995 -0.21711564  0.625043  ]
 [-0.12594739 -0.05603805  0.56007063]
 [ 0.05215864  0.11799905  0.5179311 ]
 [ 0.19434223  0.05881879  0.4646199 ]
 [-0.13667968 -0.2906205   0.4463195 ]
 [-0.15534505 -0.41482875  0.23960298]
 [ 0.128205   -0.41140157  0.27891672]]
[[ 0.          0.          0.14907101]
 [ 0.00244617 -0.0895886   0.09589332]
 [ 0.3662     -0.13318813  0.21792363]
 [ 0.51421034  0.22965732  0.10428172]
 [ 0.59079194  0.25188553  0.15284935]
 [-0.00253366  0.08960611  0.2022503 ]
 [ 0.37014073  0.12253529  0.290959  ]
 [ 0.27256733  0.43417457  0.04354385]
 [ 0.32169622  0.45301914  0.        ]
 [-0.0810836  -0.10465699  0.30268037]
 [-0.15259822 -0.22631466  0.50904393]
 [-0.01638339 -0.2831023   0.5437658 ]
 [-0.09980644 -0.25794107  0.5983366 ]
 [-0.11778074 -0.09184837  0.5286404 ]
 [ 0.07282615  0.04982316  0.49397418]
 [ 0.1739424  -0.02229045  0.4297591 ]
 [-0.1746158  -0.32123688  0.41766343]
 [-0.21819733 -0.4037221   0.19872448]
 [-0.01966864 -0.5271864   0.1772607 ]]
[[ 0.          0.          0.15135115]
 [-0.00564862 -0.08432027  0.08816014]
 [ 0.3573181  -0.1359438   0.17315519]
 [ 0.4583482   0.2546141   0.06457561]
 [ 0.5335016   0.25042093  0.12507454]
 [ 0.00556646  0.08430794  0.21454631]
 [ 0.377276    0.07431255  0.28336376]
 [ 0.28927422  0.40392414  0.04413557]
 [ 0.34346563  0.42005962  0.        ]
 [-0.08513307 -0.10470354  0.30515462]
 [-0.15827894 -0.22049484  0.512217  ]
 [-0.02688138 -0.28289175  0.54392946]
 [-0.10548911 -0.2643558   0.6024306 ]
 [-0.10647864 -0.099244    0.53122056]
 [ 0.06330288  0.0101473   0.4822436 ]
 [ 0.1954111  -0.01001015  0.4227423 ]
 [-0.19782709 -0.3010127   0.41766095]
 [-0.29220468 -0.34625125  0.17456996]
 [-0.12237734 -0.5168738   0.14975601]]
[[ 0.          0.          0.12737226]
 [-0.02347305 -0.07991937  0.05697033]
 [ 0.31278187 -0.17323247  0.07136191]
 [ 0.43229386  0.26239303  0.00152087]
 [ 0.50642234  0.23531505  0.06970748]
 [ 0.02339653  0.07987636  0.1977829 ]
 [ 0.4059196   0.01684886  0.26902518]
 [ 0.37321898  0.33237696  0.05143267]
 [ 0.43463832  0.33473206  0.        ]
 [-0.08607022 -0.11487965  0.27958608]
 [-0.16405204 -0.2511035   0.4846918 ]
 [-0.04297263 -0.32134247  0.51859105]
 [-0.11870809 -0.2938773   0.57552344]
 [-0.0894725  -0.14320749  0.50952893]
 [ 0.06852281 -0.10258488  0.44262514]
 [ 0.17310238 -0.24324737  0.33966005]
 [-0.22242239 -0.30878413  0.38678133]
 [-0.30061752 -0.3236384   0.14690682]
 [-0.31702086 -0.48497605  0.05239719]]
[[ 0.          0.          0.16128582]
 [-0.0335035  -0.07733333  0.09119131]
 [ 0.2896145  -0.12355027  0.07122283]
 [ 0.43496335  0.3075286   0.        ]
 [ 0.53845584  0.2576524   0.09650117]
 [ 0.03341756  0.07728006  0.23138823]
 [ 0.39351177 -0.03365412  0.29825166]
 [ 0.43572712  0.20980883  0.0936341 ]
 [ 0.50786704  0.18372843  0.05532521]
 [-0.08256862 -0.11026799  0.3139984 ]
 [-0.16056961 -0.25232404  0.52119184]
 [-0.05831222 -0.3253768   0.5582925 ]
 [-0.12385643 -0.30013505  0.6157472 ]
 [-0.07237166 -0.14784282  0.54455936]
 [ 0.09835541 -0.11546732  0.4770389 ]
 [ 0.18534556 -0.291771    0.36563307]
 [-0.23202921 -0.29762903  0.42377502]
 [-0.34094477 -0.25935376  0.17298728]
 [-0.29365146 -0.44883505  0.08922875]]
[[ 0.          0.          0.19488864]
 [-0.04628542 -0.06955608  0.12191783]
 [ 0.24560735 -0.12426524  0.05911152]
 [ 0.36442578  0.3183048   0.        ]
 [ 0.43266246  0.27253985  0.10273303]
 [ 0.04618687  0.06946731  0.26785877]
 [ 0.37933543 -0.07893732  0.32035583]
 [ 0.44431254  0.11480939  0.12518735]
 [ 0.53311867  0.07334036  0.08387394]
 [-0.08959674 -0.12101021  0.35052076]
 [-0.17829588 -0.26272458  0.5586519 ]
 [-0.08795083 -0.33966762  0.6039272 ]
 [-0.14727563 -0.3022342   0.6529665 ]
 [-0.07387773 -0.17861967  0.58110297]
 [ 0.06854026 -0.22188316  0.5066298 ]
 [ 0.16394332 -0.39418548  0.3913436 ]
 [-0.26486093 -0.29234058  0.4638465 ]
 [-0.38674027 -0.2441378   0.21788768]
 [-0.41801757 -0.40985498  0.09014593]]
[[ 0.          0.          0.22027814]
 [-0.05278279 -0.06262109  0.15084729]
 [ 0.20057747 -0.12638341  0.0489077 ]
 [ 0.26885185  0.34181038  0.        ]
 [ 0.3310787   0.28485286  0.08996877]
 [ 0.05267657  0.06249706  0.28971234]
 [ 0.34518212 -0.14172426  0.34967047]
 [ 0.44263297  0.04334811  0.14692584]
 [ 0.549199   -0.00080737  0.09236822]
 [-0.0926607  -0.10691497  0.38286135]
 [-0.1836226  -0.2346201   0.596897  ]
 [-0.10943346 -0.31623432  0.6445907 ]
 [-0.15498453 -0.2614889   0.693878  ]
 [-0.06875222 -0.1680707   0.61618924]
 [ 0.06067315 -0.24046764  0.5341296 ]
 [ 0.155305   -0.40669933  0.421137  ]
 [-0.27848983 -0.2571312   0.5063045 ]
 [-0.4055841  -0.21688956  0.259323  ]
 [-0.47589624 -0.36431906  0.10133511]]
[[ 0.          0.          0.23221771]
 [-0.06310016 -0.05764793  0.16701481]
 [ 0.1218473  -0.14104228  0.        ]
 [ 0.22535716  0.33298147  0.01379769]
 [ 0.24861583  0.2772888   0.07678746]
 [ 0.06297895  0.05749299  0.2974133 ]
 [ 0.29218066 -0.18445301  0.37181765]
 [ 0.4324624  -0.03261551  0.13905871]
 [ 0.55205923 -0.09498723  0.09052259]
 [-0.09039108 -0.08464227  0.40670615]
 [-0.18109033 -0.1944187   0.63234425]
 [-0.1377899  -0.28297734  0.6850693 ]
 [-0.15875655 -0.21464911  0.73339033]
 [-0.05649891 -0.15084395  0.6452854 ]
 [ 0.05608983 -0.25540185  0.55504644]
 [ 0.14947021 -0.46613532  0.44230825]
 [-0.2856994  -0.20909695  0.54609776]
 [-0.4215654  -0.16738856  0.30647933]
 [-0.5161037  -0.27658236  0.11639847]]
[[ 0.          0.          0.25431445]
 [-0.07419042 -0.05018944  0.19695066]
 [ 0.05274077 -0.14878061  0.        ]
 [ 0.18715473  0.32590985  0.00641716]
 [ 0.25552914  0.26144344  0.01447421]
 [ 0.0740543   0.05000499  0.31168944]
 [ 0.2404584  -0.23626986  0.40500405]
 [ 0.39539236 -0.16641447  0.13100405]
 [ 0.5196296  -0.25250223  0.10692862]
 [-0.09266283 -0.07800893  0.42851004]
 [-0.1894939  -0.18631694  0.6561394 ]
 [-0.17402107 -0.277744    0.70637345]
 [-0.17421003 -0.20096892  0.7570673 ]
 [-0.06014511 -0.1586951   0.6631893 ]
 [ 0.06411877 -0.28564402  0.5720739 ]
 [ 0.13996166 -0.48965132  0.45835653]
 [-0.2960099  -0.18210465  0.57041526]
 [-0.43665957 -0.11151695  0.33255535]
 [-0.53723794 -0.21373594  0.14462483]]
[[ 0.          0.          0.28698748]
 [-0.07980697 -0.04241826  0.23447889]
 [ 0.0100925  -0.12611988  0.        ]
 [ 0.15958051  0.372598    0.03559974]
 [ 0.2061867   0.30102414  0.05599177]
 [ 0.07966683  0.04224463  0.33951324]
 [ 0.19970623 -0.25748384  0.42338842]
 [ 0.36891997 -0.20457289  0.12821367]
 [ 0.47878963 -0.30075538  0.10271794]
 [-0.09484261 -0.07083386  0.4664356 ]
 [-0.19170885 -0.16992679  0.6986573 ]
 [-0.19410922 -0.2604842   0.7532689 ]
 [-0.1825634  -0.17899331  0.8043456 ]
 [-0.05944128 -0.15244976  0.70080805]
 [ 0.05483496 -0.29291034  0.60866785]
 [ 0.12265646 -0.5059799   0.4988705 ]
 [-0.29975474 -0.15591633  0.6146569 ]
 [-0.4418953  -0.08712627  0.37818605]
 [-0.54986084 -0.16962668  0.17741099]]
[[ 0.          0.          0.30847257]
 [-0.08427618 -0.03951953  0.26079106]
 [-0.01251331 -0.1112124   0.02039021]
 [ 0.12758757  0.37386164  0.        ]
 [ 0.16131893  0.30876327  0.00275457]
 [ 0.08412674  0.03932967  0.35616082]
 [ 0.18176854 -0.26818228  0.4469694 ]
 [ 0.3489814  -0.2603673   0.1450504 ]
 [ 0.46401292 -0.3597163   0.11722989]
 [-0.09402783 -0.05474143  0.49072427]
 [-0.19065586 -0.14325237  0.7257407 ]
 [-0.20856914 -0.23246294  0.77992505]
 [-0.18903658 -0.14904761  0.83030766]
 [-0.05610641 -0.13672641  0.72656304]
 [ 0.05388023 -0.30476254  0.6320226 ]
 [ 0.12464669 -0.5191671   0.5269955 ]
 [-0.30314717 -0.12249205  0.6432513 ]
 [-0.44955397 -0.05822413  0.40930244]
 [-0.5616497  -0.13089368  0.20300317]]
