[[ 0.          0.          0.80406725]
 [ 0.03253189 -0.08531982  0.7880136 ]
 [-0.10446712 -0.05943242  0.42001763]
 [-0.48161447 -0.01255664  0.64906347]
 [-0.640044    0.03431107  0.60818607]
 [-0.03254823  0.08517803  0.82006234]
 [ 0.19570729  0.16444321  0.49208695]
 [ 0.12850729  0.11447102  0.061602  ]
 [ 0.28406817  0.13207191  0.        ]
 [ 0.10891362  0.0501406   1.000678  ]
 [ 0.23183343  0.09524292  1.21444   ]
 [ 0.35237098  0.06815934  1.2084119 ]
 [ 0.3013385   0.07615995  1.2593108 ]
 [ 0.13508862  0.20112768  1.1850162 ]
 [-0.03518419  0.34297505  1.1070085 ]
 [ 0.0201315   0.421596    0.88312054]
 [ 0.28897333 -0.03695425  1.1997306 ]
 [ 0.17218114 -0.2249915   1.0345894 ]
 [ 0.21165597 -0.1675003   0.84215564]]
[[ 0.          0.          0.80961215]
 [ 0.04232205 -0.08532526  0.7922952 ]
 [-0.03024428 -0.04619136  0.41701704]
 [-0.42849958 -0.01924643  0.66546154]
 [-0.5831698   0.02327219  0.63045514]
 [-0.0423537   0.08517132  0.82686967]
 [ 0.13692318  0.13212648  0.4822098 ]
 [ 0.01494475  0.05971068  0.06790113]
 [ 0.16197959  0.08631623  0.        ]
 [ 0.10761304  0.04907979  1.0059738 ]
 [ 0.229934    0.09175992  1.2224947 ]
 [ 0.35154927  0.05632436  1.2168221 ]
 [ 0.29652852  0.06064802  1.2679485 ]
 [ 0.13314605  0.19919902  1.1898067 ]
 [ 0.0056279   0.3424836   1.0757425 ]
 [ 0.09212387  0.42419276  0.87095076]
 [ 0.29131275 -0.03842008  1.2065417 ]
 [ 0.15678898 -0.2043916   1.0430226 ]
 [ 0.18483245 -0.13501361  0.86164284]]
[[ 0.          0.          0.7987176 ]
 [ 0.04665555 -0.09376691  0.78309155]
 [ 0.09987657 -0.03322887  0.41885954]
 [-0.32157758 -0.0139913   0.6227897 ]
 [-0.4400761   0.02937125  0.55773675]
 [-0.04670786  0.09357824  0.81430745]
 [ 0.05900638  0.1206311   0.44984722]
 [-0.15306856  0.01171136  0.08462   ]
 [-0.0254493   0.05632091  0.        ]
 [ 0.10763985  0.04411529  0.9979409 ]
 [ 0.2308955   0.08186385  1.2181098 ]
 [ 0.35046703  0.03884265  1.2166319 ]
 [ 0.2863024   0.03978613  1.2715154 ]
 [ 0.13790882  0.1979196   1.1842785 ]
 [ 0.08702248  0.3275757   1.0220135 ]
 [ 0.23258837  0.43143383  0.8862386 ]
 [ 0.28746516 -0.04940727  1.1958508 ]
 [ 0.11768076 -0.1851017   1.0245919 ]
 [ 0.139775   -0.15824698  0.85509884]]
[[ 0.          0.          0.7449452 ]
 [ 0.04120248 -0.09586651  0.72960037]
 [ 0.25811046  0.00631669  0.40828922]
 [-0.12516509 -0.00860032  0.406158  ]
 [-0.14978546  0.02956095  0.27164602]
 [-0.04126173  0.09566917  0.76028186]
 [-0.09992604  0.11141905  0.37787065]
 [-0.35800603  0.0352143   0.11437458]
 [-0.267171    0.09802604  0.        ]
 [ 0.09808446  0.04194133  0.94763875]
 [ 0.22333944  0.08214131  1.1635116 ]
 [ 0.34038842  0.03967243  1.1627622 ]
 [ 0.2879438   0.05494192  1.21848   ]
 [ 0.15249689  0.20661145  1.1329179 ]
 [ 0.18592548  0.3026045   0.91450596]
 [ 0.3264574   0.3023221   0.9456736 ]
 [ 0.2535731  -0.05676198  1.146365  ]
 [ 0.05358791 -0.1832784   1.0323701 ]
 [ 0.08603655 -0.23303184  0.91347206]]
[[ 0.          0.          0.6780522 ]
 [ 0.0391465  -0.09869482  0.6709764 ]
 [ 0.35681072  0.08748811  0.40955243]
 [ 0.1015131   0.08698583  0.13156998]
 [ 0.20730196  0.13725829  0.        ]
 [-0.0391345   0.09858361  0.6851204 ]
 [-0.21714272  0.05565187  0.3081163 ]
 [-0.5803482  -0.06096458  0.19510782]
 [-0.58397424 -0.01945359  0.09080201]
 [ 0.09137831  0.02382946  0.88097686]
 [ 0.21786018  0.03368238  1.1004304 ]
 [ 0.35263473  0.00280225  1.0979209 ]
 [ 0.2992776   0.00776204  1.1588833 ]
 [ 0.15157358  0.16108748  1.0804214 ]
 [ 0.17025815  0.27093393  0.84404373]
 [ 0.3219546   0.26760533  0.94376045]
 [ 0.2241355  -0.09568441  1.0825908 ]
 [-0.00803752 -0.21351817  1.1522985 ]
 [-0.00413155 -0.22088741  1.0190349 ]]
[[ 0.          0.          0.69571906]
 [ 0.03402115 -0.10174025  0.6923012 ]
 [ 0.35998616  0.11084493  0.43194205]
 [ 0.21131018  0.15816486  0.07481021]
 [ 0.3512251   0.21815139  0.        ]
 [-0.03400829  0.1016574   0.69914347]
 [-0.18389896  0.0441975   0.2939145 ]
 [-0.6157327  -0.10803482  0.28508145]
 [-0.65256953 -0.08903939  0.20488638]
 [ 0.09688552  0.00860205  0.9005328 ]
 [ 0.22756526 -0.00445113  1.1215779 ]
 [ 0.36307564 -0.04565215  1.1261835 ]
 [ 0.30917665 -0.04184991  1.1859381 ]
 [ 0.15782472  0.12562841  1.1046278 ]
 [ 0.14204302  0.26748466  0.8882856 ]
 [ 0.297396    0.27790347  0.9128163 ]
 [ 0.22358079 -0.13138229  1.0920079 ]
 [-0.01141594 -0.23444246  1.0394131 ]
 [ 0.03383881 -0.28787366  0.9232979 ]]
[[ 0.          0.          0.70985276]
 [ 0.03061441 -0.09914195  0.70991075]
 [ 0.32772857  0.14956728  0.46024948]
 [ 0.2572145   0.23763895  0.0496124 ]
 [ 0.40502048  0.2797753   0.        ]
 [-0.03063326  0.0990566   0.7097928 ]
 [-0.09244765  0.05201638  0.30167192]
 [-0.54367316 -0.19899152  0.40734428]
 [-0.64443964 -0.2001526   0.3608693 ]
 [ 0.10111947 -0.00543711  0.91141367]
 [ 0.22342354 -0.0447613   1.1328081 ]
 [ 0.35642803 -0.10814485  1.1380793 ]
 [ 0.28600168 -0.11111557  1.1957874 ]
 [ 0.15846169  0.08025262  1.1232398 ]
 [ 0.06843503  0.22352901  0.946645  ]
 [ 0.17792834  0.31020057  0.8816185 ]
 [ 0.20904982 -0.16175354  1.0881697 ]
 [ 0.03092574 -0.24881127  0.92491066]
 [ 0.01082824 -0.31088197  0.7374473 ]]
[[ 0.          0.          0.7257601 ]
 [ 0.02893475 -0.10344459  0.7251564 ]
 [ 0.28548187  0.1470546   0.47222957]
 [ 0.16927002  0.240893    0.06361163]
 [ 0.33626518  0.28585067  0.        ]
 [-0.02898616  0.10335246  0.7263542 ]
 [-0.00897164  0.07218242  0.3240867 ]
 [-0.46641415 -0.17803298  0.46847606]
 [-0.5664553  -0.19161917  0.41618773]
 [ 0.11192457 -0.00124595  0.9274753 ]
 [ 0.24280336 -0.03863364  1.1515325 ]
 [ 0.37145194 -0.11116147  1.1580346 ]
 [ 0.3003512  -0.12685531  1.2129482 ]
 [ 0.16715309  0.08296573  1.1456969 ]
 [ 0.02568079  0.21102354  1.0013866 ]
 [ 0.04781292  0.29617226  0.89613044]
 [ 0.22910753 -0.1562798   1.1018965 ]
 [ 0.07161388 -0.27242     0.9647491 ]
 [ 0.13146114 -0.29821652  0.83365804]]
[[ 0.          0.          0.7099858 ]
 [ 0.02653739 -0.10306008  0.70782006]
 [ 0.20238878  0.09620066  0.4331015 ]
 [ 0.0520037   0.22589046  0.07180262]
 [ 0.19280401  0.2737633   0.        ]
 [-0.02662709  0.10293223  0.71212894]
 [ 0.11557186  0.09742233  0.34410572]
 [-0.33627352 -0.11222623  0.45305198]
 [-0.42462856 -0.11206079  0.35549206]
 [ 0.11428452  0.00215669  0.91305244]
 [ 0.24092692 -0.03343984  1.141629  ]
 [ 0.37035513 -0.09615555  1.1479232 ]
 [ 0.29702923 -0.11345735  1.2088667 ]
 [ 0.16005652  0.0799489   1.1310573 ]
 [-0.04107725  0.15699098  1.0338364 ]
 [-0.09450299  0.24436238  0.92401963]
 [ 0.23721412 -0.14965414  1.0875139 ]
 [ 0.11401388 -0.23369852  0.8932524 ]
 [ 0.20856613 -0.22887506  0.8175353 ]]
[[ 0.          0.          0.675187  ]
 [ 0.01654162 -0.10706136  0.6646856 ]
 [ 0.04797672  0.02448285  0.3709892 ]
 [-0.16323966  0.19646499  0.12517893]
 [-0.07369636  0.2573093   0.        ]
 [-0.01667665  0.10691066  0.6856253 ]
 [ 0.24261631  0.09731302  0.37989584]
 [-0.16364074 -0.04327896  0.29794246]
 [-0.18618509 -0.02202934  0.1448822 ]
 [ 0.10773993  0.00202759  0.8801311 ]
 [ 0.2329522  -0.0191977   1.1132073 ]
 [ 0.36417377 -0.07527292  1.1229044 ]
 [ 0.2929424  -0.08794084  1.1823871 ]
 [ 0.15445021  0.10056394  1.1075232 ]
 [-0.06834593  0.20848823  1.1098083 ]
 [-0.18709123  0.2754865   0.94420576]
 [ 0.24045295 -0.15044816  1.0613294 ]
 [ 0.17480648 -0.2736619   0.83113027]
 [ 0.32130077 -0.18178761  0.8787031 ]]
[[ 0.          0.          0.70054686]
 [ 0.02185374 -0.10393041  0.68401486]
 [-0.08733787  0.01837021  0.36524358]
 [-0.33007511  0.16821092  0.3186952 ]
 [-0.34754217  0.23803449  0.18823451]
 [-0.0219649   0.10377656  0.7169708 ]
 [ 0.27984303  0.13134742  0.46614048]
 [ 0.00692203  0.01839995  0.13491333]
 [ 0.11391936  0.04759908  0.        ]
 [ 0.10190825  0.00667614  0.9109694 ]
 [ 0.22107044  0.00863674  1.1469942 ]
 [ 0.3632473  -0.03098187  1.1537738 ]
 [ 0.2976067  -0.0332863   1.2129214 ]
 [ 0.1328804   0.1250171   1.1400971 ]
 [-0.10095829  0.24584335  1.1706604 ]
 [-0.17656323  0.34145695  0.9747539 ]
 [ 0.25972688 -0.13034701  1.1019557 ]
 [ 0.21281949 -0.26968035  0.8711059 ]
 [ 0.34099138 -0.12569427  0.90974975]]
[[ 0.          0.          0.7534673 ]
 [ 0.03024914 -0.09593296  0.7361531 ]
 [-0.09697407 -0.01321384  0.39862865]
 [-0.42453223  0.08966929  0.47805217]
 [-0.4977789   0.15661666  0.38929525]
 [-0.03033879  0.09578267  0.7706717 ]
 [ 0.24658766  0.13646819  0.49390015]
 [ 0.09801973  0.05513513  0.08513677]
 [ 0.23500365  0.08303803  0.        ]
 [ 0.09859511  0.01470597  0.9628336 ]
 [ 0.2121843   0.02379858  1.1981698 ]
 [ 0.3518833  -0.01095283  1.2194362 ]
 [ 0.2909768  -0.01221976  1.2699577 ]
 [ 0.12247518  0.13695812  1.1794895 ]
 [-0.11544025  0.2650975   1.1660893 ]
 [-0.14971545  0.35148758  0.95306873]
 [ 0.25877535 -0.11132184  1.1629412 ]
 [ 0.18900672 -0.27850506  0.9552598 ]
 [ 0.30748627 -0.14203303  0.9125344 ]]
[[ 0.          0.          0.76903546]
 [ 0.03513559 -0.0922297   0.7501773 ]
 [-0.0797934  -0.05109602  0.38324857]
 [-0.44354552  0.00578842  0.54837686]
 [-0.55396104  0.06047665  0.49141812]
 [-0.03519192  0.09208991  0.7878023 ]
 [ 0.21702525  0.16616714  0.4897648 ]
 [ 0.1193129   0.11847144  0.0630821 ]
 [ 0.26752812  0.14539993  0.        ]
 [ 0.09705769  0.0318231   0.9763068 ]
 [ 0.2063098   0.05217662  1.2101798 ]
 [ 0.33939767  0.0180597   1.2417212 ]
 [ 0.28225148  0.01816282  1.2886492 ]
 [ 0.11532609  0.16090721  1.1834075 ]
 [-0.09389277  0.28838792  1.1123741 ]
 [-0.04680766  0.3898737   0.92025506]
 [ 0.25976133 -0.08007142  1.1774707 ]
 [ 0.15846997 -0.25031292  0.9893453 ]
 [ 0.24497089 -0.16060352  0.86575276]]
[[ 0.          0.          0.78382057]
 [ 0.04339822 -0.09156484  0.7652288 ]
 [-0.01055118 -0.05483538  0.38588667]
 [-0.4103102  -0.03113744  0.58807766]
 [-0.54170793  0.0131571   0.5479367 ]
 [-0.04345633  0.0914083   0.80232346]
 [ 0.17729352  0.18230839  0.49931115]
 [ 0.04469722  0.12629241  0.07856292]
 [ 0.19266456  0.16979611  0.        ]
 [ 0.0879012   0.02891578  0.99169934]
 [ 0.187517    0.04548937  1.2315584 ]
 [ 0.3215496   0.01044893  1.2664617 ]
 [ 0.2598332   0.00934631  1.3119447 ]
 [ 0.09976143  0.15616542  1.1932971 ]
 [-0.04980399  0.28907812  1.0710663 ]
 [ 0.05746587  0.39003035  0.90943545]
 [ 0.24532056 -0.08443391  1.1986854 ]
 [ 0.12036161 -0.23052965  1.0084857 ]
 [ 0.16847    -0.15803136  0.86478806]]
[[ 0.0000000e+00  0.0000000e+00  7.9167491e-01]
 [ 4.4118263e-02 -9.8264262e-02  7.7549362e-01]
 [ 9.6094348e-02 -5.6977838e-02  3.9981765e-01]
 [-3.3788896e-01 -4.0441528e-02  5.9893042e-01]
 [-4.6485311e-01  8.8306367e-03  5.3769964e-01]
 [-4.4203497e-02  9.8069862e-02  8.0777055e-01]
 [ 1.0781600e-01  1.7068866e-01  4.8120362e-01]
 [-8.7337248e-02  9.6816540e-02  8.6581290e-02]
 [ 6.4412281e-02  1.3335180e-01  0.0000000e+00]
 [ 8.4605768e-02  2.6194289e-02  1.0002443e+00]
 [ 1.8080357e-01  3.9777964e-02  1.2434735e+00]
 [ 3.1720605e-01 -8.4963441e-04  1.2781587e+00]
 [ 2.4430993e-01 -7.5603724e-03  1.3310976e+00]
 [ 9.7650148e-02  1.5879476e-01  1.1968899e+00]
 [ 2.3544647e-02  2.8390321e-01  1.0319314e+00]
 [ 1.7173900e-01  3.8554513e-01  9.3295324e-01]
 [ 2.3518562e-01 -9.2684150e-02  1.2085221e+00]
 [ 8.4671378e-02 -2.0697933e-01  1.0104221e+00]
 [ 1.2767969e-01 -1.5235081e-01  9.0460104e-01]]
[[ 0.          0.          0.78192365]
 [ 0.04125351 -0.10451432  0.76488155]
 [ 0.282998   -0.01667359  0.43097857]
 [-0.11585067 -0.00530118  0.47484398]
 [-0.14835617  0.03335115  0.36913115]
 [-0.04135224  0.10429945  0.7989227 ]
 [-0.06888082  0.11129084  0.42698255]
 [-0.36242628  0.04691631  0.11514378]
 [-0.2523507   0.10009509  0.        ]
 [ 0.08411808  0.02662894  0.9925573 ]
 [ 0.18125786  0.03878286  1.2341154 ]
 [ 0.31048077 -0.0064584   1.2656178 ]
 [ 0.2425355   0.00510973  1.3240026 ]
 [ 0.12245983  0.16909754  1.1862593 ]
 [ 0.146742    0.27437907  0.96326894]
 [ 0.31745118  0.29931375  0.9829595 ]
 [ 0.21399331 -0.09962174  1.2046633 ]
 [ 0.04585887 -0.20089597  1.0287075 ]
 [ 0.07821459 -0.21637757  0.9369818 ]]
[[ 0.          0.          0.68493474]
 [ 0.0274516  -0.10866425  0.6750054 ]
 [ 0.35669944  0.02291715  0.40848008]
 [ 0.03208285  0.01193196  0.18466663]
 [ 0.11104873  0.0524832   0.02245831]
 [-0.02752708  0.10846778  0.6948306 ]
 [-0.17934756  0.09850912  0.33967575]
 [-0.5080614   0.0808495   0.13236648]
 [-0.47117388  0.12450218  0.        ]
 [ 0.0591063   0.01036726  0.9041717 ]
 [ 0.14514484  0.0052307   1.151019  ]
 [ 0.28758484 -0.02966955  1.184253  ]
 [ 0.21953213 -0.0205915   1.2456247 ]
 [ 0.10930419  0.13942173  1.1052694 ]
 [ 0.14390148  0.22999845  0.8578492 ]
 [ 0.27225935  0.1805811   0.97070396]
 [ 0.14289185 -0.133813    1.1340089 ]
 [-0.06459403 -0.26624602  1.065892  ]
 [-0.10749477 -0.2675811   0.9883077 ]]
[[ 0.          0.          0.689855  ]
 [ 0.02652118 -0.10678004  0.6886822 ]
 [ 0.36640835  0.07743782  0.42995876]
 [ 0.23358619  0.14716944  0.0781517 ]
 [ 0.38150585  0.20311606  0.        ]
 [-0.02655774  0.10665686  0.6910274 ]
 [-0.19497299  0.04579547  0.3000298 ]
 [-0.6157157  -0.08594948  0.21781462]
 [-0.6360922  -0.06057501  0.14537346]
 [ 0.06087818  0.00449474  0.9114163 ]
 [ 0.14794484 -0.01189771  1.1596758 ]
 [ 0.29454446 -0.0571011   1.1992375 ]
 [ 0.21735236 -0.04247773  1.2604432 ]
 [ 0.11455874  0.11843967  1.1115966 ]
 [ 0.10944016  0.23490633  0.86649793]
 [ 0.23415755  0.16988319  0.9226073 ]
 [ 0.13199085 -0.14286986  1.1364809 ]
 [-0.07682721 -0.27113467  1.0577173 ]
 [-0.05910484 -0.37325627  0.88071483]]
[[ 0.          0.          0.6960912 ]
 [ 0.02302329 -0.10086794  0.6980305 ]
 [ 0.33776414  0.11256257  0.44755995]
 [ 0.29091713  0.21175966  0.04476136]
 [ 0.45193484  0.25393432  0.        ]
 [-0.02307552  0.10075106  0.6941448 ]
 [-0.1349998   0.02702034  0.29237244]
 [-0.58870363 -0.17391023  0.32152474]
 [-0.6754607  -0.15722233  0.2740669 ]
 [ 0.07386866 -0.00435106  0.91004944]
 [ 0.16026291 -0.04896751  1.1551477 ]
 [ 0.29275414 -0.10428134  1.1990558 ]
 [ 0.2165493  -0.0929099   1.2634187 ]
 [ 0.11660927  0.07953587  1.1218733 ]
 [ 0.06987477  0.23253587  0.9092904 ]
 [ 0.1903492   0.19825047  0.8581122 ]
 [ 0.14217281 -0.1627436   1.105747  ]
 [-0.03052805 -0.23861656  0.92116535]
 [ 0.03212346 -0.31740087  0.8291768 ]]
[[ 0.          0.          0.7084568 ]
 [ 0.02251961 -0.1009404   0.7128055 ]
 [ 0.30325034  0.1264089   0.46146163]
 [ 0.23383366  0.22492656  0.05163878]
 [ 0.40289474  0.2628094   0.        ]
 [-0.02258108  0.10081173  0.7040967 ]
 [-0.06663427  0.02741966  0.30111915]
 [-0.52057517 -0.20501703  0.3816416 ]
 [-0.61932147 -0.21102124  0.34233207]
 [ 0.07955957 -0.00394785  0.9214685 ]
 [ 0.17124584 -0.04977831  1.1667607 ]
 [ 0.30522293 -0.11029845  1.211046  ]
 [ 0.22752136 -0.10248134  1.2726941 ]
 [ 0.12420549  0.07736236  1.1304419 ]
 [ 0.03834303  0.22631049  0.94436127]
 [ 0.11950056  0.23175645  0.826288  ]
 [ 0.14638333 -0.16495642  1.1209077 ]
 [-0.01352958 -0.25678304  0.94256943]
 [ 0.02342431 -0.3281553   0.7906195 ]]
[[ 0.          0.          0.7216382 ]
 [ 0.0173578  -0.1016478   0.7248348 ]
 [ 0.23969224  0.09185477  0.4592881 ]
 [ 0.11042501  0.19509575  0.0683707 ]
 [ 0.26578254  0.23129725  0.        ]
 [-0.01744481  0.10149098  0.71841395]
 [ 0.0560964   0.05965784  0.33892468]
 [-0.39701653 -0.14620548  0.41678023]
 [-0.49070126 -0.15734082  0.33725178]
 [ 0.09072545 -0.00360514  0.93378013]
 [ 0.18848425 -0.04972613  1.1779547 ]
 [ 0.31666812 -0.1113129   1.2257191 ]
 [ 0.23659313 -0.10444406  1.2836595 ]
 [ 0.13155481  0.07300109  1.1430664 ]
 [-0.01316673  0.18955246  0.982972  ]
 [-0.00459848  0.21277119  0.8568036 ]
 [ 0.16589946 -0.1662826   1.1278791 ]
 [ 0.03002585 -0.2612846   0.9205307 ]
 [ 0.14067206 -0.30106372  0.82854575]]
[[ 0.          0.          0.7010745 ]
 [ 0.00897139 -0.10524028  0.69649214]
 [ 0.08053227  0.01862773  0.40316042]
 [-0.1074827   0.16686386  0.11259735]
 [ 0.00382606  0.214167    0.        ]
 [-0.00909551  0.10505632  0.70558876]
 [ 0.21611872  0.08153954  0.39359218]
 [-0.20340735 -0.05282593  0.350185  ]
 [-0.2308718  -0.04707789  0.20255494]
 [ 0.09607191 -0.00704546  0.91064876]
 [ 0.20424321 -0.04628     1.1540639 ]
 [ 0.3310631  -0.10067439  1.1977203 ]
 [ 0.25799894 -0.0886372   1.2581543 ]
 [ 0.135806    0.07959205  1.1303715 ]
 [-0.07287827  0.19994396  1.071937  ]
 [-0.15798555  0.21188393  0.8673209 ]
 [ 0.19838467 -0.17313553  1.0999643 ]
 [ 0.11898923 -0.28458002  0.8662182 ]
 [ 0.23672658 -0.27020407  0.874043  ]]
[[ 0.          0.          0.65324575]
 [ 0.00523871 -0.10935601  0.6378015 ]
 [-0.08819598 -0.01454788  0.31507874]
 [-0.33133548  0.10325772  0.21690667]
 [-0.31619596  0.16838247  0.08055878]
 [-0.00535887  0.10915857  0.66856253]
 [ 0.29009742  0.12069216  0.42311653]
 [-0.00384472  0.033813    0.13965023]
 [ 0.09640889  0.04576027  0.        ]
 [ 0.08465586 -0.01315214  0.86848086]
 [ 0.18032426 -0.03826112  1.1187503 ]
 [ 0.3131762  -0.07563645  1.1669447 ]
 [ 0.24067849 -0.06921336  1.2242324 ]
 [ 0.10767881  0.08952218  1.0964856 ]
 [-0.11882302  0.22165039  1.0822195 ]
 [-0.18172148  0.25610596  0.8622257 ]
 [ 0.2021776  -0.17733854  1.066731  ]
 [ 0.1559709  -0.31030965  0.83085907]
 [ 0.2892487  -0.17969966  0.8877487 ]]
[[ 0.0000000e+00  0.0000000e+00  7.2459805e-01]
 [ 1.5065476e-02 -9.8292522e-02  7.0774245e-01]
 [-1.0051651e-01  3.3840537e-04  3.8082775e-01]
 [-4.2258704e-01  6.9147468e-02  4.0413418e-01]
 [-4.7183096e-01  1.4136031e-01  3.1678784e-01]
 [-1.5172690e-02  9.8098584e-02  7.4132824e-01]
 [ 2.7471358e-01  1.3176951e-01  4.7924596e-01]
 [ 1.1654168e-01  4.0731311e-02  8.8048697e-02]
 [ 2.4853492e-01  5.4118395e-02  0.0000000e+00]
 [ 8.3248332e-02 -6.8390518e-03  9.3952066e-01]
 [ 1.7640492e-01 -2.0733207e-02  1.1910768e+00]
 [ 3.0686623e-01 -5.3880185e-02  1.2475736e+00]
 [ 2.3674968e-01 -4.6451986e-02  1.3013023e+00]
 [ 1.0095118e-01  1.0307333e-01  1.1596186e+00]
 [-1.2075171e-01  2.4301821e-01  1.1167724e+00]
 [-1.4319497e-01  2.8866643e-01  8.8641524e-01]
 [ 2.1263176e-01 -1.5561092e-01  1.1469525e+00]
 [ 1.5596682e-01 -3.0370152e-01  9.2228150e-01]
 [ 2.8963023e-01 -1.6361701e-01  9.1825193e-01]]
[[ 0.          0.          0.7296458 ]
 [ 0.02049318 -0.09344393  0.71186835]
 [-0.10050721 -0.05109489  0.3567054 ]
 [-0.47318605 -0.04120956  0.4708342 ]
 [-0.5680622   0.02290492  0.43218535]
 [-0.02055987  0.09327275  0.74731755]
 [ 0.26642483  0.18807955  0.47435653]
 [ 0.183317    0.13268155  0.05752158]
 [ 0.3301584   0.14792013  0.        ]
 [ 0.07876679 -0.00199255  0.94483995]
 [ 0.16428792 -0.01311478  1.1958826 ]
 [ 0.28974786 -0.04377055  1.2621913 ]
 [ 0.22187975 -0.03819466  1.3109686 ]
 [ 0.09029146  0.10966712  1.155361  ]
 [-0.0963822   0.25708622  1.0665631 ]
 [-0.04646134  0.32236153  0.8516645 ]
 [ 0.20965065 -0.14570102  1.1554084 ]
 [ 0.12697928 -0.29774845  0.94772434]
 [ 0.24095255 -0.19013627  0.8774487 ]]
[[ 0.00000000e+00  0.00000000e+00  7.55932331e-01]
 [ 2.53892317e-02 -9.31416303e-02  7.36964345e-01]
 [-5.48098423e-02 -5.94693422e-02  3.67740750e-01]
 [-4.50728446e-01 -8.20185989e-02  5.36038518e-01]
 [-5.73793769e-01 -2.31644213e-02  5.11614621e-01]
 [-2.54653320e-02  9.29556563e-02  7.74797559e-01]
 [ 2.28802264e-01  2.05706269e-01  4.94508415e-01]
 [ 1.21528581e-01  1.50950253e-01  7.82995224e-02]
 [ 2.78861046e-01  1.70742750e-01  0.00000000e+00]
 [ 7.27908611e-02 -2.08526850e-04  9.70444977e-01]
 [ 1.56569362e-01 -3.25968862e-03  1.22245359e+00]
 [ 2.77154684e-01 -3.27968597e-02  1.29068542e+00]
 [ 2.07188129e-01 -3.11616063e-02  1.33956635e+00]
 [ 8.68307650e-02  1.21243656e-01  1.17301321e+00]
 [-5.40389717e-02  2.68384457e-01  1.04199350e+00]
 [ 5.44154048e-02  3.30489129e-01  8.50548625e-01]
 [ 2.04199731e-01 -1.35881066e-01  1.18700325e+00]
 [ 9.74297225e-02 -2.80017853e-01  9.91179526e-01]
 [ 1.95206672e-01 -1.68745503e-01  8.72362375e-01]]
[[ 0.          0.          0.7657514 ]
 [ 0.02982154 -0.09383408  0.74855757]
 [ 0.02931856 -0.05442446  0.37974057]
 [-0.39880148 -0.0753637   0.55402356]
 [-0.5296895  -0.01161152  0.5198256 ]
 [-0.02991781  0.09362201  0.78283846]
 [ 0.17670926  0.18976296  0.48276782]
 [ 0.02204425  0.11761504  0.07941598]
 [ 0.17195097  0.13554466  0.        ]
 [ 0.07185411  0.0063118   0.9808282 ]
 [ 0.1530235   0.0066162   1.2331653 ]
 [ 0.2763902  -0.02599245  1.3024807 ]
 [ 0.20199192 -0.03147006  1.3468442 ]
 [ 0.08118412  0.13136777  1.1790797 ]
 [-0.00827031  0.2748241   1.0204958 ]
 [ 0.13391963  0.3417263   0.878961  ]
 [ 0.20374656 -0.12841275  1.1975954 ]
 [ 0.08841914 -0.26780525  1.0021402 ]
 [ 0.16094737 -0.15542047  0.9006814 ]]
[[ 0.          0.          0.7646567 ]
 [ 0.03296231 -0.10654768  0.74916315]
 [ 0.21890661 -0.03592318  0.40625018]
 [-0.21120548 -0.07313241  0.49108323]
 [-0.28919703 -0.02195141  0.3927133 ]
 [-0.03306343  0.10631522  0.78007895]
 [ 0.02380886  0.15039301  0.42981583]
 [-0.23511219  0.08878261  0.11232823]
 [-0.12107843  0.13909572  0.        ]
 [ 0.07528663  0.01292014  0.98114747]
 [ 0.15877098  0.01437095  1.2334974 ]
 [ 0.28018612 -0.021667    1.3004339 ]
 [ 0.19875263 -0.02123469  1.3532882 ]
 [ 0.1004544   0.1482732   1.1751132 ]
 [ 0.09557911  0.25761837  0.95750743]
 [ 0.2905001   0.26764095  0.9357965 ]
 [ 0.19616246 -0.12549663  1.203117  ]
 [ 0.02726142 -0.196785    1.0217704 ]
 [ 0.07419157 -0.22360699  0.9015615 ]]
[[ 0.          0.          0.6831906 ]
 [ 0.02394678 -0.10865779  0.67085314]
 [ 0.32018834 -0.02670076  0.38183036]
 [-0.04904455 -0.05963448  0.23727646]
 [-0.01499204 -0.01313365  0.10491037]
 [-0.02403533  0.10842021  0.69548506]
 [-0.12544285  0.13438644  0.3340794 ]
 [-0.42354286  0.12259805  0.129596  ]
 [-0.3743397   0.1809935   0.        ]
 [ 0.05876032  0.00476857  0.9038604 ]
 [ 0.13436836 -0.00528458  1.1568471 ]
 [ 0.2569527  -0.03609481  1.2261413 ]
 [ 0.18103257 -0.04011875  1.2845433 ]
 [ 0.09942029  0.13160518  1.1005883 ]
 [ 0.14876422  0.23097566  0.86247706]
 [ 0.3128265   0.22840494  0.9518194 ]
 [ 0.14178047 -0.13903278  1.1332083 ]
 [-0.08206761 -0.20515457  1.0567433 ]
 [-0.1186381  -0.21358271  0.9592378 ]]
[[ 0.00000000e+00  0.00000000e+00  6.73242807e-01]
 [ 2.11427100e-02 -1.04436383e-01  6.70450211e-01]
 [ 3.52254450e-01  5.93437850e-02  4.24199998e-01]
 [ 2.08426088e-01  1.11794442e-01  8.69593024e-02]
 [ 3.54255080e-01  1.74247503e-01  0.00000000e+00]
 [-2.11752728e-02  1.04279473e-01  6.76028430e-01]
 [-1.81996316e-01  5.59867918e-02  2.95963556e-01]
 [-5.83259344e-01 -7.41296411e-02  2.25938797e-01]
 [-6.28340483e-01 -3.84637117e-02  1.48116469e-01]
 [ 5.63945062e-02  2.64793634e-04  8.94082189e-01]
 [ 1.34320095e-01 -2.45370567e-02  1.14680433e+00]
 [ 2.64274538e-01 -6.47359788e-02  1.21589637e+00]
 [ 1.84131891e-01 -6.10167980e-02  1.27334118e+00]
 [ 1.09881729e-01  1.05016619e-01  1.08937466e+00]
 [ 1.22013994e-01  2.19087690e-01  8.42454672e-01]
 [ 2.84838855e-01  2.07935631e-01  9.06030715e-01]
 [ 1.12695605e-01 -1.50028586e-01  1.12231064e+00]
 [-1.19865552e-01 -2.52494186e-01  1.07969046e+00]
 [-1.14568964e-01 -3.78412157e-01  9.22665715e-01]]
[[ 0.          0.          0.6749837 ]
 [ 0.01520334 -0.10188566  0.67652464]
 [ 0.33113953  0.09218483  0.43345988]
 [ 0.27136916  0.17750284  0.04725987]
 [ 0.4366778   0.22810817  0.        ]
 [-0.01524562  0.10173637  0.67344165]
 [-0.13759941  0.04684463  0.28264037]
 [-0.5633353  -0.1312033   0.2922812 ]
 [-0.6505634  -0.10315955  0.24620625]
 [ 0.05972018 -0.00397088  0.8924801 ]
 [ 0.13518423 -0.04432687  1.1438366 ]
 [ 0.2551594  -0.09192896  1.2201543 ]
 [ 0.17793646 -0.08269864  1.2781613 ]
 [ 0.10764655  0.08483407  1.0925202 ]
 [ 0.09866398  0.22816628  0.86715996]
 [ 0.26816872  0.2348404   0.8552508 ]
 [ 0.10527393 -0.15911907  1.1025596 ]
 [-0.10465854 -0.24286593  0.9871901 ]
 [-0.06363955 -0.37196642  0.9123039 ]]
[[ 0.          0.          0.6832793 ]
 [ 0.01069114 -0.10167573  0.6864711 ]
 [ 0.2779823   0.10354184  0.44112715]
 [ 0.2142146   0.19832113  0.04569566]
 [ 0.3852256   0.23428607  0.        ]
 [-0.01076732  0.10152329  0.6800772 ]
 [-0.04257254  0.05707601  0.28583953]
 [-0.47358415 -0.16070992  0.3592032 ]
 [-0.5814617  -0.15538108  0.33853728]
 [ 0.06634067 -0.01098153  0.8987906 ]
 [ 0.14118847 -0.05938831  1.1502129 ]
 [ 0.25884467 -0.11345878  1.2280358 ]
 [ 0.18439674 -0.0901885   1.2834285 ]
 [ 0.11498843  0.06986415  1.1006217 ]
 [ 0.06655611  0.22756195  0.89610374]
 [ 0.15686326  0.21077397  0.77332497]
 [ 0.10622722 -0.17213067  1.1011382 ]
 [-0.04378965 -0.24726404  0.8944217 ]
 [ 0.0027959  -0.352519    0.75195557]]
[[ 0.          0.          0.6914755 ]
 [ 0.0040444  -0.10105068  0.6936763 ]
 [ 0.2198329   0.07216968  0.43974343]
 [ 0.09422468  0.18225661  0.07017225]
 [ 0.25558317  0.22314256  0.        ]
 [-0.00413525  0.10088828  0.68925095]
 [ 0.06188526  0.07042643  0.31933463]
 [-0.39571956 -0.1210248   0.40702337]
 [-0.50431037 -0.12907347  0.35665926]
 [ 0.07443477 -0.01233394  0.90579677]
 [ 0.15654454 -0.05805588  1.1568273 ]
 [ 0.2748519  -0.11256239  1.2372427 ]
 [ 0.19588822 -0.09556872  1.2864234 ]
 [ 0.11959128  0.07150379  1.1092112 ]
 [ 0.02512026  0.20971817  0.9308101 ]
 [ 0.04298906  0.19363482  0.77657783]
 [ 0.12261418 -0.17645314  1.1071854 ]
 [-0.02662084 -0.27043536  0.92738724]
 [ 0.04353639 -0.37840778  0.8315578 ]]
[[ 0.          0.          0.6899945 ]
 [-0.00180855 -0.09660091  0.68828887]
 [ 0.09149785 -0.00943917  0.40867403]
 [-0.07682623  0.14893308  0.09388238]
 [ 0.04389034  0.19989973  0.        ]
 [ 0.00169077  0.09640073  0.6916432 ]
 [ 0.20823604  0.07113335  0.37265155]
 [-0.22595179 -0.06036451  0.37334585]
 [-0.3050632  -0.04577199  0.26908147]
 [ 0.08581129 -0.00826532  0.90362936]
 [ 0.17833982 -0.04954916  1.1546781 ]
 [ 0.29021245 -0.10073224  1.2265135 ]
 [ 0.2213344  -0.087493    1.2824748 ]
 [ 0.12487521  0.06752619  1.114692  ]
 [-0.06147081  0.17380676  1.0034428 ]
 [-0.09429851  0.19190517  0.80068374]
 [ 0.16350615 -0.16042733  1.1001433 ]
 [ 0.09051137 -0.23837872  0.87547886]
 [ 0.20064628 -0.24769662  0.8848119 ]]
[[ 0.          0.          0.6122234 ]
 [-0.00644268 -0.10625483  0.59437025]
 [-0.11374794 -0.05722773  0.27290937]
 [-0.37113017  0.04109687  0.16744831]
 [-0.3530426   0.10882446  0.04616499]
 [ 0.00633307  0.1060499   0.6299485 ]
 [ 0.3200814   0.12263122  0.39856553]
 [ 0.04817333  0.0655632   0.13769186]
 [ 0.14732169  0.08834332  0.        ]
 [ 0.07627481 -0.01456521  0.8283074 ]
 [ 0.15865012 -0.04414278  1.0831349 ]
 [ 0.27535838 -0.07949048  1.1541773 ]
 [ 0.20620576 -0.06947279  1.2124935 ]
 [ 0.09792463  0.08279368  1.0493569 ]
 [-0.12738702  0.21645248  1.0106664 ]
 [-0.16835362  0.24371025  0.78168046]
 [ 0.17307329 -0.17997873  1.0281805 ]
 [ 0.12739433 -0.3206256   0.7989278 ]
 [ 0.252065   -0.19774835  0.8752328 ]]
[[ 0.          0.          0.67767924]
 [ 0.00829544 -0.0956675   0.6597783 ]
 [-0.11633281 -0.03666884  0.33126247]
 [-0.4402604   0.01931816  0.33181623]
 [-0.49664837  0.1003992   0.25686702]
 [-0.0083972   0.09546488  0.6954453 ]
 [ 0.29571152  0.15767059  0.45631838]
 [ 0.14692788  0.07748771  0.08447188]
 [ 0.27718395  0.09112221  0.        ]
 [ 0.07676605 -0.00685528  0.89472693]
 [ 0.15594117 -0.02221805  1.1503013 ]
 [ 0.26866093 -0.05278826  1.2307122 ]
 [ 0.20045449 -0.04602587  1.280061  ]
 [ 0.0934079   0.09945169  1.1097934 ]
 [-0.11886656  0.24880975  1.0451319 ]
 [-0.11725035  0.30656108  0.82439524]
 [ 0.18357135 -0.1543965   1.1031604 ]
 [ 0.12232235 -0.30111715  0.8837235 ]
 [ 0.22618449 -0.2148075   0.8935115 ]]
[[ 0.00000000e+00  0.00000000e+00  6.80056810e-01]
 [ 8.90053809e-03 -9.13354307e-02  6.62715912e-01]
 [-1.14316858e-01 -7.82602131e-02  3.13012034e-01]
 [-4.77746069e-01 -7.28083551e-02  3.79006565e-01]
 [-5.80702603e-01  7.04437494e-04  3.35159004e-01]
 [-8.98387283e-03  9.11490247e-02  6.97271347e-01]
 [ 2.80998260e-01  1.92044184e-01  4.48878467e-01]
 [ 2.04967394e-01  1.47517800e-01  6.60199523e-02]
 [ 3.49159956e-01  1.61662340e-01  0.00000000e+00]
 [ 6.99229389e-02 -4.42226231e-03  8.96874785e-01]
 [ 1.42634705e-01 -1.64380372e-02  1.15240943e+00]
 [ 2.50553161e-01 -4.09744382e-02  1.24188650e+00]
 [ 1.83128625e-01 -3.74054313e-02  1.28536928e+00]
 [ 8.10830146e-02  1.03236377e-01  1.10583222e+00]
 [-1.09984934e-01  2.45550811e-01  1.00446200e+00]
 [-5.84812462e-02  3.15850794e-01  7.99688458e-01]
 [ 1.73278734e-01 -1.46793753e-01  1.10792065e+00]
 [ 9.45233256e-02 -2.99784631e-01  9.08155322e-01]
 [ 2.12200522e-01 -1.98568940e-01  8.60481143e-01]]
[[ 0.0000000e+00  0.0000000e+00  6.8605828e-01]
 [ 1.3113007e-02 -9.2572026e-02  6.6732174e-01]
 [-7.7065125e-02 -9.4282031e-02  3.1633556e-01]
 [-4.8017073e-01 -1.4620061e-01  4.2773348e-01]
 [-6.0292548e-01 -8.0080152e-02  4.1313744e-01]
 [-1.3196960e-02  9.2384152e-02  7.0467168e-01]
 [ 2.5476480e-01  2.2722161e-01  4.5967060e-01]
 [ 1.7510059e-01  1.8145582e-01  7.7036679e-02]
 [ 3.3077955e-01  2.0123768e-01  0.0000000e+00]
 [ 6.6410370e-02  8.2726777e-04  9.0297914e-01]
 [ 1.4037669e-01 -4.3737888e-04  1.1574892e+00]
 [ 2.4361879e-01 -2.3416221e-02  1.2455038e+00]
 [ 1.7765617e-01 -2.2463322e-02  1.2862184e+00]
 [ 7.8708299e-02  1.2098849e-01  1.1034484e+00]
 [-7.9305574e-02  2.5363690e-01  9.7398478e-01]
 [ 2.7411446e-02  3.1600106e-01  7.9294574e-01]
 [ 1.7428163e-01 -1.3271776e-01  1.1196040e+00]
 [ 7.4196741e-02 -2.7545869e-01  9.2205679e-01]
 [ 1.7395261e-01 -1.5007526e-01  8.3709633e-01]]
[[ 0.          0.          0.69469035]
 [ 0.0201901  -0.10010908  0.67516106]
 [-0.00402428 -0.085273    0.3226955 ]
 [-0.4332806  -0.14236164  0.4616872 ]
 [-0.5544878  -0.07172737  0.4343488 ]
 [-0.02029432  0.09990201  0.71409804]
 [ 0.2214694   0.24005604  0.45703548]
 [ 0.10278396  0.19303897  0.07826006]
 [ 0.25859967  0.21785408  0.        ]
 [ 0.06547655  0.00796075  0.91030854]
 [ 0.1387643   0.01056927  1.1652554 ]
 [ 0.2423555  -0.01511067  1.2540003 ]
 [ 0.17467639 -0.01513404  1.2958568 ]
 [ 0.07744251  0.13685209  1.1052548 ]
 [-0.03527319  0.26939014  0.95060205]
 [ 0.11696603  0.34577462  0.81784254]
 [ 0.17274827 -0.12391815  1.1255462 ]
 [ 0.06493165 -0.2610667   0.92825353]
 [ 0.12601906 -0.12606193  0.8810792 ]]
[[ 0.0000000e+00  0.0000000e+00  6.9289678e-01]
 [ 2.2037186e-02 -1.1569581e-01  6.7741722e-01]
 [ 2.4237120e-01 -4.0166646e-02  3.6403984e-01]
 [-1.9826457e-01 -7.6513052e-02  4.1513044e-01]
 [-2.3088384e-01 -3.4103811e-02  3.1729829e-01]
 [-2.2163555e-02  1.1546785e-01  7.0830262e-01]
 [ 5.0847150e-02  2.2733575e-01  3.8278544e-01]
 [-2.0841651e-01  1.7250565e-01  1.1387396e-01]
 [-9.7309455e-02  2.2489125e-01  0.0000000e+00]
 [ 6.0263291e-02  6.9953203e-03  9.0829247e-01]
 [ 1.2947033e-01  1.8223256e-02  1.1648897e+00]
 [ 2.4134926e-01 -1.4506936e-02  1.2485347e+00]
 [ 1.6721010e-01 -5.4274797e-03  1.2997203e+00]
 [ 8.6438544e-02  1.5449101e-01  1.0961037e+00]
 [ 9.7394302e-02  2.5380343e-01  8.8162464e-01]
 [ 2.9920316e-01  2.7090394e-01  8.7767220e-01]
 [ 1.5180340e-01 -1.1940172e-01  1.1320490e+00]
 [-9.6066296e-04 -1.9958523e-01  9.6376616e-01]
 [ 3.0396450e-02 -9.9260479e-02  1.0977429e+00]]
[[ 0.          0.          0.6223989 ]
 [ 0.01473067 -0.11114671  0.6131666 ]
 [ 0.32295853 -0.0309248   0.36551577]
 [-0.02078386 -0.04454213  0.15993729]
 [ 0.04816452 -0.00268596  0.0347476 ]
 [-0.01480895  0.11092991  0.6315926 ]
 [-0.10123435  0.1823528   0.29240534]
 [-0.40359086  0.16312999  0.12779433]
 [-0.38413015  0.2139085   0.        ]
 [ 0.0400358   0.00832891  0.84021384]
 [ 0.09903869  0.00941658  1.098484  ]
 [ 0.21539953 -0.03302228  1.1762726 ]
 [ 0.14139383 -0.01527643  1.2295451 ]
 [ 0.09335805  0.14632893  1.0240211 ]
 [ 0.14600703  0.24758793  0.7988587 ]
 [ 0.30205575  0.26569062  0.9100863 ]
 [ 0.0752976  -0.12809858  1.0934107 ]
 [-0.1497005  -0.24533913  1.0949812 ]
 [-0.12088202 -0.16345318  0.8807895 ]]
[[ 0.          0.          0.62500966]
 [ 0.00986306 -0.10993199  0.6201935 ]
 [ 0.33190864  0.02045324  0.39544064]
 [ 0.18437713  0.08661491  0.06355917]
 [ 0.32825273  0.13806444  0.        ]
 [-0.00990137  0.10976792  0.62980586]
 [-0.11062896  0.14343463  0.25918436]
 [-0.50136125  0.05367473  0.21129331]
 [-0.5640801   0.09824765  0.12911537]
 [ 0.04071915  0.00616564  0.8436711 ]
 [ 0.10222562 -0.00625178  1.1002936 ]
 [ 0.22844227 -0.05592862  1.180693  ]
 [ 0.1435926  -0.02988034  1.2322215 ]
 [ 0.10196489  0.12480295  1.0264442 ]
 [ 0.12087846  0.23087277  0.7835525 ]
 [ 0.26967257  0.18288487  0.8492502 ]
 [ 0.06152669 -0.13516867  1.0877901 ]
 [-0.15412161 -0.2361528   1.0336127 ]
 [-0.13168119 -0.27387795  0.83148813]]
[[ 0.          0.          0.62723064]
 [ 0.00341298 -0.10863321  0.62711465]
 [ 0.30048224  0.03260952  0.39780286]
 [ 0.23470199  0.15432826  0.03767425]
 [ 0.39490888  0.19381773  0.        ]
 [-0.00345767  0.10848206  0.62733585]
 [-0.05403422  0.13158062  0.24662879]
 [-0.471153   -0.03025523  0.28163707]
 [-0.578152    0.00402379  0.24306664]
 [ 0.04785375 -0.0086709   0.84354687]
 [ 0.11216065 -0.0407815   1.0971593 ]
 [ 0.22578461 -0.09382063  1.1820861 ]
 [ 0.14268047 -0.06056088  1.2318103 ]
 [ 0.10453036  0.09098136  1.0308456 ]
 [ 0.09883206  0.22669038  0.8013997 ]
 [ 0.25614804  0.20440617  0.7781156 ]
 [ 0.06521021 -0.15896112  1.0691814 ]
 [-0.12450239 -0.24682672  0.94518375]
 [-0.09321925 -0.34749064  0.7667289 ]]
[[ 0.          0.          0.6541984 ]
 [ 0.00334328 -0.10925989  0.6598075 ]
 [ 0.25988248  0.04218999  0.42275923]
 [ 0.15830866  0.14067629  0.04956698]
 [ 0.31998715  0.17785394  0.        ]
 [-0.00342689  0.10909897  0.6485758 ]
 [ 0.03602497  0.15020843  0.2788561 ]
 [-0.38937336 -0.04407498  0.37298602]
 [-0.50838387 -0.02302575  0.3466373 ]
 [ 0.05935454 -0.00878902  0.86902285]
 [ 0.1262677  -0.0514006   1.1225872 ]
 [ 0.23348156 -0.11017376  1.2108358 ]
 [ 0.16033432 -0.07464933  1.2583107 ]
 [ 0.10852144  0.08234233  1.0624964 ]
 [ 0.06816256  0.2300998   0.8474896 ]
 [ 0.17783785  0.21754195  0.73571897]
 [ 0.07941774 -0.16815382  1.0785967 ]
 [-0.06489123 -0.2568692   0.88077676]
 [-0.03294395 -0.41389537  0.74420536]]
[[ 0.          0.          0.6321995 ]
 [-0.00220721 -0.10616589  0.63238573]
 [ 0.21214205  0.01353203  0.3938917 ]
 [ 0.06422709  0.17131144  0.07236218]
 [ 0.22001441  0.21450618  0.        ]
 [ 0.00211604  0.1060029   0.63197815]
 [ 0.11873226  0.1371293   0.294195  ]
 [-0.32807046 -0.03787163  0.3722348 ]
 [-0.43328843 -0.02557594  0.31720936]
 [ 0.06037219 -0.01888388  0.8468261 ]
 [ 0.13265273 -0.06025809  1.1000428 ]
 [ 0.24388292 -0.1090368   1.1866257 ]
 [ 0.1692425  -0.07318485  1.2324506 ]
 [ 0.11292034  0.07366702  1.0426283 ]
 [ 0.02476423  0.20648709  0.85622835]
 [ 0.09086412  0.19558257  0.72557014]
 [ 0.08393386 -0.18391553  1.0598537 ]
 [-0.05310936 -0.3091157   0.8867028 ]
 [-0.01415694 -0.4735309   0.7668247 ]]
[[ 0.          0.          0.62452596]
 [-0.00938358 -0.10292619  0.6193989 ]
 [ 0.07188004 -0.02403498  0.35147133]
 [-0.12772073  0.12945142  0.1105361 ]
 [-0.02803051  0.18837544  0.        ]
 [ 0.00927353  0.10272652  0.629584  ]
 [ 0.24068007  0.07579449  0.34213534]
 [-0.18812615 -0.03534448  0.30161494]
 [-0.23119602 -0.01930273  0.1834203 ]
 [ 0.07084206 -0.01019786  0.8387077 ]
 [ 0.14558798 -0.04501301  1.0952467 ]
 [ 0.25842172 -0.0897446   1.181215  ]
 [ 0.18721935 -0.05626374  1.2295924 ]
 [ 0.10774107  0.08176181  1.0475397 ]
 [-0.06474046  0.20432737  0.9347825 ]
 [-0.07812539  0.20269015  0.71528506]
 [ 0.12272681 -0.1739386   1.041953  ]
 [ 0.05738892 -0.29671237  0.82003045]
 [ 0.1257168  -0.3897686   0.8261803 ]]
[[ 0.          0.          0.59435225]
 [-0.01250658 -0.10467973  0.57426566]
 [-0.1167493  -0.06705195  0.26456413]
 [-0.39431965  0.0160526   0.21453443]
 [-0.41644728  0.09873056  0.09664631]
 [ 0.01240556  0.10446665  0.6143131 ]
 [ 0.3182029   0.1376653   0.3962581 ]
 [ 0.07844803  0.08354166  0.11543328]
 [ 0.19332331  0.10190409  0.        ]
 [ 0.06738876 -0.01195242  0.80962616]
 [ 0.13650902 -0.03349257  1.0685484 ]
 [ 0.24191603 -0.06721371  1.1604052 ]
 [ 0.17104861 -0.05021191  1.2086515 ]
 [ 0.08887276  0.09875569  1.0234088 ]
 [-0.11654393  0.23335692  0.9434881 ]
 [-0.10633686  0.26456726  0.7200383 ]
 [ 0.14876318 -0.17427543  1.016212  ]
 [ 0.10158025 -0.34076738  0.8071137 ]
 [ 0.1939491  -0.26486498  0.84792936]]
[[ 0.          0.          0.62461936]
 [-0.0016101  -0.09514234  0.6035942 ]
 [-0.1315932  -0.08233175  0.27650493]
 [-0.48667306 -0.06148705  0.32814512]
 [-0.57750446  0.02021423  0.2554452 ]
 [ 0.00152778  0.09495011  0.6455233 ]
 [ 0.29986078  0.1863391   0.42613775]
 [ 0.21008772  0.15890554  0.06766015]
 [ 0.35048848  0.17180687  0.        ]
 [ 0.06079487 -0.01034284  0.839857  ]
 [ 0.12885617 -0.0129281   1.0978581 ]
 [ 0.22815648 -0.04351729  1.194824  ]
 [ 0.16072047 -0.03129572  1.2356218 ]
 [ 0.07693493  0.11300117  1.0465952 ]
 [-0.11140874  0.24982953  0.93424547]
 [-0.05471085  0.29314408  0.7205548 ]
 [ 0.15729973 -0.14948946  1.0556061 ]
 [ 0.10280445 -0.3164498   0.85440016]
 [ 0.18821424 -0.25804058  0.8222109 ]]
[[ 0.          0.          0.6486837 ]
 [ 0.00335786 -0.09695645  0.628374  ]
 [-0.08994987 -0.0906342   0.2792102 ]
 [-0.47505805 -0.10082084  0.38793594]
 [-0.59163463 -0.02641612  0.33519366]
 [-0.00343458  0.09677569  0.668886  ]
 [ 0.26805365  0.20172805  0.4253911 ]
 [ 0.19119868  0.1880768   0.05495423]
 [ 0.34424472  0.19735718  0.        ]
 [ 0.05996266 -0.00201343  0.86402357]
 [ 0.1295065   0.00544825  1.1203705 ]
 [ 0.22680223 -0.02544993  1.2176684 ]
 [ 0.16137907 -0.01340944  1.2560256 ]
 [ 0.07946745  0.13218632  1.060648  ]
 [-0.07480779  0.26688376  0.9144987 ]
 [ 0.03288054  0.3201412   0.73542786]
 [ 0.15938589 -0.13329178  1.0837612 ]
 [ 0.08065017 -0.29012886  0.88900256]
 [ 0.18146655 -0.21480379  0.8121606 ]]
[[ 0.          0.          0.66292036]
 [ 0.00679776 -0.10492213  0.64425224]
 [-0.02214034 -0.1109013   0.3001944 ]
 [-0.42835987 -0.12898944  0.42275771]
 [-0.5431136  -0.06151368  0.38122013]
 [-0.00688855  0.10472675  0.681483  ]
 [ 0.24416676  0.2244342   0.4404311 ]
 [ 0.09709432  0.20870626  0.08357286]
 [ 0.2619012   0.22270924  0.        ]
 [ 0.05757607  0.00992057  0.87884337]
 [ 0.128773    0.02550736  1.1354151 ]
 [ 0.22915056 -0.00826448  1.2319582 ]
 [ 0.15944414  0.00851959  1.2679127 ]
 [ 0.08630482  0.16052383  1.0693997 ]
 [-0.00940572  0.30605826  0.9036291 ]
 [ 0.15484095  0.3778744   0.78066033]
 [ 0.1506841  -0.11920029  1.1034561 ]
 [ 0.05121575 -0.27383077  0.9183378 ]
 [ 0.12782909 -0.18768074  0.8164812 ]]
[[ 0.          0.          0.6773008 ]
 [ 0.01534866 -0.1140708   0.66285926]
 [ 0.1448741  -0.10010785  0.3333077 ]
 [-0.29441583 -0.12690485  0.42154145]
 [-0.37722817 -0.06791008  0.34366068]
 [-0.01545081  0.11385056  0.6916518 ]
 [ 0.16014354  0.22159837  0.40094993]
 [-0.08873323  0.18688312  0.09811741]
 [ 0.04076944  0.2137346   0.        ]
 [ 0.05836324  0.01461384  0.8942374 ]
 [ 0.125993    0.03036293  1.1521311 ]
 [ 0.23512962 -0.00577348  1.2447892 ]
 [ 0.15277256  0.01128578  1.2816012 ]
 [ 0.09045142  0.16861641  1.0774877 ]
 [ 0.05441789  0.27763182  0.86961067]
 [ 0.25068662  0.32375652  0.82817435]
 [ 0.13759756 -0.11575454  1.1281173 ]
 [-0.01030307 -0.26293537  0.9795516 ]
 [ 0.03838761 -0.17305522  0.82165873]]
[[ 0.          0.          0.6125202 ]
 [ 0.00584078 -0.11463584  0.6069502 ]
 [ 0.32397574 -0.09219053  0.35629547]
 [-0.01316907 -0.09393942  0.19323355]
 [ 0.03734382 -0.06869256  0.08395803]
 [-0.00592497  0.11442468  0.61804014]
 [ 0.03811337  0.2131963   0.26216018]
 [-0.3158694   0.21805301  0.1263926 ]
 [-0.30921334  0.27922368  0.        ]
 [ 0.04625897  0.01136544  0.83171546]
 [ 0.10424818  0.01467904  1.0907296 ]
 [ 0.2229465  -0.02707464  1.1684103 ]
 [ 0.1361826   0.00408268  1.2211131 ]
 [ 0.10418677  0.1552817   1.0165162 ]
 [ 0.1347555   0.28021848  0.7874604 ]
 [ 0.32705075  0.27591568  0.8444439 ]
 [ 0.07413229 -0.1214526   1.0818738 ]
 [-0.14607126 -0.24155167  1.068481  ]
 [-0.11114261 -0.17462838  0.8507114 ]]
[[ 0.          0.          0.5905146 ]
 [-0.00537293 -0.1148802   0.58777857]
 [ 0.3028968  -0.12299959  0.38270912]
 [ 0.16283613 -0.07309592  0.04468304]
 [ 0.3126329  -0.04947031  0.        ]
 [ 0.00531318  0.11467703  0.59323484]
 [ 0.03941765  0.1838446   0.22678578]
 [-0.35983104  0.18126002  0.18158719]
 [-0.4150135   0.24006319  0.07071114]
 [ 0.03852781 -0.00260845  0.8123268 ]
 [ 0.09569789 -0.01322812  1.0707004 ]
 [ 0.21962173 -0.06610572  1.1456811 ]
 [ 0.14184947 -0.02613527  1.1950401 ]
 [ 0.10626282  0.12442231  1.0050434 ]
 [ 0.10079866  0.2545532   0.770694  ]
 [ 0.27211466  0.21446215  0.77206445]
 [ 0.04164943 -0.143379    1.0558009 ]
 [-0.19382633 -0.2592671   1.00829   ]
 [-0.18323997 -0.30965552  0.78376335]]
[[ 0.00000000e+00  0.00000000e+00  5.99627912e-01]
 [-7.56968185e-03 -1.17017850e-01  5.98902881e-01]
 [ 2.88688987e-01 -1.08868644e-01  3.84723514e-01]
 [ 2.17224762e-01 -5.75491190e-02  1.84597969e-02]
 [ 3.78893077e-01 -4.27402854e-02  0.00000000e+00]
 [ 7.50569999e-03  1.16814815e-01  6.00330949e-01]
 [ 9.09106433e-02  1.86166301e-01  2.38647223e-01]
 [-3.07238489e-01  1.97754383e-01  2.05228776e-01]
 [-3.39283854e-01  2.44785666e-01  9.08071995e-02]
 [ 4.27307524e-02  1.00299716e-03  8.20504665e-01]
 [ 1.02859184e-01 -1.22301579e-02  1.07825148e+00]
 [ 2.26338297e-01 -6.40822351e-02  1.15673280e+00]
 [ 1.40777230e-01 -1.79522038e-02  1.20820332e+00]
 [ 1.11014016e-01  1.25811279e-01  1.01674056e+00]
 [ 8.05039257e-02  2.54239947e-01  7.84494996e-01]
 [ 2.54779428e-01  2.32469618e-01  7.29192853e-01]
 [ 4.19042930e-02 -1.40254527e-01  1.05737615e+00]
 [-1.78579837e-01 -2.58740246e-01  9.71807480e-01]
 [-1.59117281e-01 -3.16204846e-01  7.43533552e-01]]
[[ 0.00000000e+00  0.00000000e+00  6.23476207e-01]
 [-1.08761285e-02 -1.17653407e-01  6.23036742e-01]
 [ 2.56798536e-01 -1.26702487e-01  3.97544920e-01]
 [ 1.61164299e-01 -7.40941167e-02  4.50332761e-02]
 [ 3.15651923e-01 -5.60350418e-02  0.00000000e+00]
 [ 1.07970368e-02  1.17440216e-01  6.23887241e-01]
 [ 1.60928711e-01  2.23790675e-01  2.84575850e-01]
 [-2.30415374e-01  2.10960954e-01  2.31670976e-01]
 [-2.47262657e-01  2.57320732e-01  1.08467937e-01]
 [ 5.23594655e-02  8.98301601e-04  8.42709661e-01]
 [ 1.11024626e-01 -1.56232715e-02  1.10143888e+00]
 [ 2.26463303e-01 -6.04182184e-02  1.18712008e+00]
 [ 1.40401110e-01 -1.31618381e-02  1.23341465e+00]
 [ 1.12580106e-01  1.25783086e-01  1.04253340e+00]
 [ 6.91971034e-02  2.46246800e-01  8.12087357e-01]
 [ 2.04296902e-01  2.25521177e-01  7.18092799e-01]
 [ 5.18884212e-02 -1.43885225e-01  1.07070923e+00]
 [-1.51172549e-01 -2.63837218e-01  9.51152086e-01]
 [-1.24828041e-01 -3.48367125e-01  7.30403483e-01]]
[[ 0.          0.          0.61663806]
 [-0.01698052 -0.11865437  0.61145926]
 [ 0.24283546 -0.11510366  0.38088012]
 [ 0.11047457 -0.00975448  0.05094361]
 [ 0.2748889   0.0015927   0.        ]
 [ 0.01690085  0.11845785  0.62178814]
 [ 0.19486128  0.20430468  0.31465322]
 [-0.1914967   0.1946777   0.22113246]
 [-0.18007347  0.22523376  0.10540408]
 [ 0.05110752 -0.00268725  0.8356261 ]
 [ 0.10971719 -0.01585904  1.0944921 ]
 [ 0.22171056 -0.05927339  1.1782199 ]
 [ 0.13717051 -0.01207244  1.225916  ]
 [ 0.10933554  0.12461805  1.0336645 ]
 [ 0.0421796   0.23333442  0.8259031 ]
 [ 0.14424762  0.2071207   0.70113295]
 [ 0.05335049 -0.14905813  1.0655138 ]
 [-0.12480991 -0.27871054  0.9118552 ]
 [-0.08982134 -0.36834058  0.7269664 ]]
[[ 0.          0.          0.5628592 ]
 [-0.02186813 -0.11517131  0.54910517]
 [ 0.1336804  -0.06057709  0.2916491 ]
 [-0.07332939  0.08582762  0.11047721]
 [ 0.0255863   0.12435651  0.        ]
 [ 0.02175739  0.11493997  0.57651573]
 [ 0.27236214  0.13845566  0.34097612]
 [-0.04806194  0.04253551  0.09022078]
 [ 0.03753307  0.03745675  0.01446682]
 [ 0.06158245 -0.00497511  0.77922285]
 [ 0.11877999 -0.01959553  1.0394092 ]
 [ 0.22197104 -0.05828774  1.1349245 ]
 [ 0.14352676 -0.01931638  1.1737224 ]
 [ 0.10100097  0.12097085  0.98221004]
 [-0.03784066  0.25013095  0.82583165]
 [-0.01744875  0.26910427  0.621495  ]
 [ 0.08776256 -0.16402665  1.0027679 ]
 [-0.02113197 -0.31824046  0.8127018 ]
 [ 0.07060446 -0.41057813  0.7255707 ]]
[[ 0.          0.          0.57054216]
 [-0.02108398 -0.11456254  0.5547875 ]
 [-0.01677271 -0.05083558  0.25758168]
 [-0.29113346  0.09121183  0.15934926]
 [-0.25611043  0.15635392  0.06243736]
 [ 0.02098116  0.11437161  0.5861754 ]
 [ 0.29569894  0.11267442  0.34212294]
 [ 0.17086452  0.04528308  0.02644622]
 [ 0.29368228 -0.00210363  0.        ]
 [ 0.04217981 -0.00573675  0.7909208 ]
 [ 0.08872148 -0.01180783  1.0533415 ]
 [ 0.18256718 -0.04192472  1.1559645 ]
 [ 0.10677464 -0.01557988  1.1865752 ]
 [ 0.05329596  0.13254297  0.99837565]
 [-0.12281847  0.26202366  0.8543021 ]
 [-0.10169828  0.27585566  0.6301081 ]
 [ 0.08932243 -0.16108602  1.0179776 ]
 [ 0.03309694 -0.34500167  0.81741214]
 [ 0.18522683 -0.32442555  0.8045589 ]]
[[ 0.00000000e+00  0.00000000e+00  5.78649402e-01]
 [-1.48730353e-02 -1.10088579e-01  5.64706445e-01]
 [-6.24633133e-02 -7.27706254e-02  2.48520106e-01]
 [-3.86092722e-01  2.21914947e-02  1.88375711e-01]
 [-4.04451549e-01  1.03271991e-01  8.97017121e-02]
 [ 1.47806518e-02  1.09911285e-01  5.92467666e-01]
 [ 3.04396629e-01  1.54223144e-01  3.40154290e-01]
 [ 2.56026864e-01  1.34016782e-01  1.48960352e-02]
 [ 3.96424264e-01  9.29565430e-02  0.00000000e+00]
 [ 2.15218253e-02 -3.35727632e-03  8.01834941e-01]
 [ 5.10558076e-02 -6.40809536e-04  1.06498861e+00]
 [ 1.41090527e-01 -2.89059877e-02  1.17026758e+00]
 [ 6.67935312e-02 -7.89988041e-03  1.20043314e+00]
 [ 1.31834075e-02  1.41796231e-01  1.00762641e+00]
 [-1.31957114e-01  2.85333425e-01  8.50974321e-01]
 [-7.42699206e-02  2.76639104e-01  6.39923632e-01]
 [ 6.61078468e-02 -1.49167389e-01  1.03234673e+00]
 [ 2.70839036e-02 -3.43034595e-01  8.39451790e-01]
 [ 2.00991869e-01 -3.06492329e-01  8.29306483e-01]]
[[ 0.          0.          0.6060512 ]
 [-0.01786622 -0.10780047  0.59266436]
 [-0.04930303 -0.11230847  0.24760291]
 [-0.40475863 -0.0335868   0.21214798]
 [-0.4445095   0.03379619  0.13285589]
 [ 0.01777068  0.10763209  0.619321  ]
 [ 0.29365724  0.15784928  0.34986293]
 [ 0.23661533  0.15796348  0.01709241]
 [ 0.38235936  0.11990112  0.        ]
 [ 0.01826129 -0.0022072   0.8306407 ]
 [ 0.04648529  0.00833693  1.0928764 ]
 [ 0.1294693  -0.01856923  1.1990389 ]
 [ 0.05881479  0.00370175  1.2320964 ]
 [ 0.01220043  0.14851385  1.0312264 ]
 [-0.09993051  0.30395442  0.8620489 ]
 [-0.00642875  0.2924731   0.6772849 ]
 [ 0.05865604 -0.13849479  1.0636635 ]
 [ 0.02887419 -0.33634162  0.8819827 ]
 [ 0.19695395 -0.39284524  0.8517421 ]]
[[ 0.          0.          0.5886205 ]
 [-0.01634334 -0.11838384  0.5823295 ]
 [ 0.01181406 -0.11145368  0.24546158]
 [-0.3408178  -0.04782662  0.14417908]
 [-0.32144782 -0.01060969  0.07545662]
 [ 0.01622997  0.11820857  0.5947948 ]
 [ 0.2965329   0.14202912  0.3313184 ]
 [ 0.20802282  0.1354813   0.        ]
 [ 0.37812424  0.07948762  0.01106739]
 [ 0.02103696 -0.00461011  0.8124109 ]
 [ 0.04886165 -0.0017522   1.0746837 ]
 [ 0.13573128 -0.02919841  1.1837853 ]
 [ 0.05822055 -0.00361049  1.2176393 ]
 [ 0.02399437  0.14363179  1.0125362 ]
 [-0.05900395  0.30420014  0.85222995]
 [-0.0102673   0.25888255  0.6705234 ]
 [ 0.0495783  -0.15031704  1.0394002 ]
 [ 0.01082739 -0.3397962   0.8545623 ]
 [ 0.20134932 -0.3397212   0.86029804]]
[[ 0.0000000e+00  0.0000000e+00  6.3345319e-01]
 [-8.7127835e-04 -1.2409394e-01  6.3491154e-01]
 [ 1.5779305e-01 -9.2245907e-02  3.4887213e-01]
 [ 2.4990294e-02  7.8195930e-02  2.0489693e-02]
 [ 2.5886926e-01 -5.3463697e-02  1.7647332e-01]
 [ 8.0290064e-04  1.2397072e-01  6.3196152e-01]
 [ 9.7318128e-02  1.7008296e-01  3.1101012e-01]
 [ 5.8778308e-02  2.9101819e-01  0.0000000e+00]
 [ 2.8770998e-01  1.5436521e-01  1.8741685e-01]
 [ 1.9860979e-02 -1.7217696e-02  8.5411632e-01]
 [ 2.1222454e-02 -3.2574803e-02  1.1112543e+00]
 [ 7.5347848e-02 -6.0104012e-02  1.2160621e+00]
 [ 8.2462020e-03 -3.9189756e-02  1.2613647e+00]
 [ 1.9157153e-02  1.0464126e-01  1.0563641e+00]
 [ 5.2627280e-02  2.0813301e-01  8.6742729e-01]
 [ 1.4625809e-01  2.7598774e-01  8.0411065e-01]
 [ 1.3177648e-02 -1.7677873e-01  1.0716914e+00]
 [-1.9009948e-02 -3.5660586e-01  8.8949233e-01]
 [ 6.9684625e-02 -3.0044478e-01  8.3349949e-01]]
[[ 0.          0.          0.6487042 ]
 [-0.01564482 -0.11899657  0.6513975 ]
 [ 0.29804122 -0.26622966  0.50251305]
 [ 0.03078929 -0.26251417  0.21879655]
 [ 0.14080581 -0.28284913  0.1368025 ]
 [ 0.01550877  0.11881223  0.6459828 ]
 [ 0.01198249  0.30630696  0.28899667]
 [-0.2446827   0.34074697  0.0899179 ]
 [-0.18796289  0.39625806  0.        ]
 [ 0.01659094  0.02914348  0.8708931 ]
 [ 0.01767113  0.04156715  1.134065  ]
 [ 0.09635019 -0.00212497  1.2435716 ]
 [ 0.00911701  0.06026119  1.2816601 ]
 [ 0.07069772  0.17562214  1.0722126 ]
 [ 0.2437855   0.2184422   0.88048726]
 [ 0.3395235   0.06489149  0.9336517 ]
 [-0.02917841 -0.09568152  1.0971329 ]
 [-0.06999414 -0.33708712  1.0047076 ]
 [ 0.12310115 -0.3080911   1.0695007 ]]
[[ 0.00000000e+00  0.00000000e+00  5.73131084e-01]
 [-1.68071315e-02 -1.22352928e-01  5.78255236e-01]
 [ 2.96904802e-01 -2.86795229e-01  4.51170355e-01]
 [ 9.19987857e-02 -2.65968382e-01  1.17387235e-01]
 [ 2.25608677e-01 -2.81386793e-01  5.84505796e-02]
 [ 1.66679360e-02  1.22189403e-01  5.67980886e-01]
 [-2.12386027e-02  2.79881060e-01  1.93710625e-01]
 [-3.08429599e-01  2.75089920e-01  6.81402087e-02]
 [-2.60280341e-01  3.12829912e-01  0.00000000e+00]
 [ 5.26600890e-03  2.98527032e-02  7.95770168e-01]
 [-9.03960317e-04  4.97570336e-02  1.05907464e+00]
 [ 7.10875243e-02  4.61703539e-03  1.16630507e+00]
 [-1.09994449e-02  5.81784844e-02  1.21041191e+00]
 [ 5.21966703e-02  1.79260910e-01  9.93016839e-01]
 [ 2.35524923e-01  1.75389856e-01  7.88187921e-01]
 [ 3.27536672e-01 -2.03958154e-03  8.37756395e-01]
 [-4.62758802e-02 -8.95582438e-02  1.02645457e+00]
 [-8.57052505e-02 -3.40752184e-01  9.76586044e-01]
 [ 1.22889236e-01 -2.90024847e-01  1.03402030e+00]]
[[ 0.          0.          0.54364634]
 [-0.0195998  -0.12250758  0.5509529 ]
 [ 0.31227452 -0.28002307  0.4238032 ]
 [ 0.07999173 -0.2842167   0.09982353]
 [ 0.2084558  -0.30502653  0.01816976]
 [ 0.01943452  0.1223252   0.53630954]
 [ 0.00836862  0.27675986  0.14395267]
 [-0.29252744  0.26419428  0.08540541]
 [-0.27501512  0.30085087  0.        ]
 [ 0.01110248  0.0338341   0.7648663 ]
 [ 0.0073015   0.04794043  1.0283332 ]
 [ 0.08080299  0.00564516  1.1410114 ]
 [-0.00334405  0.05251855  1.1846615 ]
 [ 0.05835863  0.17894495  0.9597584 ]
 [ 0.23395063  0.20583557  0.75116116]
 [ 0.32175264  0.02096936  0.7502128 ]
 [-0.03820186 -0.0904856   0.9873835 ]
 [-0.07714718 -0.32213807  0.88807833]
 [ 0.14552876 -0.2727278   0.9391797 ]]
[[ 0.0000000e+00  0.0000000e+00  5.3088427e-01]
 [-1.1263801e-02 -1.2363331e-01  5.3989935e-01]
 [ 3.1578383e-01 -2.6230884e-01  3.8444692e-01]
 [ 4.3522477e-02 -2.7157903e-01  7.1841359e-02]
 [ 1.6324183e-01 -2.8084749e-01  0.0000000e+00]
 [ 1.1103930e-02  1.2345855e-01  5.2184290e-01]
 [ 8.4653795e-03  2.7568296e-01  1.1979455e-01]
 [-3.2142681e-01  2.5718141e-01  8.2399040e-02]
 [-3.4351003e-01  2.9440659e-01  1.7621398e-02]
 [ 3.0465424e-05  3.3210352e-02  7.5558048e-01]
 [-8.1048645e-03  5.1557422e-02  1.0180317e+00]
 [ 6.6983074e-02  1.3010800e-02  1.1311077e+00]
 [-2.1989737e-02  5.5346727e-02  1.1715858e+00]
 [ 3.3557422e-02  1.8384749e-01  9.4222045e-01]
 [ 2.0308548e-01  2.2108099e-01  7.3873925e-01]
 [ 2.8812513e-01  7.6398507e-02  7.2146022e-01]
 [-5.2228067e-02 -8.7745309e-02  9.8359883e-01]
 [-1.0518083e-01 -3.3247149e-01  8.9109492e-01]
 [ 1.0041471e-01 -2.6299703e-01  9.2653060e-01]]
[[ 0.          0.          0.51069087]
 [-0.00347269 -0.12470578  0.52039665]
 [ 0.30524176 -0.22878727  0.3181309 ]
 [-0.0276098  -0.23341912  0.06712195]
 [ 0.05589719 -0.20915693  0.        ]
 [ 0.00332227  0.1245326   0.5009647 ]
 [ 0.00825801  0.24564317  0.08085927]
 [-0.38350976  0.17307313  0.12630445]
 [-0.45061198  0.18080556  0.07260805]
 [-0.01383963  0.03337401  0.73665607]
 [-0.0298446   0.05190232  0.998482  ]
 [ 0.05128649  0.0187481   1.115021  ]
 [-0.04521653  0.05206263  1.1543937 ]
 [-0.00963631  0.18347126  0.916547  ]
 [ 0.12561695  0.26089865  0.7135209 ]
 [ 0.17712413  0.16877349  0.67290187]
 [-0.06771915 -0.08492878  0.96302897]
 [-0.1371844  -0.31892985  0.8489526 ]
 [-0.02421506 -0.31626537  0.8490441 ]]
[[ 0.00000000e+00  0.00000000e+00  5.02248287e-01]
 [ 3.66806984e-04 -1.22146659e-01  5.12814581e-01]
 [ 2.57102072e-01 -1.96192265e-01  2.51252204e-01]
 [-1.18440896e-01 -1.94204092e-01  7.85147548e-02]
 [-7.28198141e-02 -1.50214165e-01  0.00000000e+00]
 [-5.14637679e-04  1.21945731e-01  4.91640657e-01]
 [-1.44922733e-03  2.13819951e-01  6.11298680e-02]
 [-4.17517841e-01  1.24178588e-01  1.67380959e-01]
 [-5.09888053e-01  1.07027918e-01  1.09916538e-01]
 [-3.21020596e-02  3.64075899e-02  7.26084113e-01]
 [-5.77880368e-02  5.98967075e-02  9.88015890e-01]
 [ 2.35645883e-02  2.85364985e-02  1.10544026e+00]
 [-7.25076646e-02  5.37666082e-02  1.13725960e+00]
 [-5.95041960e-02  1.87296212e-01  9.05682266e-01]
 [ 5.80362976e-03  2.81557083e-01  6.95413649e-01]
 [ 1.46580040e-02  2.30326116e-01  6.13866150e-01]
 [-8.52183476e-02 -7.26055503e-02  9.52099741e-01]
 [-1.67883039e-01 -2.73297846e-01  8.01778197e-01]
 [-1.24960914e-01 -3.22796732e-01  7.48363495e-01]]
[[ 0.          0.          0.48576155]
 [ 0.00379511 -0.11777225  0.4945676 ]
 [ 0.19958752 -0.17687586  0.18386635]
 [-0.22022992 -0.15268552  0.06584352]
 [-0.20662332 -0.11130232  0.        ]
 [-0.00391968  0.11758575  0.4768969 ]
 [-0.00926431  0.18616787  0.04742429]
 [-0.4389033   0.08511567  0.15332994]
 [-0.549872    0.0575316   0.09748408]
 [-0.05479313  0.03074977  0.7063667 ]
 [-0.09280898  0.05394915  0.96601975]
 [-0.0125241   0.02814764  1.0814298 ]
 [-0.10786928  0.04440778  1.1137094 ]
 [-0.10224612  0.18517074  0.8813584 ]
 [-0.07348323  0.33790755  0.7135292 ]
 [-0.09710559  0.38548005  0.6741046 ]
 [-0.11878388 -0.07638007  0.9365676 ]
 [-0.21580972 -0.27862093  0.8227627 ]
 [-0.19361304 -0.26816356  0.7845701 ]]
[[ 0.          0.          0.5350706 ]
 [ 0.00219178 -0.11662954  0.54325247]
 [ 0.1640121  -0.16052449  0.2109235 ]
 [-0.25674984 -0.14352882  0.11390454]
 [-0.23737162 -0.08506566  0.        ]
 [-0.00229767  0.11642431  0.526822  ]
 [ 0.00895852  0.16318855  0.09924215]
 [-0.42525184  0.05622929  0.18503463]
 [-0.52600324  0.04523858  0.11131817]
 [-0.06279283  0.03195736  0.7534447 ]
 [-0.10792516  0.05808872  1.0132627 ]
 [-0.02317064  0.03427351  1.1243391 ]
 [-0.12342694  0.05241126  1.1538537 ]
 [-0.11692405  0.18875307  0.93347675]
 [-0.10810938  0.3645181   0.8078183 ]
 [-0.14610285  0.4047095   0.8201972 ]
 [-0.13098615 -0.07201713  0.9882997 ]
 [-0.23351884 -0.26445067  0.9507679 ]
 [-0.24627253 -0.32255617  0.9360919 ]]
[[ 0.0000000e+00  0.0000000e+00  5.4666507e-01]
 [ 7.2457641e-04 -1.1733783e-01  5.5428398e-01]
 [ 9.6362203e-02 -1.6429323e-01  1.9215727e-01]
 [-3.3204755e-01 -1.3918930e-01  1.0963774e-01]
 [-3.2795295e-01 -9.6039236e-02  0.0000000e+00]
 [-7.9777837e-04  1.1714598e-01  5.3896707e-01]
 [ 3.1830736e-02  1.3634533e-01  1.3146579e-01]
 [-3.6517382e-01  1.0103512e-01  1.6094792e-01]
 [-4.2993850e-01  1.1462101e-01  5.6823790e-02]
 [-7.6322086e-02  3.2726213e-02  7.5937229e-01]
 [-1.2398267e-01  6.2423587e-02  1.0174737e+00]
 [-4.5893140e-02  3.5948396e-02  1.1190734e+00]
 [-1.4034142e-01  4.7326326e-02  1.1576798e+00]
 [-1.3563940e-01  1.9914436e-01  9.4789118e-01]
 [-1.2644655e-01  4.0366626e-01  9.2883831e-01]
 [-1.1830053e-01  4.4745731e-01  1.0331100e+00]
 [-1.4521542e-01 -6.8265915e-02  1.0081241e+00]
 [-2.5197983e-01 -2.4527514e-01  1.1666389e+00]
 [-2.4145508e-01 -2.2936565e-01  1.2561722e+00]]
[[ 0.          0.          0.53595126]
 [-0.00264681 -0.11939915  0.54427344]
 [ 0.11449058 -0.16270047  0.1997835 ]
 [-0.29999122 -0.12909478  0.10977069]
 [-0.29273245 -0.08536109  0.        ]
 [ 0.00255493  0.1192051   0.52754766]
 [ 0.08855369  0.12813666  0.14300323]
 [-0.30457962  0.11623871  0.15102142]
 [-0.34659585  0.1441842   0.03283465]
 [-0.07252693  0.03025855  0.7481003 ]
 [-0.11683679  0.0595158   1.007225  ]
 [-0.03729008  0.02730757  1.1049895 ]
 [-0.13489194  0.0488342   1.1452335 ]
 [-0.12082686  0.1968559   0.94539505]
 [-0.07954799  0.4052613   0.98458093]
 [-0.05621101  0.38802683  1.095397  ]
 [-0.1405855  -0.075782    0.99644756]
 [-0.21448533 -0.27767542  1.162636  ]
 [-0.20613363 -0.30601355  1.2564259 ]]
[[ 0.00000000e+00  0.00000000e+00  5.06788373e-01]
 [-1.27408653e-04 -1.25754625e-01  5.14697075e-01]
 [ 1.78369969e-01 -1.51776969e-01  2.01474905e-01]
 [-2.48669684e-01 -9.78109241e-02  1.17431313e-01]
 [-2.38538012e-01 -4.70055044e-02  0.00000000e+00]
 [ 1.34035945e-05  1.25548318e-01  4.98804063e-01]
 [ 1.45653754e-01  1.25849307e-01  1.50070012e-01]
 [-2.68544972e-01  9.53738093e-02  1.49100274e-01]
 [-2.96446055e-01  1.24546945e-01  2.83621550e-02]
 [-6.42977208e-02  2.86473036e-02  7.20858932e-01]
 [-9.76339877e-02  5.69468141e-02  9.82634544e-01]
 [-1.20460764e-02  1.87179446e-02  1.07364297e+00]
 [-1.04504198e-01  5.06792665e-02  1.11693048e+00]
 [-9.90204513e-02  1.96227670e-01  9.23480988e-01]
 [-1.17394030e-02  3.84817690e-01  9.82604444e-01]
 [ 8.98990035e-03  3.62890869e-01  1.07821476e+00]
 [-1.23829529e-01 -8.15696716e-02  9.72122550e-01]
 [-2.04864070e-01 -2.99671948e-01  1.13687682e+00]
 [-1.62665710e-01 -3.31259906e-01  1.22213984e+00]]
[[ 0.          0.          0.49671447]
 [-0.00851195 -0.13283432  0.5074275 ]
 [ 0.29448754 -0.18163267  0.26630127]
 [-0.07510024 -0.12191236  0.11227322]
 [-0.01843259 -0.11327821  0.        ]
 [ 0.00836735  0.1326667   0.48594162]
 [ 0.3141783   0.12043342  0.23662835]
 [-0.06261061  0.13491711  0.14735177]
 [-0.02638913  0.17529538  0.0117496 ]
 [-0.02847028  0.02134308  0.713017  ]
 [-0.03970136  0.04058611  0.97584033]
 [ 0.06355254 -0.00181979  1.0507818 ]
 [-0.03254367  0.0398885   1.1037568 ]
 [-0.02454401  0.18202463  0.9325827 ]
 [ 0.15407495  0.3061188   1.0685954 ]
 [ 0.2082513   0.15179878  1.2121043 ]
 [-0.063943   -0.103825    0.962614  ]
 [-0.06409448 -0.3435659   1.1412067 ]
 [ 0.06515028 -0.31707594  1.271692  ]]
[[ 0.          0.          0.5015455 ]
 [-0.01727466 -0.13108386  0.5126834 ]
 [ 0.36311495 -0.21326846  0.35494965]
 [ 0.12710148 -0.1932376   0.08231309]
 [ 0.25789022 -0.2085666   0.01977322]
 [ 0.01710425  0.13095352  0.4903601 ]
 [ 0.41823757  0.09409661  0.33971685]
 [ 0.12560919  0.09578049  0.11079118]
 [ 0.2206232   0.1277959   0.        ]
 [ 0.01867152  0.0150945   0.7175175 ]
 [ 0.04559258  0.03760645  0.9743774 ]
 [ 0.16829407 -0.00340658  1.0335143 ]
 [ 0.07108949  0.0483287   1.0947347 ]
 [ 0.07345505  0.17815357  0.9352556 ]
 [ 0.2826332   0.24240547  1.0295529 ]
 [ 0.335427    0.05409861  1.1343138 ]
 [ 0.01057795 -0.10730499  0.95995975]
 [ 0.06929691 -0.3389427   1.0644561 ]
 [ 0.20919499 -0.25357127  1.199369  ]]
[[ 0.          0.          0.5013398 ]
 [-0.019757   -0.12351869  0.5138291 ]
 [ 0.37570906 -0.22477895  0.4082622 ]
 [ 0.30217752 -0.199853    0.04658955]
 [ 0.44952637 -0.22307625  0.02782056]
 [ 0.01958907  0.12336545  0.48879907]
 [ 0.42640582  0.07327253  0.40022343]
 [ 0.2774022   0.0646829   0.053866  ]
 [ 0.40951657  0.08797699  0.        ]
 [ 0.04549981 -0.00217758  0.70986784]
 [ 0.09859871  0.00758976  0.9522353 ]
 [ 0.23277196 -0.03932241  1.0067369 ]
 [ 0.14359671  0.01155126  1.0675681 ]
 [ 0.1288399   0.14707112  0.9135169 ]
 [ 0.35095555  0.25701398  0.9426917 ]
 [ 0.41495347  0.19197804  1.0162069 ]
 [ 0.05111448 -0.12592492  0.9340352 ]
 [ 0.05736312 -0.36927682  0.96709853]
 [ 0.19734892 -0.3265073   1.0573294 ]]
[[ 0.          0.          0.4573486 ]
 [-0.01923822 -0.1192307   0.4676312 ]
 [ 0.3853655  -0.2120771   0.38120356]
 [ 0.4272141  -0.20627177  0.01091331]
 [ 0.5841659  -0.23315954  0.02661401]
 [ 0.019081    0.11910649  0.44703132]
 [ 0.41775584  0.07183991  0.3760272 ]
 [ 0.40015388  0.0300512   0.00215265]
 [ 0.54835767  0.03521141  0.        ]
 [ 0.054551   -0.01409693  0.6645056 ]
 [ 0.11213703 -0.01607987  0.89977753]
 [ 0.2521782  -0.06502879  0.94480777]
 [ 0.16753818 -0.01594937  1.0063624 ]
 [ 0.14541256  0.11693364  0.85996175]
 [ 0.355677    0.20715663  0.8503951 ]
 [ 0.37919253  0.07291561  0.9035052 ]
 [ 0.06630209 -0.14330843  0.8758306 ]
 [ 0.1037322  -0.35700536  0.8555042 ]
 [ 0.18277708 -0.3471619   0.94609624]]
[[ 0.          0.          0.48630655]
 [-0.01781398 -0.11683103  0.49540022]
 [ 0.36780387 -0.19964689  0.40822563]
 [ 0.5076688  -0.21901345  0.01760149]
 [ 0.66278654 -0.24355283  0.06197578]
 [ 0.01769218  0.11669038  0.47717416]
 [ 0.37760746  0.07006382  0.39931634]
 [ 0.48886955  0.01300526  0.        ]
 [ 0.6381796  -0.00320983  0.04067108]
 [ 0.06480762 -0.02841356  0.68413574]
 [ 0.14574037 -0.03968176  0.915117  ]
 [ 0.28923124 -0.0890511   0.95579857]
 [ 0.2092993  -0.03806049  1.0153677 ]
 [ 0.17010601  0.09138817  0.86617017]
 [ 0.3139742   0.23787266  0.76894426]
 [ 0.31921795  0.23665309  0.82556987]
 [ 0.08772083 -0.15701899  0.8909398 ]
 [-0.06113874 -0.30486402  0.78608036]
 [ 0.17525983 -0.4542359   0.77867115]]
[[ 0.          0.          0.44299048]
 [-0.02370748 -0.11957566  0.4512167 ]
 [ 0.3799375  -0.1931898   0.37698174]
 [ 0.58385587 -0.19047397  0.01216868]
 [ 0.747221   -0.20574266  0.0742608 ]
 [ 0.02357921  0.1194562   0.43471313]
 [ 0.40767944  0.07856583  0.3753803 ]
 [ 0.5509646   0.00819394  0.        ]
 [ 0.7107065  -0.0089618   0.06475049]
 [ 0.06196342 -0.02780251  0.64543134]
 [ 0.13682136 -0.03591293  0.87612075]
 [ 0.2925865  -0.0816386   0.9107008 ]
 [ 0.2137342  -0.02518797  0.9688664 ]
 [ 0.16444956  0.09180379  0.82806623]
 [ 0.2575524   0.20312941  0.70269716]
 [ 0.2794286   0.1184088   0.6266487 ]
 [ 0.07844506 -0.15809998  0.8446096 ]
 [ 0.06240073 -0.3378004   0.71096724]
 [ 0.04564437 -0.33536786  0.6867559 ]]
[[ 0.          0.          0.43412226]
 [-0.02443769 -0.11959122  0.44334733]
 [ 0.37254727 -0.19066978  0.37418646]
 [ 0.6038923  -0.1853292   0.01851943]
 [ 0.7684592  -0.20826828  0.08334273]
 [ 0.024342    0.11945742  0.4248453 ]
 [ 0.40352064  0.08365136  0.37058562]
 [ 0.55889606  0.03978306  0.        ]
 [ 0.7147894   0.02896777  0.05605423]
 [ 0.04224197 -0.02239774  0.63615626]
 [ 0.11198464 -0.0259271   0.87649405]
 [ 0.27757967 -0.08129489  0.912699  ]
 [ 0.19653742 -0.01808959  0.9704072 ]
 [ 0.13957965  0.10313606  0.82141244]
 [ 0.14188935  0.22814165  0.6845597 ]
 [ 0.09860614  0.23696876  0.5994971 ]
 [ 0.04074824 -0.14350197  0.84486765]
 [-0.1275577  -0.25630558  0.6902118 ]
 [-0.14545536 -0.41922075  0.5914193 ]]
[[ 0.          0.          0.39313948]
 [-0.02787203 -0.11957538  0.4009969 ]
 [ 0.3700478  -0.21994711  0.34612018]
 [ 0.6111009  -0.21341419  0.01427442]
 [ 0.7872511  -0.24153173  0.07849035]
 [ 0.02779233  0.11943722  0.38522744]
 [ 0.42093465  0.08011071  0.35657537]
 [ 0.5332435   0.07264796  0.        ]
 [ 0.6918799   0.06071773  0.03302512]
 [ 0.02541981 -0.00328484  0.59239316]
 [ 0.0780819   0.00336757  0.8376444 ]
 [ 0.23914914 -0.0562349   0.88091815]
 [ 0.15865973  0.00707537  0.94023025]
 [ 0.10249561  0.13072118  0.78317726]
 [ 0.04294438  0.23187158  0.6387234 ]
 [-0.02245343  0.26701227  0.5271828 ]
 [ 0.00597296 -0.11477342  0.80186903]
 [-0.19636256 -0.21095732  0.66204935]
 [-0.22832777 -0.3734296   0.54070777]]
[[ 0.0000000e+00  0.0000000e+00  3.2785663e-01]
 [-3.0855976e-02 -1.1628598e-01  3.3166206e-01]
 [ 3.9309108e-01 -2.4549867e-01  3.0271944e-01]
 [ 6.1838055e-01 -2.3693818e-01  1.4923662e-02]
 [ 7.9566038e-01 -2.6069963e-01  6.1156660e-02]
 [ 3.0771013e-02  1.1614284e-01  3.2398677e-01]
 [ 4.4725561e-01  5.0903954e-02  3.1891644e-01]
 [ 5.1169342e-01  9.6893042e-02  0.0000000e+00]
 [ 6.6831875e-01  7.5298458e-02  1.9186854e-02]
 [ 7.6874392e-05 -4.9525499e-03  5.1552165e-01]
 [ 2.5859520e-02 -4.2621195e-03  7.5917363e-01]
 [ 1.8035862e-01 -6.6060394e-02  8.1635571e-01]
 [ 9.1924295e-02 -7.2741508e-03  8.7209606e-01]
 [ 4.7566708e-02  1.2442416e-01  7.0571792e-01]
 [-2.6603892e-02  2.3939759e-01  5.5719304e-01]
 [-8.1176341e-02  3.3281943e-01  4.1860572e-01]
 [-3.6584359e-02 -1.2138677e-01  7.1448672e-01]
 [-2.2650290e-01 -2.1537758e-01  5.4928011e-01]
 [-2.5749519e-01 -3.5458067e-01  4.0666857e-01]]
[[ 0.          0.          0.27589917]
 [-0.03145217 -0.11743274  0.27999687]
 [ 0.39546505 -0.2613328   0.27965772]
 [ 0.6150486  -0.22442843  0.02111816]
 [ 0.7960104  -0.24834785  0.07732925]
 [ 0.03135308  0.11728935  0.27174255]
 [ 0.45112038  0.02730709  0.29892537]
 [ 0.48587906  0.08589026  0.        ]
 [ 0.6443238   0.04631685  0.04162993]
 [-0.01973429  0.00510491  0.45694625]
 [-0.01594424  0.01104474  0.6950926 ]
 [ 0.13698427 -0.05264732  0.757188  ]
 [ 0.04715359  0.01116955  0.8076469 ]
 [ 0.00227651  0.136392    0.6408954 ]
 [-0.08972454  0.206353    0.46544892]
 [-0.14250803  0.27528673  0.2962914 ]
 [-0.07269038 -0.10724452  0.6446732 ]
 [-0.22750942 -0.19641155  0.4472921 ]
 [-0.2099426  -0.28029257  0.33564147]]
[[ 0.          0.          0.22071883]
 [-0.02708787 -0.1176537   0.22095305]
 [ 0.42428064 -0.24964449  0.26475573]
 [ 0.58906204 -0.1594376   0.03616181]
 [ 0.77393365 -0.18965703  0.10264751]
 [ 0.02697218  0.11752537  0.22042997]
 [ 0.47770363  0.0259096   0.28683734]
 [ 0.47137457  0.11107898  0.        ]
 [ 0.6523094   0.05931535  0.0611598 ]
 [-0.06013882  0.00255568  0.385518  ]
 [-0.10250562  0.0154883   0.6114522 ]
 [ 0.04168478 -0.04457992  0.67837286]
 [-0.0513281   0.01797545  0.7274531 ]
 [-0.07644011  0.13228798  0.55934125]
 [-0.12248737  0.19383362  0.39196408]
 [-0.1720448   0.20979151  0.2308875 ]
 [-0.14722438 -0.1031301   0.5566678 ]
 [-0.23032314 -0.23544015  0.3496462 ]
 [-0.21373758 -0.37044805  0.2968273 ]]
[[ 0.          0.          0.16873148]
 [-0.02917361 -0.11538692  0.15759331]
 [ 0.41076815 -0.2756441   0.21301737]
 [ 0.53311825 -0.07902175  0.02788648]
 [ 0.7439971  -0.13714036  0.10302885]
 [ 0.02903612  0.11526194  0.17980707]
 [ 0.5026332  -0.02752227  0.2677301 ]
 [ 0.4221999   0.09345687  0.        ]
 [ 0.61813605  0.03741259  0.06750789]
 [-0.11645865 -0.00786212  0.30789357]
 [-0.22774772 -0.00753152  0.5122537 ]
 [-0.11810143 -0.06518212  0.5939389 ]
 [-0.20593457 -0.00313446  0.63900447]
 [-0.19312972  0.11193508  0.4668084 ]
 [-0.11771509  0.22409128  0.3515229 ]
 [-0.07713257  0.24113378  0.2957431 ]
 [-0.25188679 -0.12147653  0.44334665]
 [-0.24312463 -0.28858942  0.29097527]
 [-0.18882656 -0.36330616  0.33024752]]
[[ 0.          0.          0.12441128]
 [-0.0307535  -0.11087985  0.09768771]
 [ 0.39372522 -0.27857518  0.15967871]
 [ 0.42511338  0.01104885  0.        ]
 [ 0.64351374 -0.05757706  0.06950913]
 [ 0.03062778  0.11082188  0.15109834]
 [ 0.4963534  -0.04614934  0.26591516]
 [ 0.39915287  0.12414247  0.00963833]
 [ 0.60728943  0.06652386  0.1007516 ]
 [-0.16182256 -0.00878166  0.23125061]
 [-0.3350336  -0.01587829  0.39838442]
 [-0.26071984 -0.06666061  0.49501723]
 [-0.34399354 -0.00410372  0.5315528 ]
 [-0.2812857   0.10051478  0.37199745]
 [-0.05615005  0.19781482  0.3391824 ]
 [ 0.01460265  0.05959299  0.40231925]
 [-0.3379423  -0.13044754  0.3165333 ]
 [-0.19393769 -0.33183956  0.22224498]
 [-0.17721733 -0.31596404  0.37542415]]
[[ 0.          0.          0.09292047]
 [-0.0408596  -0.09769976  0.04904057]
 [ 0.3716094  -0.3237467   0.15517733]
 [ 0.41402233 -0.0030423   0.00142123]
 [ 0.54470265 -0.03818643  0.00819739]
 [ 0.04070906  0.09767032  0.13678402]
 [ 0.48501256 -0.10333189  0.2823146 ]
 [ 0.39591473  0.13751756  0.02639122]
 [ 0.51515234  0.11783942  0.        ]
 [-0.19242623 -0.00159911  0.17836484]
 [-0.39998972 -0.0095706   0.3277601 ]
 [-0.33489406 -0.07113317  0.42235965]
 [-0.41294572 -0.00208381  0.45773035]
 [-0.31968594  0.08586934  0.32535988]
 [-0.03960624  0.0944699   0.35089844]
 [ 0.01720726 -0.09755978  0.45193273]
 [-0.40567657 -0.11747085  0.23840003]
 [-0.2253108  -0.33309084  0.19698082]
 [-0.22847304 -0.26909992  0.35400295]]
[[ 0.          0.          0.05927481]
 [-0.03539317 -0.08981736  0.        ]
 [ 0.37960345 -0.30091327  0.1175158 ]
 [ 0.45227376  0.04802605  0.00572044]
 [ 0.5796596   0.02096719  0.00159383]
 [ 0.03525824  0.08979411  0.11853481]
 [ 0.47222608 -0.10470916  0.28301287]
 [ 0.43126857  0.17241302  0.03122108]
 [ 0.571949    0.14020477  0.02783574]
 [-0.200147   -0.01438642  0.14152357]
 [-0.42032158 -0.04406604  0.28706074]
 [-0.3613552  -0.11192623  0.37816346]
 [-0.4423565  -0.05082768  0.41023594]
 [-0.33203876  0.04389134  0.3063262 ]
 [-0.03424648  0.05706719  0.34000462]
 [ 0.02936099 -0.12365842  0.41050202]
 [-0.4323284  -0.13563302  0.18431194]
 [-0.26232105 -0.35198265  0.14648403]
 [-0.2324276  -0.31841576  0.30865675]]
[[ 0.          0.          0.06473804]
 [-0.03601406 -0.08794072  0.        ]
 [ 0.38534975 -0.2873952   0.08177036]
 [ 0.5022917   0.09232661  0.02809075]
 [ 0.6430062   0.05052033  0.05096442]
 [ 0.03588294  0.08793276  0.12947176]
 [ 0.45835555 -0.11852762  0.3020101 ]
 [ 0.45114648  0.13300066  0.05413258]
 [ 0.58991873  0.09883167  0.05373856]
 [-0.20666775 -0.02066846  0.14617522]
 [-0.4288449  -0.04656467  0.29269755]
 [-0.37343556 -0.11567998  0.38543946]
 [-0.45197082 -0.05162641  0.4153046 ]
 [-0.33697075  0.03950888  0.31547907]
 [-0.03312921  0.05192277  0.34893817]
 [ 0.03592535 -0.1797098   0.4069298 ]
 [-0.44935897 -0.13543205  0.18556884]
 [-0.29417062 -0.35241848  0.14617714]
 [-0.25032732 -0.36543033  0.31057853]]
[[ 0.          0.          0.06908266]
 [-0.03904628 -0.08100926  0.        ]
 [ 0.3853249  -0.2700026   0.05662809]
 [ 0.546675    0.10607989  0.02163482]
 [ 0.6643592   0.06506035  0.04887915]
 [ 0.03891697  0.08098677  0.13816574]
 [ 0.44345868 -0.14930132  0.3186554 ]
 [ 0.47252333  0.08635408  0.09106276]
 [ 0.6135411   0.05115786  0.07590923]
 [-0.21195461 -0.01509401  0.14415511]
 [-0.43765563 -0.03835537  0.28464285]
 [-0.37982443 -0.11442147  0.37402016]
 [-0.45436    -0.04173064  0.40487346]
 [-0.33209142  0.03586113  0.31109762]
 [-0.02343372  0.00793788  0.3497675 ]
 [ 0.04582496 -0.24220023  0.39565858]
 [-0.46611044 -0.11724538  0.17100397]
 [-0.32026416 -0.33317035  0.12432275]
 [-0.28033486 -0.42032486  0.27195507]]
[[ 0.0000000e+00  0.0000000e+00  7.4007794e-02]
 [-4.3016292e-02 -7.6224215e-02  0.0000000e+00]
 [ 3.9291909e-01 -2.5954086e-01  5.7965256e-02]
 [ 5.6584811e-01  9.5435627e-02  3.2417625e-03]
 [ 6.5439928e-01  5.8461122e-02  1.5441671e-02]
 [ 4.2875472e-02  7.6198973e-02  1.4801852e-01]
 [ 4.3181992e-01 -1.7643002e-01  3.2777190e-01]
 [ 5.1386136e-01  3.7579037e-02  1.3489397e-01]
 [ 6.4636469e-01  2.3321882e-03  1.1119886e-01]
 [-2.0512670e-01 -1.3633646e-02  1.5246086e-01]
 [-4.3384227e-01 -4.4618472e-02  2.9276088e-01]
 [-3.8282230e-01 -1.1969212e-01  3.7484157e-01]
 [-4.5090073e-01 -4.3329239e-02  4.0833408e-01]
 [-3.1954125e-01  2.0234048e-02  3.2631022e-01]
 [-3.3639558e-04 -4.8294216e-02  3.6087400e-01]
 [ 5.2778855e-02 -2.9253900e-01  3.8737035e-01]
 [-4.6539885e-01 -1.1306008e-01  1.7167830e-01]
 [-3.1511337e-01 -3.1776646e-01  1.0591002e-01]
 [-2.6850554e-01 -4.2483658e-01  2.3097567e-01]]
[[ 0.          0.          0.0836518 ]
 [-0.04602989 -0.06801304  0.00180689]
 [ 0.38513786 -0.25388217  0.07335639]
 [ 0.5971253   0.09360613  0.        ]
 [ 0.69144976  0.0446739   0.0083442 ]
 [ 0.04589848  0.06798792  0.16550723]
 [ 0.41018656 -0.2003083   0.32627705]
 [ 0.56993496  0.02511694  0.18525715]
 [ 0.7160243  -0.01905312  0.18046944]
 [-0.19623    -0.0249438   0.17011857]
 [-0.4237446  -0.07295388  0.3158573 ]
 [-0.38345915 -0.14911246  0.39538395]
 [-0.4481094  -0.07079715  0.43063003]
 [-0.30416858 -0.01680562  0.36069566]
 [ 0.01483958 -0.10205242  0.38408154]
 [ 0.04807934 -0.34163836  0.3680086 ]
 [-0.46479532 -0.12848906  0.18587188]
 [-0.34087005 -0.33727074  0.0994419 ]
 [-0.2727858  -0.46460372  0.20132469]]
[[ 0.          0.          0.08717989]
 [-0.04548251 -0.06085078  0.        ]
 [ 0.37276566 -0.23531888  0.0512104 ]
 [ 0.61465776  0.10130982  0.01159412]
 [ 0.7326629   0.04328102  0.00947174]
 [ 0.04536096  0.06079671  0.17437   ]
 [ 0.39244628 -0.21446335  0.32238543]
 [ 0.621351   -0.030691    0.23420423]
 [ 0.7668179  -0.08296397  0.25618348]
 [-0.19016607 -0.03368973  0.18014091]
 [-0.41549444 -0.09706892  0.33159694]
 [-0.38473904 -0.17156672  0.4112573 ]
 [-0.44498426 -0.09656325  0.444239  ]
 [-0.29173353 -0.04759216  0.38145968]
 [ 0.02167283 -0.13021672  0.38498688]
 [ 0.03718963 -0.3650602   0.32776275]
 [-0.46380508 -0.14024302  0.1964235 ]
 [-0.36804932 -0.333616    0.07411056]
 [-0.28630054 -0.5244957   0.14791143]]
[[ 0.          0.          0.0967208 ]
 [-0.04825364 -0.05767506  0.00682124]
 [ 0.36730167 -0.219123    0.01890015]
 [ 0.6663411   0.09015375  0.        ]
 [ 0.78418416  0.02616192  0.0120241 ]
 [ 0.04813923  0.05762132  0.18664274]
 [ 0.37176138 -0.23629801  0.3149092 ]
 [ 0.66278297 -0.14504148  0.26094294]
 [ 0.7863493  -0.20714861  0.298105  ]
 [-0.18294303 -0.04701541  0.19509211]
 [-0.39833432 -0.11958879  0.35035425]
 [-0.37818062 -0.19166002  0.42663598]
 [-0.42829114 -0.11809269  0.45791084]
 [-0.2693918  -0.07791613  0.40146452]
 [ 0.02714138 -0.16157077  0.37014937]
 [ 0.02577721 -0.38994974  0.2720223 ]
 [-0.45822185 -0.15425748  0.21206333]
 [-0.39237857 -0.3347499   0.06097884]
 [-0.3201635  -0.5721177   0.10223185]]
[[ 0.          0.          0.12015131]
 [-0.04813711 -0.05152312  0.031455  ]
 [ 0.35936612 -0.19223878  0.01564587]
 [ 0.6831298   0.10761946  0.        ]
 [ 0.81243265  0.0358163   0.00922489]
 [ 0.04802314  0.05146417  0.20887299]
 [ 0.35930383 -0.24490687  0.31778863]
 [ 0.6838273  -0.18897712  0.28799802]
 [ 0.8032867  -0.25601166  0.33740407]
 [-0.17590787 -0.05782936  0.2208291 ]
 [-0.3854798  -0.14387304  0.37587306]
 [-0.37513244 -0.21573825  0.4489043 ]
 [-0.41851503 -0.14564362  0.47901276]
 [-0.25502285 -0.10957244  0.42701033]
 [ 0.02984326 -0.19503269  0.36882812]
 [ 0.01465552 -0.40444946  0.24154633]
 [-0.44992363 -0.16549565  0.23628834]
 [-0.39419279 -0.32365212  0.05497852]
 [-0.32748207 -0.57277095  0.06784305]]
[[ 0.          0.          0.1407533 ]
 [-0.0503976  -0.04555544  0.05390427]
 [ 0.35569197 -0.1826118   0.0214102 ]
 [ 0.69128263  0.11108816  0.        ]
 [ 0.823789    0.03656566  0.00243627]
 [ 0.05028368  0.04549628  0.2276332 ]
 [ 0.35047114 -0.25637972  0.3251788 ]
 [ 0.70372987 -0.21426806  0.32031426]
 [ 0.8245286  -0.28407198  0.3738453 ]
 [-0.16867936 -0.05939516  0.24089742]
 [-0.3741135  -0.1540422   0.39266792]
 [-0.37255472 -0.22499682  0.46231604]
 [-0.40920848 -0.15416616  0.49130365]
 [-0.24192522 -0.12349017  0.44465733]
 [ 0.03528875 -0.20128386  0.3706737 ]
 [ 0.01113957 -0.4039271   0.22589469]
 [-0.441365   -0.16542286  0.25224409]
 [-0.38750207 -0.30494872  0.05380103]
 [-0.3374927  -0.5599257   0.05681404]]
[[ 0.          0.          0.17691758]
 [-0.05106601 -0.03504095  0.09106495]
 [ 0.3462096  -0.15654466  0.03578621]
 [ 0.6889657   0.1285993   0.01788706]
 [ 0.81823087  0.0600958   0.        ]
 [ 0.05096098  0.03497505  0.26280126]
 [ 0.33967984 -0.26042262  0.33494017]
 [ 0.72287714 -0.22790436  0.3500058 ]
 [ 0.84258187 -0.29883587  0.40312386]
 [-0.16517955 -0.06454188  0.27806577]
 [-0.36758298 -0.16397445  0.42903975]
 [-0.3729877  -0.23100863  0.49810305]
 [-0.4059535  -0.16068543  0.5240222 ]
 [-0.23543644 -0.14072236  0.4806633 ]
 [ 0.02961276 -0.21601602  0.3896847 ]
 [-0.00475657 -0.40815586  0.23573256]
 [-0.4380414  -0.16372162  0.2908522 ]
 [-0.3942208  -0.28302383  0.07738307]
 [-0.36722767 -0.54084086  0.07432684]]
[[ 0.          0.          0.1916021 ]
 [-0.05031995 -0.02567283  0.10689476]
 [ 0.34194368 -0.12488112  0.03234509]
 [ 0.69483733  0.15198483  0.02526708]
 [ 0.8269721   0.08145747  0.        ]
 [ 0.05021701  0.025604    0.27633825]
 [ 0.32618418 -0.2614678   0.32230955]
 [ 0.7287252  -0.24544846  0.35042563]
 [ 0.8391112  -0.32016182  0.39553654]
 [-0.16377382 -0.06965579  0.29065174]
 [-0.3651342  -0.17623734  0.43818897]
 [-0.38150612 -0.23987025  0.5026275 ]
 [-0.40642887 -0.17141303  0.5283469 ]
 [-0.23311931 -0.16121897  0.4898554 ]
 [ 0.02143236 -0.230787    0.38612366]
 [-0.02694538 -0.42044437  0.23173083]
 [-0.4377675  -0.16385189  0.30371875]
 [-0.40288347 -0.2665915   0.07711773]
 [-0.39560464 -0.51900184  0.08884279]]
[[ 0.          0.          0.21850075]
 [-0.04765484 -0.01680971  0.13530183]
 [ 0.33048615 -0.09778447  0.03337529]
 [ 0.6879332   0.174768    0.03166862]
 [ 0.8272401   0.09769428  0.        ]
 [ 0.04754482  0.01673032  0.30172417]
 [ 0.30543542 -0.26860625  0.3117607 ]
 [ 0.71776617 -0.259727    0.34875196]
 [ 0.82327485 -0.3361758   0.38323286]
 [-0.16256835 -0.07140495  0.3141787 ]
 [-0.36367506 -0.17872092  0.457824  ]
 [-0.38902742 -0.24055874  0.51813173]
 [-0.40927547 -0.1733591   0.54677075]
 [-0.2330328  -0.17507927  0.50924146]
 [ 0.00761555 -0.2582093   0.39491957]
 [-0.05685803 -0.43719515  0.2274807 ]
 [-0.43494743 -0.15135822  0.32585835]
 [-0.40612605 -0.23333867  0.08722492]
 [-0.41718596 -0.4954084   0.08660932]]
[[ 0.          0.          0.2523396 ]
 [-0.04553848 -0.001978    0.17325233]
 [ 0.318458   -0.07075115  0.03687713]
 [ 0.681664    0.20020087  0.04449123]
 [ 0.82454747  0.1197771   0.        ]
 [ 0.04543178  0.00190191  0.33145258]
 [ 0.28686208 -0.27859446  0.30526698]
 [ 0.7101634  -0.2539653   0.348171  ]
 [ 0.81404215 -0.3321489   0.36566085]
 [-0.16603906 -0.07146563  0.3412131 ]
 [-0.3722061  -0.1773678   0.47459364]
 [-0.41260713 -0.23327668  0.52626586]
 [-0.4235373  -0.17152214  0.55771196]
 [-0.2434114  -0.18997474  0.5295763 ]
 [-0.01381139 -0.28170246  0.4025375 ]
 [-0.08925381 -0.4489199   0.22512564]
 [-0.4412794  -0.13093719  0.34564167]
 [-0.42044768 -0.19689128  0.10090625]
 [-0.4619801  -0.44827422  0.09070641]]
[[ 0.          0.          0.28067094]
 [-0.04604358  0.01118832  0.2053245 ]
 [ 0.30890492 -0.04394174  0.04502597]
 [ 0.6767341   0.22626655  0.06410438]
 [ 0.8179009   0.15218219  0.        ]
 [ 0.04593476 -0.01127887  0.35604233]
 [ 0.27428293 -0.2856788   0.29771775]
 [ 0.7059349  -0.24057727  0.35324675]
 [ 0.8148371  -0.31827545  0.35106844]
 [-0.1698395  -0.06992918  0.36157852]
 [-0.38229078 -0.17542614  0.48272306]
 [-0.43779284 -0.22568104  0.5223297 ]
 [-0.44076854 -0.17066905  0.5542768 ]
 [-0.25377935 -0.20151702  0.5403514 ]
 [-0.0319937  -0.2971579   0.4050793 ]
 [-0.11305739 -0.45196605  0.21926689]
 [-0.45125318 -0.11470222  0.35907736]
 [-0.43378234 -0.16082248  0.10462776]
 [-0.49782124 -0.39736968  0.0876224 ]]
[[ 0.          0.          0.30011067]
 [-0.04314396  0.02608733  0.22821118]
 [ 0.30075955 -0.00770158  0.04311594]
 [ 0.6725365   0.25619376  0.08076783]
 [ 0.8100922   0.1923305   0.        ]
 [ 0.0430381  -0.02618614  0.37203673]
 [ 0.25187373 -0.29949525  0.27733845]
 [ 0.6880959  -0.24385881  0.33969104]
 [ 0.79931414 -0.32314673  0.31732026]
 [-0.1740868  -0.06742018  0.37234122]
 [-0.39193237 -0.16669562  0.48008576]
 [-0.4685736  -0.20463488  0.50672394]
 [-0.4557531  -0.15415457  0.53987706]
 [-0.26542813 -0.20790339  0.5393323 ]
 [-0.05912112 -0.305955    0.39826405]
 [-0.12907478 -0.45756492  0.21186417]
 [-0.45697308 -0.09176659  0.363458  ]
 [-0.4475888  -0.11922391  0.10595328]
 [-0.5248691  -0.3596936   0.09325323]]
[[ 0.          0.          0.32071406]
 [-0.04185933  0.04144069  0.252989  ]
 [ 0.2874358   0.02207616  0.04052058]
 [ 0.658484    0.27597708  0.09694734]
 [ 0.79108083  0.21672536  0.        ]
 [ 0.04175463 -0.04155432  0.38846305]
 [ 0.23429143 -0.2998459   0.25233042]
 [ 0.6643466  -0.23852825  0.32826862]
 [ 0.7819096  -0.316333    0.28724778]
 [-0.18005317 -0.06274337  0.38175794]
 [-0.40573925 -0.15509233  0.47575495]
 [-0.49728113 -0.17629848  0.48804864]
 [-0.47506094 -0.13520044  0.52516747]
 [-0.28056318 -0.21058223  0.53720355]
 [-0.07732346 -0.3083915   0.39266843]
 [-0.14890665 -0.43962783  0.19029987]
 [-0.4673912  -0.06640147  0.36451745]
 [-0.46654338 -0.07992589  0.10513604]
 [-0.560514   -0.3230228   0.09097779]]
[[ 0.          0.          0.33962828]
 [-0.03864215  0.05705896  0.2781853 ]
 [ 0.26531446  0.04511505  0.0345965 ]
 [ 0.6388962   0.28476092  0.1116337 ]
 [ 0.7625551   0.23383258  0.        ]
 [ 0.03853717 -0.05718517  0.40109572]
 [ 0.19920719 -0.3168653   0.22104496]
 [ 0.6294663  -0.24383947  0.30444396]
 [ 0.7529675  -0.31973138  0.24956383]
 [-0.18628955 -0.04956064  0.39054054]
 [-0.42073923 -0.13295603  0.47198123]
 [-0.521824   -0.14159364  0.4736665 ]
 [-0.49120244 -0.10757148  0.51653934]
 [-0.29802135 -0.2025226   0.5313928 ]
 [-0.10007337 -0.28687668  0.36927745]
 [-0.17312035 -0.3990002   0.15903771]
 [-0.47700793 -0.03256273  0.36655086]
 [-0.4851466  -0.03263195  0.10235611]
 [-0.59362936 -0.2764587   0.07322359]]
[[ 0.          0.          0.36702263]
 [-0.03397315  0.07305934  0.31389254]
 [ 0.2269602   0.06132448  0.03079993]
 [ 0.6058385   0.28017384  0.1257365 ]
 [ 0.72282517  0.23612723  0.        ]
 [ 0.03387375 -0.07319827  0.42017862]
 [ 0.16006947 -0.32505715  0.18903679]
 [ 0.580394   -0.24664178  0.27789456]
 [ 0.7086496  -0.31710076  0.20860678]
 [-0.1947116  -0.04222451  0.407706  ]
 [-0.43731725 -0.11889763  0.47683173]
 [-0.5434616  -0.11871696  0.46796095]
 [-0.51006424 -0.09165615  0.5156095 ]
 [-0.3197176  -0.20467402  0.5313415 ]
 [-0.12420011 -0.27436098  0.342507  ]
 [-0.21496204 -0.36000523  0.13014385]
 [-0.48578846 -0.00531795  0.37816727]
 [-0.50254196  0.01565568  0.10601598]
 [-0.6257038  -0.21820402  0.06140625]]
[[ 0.          0.          0.3817141 ]
 [-0.02761108  0.08421317  0.33482894]
 [ 0.19344993  0.07535282  0.01704359]
 [ 0.58303654  0.27106622  0.13296157]
 [ 0.6947961   0.23102307  0.        ]
 [ 0.02751362 -0.08435082  0.42862934]
 [ 0.12513402 -0.32960895  0.16234183]
 [ 0.5427357  -0.24695215  0.25142318]
 [ 0.6741798  -0.31408292  0.17227827]
 [-0.19713089 -0.03317863  0.41520172]
 [-0.44431666 -0.10182489  0.4735934 ]
 [-0.56353027 -0.08760338  0.4533348 ]
 [-0.5209074  -0.06974494  0.5057265 ]
 [-0.3335477  -0.20000009  0.52378964]
 [-0.1469182  -0.25849333  0.31547502]
 [-0.22960076 -0.35847202  0.12100556]
 [-0.48359734  0.02157524  0.38150328]
 [-0.51134586  0.059301    0.10555768]
 [-0.64307904 -0.17013484  0.05476117]]
[[ 0.          0.          0.40216616]
 [-0.02299494  0.09282519  0.35942686]
 [ 0.17017445  0.09172082  0.01448265]
 [ 0.5645051   0.2661344   0.140223  ]
 [ 0.6703925   0.22948736  0.        ]
 [ 0.02290545 -0.09295809  0.4449364 ]
 [ 0.10601251 -0.31482387  0.14290434]
 [ 0.5136823  -0.23849544  0.23074149]
 [ 0.6464387  -0.30439684  0.14762682]
 [-0.19922431 -0.02920884  0.4325458 ]
 [-0.4470927  -0.08828747  0.48413128]
 [-0.5738101  -0.06178075  0.45116636]
 [-0.52599126 -0.05593218  0.51047647]
 [-0.344231   -0.19602789  0.53044075]
 [-0.16755742 -0.25050825  0.30949825]
 [-0.2565858  -0.33106223  0.10864484]
 [-0.47702932  0.04194319  0.3981033 ]
 [-0.5127616   0.09104291  0.11899379]
 [-0.65370166 -0.13378212  0.06269655]]
[[ 0.          0.          0.41768652]
 [-0.01879611  0.0965631   0.3783813 ]
 [ 0.14905742  0.10025418  0.0121153 ]
 [ 0.5434897   0.25808528  0.14514583]
 [ 0.64225113  0.22688115  0.        ]
 [ 0.01871007 -0.09669565  0.45702192]
 [ 0.08253911 -0.3020036   0.12882423]
 [ 0.48379487 -0.23035035  0.21463853]
 [ 0.6143283  -0.29658946  0.12698239]
 [-0.20322588 -0.02758078  0.44508007]
 [-0.45361465 -0.08165548  0.49070638]
 [-0.58386326 -0.04830811  0.45157972]
 [-0.53298104 -0.04764809  0.51217455]
 [-0.35710722 -0.1941475   0.5328834 ]
 [-0.18933819 -0.24450234  0.30282778]
 [-0.28189692 -0.30446666  0.0994218 ]
 [-0.4772123   0.05145041  0.41125447]
 [-0.52091616  0.10911477  0.13187122]
 [-0.6662784  -0.10829917  0.06855246]]
