[[ 0.          0.          0.7713914 ]
 [ 0.03118563 -0.08741738  0.75954825]
 [-0.14739004  0.00156018  0.42840108]
 [-0.553071   -0.05251226  0.60593647]
 [-0.66946876  0.04872789  0.594643  ]
 [-0.03111714  0.08721427  0.78270096]
 [ 0.25434774  0.19786604  0.47437564]
 [ 0.27103543  0.15842336  0.05513388]
 [ 0.4308895   0.1765508   0.        ]
 [ 0.09352837  0.04297449  0.9654384 ]
 [ 0.2016021   0.0605821   1.1698463 ]
 [ 0.31097895  0.02793056  1.1641518 ]
 [ 0.24691159  0.00534931  1.2318377 ]
 [ 0.08752517  0.13989207  1.1473196 ]
 [-0.14729393  0.24490869  1.0926381 ]
 [-0.16656467  0.28248972  0.84117866]
 [ 0.2613361  -0.06888252  1.1565968 ]
 [ 0.18207851 -0.25889158  1.0035913 ]
 [ 0.27183068 -0.19258717  0.7982884 ]]
[[ 0.          0.          0.7879095 ]
 [ 0.03896627 -0.08649588  0.7745031 ]
 [-0.10203759  0.01105693  0.4262327 ]
 [-0.5246828  -0.06481266  0.6368508 ]
 [-0.6448355   0.03947205  0.6496885 ]
 [-0.03887296  0.08635282  0.80082667]
 [ 0.23297644  0.21717194  0.478973  ]
 [ 0.21772173  0.17594403  0.06424475]
 [ 0.37399718  0.20051175  0.        ]
 [ 0.09731221  0.0564841   0.98217475]
 [ 0.21120475  0.08717918  1.1851199 ]
 [ 0.32314506  0.05165395  1.1816679 ]
 [ 0.25973234  0.03432009  1.2480693 ]
 [ 0.09548859  0.16879603  1.1595843 ]
 [-0.10416095  0.26351804  1.0597743 ]
 [-0.09567752  0.297078    0.8135635 ]
 [ 0.27425072 -0.04149976  1.1737587 ]
 [ 0.17335099 -0.23032856  1.0149255 ]
 [ 0.2375516  -0.16366068  0.81045693]]
[[ 0.          0.          0.77150667]
 [ 0.04571635 -0.10053417  0.7578443 ]
 [ 0.06168817 -0.02709708  0.36794806]
 [-0.409739   -0.12483341  0.59439665]
 [-0.5285998  -0.02932641  0.59939164]
 [-0.04554853  0.10051106  0.78486395]
 [ 0.17483482  0.284207    0.4402265 ]
 [ 0.03509019  0.22037575  0.08969051]
 [ 0.17831132  0.26270914  0.        ]
 [ 0.10637492  0.07175475  0.9620104 ]
 [ 0.2351584   0.12629458  1.1595333 ]
 [ 0.35277668  0.08266237  1.1717442 ]
 [ 0.28043088  0.06800482  1.2285707 ]
 [ 0.13117297  0.23413152  1.1269206 ]
 [ 0.07669069  0.33459073  0.93758005]
 [ 0.14222565  0.3126136   0.73549086]
 [ 0.2928431  -0.00612316  1.1518794 ]
 [ 0.13222584 -0.138804    0.9601393 ]
 [ 0.12600523 -0.11211738  0.795916  ]]
[[ 0.00000000e+00  0.00000000e+00  6.90938234e-01]
 [ 4.00957316e-02 -1.17788330e-01  6.78309321e-01]
 [ 2.43601948e-01 -8.46495032e-02  3.48177969e-01]
 [-2.02025473e-01 -2.11874425e-01  3.51149678e-01]
 [-2.29182541e-01 -1.64340854e-01  2.25858837e-01]
 [-3.98665965e-02  1.17784731e-01  7.03369915e-01]
 [ 1.50950700e-02  3.65521759e-01  3.54057819e-01]
 [-2.91446626e-01  2.70827025e-01  1.40413523e-01]
 [-1.88720256e-01  3.24404180e-01  0.00000000e+00]
 [ 1.05129406e-01  4.96369302e-02  8.90393794e-01]
 [ 2.36748219e-01  9.05109048e-02  1.09687114e+00]
 [ 3.53991240e-01  2.53419578e-02  1.11852145e+00]
 [ 2.76617527e-01 -1.10635161e-03  1.16530800e+00]
 [ 1.61321610e-01  2.18858361e-01  1.06787086e+00]
 [ 2.37488285e-01  2.85575032e-01  8.21604431e-01]
 [ 3.38928580e-01  1.55262232e-01  8.23017240e-01]
 [ 2.62964427e-01 -5.15881181e-02  1.08544540e+00]
 [ 9.78303701e-02 -1.33095264e-01  8.76955152e-01]
 [ 2.28827953e-01 -1.03401385e-01  7.89453804e-01]]
[[ 0.          0.          0.67500836]
 [ 0.03901134 -0.10765266  0.66203326]
 [ 0.36737368  0.03718971  0.44026464]
 [ 0.10596595 -0.02775386  0.16808671]
 [ 0.22315764  0.00320423  0.        ]
 [-0.03887731  0.10774915  0.6881192 ]
 [-0.16667524  0.2849248   0.41973326]
 [-0.5452701   0.18207808  0.24934128]
 [-0.55736095  0.21092421  0.11551243]
 [ 0.07666943  0.00512919  0.8727586 ]
 [ 0.17131531 -0.01493132  1.0863943 ]
 [ 0.28300723 -0.07117787  1.0999732 ]
 [ 0.20750614 -0.10439613  1.1517243 ]
 [ 0.1170404   0.11823708  1.073     ]
 [ 0.19168568  0.20016854  0.8279065 ]
 [ 0.3080901   0.08800963  0.9772733 ]
 [ 0.17175075 -0.14391354  1.0687792 ]
 [-0.04163526 -0.3007748   1.2145662 ]
 [-0.08390179 -0.3041613   1.1240138 ]]
[[ 0.          0.          0.6988499 ]
 [ 0.03524154 -0.10544483  0.68745834]
 [ 0.3704742   0.04756486  0.46653938]
 [ 0.27299327  0.05473357  0.09853524]
 [ 0.42273843  0.10492182  0.        ]
 [-0.03513017  0.10548607  0.7105688 ]
 [-0.205785    0.19777247  0.41846555]
 [-0.64706147  0.10347536  0.36767727]
 [-0.6883768   0.12467068  0.26229492]
 [ 0.08339605 -0.00485431  0.89454865]
 [ 0.1884687  -0.02985024  1.1110923 ]
 [ 0.29896533 -0.0859665   1.1259971 ]
 [ 0.23920292 -0.12372461  1.1861295 ]
 [ 0.12513646  0.09804866  1.0981575 ]
 [ 0.14011303  0.20697433  0.86791635]
 [ 0.2768022   0.11743739  0.96179414]
 [ 0.19018559 -0.15017366  1.0878744 ]
 [-0.04285049 -0.26763132  1.1770725 ]
 [-0.04455062 -0.36913395  1.1664925 ]]
[[ 0.          0.          0.69717467]
 [ 0.03182945 -0.10297814  0.6865269 ]
 [ 0.35028002  0.08556876  0.43622398]
 [ 0.38181335  0.1793946   0.0421629 ]
 [ 0.5522767   0.23883659  0.        ]
 [-0.03167231  0.10296384  0.7083645 ]
 [-0.12615502  0.09557346  0.34977713]
 [-0.57576585 -0.12514797  0.4578879 ]
 [-0.68666446 -0.053011    0.4326584 ]
 [ 0.10436569 -0.00366931  0.88770026]
 [ 0.22096807 -0.04544511  1.0990771 ]
 [ 0.34656718 -0.13114113  1.1070777 ]
 [ 0.27863377 -0.12992355  1.1797035 ]
 [ 0.16677421  0.07803619  1.0973103 ]
 [ 0.05738798  0.21835765  0.90573096]
 [ 0.12280815  0.22595705  0.8160509 ]
 [ 0.2074714  -0.16015384  1.0487437 ]
 [ 0.02334647 -0.23717745  0.8721038 ]
 [ 0.01823054 -0.22947653  0.649317  ]]
[[ 0.00000000e+00  0.00000000e+00  7.10033655e-01]
 [ 2.75825188e-02 -1.07501850e-01  6.99559808e-01]
 [ 3.10942948e-01  9.22409594e-02  4.27704662e-01]
 [ 3.12948883e-01  2.05863804e-01  4.67423797e-02]
 [ 4.94933814e-01  2.58900523e-01  0.00000000e+00]
 [-2.73999274e-02  1.07416742e-01  7.21024156e-01]
 [-6.72803372e-02  7.59146810e-02  3.39258134e-01]
 [-5.12383878e-01 -1.74440399e-01  4.79175806e-01]
 [-6.29348338e-01 -1.05208561e-01  4.70134586e-01]
 [ 1.13861777e-01  4.71204519e-04  8.98299038e-01]
 [ 2.39819854e-01 -4.29678559e-02  1.10634375e+00]
 [ 3.62878114e-01 -1.30816817e-01  1.11280298e+00]
 [ 2.96589851e-01 -1.32306278e-01  1.18198848e+00]
 [ 1.82775185e-01  7.72770345e-02  1.10840344e+00]
 [ 1.89416558e-02  2.03164920e-01  9.41374183e-01]
 [ 4.70849127e-03  2.39009678e-01  7.78737366e-01]
 [ 2.23342538e-01 -1.59964666e-01  1.05563760e+00]
 [ 5.94290644e-02 -2.58993089e-01  8.66497517e-01]
 [ 1.10115856e-01 -2.25088060e-01  6.56343341e-01]]
[[ 0.          0.          0.7025671 ]
 [ 0.02341972 -0.11354249  0.691206  ]
 [ 0.23993786  0.11020219  0.39171892]
 [ 0.14980349  0.25534755  0.06082618]
 [ 0.3459899   0.3039535   0.        ]
 [-0.02327488  0.11338656  0.71428293]
 [ 0.06596358  0.0641799   0.32402012]
 [-0.3953758  -0.16921027  0.47244376]
 [-0.5030727  -0.11114533  0.437058  ]
 [ 0.12342244 -0.00870895  0.8894102 ]
 [ 0.25637296 -0.06881189  1.0951335 ]
 [ 0.3829409  -0.15618286  1.1039776 ]
 [ 0.31735575 -0.16171727  1.1676086 ]
 [ 0.19382966  0.05231851  1.099649  ]
 [-0.03810804  0.17942786  1.0077437 ]
 [-0.14632303  0.26257008  0.8328401 ]
 [ 0.24401757 -0.19054419  1.0427845 ]
 [ 0.11133422 -0.28132117  0.8255433 ]
 [ 0.2204743  -0.28296223  0.6949487 ]]
[[ 0.          0.          0.6515173 ]
 [ 0.01532213 -0.11121912  0.6347573 ]
 [ 0.08728287  0.09052211  0.34127027]
 [-0.13165241  0.28744677  0.11004132]
 [ 0.02893671  0.35087746  0.        ]
 [-0.01525116  0.11101522  0.6680943 ]
 [ 0.261672    0.08167285  0.34190136]
 [-0.1504375  -0.05788043  0.33432347]
 [-0.17519572  0.00233069  0.20678818]
 [ 0.10937805 -0.02737392  0.8472383 ]
 [ 0.23418671 -0.09408873  1.0626874 ]
 [ 0.3681846  -0.16342956  1.0742371 ]
 [ 0.30072892 -0.18107742  1.1394904 ]
 [ 0.16074106  0.01922271  1.0713369 ]
 [-0.11075304  0.14107746  1.0974556 ]
 [-0.27189586  0.2550223   0.95017934]
 [ 0.24126649 -0.21190086  1.009795  ]
 [ 0.16836223 -0.32744384  0.7757255 ]
 [ 0.35064673 -0.260334    0.81597376]]
[[ 0.          0.          0.63245326]
 [ 0.01014551 -0.09975328  0.6153213 ]
 [-0.09172264  0.0885978   0.34815517]
 [-0.35570365  0.25069934  0.24704495]
 [-0.31668675  0.32694024  0.10064262]
 [-0.01012075  0.09947867  0.64901316]
 [ 0.34234607  0.08736329  0.4315526 ]
 [ 0.07213148  0.03283304  0.15229848]
 [ 0.18669714  0.06579012  0.        ]
 [ 0.08287032 -0.03219865  0.8421966 ]
 [ 0.18953279 -0.07841918  1.0726631 ]
 [ 0.3294189  -0.11857942  1.0788989 ]
 [ 0.25782633 -0.13957918  1.1503986 ]
 [ 0.10277607  0.02301118  1.0812819 ]
 [-0.14064416  0.14668918  1.171135  ]
 [-0.26877475  0.25460505  1.0132372 ]
 [ 0.2215842  -0.19411197  1.0247066 ]
 [ 0.20556375 -0.32576984  0.81012017]
 [ 0.34664044 -0.26525208  0.9271891 ]]
[[ 0.          0.          0.71992993]
 [ 0.02462674 -0.09637275  0.7049358 ]
 [-0.12799738  0.08367573  0.42897448]
 [-0.4622259   0.17806654  0.44500548]
 [-0.49362648  0.26860785  0.33447725]
 [-0.02462747  0.09603641  0.73421204]
 [ 0.32642302  0.10907798  0.5048968 ]
 [ 0.21364811  0.04033875  0.09942764]
 [ 0.37185273  0.06918687  0.        ]
 [ 0.07368855 -0.01813434  0.9363779 ]
 [ 0.16937172 -0.04853871  1.1699535 ]
 [ 0.30287772 -0.09318009  1.1797781 ]
 [ 0.22878887 -0.11095539  1.2518848 ]
 [ 0.06990097  0.04396853  1.1669753 ]
 [-0.17258376  0.17773443  1.2278337 ]
 [-0.26715162  0.27007353  1.0351468 ]
 [ 0.21665251 -0.16896537  1.1302485 ]
 [ 0.21021456 -0.3136901   0.9272156 ]
 [ 0.35348552 -0.20179242  0.99243385]]
[[ 0.0000000e+00  0.0000000e+00  7.4967265e-01]
 [ 3.4123316e-02 -9.4937973e-02  7.3469019e-01]
 [-1.1036338e-01  7.0783213e-02  4.3550304e-01]
 [-4.8075163e-01  9.7108766e-02  5.8227438e-01]
 [-5.5729318e-01  2.0801055e-01  5.2871943e-01]
 [-3.4103096e-02  9.4617665e-02  7.6397675e-01]
 [ 2.8148890e-01  1.4134277e-01  4.8038930e-01]
 [ 2.7699441e-01  7.9017460e-02  5.4706812e-02]
 [ 4.4560933e-01  1.0516870e-01  0.0000000e+00]
 [ 7.7090904e-02  1.1713922e-02  9.6059465e-01]
 [ 1.7118964e-01 -4.3183565e-04  1.1888123e+00]
 [ 2.9179263e-01 -4.6692789e-02  1.2086871e+00]
 [ 2.1816289e-01 -6.6651016e-02  1.2766072e+00]
 [ 6.4796597e-02  8.6809009e-02  1.1693223e+00]
 [-1.8004546e-01  2.1754718e-01  1.1326561e+00]
 [-2.1534187e-01  2.7413470e-01  8.9804578e-01]
 [ 2.2370201e-01 -1.2827328e-01  1.1583028e+00]
 [ 1.7888767e-01 -2.9741994e-01  9.8235685e-01]
 [ 3.0453199e-01 -1.8677810e-01  8.9885867e-01]]
[[ 0.          0.          0.7867194 ]
 [ 0.03985643 -0.09766479  0.77184445]
 [-0.07575111  0.03908104  0.4371275 ]
 [-0.46982712  0.0251586   0.6520765 ]
 [-0.57046914  0.14388922  0.64413226]
 [-0.03978208  0.09742672  0.8010522 ]
 [ 0.25359085  0.17215095  0.4828447 ]
 [ 0.2268302   0.09967577  0.05767739]
 [ 0.3918948   0.12811857  0.        ]
 [ 0.08238876  0.04139137  0.9913722 ]
 [ 0.18266298  0.0533762   1.212966  ]
 [ 0.30372494  0.0025107   1.2397306 ]
 [ 0.23050192 -0.0134086   1.3047135 ]
 [ 0.0748729   0.14032495  1.1832213 ]
 [-0.13746488  0.2548349   1.0768188 ]
 [-0.11027953  0.29321933  0.83486044]
 [ 0.23436493 -0.08074129  1.1893339 ]
 [ 0.15011096 -0.26301074  1.0197351 ]
 [ 0.24053732 -0.16898939  0.8453222 ]]
[[ 0.          0.          0.8150149 ]
 [ 0.04492612 -0.10283139  0.80271494]
 [ 0.03379461 -0.01212749  0.41565543]
 [-0.42075914 -0.10239217  0.65151465]
 [-0.5506228   0.00659475  0.6515001 ]
 [-0.04479927  0.10274947  0.82698643]
 [ 0.18693739  0.22878134  0.4760434 ]
 [ 0.06127284  0.14002663  0.07849848]
 [ 0.22075701  0.17146838  0.        ]
 [ 0.08769342  0.06677191  1.011651  ]
 [ 0.19575006  0.10647452  1.2279861 ]
 [ 0.32018673  0.05024204  1.2665273 ]
 [ 0.24386504  0.04146296  1.3285152 ]
 [ 0.09744179  0.2109339   1.1863842 ]
 [ 0.00899983  0.3267722   1.0000379 ]
 [ 0.09664875  0.32978326  0.80986655]
 [ 0.24243952 -0.02567369  1.2069633 ]
 [ 0.09362747 -0.16306102  1.0126421 ]
 [ 0.10390869 -0.13305748  0.8369999 ]]
[[ 0.          0.          0.7421491 ]
 [ 0.03582355 -0.11978973  0.72789866]
 [ 0.23123229 -0.0929268   0.3704845 ]
 [-0.2301842  -0.20691092  0.45930672]
 [-0.2899302  -0.13545635  0.40678215]
 [-0.03562482  0.11972276  0.7562055 ]
 [ 0.09171867  0.32463893  0.38421863]
 [-0.19654763  0.22571239  0.11047018]
 [-0.05158138  0.27283365  0.        ]
 [ 0.09439767  0.05391085  0.94040745]
 [ 0.2084519   0.09222353  1.161819  ]
 [ 0.33510348  0.01934165  1.2107341 ]
 [ 0.25135747  0.00965029  1.2686617 ]
 [ 0.137948    0.2209658   1.1174791 ]
 [ 0.18183336  0.30279592  0.8692279 ]
 [ 0.31905663  0.19459341  0.832597  ]
 [ 0.23485811 -0.04967654  1.1384585 ]
 [ 0.07949614 -0.13268113  0.9188288 ]
 [ 0.17999074 -0.09054491  0.8199998 ]]
[[ 0.00000000e+00  0.00000000e+00  6.38722062e-01]
 [ 3.25395092e-02 -1.17046721e-01  6.28166080e-01]
 [ 3.90276968e-01  2.45805234e-02  4.18438375e-01]
 [ 7.03236610e-02 -5.96421659e-02  1.86409026e-01]
 [ 1.61017314e-01 -3.09096575e-02  0.00000000e+00]
 [-3.24558914e-02  1.17155373e-01  6.49389267e-01]
 [-1.02758944e-01  3.09613287e-01  3.57844770e-01]
 [-4.90075111e-01  2.51221627e-01  1.64851636e-01]
 [-4.48077142e-01  2.60683656e-01  6.27040863e-04]
 [ 6.18344918e-02  1.95681602e-02  8.46456289e-01]
 [ 1.48603454e-01  2.57414877e-02  1.07682288e+00]
 [ 2.68867791e-01 -4.15375829e-02  1.11659288e+00]
 [ 1.95311546e-01 -6.38853610e-02  1.17016590e+00]
 [ 1.07695356e-01  1.57054067e-01  1.03524506e+00]
 [ 1.87815458e-01  2.25897267e-01  7.92183161e-01]
 [ 3.10406715e-01  1.04996681e-01  9.20782089e-01]
 [ 1.35839030e-01 -1.13740176e-01  1.06411195e+00]
 [-3.87843512e-02 -2.31818199e-01  9.93800759e-01]
 [-9.35903341e-02 -1.78317755e-01  1.00627518e+00]]
[[ 0.00000000e+00  0.00000000e+00  6.89549387e-01]
 [ 2.90048197e-02 -1.11810580e-01  6.83921218e-01]
 [ 3.89724910e-01  1.92419887e-02  4.83477324e-01]
 [ 2.44770736e-01 -2.64036655e-03  1.15556896e-01]
 [ 3.96415055e-01  4.69894409e-02  0.00000000e+00]
 [-2.88981646e-02  1.11873269e-01  6.95616484e-01]
 [-1.91327244e-01  2.43865564e-01  4.13236797e-01]
 [-6.26619816e-01  1.75146177e-01  3.12304080e-01]
 [-6.33362234e-01  1.79750502e-01  2.12833494e-01]
 [ 5.03413454e-02  4.31157649e-03  9.01969850e-01]
 [ 1.22499079e-01  3.73750925e-04  1.14146483e+00]
 [ 2.49240443e-01 -8.08600783e-02  1.17996895e+00]
 [ 1.59915119e-01 -8.48044753e-02  1.22886443e+00]
 [ 9.91261452e-02  1.26793772e-01  1.08655167e+00]
 [ 1.42515779e-01  1.94487289e-01  8.36786568e-01]
 [ 2.61522770e-01  1.01261020e-01  9.94225979e-01]
 [ 9.23686773e-02 -1.31410420e-01  1.14624047e+00]
 [-1.26495942e-01 -2.69972622e-01  1.18067622e+00]
 [-1.22981995e-01 -2.40328223e-01  1.04857767e+00]]
[[ 0.          0.          0.6727171 ]
 [ 0.02870987 -0.10961378  0.6686154 ]
 [ 0.36115146  0.04877821  0.43234146]
 [ 0.4039068   0.13856381  0.04336631]
 [ 0.58436286  0.19566417  0.        ]
 [-0.02857613  0.10955118  0.6773063 ]
 [-0.16317421  0.11810589  0.33400458]
 [-0.63694674 -0.02748466  0.4109487 ]
 [-0.7433947   0.044559    0.3706727 ]
 [ 0.08170636  0.00349672  0.87723625]
 [ 0.16905609 -0.02716362  1.1099769 ]
 [ 0.29653645 -0.11249843  1.1560597 ]
 [ 0.2134087  -0.10854673  1.2239616 ]
 [ 0.13112047  0.103995    1.0886432 ]
 [ 0.0740447   0.2323655   0.8617675 ]
 [ 0.22546677  0.2399511   0.838604  ]
 [ 0.15156396 -0.15339765  1.0642215 ]
 [-0.02046786 -0.23306938  0.8792063 ]
 [ 0.08625156 -0.28569424  0.7976543 ]]
[[ 0.          0.          0.6841848 ]
 [ 0.02507368 -0.10954542  0.6808139 ]
 [ 0.32169878  0.07240985  0.42338854]
 [ 0.34636796  0.17802864  0.03863043]
 [ 0.54036164  0.23004365  0.        ]
 [-0.02490648  0.10942759  0.68808645]
 [-0.09952539  0.06325889  0.3187972 ]
 [-0.5693801  -0.14371784  0.4397337 ]
 [-0.6978392  -0.06782947  0.43308845]
 [ 0.08927217  0.00314848  0.88452923]
 [ 0.1807476  -0.04110911  1.1155107 ]
 [ 0.3083213  -0.1332435   1.1606941 ]
 [ 0.22830474 -0.12519476  1.2306051 ]
 [ 0.14627235  0.08564675  1.092583  ]
 [ 0.02606967  0.2102292   0.888908  ]
 [ 0.10448967  0.2334675   0.74106   ]
 [ 0.15387025 -0.16284978  1.065316  ]
 [-0.00963587 -0.23866618  0.85679644]
 [ 0.11142384 -0.19024679  0.7096511 ]]
[[ 0.          0.          0.6992615 ]
 [ 0.01608209 -0.11561617  0.6962914 ]
 [ 0.27186862  0.08039325  0.41880995]
 [ 0.22714862  0.20426777  0.04923099]
 [ 0.43711233  0.24780631  0.        ]
 [-0.015905    0.11544937  0.7026719 ]
 [ 0.00328974  0.03811342  0.32458112]
 [-0.4655131  -0.17486426  0.45835084]
 [-0.5903563  -0.10343204  0.4482252 ]
 [ 0.09807782 -0.00336288  0.8980732 ]
 [ 0.19777414 -0.05833894  1.1274672 ]
 [ 0.32566464 -0.15186822  1.1720462 ]
 [ 0.24533278 -0.14502048  1.2422103 ]
 [ 0.1634588   0.06823117  1.1023809 ]
 [-0.01141142  0.19182353  0.9316546 ]
 [-0.01734924  0.25275406  0.7327699 ]
 [ 0.16589628 -0.18222396  1.0782194 ]
 [ 0.01619248 -0.25873283  0.8568407 ]
 [ 0.16019845 -0.23913546  0.6959509 ]]
[[ 0.          0.          0.65337646]
 [-0.00152262 -0.11546201  0.6456497 ]
 [ 0.08018352  0.07158345  0.3396743 ]
 [-0.09009141  0.28385162  0.10012323]
 [ 0.09139778  0.3347908   0.        ]
 [ 0.00162098  0.11526727  0.6609886 ]
 [ 0.25946006  0.05877563  0.3394994 ]
 [-0.15154117 -0.03560272  0.34947202]
 [-0.17518997  0.01107177  0.21911651]
 [ 0.1004041  -0.02063818  0.8548243 ]
 [ 0.20758413 -0.0812403   1.0860288 ]
 [ 0.33839786 -0.1628198   1.1294208 ]
 [ 0.2532049  -0.1699925   1.195746  ]
 [ 0.15672764  0.0409126   1.069278  ]
 [-0.09333891  0.18422234  1.0298313 ]
 [-0.19481623  0.28293595  0.8096003 ]
 [ 0.19900337 -0.2051055   1.0358312 ]
 [ 0.10941362 -0.31211972  0.80036384]
 [ 0.30572596 -0.25711516  0.7913801 ]]
[[ 0.          0.          0.5802091 ]
 [-0.00718392 -0.10160007  0.56573194]
 [-0.10737914  0.06600814  0.28317344]
 [-0.33497143  0.26930216  0.17922553]
 [-0.26193136  0.3244925   0.03021795]
 [ 0.00715616  0.10134331  0.59414256]
 [ 0.33889952  0.04684123  0.3717506 ]
 [ 0.05435227  0.05251259  0.15655106]
 [ 0.17039678  0.07263899  0.        ]
 [ 0.07935004 -0.03436883  0.791536  ]
 [ 0.17089416 -0.09049031  1.0313873 ]
 [ 0.29652733 -0.14134777  1.0785409 ]
 [ 0.21138263 -0.16808021  1.1416209 ]
 [ 0.10335667  0.01808631  1.0208051 ]
 [-0.14447856  0.16713047  1.0532837 ]
 [-0.23785585  0.27519044  0.84405   ]
 [ 0.18971135 -0.2067025   0.982684  ]
 [ 0.154868   -0.33944783  0.7637873 ]
 [ 0.30177408 -0.2794597   0.85845053]]
[[ 0.          0.          0.68614537]
 [ 0.00972805 -0.09380808  0.6700683 ]
 [-0.15104878  0.0763734   0.3970928 ]
 [-0.47822464  0.18941604  0.38659206]
 [-0.49114954  0.27399257  0.2666623 ]
 [-0.00972562  0.09345095  0.701486  ]
 [ 0.3397047   0.08099435  0.47622746]
 [ 0.21443929  0.03893203  0.10219806]
 [ 0.3751865   0.05558133  0.        ]
 [ 0.07070093 -0.01884045  0.90367025]
 [ 0.15549167 -0.05613753  1.1459217 ]
 [ 0.277596   -0.09929094  1.1933644 ]
 [ 0.19315238 -0.12225237  1.2569327 ]
 [ 0.06920115  0.03929117  1.1286252 ]
 [-0.17237979  0.19751865  1.1524441 ]
 [-0.23504803  0.28656754  0.9299891 ]
 [ 0.19484815 -0.17411894  1.101463  ]
 [ 0.17724273 -0.32216814  0.89399964]
 [ 0.3164522  -0.22845095  0.9722046 ]]
[[ 0.0000000e+00  0.0000000e+00  7.2446060e-01]
 [ 2.6395455e-02 -9.0649143e-02  7.1012926e-01]
 [-1.3115653e-01  7.1904004e-02  4.2058474e-01]
 [-4.9653143e-01  1.1324464e-01  5.4716885e-01]
 [-5.6782848e-01  2.1855643e-01  4.9817312e-01]
 [-2.6367523e-02  9.0265878e-02  7.3805887e-01]
 [ 2.9934442e-01  1.1189076e-01  4.6442553e-01]
 [ 2.9903162e-01  4.3496668e-02  5.0893068e-02]
 [ 4.6894890e-01  6.2355876e-02  0.0000000e+00]
 [ 7.1222931e-02  4.6689808e-04  9.4044840e-01]
 [ 1.5178892e-01 -2.1728158e-02  1.1796577e+00]
 [ 2.6483157e-01 -6.4207822e-02  1.2313553e+00]
 [ 1.8343115e-01 -8.3602011e-02  1.2948165e+00]
 [ 5.3293042e-02  6.4487070e-02  1.1482196e+00]
 [-1.7914790e-01  2.0583463e-01  1.0976934e+00]
 [-1.9404343e-01  2.6708412e-01  8.5914057e-01]
 [ 2.0354158e-01 -1.4268333e-01  1.1428931e+00]
 [ 1.6636688e-01 -3.0082420e-01  9.4816363e-01]
 [ 3.0015656e-01 -1.9537710e-01  9.1680074e-01]]
[[ 0.          0.          0.75126386]
 [ 0.03473662 -0.09337205  0.73674905]
 [-0.09570515  0.05694294  0.42211205]
 [-0.4716185   0.05739946  0.62751746]
 [-0.56682026  0.173837    0.62048095]
 [-0.03467113  0.09302735  0.7651602 ]
 [ 0.27477804  0.15944971  0.46793604]
 [ 0.2588076   0.07473558  0.05407166]
 [ 0.43138486  0.09529662  0.        ]
 [ 0.07741307  0.0239722   0.96211714]
 [ 0.16394413  0.01852572  1.1976054 ]
 [ 0.27647457 -0.02754465  1.249361  ]
 [ 0.1948387  -0.04000849  1.3141816 ]
 [ 0.0630331   0.10553047  1.1559689 ]
 [-0.14725548  0.22760665  1.0486774 ]
 [-0.10630155  0.26973066  0.8024128 ]
 [ 0.21709092 -0.10887957  1.168452  ]
 [ 0.14549136 -0.28541216  0.98523283]
 [ 0.2589111  -0.19893841  0.8481878 ]]
[[ 0.          0.          0.7813026 ]
 [ 0.03792667 -0.0995822   0.7690084 ]
 [-0.02686659  0.00298232  0.41509098]
 [-0.44425786 -0.05097672  0.6478906 ]
 [-0.5640925   0.0658301   0.67013896]
 [-0.03782662  0.09932721  0.79319733]
 [ 0.23360723  0.19728264  0.4684146 ]
 [ 0.14417347  0.10758454  0.06896055]
 [ 0.3172453   0.12526602  0.        ]
 [ 0.07693022  0.04381834  0.9888841 ]
 [ 0.16782025  0.06176725  1.2236152 ]
 [ 0.2800693   0.00765628  1.2904162 ]
 [ 0.19913134  0.00345463  1.3486391 ]
 [ 0.07285895  0.15870667  1.169786  ]
 [-0.05878308  0.27217135  0.992873  ]
 [ 0.05126886  0.30141446  0.78005   ]
 [ 0.21653458 -0.06932437  1.1981232 ]
 [ 0.11643705 -0.23892519  1.0066048 ]
 [ 0.15832713 -0.20051846  0.84380776]]
[[ 0.          0.          0.7187737 ]
 [ 0.03014074 -0.11534717  0.7095413 ]
 [ 0.15970042 -0.08658981  0.3387956 ]
 [-0.2916482  -0.1732103   0.47540337]
 [-0.3850807  -0.07791337  0.43054953]
 [-0.0299184   0.11520357  0.7277504 ]
 [ 0.14350618  0.3017862   0.37678897]
 [-0.10482638  0.20913571  0.0989086 ]
 [ 0.05162067  0.24725932  0.        ]
 [ 0.08755727  0.04995695  0.92243195]
 [ 0.19073743  0.08553937  1.152842  ]
 [ 0.30686212  0.02095431  1.2302014 ]
 [ 0.21705306  0.01740879  1.2786279 ]
 [ 0.11546785  0.20739004  1.0935373 ]
 [ 0.12376487  0.28841877  0.8500558 ]
 [ 0.3166692   0.23036313  0.7854122 ]
 [ 0.22302294 -0.05585903  1.1340008 ]
 [ 0.07769468 -0.14294808  0.9069449 ]
 [ 0.20182642 -0.1131653   0.7765311 ]]
[[ 0.          0.          0.6421645 ]
 [ 0.02887402 -0.11657159  0.62997746]
 [ 0.33323008 -0.05411977  0.3742723 ]
 [-0.05229352 -0.13019201  0.24604386]
 [-0.02744413 -0.11133546  0.09780163]
 [-0.0287458   0.11661994  0.6544344 ]
 [-0.07254544  0.33246788  0.3271152 ]
 [-0.43910086  0.29985565  0.16323   ]
 [-0.37893635  0.32133663  0.        ]
 [ 0.06998978  0.02234127  0.85269856]
 [ 0.15407145  0.02307683  1.0947711 ]
 [ 0.26680338 -0.03915527  1.174081  ]
 [ 0.18304773 -0.05759662  1.2154901 ]
 [ 0.10968959  0.15129709  1.0438195 ]
 [ 0.19102512  0.22103697  0.8029574 ]
 [ 0.33179682  0.08446865  0.903443  ]
 [ 0.15094376 -0.113931    1.0692422 ]
 [-0.07048003 -0.1649604   0.9682378 ]
 [-0.09969678 -0.13194679  0.9334186 ]]
[[ 0.          0.          0.66171587]
 [ 0.02850757 -0.10347423  0.65279573]
 [ 0.37619215  0.00499773  0.45937678]
 [ 0.20732713 -0.03567505  0.12646896]
 [ 0.34153768  0.00588328  0.        ]
 [-0.02834737  0.10351845  0.6710199 ]
 [-0.20618019  0.23615523  0.38888365]
 [-0.62576526  0.16288891  0.29568142]
 [-0.6689019   0.17264682  0.18889856]
 [ 0.05497278  0.00388148  0.8735149 ]
 [ 0.12123227 -0.01264465  1.1191227 ]
 [ 0.23364642 -0.07995385  1.1881702 ]
 [ 0.14358234 -0.08690017  1.2311685 ]
 [ 0.10075324  0.11086258  1.0638535 ]
 [ 0.16325009  0.19663149  0.81501997]
 [ 0.27190846  0.08188006  0.97520256]
 [ 0.09617874 -0.13157296  1.1105504 ]
 [-0.1479584  -0.22121578  1.1576802 ]
 [-0.14232305 -0.18848318  0.99860805]]
[[ 0.          0.          0.6740048 ]
 [ 0.026637   -0.09982977  0.6705548 ]
 [ 0.3500996   0.02561128  0.43794352]
 [ 0.3779093   0.09448808  0.05909741]
 [ 0.54120326  0.13609004  0.        ]
 [-0.02650566  0.09977812  0.67797136]
 [-0.21384022  0.11890921  0.34532124]
 [-0.66670966 -0.01641273  0.36216867]
 [-0.7770003   0.05178404  0.30931622]
 [ 0.06440531  0.0039964   0.88104624]
 [ 0.13464579 -0.01818302  1.123668  ]
 [ 0.24388969 -0.08950871  1.1998723 ]
 [ 0.16440007 -0.09358242  1.2549833 ]
 [ 0.11213844  0.10000357  1.0803105 ]
 [ 0.10729319  0.20596768  0.83576643]
 [ 0.2580334   0.14600027  0.88278127]
 [ 0.10764229 -0.13145092  1.0934818 ]
 [-0.12669486 -0.21414624  1.0627365 ]
 [-0.0735768  -0.30442566  1.0564549 ]]
[[ 0.          0.          0.67257684]
 [ 0.0211525  -0.10869069  0.6700991 ]
 [ 0.30825815  0.06990451  0.41887623]
 [ 0.3374325   0.14871734  0.03411633]
 [ 0.5328847   0.18651283  0.        ]
 [-0.0210199   0.10856918  0.6756185 ]
 [-0.10276231  0.07309574  0.31402212]
 [-0.5611871  -0.13872992  0.42524987]
 [-0.7074959  -0.05921203  0.440535  ]
 [ 0.08504535  0.0124481   0.8740922 ]
 [ 0.16531485 -0.02435616  1.1139611 ]
 [ 0.27922243 -0.10176173  1.1919446 ]
 [ 0.1992402  -0.09262666  1.2556654 ]
 [ 0.14171587  0.09415248  1.0748993 ]
 [ 0.04925732  0.20702378  0.8486173 ]
 [ 0.14886019  0.21940193  0.6968393 ]
 [ 0.13311197 -0.13952965  1.061797  ]
 [-0.02070086 -0.20569399  0.84227604]
 [ 0.08778682 -0.21252976  0.6982059 ]]
[[ 0.          0.          0.66802657]
 [ 0.00982396 -0.11003739  0.6667757 ]
 [ 0.2642709   0.08934739  0.4080984 ]
 [ 0.2423785   0.19796485  0.04938495]
 [ 0.4502215   0.2348454   0.        ]
 [-0.00969848  0.10988497  0.6697721 ]
 [-0.00695604  0.03903091  0.30709657]
 [-0.4725976  -0.17220052  0.43492773]
 [-0.6168308  -0.09911692  0.45585656]
 [ 0.0900276   0.00867671  0.8689123 ]
 [ 0.17226544 -0.03543225  1.1081702 ]
 [ 0.28816527 -0.11432913  1.1908729 ]
 [ 0.20083465 -0.10686883  1.2440269 ]
 [ 0.14851357  0.08169752  1.0671877 ]
 [ 0.01668061  0.18944524  0.8623561 ]
 [ 0.0518406   0.23992634  0.6429317 ]
 [ 0.13900381 -0.1513924   1.0593865 ]
 [ 0.00390229 -0.2169646   0.8271278 ]
 [ 0.13938215 -0.23939623  0.6804659 ]]
[[ 0.          0.          0.6221319 ]
 [-0.01400265 -0.11058202  0.61777997]
 [ 0.13156644  0.06951599  0.3433255 ]
 [-0.00281972  0.28717232  0.08092833]
 [ 0.18490161  0.32982394  0.        ]
 [ 0.01407317  0.11036776  0.626596  ]
 [ 0.20784184  0.00361338  0.2950447 ]
 [-0.25860423 -0.12607345  0.3644671 ]
 [-0.36389762 -0.05595943  0.3178231 ]
 [ 0.09649247 -0.00684965  0.8276348 ]
 [ 0.1899438  -0.05683309  1.0671268 ]
 [ 0.30784398 -0.13163409  1.151489  ]
 [ 0.21975979 -0.13575837  1.19713   ]
 [ 0.15403743  0.06077957  1.0338035 ]
 [-0.05761661  0.19276264  0.9152757 ]
 [-0.1059497   0.27800274  0.6710539 ]
 [ 0.16932139 -0.17831625  1.0186718 ]
 [ 0.07773361 -0.2762477   0.7745182 ]
 [ 0.25079587 -0.30033064  0.74394345]]
[[ 0.          0.          0.53619033]
 [-0.02529442 -0.09379828  0.52008855]
 [-0.11691289  0.04095261  0.25843713]
 [-0.35107976  0.28549942  0.15175053]
 [-0.27870572  0.33305025  0.0200631 ]
 [ 0.02525333  0.09354763  0.5517502 ]
 [ 0.3599857   0.01709841  0.33488724]
 [ 0.10412154  0.09942174  0.1527141 ]
 [ 0.21378021  0.1260494   0.        ]
 [ 0.07379879 -0.0310729   0.7493547 ]
 [ 0.15517384 -0.08432826  0.99450576]
 [ 0.26632962 -0.13238892  1.0606784 ]
 [ 0.18557611 -0.15891212  1.1248269 ]
 [ 0.09770036  0.02373609  0.9677079 ]
 [-0.1393112   0.18276462  0.9664824 ]
 [-0.2133368   0.2759483   0.7346641 ]
 [ 0.171372   -0.197841    0.9463921 ]
 [ 0.1413275  -0.3464471   0.73196626]
 [ 0.28839368 -0.29372665  0.8363284 ]]
[[ 0.          0.          0.62200224]
 [-0.00344196 -0.08664804  0.60602176]
 [-0.15952243  0.07716747  0.3537183 ]
 [-0.49121308  0.22509074  0.33922055]
 [-0.50560117  0.3054352   0.23733544]
 [ 0.00340769  0.08630203  0.6372602 ]
 [ 0.36781645  0.05376886  0.43419087]
 [ 0.28387544  0.11047295  0.10108286]
 [ 0.4495771   0.12231642  0.        ]
 [ 0.06789542 -0.01669694  0.83818424]
 [ 0.1444657  -0.0512782   1.0838766 ]
 [ 0.25277215 -0.09121469  1.148844  ]
 [ 0.1713165  -0.11578789  1.2140079 ]
 [ 0.06875768  0.04191142  1.0517459 ]
 [-0.16797872  0.2058366   1.0468471 ]
 [-0.21709323  0.28390008  0.81614447]
 [ 0.17878377 -0.16691393  1.0410184 ]
 [ 0.16026235 -0.32265604  0.8313018 ]
 [ 0.29505008 -0.24519728  0.9281718 ]]
[[ 0.00000000e+00  0.00000000e+00  6.50576055e-01]
 [ 1.36950351e-02 -7.87684098e-02  6.36632621e-01]
 [-1.41687483e-01  8.07216614e-02  3.67661834e-01]
 [-5.02884030e-01  1.71739846e-01  4.73119199e-01]
 [-5.81996202e-01  2.87993133e-01  4.26383495e-01]
 [-1.36911422e-02  7.83934295e-02  6.63817942e-01]
 [ 3.33876699e-01  8.89998972e-02  4.28569406e-01]
 [ 3.63075554e-01  1.02074146e-01  5.77045083e-02]
 [ 5.36795735e-01  1.09068215e-01  0.00000000e+00]
 [ 6.78954273e-02 -1.51678920e-04  8.64642978e-01]
 [ 1.37719989e-01 -2.65300572e-02  1.10869002e+00]
 [ 2.38618985e-01 -6.60025179e-02  1.18173075e+00]
 [ 1.59617513e-01 -8.32306147e-02  1.24106836e+00]
 [ 5.27362302e-02  5.18375337e-02  1.06699407e+00]
 [-1.80877268e-01  1.90926731e-01  1.00657344e+00]
 [-1.93649143e-01  2.55425543e-01  7.66657054e-01]
 [ 1.83342502e-01 -1.35441780e-01  1.07039642e+00]
 [ 1.51609182e-01 -2.97867566e-01  8.73893499e-01]
 [ 2.82650769e-01 -2.23119661e-01  8.71562839e-01]]
[[ 0.          0.          0.67294943]
 [ 0.02271271 -0.08320408  0.6604831 ]
 [-0.09217228  0.0617308   0.36549163]
 [-0.46616793  0.10268738  0.54969776]
 [-0.5751075   0.22925638  0.5547587 ]
 [-0.02267871  0.08285013  0.6848348 ]
 [ 0.30440012  0.14445509  0.42217454]
 [ 0.3244599   0.11915517  0.05374569]
 [ 0.5031298   0.12526417  0.        ]
 [ 0.06933582  0.01601213  0.88375837]
 [ 0.14266932  0.00318947  1.1253698 ]
 [ 0.24205719 -0.04399285  1.2001835 ]
 [ 0.16340566 -0.05239892  1.2534987 ]
 [ 0.05569853  0.08375511  1.0758455 ]
 [-0.15104026  0.20738363  0.9583784 ]
 [-0.1053227   0.24777615  0.71612877]
 [ 0.19022012 -0.11222589  1.09447   ]
 [ 0.12693201 -0.28273994  0.9033248 ]
 [ 0.2432952  -0.22600037  0.7775842 ]]
[[ 0.          0.          0.68723094]
 [ 0.03018275 -0.08961335  0.6750212 ]
 [-0.02531094  0.01388797  0.34802002]
 [-0.42913592 -0.01182755  0.5789764 ]
 [-0.55878866  0.11221512  0.6143635 ]
 [-0.03010108  0.08934963  0.69905144]
 [ 0.27718237  0.20275669  0.4224421 ]
 [ 0.22891906  0.18330455  0.06768262]
 [ 0.40686005  0.19518483  0.        ]
 [ 0.07275423  0.03743702  0.8935151 ]
 [ 0.1544706   0.04749587  1.1327903 ]
 [ 0.25244945 -0.00469065  1.2164261 ]
 [ 0.17703223 -0.00571263  1.2635386 ]
 [ 0.07113251  0.13612765  1.0762364 ]
 [-0.07537684  0.25151676  0.903367  ]
 [ 0.04415348  0.2719556   0.6928569 ]
 [ 0.19936824 -0.07170796  1.1028358 ]
 [ 0.10903525 -0.22634666  0.89508104]
 [ 0.14680034 -0.20642209  0.70483756]]
[[ 0.          0.          0.6370531 ]
 [ 0.02291623 -0.11562769  0.62751067]
 [ 0.19807552 -0.10459521  0.28969127]
 [-0.219916   -0.148557    0.38535085]
 [-0.2506716  -0.11217991  0.3170964 ]
 [-0.02265583  0.11553575  0.6463288 ]
 [ 0.15995868  0.34552938  0.31590098]
 [-0.03925674  0.38171577  0.10511905]
 [ 0.12713906  0.40683553  0.        ]
 [ 0.07427987  0.05350274  0.83577776]
 [ 0.16106033  0.09287715  1.0714678 ]
 [ 0.26778674  0.03234261  1.1588027 ]
 [ 0.18269953  0.02411014  1.2098947 ]
 [ 0.10199324  0.2121594   1.0019348 ]
 [ 0.11820281  0.28953668  0.7660925 ]
 [ 0.32216465  0.17947169  0.7314734 ]
 [ 0.18195212 -0.04381889  1.0458224 ]
 [ 0.07737812 -0.05694062  0.8473169 ]
 [ 0.06501208 -0.0713506   1.1337013 ]]
[[ 0.          0.          0.54437476]
 [ 0.02256578 -0.11451185  0.5345619 ]
 [ 0.39800423  0.00577095  0.3566611 ]
 [ 0.06731555 -0.02663857  0.17530203]
 [ 0.1433472  -0.0254578   0.03087336]
 [-0.02239252  0.1147197   0.55439276]
 [-0.06510819  0.3807382   0.28238562]
 [-0.37939686  0.40372503  0.14956087]
 [-0.32328272  0.42477986  0.        ]
 [ 0.04020443  0.01606168  0.7518188 ]
 [ 0.098744    0.03059995  0.99455017]
 [ 0.2094681  -0.04670599  1.072998  ]
 [ 0.12966414 -0.04337364  1.1122407 ]
 [ 0.08663358  0.15302041  0.92342055]
 [ 0.18463118  0.22972387  0.70803   ]
 [ 0.2959017   0.08502233  0.8354237 ]
 [ 0.06475924 -0.11352471  0.99956214]
 [-0.16731851 -0.24909627  1.0472338 ]
 [-0.14823818 -0.1355512   0.8453588 ]]
[[ 0.          0.          0.56097615]
 [ 0.01986687 -0.10945825  0.55079925]
 [ 0.41734844  0.04524918  0.40908518]
 [ 0.29570764  0.06815052  0.08896816]
 [ 0.4367439   0.08946079  0.        ]
 [-0.01970588  0.1096696   0.5715908 ]
 [-0.12082249  0.33191666  0.30618364]
 [-0.51491207  0.3465971   0.2615046 ]
 [-0.5508654   0.36820292  0.13299468]
 [ 0.03347652  0.00920595  0.7672949 ]
 [ 0.08438199  0.01665074  1.0119073 ]
 [ 0.20397013 -0.06580049  1.0876675 ]
 [ 0.11769621 -0.05399007  1.1307093 ]
 [ 0.08800418  0.13403893  0.93611526]
 [ 0.15959576  0.22250292  0.7081623 ]
 [ 0.285458    0.12433434  0.8593262 ]
 [ 0.03480425 -0.11071762  1.0177312 ]
 [-0.18966338 -0.21866584  1.0432944 ]
 [-0.15545045 -0.14276837  0.83510643]]
[[ 0.00000000e+00  0.00000000e+00  5.55926502e-01]
 [ 1.41067021e-02 -1.02329284e-01  5.48160255e-01]
 [ 3.87497485e-01  5.95016927e-02  3.73315513e-01]
 [ 4.49642837e-01  1.76258326e-01  3.67646217e-02]
 [ 6.17459774e-01  1.96245849e-01  0.00000000e+00]
 [-1.39779970e-02  1.02475181e-01  5.64331889e-01]
 [-1.20186657e-01  2.03953668e-01  2.59806693e-01]
 [-5.60559154e-01  1.22669287e-01  3.29383135e-01]
 [-6.75252616e-01  1.85745761e-01  2.77228355e-01]
 [ 5.09461686e-02  1.57058239e-05  7.57825255e-01]
 [ 1.07141510e-01 -1.29320025e-02  1.00047743e+00]
 [ 2.23774165e-01 -9.77938473e-02  1.08534122e+00]
 [ 1.27454296e-01 -7.68983066e-02  1.13087463e+00]
 [ 1.10316619e-01  1.00042492e-01  9.36518669e-01]
 [ 1.19561322e-01  2.16160655e-01  7.04947650e-01]
 [ 2.68646330e-01  1.32416472e-01  7.40960598e-01]
 [ 5.83889037e-02 -1.29841894e-01  9.86767054e-01]
 [-1.50086731e-01 -2.12271720e-01  9.15354609e-01]
 [-7.33966753e-02 -1.96843997e-01  7.18596101e-01]]
[[ 0.          0.          0.576907  ]
 [ 0.01447277 -0.11195315  0.5764024 ]
 [ 0.3426813   0.11642181  0.37158734]
 [ 0.3794391   0.24074036  0.02836823]
 [ 0.5752026   0.27418643  0.        ]
 [-0.01436619  0.11199844  0.57797366]
 [-0.03244291  0.1246186   0.24061242]
 [-0.4680373  -0.05181444  0.3774255 ]
 [-0.63185006  0.02293873  0.3911716 ]
 [ 0.0776833   0.01735017  0.77422273]
 [ 0.14747965 -0.01643443  1.0126591 ]
 [ 0.2609105  -0.09467575  1.1051178 ]
 [ 0.17242315 -0.07578528  1.1520779 ]
 [ 0.13708787  0.0995656   0.9600158 ]
 [ 0.05969772  0.21014848  0.7248534 ]
 [ 0.16687581  0.1858567   0.572397  ]
 [ 0.10759489 -0.13662419  0.970168  ]
 [-0.03052471 -0.19775     0.7392427 ]
 [ 0.08737281 -0.22951864  0.5624437 ]]
[[ 0.          0.          0.57310486]
 [ 0.00553866 -0.11614714  0.57293934]
 [ 0.3010903   0.1242344   0.35922185]
 [ 0.2427952   0.2662694   0.05027509]
 [ 0.45405588  0.2976226   0.        ]
 [-0.00543966  0.11612241  0.57371914]
 [ 0.06328541  0.07201883  0.2378928 ]
 [-0.37693226 -0.11550276  0.37776572]
 [-0.5358788  -0.04898794  0.39592516]
 [ 0.08527455  0.01470383  0.77273643]
 [ 0.15932605 -0.02422306  1.0134549 ]
 [ 0.27585    -0.09995747  1.107022  ]
 [ 0.18411963 -0.08069631  1.1493366 ]
 [ 0.14953797  0.09224337  0.96318877]
 [ 0.02821553  0.20427796  0.7445786 ]
 [ 0.09725526  0.22701667  0.5303728 ]
 [ 0.11960724 -0.14796051  0.9711034 ]
 [ 0.00441147 -0.23440672  0.73456657]
 [ 0.16346028 -0.26840973  0.5841006 ]]
[[ 0.          0.          0.49695128]
 [-0.02016526 -0.10894873  0.4899903 ]
 [ 0.13375011  0.10593954  0.25621694]
 [-0.06560296  0.39307478  0.09785804]
 [ 0.10227413  0.44790024  0.        ]
 [ 0.02020778  0.10883841  0.50385106]
 [ 0.31546164  0.03347546  0.23146585]
 [-0.06594567  0.04391545  0.27434236]
 [-0.12030399  0.09477808  0.18669614]
 [ 0.07907818 -0.00757222  0.7038073 ]
 [ 0.1575228  -0.05012098  0.9467437 ]
 [ 0.2740999  -0.1275695   1.036509  ]
 [ 0.18439123 -0.12263152  1.0766945 ]
 [ 0.13231446  0.07248378  0.9079285 ]
 [-0.07537043  0.21526635  0.7897353 ]
 [-0.10521117  0.2578266   0.5314928 ]
 [ 0.13672063 -0.17916352  0.9024048 ]
 [ 0.08924839 -0.32506096  0.67444056]
 [ 0.30274457 -0.29268995  0.6950328 ]]
[[ 0.          0.          0.48932883]
 [-0.02095829 -0.09047109  0.47318712]
 [-0.10625653  0.09498277  0.24614595]
 [-0.36360052  0.36692008  0.22262424]
 [-0.33278835  0.44259715  0.09014708]
 [ 0.02092046  0.0903236   0.50490636]
 [ 0.39746985  0.04060373  0.32258192]
 [ 0.21413891  0.18418251  0.12975478]
 [ 0.3654694   0.19773033  0.        ]
 [ 0.06758606 -0.01987116  0.69327956]
 [ 0.13819581 -0.06103152  0.937994  ]
 [ 0.24128297 -0.11447066  1.0202714 ]
 [ 0.1652227  -0.12384841  1.0752957 ]
 [ 0.08408096  0.04360282  0.9023566 ]
 [-0.15269245  0.1975224   0.86882627]
 [-0.18729302  0.26831466  0.6226839 ]
 [ 0.1536477  -0.18180001  0.88933   ]
 [ 0.14532554 -0.3647397   0.70264405]
 [ 0.29665273 -0.29875138  0.8093301 ]]
[[ 0.          0.          0.5376365 ]
 [-0.00527664 -0.07701168  0.5230862 ]
 [-0.13065937  0.10779262  0.29344544]
 [-0.45856816  0.30014718  0.3633554 ]
 [-0.51179165  0.408751    0.27766192]
 [ 0.00528106  0.07678062  0.5514914 ]
 [ 0.38595518  0.08053946  0.37602794]
 [ 0.3729459   0.2060735   0.08054191]
 [ 0.55459887  0.20896724  0.        ]
 [ 0.06749844 -0.00347504  0.7420051 ]
 [ 0.13955432 -0.02586177  0.98519087]
 [ 0.23971295 -0.07113481  1.0702128 ]
 [ 0.15934923 -0.08551157  1.1225595 ]
 [ 0.06731097  0.06285059  0.9417683 ]
 [-0.16107193  0.2070488   0.88912666]
 [-0.1639798   0.25028318  0.64256525]
 [ 0.1743376  -0.1426144   0.9452051 ]
 [ 0.17027286 -0.33075753  0.7697383 ]
 [ 0.30793655 -0.24183977  0.8325945 ]]
[[ 0.          0.          0.58856344]
 [ 0.00700426 -0.07578417  0.5747107 ]
 [-0.1051559   0.09277856  0.31133932]
 [-0.43663013  0.23351702  0.4772977 ]
 [-0.5325089   0.36637458  0.43958828]
 [-0.00695316  0.0755156   0.6017604 ]
 [ 0.34877753  0.12602466  0.38361198]
 [ 0.38226527  0.18835744  0.05040956]
 [ 0.56755024  0.18531269  0.        ]
 [ 0.06928842  0.01852933  0.7927213 ]
 [ 0.14163284  0.01171407  1.0342635 ]
 [ 0.23682219 -0.0325377   1.1220448 ]
 [ 0.15742859 -0.04314017  1.1694183 ]
 [ 0.06122641  0.0934824   0.97924054]
 [-0.14536172  0.2264084   0.86596596]
 [-0.09301846  0.2529825   0.6284939 ]
 [ 0.1831481  -0.10531202  1.0025871 ]
 [ 0.15251824 -0.2971467   0.8236813 ]
 [ 0.2702068  -0.2604913   0.7767795 ]]
[[ 0.          0.          0.62714565]
 [ 0.02042501 -0.08385682  0.61439073]
 [-0.05237776  0.05691364  0.3218351 ]
 [-0.4098694   0.11320791  0.54749817]
 [-0.52742267  0.25678656  0.555653  ]
 [-0.02035172  0.08362165  0.6393576 ]
 [ 0.3029406   0.17753822  0.39529592]
 [ 0.26649284  0.18658462  0.05990303]
 [ 0.46338373  0.19186437  0.        ]
 [ 0.06998248  0.04232603  0.8281629 ]
 [ 0.14635801  0.05947262  1.0665073 ]
 [ 0.24415798  0.00300461  1.1557229 ]
 [ 0.16636744  0.00778812  1.2015789 ]
 [ 0.06783578  0.14355797  1.0028486 ]
 [-0.09391144  0.2623029   0.8368338 ]
 [ 0.02564634  0.26523098  0.6312601 ]
 [ 0.18629518 -0.0619649   1.042536  ]
 [ 0.13237296 -0.24057916  0.8589265 ]
 [ 0.21175683 -0.25070137  0.7146822 ]]
[[ 0.          0.          0.60642993]
 [ 0.02642139 -0.10231481  0.59561396]
 [ 0.08458222 -0.05507854  0.2588423 ]
 [-0.3378631  -0.05756114  0.4871033 ]
 [-0.46471572  0.06214245  0.4815501 ]
 [-0.02620392  0.10218047  0.61701894]
 [ 0.24495618  0.27611426  0.34260446]
 [ 0.07760181  0.307788    0.08593053]
 [ 0.26101312  0.31718978  0.        ]
 [ 0.07478612  0.05762118  0.80209666]
 [ 0.1618309   0.098564    1.0344849 ]
 [ 0.26896423  0.03070378  1.127845  ]
 [ 0.18433061  0.04806632  1.1680669 ]
 [ 0.09936806  0.20334733  0.95912504]
 [ 0.0498741   0.30399707  0.7317044 ]
 [ 0.2416751   0.2618092   0.63775563]
 [ 0.18697524 -0.03517607  1.02169   ]
 [ 0.08151975 -0.17045811  0.8131892 ]
 [ 0.1034514  -0.18627553  0.62123066]]
[[ 0.          0.          0.52274704]
 [ 0.01090334 -0.11584972  0.5182884 ]
 [ 0.35832593 -0.0421102   0.30037647]
 [ 0.00175629 -0.04699627  0.24259937]
 [ 0.02082741 -0.03099349  0.1123808 ]
 [-0.01063644  0.11604943  0.5273688 ]
 [ 0.08391701  0.36463958  0.21075091]
 [-0.23586357  0.4477534   0.1311456 ]
 [-0.17779481  0.49498773  0.        ]
 [ 0.05613558  0.03444248  0.71894836]
 [ 0.12263277  0.05782351  0.9528599 ]
 [ 0.23431271 -0.02634969  1.034341  ]
 [ 0.13748133 -0.00355983  1.0744474 ]
 [ 0.11255735  0.1765931   0.8809297 ]
 [ 0.16831942  0.27506435  0.6506257 ]
 [ 0.3371674   0.13646334  0.713643  ]
 [ 0.08598533 -0.0881027   0.95418715]
 [-0.13409933 -0.23827755  0.9550089 ]
 [-0.08647306 -0.14526713  0.72472477]]
[[ 0.0000000e+00  0.0000000e+00  5.0542510e-01]
 [ 9.4749033e-04 -1.1832276e-01  5.0141305e-01]
 [ 4.1823360e-01 -3.2768190e-02  3.6957031e-01]
 [ 2.7296796e-01 -7.3090792e-03  7.3395938e-02]
 [ 4.2010358e-01 -1.2213826e-02  0.0000000e+00]
 [-7.1936846e-04  1.1849886e-01  5.0993061e-01]
 [ 2.3297466e-02  2.9674062e-01  1.7865878e-01]
 [-3.7401429e-01  3.7299004e-01  1.8254176e-01]
 [-4.4405329e-01  4.2288104e-01  6.6885114e-02]
 [ 3.4808129e-02  9.3281269e-04  7.1482122e-01]
 [ 8.7123469e-02 -2.1410584e-03  9.5976758e-01]
 [ 2.0785075e-01 -8.7190747e-02  1.0293641e+00]
 [ 1.1641775e-01 -7.0260346e-02  1.0747703e+00]
 [ 9.5437936e-02  1.2326002e-01  8.9158404e-01]
 [ 1.3466406e-01  2.4946287e-01  6.6714430e-01]
 [ 3.1194615e-01  1.7915174e-01  7.3659599e-01]
 [ 2.9301837e-02 -1.3288790e-01  9.6269238e-01]
 [-2.0682120e-01 -2.3757255e-01  9.7602606e-01]
 [-1.3997546e-01 -1.4114536e-01  7.7386880e-01]]
[[ 0.          0.          0.5060494 ]
 [-0.00343574 -0.11633363  0.50085485]
 [ 0.40024057 -0.04172704  0.36314374]
 [ 0.39743716  0.04107901  0.03669083]
 [ 0.5637161   0.02742201  0.        ]
 [ 0.00365403  0.1165071   0.5118281 ]
 [ 0.03566239  0.27602583  0.17716372]
 [-0.3665139   0.35813704  0.21267915]
 [-0.44859993  0.41901565  0.09791669]
 [ 0.03119233 -0.00559388  0.7159108 ]
 [ 0.0810312  -0.01382726  0.9602914 ]
 [ 0.20397831 -0.10131794  1.0313125 ]
 [ 0.11361369 -0.08097178  1.0772331 ]
 [ 0.09450786  0.10691419  0.8964655 ]
 [ 0.11016627  0.24626124  0.6773201 ]
 [ 0.2736705   0.16351448  0.70230675]
 [ 0.01740689 -0.1359061   0.95765966]
 [-0.21989793 -0.23258841  0.95139986]
 [-0.1616542  -0.17725924  0.74532807]]
[[ 0.          0.          0.49721968]
 [-0.00581733 -0.11734972  0.49174616]
 [ 0.38353312 -0.02852303  0.34428558]
 [ 0.439278    0.08020121  0.023139  ]
 [ 0.6078329   0.05647814  0.        ]
 [ 0.00604735  0.11748969  0.5032801 ]
 [ 0.08845109  0.26083452  0.17478845]
 [-0.31183204  0.35800833  0.22637814]
 [-0.38540733  0.41458     0.10249686]
 [ 0.03722579 -0.00679922  0.7060882 ]
 [ 0.09068039 -0.02117774  0.94910866]
 [ 0.21276185 -0.10907868  1.02561   ]
 [ 0.1217882  -0.08723888  1.0689695 ]
 [ 0.1047757   0.10012719  0.89255184]
 [ 0.08913841  0.2425744   0.6774705 ]
 [ 0.24971011  0.18994738  0.6441924 ]
 [ 0.02692217 -0.14324805  0.938461  ]
 [-0.20973048 -0.24375945  0.8933604 ]
 [-0.11701466 -0.17503677  0.68575674]]
[[ 0.          0.          0.5366142 ]
 [-0.0074291  -0.12150827  0.53223675]
 [ 0.32219326 -0.02145433  0.32032543]
 [ 0.39227474  0.12661207  0.01183397]
 [ 0.58323824  0.10472086  0.        ]
 [ 0.00764319  0.12160772  0.5414393 ]
 [ 0.2281768   0.18459621  0.22284102]
 [-0.16051388  0.2909061   0.22560704]
 [-0.16928467  0.34485427  0.08037817]
 [ 0.04803357 -0.02122366  0.7388158 ]
 [ 0.10014898 -0.0625318   0.97617453]
 [ 0.21761423 -0.14695844  1.0616658 ]
 [ 0.11708406 -0.12056971  1.1010969 ]
 [ 0.11255149  0.06737092  0.9290632 ]
 [ 0.03685725  0.22077048  0.7303624 ]
 [ 0.1657777   0.24551807  0.5401249 ]
 [ 0.04859176 -0.19208115  0.9428061 ]
 [-0.11501838 -0.25042143  0.73257685]
 [ 0.03012878 -0.17719066  0.537833  ]]
[[ 0.0000000e+00  0.0000000e+00  5.1979506e-01]
 [-3.3797465e-02 -1.1438637e-01  5.0766569e-01]
 [ 2.2897723e-01 -2.0813346e-03  2.7198124e-01]
 [ 1.1696890e-03  2.1787065e-01  1.3190165e-01]
 [ 1.5950878e-01  2.4738041e-01  2.1752924e-02]
 [ 3.3853091e-02  1.1440201e-01  5.3169882e-01]
 [ 3.7387103e-01  4.7822282e-02  3.0723929e-01]
 [ 1.8013893e-01  1.9823065e-01  7.9574287e-02]
 [ 3.5608923e-01  1.7485204e-01  0.0000000e+00]
 [ 6.7877010e-02  2.5208294e-04  7.2200274e-01]
 [ 1.2935466e-01 -2.9870778e-02  9.6196866e-01]
 [ 2.2244242e-01 -9.8733783e-02  1.0610160e+00]
 [ 1.3802615e-01 -6.4594746e-02  1.1011934e+00]
 [ 1.3009976e-01  9.3574047e-02  9.1141796e-01]
 [-3.4003891e-02  2.1716219e-01  7.4559283e-01]
 [-8.6944625e-02  2.5235766e-01  4.8959458e-01]
 [ 9.1883212e-02 -1.6532129e-01  9.2333210e-01]
 [ 1.4222942e-02 -2.8676271e-01  6.8743378e-01]
 [ 2.4015474e-01 -2.3942351e-01  5.8229095e-01]]
[[ 0.          0.          0.5313078 ]
 [-0.03473647 -0.10565171  0.515832  ]
 [ 0.09537172  0.05532378  0.2443119 ]
 [-0.17353964  0.3205194   0.17385954]
 [-0.06716919  0.35952005  0.06627846]
 [ 0.03471689  0.10551627  0.5463327 ]
 [ 0.39490205  0.01962137  0.33622476]
 [ 0.36241305  0.1098983   0.03175762]
 [ 0.564392    0.06949162  0.        ]
 [ 0.0525389  -0.01519814  0.73416424]
 [ 0.1094594  -0.03077653  0.97754353]
 [ 0.19595268 -0.09045935  1.0798328 ]
 [ 0.11521007 -0.06770855  1.1183689 ]
 [ 0.08739802  0.08445549  0.92651117]
 [-0.11563814  0.20895863  0.8043401 ]
 [-0.1757161   0.2484596   0.5409677 ]
 [ 0.09568346 -0.16773033  0.9432488 ]
 [ 0.04251239 -0.32694685  0.72733283]
 [ 0.2739154  -0.28950977  0.7084031 ]]
[[ 0.          0.          0.5057342 ]
 [-0.01904154 -0.08675483  0.494133  ]
 [-0.07543905  0.09514856  0.24529484]
 [-0.38723636  0.35200197  0.24802524]
 [-0.3836649   0.4446358   0.1399762 ]
 [ 0.01896695  0.08653281  0.5166591 ]
 [ 0.37486827  0.07378742  0.2977392 ]
 [ 0.50678074  0.1377872   0.        ]
 [ 0.68977654  0.10030118  0.01304132]
 [ 0.01750786 -0.00624503  0.7124528 ]
 [ 0.0468042   0.00133422  0.95756394]
 [ 0.12621324 -0.04059595  1.0603135 ]
 [ 0.0425621  -0.04513419  1.0885963 ]
 [-0.00378949  0.10236773  0.902544  ]
 [-0.19878536  0.23047507  0.7952939 ]
 [-0.19311637  0.26445752  0.5483574 ]
 [ 0.07285435 -0.12849486  0.9320662 ]
 [ 0.04958238 -0.31374165  0.7531668 ]
 [ 0.2464504  -0.27290326  0.78400004]]
[[ 0.          0.          0.5014713 ]
 [-0.01477371 -0.07671302  0.49027842]
 [-0.09364222  0.09204008  0.23020267]
 [-0.4099927   0.34217325  0.278803  ]
 [-0.44203848  0.45250833  0.18756843]
 [ 0.01473278  0.0764829   0.5119895 ]
 [ 0.37267178  0.10507575  0.2853744 ]
 [ 0.50311136  0.19036847  0.        ]
 [ 0.6693331   0.15218619  0.01022315]
 [ 0.00895528  0.00535522  0.70957386]
 [ 0.03147876  0.02368325  0.953375  ]
 [ 0.10459325 -0.01486295  1.0544981 ]
 [ 0.0213227  -0.02554536  1.0797269 ]
 [-0.02323577  0.11847004  0.8932909 ]
 [-0.20212725  0.24523266  0.7607832 ]
 [-0.1622391   0.24236721  0.52059615]
 [ 0.06435713 -0.10475487  0.9340275 ]
 [ 0.0426347  -0.31350565  0.77420723]
 [ 0.23873663 -0.32382956  0.78288364]]
[[ 0.          0.          0.48486924]
 [-0.00464934 -0.08439678  0.4759845 ]
 [-0.07224742  0.03559601  0.17020744]
 [-0.41896588  0.20549902  0.27461746]
 [-0.4875909   0.3244946   0.22642353]
 [ 0.00462272  0.08410827  0.49323598]
 [ 0.36630324  0.14414033  0.2668954 ]
 [ 0.398966    0.232856    0.        ]
 [ 0.5546723   0.2095468   0.00293884]
 [ 0.00325529  0.02722692  0.69824064]
 [ 0.0156891   0.05956706  0.94382554]
 [ 0.08689927  0.02453679  1.0459673 ]
 [ 0.00385069  0.01432252  1.0736489 ]
 [-0.03869294  0.15430719  0.870525  ]
 [-0.17843986  0.25674406  0.6860696 ]
 [-0.05699873  0.2500698   0.4815367 ]
 [ 0.05274932 -0.07797879  0.92944944]
 [ 0.03516029 -0.28732067  0.7807558 ]
 [ 0.25133967 -0.33301166  0.776587  ]]
[[ 0.          0.          0.5348251 ]
 [-0.02330295 -0.11106563  0.53523505]
 [ 0.15444368  0.01947257  0.27853882]
 [ 0.03466029  0.21997127  0.        ]
 [ 0.36827248  0.0515351   0.19739848]
 [ 0.02296199  0.1111154   0.5346761 ]
 [ 0.15826206  0.16662125  0.2627745 ]
 [ 0.07644849  0.2538407   0.01675266]
 [ 0.41110367  0.0940183   0.23571569]
 [-0.00761977 -0.03602968  0.70286834]
 [-0.01971109 -0.08338675  0.90742695]
 [ 0.00656324 -0.10037681  0.9998919 ]
 [-0.03819374 -0.09467778  1.0416269 ]
 [-0.01804306  0.04712743  0.85118777]
 [ 0.040948    0.20960417  0.67186785]
 [ 0.01556542  0.1103216   0.5653927 ]
 [-0.02519326 -0.19640844  0.87365437]
 [-0.08242533 -0.34429842  0.67359364]
 [-0.01570352 -0.30608618  0.57611203]]
[[ 0.00000000e+00  0.00000000e+00  6.21028662e-01]
 [ 4.83031198e-03 -1.12661183e-01  6.30716622e-01]
 [ 3.39563787e-01 -2.21938044e-01  5.29228449e-01]
 [ 1.41029805e-02 -3.41171414e-01  2.49976367e-01]
 [ 1.50804996e-01 -3.79471123e-01  1.61518157e-01]
 [-4.71618399e-03  1.12643585e-01  6.11676335e-01]
 [-1.60104483e-02  3.24682325e-01  2.72809595e-01]
 [-2.73823082e-01  4.59772766e-01  8.40348005e-02]
 [-2.00762212e-01  5.20680368e-01  0.00000000e+00]
 [ 3.18645127e-02  5.52605689e-02  8.26664090e-01]
 [ 3.38087827e-02  4.83589172e-02  1.07332706e+00]
 [ 1.14302099e-01 -4.28557396e-05  1.19129312e+00]
 [ 1.36463363e-02  3.34371924e-02  1.21563816e+00]
 [ 8.17301124e-02  1.67928159e-01  1.01785910e+00]
 [ 2.45209455e-01  1.91498801e-01  8.42702150e-01]
 [ 3.68482828e-01  4.03471589e-02  9.28385675e-01]
 [-1.66032352e-02 -8.88452530e-02  1.02606344e+00]
 [-4.40332182e-02 -3.14272612e-01  9.09897327e-01]
 [ 1.24687850e-01 -3.33753318e-01  9.84162331e-01]]
[[ 0.          0.          0.5660442 ]
 [ 0.00504608 -0.11718151  0.5767258 ]
 [ 0.3273138  -0.26860467  0.5038129 ]
 [ 0.08848615 -0.38602787  0.14231381]
 [ 0.24460793 -0.4197229   0.08387697]
 [-0.00499758  0.1171678   0.55575544]
 [-0.0915319   0.2876512   0.20806575]
 [-0.38907313  0.39919767  0.07378522]
 [-0.322301    0.44707477  0.        ]
 [ 0.02096492  0.05393818  0.77713025]
 [ 0.01416922  0.05355936  1.0287197 ]
 [ 0.09128983  0.01400554  1.1428548 ]
 [-0.00777929  0.03979135  1.1723676 ]
 [ 0.06365599  0.17277348  0.96643776]
 [ 0.2617096   0.15988693  0.78626066]
 [ 0.4016441   0.00826883  0.89802754]
 [-0.0369124  -0.08143505  0.9891113 ]
 [-0.05606223 -0.32893628  0.96670324]
 [ 0.10049933 -0.369496    1.0755707 ]]
[[ 0.          0.          0.5455063 ]
 [ 0.00129111 -0.11888455  0.5579785 ]
 [ 0.33752388 -0.26928046  0.4956084 ]
 [ 0.1110687  -0.39303556  0.13294524]
 [ 0.26354074 -0.43173504  0.05911994]
 [-0.00124801  0.11886209  0.53345996]
 [-0.08670953  0.27872616  0.1659998 ]
 [-0.42242503  0.3486876   0.09349319]
 [-0.3811347   0.37705743  0.        ]
 [ 0.02341136  0.05660242  0.75882995]
 [ 0.0172004   0.05690509  1.0105101 ]
 [ 0.09503845  0.0202626   1.1278733 ]
 [-0.00460272  0.0410316   1.1588292 ]
 [ 0.06547636  0.17611718  0.94632566]
 [ 0.26170474  0.16005597  0.7556344 ]
 [ 0.418169    0.01767609  0.83930826]
 [-0.03424082 -0.08081996  0.9689734 ]
 [-0.05435327 -0.3266252   0.93061066]
 [ 0.1163016  -0.3943807   1.0348734 ]]
[[ 0.          0.          0.49069297]
 [ 0.0022345  -0.11763505  0.50551736]
 [ 0.34285945 -0.26838094  0.44402343]
 [ 0.11457807 -0.37699437  0.087668  ]
 [ 0.2590648  -0.41370773  0.        ]
 [-0.0021763   0.11760275  0.476322  ]
 [-0.08378924  0.24255455  0.08151364]
 [-0.4508351   0.2782205   0.10747153]
 [-0.45412987  0.29629833  0.00857696]
 [ 0.02100317  0.06007892  0.7069015 ]
 [ 0.01577439  0.06735468  0.9594494 ]
 [ 0.09367462  0.03273714  1.0784439 ]
 [-0.00345781  0.04231191  1.1138338 ]
 [ 0.05994832  0.17992824  0.88854986]
 [ 0.2374802   0.14650294  0.67294323]
 [ 0.39091614 -0.00133845  0.6783252 ]
 [-0.03216481 -0.07182264  0.9202491 ]
 [-0.04024874 -0.30679375  0.85057557]
 [ 0.15653214 -0.39795262  0.93327373]]
[[ 0.          0.          0.47661182]
 [ 0.01150106 -0.11916755  0.4894998 ]
 [ 0.34840202 -0.21248186  0.36824375]
 [ 0.01243815 -0.26572564  0.09749863]
 [ 0.12286156 -0.26418367  0.        ]
 [-0.01155596  0.11907782  0.46421316]
 [-0.06634901  0.16724399  0.04049799]
 [-0.5094695   0.09131284  0.17016003]
 [-0.6037125   0.11337537  0.13121381]
 [ 0.00419883  0.05470353  0.6964363 ]
 [-0.00523651  0.07610384  0.95097315]
 [ 0.07310891  0.04519594  1.0757103 ]
 [-0.02001787  0.04467082  1.1145386 ]
 [ 0.01455412  0.1836369   0.8669337 ]
 [ 0.10751642  0.14124173  0.6187909 ]
 [ 0.20094055  0.07410428  0.48446286]
 [-0.0347938  -0.06550914  0.9247199 ]
 [-0.0495391  -0.2753154   0.793753  ]
 [ 0.13218838 -0.32333735  0.7775085 ]]
[[ 0.00000000e+00  0.00000000e+00  4.46961224e-01]
 [ 2.18842700e-02 -1.03609547e-01  4.61205751e-01]
 [ 2.74770617e-01 -1.60497919e-01  2.07061231e-01]
 [-1.32356182e-01 -1.97996914e-01  8.54831934e-02]
 [-1.11428976e-01 -1.48082167e-01  0.00000000e+00]
 [-2.21045166e-02  1.03480279e-01  4.33235735e-01]
 [-6.88658059e-02  1.05848610e-01  3.24547291e-04]
 [-5.39126754e-01 -5.85869998e-02  1.58144891e-01]
 [-6.68981850e-01 -1.79542005e-02  1.59924328e-01]
 [-9.02925432e-03  6.37084544e-02  6.64903283e-01]
 [-3.33704427e-02  9.58921313e-02  9.18057740e-01]
 [ 4.71125171e-02  6.03779554e-02  1.04970717e+00]
 [-5.72846234e-02  5.65776825e-02  1.07641935e+00]
 [-4.93661165e-02  1.88039303e-01  8.27336431e-01]
 [-6.83317184e-02  1.98049128e-01  5.62757552e-01]
 [-3.37993354e-02  2.81640828e-01  3.68164122e-01]
 [-2.96704248e-02 -2.73380578e-02  8.96885157e-01]
 [-7.86984935e-02 -1.55035898e-01  6.76758945e-01]
 [-2.61745285e-02 -1.67860076e-01  5.37304640e-01]]
[[ 0.          0.          0.44304967]
 [ 0.02845546 -0.09601453  0.45599338]
 [ 0.21295534 -0.10749975  0.135277  ]
 [-0.2278094  -0.15058517  0.07793617]
 [-0.25905925 -0.10022134  0.        ]
 [-0.02876879  0.09584096  0.43057123]
 [-0.08164988  0.09355134  0.00297648]
 [-0.5516223  -0.10084428  0.1517461 ]
 [-0.6801411  -0.05899447  0.1391896 ]
 [-0.0276172   0.07086962  0.65928006]
 [-0.0681922   0.10821104  0.90929496]
 [ 0.01459683  0.07730073  1.0388033 ]
 [-0.09727754  0.06581199  1.0677238 ]
 [-0.10485357  0.1876823   0.81632394]
 [-0.2081643   0.20942992  0.5716729 ]
 [-0.23798388  0.35103554  0.4302184 ]
 [-0.04782394  0.00260118  0.8931219 ]
 [-0.08439631 -0.07165411  0.68535656]
 [-0.10328409 -0.08034934  0.54665905]]
[[ 0.          0.          0.46525463]
 [ 0.0303752  -0.08679685  0.47553355]
 [ 0.15858331 -0.08558479  0.121326  ]
 [-0.2814981  -0.10478073  0.08898818]
 [-0.3180364  -0.04502249  0.        ]
 [-0.03074993  0.08665146  0.45535013]
 [-0.09305343  0.08110514  0.0264245 ]
 [-0.55946434 -0.10093468  0.16620868]
 [-0.67860246 -0.05309927  0.14032498]
 [-0.04584213  0.06547958  0.68109107]
 [-0.10144573  0.10246232  0.9285316 ]
 [-0.01896972  0.07145298  1.0567346 ]
 [-0.13342616  0.06002921  1.0855473 ]
 [-0.1448755   0.17914447  0.839898  ]
 [-0.27749258  0.24829635  0.62880224]
 [-0.34948674  0.4323008   0.560801  ]
 [-0.0732048   0.00809902  0.9161622 ]
 [-0.10517817 -0.04576223  0.74960244]
 [-0.13213864 -0.0061416   0.63607335]]
[[ 0.          0.          0.5314863 ]
 [ 0.02820566 -0.08528166  0.54350644]
 [ 0.03426797 -0.05086356  0.1791634 ]
 [-0.39107054 -0.04610568  0.11814934]
 [-0.42488688  0.00867677  0.        ]
 [-0.02860596  0.08516444  0.51970327]
 [-0.07798801  0.08442369  0.09264961]
 [-0.50563633 -0.02506298  0.14300343]
 [-0.5868707   0.02770394  0.0465861 ]
 [-0.07491434  0.05846521  0.7430104 ]
 [-0.15409417  0.0983516   0.98249745]
 [-0.07929979  0.09807259  1.0926108 ]
 [-0.18236944  0.06809098  1.127754  ]
 [-0.19186738  0.18299842  0.90299535]
 [-0.30194312  0.34929633  0.85898024]
 [-0.33202893  0.468282    1.0130064 ]
 [-0.12881458  0.00451049  0.9869827 ]
 [-0.19311073 -0.02301925  1.2002722 ]
 [-0.25446248 -0.04663205  1.3223046 ]]
[[ 0.          0.          0.5351908 ]
 [ 0.02759644 -0.08055962  0.5483094 ]
 [ 0.03842664 -0.0472593   0.18578365]
 [-0.3836264  -0.03155839  0.11826777]
 [-0.4198888   0.01927191  0.        ]
 [-0.02794832  0.08044495  0.5222682 ]
 [-0.05353748  0.07621452  0.09916312]
 [-0.48223293 -0.01048225  0.13422844]
 [-0.5503241   0.03382936  0.02656424]
 [-0.07440682  0.05684957  0.74923384]
 [-0.15325364  0.0963299   0.98798877]
 [-0.07767237  0.09402132  1.0980811 ]
 [-0.18013263  0.06586367  1.1322792 ]
 [-0.1882196   0.17137724  0.91112804]
 [-0.2974729   0.3078813   0.9089154 ]
 [-0.32802027  0.38107908  1.0800918 ]
 [-0.12905832  0.00911841  0.9959127 ]
 [-0.17240518 -0.01444787  1.2482598 ]
 [-0.21313047 -0.03133774  1.3951905 ]]
[[ 0.00000000e+00  0.00000000e+00  5.27205229e-01]
 [ 2.29637101e-02 -8.95979926e-02  5.41325450e-01]
 [ 5.73572591e-02 -4.27559018e-02  1.88079834e-01]
 [-3.59031409e-01 -1.73132122e-02  1.16969347e-01]
 [-3.98185551e-01  4.08774614e-02  0.00000000e+00]
 [-2.33424008e-02  8.95134658e-02  5.13275743e-01]
 [-1.63731426e-02  7.20212162e-02  1.00435674e-01]
 [-4.47030306e-01  1.06010735e-02  1.26193523e-01]
 [-5.04322767e-01  5.11844754e-02  1.26582384e-02]
 [-7.18006119e-02  5.70776463e-02  7.40590572e-01]
 [-1.44422054e-01  1.00132227e-01  9.80076194e-01]
 [-7.21743256e-02  9.52184200e-02  1.08824372e+00]
 [-1.69675380e-01  7.36311078e-02  1.12460768e+00]
 [-1.65333778e-01  1.88913226e-01  9.08282399e-01]
 [-2.23563731e-01  3.31025720e-01  9.59543347e-01]
 [-2.26563632e-01  3.84022295e-01  1.12326765e+00]
 [-1.32841766e-01  5.34772873e-04  9.89108980e-01]
 [-1.57352448e-01 -2.84665227e-02  1.26028299e+00]
 [-1.88788265e-01 -8.15177560e-02  1.41447401e+00]]
[[ 0.          0.          0.5723956 ]
 [ 0.00549683 -0.1173821   0.5854027 ]
 [ 0.23484427 -0.13639665  0.27961367]
 [-0.16305044 -0.08186337  0.13749167]
 [-0.16659588 -0.05407792  0.00797802]
 [-0.00573409  0.11729494  0.5594431 ]
 [ 0.23697013  0.07584342  0.23854384]
 [-0.17813385  0.06813323  0.14586884]
 [-0.16019619  0.09103858  0.        ]
 [-0.02114137  0.0416625   0.7962066 ]
 [-0.0435255   0.06310964  1.0475497 ]
 [ 0.05774393  0.06195217  1.1280863 ]
 [-0.03550439  0.03945708  1.181483  ]
 [-0.03384375  0.18025726  1.0024208 ]
 [ 0.14866774  0.24739087  1.2014961 ]
 [ 0.2327781   0.1188671   1.3956068 ]
 [-0.06269382 -0.07307431  1.0339557 ]
 [-0.00830184 -0.19987947  1.267314  ]
 [ 0.12321852 -0.21546447  1.4431597 ]]
[[ 0.00000000e+00  0.00000000e+00  5.71693361e-01]
 [-2.82603875e-03 -1.26355678e-01  5.83116233e-01]
 [ 3.17935467e-01 -1.62511021e-01  3.59207094e-01]
 [-1.33119524e-02 -1.37539893e-01  1.09053135e-01]
 [ 7.03014433e-02 -1.40554667e-01  1.21594667e-02]
 [ 2.65231729e-03  1.26294106e-01  5.60264826e-01]
 [ 3.71976316e-01  1.26546547e-01  3.37665439e-01]
 [-4.77803499e-03  1.40056759e-01  1.47757351e-01]
 [ 6.94785565e-02  1.49816155e-01  0.00000000e+00]
 [ 1.65406726e-02  3.46549302e-02  7.96842694e-01]
 [ 3.00596785e-02  4.58339751e-02  1.04863346e+00]
 [ 1.42161578e-01  2.43984461e-02  1.10550380e+00]
 [ 4.52505983e-02  3.37758064e-02  1.17050171e+00]
 [ 4.70939390e-02  1.66643381e-01  1.01101100e+00]
 [ 2.79523015e-01  2.01248884e-01  1.17692828e+00]
 [ 3.97500992e-01  4.48293686e-02  1.36650276e+00]
 [ 1.92001462e-05 -9.33743119e-02  1.03033459e+00]
 [ 1.02005288e-01 -2.66390353e-01  1.19930410e+00]
 [ 2.68792391e-01 -2.38850713e-01  1.38134289e+00]]
[[ 0.          0.          0.53595614]
 [-0.01498144 -0.13055973  0.5512309 ]
 [ 0.370759   -0.20793429  0.4375111 ]
 [ 0.18847701 -0.18798387  0.07274613]
 [ 0.33718243 -0.2044833   0.02364677]
 [ 0.01490305  0.13050786  0.52070045]
 [ 0.4460172   0.09087351  0.42068902]
 [ 0.16447604  0.10732487  0.11165339]
 [ 0.29565632  0.09497607  0.        ]
 [ 0.05711481  0.02801527  0.752896  ]
 [ 0.11423535  0.03339285  0.998153  ]
 [ 0.24573712 -0.03245091  1.0398319 ]
 [ 0.15019575  0.00178742  1.1105189 ]
 [ 0.14274652  0.15721673  0.96359825]
 [ 0.3645767   0.15465271  1.0235438 ]
 [ 0.44427198  0.0119409   1.107333  ]
 [ 0.06395695 -0.10345942  0.9771954 ]
 [ 0.1775614  -0.3126002   1.0495832 ]
 [ 0.3234387  -0.19547075  1.1750858 ]]
[[ 0.          0.          0.47139114]
 [-0.02403638 -0.13115074  0.4878676 ]
 [ 0.37727076 -0.2283988   0.4541002 ]
 [ 0.3225239  -0.20994872  0.05240935]
 [ 0.48876286 -0.2345275   0.03179914]
 [ 0.02403166  0.1311312   0.4549667 ]
 [ 0.45869094  0.06977199  0.43817186]
 [ 0.30050126  0.08203906  0.07248288]
 [ 0.4526263   0.06371295  0.        ]
 [ 0.07780386  0.02592115  0.68159294]
 [ 0.15301658  0.01817548  0.9166801 ]
 [ 0.29700336 -0.06430513  0.9457655 ]
 [ 0.20640726 -0.01910526  1.0246912 ]
 [ 0.1891529   0.13707289  0.88103664]
 [ 0.41130143  0.10554317  0.8817362 ]
 [ 0.4573878  -0.03563532  0.8922944 ]
 [ 0.08461553 -0.11110067  0.88713723]
 [ 0.21160251 -0.33264598  0.8723237 ]
 [ 0.29779276 -0.1503121   0.98892516]]
[[ 0.          0.          0.35752246]
 [-0.03427373 -0.11057201  0.36810753]
 [ 0.30256146 -0.24767993  0.38075474]
 [ 0.46470106 -0.17458907  0.03652567]
 [ 0.60533696 -0.2257677   0.05139664]
 [ 0.03446507  0.11055806  0.3469009 ]
 [ 0.36650342  0.01225392  0.3577037 ]
 [ 0.4537356  -0.00246066  0.        ]
 [ 0.6121124  -0.05429906  0.00925198]
 [ 0.07970323  0.01574127  0.523225  ]
 [ 0.16189483 -0.0222936   0.70489836]
 [ 0.28786707 -0.10274178  0.7395772 ]
 [ 0.2071833  -0.05640846  0.7961332 ]
 [ 0.1965828   0.06466219  0.66961324]
 [ 0.25310707 -0.04168227  0.5509855 ]
 [ 0.14949837 -0.04023564  0.6862793 ]
 [ 0.07509197 -0.11500353  0.6850401 ]
 [-0.16773884 -0.16411963  0.58221924]
 [ 0.29240415 -0.34860113  0.5619107 ]]
[[ 0.          0.          0.2687246 ]
 [-0.03105709 -0.12065676  0.2760692 ]
 [ 0.3716345  -0.24412589  0.30617005]
 [ 0.64207613 -0.16829416  0.02675197]
 [ 0.7969438  -0.22278903  0.06691688]
 [ 0.03120056  0.12059744  0.26151004]
 [ 0.42031607  0.04254889  0.2962139 ]
 [ 0.67784333  0.01639384  0.        ]
 [ 0.84457594 -0.04178533  0.07962613]
 [ 0.10305291 -0.01146527  0.4354147 ]
 [ 0.21144333 -0.05142468  0.6251658 ]
 [ 0.33879307 -0.13486806  0.6457695 ]
 [ 0.26096803 -0.09118134  0.7099726 ]
 [ 0.23542519  0.05635032  0.5774193 ]
 [ 0.30981964  0.05847053  0.36697638]
 [ 0.35424846 -0.01420694  0.2330566 ]
 [ 0.14087385 -0.15796043  0.598261  ]
 [ 0.1902644  -0.33944842  0.41881976]
 [ 0.27149728 -0.23261996  0.33951932]]
[[ 0.          0.          0.23070878]
 [-0.03213638 -0.11469404  0.23818487]
 [ 0.37464023 -0.232542    0.26353377]
 [ 0.6979753  -0.13270627  0.02924594]
 [ 0.8436496  -0.18685758  0.08337361]
 [ 0.03229447  0.11463553  0.22343343]
 [ 0.42257532  0.03866053  0.26133615]
 [ 0.7072053   0.01123413  0.        ]
 [ 0.8601163  -0.04196438  0.08749691]
 [ 0.08558866 -0.00710502  0.39046443]
 [ 0.18107507 -0.04843256  0.57183164]
 [ 0.3179978  -0.14396366  0.59781486]
 [ 0.24705029 -0.08338058  0.65062666]
 [ 0.2030173   0.05610937  0.5253217 ]
 [ 0.16559432  0.08012177  0.3013416 ]
 [ 0.13325566  0.07618906  0.11369069]
 [ 0.10867202 -0.15040828  0.55533177]
 [ 0.03313981 -0.2514657   0.32387412]
 [ 0.03217442 -0.24678397  0.14064029]]
[[ 0.00000000e+00  0.00000000e+00  2.04511970e-01]
 [-2.71627679e-02 -1.16301127e-01  2.14704335e-01]
 [ 3.71820509e-01 -2.15552151e-01  2.25923166e-01]
 [ 7.14814901e-01 -8.31058323e-02  2.33856291e-02]
 [ 8.56620848e-01 -1.24471664e-01  8.30303729e-02]
 [ 2.73244809e-02  1.16370365e-01  1.94518089e-01]
 [ 4.33223993e-01  7.49862194e-02  2.36240864e-01]
 [ 6.60999835e-01  1.02189869e-01  0.00000000e+00]
 [ 8.03224266e-01  6.97340369e-02  4.75457460e-02]
 [ 2.30599344e-02  1.41589791e-02  3.72242033e-01]
 [ 7.19439909e-02  1.75076425e-02  5.66240549e-01]
 [ 2.20666915e-01 -7.60950744e-02  5.99914312e-01]
 [ 1.47394568e-01 -1.08554065e-02  6.52239501e-01]
 [ 8.68934765e-02  1.09512687e-01  5.12259841e-01]
 [-9.60331112e-02  1.20050743e-01  3.18949372e-01]
 [-2.42782354e-01  1.33971944e-01  9.50416028e-02]
 [ 3.14615667e-04 -8.31509233e-02  5.60542643e-01]
 [-1.89089552e-01 -1.07786663e-01  3.71647239e-01]
 [-2.69802630e-01 -1.54092699e-01  1.78573877e-01]]
[[ 0.00000000e+00  0.00000000e+00  2.05997199e-01]
 [-2.53730863e-02 -1.20616928e-01  2.14036822e-01]
 [ 3.86212647e-01 -2.25017160e-01  2.24325001e-01]
 [ 7.18848467e-01 -8.42697024e-02  2.34389454e-02]
 [ 8.69179368e-01 -1.20714784e-01  8.01704377e-02]
 [ 2.54824162e-02  1.20714881e-01  1.98198587e-01]
 [ 4.53331858e-01  8.18066224e-02  2.44145870e-01]
 [ 6.11419618e-01  1.28382757e-01  0.00000000e+00]
 [ 7.55276799e-01  1.11361817e-01  2.06780434e-02]
 [-1.16004534e-02  1.04235113e-02  3.74674141e-01]
 [ 1.15272710e-02  2.65533924e-02  5.82697153e-01]
 [ 1.60414100e-01 -6.28605485e-02  6.28610969e-01]
 [ 8.32094625e-02 -5.06967306e-04  6.83081746e-01]
 [ 2.03096792e-02  1.18757814e-01  5.28720737e-01]
 [-1.90128654e-01  1.27456263e-01  3.64147246e-01]
 [-3.68818849e-01  1.58377603e-01  1.54192537e-01]
 [-5.54818735e-02 -7.79158771e-02  5.70504367e-01]
 [-2.62935281e-01 -7.75490552e-02  4.21245456e-01]
 [-3.38351190e-01 -8.56636763e-02  2.29759574e-01]]
[[ 0.          0.          0.18344787]
 [-0.02507386 -0.11935653  0.18809041]
 [ 0.38681185 -0.24019332  0.20337158]
 [ 0.7083864  -0.08854035  0.02543552]
 [ 0.8620995  -0.12488705  0.07335195]
 [ 0.02514546  0.1194735   0.17911568]
 [ 0.46414095  0.08512585  0.23443326]
 [ 0.55339825  0.15608576  0.        ]
 [ 0.6965194   0.14532784  0.00718203]
 [-0.03789929 -0.00089575  0.34895775]
 [-0.04017069  0.01279023  0.5599333 ]
 [ 0.10347176 -0.07156283  0.6183101 ]
 [ 0.02176505 -0.01630005  0.67094016]
 [-0.0324315   0.10522205  0.50931895]
 [-0.25222158  0.1204024   0.3607335 ]
 [-0.45037484  0.15728237  0.1584706 ]
 [-0.10111701 -0.09263423  0.5394691 ]
 [-0.3202811  -0.07809363  0.40659142]
 [-0.3862898  -0.10263012  0.21317196]]
[[ 0.          0.          0.1410624 ]
 [-0.02335549 -0.12009712  0.1399715 ]
 [ 0.40261897 -0.28628075  0.1903936 ]
 [ 0.6687827  -0.12475312  0.03232333]
 [ 0.80633265 -0.14219013  0.05977932]
 [ 0.02331754  0.12019588  0.14250839]
 [ 0.47362536  0.07834823  0.23573978]
 [ 0.45169973  0.20496544  0.        ]
 [ 0.589497    0.19787809  0.00522242]
 [-0.06648473  0.01140305  0.31120765]
 [-0.10172129  0.04942155  0.53514975]
 [ 0.03568676 -0.02355054  0.61424065]
 [-0.05613653  0.0244385   0.6622216 ]
 [-0.1015999   0.14021409  0.48627383]
 [-0.3039472   0.14299494  0.3288536 ]
 [-0.47240973  0.22022383  0.1270941 ]
 [-0.14372817 -0.06370607  0.49430102]
 [-0.30730575 -0.07229492  0.31427163]
 [-0.32013205 -0.15888582  0.16777396]]
[[ 0.          0.          0.10145953]
 [-0.02164084 -0.1152226   0.099725  ]
 [ 0.4290945  -0.30304563  0.19223152]
 [ 0.6154371  -0.09532803  0.05762954]
 [ 0.7324103  -0.10022825  0.09744307]
 [ 0.02152392  0.11524294  0.10358802]
 [ 0.48202997  0.08048208  0.22488704]
 [ 0.31948823  0.21948195  0.        ]
 [ 0.4581474   0.20058468  0.01880306]
 [-0.1166119   0.02148935  0.2596955 ]
 [-0.21217406  0.07128161  0.47444245]
 [-0.09117877  0.00543466  0.56570923]
 [-0.1936394   0.03701228  0.61256397]
 [-0.21608788  0.16656652  0.42856383]
 [-0.30801022  0.14577666  0.22972946]
 [-0.38756818  0.18684304  0.01900424]
 [-0.22226053 -0.0466381   0.4145812 ]
 [-0.19419086 -0.122287    0.18171902]
 [-0.03224731 -0.2220815   0.1629998 ]]
[[ 0.          0.          0.07535882]
 [-0.02273077 -0.1134985   0.05477355]
 [ 0.3713505  -0.24313022  0.15569612]
 [ 0.32854828  0.05524434  0.01406274]
 [ 0.60070086  0.01678604  0.09149604]
 [ 0.02244858  0.11353248  0.09623661]
 [ 0.45328712 -0.00509335  0.23888905]
 [ 0.30955237  0.09458644  0.        ]
 [ 0.5556946  -0.00534362  0.11956348]
 [-0.14926374 -0.00765347  0.18163483]
 [-0.3004708   0.00738955  0.3402846 ]
 [-0.23501098 -0.03218827  0.44468278]
 [-0.33859685 -0.02140638  0.47953463]
 [-0.2796824   0.13262492  0.3098411 ]
 [-0.11698806  0.18531716  0.22727208]
 [-0.02316594  0.05859588  0.24492107]
 [-0.29600692 -0.11380266  0.27212465]
 [-0.09787165 -0.2590515   0.15050928]
 [-0.02273812 -0.3259337   0.31347483]]
[[ 0.0000000e+00  0.0000000e+00  3.6956765e-02]
 [-3.8969666e-02 -9.8740175e-02  0.0000000e+00]
 [ 3.2349738e-01 -3.4444302e-01  1.7703569e-01]
 [ 3.0866769e-01 -4.1976333e-02  2.3413792e-02]
 [ 5.0101179e-01 -8.3895832e-02  6.5022953e-02]
 [ 3.8696475e-02  9.8823972e-02  7.4095011e-02]
 [ 4.6925652e-01 -8.7488130e-02  2.8435194e-01]
 [ 2.9956937e-01 -1.1778422e-02  2.8580941e-02]
 [ 4.6099365e-01 -6.0517780e-02  4.1650407e-02]
 [-1.7429641e-01  3.9707623e-02  1.0773261e-01]
 [-3.6038160e-01  9.0085506e-02  2.3204759e-01]
 [-3.1467384e-01  4.9378097e-02  3.4515288e-01]
 [-4.1215545e-01  6.8539143e-02  3.7677780e-01]
 [-3.0531153e-01  1.9493535e-01  2.1975940e-01]
 [-4.9098581e-04  2.0945941e-01  2.5759843e-01]
 [ 7.9622328e-02 -2.1310538e-02  3.8678846e-01]
 [-3.7632126e-01 -2.5831059e-02  1.5448499e-01]
 [-1.3280120e-01 -2.2123067e-01  1.3254321e-01]
 [-1.2921640e-01 -1.8537736e-01  3.2766566e-01]]
[[ 0.          0.          0.04976386]
 [-0.04369613 -0.08833952  0.        ]
 [ 0.31108373 -0.35589328  0.20576388]
 [ 0.30246234 -0.0671279   0.04707659]
 [ 0.4321977  -0.08992378  0.05145194]
 [ 0.04348026  0.0884135   0.09975882]
 [ 0.46119496 -0.1234253   0.32705158]
 [ 0.29417795 -0.07426281  0.04694778]
 [ 0.40974694 -0.12442711  0.02661047]
 [-0.18295269  0.03351994  0.11454593]
 [-0.3777706   0.08507955  0.2313391 ]
 [-0.34379113  0.04537079  0.3412652 ]
 [-0.43467608  0.06793499  0.36831212]
 [-0.3075917   0.17834389  0.23608501]
 [ 0.02841781  0.15333     0.3029702 ]
 [ 0.08905372 -0.08314359  0.4480178 ]
 [-0.4024153  -0.0130301   0.14198034]
 [-0.1562099  -0.20730084  0.15080182]
 [-0.17330948 -0.15989757  0.3350922 ]]
[[ 0.          0.          0.06058849]
 [-0.0458602  -0.08432998  0.        ]
 [ 0.30217105 -0.3739817   0.2142803 ]
 [ 0.32015777 -0.08625703  0.06926266]
 [ 0.43642676 -0.10409034  0.07229061]
 [ 0.04566989  0.08438137  0.12149969]
 [ 0.44961864 -0.15462977  0.35681552]
 [ 0.3023551  -0.10776076  0.06963605]
 [ 0.4085108  -0.16145775  0.04710267]
 [-0.18482006  0.02899773  0.12730289]
 [-0.38602328  0.0708032   0.24481829]
 [-0.35912976  0.02676699  0.35332072]
 [-0.44565985  0.05443564  0.37699676]
 [-0.30637458  0.15934563  0.26198334]
 [ 0.03399947  0.11978385  0.33640623]
 [ 0.08726403 -0.12091646  0.4646685 ]
 [-0.41763946 -0.02208828  0.14637618]
 [-0.19853148 -0.23363888  0.15664041]
 [-0.20030162 -0.18049252  0.3403753 ]]
[[ 0.          0.          0.07271877]
 [-0.04781301 -0.07985722  0.        ]
 [ 0.2930438  -0.38403118  0.1767734 ]
 [ 0.3875909  -0.07410319  0.09076639]
 [ 0.49193153 -0.08517562  0.10093218]
 [ 0.04765449  0.07990357  0.14590628]
 [ 0.42590636 -0.19293347  0.38205045]
 [ 0.35154855 -0.12189552  0.10695708]
 [ 0.4491136  -0.18168919  0.08488297]
 [-0.19235256  0.02304793  0.14188468]
 [-0.40359515  0.05519895  0.2633128 ]
 [-0.38088363  0.00367558  0.37223178]
 [-0.46215284  0.04134274  0.39578196]
 [-0.310735    0.13680972  0.29128277]
 [ 0.02572349  0.07739657  0.360823  ]
 [ 0.06725487 -0.17029023  0.44939294]
 [-0.44654232 -0.02355099  0.1524134 ]
 [-0.27296394 -0.24514902  0.14952043]
 [-0.24107462 -0.19704308  0.3330939 ]]
[[ 0.          0.          0.09094307]
 [-0.04479027 -0.07097796  0.        ]
 [ 0.30353636 -0.36524767  0.08435039]
 [ 0.4985953  -0.05703667  0.10005823]
 [ 0.5663407  -0.06501721  0.11949897]
 [ 0.0446773   0.07099269  0.18252854]
 [ 0.3935904  -0.2432949   0.39864752]
 [ 0.41959906 -0.17986038  0.15434086]
 [ 0.4972725  -0.24971212  0.1367141 ]
 [-0.1977118   0.0113722   0.1621511 ]
 [-0.41459715  0.0223386   0.28558302]
 [-0.3948056  -0.03573257  0.39233914]
 [-0.4661842   0.01209155  0.41160172]
 [-0.307797    0.09499112  0.32958463]
 [ 0.01197392  0.01162857  0.3864179 ]
 [ 0.04811428 -0.24297222  0.41163465]
 [-0.47018057 -0.03505894  0.16344707]
 [-0.34981048 -0.253961    0.14763004]
 [-0.2933723  -0.26464665  0.30025527]]
[[ 0.          0.          0.09644914]
 [-0.04358488 -0.06472237  0.        ]
 [ 0.31896457 -0.337121    0.03147716]
 [ 0.5946406  -0.0305502   0.05303482]
 [ 0.67120093 -0.03013708  0.0899611 ]
 [ 0.04348289  0.06472784  0.19360936]
 [ 0.36810946 -0.26740235  0.37966228]
 [ 0.49894428 -0.19191626  0.18639101]
 [ 0.58948565 -0.2612279   0.17834064]
 [-0.19152862 -0.00785261  0.17563361]
 [-0.40485013 -0.02080932  0.3081324 ]
 [-0.38594192 -0.08230728  0.41204363]
 [-0.45093742 -0.03406218  0.42895573]
 [-0.29113412  0.04558131  0.35536584]
 [ 0.00968644 -0.04176958  0.38194224]
 [ 0.04044886 -0.2821981   0.35480556]
 [-0.4658133  -0.06695475  0.1815264 ]
 [-0.3702246  -0.27363276  0.11883289]
 [-0.29306236 -0.33164778  0.22691658]]
[[ 0.          0.          0.10665061]
 [-0.04407455 -0.05795017  0.01310479]
 [ 0.31830633 -0.30077136  0.03063563]
 [ 0.62559277 -0.00830743  0.        ]
 [ 0.7317816  -0.00601643  0.02684443]
 [ 0.04400642  0.05798125  0.20085038]
 [ 0.35155153 -0.26452053  0.35576504]
 [ 0.62762463 -0.18918027  0.2699331 ]
 [ 0.7519275  -0.25025922  0.30166227]
 [-0.17103887 -0.0152242   0.20317808]
 [-0.3721605  -0.04299408  0.34633577]
 [-0.35686588 -0.10238394  0.44467717]
 [-0.42144465 -0.05468947  0.47139466]
 [-0.2542555   0.01415107  0.39513487]
 [ 0.02226142 -0.1029705   0.37284327]
 [ 0.02056992 -0.32720962  0.28064978]
 [-0.43790972 -0.07795389  0.21716762]
 [-0.33443704 -0.2541626   0.08004035]
 [-0.24135563 -0.40874842  0.10204943]]
[[ 0.          0.          0.12909916]
 [-0.04527266 -0.05284919  0.03612466]
 [ 0.3190525  -0.27342364  0.0306589 ]
 [ 0.6434547   0.01165004  0.        ]
 [ 0.7518493   0.01351519  0.02441104]
 [ 0.0452447   0.05288024  0.22275457]
 [ 0.35116732 -0.2546351   0.36077863]
 [ 0.676016   -0.23509264  0.3082954 ]
 [ 0.7934748  -0.29753768  0.35938367]
 [-0.16091977 -0.02150444  0.23459345]
 [-0.35549134 -0.06186633  0.38143465]
 [-0.34545046 -0.12284142  0.4738871 ]
 [-0.40752912 -0.07548264  0.50132585]
 [-0.23622996 -0.01092646  0.4325831 ]
 [ 0.02979522 -0.12981452  0.38707903]
 [ 0.01397921 -0.3491606   0.27549976]
 [-0.42426234 -0.08885746  0.2538954 ]
 [-0.3210293  -0.24341287  0.09163412]
 [-0.23697786 -0.43435746  0.08360419]]
[[ 0.          0.          0.13641548]
 [-0.04354951 -0.05045567  0.04289889]
 [ 0.316307   -0.26386988  0.02719949]
 [ 0.65351975  0.0256418   0.        ]
 [ 0.7757726   0.01993798  0.02671534]
 [ 0.04353221  0.05048358  0.23066786]
 [ 0.34573674 -0.26152918  0.34905338]
 [ 0.695396   -0.2611862   0.31659058]
 [ 0.81000125 -0.32742932  0.37912244]
 [-0.15434128 -0.02872201  0.24631356]
 [-0.34320918 -0.07396482  0.39750075]
 [-0.3365722  -0.13379121  0.48756292]
 [-0.39461887 -0.08479279  0.51555526]
 [-0.22349072 -0.0287658   0.44840878]
 [ 0.02788629 -0.15451927  0.38664326]
 [ 0.00616814 -0.3611217   0.2639613 ]
 [-0.41149408 -0.09394258  0.26979262]
 [-0.3109677  -0.23176177  0.09096748]
 [-0.24215566 -0.4420851   0.07743788]]
[[ 0.          0.          0.13914002]
 [-0.04275171 -0.04516709  0.0454893 ]
 [ 0.31138098 -0.2383658   0.01235612]
 [ 0.6630744   0.05263358  0.        ]
 [ 0.7989302   0.03950186  0.0180514 ]
 [ 0.04274411  0.04520965  0.23354357]
 [ 0.3381475  -0.27380604  0.33025825]
 [ 0.70991504 -0.30862635  0.3136205 ]
 [ 0.81845224 -0.38222644  0.38116556]
 [-0.14660229 -0.02898302  0.25064236]
 [-0.33079588 -0.07934836  0.40363377]
 [-0.3284393  -0.14025465  0.49024326]
 [-0.38280004 -0.09033984  0.5194252 ]
 [-0.21159324 -0.04420784  0.4551823 ]
 [ 0.02908951 -0.17352843  0.37838906]
 [-0.00266165 -0.37091756  0.2474062 ]
 [-0.39993036 -0.08614215  0.2737467 ]
 [-0.3102941  -0.21175677  0.08073948]
 [-0.25410408 -0.4272827   0.06876554]]
[[ 0.          0.          0.14969122]
 [-0.04384617 -0.04147445  0.0562436 ]
 [ 0.30444223 -0.23646882  0.00350347]
 [ 0.6723362   0.05444983  0.        ]
 [ 0.8107879   0.03546219  0.01785891]
 [ 0.0438486   0.04152286  0.24390507]
 [ 0.3346811  -0.2795467   0.3253814 ]
 [ 0.7209971  -0.3425532   0.32048327]
 [ 0.8166524  -0.41896206  0.38679987]
 [-0.14247721 -0.03450486  0.26174694]
 [-0.32277042 -0.09296019  0.41373923]
 [-0.3250856  -0.15372843  0.4975133 ]
 [-0.37690154 -0.10392189  0.52610236]
 [-0.20355515 -0.06181368  0.46717831]
 [ 0.02889238 -0.19108228  0.3777833 ]
 [-0.01289347 -0.38091117  0.24062194]
 [-0.39201245 -0.09181008  0.28501996]
 [-0.31215757 -0.19852403  0.08081311]
 [-0.27896777 -0.412175    0.0671587 ]]
[[ 0.          0.          0.16035254]
 [-0.04439839 -0.03589142  0.06872199]
 [ 0.2982588  -0.22863163  0.00215147]
 [ 0.6701813   0.05782627  0.        ]
 [ 0.81664205  0.03401633  0.0135857 ]
 [ 0.04440851  0.03595697  0.25276545]
 [ 0.33055258 -0.2864526   0.3182801 ]
 [ 0.7206901  -0.34834206  0.32204187]
 [ 0.8175832  -0.42069238  0.3860926 ]
 [-0.13935356 -0.03909072  0.2703524 ]
 [-0.31955016 -0.10722387  0.41745365]
 [-0.32628673 -0.16625607  0.4986636 ]
 [-0.37424892 -0.11887497  0.5274795 ]
 [-0.1990465  -0.08418599  0.47310114]
 [ 0.02640536 -0.21698241  0.37785566]
 [-0.02486234 -0.39954013  0.23813583]
 [-0.38930008 -0.0948209   0.2898365 ]
 [-0.31765705 -0.1888181   0.07745008]
 [-0.30832052 -0.40632343  0.07434089]]
[[ 0.          0.          0.17794998]
 [-0.04658101 -0.0303911   0.08670135]
 [ 0.29307944 -0.22302109  0.0037155 ]
 [ 0.66271764  0.05872434  0.        ]
 [ 0.81309295  0.0328503   0.00689375]
 [ 0.04659666  0.0304755   0.26997542]
 [ 0.3242671  -0.29424757  0.32005394]
 [ 0.7104746  -0.3859359   0.31644806]
 [ 0.8054046  -0.45905402  0.3734041 ]
 [-0.13535132 -0.03747237  0.28664592]
 [-0.3146506  -0.11049286  0.4292912 ]
 [-0.32735717 -0.16953745  0.50621724]
 [-0.37128246 -0.12206587  0.53401244]
 [-0.19266748 -0.0951101   0.48755008]
 [ 0.02747288 -0.22878371  0.3849967 ]
 [-0.03336504 -0.40510592  0.24178477]
 [-0.38520432 -0.08794766  0.3010633 ]
 [-0.3227405  -0.16435713  0.08053122]
 [-0.32835475 -0.38138583  0.08644153]]
[[ 0.          0.          0.1921065 ]
 [-0.04754001 -0.022464    0.10184105]
 [ 0.28712806 -0.2159769   0.00160547]
 [ 0.6582593   0.06289794  0.00442511]
 [ 0.80583906  0.03861976  0.        ]
 [ 0.04756904  0.02256449  0.28315973]
 [ 0.31742322 -0.2990378   0.31594592]
 [ 0.7179625  -0.35470104  0.32481262]
 [ 0.81438124 -0.42413074  0.36828125]
 [-0.13774447 -0.03943864  0.29499352]
 [-0.32075822 -0.11394373  0.42874163]
 [-0.342096   -0.17148738  0.50271297]
 [-0.38192427 -0.12389931  0.5281394 ]
 [-0.19777182 -0.10746825  0.4912272 ]
 [ 0.01455359 -0.24754767  0.3828881 ]
 [-0.05600478 -0.41876096  0.2379878 ]
 [-0.3900027  -0.08239575  0.3013506 ]
 [-0.33605856 -0.14842431  0.07604574]
 [-0.36885884 -0.36240432  0.08444379]]
[[ 0.00000000e+00  0.00000000e+00  2.12508976e-01]
 [-4.72410545e-02 -1.37017220e-02  1.24003828e-01]
 [ 2.83313304e-01 -2.00031012e-01  6.18357956e-03]
 [ 6.49095654e-01  7.10039735e-02  1.52613372e-02]
 [ 8.00214052e-01  4.81887758e-02  0.00000000e+00]
 [ 4.72673774e-02  1.38098672e-02  3.01787883e-01]
 [ 3.08257818e-01 -3.05611730e-01  3.14846516e-01]
 [ 7.06533253e-01 -3.61542106e-01  3.22101951e-01]
 [ 8.08174133e-01 -4.28988308e-01  3.52901220e-01]
 [-1.40047416e-01 -3.68331000e-02  3.08825016e-01]
 [-3.27487767e-01 -1.11621737e-01  4.32078958e-01]
 [-3.61547351e-01 -1.69386327e-01  4.97604102e-01]
 [-3.93773735e-01 -1.24645695e-01  5.22980809e-01]
 [-2.03710079e-01 -1.17532939e-01  4.97166544e-01]
 [ 1.95957720e-04 -2.64951617e-01  3.87070954e-01]
 [-7.90796131e-02 -4.33395565e-01  2.44197130e-01]
 [-3.95191610e-01 -6.88705146e-02  3.08792681e-01]
 [-3.48714978e-01 -1.28208041e-01  7.83237815e-02]
 [-3.96332890e-01 -3.40364307e-01  9.94046628e-02]]
[[ 0.          0.          0.23649335]
 [-0.04525279 -0.00126696  0.14985143]
 [ 0.2769655  -0.17955571  0.00419047]
 [ 0.64641726  0.09038478  0.02858236]
 [ 0.7953551   0.06624541  0.        ]
 [ 0.04527162  0.00139149  0.3239214 ]
 [ 0.2925244  -0.31565207  0.30379844]
 [ 0.7019967  -0.34266347  0.32480884]
 [ 0.80835676 -0.40613648  0.33760667]
 [-0.1472539  -0.0379608   0.32211477]
 [-0.3428374  -0.11307388  0.43134898]
 [-0.39254746 -0.16509838  0.48902482]
 [-0.41530982 -0.12400305  0.5146432 ]
 [-0.21862748 -0.13289796  0.50040346]
 [-0.02379694 -0.2878524   0.38615277]
 [-0.10856412 -0.44847128  0.23743889]
 [-0.40626526 -0.05480317  0.31258407]
 [-0.3663505  -0.09781394  0.07529199]
 [-0.42313147 -0.30857232  0.0910989 ]]
[[ 0.          0.          0.27210388]
 [-0.04216779  0.01575916  0.19198093]
 [ 0.2650734  -0.142836    0.009177  ]
 [ 0.63550436  0.1136805   0.05152154]
 [ 0.7779832   0.08925407  0.        ]
 [ 0.04215985 -0.01562288  0.35300753]
 [ 0.27322948 -0.31532082  0.28779617]
 [ 0.6796659  -0.33746913  0.3167535 ]
 [ 0.79600805 -0.39580306  0.3069    ]
 [-0.1577777  -0.03515843  0.3427313 ]
 [-0.3654508  -0.1074807   0.4304358 ]
 [-0.44303754 -0.14833376  0.46748802]
 [-0.44901687 -0.11993751  0.49813548]
 [-0.24417838 -0.14666137  0.50447154]
 [-0.06100129 -0.3063019   0.3856902 ]
 [-0.14750102 -0.4531389   0.22388616]
 [-0.42083636 -0.03019004  0.3196344 ]
 [-0.39406747 -0.06334984  0.07502553]
 [-0.46833813 -0.26123852  0.07916909]]
[[ 0.          0.          0.3123232 ]
 [-0.03624539  0.03440462  0.23978189]
 [ 0.253597   -0.08840805  0.01445258]
 [ 0.6258103   0.14565194  0.07695395]
 [ 0.7562015   0.12592384  0.        ]
 [ 0.03621859 -0.03424785  0.38563123]
 [ 0.24325424 -0.31328624  0.2582218 ]
 [ 0.64363074 -0.34447005  0.29914975]
 [ 0.766982   -0.39684913  0.2657687 ]
 [-0.16777089 -0.02899258  0.36576807]
 [-0.3867504  -0.09501612  0.43170837]
 [-0.48746789 -0.11153074  0.4455369 ]
 [-0.48039776 -0.10498353  0.48355192]
 [-0.27345422 -0.15618412  0.50744575]
 [-0.10228983 -0.31189665  0.37917605]
 [-0.18406145 -0.43807182  0.19981667]
 [-0.43081203  0.0033769   0.33293092]
 [-0.40886208  0.00312658  0.0794895 ]
 [-0.49550933 -0.17825148  0.07226121]]
[[ 0.          0.          0.351464  ]
 [-0.02795012  0.05765496  0.28898305]
 [ 0.23169592 -0.02474421  0.01139361]
 [ 0.6090019   0.17652163  0.10226302]
 [ 0.7211851   0.16444609  0.        ]
 [ 0.02789769 -0.05745811  0.41470507]
 [ 0.19795445 -0.31705886  0.21061039]
 [ 0.59395695 -0.34464735  0.2726741 ]
 [ 0.7224425  -0.39073882  0.21879615]
 [-0.17800915 -0.01556542  0.38524675]
 [-0.4083072  -0.06878011  0.42656377]
 [-0.5302241  -0.06191497  0.41853225]
 [-0.51154155 -0.077792    0.46178216]
 [-0.30581808 -0.1483172   0.5022403 ]
 [-0.14592442 -0.28997952  0.35412103]
 [-0.22869825 -0.38789418  0.15320894]
 [-0.43833467  0.04770137  0.34041768]
 [-0.42948306  0.07685636  0.08262864]
 [-0.5316695  -0.10495177  0.05883369]]
[[ 0.          0.          0.37854823]
 [-0.02093895  0.07384765  0.32434243]
 [ 0.20274952  0.01759267  0.0036284 ]
 [ 0.5841677   0.19650824  0.11739165]
 [ 0.68433785  0.18835503  0.        ]
 [ 0.02085704 -0.07361361  0.43350643]
 [ 0.15342715 -0.3160449   0.17177749]
 [ 0.5419091  -0.34471932  0.24434043]
 [ 0.6723734  -0.38756368  0.17839727]
 [-0.18705271 -0.00839024  0.39830574]
 [-0.4264645  -0.05425799  0.42270118]
 [-0.5618723  -0.03729513  0.3993327 ]
 [-0.5353849  -0.06555153  0.44794455]
 [-0.33262044 -0.14435361  0.4951177 ]
 [-0.17576429 -0.26280302  0.32256338]
 [-0.2660625  -0.35262108  0.11448455]
 [-0.4453506   0.07315205  0.3452534 ]
 [-0.45182395  0.12121844  0.08404073]
 [-0.5712857  -0.06870651  0.05008164]]
[[ 0.          0.          0.40420443]
 [-0.01488815  0.0869118   0.35709035]
 [ 0.16749266  0.04234907  0.        ]
 [ 0.5560521   0.19497311  0.13345051]
 [ 0.64610124  0.18953475  0.00549072]
 [ 0.0147826  -0.0866621   0.45206255]
 [ 0.11002243 -0.31303677  0.1458084 ]
 [ 0.49426484 -0.33686152  0.2277915 ]
 [ 0.6245837  -0.37663192  0.15587789]
 [-0.1959484  -0.00762968  0.41255212]
 [-0.4427911  -0.04973529  0.42496023]
 [-0.58408797 -0.02298877  0.39094657]
 [-0.55380505 -0.06003834  0.4465993 ]
 [-0.35664156 -0.1468347   0.4908998 ]
 [-0.20012033 -0.23956232  0.29143912]
 [-0.30129316 -0.32394087  0.08515781]
 [-0.45296228  0.08443721  0.35453045]
 [-0.47380838  0.14110166  0.08705059]
 [-0.6056793  -0.05090824  0.04302514]]
[[ 0.          0.          0.41994637]
 [-0.00952261  0.09464734  0.37844965]
 [ 0.13945296  0.06236675  0.        ]
 [ 0.5313212   0.18766718  0.14653638]
 [ 0.61776084  0.18311137  0.0134533 ]
 [ 0.00941725 -0.09438575  0.46217924]
 [ 0.07578981 -0.30730373  0.1309439 ]
 [ 0.45444852 -0.33654717  0.21780208]
 [ 0.5852779  -0.37468332  0.14179415]
 [-0.20104104 -0.00631771  0.42057523]
 [-0.45252645 -0.0457225   0.42544925]
 [-0.5945563  -0.01332676  0.3867173 ]
 [-0.56361586 -0.05489711  0.4455256 ]
 [-0.37366605 -0.14669414  0.48566252]
 [-0.21655878 -0.21735662  0.26403287]
 [-0.3299659  -0.29923767  0.0646463 ]
 [-0.45578134  0.09132327  0.3600907 ]
 [-0.4881448   0.15227258  0.08907282]
 [-0.63122785 -0.03669599  0.0383032 ]]
