[[ 0.0000000e+00  0.0000000e+00  7.8499585e-01]
 [ 9.8154679e-02  5.2405372e-02  7.9458928e-01]
 [ 1.1967883e-01  1.8910512e-01  4.4109252e-01]
 [ 2.5411925e-01 -5.1987171e-04  6.0003161e-02]
 [ 1.9677579e-01  1.3330597e-01  0.0000000e+00]
 [-9.8236240e-02 -5.2606165e-02  7.7532077e-01]
 [-2.2575262e-01  2.2120503e-01  4.6958140e-01]
 [ 5.8701530e-02  1.4214128e-02  3.6708075e-01]
 [ 1.1554997e-01  6.9157422e-02  2.3564345e-01]
 [-1.4932424e-02  1.1231077e-01  9.8134166e-01]
 [-5.0406992e-02  2.3402953e-01  1.2102938e+00]
 [-1.6769037e-01  3.1299251e-01  1.2434440e+00]
 [-1.4922923e-01  3.0903715e-01  1.3784608e+00]
 [-1.7858979e-01  1.5596581e-01  1.1797122e+00]
 [-2.0320901e-01 -3.1045437e-02  9.9225146e-01]
 [-1.8612406e-01  2.2835195e-02  8.0051041e-01]
 [ 8.7661743e-02  2.7034119e-01  1.1621971e+00]
 [ 1.3129312e-01  3.6371797e-01  9.3675101e-01]
 [ 5.3036667e-02  5.5250704e-01  8.3812499e-01]]
[[ 0.          0.          0.7245569 ]
 [ 0.09295399  0.05505845  0.7289047 ]
 [ 0.19297403  0.13507596  0.35469797]
 [ 0.35985035 -0.08630502  0.08684552]
 [ 0.33605176  0.01095355  0.        ]
 [-0.09299888 -0.05520719  0.7201805 ]
 [-0.26099318  0.26004997  0.5036634 ]
 [-0.11742821  0.17364559  0.1709885 ]
 [-0.14060125  0.27353925  0.08645552]
 [-0.02906726  0.09492347  0.9351607 ]
 [-0.07892725  0.20567459  1.169126  ]
 [-0.19676003  0.28122994  1.1914918 ]
 [-0.18805692  0.28086954  1.3294487 ]
 [-0.1840261   0.10790437  1.1501048 ]
 [-0.15220772 -0.1253817   1.0642605 ]
 [-0.12261827 -0.18980655  0.8775078 ]
 [ 0.0471361   0.26666862  1.1252013 ]
 [ 0.01271266  0.44692132  0.9359074 ]
 [-0.11213657  0.57649165  0.99397224]]
[[ 0.          0.          0.6731541 ]
 [ 0.09171036  0.05591569  0.67275745]
 [ 0.20533147  0.08785471  0.29631305]
 [ 0.36984715 -0.16850191  0.09852815]
 [ 0.37029564 -0.1023156   0.        ]
 [-0.09173554 -0.05603374  0.67353857]
 [-0.26150072  0.24267833  0.46764454]
 [-0.19604596  0.2823947   0.07287771]
 [-0.23811299  0.39944518  0.04072255]
 [-0.038863    0.07505073  0.8916698 ]
 [-0.10163942  0.16923383  1.1283472 ]
 [-0.22078061  0.24350163  1.1455445 ]
 [-0.21525371  0.2428869   1.2862082 ]
 [-0.1967074   0.06115046  1.1093385 ]
 [-0.15423267 -0.18082681  1.0576365 ]
 [-0.13990395 -0.2488215   0.8753005 ]
 [ 0.02288505  0.2423501   1.0900519 ]
 [-0.02004769  0.454396    0.91404647]
 [-0.14437422  0.546612    1.009939  ]]
[[ 0.0000000e+00  0.0000000e+00  6.0913754e-01]
 [ 9.1934174e-02  5.5696536e-02  6.1019284e-01]
 [ 1.8687125e-01  1.0521361e-01  2.2520772e-01]
 [ 3.3213019e-01 -2.1662396e-01  9.2811644e-02]
 [ 3.3264440e-01 -1.7228037e-01  0.0000000e+00]
 [-9.1971599e-02 -5.5835657e-02  6.0806829e-01]
 [-2.3466134e-01  2.6824021e-01  4.0645301e-01]
 [-1.7818788e-01  3.7498152e-01  1.7579675e-02]
 [-2.3150730e-01  5.0899559e-01  4.0578842e-04]
 [-4.2909727e-02  7.0333481e-02  8.2725358e-01]
 [-1.1126739e-01  1.5373659e-01  1.0660567e+00]
 [-2.3062557e-01  2.2620946e-01  1.0865786e+00]
 [-2.2274312e-01  2.2172982e-01  1.2235783e+00]
 [-2.0523544e-01  4.4607431e-02  1.0436451e+00]
 [-1.6269231e-01 -1.9492917e-01  9.5635861e-01]
 [-1.6829419e-01 -2.7971154e-01  7.7994430e-01]
 [ 1.4986366e-02  2.2811812e-01  1.0270499e+00]
 [-7.1156770e-03  4.3485954e-01  8.4507453e-01]
 [-1.3052708e-01  5.5779529e-01  9.1743934e-01]]
[[ 0.          0.          0.63053393]
 [ 0.09816718  0.05694605  0.6306198 ]
 [ 0.16356958  0.16959003  0.23611131]
 [ 0.29921278 -0.19145426  0.17646468]
 [ 0.3043625  -0.17976743  0.07461512]
 [-0.09820436 -0.05711792  0.6304305 ]
 [-0.21642259  0.29051924  0.4236536 ]
 [-0.12993523  0.37749138  0.02532661]
 [-0.18221295  0.5206681   0.        ]
 [-0.05066575  0.07777655  0.84225583]
 [-0.1235109   0.1602456   1.079642  ]
 [-0.24496356  0.22944027  1.1086152 ]
 [-0.23401412  0.22629839  1.2422767 ]
 [-0.21685678  0.05334312  1.0464509 ]
 [-0.18365704 -0.17646085  0.92220217]
 [-0.24037889 -0.24491917  0.74326813]
 [ 0.01132468  0.2305119   1.0417887 ]
 [ 0.02974619  0.4259037   0.85448873]
 [-0.08729756  0.5712248   0.87750244]]
[[ 0.          0.          0.6623589 ]
 [ 0.09695695  0.05925484  0.66461873]
 [ 0.09823013  0.23289043  0.29379708]
 [ 0.2557943  -0.17217892  0.27228743]
 [ 0.25775406 -0.17031002  0.14669853]
 [-0.09699292 -0.05945205  0.6600591 ]
 [-0.17824209  0.253998    0.42831925]
 [-0.06705001  0.29549414  0.03853297]
 [-0.1144996   0.4408991   0.        ]
 [-0.0584981   0.07103527  0.871214  ]
 [-0.13441432  0.14325726  1.1117471 ]
 [-0.25501895  0.20997673  1.1487203 ]
 [-0.24075574  0.20412457  1.2793202 ]
 [-0.2321559   0.04267034  1.0722373 ]
 [-0.24400246 -0.16645646  0.92725796]
 [-0.31045675 -0.20405284  0.7811327 ]
 [ 0.0101735   0.20357609  1.0742589 ]
 [ 0.08517525  0.37909102  0.9030464 ]
 [ 0.02766265  0.5630151   0.8615009 ]]
[[ 0.0000000e+00  0.0000000e+00  6.7382812e-01]
 [ 9.3094178e-02  5.3068891e-02  6.8078578e-01]
 [ 2.4098799e-02  2.7953154e-01  3.7302873e-01]
 [ 1.6693623e-01 -1.4641821e-01  3.1383145e-01]
 [ 1.6948849e-01 -1.3284135e-01  1.9144601e-01]
 [-9.3149379e-02 -5.3302940e-02  6.6680032e-01]
 [-1.3499501e-01  1.7885862e-01  4.0883002e-01]
 [ 1.8279627e-04  1.8230340e-01  4.8495531e-02]
 [-4.2292356e-02  3.2278660e-01  0.0000000e+00]
 [-5.5750512e-02  6.6631079e-02  8.8202941e-01]
 [-1.3115510e-01  1.2849301e-01  1.1273583e+00]
 [-2.4653471e-01  1.9447911e-01  1.1657372e+00]
 [-2.2868970e-01  1.8330985e-01  1.2966098e+00]
 [-2.3595187e-01  4.4941425e-02  1.0772647e+00]
 [-2.8450853e-01 -1.0527748e-01  9.0437508e-01]
 [-3.3411229e-01 -9.1236345e-02  8.0934399e-01]
 [ 2.0005718e-02  1.7507148e-01  1.0914319e+00]
 [ 1.4014171e-01  3.1476387e-01  9.3786085e-01]
 [ 1.4549690e-01  5.1475549e-01  8.5981297e-01]]
[[ 0.          0.          0.63356566]
 [ 0.09201391  0.05140357  0.649972  ]
 [-0.06317711  0.30024913  0.44613776]
 [ 0.0406954  -0.01203731  0.17398769]
 [-0.01654017  0.06061068  0.08957827]
 [-0.09206721 -0.05165388  0.6170314 ]
 [-0.03060215  0.11109944  0.32081428]
 [ 0.16589244  0.06440604  0.08436382]
 [ 0.17499003  0.20016682  0.        ]
 [-0.04328111  0.0668916   0.8478426 ]
 [-0.11139502  0.13493747  1.096391  ]
 [-0.23240212  0.2100054   1.1450962 ]
 [-0.20731527  0.19503987  1.273159  ]
 [-0.23525864  0.0729346   1.0488167 ]
 [-0.35628033  0.00395575  0.8726365 ]
 [-0.29764402  0.21988767  0.91996264]
 [ 0.05109477  0.15703839  1.0635304 ]
 [ 0.2362909   0.21300408  0.95572937]
 [ 0.3281518   0.39336556  0.84001654]]
[[ 0.          0.          0.58708733]
 [ 0.09291129  0.05206216  0.60793084]
 [-0.06346148  0.32905954  0.4329746 ]
 [-0.00965708  0.15943322  0.04078043]
 [-0.10623024  0.26559988  0.00181365]
 [-0.09296808 -0.05229764  0.56611645]
 [ 0.01265582  0.04011568  0.23351046]
 [ 0.24128404 -0.08271879  0.08301574]
 [ 0.29029757  0.02754349  0.        ]
 [-0.03128731  0.06644909  0.8039464 ]
 [-0.08179638  0.13449031  1.0547266 ]
 [-0.1997202   0.21210498  1.1108041 ]
 [-0.17363673  0.19660437  1.2375354 ]
 [-0.21775293  0.08702701  1.0089964 ]
 [-0.37548852  0.0635841   0.8288728 ]
 [-0.28526896  0.2939494   0.928221  ]
 [ 0.07829332  0.14671141  1.0216749 ]
 [ 0.27478153  0.14620009  0.9122619 ]
 [ 0.40091795  0.26968002  0.7727665 ]]
[[ 0.          0.          0.6060729 ]
 [ 0.09199415  0.04889531  0.62609196]
 [-0.05772302  0.33015     0.4354613 ]
 [-0.02074651  0.2176922   0.02195299]
 [-0.12277657  0.33201098  0.        ]
 [-0.09205949 -0.04911817  0.5859152 ]
 [ 0.00168193  0.00430456  0.22112358]
 [ 0.25904107 -0.21328789  0.13947263]
 [ 0.33779538 -0.1362263   0.07056409]
 [-0.02698912  0.0693126   0.82078606]
 [-0.06898159  0.14448938  1.0690181 ]
 [-0.17643851  0.22335705  1.1333942 ]
 [-0.15387735  0.20456952  1.25841   ]
 [-0.20606074  0.09818405  1.0249352 ]
 [-0.37104964  0.02925226  0.83824664]
 [-0.30004412  0.26494783  0.90151155]
 [ 0.08493035  0.15181887  1.0320351 ]
 [ 0.276667    0.12961808  0.90494454]
 [ 0.39163944  0.2734475   0.7629489 ]]
[[ 0.          0.          0.6398045 ]
 [ 0.09213309  0.04671368  0.66042656]
 [-0.03690687  0.3268156   0.45088395]
 [ 0.00362116  0.21758938  0.02634525]
 [-0.09444611  0.34034374  0.        ]
 [-0.0921988  -0.04695578  0.6190361 ]
 [-0.03174287  0.0429396   0.25465292]
 [ 0.25448442 -0.19308698  0.23556674]
 [ 0.34802532 -0.15138334  0.14819622]
 [-0.02181794  0.07249391  0.85095286]
 [-0.05564512  0.15205088  1.0988971 ]
 [-0.16116369  0.226439    1.169715  ]
 [-0.13283038  0.20656031  1.2900493 ]
 [-0.19616695  0.10670727  1.054553  ]
 [-0.34004715  0.02052397  0.84785044]
 [-0.28795528  0.27090308  0.8603953 ]
 [ 0.09487144  0.16428235  1.0544418 ]
 [ 0.27381417  0.18776977  0.90024173]
 [ 0.35090858  0.38012365  0.77193964]]
[[ 0.          0.          0.66344595]
 [ 0.09415214  0.04857932  0.68251824]
 [-0.00237138  0.29304168  0.4643954 ]
 [ 0.0494304   0.16771126  0.03148699]
 [-0.04149286  0.293809    0.        ]
 [-0.09422121 -0.04884975  0.64423263]
 [-0.08233073  0.08641475  0.30570656]
 [ 0.21769089 -0.1611675   0.28591597]
 [ 0.30728775 -0.1182093   0.17916757]
 [-0.02083079  0.07702036  0.871771  ]
 [-0.05331858  0.1545654   1.1208787 ]
 [-0.15435445  0.22754103  1.1902633 ]
 [-0.1266593   0.20955902  1.3124397 ]
 [-0.19377935  0.10344094  1.0767053 ]
 [-0.31068215 -0.00844882  0.8805412 ]
 [-0.27337924  0.23765078  0.83682865]
 [ 0.09457897  0.17576379  1.0685973 ]
 [ 0.2451827   0.25050992  0.9066923 ]
 [ 0.2896288   0.4659469   0.8017011 ]]
[[ 0.          0.          0.7032686 ]
 [ 0.09975282  0.05181272  0.71895057]
 [ 0.08930849  0.25217307  0.44508272]
 [ 0.17011753  0.06048465  0.04813468]
 [ 0.09587176  0.19220304  0.        ]
 [-0.09983939 -0.05213537  0.6874721 ]
 [-0.17903644  0.21714634  0.421595  ]
 [ 0.10343316 -0.02596521  0.3240841 ]
 [ 0.17050906  0.04014996  0.19707507]
 [-0.0198715   0.08892381  0.90856373]
 [-0.05335483  0.16970018  1.1575843 ]
 [-0.15572634  0.24383622  1.2243259 ]
 [-0.12959793  0.22915131  1.3514771 ]
 [-0.18654379  0.10395199  1.1173725 ]
 [-0.258249   -0.0463623   0.9164339 ]
 [-0.22306168  0.11336251  0.8100134 ]
 [ 0.08923893  0.21429896  1.0997168 ]
 [ 0.16783148  0.36308476  0.9169831 ]
 [ 0.14291725  0.5826747   0.8830786 ]]
[[ 0.          0.          0.6812084 ]
 [ 0.09050966  0.05473711  0.6915512 ]
 [ 0.17810407  0.10356739  0.34644318]
 [ 0.3340671  -0.16448069  0.09481531]
 [ 0.30347037 -0.0727163   0.        ]
 [-0.09056072 -0.05499308  0.6708157 ]
 [-0.24942583  0.26000142  0.497242  ]
 [-0.10011886  0.17558244  0.17865759]
 [-0.12469855  0.28967977  0.10493052]
 [-0.03209953  0.07536209  0.89404845]
 [-0.07648739  0.14161956  1.146283  ]
 [-0.18216538  0.20156056  1.210401  ]
 [-0.1545214   0.18257344  1.3412623 ]
 [-0.17841476  0.04801944  1.115336  ]
 [-0.14738318 -0.1616405   0.96284485]
 [-0.17484501 -0.18233499  0.79024786]
 [ 0.04117469  0.22084019  1.086835  ]
 [ 0.01633079  0.42255032  0.91508603]
 [-0.07141834  0.5762589   1.0166124 ]]
[[ 0.          0.          0.61890066]
 [ 0.0857345   0.05670945  0.6261744 ]
 [ 0.18908015  0.05805641  0.27896672]
 [ 0.3567277  -0.25334412  0.10429913]
 [ 0.35915595 -0.1968348   0.        ]
 [-0.08575574 -0.05691788  0.6116048 ]
 [-0.24553078  0.25539955  0.44897962]
 [-0.17082405  0.3420945   0.08838201]
 [-0.22504029  0.47274393  0.06723225]
 [-0.03566243  0.05845918  0.8363272 ]
 [-0.08672008  0.1090585   1.0916166 ]
 [-0.197465    0.16192955  1.1553171 ]
 [-0.16876252  0.13796723  1.2848244 ]
 [-0.17077488  0.00212327  1.0641952 ]
 [-0.13337663 -0.23516226  0.96760255]
 [-0.17118877 -0.28326863  0.77572256]
 [ 0.01829497  0.20247468  1.0328329 ]
 [-0.02980973  0.41881108  0.8736414 ]
 [-0.11439902  0.5303129   1.0038329 ]]
[[ 0.          0.          0.5645915 ]
 [ 0.08748627  0.05708773  0.56994605]
 [ 0.16513917  0.05661368  0.19534904]
 [ 0.32257617 -0.3168425   0.09603745]
 [ 0.33343768 -0.28810126  0.        ]
 [-0.08751389 -0.05729014  0.55922174]
 [-0.23303825  0.26509988  0.37965596]
 [-0.1834737   0.38968801  0.01750052]
 [-0.24241114  0.5291289   0.01876628]
 [-0.0354984   0.06171718  0.7815554 ]
 [-0.09008053  0.11112267  1.0358355 ]
 [-0.20059052  0.16440433  1.1017098 ]
 [-0.17077573  0.13941288  1.2286402 ]
 [-0.17536923  0.00497648  1.0058095 ]
 [-0.15440187 -0.22352374  0.90052015]
 [-0.18029815 -0.29507402  0.69873154]
 [ 0.01857354  0.19910109  0.97561705]
 [-0.01279697  0.4117473   0.8065226 ]
 [-0.11088577  0.50671226  0.9055674 ]]
[[ 0.          0.          0.5817889 ]
 [ 0.09061697  0.05867231  0.5842739 ]
 [ 0.12667757  0.08260515  0.18420953]
 [ 0.26887566 -0.32611942  0.15375963]
 [ 0.27202573 -0.33707818  0.06436539]
 [-0.09065479 -0.05888032  0.57929236]
 [-0.21075451  0.2770365   0.3805457 ]
 [-0.14775741  0.3627019   0.00761926]
 [-0.2111485   0.5124216   0.        ]
 [-0.03701561  0.06892103  0.7953366 ]
 [-0.09655899  0.11751986  1.0485283 ]
 [-0.20748708  0.1698699   1.1178634 ]
 [-0.17120801  0.14700997  1.2437392 ]
 [-0.18262713  0.01460677  1.0062431 ]
 [-0.17016019 -0.18958983  0.83320755]
 [-0.23375887 -0.2236819   0.655682  ]
 [ 0.01810163  0.19868964  0.98886764]
 [ 0.02131756  0.4013365   0.8066966 ]
 [-0.07779101  0.5324248   0.851475  ]]
[[ 0.          0.          0.62853456]
 [ 0.08971815  0.05912135  0.6306806 ]
 [ 0.07192996  0.16212583  0.2523748 ]
 [ 0.2232278  -0.26887828  0.2567538 ]
 [ 0.22410029 -0.28084654  0.1414507 ]
 [-0.08976327 -0.05935249  0.626351  ]
 [-0.18583205  0.25416684  0.41115183]
 [-0.09832647  0.26407334  0.02890611]
 [-0.14907426  0.40760157  0.        ]
 [-0.04274345  0.07228988  0.83984053]
 [-0.10523999  0.12030998  1.0922649 ]
 [-0.21550453  0.17249036  1.1694883 ]
 [-0.17359373  0.1474703   1.2933121 ]
 [-0.19428506  0.02269503  1.0455322 ]
 [-0.22251004 -0.14793578  0.8519636 ]
 [-0.30020928 -0.15903826  0.7376629 ]
 [ 0.02078101  0.191504    1.0321928 ]
 [ 0.06838069  0.37216726  0.8555388 ]
 [ 0.01998359  0.5275476   0.84444994]]
[[ 0.          0.          0.6485012 ]
 [ 0.08658114  0.05659927  0.6526256 ]
 [-0.00159312  0.25704515  0.35372102]
 [ 0.14853092 -0.17488429  0.31356242]
 [ 0.14503418 -0.17051756  0.18556058]
 [-0.08665015 -0.05685534  0.64429826]
 [-0.14377338  0.18124092  0.39573795]
 [-0.01756362  0.16474262  0.04675454]
 [-0.05794244  0.30288377  0.        ]
 [-0.04182386  0.07781829  0.8586615 ]
 [-0.10663339  0.1271559   1.1104959 ]
 [-0.21711987  0.18024659  1.1819668 ]
 [-0.17342116  0.15241927  1.3054099 ]
 [-0.2050539   0.03950316  1.0563198 ]
 [-0.28952885 -0.10218133  0.85921305]
 [-0.3314686  -0.08896305  0.7946721 ]
 [ 0.02833442  0.18461132  1.0572972 ]
 [ 0.12899472  0.3109094   0.9013461 ]
 [ 0.15657541  0.49325177  0.8350294 ]]
[[ 0.          0.          0.62065494]
 [ 0.0865703   0.05850909  0.6366109 ]
 [-0.10530102  0.26485464  0.43714732]
 [-0.00854011 -0.05272421  0.16592795]
 [-0.07438774  0.01805586  0.07902104]
 [-0.0866378  -0.05879476  0.60456747]
 [-0.03436319  0.09134714  0.30943054]
 [ 0.16033782 -0.02075642  0.08606279]
 [ 0.18175113  0.11145478  0.        ]
 [-0.03305924  0.07320072  0.83387905]
 [-0.09169987  0.12592056  1.0877594 ]
 [-0.20728156  0.1891039   1.1602429 ]
 [-0.15962389  0.16547698  1.282664  ]
 [-0.21619269  0.06095719  1.0332806 ]
 [-0.36813653 -0.01770949  0.84556544]
 [-0.3165381   0.19342971  0.9269066 ]
 [ 0.0629032   0.16072312  1.0406392 ]
 [ 0.25450486  0.24419226  0.92956465]
 [ 0.35877413  0.39908996  0.80352587]]
[[ 0.          0.          0.5894725 ]
 [ 0.08591934  0.05960507  0.6089045 ]
 [-0.11736821  0.2779519   0.42738193]
 [-0.07465729  0.09838259  0.04036182]
 [-0.18428788  0.19517791  0.        ]
 [-0.08599139 -0.05988038  0.5699066 ]
 [-0.00790612  0.02192828  0.2410064 ]
 [ 0.22623742 -0.15794155  0.11767358]
 [ 0.29004115 -0.06249237  0.02644628]
 [-0.02115723  0.06827466  0.80616075]
 [-0.06256515  0.12169707  1.0617197 ]
 [-0.17608786  0.18946117  1.1409853 ]
 [-0.12943986  0.16557771  1.2626195 ]
 [-0.19909501  0.06917903  1.0128555 ]
 [-0.37268206  0.02288997  0.8323366 ]
 [-0.288787    0.25980633  0.9316385 ]
 [ 0.09010236  0.15012038  1.0144055 ]
 [ 0.2859644   0.17569813  0.8984421 ]
 [ 0.40074965  0.3249728   0.7667935 ]]
[[ 0.          0.          0.61504656]
 [ 0.08512266  0.05484921  0.63442963]
 [-0.10128388  0.29680037  0.4352082 ]
 [-0.09947851  0.17886442  0.01892799]
 [-0.2128571   0.27683476  0.        ]
 [-0.08519286 -0.05510667  0.59552515]
 [-0.0255301  -0.0019221   0.23667607]
 [ 0.23746133 -0.24866232  0.1927191 ]
 [ 0.32641998 -0.18837261  0.10880959]
 [-0.01675656  0.06669447  0.8315468 ]
 [-0.04807879  0.12393346  1.0871515 ]
 [-0.15477905  0.19218785  1.1714613 ]
 [-0.11002249  0.1635105   1.2897525 ]
 [-0.18621072  0.073861    1.0402169 ]
 [-0.3619067   0.0050137   0.8509512 ]
 [-0.298223    0.24896169  0.9175145 ]
 [ 0.09711441  0.14908531  1.0340896 ]
 [ 0.27834737  0.15111905  0.8943584 ]
 [ 0.37487993  0.30847144  0.7541718 ]]
[[ 0.          0.          0.65099573]
 [ 0.08815452  0.05348368  0.66970074]
 [-0.07167731  0.30485535  0.4460922 ]
 [-0.07046802  0.20513171  0.02143842]
 [-0.17494601  0.31682834  0.        ]
 [-0.08822416 -0.05374789  0.63214844]
 [-0.0697353   0.01707572  0.26904055]
 [ 0.20802933 -0.26058856  0.25531727]
 [ 0.30910712 -0.22570074  0.1691243 ]
 [-0.01658801  0.06743865  0.86454666]
 [-0.04445577  0.1293554   1.119241  ]
 [-0.1437481   0.19331461  1.2054555 ]
 [-0.10103881  0.16453302  1.3209305 ]
 [-0.18372184  0.07665247  1.0720868 ]
 [-0.32803404 -0.01000626  0.87038857]
 [-0.2895571   0.24305117  0.88229895]
 [ 0.09762505  0.15891027  1.0607493 ]
 [ 0.2638839   0.21262288  0.90104663]
 [ 0.31536102  0.40186632  0.7730759 ]]
[[ 0.          0.          0.6953904 ]
 [ 0.09071589  0.05591433  0.7132541 ]
 [-0.04125798  0.2904686   0.47160357]
 [-0.02555433  0.16295743  0.04261059]
 [-0.12518144  0.28405797  0.        ]
 [-0.09079401 -0.05620315  0.6773905 ]
 [-0.12092738  0.06152508  0.3367098 ]
 [ 0.16778904 -0.22499967  0.31661305]
 [ 0.2620859  -0.18875393  0.20500463]
 [-0.01791716  0.07069466  0.9055884 ]
 [-0.04508094  0.1340296   1.1605957 ]
 [-0.14253992  0.19795328  1.2452171 ]
 [-0.09554346  0.17087525  1.3610628 ]
 [-0.18291911  0.07513669  1.1140482 ]
 [-0.30277795 -0.05068091  0.9200242 ]
 [-0.273478    0.19241491  0.86897033]
 [ 0.09407085  0.17396808  1.0950148 ]
 [ 0.23466545  0.28079432  0.92476344]
 [ 0.23774     0.48424795  0.81628436]]
[[ 0.00000000e+00  0.00000000e+00  7.45436251e-01]
 [ 9.76512283e-02  5.93417138e-02  7.57550001e-01]
 [ 5.46175912e-02  2.03417152e-01  4.51798081e-01]
 [ 1.27863765e-01  2.85142660e-03  5.27815819e-02]
 [ 6.03627674e-02  1.29920185e-01  0.00000000e+00]
 [-9.77444425e-02 -5.96466474e-02  7.33225942e-01]
 [-2.40994453e-01  2.04128712e-01  4.75466043e-01]
 [ 7.13181868e-03 -7.13559985e-02  3.47812563e-01]
 [ 5.49436733e-02 -8.47280025e-04  2.26781785e-01]
 [-2.02375837e-02  7.54360557e-02  9.54893708e-01]
 [-5.17804995e-02  1.36137605e-01  1.21095657e+00]
 [-1.54475927e-01  1.98550403e-01  1.29761410e+00]
 [-1.11965239e-01  1.71415806e-01  1.42061830e+00]
 [-1.80759653e-01  6.08226061e-02  1.16828978e+00]
 [-2.31586635e-01 -1.09233364e-01  9.83509481e-01]
 [-2.23480910e-01 -2.50234604e-02  8.41270983e-01]
 [ 7.83535540e-02  2.01727748e-01  1.14056122e+00]
 [ 1.16282344e-01  3.64442408e-01  9.51466858e-01]
 [ 4.59637195e-02  5.80314875e-01  9.42058444e-01]]
[[ 0.          0.          0.70932525]
 [ 0.08846861  0.06459938  0.7161549 ]
 [ 0.14742929  0.08533409  0.36179477]
 [ 0.2819159  -0.17710376  0.09181052]
 [ 0.25593796 -0.0786159   0.        ]
 [-0.08851659 -0.06484391  0.7024485 ]
 [-0.28417286  0.24725692  0.5346001 ]
 [-0.16866156  0.12296313  0.18924922]
 [-0.21488446  0.23881584  0.1234144 ]
 [-0.02471206  0.0648517   0.92685866]
 [-0.06259705  0.11717767  1.1845022 ]
 [-0.16970049  0.16902345  1.263519  ]
 [-0.12800583  0.14033592  1.3890014 ]
 [-0.16115214  0.01076695  1.1528379 ]
 [-0.12304609 -0.21456957  1.0331041 ]
 [-0.12719175 -0.21681616  0.856269  ]
 [ 0.04400356  0.2119683   1.1149322 ]
 [-0.01152217  0.41081473  0.94406533]
 [-0.10521126  0.53568274  1.0493445 ]]
[[ 0.          0.          0.674531  ]
 [ 0.08255046  0.0665306   0.6769884 ]
 [ 0.1433599   0.01281095  0.30413145]
 [ 0.29411954 -0.28478122  0.10139269]
 [ 0.29814786 -0.21893418  0.        ]
 [-0.08259033 -0.06674601  0.6720544 ]
 [-0.2771026   0.2267146   0.48594353]
 [-0.24067342  0.25649902  0.12305528]
 [-0.3042367   0.3879035   0.10903203]
 [-0.01956991  0.05802932  0.89607894]
 [-0.06074359  0.09794295  1.1551131 ]
 [-0.17124203  0.14390254  1.2338388 ]
 [-0.12856795  0.11474895  1.359313  ]
 [-0.13910499 -0.01980186  1.1247423 ]
 [-0.08822747 -0.2618822   1.017021  ]
 [-0.14514321 -0.28841764  0.83228993]
 [ 0.03113137  0.2037378   1.0878954 ]
 [-0.03629403  0.40897244  0.92006636]
 [-0.1303741   0.4716494   1.0336351 ]]
[[ 0.          0.          0.59896314]
 [ 0.08311875  0.06102047  0.5985415 ]
 [ 0.11000751  0.0031153   0.19048148]
 [ 0.26358533 -0.3721529   0.08354479]
 [ 0.2793262  -0.34702438  0.        ]
 [-0.08317793 -0.06122547  0.599379  ]
 [-0.24933788  0.23991415  0.3905687 ]
 [-0.2441842   0.310617    0.02114701]
 [-0.3059007   0.45589066  0.0220775 ]
 [-0.0185158   0.0575531   0.8218874 ]
 [-0.06435266  0.09177226  1.0801808 ]
 [-0.17499462  0.13644695  1.1589339 ]
 [-0.12891254  0.10788256  1.2809792 ]
 [-0.13680097 -0.02027377  1.04356   ]
 [-0.08730435 -0.24977735  0.9033375 ]
 [-0.16903836 -0.30126914  0.72616583]
 [ 0.02958897  0.19106203  1.014164  ]
 [-0.00698698  0.3899916   0.82864094]
 [-0.12217885  0.44646627  0.89689314]]
[[ 0.          0.          0.623912  ]
 [ 0.08102831  0.05990151  0.61952794]
 [ 0.05044938  0.03163728  0.2031714 ]
 [ 0.2061694  -0.4039059   0.18407956]
 [ 0.2296493  -0.4275587   0.10877621]
 [-0.08109959 -0.0601154   0.6282899 ]
 [-0.22077638  0.22992696  0.40122843]
 [-0.21036598  0.28791794  0.00522697]
 [-0.270418    0.4332645   0.        ]
 [-0.02520385  0.05220118  0.8450161 ]
 [-0.07528697  0.08121884  1.1038754 ]
 [-0.18827689  0.12268984  1.1848576 ]
 [-0.13504225  0.0964306   1.3027971 ]
 [-0.1502288  -0.02336389  1.057274  ]
 [-0.13627693 -0.22175336  0.87423396]
 [-0.23792769 -0.31977445  0.735317  ]
 [ 0.02665823  0.16837609  1.0391741 ]
 [ 0.03807108  0.35008198  0.83960116]
 [-0.0735634   0.45947975  0.83740735]]
[[ 0.0000000e+00  0.0000000e+00  6.6963977e-01]
 [ 8.3401591e-02  6.0016468e-02  6.6472232e-01]
 [-2.9711798e-04  1.1784479e-01  2.7744734e-01]
 [ 1.6374975e-01 -3.2515407e-01  3.0193579e-01]
 [ 1.7068684e-01 -3.5893673e-01  2.0589739e-01]
 [-8.3470739e-02 -6.0253039e-02  6.7453277e-01]
 [-1.8706498e-01  2.2001958e-01  4.3405390e-01]
 [-1.4023085e-01  2.3041335e-01  2.8399110e-02]
 [-2.0219111e-01  3.7239391e-01  0.0000000e+00]
 [-2.8272271e-02  5.5282310e-02  8.8927102e-01]
 [-8.2619399e-02  7.8322232e-02  1.1488169e+00]
 [-1.9765979e-01  1.2286484e-01  1.2332585e+00]
 [-1.3896683e-01  9.0640306e-02  1.3472860e+00]
 [-1.6082165e-01 -2.5772125e-02  1.0964369e+00]
 [-1.8998238e-01 -1.9860497e-01  9.0022832e-01]
 [-3.0168688e-01 -2.2027482e-01  7.8918463e-01]
 [ 3.0001588e-02  1.6214359e-01  1.0859542e+00]
 [ 9.0693407e-02  3.1922939e-01  8.8920504e-01]
 [ 2.2342980e-02  4.4547632e-01  8.1957054e-01]]
[[ 0.          0.          0.70878226]
 [ 0.08031819  0.06092959  0.7128371 ]
 [-0.07990684  0.18891156  0.3984609 ]
 [ 0.10352649 -0.22549343  0.3395064 ]
 [ 0.09593555 -0.21532428  0.20580846]
 [-0.08039825 -0.06120997  0.70464873]
 [-0.13705075  0.12683974  0.41794476]
 [-0.04047552  0.09261107  0.05669934]
 [-0.09717602  0.22469074  0.        ]
 [-0.02984627  0.05561717  0.9276957 ]
 [-0.08408462  0.08046323  1.1879985 ]
 [-0.19988963  0.12483543  1.2726891 ]
 [-0.13631147  0.09204018  1.3858197 ]
 [-0.18033266 -0.00838041  1.132082  ]
 [-0.27542597 -0.13730085  0.9253889 ]
 [-0.3214631  -0.10138424  0.90978205]
 [ 0.04402561  0.15137091  1.1266949 ]
 [ 0.17087813  0.26685464  0.96491474]
 [ 0.18709157  0.42036092  0.8467548 ]]
[[ 0.          0.          0.6631668 ]
 [ 0.08270114  0.06779291  0.67750835]
 [-0.13662371  0.25171703  0.46436715]
 [-0.07667351 -0.00547445  0.12854278]
 [-0.16225792  0.07649457  0.05432445]
 [-0.08278321 -0.06810258  0.64869654]
 [-0.01337679  0.03894281  0.31517848]
 [ 0.17941335 -0.10628605  0.09347993]
 [ 0.20477383  0.01566947  0.        ]
 [-0.02167847  0.04497364  0.8852225 ]
 [-0.0622151   0.07491058  1.1461825 ]
 [-0.17759684  0.13177055  1.2322402 ]
 [-0.1188091   0.10424829  1.34658   ]
 [-0.18601006  0.0074299   1.0962168 ]
 [-0.36337107 -0.0442383   0.9097856 ]
 [-0.2865913   0.17551085  1.0099363 ]
 [ 0.08275293  0.12345985  1.0916619 ]
 [ 0.27525502  0.15773824  0.9587685 ]
 [ 0.35566792  0.2779434   0.7899916 ]]
[[ 0.          0.          0.63972706]
 [ 0.08428582  0.06053995  0.6544851 ]
 [-0.12934023  0.24569714  0.43742305]
 [-0.14033863  0.0982427   0.03006893]
 [-0.24874765  0.19411296  0.        ]
 [-0.08438796 -0.06083854  0.62483156]
 [ 0.0083911  -0.00187775  0.2700712 ]
 [ 0.23195535 -0.21270502  0.1276471 ]
 [ 0.3085531  -0.1258313   0.03235418]
 [-0.0139649   0.04668245  0.86209196]
 [-0.04248117  0.07775682  1.1233103 ]
 [-0.14996663  0.13860804  1.2165737 ]
 [-0.09339878  0.10711741  1.3297422 ]
 [-0.17616734  0.01974031  1.0773783 ]
 [-0.35789335 -0.04246601  0.89576095]
 [-0.28296167  0.19936562  0.96721673]
 [ 0.10171214  0.11769062  1.0664092 ]
 [ 0.2942018   0.11969873  0.9226712 ]
 [ 0.36508718  0.24983087  0.753947  ]]
[[ 0.          0.          0.66368085]
 [ 0.08385325  0.05781633  0.6782213 ]
 [-0.10178638  0.26178914  0.4370177 ]
 [-0.1438564   0.1744158   0.01694405]
 [-0.24726069  0.27338836  0.        ]
 [-0.08395637 -0.05810728  0.64900184]
 [-0.03511943 -0.02392054  0.2672386 ]
 [ 0.22519627 -0.2981575   0.19861862]
 [ 0.32805878 -0.24930638  0.10257345]
 [-0.01272362  0.04081514  0.88552594]
 [-0.03522081  0.0714184   1.147579  ]
 [-0.1327616   0.1291101   1.247838  ]
 [-0.07917212  0.0929727   1.3564452 ]
 [-0.16745305  0.01441306  1.0998099 ]
 [-0.32518053 -0.06467105  0.90448296]
 [-0.28294975  0.1869368   0.923914  ]
 [ 0.10306101  0.11429101  1.0863801 ]
 [ 0.28081396  0.138521    0.9171285 ]
 [ 0.30831772  0.2808425   0.7496145 ]]
[[ 0.          0.          0.70237684]
 [ 0.08676387  0.05740176  0.7175145 ]
 [-0.0638684   0.26923546  0.4546119 ]
 [-0.09589957  0.18417865  0.02757275]
 [-0.18955886  0.29644465  0.        ]
 [-0.08685304 -0.05769708  0.6871085 ]
 [-0.09213188 -0.00536406  0.30234247]
 [ 0.18118942 -0.3216876   0.25284752]
 [ 0.2822124  -0.29307857  0.16449136]
 [-0.01282219  0.03919707  0.92228746]
 [-0.03380807  0.07134095  1.1838298 ]
 [-0.13043466  0.12595856  1.2822824 ]
 [-0.07732487  0.09217012  1.3914819 ]
 [-0.16735226  0.00926644  1.1369941 ]
 [-0.29504895 -0.09892775  0.933678  ]
 [-0.2778807   0.15207699  0.8900422 ]
 [ 0.1020752   0.11980122  1.1174634 ]
 [ 0.2532091   0.18157959  0.92818266]
 [ 0.22855267  0.3497447   0.7842225 ]]
[[ 0.          0.          0.72223794]
 [ 0.08940616  0.06313699  0.73415214]
 [-0.02321945  0.23764884  0.4383284 ]
 [-0.03132395  0.10656589  0.01542205]
 [-0.1258269   0.21549535  0.        ]
 [-0.08949719 -0.06345357  0.71020246]
 [-0.17162001  0.07101038  0.36439636]
 [ 0.11440137 -0.24946922  0.29434648]
 [ 0.21151266 -0.21249574  0.18449312]
 [-0.01471076  0.04403719  0.9424317 ]
 [-0.03802028  0.0741387   1.2042447 ]
 [-0.13154905  0.12774342  1.3041499 ]
 [-0.0802049   0.09402841  1.4176903 ]
 [-0.16897738  0.00426391  1.1557461 ]
 [-0.26655424 -0.12392618  0.9470949 ]
 [-0.26239336  0.10017844  0.8662696 ]
 [ 0.09566125  0.1344372   1.1342063 ]
 [ 0.19094327  0.24401768  0.9322459 ]
 [ 0.1297583   0.42663658  0.85242057]]
[[ 0.          0.          0.7042304 ]
 [ 0.09078164  0.06307025  0.7095567 ]
 [ 0.10791941  0.1221495   0.33754805]
 [ 0.20120943 -0.11410743  0.02183676]
 [ 0.16600484 -0.02484202  0.        ]
 [-0.09085535 -0.06334917  0.69885427]
 [-0.27264923  0.23176163  0.46876064]
 [-0.10631789 -0.01229167  0.19513798]
 [-0.09523242  0.08129454  0.10414749]
 [-0.01361226  0.0527412   0.92789495]
 [-0.04255286  0.07895425  1.1905407 ]
 [-0.1426344   0.13078791  1.2850662 ]
 [-0.08813195  0.09526765  1.4052082 ]
 [-0.14783119 -0.01988408  1.1472125 ]
 [-0.14087093 -0.21320674  0.9466733 ]
 [-0.18846735 -0.12199572  0.83173364]
 [ 0.06920584  0.1733945   1.1190803 ]
 [ 0.04529577  0.3498233   0.9258588 ]
 [-0.06613412  0.4417321   1.0005407 ]]
[[ 0.          0.          0.7110084 ]
 [ 0.08205121  0.06960826  0.71487945]
 [ 0.14393994  0.03043765  0.33572304]
 [ 0.3001064  -0.23263144  0.09460962]
 [ 0.29559118 -0.15935713  0.        ]
 [-0.08210406 -0.06984118  0.7071096 ]
 [-0.2837961   0.20392051  0.509297  ]
 [-0.20334418  0.12083751  0.1311289 ]
 [-0.263856    0.2407625   0.07668102]
 [-0.00925131  0.04445885  0.93628585]
 [-0.03809723  0.0632205   1.1988988 ]
 [-0.14015844  0.10428137  1.289931  ]
 [-0.09050283  0.06900984  1.4107852 ]
 [-0.11944067 -0.05272475  1.1618662 ]
 [-0.05749754 -0.26771864  1.0048342 ]
 [-0.10893638 -0.23450011  0.8523904 ]
 [ 0.05051306  0.1740858   1.130674  ]
 [-0.0223837   0.3743065   0.9538532 ]
 [-0.11892569  0.39736667  1.0740874 ]]
[[ 0.          0.          0.64045095]
 [ 0.07999934  0.0614882   0.64085406]
 [ 0.13041164  0.00736725  0.24011865]
 [ 0.30010185 -0.32945102  0.09718686]
 [ 0.3328547  -0.29974806  0.        ]
 [-0.08006015 -0.06169319  0.64003825]
 [-0.26224345  0.19820613  0.42735934]
 [-0.23961848  0.23001733  0.04348242]
 [-0.30389655  0.36208463  0.0348947 ]
 [-0.00799914  0.04376574  0.8658586 ]
 [-0.04037425  0.0556975   1.1275593 ]
 [-0.14111239  0.09432757  1.2184334 ]
 [-0.08949889  0.06047571  1.3372258 ]
 [-0.11134295 -0.05958265  1.0886376 ]
 [-0.04506925 -0.29424712  0.9620965 ]
 [-0.14430287 -0.33290002  0.7940669 ]
 [ 0.04681396  0.16402394  1.0595485 ]
 [-0.00869237  0.367961    0.87867963]
 [-0.13206732  0.33153376  0.97064495]]
[[ 0.          0.          0.6260216 ]
 [ 0.07909014  0.05882264  0.6241852 ]
 [ 0.08841532  0.01449153  0.20475754]
 [ 0.25583822 -0.39834374  0.15494847]
 [ 0.28540188 -0.41671395  0.07849312]
 [-0.07916548 -0.05903204  0.6278468 ]
 [-0.21966964  0.20889688  0.39320683]
 [-0.20206934  0.24856517  0.00629485]
 [-0.26639688  0.38861778  0.        ]
 [-0.00979554  0.04111704  0.8522368 ]
 [-0.04748355  0.04739079  1.1138527 ]
 [-0.1464518   0.08330852  1.2060158 ]
 [-0.09002732  0.05045837  1.3215009 ]
 [-0.11715147 -0.05959263  1.0650839 ]
 [-0.0716743  -0.2606219   0.88256675]
 [-0.20391631 -0.31206077  0.73758847]
 [ 0.04592302  0.14654219  1.0480939 ]
 [ 0.03559792  0.3365913   0.8493369 ]
 [-0.09833972  0.35497195  0.8709705 ]]
[[ 0.          0.          0.663003  ]
 [ 0.08030266  0.06229787  0.66198033]
 [ 0.0483674   0.07736918  0.2503653 ]
 [ 0.23295575 -0.3390419   0.24682173]
 [ 0.2517361  -0.3758793   0.15903991]
 [-0.08038128 -0.06253421  0.66400635]
 [-0.19005144  0.21540704  0.42437792]
 [-0.1349949   0.2242994   0.02822012]
 [-0.20570141  0.36802247  0.        ]
 [-0.01480905  0.04342268  0.88613844]
 [-0.05510338  0.04652417  1.1481981 ]
 [-0.15806061  0.07966542  1.242722  ]
 [-0.09713435  0.0456925   1.3573029 ]
 [-0.12878558 -0.06025043  1.0926726 ]
 [-0.13255395 -0.22154705  0.874202  ]
 [-0.2637924  -0.26935142  0.766531  ]
 [ 0.04593932  0.14237657  1.0828564 ]
 [ 0.08963826  0.30447218  0.8749908 ]
 [-0.03043185  0.39210814  0.8320249 ]]
[[ 0.          0.          0.69900614]
 [ 0.08065767  0.06675663  0.6991359 ]
 [-0.00719284  0.182723    0.34493068]
 [ 0.19355008 -0.21199244  0.30721015]
 [ 0.20379591 -0.21816474  0.1904766 ]
 [-0.08075522 -0.06702274  0.6988198 ]
 [-0.15505406  0.13446629  0.41963047]
 [-0.05154473  0.09167141  0.0501669 ]
 [-0.11777572  0.22778922  0.        ]
 [-0.0157464   0.03975204  0.922518  ]
 [-0.05429347  0.04447168  1.1859682 ]
 [-0.15720114  0.07711202  1.2811416 ]
 [-0.09751008  0.04292327  1.3971105 ]
 [-0.13988702 -0.05582625  1.1270659 ]
 [-0.186187   -0.22143295  0.92433673]
 [-0.2904964  -0.25466573  0.8607886 ]
 [ 0.06127295  0.13108379  1.1236923 ]
 [ 0.14741796  0.27439943  0.9422481 ]
 [ 0.0792293   0.38626963  0.8618659 ]]
[[ 0.          0.          0.6710274 ]
 [ 0.0826596   0.06986216  0.6803588 ]
 [-0.10921054  0.24544615  0.42763782]
 [-0.00396551 -0.03389388  0.14391005]
 [-0.06963403  0.03549349  0.05755568]
 [-0.08275864 -0.07017383  0.6615641 ]
 [-0.02083477  0.02816132  0.32521316]
 [ 0.17344758 -0.06455302  0.09845054]
 [ 0.19558504  0.05616188  0.        ]
 [-0.01175433  0.02936524  0.8949477 ]
 [-0.04241907  0.03813523  1.1587635 ]
 [-0.14976862  0.08649182  1.255166  ]
 [-0.0835409   0.05689543  1.3707783 ]
 [-0.16019587 -0.04188961  1.1032481 ]
 [-0.3147245  -0.12667918  0.90299916]
 [-0.26109314  0.07450482  0.9889108 ]
 [ 0.09494885  0.09937033  1.0964619 ]
 [ 0.28341663  0.15732436  0.954095  ]
 [ 0.2716053   0.24547452  0.78187895]]
[[ 0.          0.          0.66121244]
 [ 0.08237515  0.06582955  0.6731095 ]
 [-0.10766944  0.23251098  0.44018632]
 [-0.0852506   0.08992982  0.04168934]
 [-0.18571067  0.19431043  0.        ]
 [-0.08248587 -0.06612387  0.64916915]
 [-0.0023064  -0.02041021  0.29162866]
 [ 0.23410887 -0.20706773  0.16143906]
 [ 0.31480137 -0.12952399  0.05852032]
 [-0.0106833   0.02748708  0.88594484]
 [-0.03342712  0.03632247  1.1506656 ]
 [-0.13445222  0.09186977  1.2520683 ]
 [-0.06885073  0.05843908  1.3636092 ]
 [-0.16358024 -0.03407651  1.1015407 ]
 [-0.32305577 -0.11898416  0.90227115]
 [-0.24894619  0.11180586  0.97099054]
 [ 0.10395578  0.09308469  1.0884424 ]
 [ 0.29905513  0.14333874  0.93968445]
 [ 0.2933949   0.2545895   0.7731178 ]]
[[ 0.          0.          0.6766552 ]
 [ 0.08457877  0.06020358  0.6885668 ]
 [-0.08036785  0.24909392  0.440869  ]
 [-0.08699754  0.15603065  0.02711427]
 [-0.18989232  0.261354    0.        ]
 [-0.0846841  -0.06048942  0.66459376]
 [-0.03695607 -0.0098033   0.28343332]
 [ 0.22995621 -0.2503718   0.2310015 ]
 [ 0.33874947 -0.2088753   0.13153434]
 [-0.01090384  0.03029634  0.89984924]
 [-0.03158276  0.04489052  1.1639805 ]
 [-0.12132791  0.09526759  1.270301  ]
 [-0.05985048  0.05827409  1.3794905 ]
 [-0.16247529 -0.02431333  1.1150215 ]
 [-0.29805282 -0.13690706  0.9057714 ]
 [-0.25543648  0.085914    0.91367996]
 [ 0.10296398  0.10235819  1.0971285 ]
 [ 0.28380063  0.17331298  0.92794293]
 [ 0.24602096  0.31320328  0.78623974]]
[[ 0.          0.          0.70502466]
 [ 0.08644851  0.06183985  0.71742064]
 [-0.0435444   0.25743318  0.45664006]
 [-0.04132245  0.14306456  0.04148048]
 [-0.13417387  0.25585434  0.        ]
 [-0.08654188 -0.06211181  0.69249344]
 [-0.0881151   0.01852614  0.31804094]
 [ 0.19281676 -0.25502497  0.2798791 ]
 [ 0.29197764 -0.22278577  0.17794377]
 [-0.01030327  0.03457229  0.92777765]
 [-0.02816815  0.05465415  1.1924843 ]
 [-0.11716025  0.10323721  1.3011236 ]
 [-0.05439371  0.06430346  1.4074626 ]
 [-0.15746984 -0.02174535  1.1444738 ]
 [-0.26017305 -0.16392349  0.9352565 ]
 [-0.2495285   0.04216379  0.8746153 ]
 [ 0.10376521  0.11798012  1.1220875 ]
 [ 0.25779134  0.21844932  0.9377132 ]
 [ 0.17516424  0.3524051   0.8333536 ]]
[[ 0.          0.          0.7184469 ]
 [ 0.09110682  0.06633399  0.7313961 ]
 [ 0.01091707  0.24814779  0.44820374]
 [ 0.03752314  0.09700394  0.0481019 ]
 [-0.04820763  0.21548897  0.        ]
 [-0.09121133 -0.06660936  0.7053749 ]
 [-0.14584532  0.11951306  0.38392437]
 [ 0.14976297 -0.14390302  0.31194937]
 [ 0.23300132 -0.08675134  0.17798668]
 [-0.01073179  0.04179013  0.9418583 ]
 [-0.02960452  0.06181133  1.2068714 ]
 [-0.1174439   0.10868192  1.3158658 ]
 [-0.05753776  0.06940949  1.4265513 ]
 [-0.15346947 -0.02484345  1.1594934 ]
 [-0.2248145  -0.19431889  0.9594827 ]
 [-0.21630839 -0.04851463  0.8566122 ]
 [ 0.09855338  0.13738522  1.1334113 ]
 [ 0.19809304  0.27664292  0.9392012 ]
 [ 0.0991475   0.40263784  0.90550876]]
[[ 0.          0.          0.71794146]
 [ 0.08656409  0.06869675  0.72817224]
 [ 0.12600881  0.13746117  0.38297012]
 [ 0.26764357 -0.05459446  0.08852273]
 [ 0.22071256  0.04030418  0.        ]
 [-0.08664814 -0.06894658  0.70764995]
 [-0.25262597  0.23822418  0.49310237]
 [-0.03681334  0.02837515  0.23201668]
 [-0.03727739  0.11953545  0.11834514]
 [-0.00647506  0.04404151  0.94311005]
 [-0.02854921  0.05762663  1.2082673 ]
 [-0.12177202  0.09857559  1.3088527 ]
 [-0.06643844  0.05819678  1.4243016 ]
 [-0.12009531 -0.0598582   1.1687658 ]
 [-0.08963712 -0.28170022  1.0211589 ]
 [-0.11827103 -0.21238554  0.8603956 ]
 [ 0.07171446  0.16923779  1.1360366 ]
 [ 0.06873073  0.37030622  0.95172906]
 [-0.06205609  0.36688626  1.041429  ]]
[[ 0.00000000e+00  0.00000000e+00  6.41987443e-01]
 [ 7.74908885e-02  6.78610057e-02  6.46359801e-01]
 [ 1.47258729e-01  4.93729711e-02  2.77953625e-01]
 [ 3.59126389e-01 -1.83613420e-01  1.12751424e-01]
 [ 3.64420176e-01 -1.45523667e-01  0.00000000e+00]
 [-7.75626376e-02 -6.80551454e-02  6.37601435e-01]
 [-2.61012018e-01  1.98297620e-01  4.38781202e-01]
 [-1.61180481e-01  1.62015736e-01  7.33740330e-02]
 [-2.08168387e-01  2.86635965e-01  2.02847719e-02]
 [ 1.02852657e-03  3.55631709e-02  8.69399965e-01]
 [-1.80990621e-02  3.49687040e-02  1.13346589e+00]
 [-1.17655873e-01  6.19974136e-02  1.22964740e+00]
 [-5.76303676e-02  2.63851881e-02  1.34381509e+00]
 [-7.57135749e-02 -9.21097398e-02  1.09386253e+00]
 [-6.51879609e-03 -3.25773746e-01  9.71118689e-01]
 [-1.21916585e-01 -3.57126296e-01  8.07774186e-01]
 [ 5.44515997e-02  1.56901538e-01  1.06665397e+00]
 [ 1.58640891e-02  3.54259402e-01  8.92603159e-01]
 [-1.07242256e-01  2.53129542e-01  9.93302643e-01]]
[[ 0.          0.          0.62284994]
 [ 0.07718974  0.06533118  0.6233518 ]
 [ 0.1142814   0.04284513  0.22366586]
 [ 0.321877   -0.2848215   0.16050196]
 [ 0.35538742 -0.29196107  0.05403543]
 [-0.07726879 -0.0655244   0.62234247]
 [-0.223023    0.19379316  0.40237576]
 [-0.14915036  0.20426768  0.02669978]
 [-0.20795828  0.33859226  0.        ]
 [ 0.00305997  0.03580347  0.8504952 ]
 [-0.02000754  0.03378469  1.1142455 ]
 [-0.12199268  0.05986744  1.2116492 ]
 [-0.05857257  0.02801538  1.3247938 ]
 [-0.07222998 -0.08731467  1.068768  ]
 [-0.02362494 -0.3087594   0.9133814 ]
 [-0.15380031 -0.364924    0.7638161 ]
 [ 0.0535365   0.14785093  1.0488474 ]
 [ 0.04441167  0.328182    0.858222  ]
 [-0.09278384  0.26133806  0.90400654]]
[[ 0.          0.          0.6422398 ]
 [ 0.08034575  0.06491671  0.64147687]
 [ 0.06451131  0.10823998  0.2404081 ]
 [ 0.26125854 -0.26951328  0.23839885]
 [ 0.29382628 -0.306625    0.13920707]
 [-0.08042808 -0.06512747  0.6429946 ]
 [-0.19036537  0.2087326   0.41216063]
 [-0.08475313  0.21925217  0.0325098 ]
 [-0.14516121  0.3583113   0.        ]
 [-0.00472794  0.03578568  0.8677268 ]
 [-0.03617903  0.03168947  1.1313188 ]
 [-0.13749659  0.05951512  1.2323881 ]
 [-0.07039937  0.02452874  1.3437685 ]
 [-0.09499002 -0.08197239  1.076064  ]
 [-0.06891228 -0.2791058   0.88922405]
 [-0.20730259 -0.31675214  0.7550293 ]
 [ 0.05449076  0.13849884  1.0683745 ]
 [ 0.09253678  0.30801016  0.86746085]
 [-0.05223632  0.3130244   0.847205  ]]
[[ 0.          0.          0.6686472 ]
 [ 0.08039842  0.07041796  0.6698107 ]
 [ 0.00913783  0.18966325  0.30218238]
 [ 0.2340759  -0.16442955  0.29598695]
 [ 0.25916475 -0.18155703  0.17331332]
 [-0.08047505 -0.07064925  0.66744685]
 [-0.17162322  0.15459949  0.41003278]
 [-0.0195166   0.13818458  0.05147576]
 [-0.07383528  0.27570182  0.        ]
 [-0.00976704  0.03158669  0.8919714 ]
 [-0.04008287  0.02609283  1.1564113 ]
 [-0.14187765  0.05524987  1.2612097 ]
 [-0.07342505  0.02036291  1.3726126 ]
 [-0.11291797 -0.08748412  1.0971383 ]
 [-0.14648098 -0.2666143   0.8913536 ]
 [-0.2593193  -0.27492613  0.8252683 ]
 [ 0.06155825  0.1286521   1.0945532 ]
 [ 0.1319678   0.28592843  0.9139043 ]
 [ 0.01880655  0.29615942  0.84822655]]
[[ 0.          0.          0.6645104 ]
 [ 0.07649234  0.07409672  0.67504376]
 [-0.10400069  0.25640804  0.40838236]
 [ 0.08928053 -0.03380522  0.2276212 ]
 [ 0.06317489  0.00548512  0.10463434]
 [-0.07657425 -0.07436531  0.65386   ]
 [-0.06679222  0.05205005  0.3326155 ]
 [ 0.16166838 -0.02527559  0.09103543]
 [ 0.16680786  0.10285574  0.        ]
 [-0.00830333  0.02582556  0.88748324]
 [-0.03313323  0.02744406  1.1525044 ]
 [-0.13101923  0.06765878  1.2553946 ]
 [-0.06335157  0.03291589  1.3678176 ]
 [-0.1376764  -0.06797442  1.0889266 ]
 [-0.2620676  -0.18399952  0.8825919 ]
 [-0.24395308 -0.01683232  0.9484503 ]
 [ 0.09487101  0.10453534  1.0924706 ]
 [ 0.27505857  0.21197483  0.9529592 ]
 [ 0.20018813  0.27785492  0.80438006]]
[[ 0.          0.          0.6202701 ]
 [ 0.08056313  0.07241722  0.63258845]
 [-0.1176707   0.25751382  0.4193007 ]
 [-0.04407282  0.10869631  0.04913735]
 [-0.14339718  0.19071963  0.        ]
 [-0.0806586  -0.07268183  0.6078099 ]
 [-0.00182712  0.00551996  0.25591043]
 [ 0.25302792 -0.14584476  0.13748378]
 [ 0.32488275 -0.05651838  0.03376609]
 [-0.00386108  0.01575427  0.84578985]
 [-0.01718017  0.0172182   1.1117852 ]
 [-0.1093487   0.06533152  1.2189623 ]
 [-0.04017264  0.02877891  1.3262947 ]
 [-0.14048965 -0.0670743   1.0586635 ]
 [-0.2923453  -0.17801088  0.8598275 ]
 [-0.21365705  0.0385676   0.936697  ]
 [ 0.11470427  0.09096506  1.0513451 ]
 [ 0.31230345  0.16905983  0.91778827]
 [ 0.2565628   0.2670232   0.7590345 ]]
[[ 0.          0.          0.6278715 ]
 [ 0.08334655  0.0673555   0.6431433 ]
 [-0.09818403  0.2710877   0.41922382]
 [-0.07340489  0.20746845  0.0232662 ]
 [-0.17853573  0.29717687  0.        ]
 [-0.08343829 -0.06759556  0.6124549 ]
 [-0.0324607  -0.00655514  0.24132115]
 [ 0.24655047 -0.22396666  0.19685325]
 [ 0.3580233  -0.17542487  0.10377216]
 [-0.00488074  0.02062993  0.8517598 ]
 [-0.01638044  0.02932316  1.1178613 ]
 [-0.09950736  0.07676035  1.2315174 ]
 [-0.03253874  0.03603578  1.3348345 ]
 [-0.1439485  -0.04930314  1.0655754 ]
 [-0.2762762  -0.17993285  0.8623573 ]
 [-0.22565806  0.02239332  0.8859429 ]
 [ 0.11464845  0.0977397   1.053112  ]
 [ 0.29938218  0.17783709  0.8994198 ]
 [ 0.22393124  0.29695466  0.7651144 ]]
[[ 0.          0.          0.6568997 ]
 [ 0.08611751  0.06727053  0.6700955 ]
 [-0.05084957  0.28191254  0.42734337]
 [-0.02797928  0.19146398  0.03612655]
 [-0.1203981   0.2957076   0.        ]
 [-0.08620001 -0.06750703  0.6435746 ]
 [-0.09197567  0.03308198  0.2768305 ]
 [ 0.20040351 -0.2226193   0.26046938]
 [ 0.3028031  -0.18759024  0.16277134]
 [-0.00427514  0.0293787   0.87945247]
 [-0.01743896  0.04224226  1.145137  ]
 [-0.09917353  0.08614397  1.2628541 ]
 [-0.03156693  0.04181027  1.3631871 ]
 [-0.14184822 -0.04215151  1.0936279 ]
 [-0.23835808 -0.19590294  0.89372903]
 [-0.231882   -0.02469963  0.83690596]
 [ 0.11047944  0.11489269  1.0733511 ]
 [ 0.266552    0.23828393  0.9035865 ]
 [ 0.15422532  0.34622025  0.8132725 ]]
[[ 0.          0.          0.66708255]
 [ 0.0885049   0.07103208  0.6806375 ]
 [-0.01359881  0.26474953  0.41479883]
 [ 0.03872724  0.1270324   0.0491184 ]
 [-0.05033351  0.23774338  0.        ]
 [-0.08859658 -0.07128116  0.65341365]
 [-0.1457794   0.12179738  0.3463518 ]
 [ 0.15875192 -0.12066329  0.28901255]
 [ 0.24938643 -0.06287372  0.16197479]
 [-0.0055783   0.03385554  0.8900752 ]
 [-0.01763472  0.04358518  1.1569328 ]
 [-0.09983337  0.08726656  1.2732518 ]
 [-0.03071042  0.04162383  1.3758856 ]
 [-0.13574265 -0.04879192  1.10671   ]
 [-0.19876106 -0.21750195  0.91052246]
 [-0.21218811 -0.09581736  0.8193233 ]
 [ 0.10486394  0.12740248  1.082099  ]
 [ 0.20899922  0.27915153  0.90000767]
 [ 0.07891443  0.37926683  0.8793533 ]]
[[ 0.00000000e+00  0.00000000e+00  6.79614246e-01]
 [ 8.50969702e-02  7.15369359e-02  6.89360738e-01]
 [ 1.22602776e-01  1.71548277e-01  3.44695210e-01]
 [ 2.97301650e-01 -3.74078155e-02  7.44056106e-02]
 [ 2.58436114e-01  4.81721163e-02  0.00000000e+00]
 [-8.51640776e-02 -7.17701018e-02  6.69814885e-01]
 [-2.76620984e-01  2.29845569e-01  4.67956841e-01]
 [-5.96049875e-02  5.91539145e-02  2.14507610e-01]
 [-5.83736673e-02  1.47774160e-01  1.17276311e-01]
 [ 4.30043787e-04  3.71802151e-02  9.03977454e-01]
 [-1.14660524e-02  3.77976000e-02  1.17061222e+00]
 [-1.04690135e-01  7.37302899e-02  1.27776349e+00]
 [-3.45662534e-02  3.16674113e-02  1.38665688e+00]
 [-9.00606140e-02 -8.50662589e-02  1.12975812e+00]
 [-6.33838326e-02 -2.94477075e-01  9.75460291e-01]
 [-9.73265469e-02 -2.39390388e-01  8.28510880e-01]
 [ 7.06194788e-02  1.61945522e-01  1.09770548e+00]
 [ 3.86621654e-02  3.55404615e-01  9.27379370e-01]
 [-9.63058174e-02  3.09508801e-01  1.03313518e+00]]
[[ 0.0000000e+00  0.0000000e+00  6.1468077e-01]
 [ 7.2767191e-02  7.0442639e-02  6.2038350e-01]
 [ 1.6790606e-01  7.3896766e-02  2.5979897e-01]
 [ 3.8948792e-01 -1.5909964e-01  9.8942459e-02]
 [ 4.1442925e-01 -1.3272619e-01  0.0000000e+00]
 [-7.2821841e-02 -7.0630312e-02  6.0896468e-01]
 [-2.8231210e-01  1.5908781e-01  4.3170676e-01]
 [-2.1054095e-01  1.7856726e-01  6.2481999e-02]
 [-2.7649796e-01  3.0163288e-01  3.6216557e-02]
 [ 1.3648443e-02  2.9392093e-02  8.4214568e-01]
 [ 1.2121718e-02  1.7124474e-02  1.1056578e+00]
 [-8.6941265e-02  3.6833704e-02  1.2063305e+00]
 [-1.3232006e-02  6.8271160e-04  1.3144225e+00]
 [-2.4819080e-02 -1.1459720e-01  1.0594268e+00]
 [ 2.7908549e-02 -3.4380445e-01  9.3222272e-01]
 [-7.6354139e-02 -3.6030120e-01  7.8663635e-01]
 [ 5.5116620e-02  1.5280637e-01  1.0452863e+00]
 [-2.3227245e-02  3.5811171e-01  9.0104783e-01]
 [-1.0692549e-01  2.5606197e-01  1.0153000e+00]]
[[ 0.00000000e+00  0.00000000e+00  5.74730337e-01]
 [ 6.99171722e-02  6.63544387e-02  5.78404009e-01]
 [ 1.53318152e-01  8.47958028e-02  1.95638031e-01]
 [ 3.69187772e-01 -2.19177604e-01  1.06696546e-01]
 [ 4.29538727e-01 -2.31340885e-01  1.41442418e-02]
 [-6.99794739e-02 -6.65436983e-02  5.71053565e-01]
 [-2.64810920e-01  1.44372642e-01  3.76247406e-01]
 [-2.33315170e-01  2.22685456e-01  0.00000000e+00]
 [-3.00112993e-01  3.53775084e-01  3.52090597e-03]
 [ 1.55161768e-02  2.83460170e-02  8.02441239e-01]
 [ 1.32148433e-02  1.49045587e-02  1.06513548e+00]
 [-8.73382092e-02  3.88631225e-02  1.16843510e+00]
 [-9.86056402e-03  1.04743242e-03  1.27463579e+00]
 [-2.11335346e-02 -1.12594575e-01  1.01611853e+00]
 [ 1.78496242e-02 -3.37620407e-01  8.73550951e-01]
 [-9.42576677e-02 -3.79389197e-01  7.35737681e-01]
 [ 5.65522499e-02  1.45554096e-01  1.00562859e+00]
 [-1.87014341e-02  3.35393786e-01  8.51650715e-01]
 [-1.11680895e-01  2.39039719e-01  9.37015176e-01]]
[[ 0.          0.          0.59653574]
 [ 0.07345607  0.06876853  0.59673756]
 [ 0.0943516   0.12264076  0.1946173 ]
 [ 0.30267745 -0.24546874  0.18630812]
 [ 0.36215633 -0.287833    0.10987702]
 [-0.07352763 -0.06898041  0.596336  ]
 [-0.24080634  0.16610786  0.3875224 ]
 [-0.15854222  0.23119074  0.00669158]
 [-0.2290045   0.36591318  0.        ]
 [ 0.0060172   0.02565745  0.8235722 ]
 [-0.00824263  0.01022711  1.0868471 ]
 [-0.10407019  0.03406101  1.1928911 ]
 [-0.02475363 -0.00348961  1.298512  ]
 [-0.05076992 -0.11138284  1.0312427 ]
 [-0.03552382 -0.31422898  0.8506144 ]
 [-0.1734663  -0.34509224  0.72505474]
 [ 0.05344029  0.1347248   1.0273838 ]
 [ 0.02398627  0.31671026  0.84412146]
 [-0.11114921  0.26685998  0.8878759 ]]
[[ 0.00000000e+00  0.00000000e+00  6.31751299e-01]
 [ 7.72815496e-02  7.18257204e-02  6.32284641e-01]
 [ 2.87523642e-02  1.75610259e-01  2.52762377e-01]
 [ 2.61334360e-01 -1.76938713e-01  2.68684894e-01]
 [ 3.08656394e-01 -2.17781842e-01  1.88963979e-01]
 [-7.73372948e-02 -7.20438436e-02  6.31212890e-01]
 [-2.05365241e-01  1.48302108e-01  4.04338717e-01]
 [-8.05091709e-02  1.69896722e-01  3.07928920e-02]
 [-1.50154412e-01  3.10350716e-01  0.00000000e+00]
 [ 1.29120797e-03  1.92787200e-02  8.57583463e-01]
 [-1.31610557e-02  1.40845776e-03  1.12203598e+00]
 [-1.09715596e-01  2.77475119e-02  1.23117137e+00]
 [-2.41703503e-02 -1.13465786e-02  1.33631253e+00]
 [-7.08808452e-02 -1.20185643e-01  1.06225109e+00]
 [-1.13224559e-01 -2.92818457e-01  8.51109266e-01]
 [-2.46795431e-01 -3.15803796e-01  7.66867936e-01]
 [ 6.32049963e-02  1.23839617e-01  1.06115043e+00]
 [ 8.34429413e-02  3.00783128e-01  8.77067566e-01]
 [-5.38334548e-02  2.18052596e-01  8.66034865e-01]]
[[ 0.00000000e+00  0.00000000e+00  6.57583356e-01]
 [ 7.12333918e-02  7.51040056e-02  6.63909018e-01]
 [-9.16901529e-02  2.48264998e-01  3.85579079e-01]
 [ 1.63420767e-01 -6.58757091e-02  2.91148931e-01]
 [ 1.84325159e-01 -6.30948544e-02  1.73219502e-01]
 [-7.13101104e-02 -7.53502026e-02  6.51187897e-01]
 [-1.45451874e-01  6.58472478e-02  3.53940487e-01]
 [ 5.62651008e-02  4.57686186e-02  7.00410008e-02]
 [ 2.04171799e-02  1.81634128e-01  0.00000000e+00]
 [-6.00295141e-04  1.97627097e-02  8.80150557e-01]
 [-1.13178976e-02  4.96461987e-03  1.14665413e+00]
 [-1.01355717e-01  3.48021984e-02  1.25984335e+00]
 [-1.38200279e-02 -6.24859333e-03  1.36506724e+00]
 [-9.76052359e-02 -1.08884603e-01  1.08070385e+00]
 [-2.03202650e-01 -2.60976553e-01  8.81763041e-01]
 [-2.87586749e-01 -2.04378009e-01  8.82935226e-01]
 [ 8.91661942e-02  1.07304424e-01  1.08197510e+00]
 [ 1.99517414e-01  2.61828661e-01  9.34126139e-01]
 [ 9.08204541e-02  2.64678121e-01  8.82748663e-01]]
[[ 0.          0.          0.60873127]
 [ 0.07344319  0.07500368  0.6212681 ]
 [-0.15516129  0.26218867  0.43163776]
 [-0.03986363  0.08071959  0.08182657]
 [-0.12959918  0.15033156  0.02010572]
 [-0.07353726 -0.07526793  0.5960598 ]
 [-0.02634883  0.0149563   0.24672332]
 [ 0.23639333 -0.11472049  0.11021817]
 [ 0.3102064  -0.01300329  0.        ]
 [ 0.00390942  0.01036382  0.83353215]
 [ 0.00251262  0.00415963  1.1001937 ]
 [-0.07767831  0.04976034  1.2180133 ]
 [ 0.00754861  0.00250036  1.3166488 ]
 [-0.11753828 -0.08285451  1.0423124 ]
 [-0.28911373 -0.18854386  0.8563268 ]
 [-0.22435781  0.02611455  0.9354981 ]
 [ 0.12330091  0.08291605  1.0383385 ]
 [ 0.29934713  0.17004791  0.89299643]
 [ 0.21856874  0.24552758  0.7625314 ]]
[[ 0.          0.          0.61471564]
 [ 0.07620922  0.0732112   0.6288999 ]
 [-0.14735512  0.2656638   0.43425393]
 [-0.08071203  0.15921423  0.03072232]
 [-0.18357047  0.22867587  0.        ]
 [-0.07630613 -0.07347099  0.6003894 ]
 [-0.03918697  0.01040047  0.22306001]
 [ 0.24362558 -0.16099894  0.14890069]
 [ 0.35115635 -0.09036183  0.04404163]
 [ 0.00242662  0.00804457  0.84099257]
 [ 0.00259408  0.0075191   1.108744  ]
 [-0.07154658  0.05606842  1.2316923 ]
 [ 0.01231529  0.0075829   1.3262689 ]
 [-0.12365226 -0.07496336  1.0549206 ]
 [-0.2902779  -0.18464631  0.8659476 ]
 [-0.23435506  0.02569661  0.9135479 ]
 [ 0.12694576  0.08590555  1.0432357 ]
 [ 0.29592746  0.17134172  0.88329464]
 [ 0.20335919  0.2535559   0.7725684 ]]
[[ 0.00000000e+00  0.00000000e+00  6.35610819e-01]
 [ 7.74999857e-02  7.45378658e-02  6.51294768e-01]
 [-1.17200404e-01  2.88071901e-01  4.35686469e-01]
 [-4.85652834e-02  2.20292211e-01  2.19566226e-02]
 [-1.55598879e-01  2.98988372e-01  0.00000000e+00]
 [-7.75891319e-02 -7.47832879e-02  6.19792104e-01]
 [-9.40220505e-02  1.50620937e-02  2.30376720e-01]
 [ 2.05847859e-01 -1.88740909e-01  1.97545826e-01]
 [ 3.10090482e-01 -1.42603040e-01  9.96048450e-02]
 [-4.50065359e-04  1.50156170e-02  8.62400293e-01]
 [-9.28938389e-04  2.12814808e-02  1.13020337e+00]
 [-6.66167662e-02  6.72140121e-02  1.25666440e+00]
 [ 1.63430870e-02  1.68241858e-02  1.34669411e+00]
 [-1.25629500e-01 -6.60382211e-02  1.07819629e+00]
 [-2.64980018e-01 -2.04002544e-01  8.84647787e-01]
 [-2.63551801e-01 -2.76345164e-02  8.69367003e-01]
 [ 1.20730743e-01  1.02133662e-01  1.06029797e+00]
 [ 2.71292746e-01  2.12918252e-01  8.90517592e-01]
 [ 1.50414273e-01  3.03596973e-01  8.11367214e-01]]
[[ 0.0000000e+00  0.0000000e+00  6.7250121e-01]
 [ 8.1041895e-02  7.2332174e-02  6.8846250e-01]
 [-7.4696690e-02  2.8477681e-01  4.5091194e-01]
 [ 7.7521093e-03  2.2151759e-01  3.1767368e-02]
 [-8.3542675e-02  3.1774467e-01  0.0000000e+00]
 [-8.1128597e-02 -7.2572879e-02  6.5642256e-01]
 [-1.3956781e-01  9.6540719e-02  3.0431563e-01]
 [ 1.6423154e-01 -1.1628890e-01  2.5178909e-01]
 [ 2.5168237e-01 -6.6590428e-02  1.4191580e-01]
 [-6.6646375e-04  2.2674382e-02  8.9693934e-01]
 [-1.1403952e-03  2.7880847e-02  1.1651440e+00]
 [-6.4289965e-02  7.2039425e-02  1.2905382e+00]
 [ 1.6213322e-02  2.1396935e-02  1.3802891e+00]
 [-1.2348298e-01 -6.2067717e-02  1.1144063e+00]
 [-2.1968365e-01 -2.2478929e-01  9.2692626e-01]
 [-2.6063558e-01 -8.3458573e-02  8.6367500e-01]
 [ 1.1339363e-01  1.1362156e-01  1.0900719e+00]
 [ 2.1971431e-01  2.6891583e-01  9.1652346e-01]
 [ 7.5265847e-02  3.4694618e-01  8.9749843e-01]]
[[ 0.0000000e+00  0.0000000e+00  7.2127652e-01]
 [ 8.5137472e-02  7.4580416e-02  7.3585445e-01]
 [ 2.3331035e-02  2.6146948e-01  4.2980474e-01]
 [ 1.4208665e-01  1.5328419e-01  4.2561829e-02]
 [ 8.2847081e-02  2.5378549e-01  0.0000000e+00]
 [-8.5226513e-02 -7.4831732e-02  7.0661259e-01]
 [-2.3675448e-01  2.0370653e-01  4.5794001e-01]
 [ 3.0315485e-02  5.4506063e-03  2.8725910e-01]
 [ 6.3245334e-02  8.9411527e-02  1.7026407e-01]
 [-1.7379317e-03  3.0622259e-02  9.4349062e-01]
 [ 9.3741715e-04  3.5018444e-02  1.2127614e+00]
 [-6.9408849e-02  7.9212785e-02  1.3363609e+00]
 [ 1.6038371e-02  2.5613785e-02  1.4289000e+00]
 [-1.0377795e-01 -7.2176307e-02  1.1654427e+00]
 [-1.1915940e-01 -2.7113816e-01  9.8143411e-01]
 [-2.0017178e-01 -2.2139639e-01  8.9858156e-01]
 [ 9.7329900e-02  1.4263558e-01  1.1363117e+00]
 [ 1.0476019e-01  3.2262015e-01  9.7091669e-01]
 [-5.4057032e-02  2.9492113e-01  1.0462584e+00]]
[[ 0.00000000e+00  0.00000000e+00  6.72319055e-01]
 [ 6.23790324e-02  7.64034837e-02  6.84331059e-01]
 [ 1.66117162e-01  1.55476868e-01  3.09638709e-01]
 [ 4.02358294e-01  3.20759416e-02  8.94783139e-02]
 [ 4.11213815e-01  8.71106386e-02  0.00000000e+00]
 [-6.24280497e-02 -7.65777007e-02  6.60300851e-01]
 [-3.00552636e-01  1.16143472e-01  4.87129867e-01]
 [-2.75911927e-01  1.29043400e-01  1.16350532e-01]
 [-3.43972772e-01  2.35486031e-01  9.63620543e-02]
 [ 1.65712275e-02  1.95561349e-02  9.00505364e-01]
 [ 3.28954384e-02  8.52286816e-04  1.16386068e+00]
 [-4.78404164e-02  1.82934403e-02  1.27407229e+00]
 [ 3.92564833e-02 -2.24735737e-02  1.37053204e+00]
 [ 4.23116609e-03 -1.24873608e-01  1.11402488e+00]
 [ 8.55644643e-02 -3.52171659e-01  9.81823623e-01]
 [-6.60946816e-02 -3.79690766e-01  9.55417514e-01]
 [ 6.24965355e-02  1.40219033e-01  1.10868847e+00]
 [-3.08065265e-02  3.61255646e-01  9.89946961e-01]
 [-1.10316426e-01  1.84054375e-01  1.13729954e+00]]
[[ 0.          0.          0.6627232 ]
 [ 0.05158573  0.07209488  0.67436785]
 [ 0.16556561  0.05876318  0.28050593]
 [ 0.40899873 -0.09474349  0.10119629]
 [ 0.46003854 -0.06754124  0.        ]
 [-0.0516312  -0.07226266  0.65107644]
 [-0.2753808   0.08783191  0.4386142 ]
 [-0.3268398   0.19244975  0.0872404 ]
 [-0.40304607  0.29784715  0.09826255]
 [ 0.0246946   0.01342361  0.89142966]
 [ 0.04445578 -0.00872797  1.1523751 ]
 [-0.0358727   0.00372446  1.2603794 ]
 [ 0.05321277 -0.03329331  1.3533223 ]
 [ 0.03239851 -0.13329852  1.09731   ]
 [ 0.10536021 -0.36128867  0.95770186]
 [-0.03842162 -0.4027948   0.97620046]
 [ 0.05762924  0.12859923  1.1062917 ]
 [-0.02920917  0.34601527  0.99909836]
 [-0.09135875  0.18874031  1.1423323 ]]
[[ 0.          0.          0.6301503 ]
 [ 0.05205708  0.07224741  0.6404702 ]
 [ 0.13648796  0.06526443  0.23206171]
 [ 0.37984318 -0.13735902  0.08426702]
 [ 0.4578274  -0.13739443  0.        ]
 [-0.05210897 -0.07243816  0.61982435]
 [-0.2580354   0.10524735  0.3772466 ]
 [-0.28143266  0.23477328  0.03298378]
 [-0.3606619   0.35073143  0.04345822]
 [ 0.0250417   0.01256078  0.8593035 ]
 [ 0.04085114 -0.00839427  1.1205155 ]
 [-0.03547249  0.00579381  1.2335167 ]
 [ 0.05787905 -0.03830469  1.3202144 ]
 [ 0.01985501 -0.13084954  1.0637248 ]
 [ 0.09265746 -0.35516733  0.9162462 ]
 [-0.05294096 -0.36837506  0.93735135]
 [ 0.07003934  0.12319207  1.0770257 ]
 [-0.0042036   0.35194224  0.9748134 ]
 [-0.08662815  0.23144114  1.1212945 ]]
[[ 0.00000000e+00  0.00000000e+00  6.76958144e-01]
 [ 6.01724312e-02  7.53853023e-02  6.81939781e-01]
 [ 6.83366805e-02  1.26383245e-01  2.69176245e-01]
 [ 3.20559978e-01 -1.46379590e-01  2.06440926e-01]
 [ 3.83296221e-01 -1.93375170e-01  1.27594590e-01]
 [-6.02217801e-02 -7.55897611e-02  6.71973884e-01]
 [-2.18988240e-01  1.08030647e-01  4.18438375e-01]
 [-1.77209169e-01  2.15826303e-01  3.78370285e-02]
 [-2.41978943e-01  3.49058688e-01  0.00000000e+00]
 [ 2.44120136e-02  8.33170116e-03  9.04769719e-01]
 [ 3.53944823e-02 -1.80894732e-02  1.16732287e+00]
 [-4.25345972e-02 -9.55343246e-04  1.28092122e+00]
 [ 6.19415268e-02 -4.66798544e-02  1.36689281e+00]
 [ 4.16157022e-03 -1.43611461e-01  1.10628128e+00]
 [-7.38719851e-03 -3.59358817e-01  9.45189834e-01]
 [-1.16926655e-01 -4.11485344e-01  9.61918294e-01]
 [ 8.20100978e-02  1.16948277e-01  1.12319136e+00]
 [ 6.77027851e-02  3.59789193e-01  1.03877819e+00]
 [-5.40901721e-02  2.45323896e-01  1.18316388e+00]]
[[ 0.          0.          0.7491822 ]
 [ 0.0556329   0.08144913  0.7591686 ]
 [-0.10402115  0.20187578  0.42199618]
 [ 0.1911624  -0.05186534  0.3205215 ]
 [ 0.24530584 -0.09387106  0.21874416]
 [-0.05566946 -0.08167034  0.7391537 ]
 [-0.16903928  0.06697235  0.42295983]
 [-0.014015    0.11259234  0.06464255]
 [-0.07186973  0.24434674  0.        ]
 [ 0.0093939  -0.0025325   0.97547764]
 [ 0.01454656 -0.02921325  1.2414346 ]
 [-0.0367079  -0.01241255  1.3621192 ]
 [ 0.07389051 -0.06033272  1.432831  ]
 [-0.04856745 -0.15003741  1.1762873 ]
 [-0.18133837 -0.3268042   1.0240272 ]
 [-0.24534136 -0.293393    1.1212571 ]
 [ 0.09233724  0.0950712   1.1915325 ]
 [ 0.16844317  0.3449499   1.1405473 ]
 [ 0.04835245  0.32299253  1.3104477 ]]
[[ 0.          0.          0.77280134]
 [ 0.0459082   0.08170626  0.78619087]
 [-0.21356815  0.22948419  0.5404689 ]
 [ 0.05759211  0.03390351  0.29084808]
 [ 0.05677027  0.04720944  0.15393847]
 [-0.04597107 -0.08195712  0.7593015 ]
 [-0.04471828  0.00910422  0.3895679 ]
 [ 0.16321261  0.0604347   0.10456705]
 [ 0.16818477  0.17911184  0.        ]
 [ 0.02038813 -0.00225383  0.99382216]
 [ 0.03558536 -0.02948919  1.2598553 ]
 [ 0.01025107 -0.00673938  1.3868439 ]
 [ 0.11346377 -0.05434841  1.4440659 ]
 [-0.0545016  -0.13734874  1.1975862 ]
 [-0.24821325 -0.25875416  1.0561066 ]
 [-0.25769207 -0.11267823  1.1787615 ]
 [ 0.12714133  0.0776616   1.205915  ]
 [ 0.2706141   0.27949458  1.1961352 ]
 [ 0.15969945  0.34854555  1.3554473 ]]
[[ 0.          0.          0.71909666]
 [ 0.04382724  0.08396755  0.73406285]
 [-0.22542185  0.22740978  0.4956922 ]
 [-0.01751816  0.09359947  0.15251374]
 [-0.06981401  0.14074934  0.0284881 ]
 [-0.04389803 -0.0842016   0.70399636]
 [ 0.02894272 -0.02916205  0.3373929 ]
 [ 0.28292453 -0.01942611  0.13819343]
 [ 0.3478215   0.07466602  0.        ]
 [ 0.03727633 -0.00368066  0.934307  ]
 [ 0.07130027 -0.03587982  1.1982222 ]
 [ 0.06079447 -0.00470454  1.3261712 ]
 [ 0.16270202 -0.0582487   1.3790209 ]
 [-0.03406652 -0.1369383   1.1450696 ]
 [-0.231502   -0.24237525  1.0079482 ]
 [-0.25065702 -0.03478166  1.1098163 ]
 [ 0.16512422  0.06316918  1.1452587 ]
 [ 0.32950926  0.24491996  1.1649044 ]
 [ 0.23418912  0.31619042  1.320902  ]]
[[ 0.          0.          0.7316953 ]
 [ 0.04097535  0.0915507   0.74995446]
 [-0.18744203  0.23883945  0.48178536]
 [-0.01456754  0.1513564   0.1143198 ]
 [-0.07641125  0.21124566  0.        ]
 [-0.04105387 -0.09178744  0.7132974 ]
 [-0.0330006  -0.09777588  0.32265556]
 [ 0.28064904 -0.18452975  0.21668285]
 [ 0.37787592 -0.12569946  0.09427583]
 [ 0.04587311 -0.00875765  0.9481118 ]
 [ 0.09622166 -0.04816464  1.2101562 ]
 [ 0.0897884  -0.01341027  1.3418144 ]
 [ 0.2008423  -0.07153529  1.3871114 ]
 [-0.01160337 -0.14723274  1.1632679 ]
 [-0.19561891 -0.25616026  1.0278819 ]
 [-0.2637664  -0.05944756  1.0776029 ]
 [ 0.17952116  0.05517566  1.1536424 ]
 [ 0.34267566  0.21172273  1.2111287 ]
 [ 0.24990444  0.26460892  1.3694584 ]]
[[ 0.          0.          0.75737983]
 [ 0.03407754  0.09259892  0.77629983]
 [-0.1246295   0.25920686  0.48374385]
 [ 0.02963089  0.21032101  0.1072039 ]
 [-0.0385408   0.28822088  0.        ]
 [-0.03416581 -0.09284333  0.73833513]
 [-0.07295281 -0.1152997   0.3480606 ]
 [ 0.26106465 -0.28084487  0.3192467 ]
 [ 0.41127664 -0.2753933   0.21540648]
 [ 0.06555583 -0.01042244  0.9699464 ]
 [ 0.13206828 -0.05041018  1.2276171 ]
 [ 0.13292733 -0.01577419  1.3611705 ]
 [ 0.24419741 -0.07867342  1.4067445 ]
 [ 0.03116971 -0.14794269  1.1851802 ]
 [-0.13418871 -0.2731774   1.0521472 ]
 [-0.21139345 -0.07545081  1.0558457 ]
 [ 0.2029208   0.05935591  1.1684445 ]
 [ 0.3398168   0.22288555  1.2647576 ]
 [ 0.26212123  0.26135164  1.4285593 ]]
[[ 0.          0.          0.7488575 ]
 [ 0.03678888  0.09377661  0.76678395]
 [-0.09687649  0.2663098   0.46456242]
 [ 0.08916969  0.22000754  0.10940897]
 [ 0.02032902  0.30770576  0.        ]
 [-0.03687803 -0.09401556  0.7308182 ]
 [-0.11750226 -0.10727909  0.35500574]
 [ 0.22070307 -0.32244354  0.33046612]
 [ 0.3684289  -0.33233088  0.23984349]
 [ 0.07522071 -0.0056884   0.9616606 ]
 [ 0.1513899  -0.04167512  1.2167304 ]
 [ 0.1535148  -0.00925738  1.3530527 ]
 [ 0.26501513 -0.07305783  1.4023731 ]
 [ 0.05748078 -0.1499004   1.1746945 ]
 [-0.08356757 -0.31431955  1.0704632 ]
 [-0.14920394 -0.20144476  1.0798808 ]
 [ 0.21185586  0.07400304  1.1593101 ]
 [ 0.30457148  0.241238    1.283665  ]
 [ 0.23040697  0.23598754  1.4363438 ]]
[[ 0.          0.          0.7252109 ]
 [ 0.05286217  0.09121174  0.74111223]
 [-0.05411689  0.27465615  0.43446377]
 [ 0.18397242  0.19108656  0.12684202]
 [ 0.14400864  0.2786331   0.        ]
 [-0.05296759 -0.09145062  0.7092132 ]
 [-0.17832991 -0.07930839  0.3793801 ]
 [ 0.14019737 -0.33931726  0.3341442 ]
 [ 0.2839678  -0.3480546   0.23867986]
 [ 0.08337587 -0.00778913  0.9356661 ]
 [ 0.16571    -0.04535049  1.1896458 ]
 [ 0.1583236  -0.01883811  1.3263981 ]
 [ 0.2625283  -0.07919639  1.3738217 ]
 [ 0.08750017 -0.16152132  1.1472479 ]
 [ 0.02446976 -0.36504325  1.1637744 ]
 [ 0.01180303 -0.31566793  1.2364228 ]
 [ 0.21594788  0.07847962  1.1337441 ]
 [ 0.23995502  0.26417553  1.2878666 ]
 [ 0.11617208  0.18599153  1.4319727 ]]
[[ 0.          0.          0.6849147 ]
 [ 0.05856109  0.09340907  0.6957242 ]
 [-0.05124649  0.25102827  0.38552713]
 [ 0.23542306  0.14041102  0.14269024]
 [ 0.23107159  0.21381336  0.        ]
 [-0.05865074 -0.09368688  0.6740222 ]
 [-0.25247    -0.02959955  0.40392396]
 [ 0.09284922 -0.30438033  0.30993983]
 [ 0.21854222 -0.30714157  0.20714742]
 [ 0.07924423 -0.01018225  0.89976215]
 [ 0.15529343 -0.04785556  1.1556352 ]
 [ 0.1260802  -0.01496321  1.2852672 ]
 [ 0.24279076 -0.07241362  1.3387538 ]
 [ 0.08512394 -0.1625996   1.1103446 ]
 [ 0.07697752 -0.31177104  1.0758216 ]
 [ 0.08421242 -0.26350737  1.0804152 ]
 [ 0.19857013  0.08193466  1.1003124 ]
 [ 0.17039944  0.28277513  1.2499561 ]
 [ 0.01834038  0.22850847  1.3864342 ]]
[[ 0.00000000e+00  0.00000000e+00  6.54939353e-01]
 [ 6.37897104e-02  9.19002295e-02  6.64708495e-01]
 [-5.83679527e-02  2.60611624e-01  3.75251949e-01]
 [ 2.01827586e-01  1.12786561e-01  1.30696833e-01]
 [ 2.01935664e-01  1.79702818e-01  0.00000000e+00]
 [-6.38753027e-02 -9.21707898e-02  6.45096540e-01]
 [-3.04294527e-01 -3.17281485e-03  4.42618519e-01]
 [ 1.49340183e-02 -2.77648807e-01  2.96950936e-01]
 [ 1.14897072e-01 -2.76705027e-01  1.94808364e-01]
 [ 7.27502778e-02  1.19356811e-03  8.72786701e-01]
 [ 1.35256678e-01 -2.22298801e-02  1.13166559e+00]
 [ 9.39473733e-02  6.90996647e-03  1.25956917e+00]
 [ 2.05493584e-01 -4.66809869e-02  1.31821430e+00]
 [ 8.18696469e-02 -1.48142099e-01  1.09261966e+00]
 [ 7.37462342e-02 -3.59839797e-01  1.19605994e+00]
 [ 1.30817682e-01 -2.93702364e-01  1.30476213e+00]
 [ 1.73101857e-01  1.10173106e-01  1.07469535e+00]
 [ 8.87767673e-02  3.12388837e-01  1.22922969e+00]
 [-7.46566653e-02  2.91814148e-01  1.35978508e+00]]
[[ 0.          0.          0.64277875]
 [ 0.06597772  0.09396947  0.65091705]
 [-0.07526563  0.27143157  0.38904706]
 [ 0.16356641  0.13577366  0.12030411]
 [ 0.14537203  0.20412946  0.        ]
 [-0.06606369 -0.0942345   0.6345717 ]
 [-0.34962976  0.02774116  0.4917118 ]
 [-0.07196322 -0.24477166  0.2800826 ]
 [-0.01630151 -0.24020201  0.17060941]
 [ 0.05818699  0.00961448  0.86411846]
 [ 0.10444906 -0.00371569  1.1255622 ]
 [ 0.05299969  0.02424014  1.2509093 ]
 [ 0.16090383 -0.02527136  1.31463   ]
 [ 0.05160402 -0.13088804  1.09104   ]
 [ 0.0559364  -0.33373988  1.2525368 ]
 [ 0.12593937 -0.31741735  1.3857272 ]
 [ 0.14342882  0.13087541  1.0662885 ]
 [ 0.00704978  0.3310129   1.2194086 ]
 [-0.18437922  0.2955119   1.3272653 ]]
[[ 0.          0.          0.6236128 ]
 [ 0.06818855  0.09203923  0.6298432 ]
 [-0.10907719  0.2597805   0.42396775]
 [ 0.05675228  0.13490486  0.08645231]
 [ 0.02118381  0.21024033  0.        ]
 [-0.06827313 -0.0922832   0.61732656]
 [-0.37804082  0.06702701  0.5427248 ]
 [-0.20228548 -0.17156655  0.24317533]
 [-0.20345224 -0.1372619   0.14200401]
 [ 0.03669237  0.01253308  0.85130954]
 [ 0.06541217  0.01432884  1.1146252 ]
 [-0.00266537  0.04205436  1.228934  ]
 [ 0.09077672  0.00294238  1.3032656 ]
 [ 0.01709652 -0.11704558  1.0934713 ]
 [-0.0080444  -0.31276485  1.3150042 ]
 [ 0.00329507 -0.33571506  1.4882419 ]
 [ 0.10207243  0.15348577  1.0535622 ]
 [-0.08546408  0.34265542  1.1830192 ]
 [-0.3005454   0.32814735  1.2640244 ]]
[[ 0.          0.          0.5701515 ]
 [ 0.0646736   0.08173908  0.5690753 ]
 [-0.13574511  0.23717013  0.42381215]
 [-0.10410872  0.15426818  0.03236943]
 [-0.15267491  0.23392993  0.        ]
 [-0.06475403 -0.08195552  0.57118195]
 [-0.37867516  0.07894845  0.5524618 ]
 [-0.36913455 -0.10910589  0.17646706]
 [-0.40194756 -0.04798612  0.09449878]
 [ 0.00390346  0.02111851  0.79834914]
 [ 0.00385532  0.03736556  1.060067  ]
 [-0.07842687  0.06608623  1.1617088 ]
 [ 0.01118956  0.03287297  1.2475345 ]
 [-0.04505591 -0.09204185  1.0457914 ]
 [-0.13482594 -0.24407691  1.2855161 ]
 [-0.17777772 -0.26868522  1.4623928 ]
 [ 0.03837723  0.17509538  0.9983475 ]
 [-0.18997341  0.35108653  1.1074102 ]
 [-0.43150377  0.34091377  1.1583655 ]]
[[ 0.          0.          0.49500555]
 [ 0.05684187  0.07814924  0.48701197]
 [-0.15976536  0.21537766  0.39721128]
 [-0.26129127  0.1973156   0.        ]
 [-0.3219642   0.26523924  0.02102375]
 [-0.05688847 -0.07834577  0.50296533]
 [-0.3795162   0.0306749   0.51482654]
 [-0.5150143  -0.05909002  0.12545204]
 [-0.5810156   0.00814158  0.10348353]
 [-0.03898708  0.01970291  0.7185588 ]
 [-0.07213597  0.04604307  0.9728141 ]
 [-0.16960768  0.08031327  1.053659  ]
 [-0.10370044  0.05698824  1.1471295 ]
 [-0.11518375 -0.08149758  0.96453553]
 [-0.28415084 -0.1733219   1.1844845 ]
 [-0.3662273  -0.13492852  1.346168  ]
 [-0.0413193   0.18170762  0.914259  ]
 [-0.29404408  0.35735416  0.9866581 ]
 [-0.54500616  0.34823102  1.0114632 ]]
[[ 0.          0.          0.41728568]
 [ 0.04620481  0.08206849  0.40601242]
 [-0.17958081  0.20565501  0.35726833]
 [-0.37238175  0.21023145  0.        ]
 [-0.42928898  0.2601521   0.04618025]
 [-0.04622471 -0.08223455  0.4285408 ]
 [-0.370711   -0.01742487  0.4497108 ]
 [-0.5808095  -0.03038132  0.10701892]
 [-0.6703053   0.02282086  0.11939263]
 [-0.07130375  0.02129015  0.63729537]
 [-0.13247737  0.05015355  0.88238084]
 [-0.24781585  0.09192461  0.937432  ]
 [-0.19385636  0.07810491  1.036621  ]
 [-0.1715168  -0.07400081  0.87195164]
 [-0.3760956  -0.11324179  1.0403361 ]
 [-0.47696108 -0.02252311  1.1960628 ]
 [-0.10188685  0.1838218   0.82939994]
 [-0.35953534  0.3534503   0.86129946]
 [-0.60959196  0.33574823  0.87553364]]
[[ 0.0000000e+00  0.0000000e+00  3.6957183e-01]
 [ 3.6950391e-02  8.5886404e-02  3.6047077e-01]
 [-1.9236118e-01  2.1361250e-01  3.2859841e-01]
 [-4.2833740e-01  2.1987113e-01  0.0000000e+00]
 [-4.8509896e-01  2.6754501e-01  4.8289865e-02]
 [-3.6951233e-02 -8.6015224e-02  3.7866610e-01]
 [-3.7454730e-01 -4.2451575e-02  3.9779639e-01]
 [-6.1410445e-01 -2.9368594e-02  1.0208821e-01]
 [-6.9418406e-01 -8.3641708e-04  1.3335729e-01]
 [-9.2720643e-02  2.6381269e-02  5.8659494e-01]
 [-1.7936787e-01  5.9999794e-02  8.2156658e-01]
 [-3.0122966e-01  1.0583618e-01  8.5954332e-01]
 [-2.5525665e-01  9.6148789e-02  9.6187532e-01]
 [-2.1695176e-01 -6.2420726e-02  8.1036794e-01]
 [-4.4350195e-01 -7.9708934e-02  9.3606842e-01]
 [-5.5551922e-01  3.8072944e-02  1.0654936e+00]
 [-1.4345688e-01  1.9175926e-01  7.7428043e-01]
 [-3.7910223e-01  3.6237606e-01  7.7773988e-01]
 [-6.2946022e-01  3.4886438e-01  7.8162372e-01]]
[[ 0.          0.          0.3435709 ]
 [ 0.02900175  0.09194509  0.33861336]
 [-0.21613824  0.2175311   0.32105726]
 [-0.46033537  0.26000613  0.        ]
 [-0.5222659   0.3048602   0.04375657]
 [-0.02898799 -0.09205095  0.34852853]
 [-0.38040334 -0.06251647  0.3739608 ]
 [-0.65140307 -0.03333144  0.10028863]
 [-0.73729146 -0.01735017  0.14300016]
 [-0.11242158  0.02673191  0.5559219 ]
 [-0.22087166  0.06208029  0.7839273 ]
 [-0.3452739   0.1072782   0.8074068 ]
 [-0.31011486  0.10600066  0.9110887 ]
 [-0.25193423 -0.06105679  0.7680193 ]
 [-0.49523824 -0.05617088  0.8554324 ]
 [-0.6197927   0.08479935  0.9592387 ]
 [-0.18644348  0.19577473  0.74105275]
 [-0.3962229   0.3632456   0.7176921 ]
 [-0.64637953  0.34281868  0.7075895 ]]
[[ 0.          0.          0.30848017]
 [ 0.0315943   0.097927    0.30251563]
 [-0.22534323  0.2225931   0.30126494]
 [-0.47882366  0.27408847  0.        ]
 [-0.54841197  0.32191274  0.0539526 ]
 [-0.03157711 -0.09802762  0.314451  ]
 [-0.37458432 -0.06238647  0.35026574]
 [-0.6529528   0.00178614  0.09032086]
 [-0.75090706  0.0213652   0.15007213]
 [-0.123537    0.02851938  0.5130198 ]
 [-0.24748853  0.06914067  0.73400915]
 [-0.3771736   0.11518377  0.7531494 ]
 [-0.3423205   0.11500436  0.8557769 ]
 [-0.27933973 -0.05625817  0.7157871 ]
 [-0.53856415 -0.04773831  0.78423667]
 [-0.6799736   0.08906144  0.8679652 ]
 [-0.20941418  0.20424491  0.693888  ]
 [-0.40125328  0.3725242   0.6626711 ]
 [-0.64815986  0.34402832  0.64083815]]
[[ 0.          0.          0.28154498]
 [ 0.03201826  0.10101516  0.27752742]
 [-0.23412704  0.2349258   0.29131916]
 [-0.49350566  0.278877    0.        ]
 [-0.5735086   0.32837176  0.04534319]
 [-0.03199941 -0.10111782  0.2855705 ]
 [-0.37730363 -0.06435198  0.34023547]
 [-0.6517993  -0.00404924  0.07940835]
 [-0.7496449   0.01176998  0.13146555]
 [-0.1338834   0.03054687  0.4789013 ]
 [-0.2712524   0.07545796  0.6932895 ]
 [-0.40386117  0.12323248  0.70717967]
 [-0.37074146  0.12675428  0.8088633 ]
 [-0.30277354 -0.05041811  0.6752751 ]
 [-0.5666343  -0.03894117  0.72813666]
 [-0.71085393  0.10923761  0.7963421 ]
 [-0.23027384  0.20764592  0.6540446 ]
 [-0.41670847  0.35952857  0.62218   ]
 [-0.65447974  0.30557925  0.5856403 ]]
[[ 0.          0.          0.2684188 ]
 [ 0.0284787   0.10324912  0.2642104 ]
 [-0.25423664  0.21103184  0.27472103]
 [-0.5210171   0.25175494  0.        ]
 [-0.5998498   0.2915734   0.04420274]
 [-0.028457   -0.10335859  0.27263457]
 [-0.38213444 -0.06761026  0.31840593]
 [-0.6398343  -0.0017511   0.07216817]
 [-0.73951906  0.00922999  0.12863743]
 [-0.14339988  0.03502411  0.45634294]
 [-0.29221475  0.08682227  0.66293275]
 [-0.42652243  0.136603    0.67465913]
 [-0.39245188  0.14225656  0.7732041 ]
 [-0.3210712  -0.04143751  0.6462593 ]
 [-0.5912074  -0.03005984  0.68211555]
 [-0.734776    0.12548926  0.73632157]
 [-0.24910784  0.21733546  0.62342346]
 [-0.41357732  0.36525238  0.5869542 ]
 [-0.6462528   0.2959532   0.54498696]]
[[ 0.0000000e+00  0.0000000e+00  2.4683902e-01]
 [ 2.6167296e-02  1.0671286e-01  2.4374726e-01]
 [-2.7225274e-01  2.0915936e-01  2.5751516e-01]
 [-5.2946472e-01  2.4452206e-01  0.0000000e+00]
 [-6.1212939e-01  2.7793568e-01  3.6629021e-02]
 [-2.6148301e-02 -1.0683596e-01  2.4993901e-01]
 [-3.8153803e-01 -7.4147642e-02  3.0092269e-01]
 [-6.2178290e-01 -8.4115416e-03  6.2669456e-02]
 [-7.2458160e-01 -2.5588274e-04  1.1500499e-01]
 [-1.5064085e-01  3.6394119e-02  4.2596632e-01]
 [-3.0949432e-01  8.7022096e-02  6.2551516e-01]
 [-4.4665658e-01  1.3520253e-01  6.2895417e-01]
 [-4.1610143e-01  1.4376181e-01  7.2726953e-01]
 [-3.3358267e-01 -4.3037385e-02  6.0551614e-01]
 [-6.0853541e-01 -2.9989839e-02  6.2722683e-01]
 [-7.4792492e-01  1.3834894e-01  6.6916966e-01]
 [-2.6273316e-01  2.1797174e-01  5.9205890e-01]
 [-4.0131629e-01  3.7141243e-01  5.4312104e-01]
 [-6.2593490e-01  2.9623464e-01  4.9141687e-01]]
[[ 0.          0.          0.21996558]
 [ 0.02559005  0.10970141  0.2178154 ]
 [-0.28615427  0.21720356  0.23501201]
 [-0.51575464  0.23320776  0.        ]
 [-0.6005544   0.26716977  0.0247039 ]
 [-0.02556987 -0.10982563  0.22212592]
 [-0.38202685 -0.07950985  0.28042504]
 [-0.5951622  -0.00757658  0.05828512]
 [-0.70446706 -0.00598843  0.11220995]
 [-0.15781215  0.03736711  0.3908982 ]
 [-0.32454953  0.0877783   0.5839069 ]
 [-0.46268445  0.13606638  0.584353  ]
 [-0.42862195  0.14294758  0.682207  ]
 [-0.34695536 -0.04430902  0.562048  ]
 [-0.6272479  -0.02957332  0.575331  ]
 [-0.7564837   0.14695266  0.6077432 ]
 [-0.27413025  0.22032243  0.55638075]
 [-0.38476038  0.39461637  0.50151026]
 [-0.60426617  0.32004815  0.43357974]]
[[ 0.          0.          0.20436056]
 [ 0.02288439  0.10929692  0.20456077]
 [-0.2990049   0.22929025  0.2233162 ]
 [-0.48302102  0.22364523  0.        ]
 [-0.5701823   0.24876179  0.02389589]
 [-0.02287077 -0.10942037  0.20416903]
 [-0.38594243 -0.09834082  0.27171254]
 [-0.5765577  -0.06610808  0.05525263]
 [-0.68115973 -0.06967014  0.09084325]
 [-0.16702005  0.03861602  0.36708593]
 [-0.34483814  0.08891478  0.5516631 ]
 [-0.48455864  0.13871127  0.54774725]
 [-0.44405508  0.14176393  0.64256984]
 [-0.36620104 -0.04263157  0.5281822 ]
 [-0.6429889  -0.02143398  0.5249958 ]
 [-0.7721112   0.15746331  0.54592854]
 [-0.295658    0.21940026  0.5271879 ]
 [-0.40132815  0.3797009   0.45983386]
 [-0.61543417  0.3008484   0.36646888]]
[[ 0.          0.          0.19746521]
 [ 0.01975119  0.11088052  0.19682974]
 [-0.31297207  0.22127321  0.21795854]
 [-0.45015115  0.19420412  0.        ]
 [-0.5301929   0.2093931   0.02968869]
 [-0.01973431 -0.1109959   0.19811435]
 [-0.39569914 -0.11160871  0.26846552]
 [-0.526298   -0.06508979  0.05432498]
 [-0.6227597  -0.07353486  0.08931971]
 [-0.17517191  0.04107925  0.35056695]
 [-0.3625545   0.09189248  0.5266671 ]
 [-0.5046661   0.14350268  0.52409434]
 [-0.45534903  0.14641005  0.61307657]
 [-0.38345146 -0.04160604  0.5054012 ]
 [-0.6616875  -0.01901266  0.48582765]
 [-0.79048645  0.15854159  0.49693313]
 [-0.31735933  0.22356111  0.5007547 ]
 [-0.43045712  0.3700219   0.42073998]
 [-0.6459882   0.29180032  0.31614298]]
[[ 0.          0.          0.20905824]
 [ 0.01840836  0.11228251  0.20725825]
 [-0.31921875  0.22204253  0.19820598]
 [-0.41492254  0.18017013  0.        ]
 [-0.4900627   0.18299884  0.0401043 ]
 [-0.01838084 -0.11238258  0.21087512]
 [-0.39661527 -0.11633702  0.24546964]
 [-0.47517633 -0.02593493  0.05245177]
 [-0.5640856  -0.03861637  0.0891443 ]
 [-0.18198061  0.04118465  0.3553731 ]
 [-0.37759477  0.09163183  0.524354  ]
 [-0.520796    0.14450133  0.5221961 ]
 [-0.46563447  0.14725214  0.6083687 ]
 [-0.39695573 -0.04375878  0.5035604 ]
 [-0.67414653 -0.01855689  0.46514034]
 [-0.8004302   0.16335812  0.47061998]
 [-0.3329879   0.22448957  0.49896157]
 [-0.43875563  0.3775325   0.40536875]
 [-0.6575875   0.30847093  0.28947255]]
[[ 0.          0.          0.19459282]
 [ 0.01497326  0.11281858  0.18973975]
 [-0.34117234  0.22956704  0.14627379]
 [-0.37869197  0.13817665  0.        ]
 [-0.42965925  0.12128972  0.01489453]
 [-0.01494162 -0.11291511  0.19946113]
 [-0.40052342 -0.12931335  0.19481744]
 [-0.44443855 -0.03930655  0.03244244]
 [-0.5221171  -0.05652307  0.04496686]
 [-0.18753457  0.04732649  0.33278373]
 [-0.39013135  0.09582233  0.4949445 ]
 [-0.5313386   0.14947346  0.49083227]
 [-0.4734022   0.15076756  0.5784667 ]
 [-0.40696004 -0.04227531  0.47398537]
 [-0.6820828  -0.01464979  0.41459984]
 [-0.80642307  0.1641838   0.41071302]
 [-0.34491593  0.23034468  0.46976697]
 [-0.43486404  0.3958486   0.35852033]
 [-0.65586513  0.32991776  0.22473714]]
[[ 0.          0.          0.1979758 ]
 [ 0.01117328  0.11447343  0.19082248]
 [-0.35813192  0.2461792   0.11291169]
 [-0.2944975   0.1349272   0.        ]
 [-0.32401282  0.10000552  0.00297956]
 [-0.01113308 -0.11454973  0.205145  ]
 [-0.40621752 -0.12872866  0.18113117]
 [-0.3932162  -0.06681682  0.05441581]
 [-0.44543648 -0.10596056  0.04842015]
 [-0.1930013   0.05289052  0.32439104]
 [-0.4050297   0.10265061  0.4735592 ]
 [-0.543821    0.1618554   0.4643448 ]
 [-0.47446394  0.15826583  0.54770386]
 [-0.4234512  -0.03616664  0.4488392 ]
 [-0.6903503  -0.00666906  0.35964745]
 [-0.8194937   0.16332304  0.3508476 ]
 [-0.3585437   0.23865487  0.4511121 ]
 [-0.4358034   0.41678348  0.31222755]
 [-0.65711045  0.34854338  0.16176312]]
[[ 0.          0.          0.22858915]
 [ 0.00972745  0.1168699   0.2166999 ]
 [-0.37318623  0.2506462   0.09097587]
 [-0.1973589   0.13035648  0.02894874]
 [-0.1972268   0.07938971  0.        ]
 [-0.00967485 -0.11692517  0.24049968]
 [-0.42296404 -0.119597    0.19771135]
 [-0.30695322 -0.02514322  0.09158564]
 [-0.29720667 -0.06727661  0.02307883]
 [-0.20239654  0.06124654  0.32826063]
 [-0.42856628  0.11367415  0.45138142]
 [-0.5564694   0.17408593  0.43694943]
 [-0.47594607  0.17107052  0.5124603 ]
 [-0.44668156 -0.02505231  0.42299506]
 [-0.68974096 -0.00550138  0.29512036]
 [-0.81715804  0.15907744  0.27444744]
 [-0.3757853   0.24895793  0.43317622]
 [-0.44762158  0.42976972  0.26797843]
 [-0.66024303  0.36064532  0.1079463 ]]
[[ 0.          0.          0.21703805]
 [ 0.00844944  0.11909159  0.20294866]
 [-0.37181845  0.24972145  0.05624267]
 [-0.15834638  0.10302226  0.02217643]
 [-0.16057673  0.04262581  0.0026354 ]
 [-0.00839611 -0.11914363  0.23115444]
 [-0.4233132  -0.12199689  0.17269747]
 [-0.2537285   0.00452945  0.08628091]
 [-0.2094798  -0.03639621  0.        ]
 [-0.2062281   0.06387094  0.30373928]
 [-0.43748492  0.11573321  0.41484413]
 [-0.5604756   0.17539816  0.40129393]
 [-0.47767842  0.1726896   0.47418946]
 [-0.4546096  -0.02083138  0.38462144]
 [-0.6818154  -0.0088146   0.23481782]
 [-0.8180208   0.14232367  0.20152959]
 [-0.3847936   0.25133634  0.39793512]
 [-0.45798635  0.4257265   0.21374281]
 [-0.6639287   0.36278132  0.04424016]]
