[[ 0.          0.          0.7648928 ]
 [ 0.10300198  0.04006534  0.7706462 ]
 [ 0.00933458  0.16945076  0.36705652]
 [ 0.08633107 -0.26764148  0.44680575]
 [ 0.1293132  -0.30335033  0.32761845]
 [-0.10301243 -0.04019317  0.7591041 ]
 [-0.06029172  0.27683952  0.45893115]
 [ 0.05596944  0.13360047  0.09286374]
 [ 0.02488326  0.3001446   0.        ]
 [-0.04619722  0.14894558  0.93999064]
 [-0.11388782  0.30577838  1.1350769 ]
 [-0.19840485  0.40138313  1.1271236 ]
 [-0.23149079  0.408166    1.2394955 ]
 [-0.2319305   0.24444544  1.0915322 ]
 [-0.19558978  0.07088967  0.8823939 ]
 [-0.18990386  0.18624786  0.70170486]
 [ 0.04512842  0.2894345   1.1262761 ]
 [ 0.20102686  0.1884926   0.9884524 ]
 [ 0.33185935  0.22149074  0.876205  ]]
[[ 0.          0.          0.7722682 ]
 [ 0.10197508  0.04042318  0.78367925]
 [-0.04720084  0.24134433  0.46362436]
 [ 0.03451872 -0.14925066  0.38858074]
 [ 0.06243376 -0.1274992   0.24734133]
 [-0.10200471 -0.04057971  0.7608104 ]
 [-0.02304767  0.1991435   0.4307748 ]
 [ 0.10975352  0.02119857  0.11162645]
 [ 0.09358501  0.18077004  0.        ]
 [-0.04692752  0.1394998   0.95115757]
 [-0.11060257  0.29125172  1.1525836 ]
 [-0.19264275  0.37750065  1.1421669 ]
 [-0.22426766  0.3798302   1.2547859 ]
 [-0.2368182   0.2384122   1.1156689 ]
 [-0.2274079   0.10142782  0.8783816 ]
 [-0.19867471  0.25511795  0.7895297 ]
 [ 0.04679805  0.2655697   1.1428151 ]
 [ 0.21626535  0.12041411  1.0747623 ]
 [ 0.38852656  0.13843182  0.9724107 ]]
[[ 0.          0.          0.7144605 ]
 [ 0.09944212  0.03853022  0.7347779 ]
 [-0.05767719  0.33351722  0.51812637]
 [ 0.01576147  0.09718415  0.18006778]
 [-0.01087236  0.20415804  0.072285  ]
 [-0.09947804 -0.03867615  0.6940661 ]
 [ 0.0580773   0.10658333  0.34261486]
 [ 0.22045824 -0.09332669  0.13972431]
 [ 0.24074303  0.03130072  0.        ]
 [-0.03842229  0.12062675  0.9120686 ]
 [-0.07957935  0.2713635   1.1245208 ]
 [-0.15730247  0.36415046  1.098928  ]
 [-0.18566397  0.36849472  1.215631  ]
 [-0.2277464   0.23651952  1.0972558 ]
 [-0.2915799   0.13027476  0.8500432 ]
 [-0.20018995  0.35498732  0.85684276]
 [ 0.07432967  0.2297253   1.1218686 ]
 [ 0.24942163  0.06261858  1.1310879 ]
 [ 0.43837428  0.09301686  1.0447496 ]]
[[ 0.          0.          0.67029047]
 [ 0.09987406  0.03197709  0.69115615]
 [-0.04488349  0.3493386   0.47813076]
 [ 0.01124467  0.2067878   0.07229346]
 [-0.02635968  0.32986456  0.        ]
 [-0.09991831 -0.03209614  0.64934087]
 [ 0.07729489  0.05236316  0.30182946]
 [ 0.24984246 -0.19364902  0.14178258]
 [ 0.30386376 -0.09356898  0.00983441]
 [-0.03046774  0.11046098  0.8770107 ]
 [-0.05777796  0.25693238  1.0916908 ]
 [-0.1283581   0.35199526  1.0642309 ]
 [-0.1558514   0.36118287  1.1786482 ]
 [-0.21409869  0.23300087  1.0746295 ]
 [-0.30427924  0.11307245  0.8415141 ]
 [-0.20380008  0.3421818   0.82123196]
 [ 0.095211    0.20839414  1.0856434 ]
 [ 0.27541354  0.0431014   1.09011   ]
 [ 0.45208973  0.06988031  0.9950004 ]]
[[ 0.          0.          0.7027221 ]
 [ 0.09829034  0.02923213  0.72673017]
 [-0.00390851  0.36016864  0.4810303 ]
 [ 0.05585107  0.30894387  0.04868549]
 [ 0.00702715  0.43785268  0.        ]
 [-0.09833787 -0.02932539  0.67862546]
 [ 0.04182065  0.04136419  0.29760173]
 [ 0.26053897 -0.28869605  0.27137005]
 [ 0.3561138  -0.24831802  0.15227002]
 [-0.01944645  0.10821918  0.9129263 ]
 [-0.0358416   0.2498841   1.1324698 ]
 [-0.10769552  0.34008944  1.1142032 ]
 [-0.13139161  0.35213482  1.228056  ]
 [-0.19956526  0.22936392  1.1193118 ]
 [-0.2841527   0.0968979   0.907138  ]
 [-0.21680856  0.31693098  0.81817627]
 [ 0.11457437  0.20647722  1.1135355 ]
 [ 0.31183207  0.08590683  1.084528  ]
 [ 0.46378034  0.17071077  0.970371  ]]
[[ 0.          0.          0.7455863 ]
 [ 0.10040417  0.02753676  0.7717186 ]
 [ 0.04818413  0.36099368  0.49884617]
 [ 0.12573567  0.30111     0.07035959]
 [ 0.08457228  0.4412374   0.        ]
 [-0.10044894 -0.0276491   0.7193674 ]
 [-0.0169079   0.05213284  0.32935464]
 [ 0.21264404 -0.31902567  0.3733324 ]
 [ 0.3308558  -0.32849562  0.27491167]
 [-0.01307252  0.10509402  0.9516393 ]
 [-0.02425984  0.24563155  1.1715783 ]
 [-0.09500507  0.3302368   1.1633921 ]
 [-0.1184653   0.34509653  1.2749995 ]
 [-0.19092429  0.22480255  1.1583138 ]
 [-0.2653932   0.0781869   0.9482146 ]
 [-0.21773571  0.25192338  0.82696176]
 [ 0.12247201  0.20423001  1.1435465 ]
 [ 0.28634602  0.08356133  1.0654607 ]
 [ 0.3918813   0.18650664  0.92354286]]
[[ 0.          0.          0.7549908 ]
 [ 0.10035238  0.02881017  0.7812435 ]
 [ 0.08084484  0.32828313  0.4869998 ]
 [ 0.15979093  0.25190824  0.06660879]
 [ 0.11468238  0.39310852  0.        ]
 [-0.10040268 -0.02893453  0.7286545 ]
 [-0.05868973  0.07029423  0.34880668]
 [ 0.18217129 -0.31803215  0.40166983]
 [ 0.30010813 -0.32734483  0.28821808]
 [-0.01385445  0.10351908  0.96197   ]
 [-0.02513018  0.24088493  1.185218  ]
 [-0.09504965  0.32675803  1.1778872 ]
 [-0.11705595  0.3384046   1.2906251 ]
 [-0.19207826  0.22123343  1.1763351 ]
 [-0.2565645   0.06541145  1.000555  ]
 [-0.20356083  0.23015329  0.87953085]
 [ 0.12237263  0.20063347  1.1516674 ]
 [ 0.25161678  0.08911005  1.0411217 ]
 [ 0.3158051   0.21451253  0.9168564 ]]
[[ 0.          0.          0.74233234]
 [ 0.1051444   0.025868    0.76339585]
 [ 0.15436351  0.3105468   0.45825636]
 [ 0.2540878   0.18343842  0.08260942]
 [ 0.23274666  0.32472494  0.        ]
 [-0.10523457 -0.02602747  0.7211834 ]
 [-0.11405686  0.20158236  0.41367468]
 [ 0.1126391  -0.19936797  0.39980507]
 [ 0.20222548 -0.18638963  0.2524836 ]
 [-0.0223726   0.09894244  0.95002687]
 [-0.04200125  0.23265642  1.1761811 ]
 [-0.10526273  0.32614428  1.169778  ]
 [-0.13245833  0.33481538  1.2850456 ]
 [-0.20327389  0.21606433  1.161222  ]
 [-0.22671238  0.05249131  1.0461599 ]
 [-0.17477454  0.11561018  0.9377874 ]
 [ 0.10725185  0.2038435   1.1456554 ]
 [ 0.1977548   0.187953    0.9733211 ]
 [ 0.20891234  0.37518385  0.9123086 ]]
[[ 0.          0.          0.6897178 ]
 [ 0.10071443  0.03051659  0.7095907 ]
 [ 0.22930163  0.23147765  0.3790563 ]
 [ 0.38342196  0.03224504  0.12931103]
 [ 0.4044608   0.13260263  0.        ]
 [-0.10078037 -0.03064543  0.6697942 ]
 [-0.15558472  0.33378762  0.48871037]
 [-0.01875168  0.07735184  0.2097736 ]
 [-0.04266314  0.17860103  0.06821626]
 [-0.04064728  0.09014235  0.902026  ]
 [-0.08207463  0.22008091  1.1253934 ]
 [-0.1429888   0.3191561   1.107114  ]
 [-0.16583747  0.32279593  1.2258394 ]
 [-0.2209099   0.18213522  1.1179528 ]
 [-0.17623955 -0.01270694  1.1448922 ]
 [-0.12086884 -0.0305703   1.0135455 ]
 [ 0.06278026  0.21863747  1.0968328 ]
 [ 0.11583886  0.31562513  0.88554955]
 [ 0.01829205  0.44569582  0.95067453]]
[[ 0.          0.          0.65150654]
 [ 0.10019761  0.02970093  0.6660374 ]
 [ 0.22559582  0.18991289  0.3113319 ]
 [ 0.38670373 -0.06715322  0.14019072]
 [ 0.43061024  0.00165838  0.        ]
 [-0.1002648  -0.02980565  0.6369346 ]
 [-0.15249038  0.34083283  0.4690727 ]
 [-0.07013895  0.19329426  0.0991919 ]
 [-0.10961935  0.31716335  0.00544339]
 [-0.04561828  0.08644032  0.86444414]
 [-0.09859431  0.21641687  1.0864104 ]
 [-0.17279619  0.3125108   1.0607672 ]
 [-0.19573861  0.31381845  1.1801143 ]
 [-0.22734606  0.16996038  1.0778756 ]
 [-0.17146981 -0.03922072  1.1525192 ]
 [-0.12620711 -0.0894264   0.99930686]
 [ 0.04681037  0.21928263  1.0619805 ]
 [ 0.09523905  0.3262926   0.83938974]
 [ 0.00602941  0.4716388   0.92666274]]
[[ 0.          0.          0.6449866 ]
 [ 0.10375775  0.03117679  0.654476  ]
 [ 0.13813078  0.11110505  0.23821238]
 [ 0.23973426 -0.3193284   0.23729765]
 [ 0.2977221  -0.325904    0.1300354 ]
 [-0.10381652 -0.03127688  0.6354642 ]
 [-0.13173938  0.37701297  0.44968715]
 [-0.07130939  0.3526727   0.0499348 ]
 [-0.1171228   0.5017625   0.        ]
 [-0.0546876   0.09675398  0.84601516]
 [-0.12243795  0.2347633   1.0596927 ]
 [-0.20730996  0.32886067  1.0457733 ]
 [-0.22288224  0.32550076  1.1628394 ]
 [-0.2362048   0.17711645  1.0375621 ]
 [-0.16843748 -0.03554866  1.0325258 ]
 [-0.16048257 -0.07479621  0.8639047 ]
 [ 0.03196421  0.23874581  1.042486  ]
 [ 0.13665053  0.3329285   0.8353005 ]
 [ 0.08763921  0.48167062  0.8371555 ]]
[[ 0.          0.          0.684474  ]
 [ 0.10522868  0.0351053   0.6877841 ]
 [ 0.07000881  0.13639298  0.2753836 ]
 [ 0.1684305  -0.3110826   0.339113  ]
 [ 0.22484797 -0.3413008   0.2608413 ]
 [-0.10528106 -0.03522178  0.6811289 ]
 [-0.08612254  0.36237234  0.4652934 ]
 [-0.01804741  0.27993515  0.05959952]
 [-0.06504582  0.44328302  0.        ]
 [-0.05147845  0.11734074  0.8761762 ]
 [-0.12185577  0.25871915  1.0889087 ]
 [-0.20363241  0.35434085  1.0861605 ]
 [-0.21459517  0.34546348  1.2013307 ]
 [-0.23409566  0.19247136  1.0556676 ]
 [-0.17347059 -0.02219486  0.9433279 ]
 [-0.18952835 -0.06571084  0.7838023 ]
 [ 0.03550428  0.2513618   1.0665662 ]
 [ 0.16707504  0.24894542  0.8821764 ]
 [ 0.2012191   0.39191422  0.806195  ]]
[[ 0.00000000e+00  0.00000000e+00  7.11567760e-01]
 [ 1.04959905e-01  4.20872681e-02  7.17195749e-01]
 [ 3.26372236e-02  2.27671713e-01  3.50856602e-01]
 [ 1.50432765e-01 -1.91423118e-01  3.94441187e-01]
 [ 1.97507411e-01 -1.93302214e-01  2.78395236e-01]
 [-1.05019510e-01 -4.22370844e-02  7.05881417e-01]
 [-5.05151898e-02  3.08360219e-01  4.66946304e-01]
 [ 5.81224337e-02  1.83481544e-01  8.50389004e-02]
 [ 1.45282373e-02  3.46433729e-01  0.00000000e+00]
 [-4.65349779e-02  1.21576935e-01  9.03092563e-01]
 [-1.11479864e-01  2.59184361e-01  1.12108982e+00]
 [-1.96415782e-01  3.51194739e-01  1.12791014e+00]
 [-2.06438720e-01  3.33610415e-01  1.23952746e+00]
 [-2.27547944e-01  1.91810369e-01  1.08632207e+00]
 [-1.93361491e-01 -1.72200799e-03  9.38141465e-01]
 [-2.24865451e-01 -3.92466784e-04  7.93490291e-01]
 [ 4.73690256e-02  2.52842635e-01  1.09353435e+00]
 [ 1.98507771e-01  2.16767460e-01  9.38980818e-01]
 [ 2.96183854e-01  3.29288721e-01  8.55277061e-01]]
[[ 0.          0.          0.7127699 ]
 [ 0.10269743  0.04440463  0.72227013]
 [-0.02298608  0.2819046   0.44670585]
 [ 0.093799   -0.09090313  0.3340807 ]
 [ 0.12383713 -0.03678513  0.18903607]
 [-0.10276701 -0.04459711  0.70318854]
 [-0.01101983  0.19981995  0.42744607]
 [ 0.14931288  0.0721122   0.10452217]
 [ 0.12507486  0.22509712  0.        ]
 [-0.04918213  0.11991957  0.9056371 ]
 [-0.11339416  0.25087258  1.1282117 ]
 [-0.19771945  0.33598992  1.1328785 ]
 [-0.20317835  0.31830716  1.2458365 ]
 [-0.23656791  0.18947828  1.0998142 ]
 [-0.22791335  0.05286713  0.89679563]
 [-0.21256986  0.13901171  0.8598925 ]
 [ 0.04166849  0.2367453   1.0987062 ]
 [ 0.21474028  0.11481795  1.0389539 ]
 [ 0.36233044  0.18798137  0.94853085]]
[[ 0.          0.          0.6532456 ]
 [ 0.10052408  0.04402642  0.67372525]
 [-0.03417122  0.36789453  0.48232368]
 [ 0.04192248  0.16460246  0.13133937]
 [ 0.01161051  0.2950149   0.0192681 ]
 [-0.1005886  -0.04419089  0.6326609 ]
 [ 0.04998667  0.04061723  0.30386466]
 [ 0.2344687  -0.1863032   0.14247715]
 [ 0.28217405 -0.07977521  0.        ]
 [-0.03639209  0.10185376  0.860929  ]
 [-0.07684025  0.22927117  1.0912027 ]
 [-0.15430051  0.32190353  1.0943019 ]
 [-0.15721169  0.31140572  1.2080042 ]
 [-0.22272485  0.18775302  1.0685947 ]
 [-0.2892813   0.0911442   0.84527147]
 [-0.18088412  0.29732454  0.90064764]
 [ 0.08054262  0.20071918  1.0682281 ]
 [ 0.27819943  0.09840611  1.0671122 ]
 [ 0.4461168   0.15617588  0.9712448 ]]
[[ 0.          0.          0.66091454]
 [ 0.10122798  0.03925847  0.6832216 ]
 [-0.00832309  0.36403716  0.47907007]
 [ 0.02102661  0.23928657  0.06915414]
 [-0.02736127  0.37502998  0.        ]
 [-0.10128263 -0.03940284  0.63848805]
 [ 0.04087643  0.00760812  0.29520077]
 [ 0.24559617 -0.27287924  0.23585707]
 [ 0.33333787 -0.20519084  0.10097712]
 [-0.02744509  0.09136817  0.87478554]
 [-0.0543291   0.21226782  1.1085886 ]
 [-0.13050047  0.31079897  1.1146601 ]
 [-0.13277245  0.30563533  1.2295073 ]
 [-0.212607    0.1742835   1.0942414 ]
 [-0.3030388   0.04985377  0.88537204]
 [-0.19558689  0.2702798   0.8758608 ]
 [ 0.10024322  0.18436107  1.0784585 ]
 [ 0.29139107  0.07293451  1.064572  ]
 [ 0.43788368  0.11351623  0.9451146 ]]
[[ 0.          0.          0.6951937 ]
 [ 0.09941743  0.034518    0.71710813]
 [ 0.03063017  0.34715512  0.46950153]
 [ 0.06907297  0.30781028  0.04453188]
 [ 0.00989732  0.445539    0.        ]
 [-0.09948055 -0.03465372  0.6731596 ]
 [-0.01062309 -0.00250262  0.2949251 ]
 [ 0.2129407  -0.3682762   0.34146655]
 [ 0.32899845 -0.36499378  0.2418626 ]
 [-0.01807946  0.09749343  0.90346104]
 [-0.0358403   0.21956253  1.1350875 ]
 [-0.11017168  0.3095306   1.1542329 ]
 [-0.11176047  0.30410784  1.2676679 ]
 [-0.19500211  0.18486315  1.1204274 ]
 [-0.25904852  0.0631499   0.93385595]
 [-0.19551715  0.25756046  0.83635   ]
 [ 0.11207779  0.19549134  1.0928017 ]
 [ 0.29870403  0.10703313  1.043589  ]
 [ 0.4113633   0.20079604  0.9098441 ]]
[[ 0.          0.          0.7209927 ]
 [ 0.10265808  0.0309866   0.74217117]
 [ 0.0676329   0.33133966  0.4764745 ]
 [ 0.11827786  0.27410614  0.05874813]
 [ 0.06019386  0.41810924  0.        ]
 [-0.10272387 -0.03114535  0.6996949 ]
 [-0.05916494  0.02986801  0.3235997 ]
 [ 0.15823653 -0.37868202  0.40174064]
 [ 0.2757656  -0.39490205  0.31191587]
 [-0.01424346  0.09940565  0.9240602 ]
 [-0.03095068  0.21975419  1.1555061 ]
 [-0.10338488  0.30430508  1.1823803 ]
 [-0.10603669  0.29595357  1.2932298 ]
 [-0.18779343  0.18906868  1.1364291 ]
 [-0.22549355  0.07032725  0.9487157 ]
 [-0.17008716  0.24631053  0.83269846]
 [ 0.11543038  0.19716826  1.1103687 ]
 [ 0.2759566   0.1352469   1.0285231 ]
 [ 0.3586685   0.2797035   0.89871264]]
[[ 0.          0.          0.71561986]
 [ 0.10244177  0.03347572  0.734377  ]
 [ 0.08222558  0.30555442  0.46750414]
 [ 0.13545288  0.2024495   0.0578751 ]
 [ 0.07201967  0.3439167   0.        ]
 [-0.1025222  -0.03366334  0.6967364 ]
 [-0.08379653  0.09513056  0.3576082 ]
 [ 0.15004608 -0.30511612  0.41822404]
 [ 0.2695281  -0.30156636  0.2972713 ]
 [-0.01513391  0.10191783  0.9218831 ]
 [-0.03089242  0.22575462  1.155616  ]
 [-0.10187849  0.31303158  1.1799893 ]
 [-0.10964146  0.30202073  1.2919604 ]
 [-0.18776754  0.19436994  1.1353449 ]
 [-0.21873277  0.06080291  0.9797    ]
 [-0.14429311  0.20544282  0.8582026 ]
 [ 0.11718375  0.20480788  1.1087848 ]
 [ 0.25264344  0.1698431   1.0045793 ]
 [ 0.31676763  0.35617357  0.912328  ]]
[[ 0.          0.          0.703187  ]
 [ 0.1049943   0.02598248  0.71793294]
 [ 0.18344261  0.26697654  0.4133608 ]
 [ 0.3019237   0.0650804   0.09954709]
 [ 0.28765294  0.19331759  0.        ]
 [-0.10509477 -0.02619166  0.68832874]
 [-0.13473052  0.29824892  0.4663075 ]
 [ 0.02680617 -0.05069005  0.34705812]
 [ 0.06016295  0.00405082  0.19951385]
 [-0.02273561  0.10375813  0.9096645 ]
 [-0.04417361  0.23497403  1.1392219 ]
 [-0.11108826  0.32658404  1.1545928 ]
 [-0.12116396  0.31142062  1.2709748 ]
 [-0.1911797   0.20371163  1.1203554 ]
 [-0.14081807  0.01533002  1.0521934 ]
 [-0.07151358  0.01057525  0.92936003]
 [ 0.10440444  0.2243461   1.0990605 ]
 [ 0.16404146  0.2927939   0.9096476 ]
 [ 0.11596894  0.48781863  0.9105559 ]]
[[ 0.          0.          0.64952636]
 [ 0.09923464  0.03174044  0.66248786]
 [ 0.2112604   0.170452    0.32145953]
 [ 0.37160587 -0.08423722  0.1384176 ]
 [ 0.39573377 -0.00380087  0.        ]
 [-0.09929974 -0.03189579  0.6364998 ]
 [-0.16035706  0.33110833  0.4856379 ]
 [-0.0786944   0.12799782  0.16196862]
 [-0.11835386  0.24298379  0.05020845]
 [-0.03408633  0.09058717  0.8611729 ]
 [-0.071308    0.21155173  1.0925189 ]
 [-0.13792932  0.30825537  1.0956532 ]
 [-0.14943212  0.29177362  1.2162782 ]
 [-0.20082211  0.16054708  1.0809357 ]
 [-0.13599852 -0.05402818  1.1129003 ]
 [-0.08036211 -0.10725026  0.96413875]
 [ 0.07049348  0.22355387  1.0571213 ]
 [ 0.10910583  0.37521055  0.86458325]
 [ 0.02280991  0.5020231   0.964949  ]]
[[ 0.          0.          0.6070558 ]
 [ 0.10046027  0.03365739  0.6162867 ]
 [ 0.17713568  0.10179189  0.23191231]
 [ 0.3344537  -0.25808913  0.1637733 ]
 [ 0.38998073 -0.22939855  0.03004581]
 [-0.10053923 -0.03380533  0.5977797 ]
 [-0.15263528  0.35014445  0.4406519 ]
 [-0.12098669  0.28751987  0.06129831]
 [-0.18068993  0.42762825  0.        ]
 [-0.03785394  0.08556341  0.81880796]
 [-0.08639535  0.19938254  1.0524393 ]
 [-0.16488254  0.29466766  1.0581269 ]
 [-0.16810721  0.2720248   1.1785697 ]
 [-0.20775673  0.14153582  1.0342033 ]
 [-0.1452479  -0.08083695  1.0572658 ]
 [-0.10694882 -0.17255409  0.8713063 ]
 [ 0.05605448  0.21450758  1.019515  ]
 [ 0.09738207  0.35840067  0.8107007 ]
 [ 0.00131097  0.46774888  0.8969685 ]]
[[ 0.          0.          0.6211387 ]
 [ 0.10227226  0.03305385  0.62365896]
 [ 0.10664762  0.09885323  0.21521151]
 [ 0.22425967 -0.35250708  0.2527618 ]
 [ 0.2922647  -0.3751567   0.18256465]
 [-0.1023455  -0.03320353  0.61857253]
 [-0.10796334  0.36430112  0.42974168]
 [-0.08149809  0.35567367  0.03625494]
 [-0.1405093   0.51868767  0.        ]
 [-0.04515317  0.1010851   0.82101333]
 [-0.09882969  0.22825849  1.0474199 ]
 [-0.17374098  0.32215428  1.0694432 ]
 [-0.17724347  0.28871655  1.183626  ]
 [-0.21542731  0.17532665  1.0150943 ]
 [-0.14677598 -0.02848831  0.95676553]
 [-0.12411491 -0.10909535  0.80392814]
 [ 0.05425184  0.22447953  1.0152667 ]
 [ 0.13703589  0.3034692   0.8089566 ]
 [ 0.08631884  0.4660122   0.8122978 ]]
[[ 0.          0.          0.6681324 ]
 [ 0.10460177  0.0389376   0.66716963]
 [ 0.05976449  0.1627494   0.28179345]
 [ 0.18029663 -0.2777087   0.34702983]
 [ 0.23513427 -0.29970002  0.26337522]
 [-0.10467643 -0.03910606  0.6690372 ]
 [-0.07237476  0.33954006  0.45626205]
 [-0.02214065  0.26318341  0.05727917]
 [-0.08434506  0.43747848  0.        ]
 [-0.0390669   0.12029159  0.86079556]
 [-0.09465362  0.24758944  1.0843494 ]
 [-0.16757417  0.3403666   1.117277  ]
 [-0.1705705   0.30601722  1.2304802 ]
 [-0.20698974  0.1856268   1.0425397 ]
 [-0.14365147 -0.01226616  0.91614956]
 [-0.16412117 -0.08135514  0.7702007 ]
 [ 0.05998438  0.24044201  1.0480078 ]
 [ 0.17300127  0.25324178  0.85937613]
 [ 0.19926374  0.43237114  0.8026297 ]]
[[ 0.          0.          0.6870491 ]
 [ 0.10155106  0.0437565   0.69210947]
 [ 0.02066784  0.25393832  0.3671346 ]
 [ 0.14809224 -0.16178432  0.38655105]
 [ 0.20272908 -0.15565163  0.26188105]
 [-0.10163091 -0.04394481  0.68190867]
 [-0.05665469  0.26638797  0.45314664]
 [ 0.04495273  0.16760764  0.0784682 ]
 [-0.00765231  0.3270668   0.        ]
 [-0.03834657  0.11775708  0.88166595]
 [-0.09147006  0.24299389  1.109108  ]
 [-0.16813707  0.33309692  1.1423626 ]
 [-0.17091432  0.29758483  1.2565806 ]
 [-0.20648694  0.18079752  1.0693944 ]
 [-0.1759288  -0.00665368  0.92332935]
 [-0.20018302 -0.02583026  0.79474825]
 [ 0.06153415  0.23357719  1.0682303 ]
 [ 0.18727598  0.1866698   0.90497065]
 [ 0.2610029   0.34990928  0.83899266]]
[[ 0.          0.          0.6624716 ]
 [ 0.10209024  0.04629045  0.6742759 ]
 [-0.0562112   0.3036074   0.47325045]
 [ 0.03478246 -0.03801951  0.2517854 ]
 [ 0.02602872  0.05169559  0.11134964]
 [-0.10217123 -0.04653269  0.65054274]
 [ 0.02731255  0.15247467  0.3750351 ]
 [ 0.19479433  0.01552474  0.12978446]
 [ 0.19691755  0.15296835  0.        ]
 [-0.03394679  0.11466579  0.8624035 ]
 [-0.08241636  0.2373206   1.0966644 ]
 [-0.16749865  0.32734096  1.1256686 ]
 [-0.16041955  0.29701406  1.2425275 ]
 [-0.21535307  0.18073577  1.0635344 ]
 [-0.24346888  0.07664946  0.86551636]
 [-0.15828279  0.2094832   0.89340395]
 [ 0.07297699  0.2187027   1.0570031 ]
 [ 0.2435303   0.09303415  1.0108862 ]
 [ 0.38807768  0.18475963  0.9184476 ]]
[[ 0.0000000e+00  0.0000000e+00  6.0842139e-01]
 [ 1.0364605e-01  4.7408529e-02  6.2546247e-01]
 [-5.6181177e-02  3.3823609e-01  4.5167139e-01]
 [-1.7659988e-02  1.2940499e-01  8.9864790e-02]
 [-8.1048042e-02  2.5601709e-01  0.0000000e+00]
 [-1.0371456e-01 -4.7646850e-02  5.9123892e-01]
 [ 5.3467039e-02  5.0236791e-02  2.6500058e-01]
 [ 2.4377286e-01 -1.3208872e-01  1.4610469e-01]
 [ 2.9438612e-01 -3.3993125e-02  9.3352795e-04]
 [-2.6346557e-02  9.7681448e-02  8.1603026e-01]
 [-5.7050705e-02  2.1303523e-01  1.0565104e+00]
 [-1.3968721e-01  3.0569461e-01  1.0911672e+00]
 [-1.3369796e-01  2.8108460e-01  1.2104750e+00]
 [-2.0422471e-01  1.6761953e-01  1.0261532e+00]
 [-2.6963061e-01  1.1969927e-01  8.1383812e-01]
 [-1.4155909e-01  3.1054306e-01  9.0504670e-01]
 [ 9.5922746e-02  1.9264582e-01  1.0212291e+00]
 [ 2.7609301e-01  6.5023571e-02  9.9427497e-01]
 [ 4.1999817e-01  1.2776452e-01  8.7758124e-01]]
[[ 0.          0.          0.6343715 ]
 [ 0.10060503  0.0399555   0.65329146]
 [-0.02359135  0.35084286  0.45357174]
 [-0.02299592  0.25497237  0.05033273]
 [-0.09190518  0.39831743  0.        ]
 [-0.10068765 -0.04017183  0.61530447]
 [ 0.01744492 -0.03850234  0.25340474]
 [ 0.23375547 -0.32258436  0.24426523]
 [ 0.32875663 -0.2746523   0.11719364]
 [-0.02053311  0.08677903  0.8463432 ]
 [-0.03829938  0.19294417  1.0883186 ]
 [-0.116585    0.28114277  1.1329618 ]
 [-0.11448595  0.2557311   1.2477821 ]
 [-0.19128615  0.15495488  1.0632663 ]
 [-0.27613354  0.07220703  0.8681547 ]
 [-0.15877056  0.2888233   0.8762903 ]
 [ 0.10966501  0.1755239   1.0458735 ]
 [ 0.29871717  0.07952607  1.0045865 ]
 [ 0.42814398  0.16568552  0.8691604 ]]
[[ 0.          0.          0.670768  ]
 [ 0.098353    0.03517674  0.6877269 ]
 [ 0.02149701  0.33842707  0.45384407]
 [ 0.02397415  0.27445316  0.04063499]
 [-0.04230787  0.4159716   0.        ]
 [-0.09843639 -0.03537992  0.6536753 ]
 [-0.04204393 -0.03799027  0.27532858]
 [ 0.18942386 -0.3937679   0.35011858]
 [ 0.30731642 -0.40138927  0.257266  ]
 [-0.0137475   0.09036861  0.8794067 ]
 [-0.02516401  0.19865474  1.120607  ]
 [-0.1028139   0.27414894  1.1745944 ]
 [-0.09380257  0.25163186  1.2843543 ]
 [-0.1805468   0.16125545  1.0976213 ]
 [-0.23855281  0.05722868  0.92037606]
 [-0.18860233  0.24188934  0.8112509 ]
 [ 0.11788236  0.18809444  1.066545  ]
 [ 0.29813033  0.14663112  0.9899374 ]
 [ 0.393382    0.27483964  0.85200506]]
[[ 0.          0.          0.7067882 ]
 [ 0.09930865  0.03651534  0.7261946 ]
 [ 0.050615    0.2982043   0.46742412]
 [ 0.06836797  0.19538987  0.05649012]
 [-0.00249023  0.33904365  0.        ]
 [-0.09937669 -0.03674798  0.68724614]
 [-0.09185365  0.01199454  0.32611603]
 [ 0.1514751  -0.36287892  0.42593306]
 [ 0.26674104 -0.37139338  0.33135375]
 [-0.0110046   0.09440526  0.91058314]
 [-0.02041791  0.20621002  1.1506758 ]
 [-0.09295532  0.2815203   1.2087846 ]
 [-0.08263719  0.25328082  1.3163698 ]
 [-0.17303093  0.16706964  1.1245815 ]
 [-0.22269611  0.04439136  0.9238266 ]
 [-0.16644508  0.24490467  0.82198   ]
 [ 0.12087004  0.19797698  1.0915953 ]
 [ 0.26461023  0.17068228  0.9765561 ]
 [ 0.33057058  0.34452534  0.85776323]]
[[ 0.00000000e+00  0.00000000e+00  7.30399251e-01]
 [ 1.01647243e-01  3.64660285e-02  7.47198701e-01]
 [ 8.39964151e-02  2.44904265e-01  4.68059570e-01]
 [ 1.08234368e-01  6.72537684e-02  7.25777149e-02]
 [ 4.92932983e-02  2.10415006e-01  0.00000000e+00]
 [-1.01738103e-01 -3.67386080e-02  7.13466644e-01]
 [-1.30513251e-01  1.21993765e-01  4.12099838e-01]
 [ 1.21759757e-01 -2.59407938e-01  4.83094662e-01]
 [ 2.18076915e-01 -2.47155607e-01  3.42849851e-01]
 [-1.10902861e-02  9.57799256e-02  9.36937571e-01]
 [-2.07540616e-02  2.07349062e-01  1.17731392e+00]
 [-8.91226977e-02  2.87406206e-01  1.23260581e+00]
 [-7.93296099e-02  2.55067468e-01  1.34434354e+00]
 [-1.74326986e-01  1.64625883e-01  1.15139580e+00]
 [-2.17679858e-01 -5.17427921e-04  9.98970032e-01]
 [-1.46855831e-01  1.31804496e-01  8.65421057e-01]
 [ 1.25105202e-01  2.09833205e-01  1.11833525e+00]
 [ 2.43998051e-01  2.63572156e-01  9.76222157e-01]
 [ 2.84646541e-01  4.69286531e-01  9.25985396e-01]]
[[ 0.          0.          0.69985676]
 [ 0.09953702  0.03349527  0.7102596 ]
 [ 0.1698243   0.15895498  0.38363028]
 [ 0.287705   -0.09937227  0.11884803]
 [ 0.28085467  0.01297724  0.        ]
 [-0.09963696 -0.03376263  0.68935823]
 [-0.17320415  0.29163978  0.51412416]
 [-0.01845166 -0.04961118  0.32743323]
 [-0.0264783   0.02081043  0.16477472]
 [-0.01691554  0.0976713   0.9092121 ]
 [-0.03084053  0.21155679  1.1487105 ]
 [-0.09427959  0.29667816  1.1917281 ]
 [-0.07989171  0.26104861  1.3082229 ]
 [-0.17087024  0.16570577  1.1280181 ]
 [-0.12120723 -0.04343733  1.0708511 ]
 [-0.04554065 -0.04691014  0.9363856 ]
 [ 0.10829144  0.22711036  1.0971872 ]
 [ 0.13752824  0.35927665  0.9149536 ]
 [ 0.08288568  0.541067    0.9855782 ]]
[[ 0.          0.          0.64498043]
 [ 0.09849368  0.03400631  0.6507068 ]
 [ 0.18062198  0.0990271   0.289221  ]
 [ 0.35401616 -0.19336814  0.12114042]
 [ 0.38526404 -0.12488818  0.        ]
 [-0.0985879  -0.03423349  0.63919884]
 [-0.17850465  0.29713878  0.48553413]
 [-0.12075495  0.06330663  0.13888991]
 [-0.17056823  0.1866655   0.02945668]
 [-0.02468699  0.08970711  0.8595694 ]
 [-0.05511555  0.19171616  1.1023735 ]
 [-0.1267567   0.27804458  1.1391332 ]
 [-0.11610004  0.24179107  1.2568231 ]
 [-0.18621883  0.13911936  1.0837932 ]
 [-0.11614307 -0.07803553  1.1019229 ]
 [-0.05901674 -0.13894826  0.9379169 ]
 [ 0.08407147  0.21115309  1.0545996 ]
 [ 0.10420699  0.37731296  0.8628799 ]
 [ 0.03037229  0.5466914   0.9867184 ]]
[[ 0.          0.          0.62122524]
 [ 0.10083184  0.03723342  0.6237061 ]
 [ 0.11785139  0.05912328  0.21007872]
 [ 0.28136557 -0.3840644   0.20641875]
 [ 0.3552338  -0.3931424   0.12578031]
 [-0.10091974 -0.0374248   0.6187077 ]
 [-0.16195193  0.3214053   0.4367873 ]
 [-0.15095544  0.28793743  0.0363133 ]
 [-0.22246778  0.44896007  0.        ]
 [-0.03567596  0.08694664  0.82797444]
 [-0.08505417  0.18321443  1.0692803 ]
 [-0.17026901  0.26742822  1.1161139 ]
 [-0.1555033   0.22567362  1.2325815 ]
 [-0.19988695  0.11957607  1.0371895 ]
 [-0.12667161 -0.09573001  1.009026  ]
 [-0.10615327 -0.1783768   0.8277538 ]
 [ 0.05440132  0.20654452  1.022971  ]
 [ 0.08981504  0.3494988   0.814047  ]
 [ 0.00206557  0.5112185   0.8800467 ]]
[[ 0.          0.          0.64657164]
 [ 0.10128659  0.03973132  0.6465377 ]
 [ 0.07033405  0.10656989  0.24110866]
 [ 0.21394879 -0.35533637  0.29043758]
 [ 0.28552327 -0.37796378  0.23251075]
 [-0.10137282 -0.03991945  0.64655805]
 [-0.12543148  0.32055598  0.43755478]
 [-0.10481068  0.28304428  0.03325653]
 [-0.1715841   0.44839737  0.        ]
 [-0.04113939  0.10042247  0.84729725]
 [-0.09438579  0.20650333  1.0840604 ]
 [-0.17658716  0.28998846  1.1358097 ]
 [-0.15929985  0.24842852  1.2513211 ]
 [-0.2091093   0.14561868  1.0434815 ]
 [-0.1367709  -0.04768512  0.9536729 ]
 [-0.12080823 -0.12666516  0.81188273]
 [ 0.05657053  0.21826679  1.034884  ]
 [ 0.13296247  0.33731025  0.8344523 ]
 [ 0.08290546  0.55403733  0.828806  ]]
[[ 0.          0.          0.6941581 ]
 [ 0.10242549  0.04407353  0.69275606]
 [ 0.03982159  0.1839975   0.32114387]
 [ 0.18577668 -0.27220702  0.39178175]
 [ 0.234276   -0.29340845  0.3064513 ]
 [-0.1025138  -0.04428696  0.69549173]
 [-0.10003462  0.28487954  0.47608113]
 [-0.04605682  0.17006162  0.06526238]
 [-0.10532501  0.33492765  0.        ]
 [-0.03550544  0.11447951  0.8891    ]
 [-0.08534518  0.22769246  1.1239347 ]
 [-0.17062059  0.31143928  1.1810517 ]
 [-0.15202081  0.26689428  1.2944418 ]
 [-0.19735914  0.16006404  1.0792751 ]
 [-0.15121596 -0.03016323  0.95237386]
 [-0.15363854 -0.07875966  0.82553655]
 [ 0.0682282   0.2343958   1.0739369 ]
 [ 0.1693309   0.2921948   0.8908847 ]
 [ 0.20016527  0.4837493   0.83428043]]
[[ 0.          0.          0.7070203 ]
 [ 0.09721585  0.04654353  0.71445215]
 [-0.02262828  0.24589813  0.435801  ]
 [ 0.10750662 -0.18330052  0.4017963 ]
 [ 0.13484745 -0.16324145  0.27440852]
 [-0.0973219  -0.04679241  0.6994899 ]
 [-0.05627507  0.1994843   0.44477066]
 [ 0.05834759  0.0889737   0.09474391]
 [ 0.00646588  0.24120048  0.        ]
 [-0.035591    0.10969158  0.9046954 ]
 [-0.08884007  0.21540916  1.1429442 ]
 [-0.17949048  0.29660255  1.1994135 ]
 [-0.15928838  0.2535019   1.3144503 ]
 [-0.20201394  0.15259713  1.0985203 ]
 [-0.18440637  0.00667089  0.9247123 ]
 [-0.20220107  0.03987256  0.84536225]
 [ 0.05948808  0.2128681   1.0895697 ]
 [ 0.19479664  0.13552739  0.9582206 ]
 [ 0.2936961   0.30475128  0.86654276]]
[[ 0.          0.          0.6504495 ]
 [ 0.09829645  0.05260289  0.6675159 ]
 [-0.09422299  0.28885666  0.48403835]
 [-0.03549162 -0.00726506  0.16381112]
 [-0.09497567  0.10165691  0.0580135 ]
 [-0.09839202 -0.0528836   0.63325083]
 [ 0.03305036  0.04026982  0.31441033]
 [ 0.21799192 -0.11890626  0.14282209]
 [ 0.23929837 -0.00852412  0.        ]
 [-0.02767359  0.10014415  0.8554201 ]
 [-0.0682418   0.20481035  1.1011744 ]
 [-0.16124028  0.28322327  1.1586347 ]
 [-0.13609624  0.24924493  1.2744544 ]
 [-0.20289186  0.14693847  1.0607476 ]
 [-0.25406665  0.07518041  0.84611934]
 [-0.16946295  0.25057346  0.92821574]
 [ 0.08431728  0.1980691   1.0586724 ]
 [ 0.26962122  0.08336994  1.0218037 ]
 [ 0.41528484  0.16176626  0.8853892 ]]
[[ 0.          0.          0.6322376 ]
 [ 0.09658164  0.04750433  0.6498089 ]
 [-0.0833033   0.28010976  0.44743526]
 [-0.08574491  0.07373613  0.06078893]
 [-0.16631603  0.18900666  0.        ]
 [-0.09667825 -0.04779145  0.6145189 ]
 [ 0.02426646 -0.03142747  0.26743066]
 [ 0.22798479 -0.24322796  0.18689966]
 [ 0.29209036 -0.17291212  0.05248612]
 [-0.02468513  0.09124458  0.8420083 ]
 [-0.05357069  0.19304925  1.0880508 ]
 [-0.14718437  0.27642542  1.1478238 ]
 [-0.12222674  0.24074662  1.2641943 ]
 [-0.19856131  0.14706033  1.0534612 ]
 [-0.26291126  0.09351966  0.83908504]
 [-0.16015103  0.30760697  0.91024745]
 [ 0.09496538  0.18377095  1.043467  ]
 [ 0.27927908  0.0655627   1.012779  ]
 [ 0.41477832  0.15705253  0.86449856]]
[[ 0.          0.          0.6709571 ]
 [ 0.09452704  0.03956062  0.6891749 ]
 [-0.03417863  0.3040515   0.45634294]
 [-0.06706619  0.20463318  0.03319198]
 [-0.15323323  0.33454052  0.        ]
 [-0.09461614 -0.03981454  0.65260226]
 [-0.01491172 -0.06649217  0.279867  ]
 [ 0.21681434 -0.38098353  0.31154537]
 [ 0.3272512  -0.3654784   0.2258398 ]
 [-0.01726272  0.09090874  0.88040954]
 [-0.03303689  0.19613877  1.1240245 ]
 [-0.11955091  0.27197182  1.1913823 ]
 [-0.0982185   0.23834574  1.3039029 ]
 [-0.18103957  0.15405253  1.0899773 ]
 [-0.251491    0.06839168  0.87024474]
 [-0.17443624  0.3010394   0.8741412 ]
 [ 0.10953118  0.1886692   1.072807  ]
 [ 0.30355942  0.11547387  1.0098461 ]
 [ 0.4086505   0.21661273  0.84922737]]
[[ 0.          0.          0.7059927 ]
 [ 0.09409285  0.03725278  0.72362405]
 [ 0.01654761  0.29959878  0.4689837 ]
 [-0.01906789  0.1901482   0.04498833]
 [-0.10494274  0.32687232  0.        ]
 [-0.09417321 -0.03750642  0.6882297 ]
 [-0.07604447 -0.03961569  0.31891635]
 [ 0.17035061 -0.38994604  0.4125664 ]
 [ 0.29658428 -0.40769953  0.355909  ]
 [-0.01399238  0.08655542  0.91285205]
 [-0.03055887  0.18903118  1.1561066 ]
 [-0.11356302  0.25856555  1.2296472 ]
 [-0.08675459  0.22746968  1.3384343 ]
 [-0.17681554  0.13943073  1.1229919 ]
 [-0.23739213 -0.00419822  0.90913033]
 [-0.19478226  0.22182217  0.8216993 ]
 [ 0.11259542  0.19726598  1.0978866 ]
 [ 0.30304405  0.1901086   0.99758303]
 [ 0.36966667  0.37122932  0.8562431 ]]
[[ 0.          0.          0.73728424]
 [ 0.09790771  0.04114757  0.7543076 ]
 [ 0.05112131  0.27796867  0.47794074]
 [ 0.03897652  0.11930984  0.0652343 ]
 [-0.05303666  0.26162106  0.        ]
 [-0.09799121 -0.04141279  0.72013736]
 [-0.12804028  0.02234814  0.37937903]
 [ 0.15006137 -0.33677924  0.47765163]
 [ 0.279407   -0.3448575   0.3936557 ]
 [-0.01415285  0.08843386  0.94254166]
 [-0.02778323  0.19349352  1.1846391 ]
 [-0.10522968  0.26280835  1.2553697 ]
 [-0.08073346  0.23158425  1.3635831 ]
 [-0.17523944  0.14488438  1.1516738 ]
 [-0.21926515 -0.0090819   0.95255876]
 [-0.17001167  0.18898417  0.8374373 ]
 [ 0.11739189  0.2076289   1.1252038 ]
 [ 0.27261376  0.23504496  0.9928881 ]
 [ 0.3105759   0.44934985  0.8912529 ]]
[[ 0.          0.          0.7556484 ]
 [ 0.10140464  0.03920393  0.76721716]
 [ 0.10404626  0.20000865  0.4657989 ]
 [ 0.15873842 -0.02973509  0.09069264]
 [ 0.10432938  0.09990144  0.        ]
 [-0.1015268  -0.03950109  0.74397975]
 [-0.17414801  0.1693458   0.48833722]
 [ 0.06302491 -0.19726872  0.47834086]
 [ 0.13205376 -0.16406584  0.34387285]
 [-0.01595107  0.08755466  0.9662082 ]
 [-0.03551803  0.18005663  1.2109743 ]
 [-0.11682022  0.24774289  1.2776761 ]
 [-0.08965962  0.21441293  1.389716  ]
 [-0.18044205  0.13440794  1.1773677 ]
 [-0.1732471  -0.04702635  1.0254948 ]
 [-0.11012951  0.04313846  0.87060857]
 [ 0.11143707  0.20409536  1.1532395 ]
 [ 0.20391962  0.31856513  0.9772307 ]
 [ 0.18880866  0.5495744   0.9619155 ]]
[[ 0.          0.          0.7009668 ]
 [ 0.09192732  0.04546978  0.70859164]
 [ 0.16631012  0.14016016  0.36266398]
 [ 0.31908098 -0.11033404  0.13491279]
 [ 0.32158336 -0.01905096  0.        ]
 [-0.09204395 -0.04574527  0.69328606]
 [-0.22437078  0.20652266  0.5149112 ]
 [-0.09883758 -0.09474772  0.23366845]
 [-0.13635236 -0.01115984  0.09524   ]
 [-0.01997493  0.08284006  0.9146451 ]
 [-0.04927346  0.17125666  1.1587971 ]
 [-0.13541195  0.2433269   1.2175486 ]
 [-0.11084694  0.21155173  1.3361044 ]
 [-0.17738813  0.10748658  1.1350578 ]
 [-0.09889308 -0.12042689  1.0872734 ]
 [-0.03231097 -0.10901784  0.8862553 ]
 [ 0.08685856  0.21165219  1.1063292 ]
 [ 0.1214406   0.3811738   0.9152812 ]
 [ 0.05179861  0.5806886   1.0191543 ]]
[[ 0.          0.          0.64432   ]
 [ 0.09300229  0.04720968  0.648462  ]
 [ 0.15121895  0.07286212  0.26100814]
 [ 0.33818907 -0.2609404   0.15836394]
 [ 0.38849288 -0.22109652  0.01906347]
 [-0.09310191 -0.04744925  0.6401451 ]
 [-0.22036076  0.21635306  0.45627567]
 [-0.19857329  0.07537389  0.07466632]
 [-0.27517357  0.20438847  0.        ]
 [-0.02773299  0.07728472  0.8585267 ]
 [-0.07131281  0.16105926  1.1055834 ]
 [-0.16838214  0.23627463  1.1591974 ]
 [-0.13605204  0.20304441  1.2799152 ]
 [-0.19051093  0.08413059  1.085032  ]
 [-0.10119601 -0.15655252  1.0914168 ]
 [-0.08304372 -0.19145668  0.85507315]
 [ 0.06316426  0.20627993  1.051696  ]
 [ 0.07702766  0.37888664  0.85519737]
 [-0.00362013  0.55130756  0.9646424 ]]
[[ 0.          0.          0.65354383]
 [ 0.09137697  0.04759898  0.65276164]
 [ 0.08003395  0.03754145  0.23326036]
 [ 0.24878705 -0.3966396   0.25455248]
 [ 0.32420304 -0.4249633   0.18480927]
 [-0.09146708 -0.04781302  0.6543013 ]
 [-0.18263674  0.24468899  0.43686247]
 [-0.19525176  0.23233557  0.03309828]
 [-0.27843684  0.38663232  0.        ]
 [-0.03738887  0.07630596  0.86522067]
 [-0.09408572  0.15116066  1.1109215 ]
 [-0.18832883  0.22315699  1.1685622 ]
 [-0.15665054  0.18555295  1.2872227 ]
 [-0.19816166  0.06982273  1.0793756 ]
 [-0.12237957 -0.15446451  0.99541914]
 [-0.1529531  -0.23315193  0.764797  ]
 [ 0.0411476   0.19322217  1.0553824 ]
 [ 0.08585521  0.3307101   0.8392319 ]
 [ 0.01606886  0.54223734  0.86519206]]
[[ 0.          0.          0.70292383]
 [ 0.09187439  0.05330084  0.69800824]
 [ 0.03293518  0.10828552  0.29391807]
 [ 0.20902014 -0.33347204  0.38643944]
 [ 0.27562714 -0.3678301   0.3200242 ]
 [-0.09197985 -0.05354546  0.7078058 ]
 [-0.16566451  0.19504675  0.4597702 ]
 [-0.16715461  0.12334329  0.04092062]
 [-0.26061308  0.2795276   0.        ]
 [-0.0450491   0.0887512   0.9102373 ]
 [-0.10584702  0.17089695  1.1549716 ]
 [-0.19967583  0.23984903  1.2194113 ]
 [-0.1641556   0.19828713  1.335042  ]
 [-0.20923865  0.09066263  1.1116619 ]
 [-0.14225519 -0.08955541  0.9496057 ]
 [-0.17979337 -0.18156084  0.779034  ]
 [ 0.03827102  0.20440018  1.0987246 ]
 [ 0.11184174  0.2901229   0.886945  ]
 [ 0.08754271  0.5057972   0.8389553 ]]
[[ 0.          0.          0.72819823]
 [ 0.09292162  0.05342551  0.72554594]
 [-0.01602677  0.1816584   0.3724901 ]
 [ 0.16640767 -0.27299988  0.4354581 ]
 [ 0.22818565 -0.29873857  0.34296474]
 [-0.09302045 -0.05366432  0.73079395]
 [-0.13093913  0.17549345  0.47665048]
 [-0.06321833  0.08885044  0.07046264]
 [-0.14605191  0.24809855  0.        ]
 [-0.04082147  0.0966917   0.9316219 ]
 [-0.10087122  0.18253034  1.1765997 ]
 [-0.19341248  0.25048602  1.2439992 ]
 [-0.15743716  0.20976794  1.3601813 ]
 [-0.20423439  0.10244799  1.1324766 ]
 [-0.14105034 -0.0784917   0.97479475]
 [-0.20648736 -0.10690007  0.7916415 ]
 [ 0.04535307  0.21063203  1.1148732 ]
 [ 0.15051687  0.25487414  0.9232434 ]
 [ 0.1689026   0.4666323   0.85251635]]
[[ 0.          0.          0.7456604 ]
 [ 0.08879052  0.05586549  0.74989885]
 [-0.09100997  0.22908905  0.48900515]
 [ 0.0696608  -0.18642056  0.4009065 ]
 [ 0.077948   -0.15977937  0.25852615]
 [-0.08889351 -0.05614249  0.7413248 ]
 [-0.06709123  0.0773719   0.44493487]
 [ 0.06794618 -0.02127719  0.10874027]
 [ 0.01479922  0.12559843  0.        ]
 [-0.03923514  0.09899202  0.9487301 ]
 [-0.09819035  0.18839401  1.1938877 ]
 [-0.19679031  0.25577733  1.2629361 ]
 [-0.1511153   0.21783149  1.3795094 ]
 [-0.20586082  0.11204305  1.1523097 ]
 [-0.20219734 -0.02739963  0.9317015 ]
 [-0.22023392  0.0293595   0.878708  ]
 [ 0.04580869  0.20858932  1.135426  ]
 [ 0.2096977   0.13897201  1.0133755 ]
 [ 0.29651123  0.30659246  0.8675323 ]]
[[ 0.00000000e+00  0.00000000e+00  6.48626089e-01]
 [ 9.02951211e-02  6.53204992e-02  6.61831200e-01]
 [-1.36099726e-01  2.61665434e-01  4.73523736e-01]
 [-8.53694230e-02  7.42536783e-03  1.09199882e-01]
 [-1.77209705e-01  1.08142912e-01  9.04202461e-04]
 [-9.03985724e-02 -6.56163022e-02  6.35295570e-01]
 [ 2.12091580e-02 -3.73238027e-02  2.92595893e-01]
 [ 2.44456947e-01 -1.94433957e-01  1.51082635e-01]
 [ 2.75165856e-01 -9.78736281e-02  0.00000000e+00]
 [-2.82612368e-02  9.11571234e-02  8.61439764e-01]
 [-6.85728192e-02  1.78029716e-01  1.11159623e+00]
 [-1.58193320e-01  2.47581720e-01  1.18224967e+00]
 [-1.15180254e-01  2.20580280e-01  1.30028510e+00]
 [-2.00215310e-01  1.08482331e-01  1.07315707e+00]
 [-2.82957643e-01 -1.68618560e-03  8.32495689e-01]
 [-1.96172953e-01  2.10694283e-01  8.77709270e-01]
 [ 7.82306194e-02  1.96673989e-01  1.06331062e+00]
 [ 2.88220644e-01  1.34612888e-01  1.00075126e+00]
 [ 4.08563554e-01  2.40567654e-01  8.31856072e-01]]
[[ 0.          0.          0.6732243 ]
 [ 0.09030411  0.05881105  0.685856  ]
 [-0.10574016  0.26211923  0.46718514]
 [-0.11859891  0.09782416  0.05546534]
 [-0.22487503  0.20989361  0.        ]
 [-0.09042481 -0.05909738  0.66045594]
 [ 0.0067182  -0.06664616  0.28660238]
 [ 0.2658732  -0.29813772  0.24954352]
 [ 0.33971304 -0.24429584  0.1182102 ]
 [-0.02485809  0.07838018  0.8895943 ]
 [-0.05369835  0.15879416  1.1405725 ]
 [-0.14102483  0.22835982  1.2153907 ]
 [-0.09997192  0.19763905  1.3295443 ]
 [-0.19372284  0.09475508  1.1056669 ]
 [-0.28999794 -0.01936224  0.8808149 ]
 [-0.20499906  0.21156122  0.8634625 ]
 [ 0.08746993  0.18053102  1.0876563 ]
 [ 0.29968792  0.13920504  1.0110416 ]
 [ 0.39077368  0.26195908  0.8323511 ]]
[[ 0.          0.          0.6997724 ]
 [ 0.09163292  0.05129661  0.7126312 ]
 [-0.04882887  0.26840025  0.46821642]
 [-0.07926634  0.14279914  0.04834402]
 [-0.18524316  0.26377687  0.        ]
 [-0.09173812 -0.05156163  0.686778  ]
 [-0.04384486 -0.06059995  0.30363148]
 [ 0.22767273 -0.35391235  0.3647738 ]
 [ 0.34184015 -0.34482074  0.27950612]
 [-0.01997482  0.07775648  0.91433686]
 [-0.0431238   0.16121906  1.1650624 ]
 [-0.12517017  0.22548848  1.2446177 ]
 [-0.08867256  0.19221091  1.3556452 ]
 [-0.18492244  0.09347004  1.1320164 ]
 [-0.26097333 -0.04513423  0.9219438 ]
 [-0.22825885  0.16444016  0.8216441 ]
 [ 0.09477039  0.19004208  1.1042564 ]
 [ 0.30864322  0.19783875  0.9955501 ]
 [ 0.36154932  0.35097772  0.82167995]]
[[ 0.          0.          0.72702175]
 [ 0.09301808  0.05127033  0.7413939 ]
 [-0.00258947  0.2737639   0.48651564]
 [-0.01888887  0.14209181  0.0609082 ]
 [-0.12272713  0.27293172  0.        ]
 [-0.09310931 -0.05153551  0.7125229 ]
 [-0.08492417 -0.04735699  0.33823282]
 [ 0.18673831 -0.37781197  0.43126047]
 [ 0.3000571  -0.3802396   0.35412848]
 [-0.01648775  0.07257134  0.9401862 ]
 [-0.03530791  0.15229803  1.1907607 ]
 [-0.11363252  0.21246517  1.2766231 ]
 [-0.07860312  0.1787644   1.3830984 ]
 [-0.17971283  0.08741266  1.1602073 ]
 [-0.2405408  -0.06130026  0.93655676]
 [-0.22008246  0.12846391  0.8064061 ]
 [ 0.1037906   0.18324831  1.123544  ]
 [ 0.28201392  0.21323606  0.98617053]
 [ 0.30274546  0.40954694  0.83888185]]
[[ 0.          0.          0.7597667 ]
 [ 0.09613518  0.05717965  0.770057  ]
 [ 0.03885098  0.22665682  0.48319992]
 [ 0.05480004  0.03826547  0.08225155]
 [-0.04937339  0.1728862   0.        ]
 [-0.09625427 -0.05747949  0.74936   ]
 [-0.15336207  0.02870798  0.4130855 ]
 [ 0.14226237 -0.31094575  0.49113506]
 [ 0.24242678 -0.29547203  0.36538333]
 [-0.01923952  0.07037067  0.97521996]
 [-0.03811938  0.14612147  1.2264968 ]
 [-0.11634673  0.2061885   1.3067224 ]
 [-0.08371456  0.17397857  1.418194  ]
 [-0.17881699  0.07905656  1.1989962 ]
 [-0.21977237 -0.0994052   1.0146773 ]
 [-0.18430896  0.01114319  0.85484856]
 [ 0.09988101  0.18859082  1.1567371 ]
 [ 0.23662047  0.29008725  0.9946277 ]
 [ 0.23211776  0.5088095   0.92216545]]
[[ 0.          0.          0.74059   ]
 [ 0.0912283   0.05430306  0.7480814 ]
 [ 0.1437066   0.1339054   0.41558352]
 [ 0.30368328 -0.10698259  0.12645298]
 [ 0.27811128 -0.00478655  0.        ]
 [-0.09134389 -0.05457518  0.73302585]
 [-0.22800618  0.19069803  0.51256675]
 [-0.04771811 -0.13297835  0.3487661 ]
 [-0.06448914 -0.07025278  0.19092226]
 [-0.01725415  0.07284033  0.95800966]
 [-0.0398645   0.14396179  1.2101362 ]
 [-0.11717018  0.21400061  1.2776313 ]
 [-0.08567357  0.17915827  1.3958766 ]
 [-0.16822341  0.06720909  1.1941578 ]
 [-0.11994456 -0.18005863  1.1290224 ]
 [-0.07076526 -0.20305896  0.91168404]
 [ 0.08676408  0.20323142  1.1431836 ]
 [ 0.10431874  0.36879206  0.948479  ]
 [ 0.03011011  0.5670197   1.0335565 ]]
[[ 0.          0.          0.67781305]
 [ 0.08268745  0.06186345  0.6806659 ]
 [ 0.16479903  0.07524911  0.31326693]
 [ 0.36764413 -0.1664424   0.1363858 ]
 [ 0.3887522  -0.11050463  0.        ]
 [-0.08280424 -0.0621104   0.6749342 ]
 [-0.25531083  0.14810857  0.4749018 ]
 [-0.15634534 -0.07134235  0.14810121]
 [-0.22916391  0.02751386  0.02914691]
 [-0.01724691  0.06208479  0.89970833]
 [-0.0511219   0.11954427  1.1551371 ]
 [-0.14592358  0.1829899   1.2201502 ]
 [-0.10505766  0.1512627   1.3408974 ]
 [-0.16147375  0.02388796  1.1420679 ]
 [-0.07207349 -0.23203543  1.1219124 ]
 [-0.05736419 -0.3085648   0.87624705]
 [ 0.06610619  0.19420782  1.0903904 ]
 [ 0.0496      0.37059808  0.89064324]
 [-0.02901214  0.5189948   1.0223445 ]]
[[ 0.          0.          0.65896404]
 [ 0.08560855  0.06271787  0.6595909 ]
 [ 0.11866575  0.06111792  0.24544388]
 [ 0.32743448 -0.30366278  0.2168177 ]
 [ 0.40256393 -0.31761307  0.12066579]
 [-0.08572428 -0.06294793  0.6583333 ]
 [-0.23024648  0.15937138  0.4407478 ]
 [-0.22152439  0.09947288  0.0477227 ]
 [-0.31048462  0.24995995  0.        ]
 [-0.02875337  0.05717707  0.87944597]
 [-0.07735083  0.10946104  1.1344321 ]
 [-0.17711028  0.17238635  1.1988928 ]
 [-0.13686424  0.13599801  1.3179712 ]
 [-0.16876322  0.00676456  1.1128787 ]
 [-0.06073644 -0.23621114  1.0386803 ]
 [-0.11690379 -0.33705318  0.81566936]
 [ 0.03942698  0.1880601   1.067801  ]
 [ 0.04226688  0.35201412  0.85061544]
 [-0.05371213  0.5180745   0.9204663 ]]
[[ 0.          0.          0.67080134]
 [ 0.08573926  0.06114753  0.66940665]
 [ 0.0739128   0.08204582  0.25302935]
 [ 0.26220042 -0.32719952  0.2907408 ]
 [ 0.34316748 -0.36639172  0.22691068]
 [-0.08584385 -0.06136899  0.67219454]
 [-0.1941017   0.17669074  0.43576694]
 [-0.17970893  0.15276438  0.03068638]
 [-0.2755382   0.30162084  0.        ]
 [-0.03891021  0.06303519  0.8878113 ]
 [-0.09587723  0.11787486  1.1410192 ]
 [-0.18972358  0.17896008  1.2139236 ]
 [-0.14894162  0.13812685  1.3283246 ]
 [-0.18329811  0.01703504  1.1062622 ]
 [-0.0738052  -0.20664026  0.98684657]
 [-0.16069014 -0.29315358  0.7792358 ]
 [ 0.02961788  0.18709755  1.0774581 ]
 [ 0.07334762  0.32933062  0.8582099 ]
 [-0.02858561  0.5073716   0.84075314]]
[[ 0.          0.          0.7160698 ]
 [ 0.08576544  0.06756334  0.711425  ]
 [ 0.00752342  0.13361406  0.32047582]
 [ 0.24140298 -0.28552714  0.39580652]
 [ 0.299339   -0.32513762  0.3115903 ]
 [-0.08586766 -0.06781642  0.7206868 ]
 [-0.17598885  0.14025801  0.47255865]
 [-0.1142921   0.06578875  0.06201446]
 [-0.21863726  0.2190888   0.        ]
 [-0.04394802  0.07307678  0.9269119 ]
 [-0.10440017  0.13021308  1.1800083 ]
 [-0.20347619  0.18953103  1.2553298 ]
 [-0.15976152  0.14847541  1.3696618 ]
 [-0.19051027  0.02782413  1.1393105 ]
 [-0.1204403  -0.15335292  0.9566595 ]
 [-0.19322556 -0.22650395  0.7849481 ]
 [ 0.02363895  0.1937061   1.1134217 ]
 [ 0.10294493  0.2849004   0.90299106]
 [ 0.07920725  0.47508475  0.83618414]]
[[ 0.          0.          0.734977  ]
 [ 0.0778934   0.07107018  0.73974633]
 [-0.08983752  0.20846711  0.45008987]
 [ 0.13763633 -0.1911813   0.41314965]
 [ 0.14990696 -0.1794241   0.25391048]
 [-0.07799073 -0.07135685  0.7301252 ]
 [-0.11143607  0.05390614  0.44648993]
 [ 0.04982781 -0.01440889  0.10538983]
 [-0.02336909  0.122639    0.        ]
 [-0.04268222  0.07976075  0.94520664]
 [-0.10457762  0.13867691  1.199539  ]
 [-0.20561352  0.1906519   1.2813146 ]
 [-0.15047893  0.15399235  1.3948042 ]
 [-0.19422555  0.03935024  1.1559439 ]
 [-0.17447166 -0.11891616  0.94353354]
 [-0.25042436 -0.1366936   0.87082547]
 [ 0.02335161  0.19595689  1.1334889 ]
 [ 0.18021378  0.21439596  0.98769855]
 [ 0.22422262  0.37353665  0.8449614 ]]
[[ 0.          0.          0.6488005 ]
 [ 0.07992475  0.07620799  0.66118646]
 [-0.1497705   0.24669006  0.45459187]
 [-0.05456385 -0.04620385  0.14616692]
 [-0.14959255  0.03262401  0.0219987 ]
 [-0.08002943 -0.07651527  0.63628376]
 [ 0.01920526 -0.0323877   0.2979517 ]
 [ 0.24781942 -0.14390877  0.14053369]
 [ 0.26537544 -0.04508734  0.        ]
 [-0.03577536  0.07330152  0.86423403]
 [-0.08456418  0.13772565  1.1211158 ]
 [-0.18114725  0.19266939  1.2043146 ]
 [-0.12689045  0.16330838  1.3145474 ]
 [-0.20053038  0.04593724  1.0793817 ]
 [-0.2763015  -0.06945202  0.83882403]
 [-0.2370488   0.08627567  0.8868347 ]
 [ 0.05291529  0.18680096  1.066126  ]
 [ 0.26724905  0.17675501  0.99233615]
 [ 0.35684893  0.2946979   0.8157066 ]]
[[ 0.          0.          0.67204   ]
 [ 0.08076209  0.07175723  0.6851815 ]
 [-0.13598767  0.24357492  0.4645778 ]
 [-0.11269476  0.0496065   0.07541406]
 [-0.23161694  0.1498583   0.        ]
 [-0.08086428 -0.07204413  0.6587535 ]
 [ 0.0290677  -0.05029559  0.30328465]
 [ 0.2892176  -0.2332539   0.2495749 ]
 [ 0.3650174  -0.18012977  0.12115157]
 [-0.03281461  0.06297973  0.8907079 ]
 [-0.07272904  0.12254     1.147823  ]
 [-0.16423148  0.18177092  1.2350898 ]
 [-0.11256661  0.14737207  1.3427973 ]
 [-0.19836709  0.03538954  1.1100576 ]
 [-0.2982875  -0.0799049   0.8765801 ]
 [-0.24643871  0.13841623  0.88923454]
 [ 0.06197267  0.17495841  1.0924065 ]
 [ 0.29120916  0.17743242  1.0261079 ]
 [ 0.35791487  0.27529338  0.83559996]]
[[ 0.          0.          0.69561654]
 [ 0.08000775  0.0626914   0.70893574]
 [-0.08920419  0.23744573  0.45727906]
 [-0.10763265  0.11723083  0.03872329]
 [-0.22713304  0.22474259  0.        ]
 [-0.08010046 -0.06294513  0.68215585]
 [-0.02613042 -0.06661826  0.30604392]
 [ 0.25901517 -0.32452297  0.3683268 ]
 [ 0.3790285  -0.31790668  0.28980806]
 [-0.03034405  0.05533439  0.9145831 ]
 [-0.06188595  0.11823881  1.1709712 ]
 [-0.14913419  0.17594409  1.2639818 ]
 [-0.10046592  0.13799363  1.3674595 ]
 [-0.19501872  0.04093653  1.1353915 ]
 [-0.28054726 -0.08780444  0.9088521 ]
 [-0.26930383  0.10026978  0.8464223 ]
 [ 0.07026885  0.16644195  1.1102886 ]
 [ 0.28829476  0.1928842   1.0159012 ]
 [ 0.3109021   0.31892717  0.8344718 ]]
[[ 0.          0.          0.71771085]
 [ 0.08107057  0.05890203  0.7318173 ]
 [-0.03415827  0.24714157  0.4754121 ]
 [-0.04285621  0.12246156  0.05706322]
 [-0.16162449  0.2432617   0.        ]
 [-0.08116449 -0.0591474   0.7034802 ]
 [-0.07408935 -0.03860137  0.33963102]
 [ 0.20961013 -0.33958828  0.4400233 ]
 [ 0.3322926  -0.35373062  0.38323548]
 [-0.02778375  0.05220462  0.9374016 ]
 [-0.05813271  0.10939866  1.1947047 ]
 [-0.1411053   0.16208494  1.2881525 ]
 [-0.0913565   0.12275499  1.3875477 ]
 [-0.18905763  0.03265205  1.160672  ]
 [-0.2387521  -0.13828829  0.9519812 ]
 [-0.2571746   0.01061164  0.8192532 ]
 [ 0.0744127   0.16186672  1.1303045 ]
 [ 0.27335295  0.23020557  0.9990759 ]
 [ 0.25062287  0.40927255  0.8573104 ]]
[[ 0.          0.          0.7340709 ]
 [ 0.08497676  0.06414431  0.7486751 ]
 [ 0.00884225  0.24121857  0.47280213]
 [ 0.04469934  0.05990511  0.07934135]
 [-0.07803169  0.18224192  0.        ]
 [-0.08508658 -0.06440711  0.71935606]
 [-0.12914318  0.02074644  0.39113003]
 [ 0.18319479 -0.2788726   0.49233818]
 [ 0.3008875  -0.28460175  0.40594113]
 [-0.02217417  0.04918766  0.95592797]
 [-0.0484433   0.0981811   1.2147553 ]
 [-0.13065386  0.150828    1.3070177 ]
 [-0.08643401  0.11028355  1.4082392 ]
 [-0.17867726  0.02064309  1.1806793 ]
 [-0.19952711 -0.1689739   0.984705  ]
 [-0.2024318  -0.08754369  0.831216  ]
 [ 0.08461712  0.15525827  1.1448412 ]
 [ 0.2183921   0.22928439  0.9647931 ]
 [ 0.16307539  0.4276148   0.8924345 ]]
[[ 0.          0.          0.74114054]
 [ 0.08647598  0.06671725  0.7513336 ]
 [ 0.08708471  0.14522335  0.41504925]
 [ 0.25064117 -0.08065879  0.10763019]
 [ 0.18939881  0.03116184  0.        ]
 [-0.08661281 -0.06698274  0.7308778 ]
 [-0.23595351  0.14416033  0.47529316]
 [ 0.03056785 -0.16851082  0.41614398]
 [ 0.06598084 -0.13123727  0.27206108]
 [-0.0192962   0.05208327  0.9617299 ]
 [-0.04454298  0.10099241  1.2207617 ]
 [-0.13253894  0.1507039   1.3051956 ]
 [-0.08581311  0.1136021   1.4165897 ]
 [-0.16288957  0.01327989  1.1962188 ]
 [-0.11671881 -0.22012523  1.0760057 ]
 [-0.10087898 -0.25842232  0.8727605 ]
 [ 0.07793567  0.17588583  1.1473676 ]
 [ 0.11798432  0.32722917  0.94601995]
 [ 0.01286109  0.5176063   1.0040572 ]]
[[ 0.          0.          0.64951354]
 [ 0.07783942  0.07433617  0.65350217]
 [ 0.13327073  0.10827282  0.2735861 ]
 [ 0.39397806 -0.10767275  0.12855738]
 [ 0.4089605  -0.05355108  0.        ]
 [-0.07796033 -0.07456883  0.6454999 ]
 [-0.2802076   0.13630213  0.44204825]
 [-0.14236304 -0.06549591  0.13574374]
 [-0.21465646  0.03701806  0.00808316]
 [-0.01619236  0.04782413  0.8731551 ]
 [-0.04881144  0.08610636  1.1334788 ]
 [-0.15355617  0.13592297  1.2085195 ]
 [-0.10263129  0.10132968  1.3233104 ]
 [-0.13560954 -0.02934131  1.1141717 ]
 [-0.02867808 -0.28180408  1.0504806 ]
 [-0.05817543 -0.35852662  0.822741  ]
 [ 0.05032622  0.18322635  1.0655704 ]
 [ 0.04017283  0.3492245   0.8553064 ]
 [-0.06811798  0.48481405  0.94809854]]
[[ 0.          0.          0.65970206]
 [ 0.07456249  0.07649523  0.6622399 ]
 [ 0.10484697  0.11567539  0.25976914]
 [ 0.36846906 -0.20157525  0.22328067]
 [ 0.44270778 -0.20261091  0.10805863]
 [-0.07468525 -0.07671261  0.65716046]
 [-0.25843766  0.10687566  0.43882042]
 [-0.20323169  0.05352098  0.06727344]
 [-0.30260015  0.19110644  0.        ]
 [-0.01549681  0.04750769  0.8818199 ]
 [-0.05249438  0.08610401  1.1420187 ]
 [-0.1625106   0.13586211  1.2187448 ]
 [-0.10839391  0.10137731  1.3338544 ]
 [-0.11925742 -0.03581262  1.1208284 ]
 [-0.02824346 -0.2804637   1.0303736 ]
 [-0.09453125 -0.357324    0.79550016]
 [ 0.03520586  0.18690398  1.0703578 ]
 [ 0.03938674  0.33864993  0.8449248 ]
 [-0.1021075   0.4489043   0.87637645]]
[[ 0.          0.          0.6707903 ]
 [ 0.07731713  0.07581211  0.6701581 ]
 [ 0.05174575  0.15273014  0.27110252]
 [ 0.2933427  -0.2118364   0.2922772 ]
 [ 0.38234088 -0.23492014  0.18960375]
 [-0.07744205 -0.07604201  0.6714248 ]
 [-0.21733269  0.10423088  0.4342218 ]
 [-0.1806981   0.07455158  0.04272836]
 [-0.28927428  0.21695769  0.        ]
 [-0.02664046  0.0546605   0.8885978 ]
 [-0.07698688  0.08812213  1.1481267 ]
 [-0.18337753  0.1391977   1.2281569 ]
 [-0.12512258  0.10144418  1.3419136 ]
 [-0.14554954 -0.0259012   1.1100066 ]
 [-0.04935193 -0.24605396  0.97350967]
 [-0.1453253  -0.31194925  0.7604643 ]
 [ 0.02566426  0.17761695  1.0780602 ]
 [ 0.05050626  0.2966659   0.8422197 ]
 [-0.08589143  0.42705896  0.8135054 ]]
[[ 0.          0.          0.69334126]
 [ 0.07520295  0.08637875  0.6933152 ]
 [ 0.01267938  0.21675763  0.3290891 ]
 [ 0.29937726 -0.11334434  0.33532628]
 [ 0.36125994 -0.1217714   0.20336235]
 [-0.07531877 -0.08663166  0.69335085]
 [-0.22543918  0.05280742  0.45269865]
 [-0.10840745  0.00283939  0.06850106]
 [-0.22670963  0.14605236  0.        ]
 [-0.02972379  0.05705729  0.9114144 ]
 [-0.07949205  0.09137654  1.1713675 ]
 [-0.18674988  0.13984323  1.2562363 ]
 [-0.12841927  0.10338324  1.3686099 ]
 [-0.14436    -0.03204802  1.1365358 ]
 [-0.07244398 -0.23716709  0.96425986]
 [-0.18135197 -0.29101366  0.7667655 ]
 [ 0.02193336  0.1848838   1.0986286 ]
 [ 0.07435714  0.28684598  0.87130606]
 [-0.03098908  0.42517966  0.8230593 ]]
[[ 0.          0.          0.6897972 ]
 [ 0.06932355  0.09092692  0.6969165 ]
 [-0.0954113   0.27117765  0.43823847]
 [ 0.18607503 -0.05087441  0.34117305]
 [ 0.18783143 -0.01545441  0.18154144]
 [-0.06942306 -0.09121893  0.6825995 ]
 [-0.1401197   0.01039401  0.4028553 ]
 [ 0.05447365 -0.03123522  0.10020894]
 [-0.03203113  0.09797603  0.        ]
 [-0.03055264  0.05804217  0.9060918 ]
 [-0.0813933   0.08811972  1.1682408 ]
 [-0.18661602  0.13338864  1.255281  ]
 [-0.12606299  0.0977369   1.3659396 ]
 [-0.15790585 -0.02822962  1.1228588 ]
 [-0.14240983 -0.18859142  0.8999371 ]
 [-0.241844   -0.1959509   0.8314326 ]
 [ 0.0272143   0.17193782  1.0997946 ]
 [ 0.14706744  0.21375316  0.89722174]
 [ 0.07269706  0.35301626  0.76127326]]
[[ 0.          0.          0.6209229 ]
 [ 0.07263616  0.08963475  0.6339489 ]
 [-0.16689456  0.28171688  0.44862318]
 [-0.06144581  0.0252178   0.12264758]
 [-0.16718684  0.10482046  0.01932979]
 [-0.07274567 -0.08993346  0.6077679 ]
 [ 0.00956882 -0.03650096  0.27624506]
 [ 0.2616331  -0.1309872   0.13820356]
 [ 0.2742663  -0.02646363  0.        ]
 [-0.03252034  0.05353877  0.83970875]
 [-0.07465994  0.09114665  1.1019951 ]
 [-0.16649175  0.13386917  1.1924732 ]
 [-0.10803416  0.10496205  1.2994006 ]
 [-0.17739493 -0.01654354  1.0596724 ]
 [-0.24433865 -0.14583185  0.82404256]
 [-0.2659489   0.0208416   0.82729626]
 [ 0.04570921  0.16815874  1.0400915 ]
 [ 0.23895335  0.1795321   0.88650334]
 [ 0.20546374  0.27712178  0.6931217 ]]
[[ 0.          0.          0.6424235 ]
 [ 0.07002674  0.08478633  0.6541799 ]
 [-0.1586555   0.25721058  0.44620973]
 [-0.14412294  0.1081413   0.05316722]
 [-0.27314037  0.19806248  0.        ]
 [-0.07013273 -0.08506392  0.63053364]
 [ 0.0337979  -0.06606007  0.2808841 ]
 [ 0.32483584 -0.2201885   0.22425517]
 [ 0.3969894  -0.15962619  0.08452564]
 [-0.02313386  0.04628702  0.8643018 ]
 [-0.05166525  0.08373925  1.1274732 ]
 [-0.1366337   0.12994498  1.2250721 ]
 [-0.0795536   0.09933704  1.3252761 ]
 [-0.16621225 -0.01694769  1.0919259 ]
 [-0.25122726 -0.1606648   0.8709973 ]
 [-0.2958508  -0.00584152  0.82716995]
 [ 0.06930401  0.15723866  1.0608202 ]
 [ 0.25365794  0.14996752  0.9038999 ]
 [ 0.20374018  0.23441383  0.71026707]]
[[ 0.          0.          0.6584057 ]
 [ 0.07090142  0.07648739  0.6716548 ]
 [-0.09602752  0.27963376  0.43903625]
 [-0.10090898  0.1864155   0.03596842]
 [-0.23875982  0.28774706  0.        ]
 [-0.07099086 -0.07674444  0.64502764]
 [-0.03350639 -0.07992464  0.2791731 ]
 [ 0.28671142 -0.3064469   0.32141346]
 [ 0.40577596 -0.29519007  0.22287434]
 [-0.01850791  0.03718454  0.8818774 ]
 [-0.03969338  0.07358563  1.1439008 ]
 [-0.12524772  0.11864716  1.2436478 ]
 [-0.06861013  0.08624583  1.3402991 ]
 [-0.15997705 -0.02086529  1.1154155 ]
 [-0.2282634  -0.16355981  0.89533985]
 [-0.29980522 -0.02863833  0.7951368 ]
 [ 0.07829335  0.14853767  1.0707682 ]
 [ 0.2394452   0.17339453  0.89226645]
 [ 0.17388713  0.30131307  0.73104763]]
[[ 0.          0.          0.6990104 ]
 [ 0.07380936  0.07849047  0.7132698 ]
 [-0.05549663  0.27392673  0.4624662 ]
 [-0.02085685  0.14006239  0.05727911]
 [-0.1579873   0.24662179  0.        ]
 [-0.07388992 -0.0787429   0.68463045]
 [-0.08904605 -0.0283123   0.3332811 ]
 [ 0.24751684 -0.27352363  0.40975216]
 [ 0.3720882  -0.28084546  0.3188515 ]
 [-0.01283855  0.03775764  0.9241127 ]
 [-0.02764926  0.07782513  1.1862808 ]
 [-0.11160922  0.12302947  1.2929025 ]
 [-0.05516144  0.08790618  1.3853376 ]
 [-0.14796013 -0.02140889  1.1617141 ]
 [-0.18731534 -0.17653239  0.9394392 ]
 [-0.2541476  -0.10602912  0.80344296]
 [ 0.08983564  0.1578742   1.1076474 ]
 [ 0.21572988  0.20683704  0.9036635 ]
 [ 0.11699823  0.3432297   0.7866652 ]]
[[ 0.          0.          0.73407656]
 [ 0.08061652  0.08379392  0.74391496]
 [ 0.00352885  0.25674504  0.4510675 ]
 [ 0.1071676   0.05763167  0.09721059]
 [-0.0111395   0.16995579  0.        ]
 [-0.08072098 -0.08405901  0.7241422 ]
 [-0.17278016  0.05652368  0.41523972]
 [ 0.17860398 -0.20023575  0.44397146]
 [ 0.2730901  -0.18514413  0.3218615 ]
 [-0.00772894  0.04533172  0.958951  ]
 [-0.0210687   0.08673906  1.2218282 ]
 [-0.1102694   0.13109738  1.3260298 ]
 [-0.05012855  0.08944154  1.4216657 ]
 [-0.13145784 -0.02099416  1.19731   ]
 [-0.1255933  -0.20476666  0.9914014 ]
 [-0.19329724 -0.22685465  0.8254288 ]
 [ 0.09101613  0.17549679  1.1398423 ]
 [ 0.16303122  0.24918745  0.9065542 ]
 [ 0.02391973  0.38481203  0.8533342 ]]
[[ 0.          0.          0.70397645]
 [ 0.0708884   0.09113594  0.70833504]
 [ 0.07234935  0.20028621  0.3430552 ]
 [ 0.33169156  0.0024327   0.14151138]
 [ 0.31600827  0.07579237  0.        ]
 [-0.07101188 -0.09140991  0.6995653 ]
 [-0.27480686  0.09749904  0.47922415]
 [-0.02130577 -0.10966438  0.2746638 ]
 [-0.04732753 -0.04988313  0.13053364]
 [ 0.00250433  0.04339486  0.9299132 ]
 [-0.01079169  0.07538313  1.1936331 ]
 [-0.12345955  0.11825264  1.285691  ]
 [-0.06002541  0.08139551  1.3916976 ]
 [-0.08517848 -0.05243418  1.1780702 ]
 [-0.01499764 -0.28044537  1.0558963 ]
 [-0.07629243 -0.35557443  0.8508198 ]
 [ 0.07160196  0.18584254  1.1112688 ]
 [ 0.09393661  0.3011909   0.8690776 ]
 [-0.06415665  0.4217536   0.8766059 ]]
[[ 0.0000000e+00  0.0000000e+00  6.6757452e-01]
 [ 6.6237204e-02  9.5168166e-02  6.6914308e-01]
 [ 6.2290352e-02  2.0412953e-01  2.7989778e-01]
 [ 3.6751813e-01 -1.7275274e-02  1.6833133e-01]
 [ 4.1148731e-01  1.6331911e-02  1.6168892e-02]
 [-6.6345185e-02 -9.5422208e-02  6.6597795e-01]
 [-2.8504428e-01  4.6936467e-02  4.4971859e-01]
 [-1.3568287e-01 -1.9136310e-02  8.7274849e-02]
 [-2.2791059e-01  9.5647871e-02  0.0000000e+00]
 [ 8.7804347e-04  3.9640725e-02  8.9224178e-01]
 [-1.3056882e-02  7.1112841e-02  1.1562819e+00]
 [-1.3562110e-01  1.1417341e-01  1.2458225e+00]
 [-6.8511471e-02  8.1359088e-02  1.3551569e+00]
 [-5.9258394e-02 -6.7023963e-02  1.1395285e+00]
 [ 4.1456059e-02 -2.9638475e-01  1.0305169e+00]
 [-7.3010191e-02 -3.6384279e-01  8.2276285e-01]
 [ 4.9826346e-02  1.8779588e-01  1.0713185e+00]
 [ 6.6099718e-02  2.9662055e-01  8.1897765e-01]
 [-8.7005273e-02  3.9264902e-01  7.8930777e-01]]
[[ 0.          0.          0.69069606]
 [ 0.06666456  0.09499982  0.68919003]
 [ 0.02030238  0.20670806  0.29676428]
 [ 0.3203084  -0.0469541   0.21277171]
 [ 0.3651479  -0.01881182  0.06567627]
 [-0.06676875 -0.09524864  0.69218373]
 [-0.25555313  0.06325637  0.44816345]
 [-0.14623976  0.03537315  0.05783457]
 [-0.24297053  0.14922714  0.        ]
 [-0.00706212  0.04660088  0.91339266]
 [-0.03136489  0.0780772   1.1770325 ]
 [-0.14997512  0.12147021  1.2692113 ]
 [-0.07942432  0.08848566  1.377872  ]
 [-0.07582517 -0.0561637   1.1548584 ]
 [ 0.02411593 -0.28026107  1.0187824 ]
 [-0.12829587 -0.3609253   0.84227914]
 [ 0.0356651   0.18824238  1.0920812 ]
 [ 0.06658897  0.27941576  0.83301616]
 [-0.08383054  0.37533367  0.75595033]]
[[ 0.0000000e+00  0.0000000e+00  7.0568204e-01]
 [ 6.5532625e-02  9.8072872e-02  7.0536554e-01]
 [-3.2667741e-03  2.6686731e-01  3.3766842e-01]
 [ 2.9857123e-01  4.2045802e-02  2.3753473e-01]
 [ 3.1783313e-01  9.1537833e-02  7.6563120e-02]
 [-6.5640964e-02 -9.8329954e-02  7.0597255e-01]
 [-2.4873585e-01  3.5493463e-02  4.5332441e-01]
 [-9.2877164e-02 -2.1608591e-02  7.9373479e-02]
 [-2.0128544e-01  9.0940356e-02  0.0000000e+00]
 [-1.1022609e-02  5.3317130e-02  9.2633915e-01]
 [-3.5283625e-02  8.7365687e-02  1.1898108e+00]
 [-1.4842153e-01  1.2914449e-01  1.2845397e+00]
 [-7.7080205e-02  9.6424341e-02  1.3937221e+00]
 [-8.1492454e-02 -4.7432840e-02  1.1649979e+00]
 [-4.8835576e-04 -2.6750311e-01  1.0140289e+00]
 [-1.5736915e-01 -3.4488600e-01  8.5776657e-01]
 [ 3.8557597e-02  1.9521588e-01  1.1059160e+00]
 [ 7.7970073e-02  2.8195906e-01  8.5187519e-01]
 [-5.3320646e-02  3.5895565e-01  7.5824702e-01]]
[[ 0.          0.          0.7077709 ]
 [ 0.05942525  0.10048374  0.714495  ]
 [-0.07880758  0.2869665   0.40560508]
 [ 0.19256824  0.04967487  0.24484557]
 [ 0.17813455  0.10849726  0.09305513]
 [-0.05952302 -0.10075094  0.70098776]
 [-0.19544238  0.00988927  0.4165844 ]
 [ 0.0170169  -0.04741168  0.08978796]
 [-0.07463808  0.0656175   0.        ]
 [-0.01700535  0.04623386  0.92785084]
 [-0.04138682  0.07534719  1.1919229 ]
 [-0.14902917  0.11436558  1.2884786 ]
 [-0.07866593  0.08246136  1.3955381 ]
 [-0.09780753 -0.05628106  1.1643707 ]
 [-0.05945054 -0.24479912  0.97628176]
 [-0.21523558 -0.3348928   0.9010903 ]
 [ 0.04121317  0.17882746  1.1069776 ]
 [ 0.12261879  0.24281359  0.8750746 ]
 [ 0.00779527  0.34009334  0.73009324]]
[[ 0.          0.          0.67392087]
 [ 0.06293499  0.09085705  0.68549156]
 [-0.14668372  0.27140167  0.4305938 ]
 [-0.14875522  0.13220078  0.07485014]
 [-0.28820822  0.22067189  0.        ]
 [-0.06304771 -0.09114471  0.6622201 ]
 [ 0.01529799 -0.04361916  0.3286497 ]
 [ 0.30224764 -0.1833547   0.14824808]
 [ 0.3353275  -0.08621079  0.02048701]
 [-0.01308258  0.03050454  0.89643586]
 [-0.01964949  0.06700537  1.1587863 ]
 [-0.10361052  0.10475898  1.2604394 ]
 [-0.03220874  0.07163793  1.3571064 ]
 [-0.11889587 -0.0446822   1.1378515 ]
 [-0.17192541 -0.21036011  0.9401555 ]
 [-0.21567234 -0.10749453  0.91506994]
 [ 0.08979037  0.14903843  1.0756419 ]
 [ 0.24601099  0.15923466  0.8749794 ]
 [ 0.14087495  0.23730987  0.6833948 ]]
[[ 0.0000000e+00  0.0000000e+00  6.6604668e-01]
 [ 6.5414846e-02  8.1237972e-02  6.7469180e-01]
 [-1.2678087e-01  2.6979208e-01  3.9987761e-01]
 [-2.1762043e-01  2.0609981e-01  2.8309047e-02]
 [-3.6208159e-01  2.9330939e-01  0.0000000e+00]
 [-6.5542862e-02 -8.1508465e-02  6.5727109e-01]
 [ 5.9351921e-02 -9.4298393e-02  3.1047761e-01]
 [ 3.5380346e-01 -2.5417495e-01  1.7742386e-01]
 [ 4.3327886e-01 -1.8636525e-01  5.1173270e-02]
 [ 1.1416599e-03  2.8004363e-02  8.9090997e-01]
 [ 6.0782060e-03  6.3134730e-02  1.1526694e+00]
 [-6.7764096e-02  1.0381788e-01  1.2552874e+00]
 [ 3.4166500e-03  7.0026219e-02  1.3462822e+00]
 [-1.0500257e-01 -3.4536541e-02  1.1390295e+00]
 [-1.5966642e-01 -2.0727025e-01  9.4605690e-01]
 [-2.0185453e-01 -1.1775342e-01  8.7566793e-01]
 [ 1.2123516e-01  1.3450387e-01  1.0654848e+00]
 [ 2.6238763e-01  1.3381132e-01  8.7040305e-01]
 [ 1.4073908e-01  2.3368254e-01  7.1131474e-01]]
[[ 0.          0.          0.6741382 ]
 [ 0.06149749  0.08083316  0.6806694 ]
 [-0.0915643   0.30017665  0.40629053]
 [-0.1580185   0.25435704  0.03863382]
 [-0.2988773   0.34590778  0.        ]
 [-0.06161015 -0.08108915  0.66748154]
 [ 0.01957879 -0.13403827  0.29403   ]
 [ 0.32167602 -0.33260107  0.22101402]
 [ 0.42325842 -0.3060758   0.11489248]
 [ 0.00427041  0.02391368  0.90183437]
 [ 0.0119659   0.05156958  1.1639943 ]
 [-0.05854309  0.09599268  1.2725751 ]
 [ 0.01425474  0.05756533  1.3558657 ]
 [-0.10308088 -0.04594815  1.1516736 ]
 [-0.14945501 -0.21799037  0.95437866]
 [-0.21025193 -0.17133655  0.84850323]
 [ 0.12496132  0.13062102  1.0731496 ]
 [ 0.2451717   0.17542733  0.87862563]
 [ 0.1092096   0.28867382  0.76566094]]
[[ 0.          0.          0.7079559 ]
 [ 0.06827573  0.07359745  0.71504015]
 [-0.05066228  0.3285342   0.44533253]
 [-0.07872397  0.24474257  0.0671981 ]
 [-0.21570301  0.36115518  0.        ]
 [-0.06836537 -0.07384731  0.70075166]
 [-0.04404197 -0.09359354  0.3185562 ]
 [ 0.27883944 -0.33889183  0.33361793]
 [ 0.4016688  -0.3540129   0.26752865]
 [ 0.00153786  0.02284637  0.9344268 ]
 [ 0.00874297  0.04971695  1.1967522 ]
 [-0.05690206  0.0922069   1.3142757 ]
 [ 0.01683668  0.04701275  1.3894272 ]
 [-0.10447787 -0.04550812  1.1815338 ]
 [-0.12613854 -0.2198473   0.98515046]
 [-0.19572355 -0.23740983  0.8589643 ]
 [ 0.11406399  0.13571146  1.102348  ]
 [ 0.1882297   0.22760665  0.90026546]
 [ 0.04168157  0.35383123  0.8620517 ]]
[[ 0.          0.          0.7768914 ]
 [ 0.07704111  0.07638807  0.7834314 ]
 [ 0.01071818  0.28998113  0.48238873]
 [ 0.08507472  0.15075254  0.10868233]
 [-0.0396153   0.2821378   0.        ]
 [-0.07713365 -0.07661397  0.7702636 ]
 [-0.19977455 -0.01589981  0.41897285]
 [ 0.1339356  -0.26720256  0.46132916]
 [ 0.26037008 -0.2894985   0.3981106 ]
 [-0.00909368  0.02845983  1.001612  ]
 [-0.00824092  0.06732249  1.2643472 ]
 [-0.07668775  0.10893106  1.3827724 ]
 [ 0.00761283  0.05376583  1.4562132 ]
 [-0.11046127 -0.03853095  1.2595544 ]
 [-0.06957679 -0.26665843  1.1370792 ]
 [-0.14612615 -0.33706546  0.97157586]
 [ 0.08284202  0.1701484   1.1692116 ]
 [ 0.0452381   0.32722408  0.9775996 ]
 [-0.09293568  0.4209904   1.0579572 ]]
[[ 0.          0.          0.8050164 ]
 [ 0.074673    0.07368649  0.8081485 ]
 [ 0.14067191  0.22593383  0.46958494]
 [ 0.26925617  0.10066283  0.1129598 ]
 [ 0.19809705  0.22098142  0.        ]
 [-0.07479282 -0.0739328   0.80182016]
 [-0.30585897  0.1021565   0.55514324]
 [-0.02988938 -0.12627444  0.46105564]
 [ 0.00196558 -0.11260575  0.3411903 ]
 [-0.01250531  0.03130145  1.0279619 ]
 [-0.01916345  0.06735361  1.2894901 ]
 [-0.10123865  0.10214335  1.3939714 ]
 [-0.01570171  0.05705947  1.4792094 ]
 [-0.08770678 -0.05351704  1.279261  ]
 [-0.00808819 -0.29866976  1.2179936 ]
 [-0.05234404 -0.42543694  1.0153183 ]
 [ 0.03583482  0.19220924  1.2137938 ]
 [-0.06379113  0.37314415  1.0690165 ]
 [-0.16661614  0.4580501   1.1484379 ]]
[[ 0.00000000e+00  0.00000000e+00  7.54722834e-01]
 [ 6.23948872e-02  7.60954618e-02  7.56062925e-01]
 [ 2.16990948e-01  1.65499985e-01  3.97891313e-01]
 [ 3.89173806e-01  8.83446336e-02  1.18736565e-01]
 [ 3.88740599e-01  1.69134378e-01  0.00000000e+00]
 [-6.25055805e-02 -7.63485879e-02  7.53356695e-01]
 [-3.31498265e-01  4.34205979e-02  5.64769089e-01]
 [-1.73876762e-01 -1.33205116e-01  2.68482357e-01]
 [-2.26327717e-01 -7.04233050e-02  1.55365288e-01]
 [ 3.43970954e-04  1.53388530e-02  9.81168926e-01]
 [ 1.82967633e-04  4.03320193e-02  1.24190915e+00]
 [-1.03383809e-01  6.34974241e-02  1.33240998e+00]
 [-2.37784982e-02  3.63672376e-02  1.42830682e+00]
 [-2.03898977e-02 -9.22145545e-02  1.23348165e+00]
 [ 8.33803862e-02 -3.19084346e-01  1.16225624e+00]
 [ 2.32867897e-02 -4.72171575e-01  1.00732768e+00]
 [ 1.71454623e-02  1.75075233e-01  1.16834402e+00]
 [-1.15343332e-01  3.65728259e-01  1.02262771e+00]
 [-2.68471539e-01  3.89820516e-01  1.07715869e+00]]
[[ 0.          0.          0.63520265]
 [ 0.06599519  0.07840526  0.63552463]
 [ 0.21207915  0.11008     0.2471725 ]
 [ 0.4276476  -0.06874764  0.10566306]
 [ 0.4672644  -0.03367227  0.00316775]
 [-0.06609386 -0.07862829  0.6348602 ]
 [-0.33310753  0.05715722  0.42123818]
 [-0.28559265  0.00743252  0.07822651]
 [-0.36221868  0.11386448  0.        ]
 [-0.00263865  0.01456299  0.8658833 ]
 [-0.01569887  0.03281021  1.1271867 ]
 [-0.11972429  0.06039482  1.2189547 ]
 [-0.03256943  0.02519751  1.3113025 ]
 [-0.03215621 -0.10488993  1.1161273 ]
 [ 0.07855926 -0.34496695  1.0694172 ]
 [ 0.01659632 -0.5360864   0.97151864]
 [ 0.00901828  0.16235888  1.0520359 ]
 [-0.12537047  0.33865803  0.89183044]
 [-0.28341275  0.40021753  0.87615144]]
[[ 0.          0.          0.6443132 ]
 [ 0.05894832  0.06957541  0.6473756 ]
 [ 0.21830264  0.05969626  0.24640486]
 [ 0.4166052  -0.2366839   0.21882465]
 [ 0.46876442 -0.25627697  0.15549016]
 [-0.0590465  -0.06973966  0.6412415 ]
 [-0.25550193  0.12709138  0.41683415]
 [-0.28061998  0.17472073  0.05782986]
 [-0.38043043  0.31382892  0.        ]
 [ 0.00264404  0.01396146  0.8747341 ]
 [-0.00958254  0.02908882  1.1368698 ]
 [-0.11955428  0.05854106  1.2244848 ]
 [-0.04082336  0.02671027  1.3176651 ]
 [-0.0116944  -0.10628793  1.122874  ]
 [ 0.05350056 -0.35395586  1.1013688 ]
 [-0.01748228 -0.5603117   1.0534173 ]
 [ 0.00902249  0.15408     1.0592583 ]
 [-0.07830736  0.3372789   0.8858458 ]
 [-0.18955725  0.38915765  0.798978  ]]
[[ 0.          0.          0.62550724]
 [ 0.05404874  0.06427038  0.62783724]
 [ 0.17854425  0.01236534  0.23794016]
 [ 0.35791683 -0.3891077   0.27067047]
 [ 0.43561918 -0.43984008  0.25377774]
 [-0.05414218 -0.06441472  0.6231946 ]
 [-0.20544311  0.1518873   0.39514825]
 [-0.23770449  0.2577423   0.03892094]
 [-0.34340727  0.41242158  0.        ]
 [ 0.00339001  0.00468644  0.8551857 ]
 [-0.01187657  0.01412204  1.1181295 ]
 [-0.1181502   0.04282242  1.2028625 ]
 [-0.03250654  0.00973904  1.2891262 ]
 [-0.01315279 -0.10670024  1.1080401 ]
 [ 0.06889132 -0.34196943  1.1013378 ]
 [-0.06981492 -0.5354427   1.1027086 ]
 [ 0.01647153  0.12802112  1.0354407 ]
 [-0.05320287  0.29161972  0.8491277 ]
 [-0.15676972  0.34506112  0.7475887 ]]
[[ 0.00000000e+00  0.00000000e+00  6.72845244e-01]
 [ 5.11385165e-02  6.22204989e-02  6.73219144e-01]
 [ 1.34181604e-01  1.56286955e-02  2.95312583e-01]
 [ 3.10458153e-01 -4.29395258e-01  3.96602154e-01]
 [ 3.92687917e-01 -5.03759980e-01  3.93299967e-01]
 [-5.12201712e-02 -6.23455867e-02  6.72477663e-01]
 [-1.48365527e-01  1.76116496e-01  4.45499688e-01]
 [-1.13804266e-01  2.52751619e-01  5.95686436e-02]
 [-2.25986838e-01  4.11785483e-01  0.00000000e+00]
 [ 7.21327867e-03  7.29718804e-03  8.94238710e-01]
 [-5.32486662e-03  1.02260411e-02  1.15812981e+00]
 [-1.09615564e-01  4.02422547e-02  1.25117826e+00]
 [-2.26840116e-02 -1.66070461e-03  1.33454764e+00]
 [-1.57615095e-02 -1.08711094e-01  1.14069486e+00]
 [-2.48745084e-04 -3.61575186e-01  1.21478987e+00]
 [-1.24169804e-01 -5.30748725e-01  1.24765873e+00]
 [ 3.94902937e-02  1.16516590e-01  1.07622778e+00]
 [ 2.90040821e-02  2.74079621e-01  9.04444039e-01]
 [-2.09066868e-02  2.76012480e-01  7.76139081e-01]]
[[ 0.00000000e+00  0.00000000e+00  7.10049629e-01]
 [ 5.33449315e-02  7.17394426e-02  7.16457546e-01]
 [ 5.93277067e-03  8.67712498e-02  3.75138462e-01]
 [ 2.83788204e-01 -3.49837333e-01  4.80735987e-01]
 [ 3.64224792e-01 -4.13693041e-01  4.13297474e-01]
 [-5.34397736e-02 -7.19004646e-02  7.03604460e-01]
 [-1.13133013e-01  1.19506225e-01  4.47327882e-01]
 [ 3.03385612e-02  1.22471213e-01  8.98127556e-02]
 [-5.33249378e-02  2.72143573e-01  0.00000000e+00]
 [ 9.64935217e-03  9.46941972e-03  9.30430055e-01]
 [-7.43228942e-04  2.63047218e-02  1.19453382e+00]
 [-1.02574989e-01  6.33845925e-02  1.28297281e+00]
 [-8.36778432e-03  1.24282241e-02  1.36556697e+00]
 [-4.58043627e-02 -8.88902545e-02  1.18652928e+00]
 [-8.47813264e-02 -3.21364015e-01  1.32124066e+00]
 [-2.14310855e-01 -4.83623564e-01  1.37426758e+00]
 [ 8.04917216e-02  1.23303920e-01  1.10750413e+00]
 [ 1.32315129e-01  2.95983970e-01  9.74016070e-01]
 [ 1.55704632e-01  4.37375873e-01  8.80735517e-01]]
[[ 0.          0.          0.63223374]
 [ 0.05191578  0.0826706   0.64432883]
 [-0.18249226  0.16120785  0.42851853]
 [ 0.11886172 -0.1762467   0.27410623]
 [ 0.13452095 -0.15736449  0.12745494]
 [-0.05202437 -0.08291096  0.6200392 ]
 [-0.0175194  -0.0443078   0.30568084]
 [ 0.27516198 -0.09006688  0.12242424]
 [ 0.28376204  0.01372105  0.        ]
 [ 0.02458138  0.00511287  0.85394716]
 [ 0.0328397   0.0224508   1.1186461 ]
 [-0.05510959  0.07517689  1.2163054 ]
 [ 0.04141695  0.02175575  1.2932758 ]
 [-0.06707382 -0.08137286  1.1097066 ]
 [-0.21197468 -0.2683618   1.204606  ]
 [-0.3153962  -0.2853177   1.3062402 ]
 [ 0.14049065  0.09158251  1.0258505 ]
 [ 0.25974888  0.13322958  0.88973516]
 [ 0.37270206  0.2631177   0.80665135]]
[[ 0.          0.          0.56421995]
 [ 0.04608317  0.07961604  0.5778999 ]
 [-0.1929419   0.25103667  0.44241   ]
 [-0.13808593  0.08209914  0.07836485]
 [-0.269612    0.16422835  0.        ]
 [-0.04618941 -0.07982433  0.55040115]
 [ 0.0193534  -0.18985915  0.18966687]
 [ 0.30740762 -0.38338464  0.25613394]
 [ 0.421264   -0.3898974   0.20847088]
 [ 0.00623182  0.01663522  0.79205847]
 [ 0.00889544  0.01803955  1.0543325 ]
 [-0.04267772  0.07434064  1.1659856 ]
 [ 0.04303409  0.0165357   1.2320775 ]
 [-0.11475156 -0.0549019   1.0303776 ]
 [-0.30003774 -0.16361403  1.0190492 ]
 [-0.39487427 -0.03059098  1.0427703 ]
 [ 0.12647106  0.08091396  0.9832299 ]
 [ 0.31360555  0.14294672  0.9732803 ]
 [ 0.47255477  0.2886864   1.009817  ]]
[[ 0.0000000e+00  0.0000000e+00  5.6338388e-01]
 [ 4.6807755e-02  6.4659394e-02  5.7568425e-01]
 [-1.4698061e-01  2.6898772e-01  3.9838716e-01]
 [-2.2385821e-01  1.5927655e-01  2.8961182e-02]
 [-3.7617418e-01  2.4426973e-01  0.0000000e+00]
 [-4.6884496e-02 -6.4841375e-02  5.5097443e-01]
 [-7.7743977e-03 -1.9887361e-01  1.7986014e-01]
 [ 2.3875397e-01 -4.3114746e-01  3.1342754e-01]
 [ 3.4920603e-01 -4.9044037e-01  3.3286798e-01]
 [-4.2707622e-03  1.5672743e-02  7.9127938e-01]
 [-5.9177484e-03  8.1606805e-03  1.0527833e+00]
 [-3.6311343e-02  5.7106137e-02  1.1739800e+00]
 [ 4.5528919e-02 -8.0609322e-04  1.2308081e+00]
 [-1.2910263e-01 -5.1497996e-02  1.0152509e+00]
 [-2.9415402e-01 -1.3420865e-01  9.1910434e-01]
 [-4.2030427e-01 -1.0555208e-02  8.9051688e-01]
 [ 1.0450999e-01  6.9072843e-02  9.9192470e-01]
 [ 2.8854734e-01  1.4951915e-01  1.0497103e+00]
 [ 4.3704396e-01  2.8373945e-01  1.1336293e+00]]
[[ 0.0000000e+00  0.0000000e+00  5.6071949e-01]
 [ 5.1505171e-02  6.3684784e-02  5.7631105e-01]
 [-1.0458940e-01  3.1231678e-01  3.7925053e-01]
 [-2.2850564e-01  2.5303012e-01  1.4145255e-02]
 [-3.7428519e-01  3.5241878e-01  0.0000000e+00]
 [-5.1564291e-02 -6.3841239e-02  5.4503542e-01]
 [-5.2252326e-02 -1.9288993e-01  1.9596401e-01]
 [ 1.8740225e-01 -4.4890529e-01  3.5742587e-01]
 [ 3.0196241e-01 -5.1515597e-01  3.9790744e-01]
 [-3.2383259e-03  1.0592565e-02  7.8610015e-01]
 [-2.6551140e-03  1.1513233e-03  1.0477988e+00]
 [-2.0939969e-02  4.6977341e-02  1.1696296e+00]
 [ 6.3139752e-02 -1.2210906e-02  1.2162890e+00]
 [-1.1849040e-01 -5.6709617e-02  1.0021588e+00]
 [-2.5011963e-01 -1.5149562e-01  8.4328687e-01]
 [-3.6500850e-01 -5.3766042e-02  7.6716685e-01]
 [ 9.8887235e-02  6.5919518e-02  9.9518865e-01]
 [ 2.6124492e-01  1.2824136e-01  1.1126778e+00]
 [ 3.9004007e-01  2.4451971e-01  1.2348170e+00]]
[[ 0.          0.          0.578437  ]
 [ 0.05517294  0.07500548  0.594344  ]
 [-0.0577127   0.3427282   0.41043308]
 [-0.14872292  0.25727928  0.02223223]
 [-0.30057216  0.36997867  0.        ]
 [-0.05522197 -0.07517605  0.56244   ]
 [-0.13213001 -0.1377477   0.25824136]
 [ 0.15023112 -0.4179155   0.44013378]
 [ 0.26834473 -0.477641    0.46222457]
 [ 0.0089285   0.0138125   0.79876125]
 [ 0.02358001 -0.00145367  1.0597531 ]
 [-0.00398242  0.0486421   1.1772149 ]
 [ 0.0824302  -0.01557493  1.218967  ]
 [-0.08891727 -0.06849769  1.0134397 ]
 [-0.16880184 -0.17677507  0.8275631 ]
 [-0.27209568 -0.20212123  0.7075486 ]
 [ 0.11239432  0.0768463   1.0130384 ]
 [ 0.22294343  0.13146228  1.1963034 ]
 [ 0.29280385  0.14766514  1.333554  ]]
[[ 0.          0.          0.6192024 ]
 [ 0.06502645  0.08196437  0.63319445]
 [-0.00954264  0.280305    0.41110277]
 [ 0.05858222  0.1317294   0.05490643]
 [-0.05600454  0.23907506  0.        ]
 [-0.06508407 -0.08218642  0.60514724]
 [-0.25731134 -0.03126675  0.41473213]
 [ 0.06743504 -0.3245922   0.50922143]
 [ 0.15795538 -0.3470733   0.44824013]
 [ 0.03209447  0.00400484  0.83406496]
 [ 0.06571555 -0.02259538  1.0932715 ]
 [ 0.02200166  0.01135147  1.205861  ]
 [ 0.10866516 -0.04897642  1.2540691 ]
 [-0.01670034 -0.10466141  1.0467008 ]
 [-0.02490664 -0.26281705  0.87279034]
 [-0.03363095 -0.395446    0.71528333]
 [ 0.12457427  0.06975403  1.0547693 ]
 [ 0.13712366  0.13174367  1.2825239 ]
 [ 0.10144122  0.05033308  1.4363827 ]]
[[ 0.          0.          0.5998919 ]
 [ 0.0567208   0.08210813  0.6099237 ]
 [ 0.10956597  0.29043692  0.33677447]
 [ 0.3775345   0.15139127  0.13598943]
 [ 0.34664112  0.21135962  0.        ]
 [-0.05680144 -0.08235721  0.5898143 ]
 [-0.3705786  -0.00278828  0.5086779 ]
 [-0.15629008 -0.23177548  0.3467198 ]
 [-0.17388314 -0.22703487  0.23037258]
 [ 0.04619324 -0.02447633  0.8071664 ]
 [ 0.09910433 -0.06413025  1.058018  ]
 [ 0.02004414 -0.04141843  1.1503036 ]
 [ 0.1236075  -0.08219212  1.2184765 ]
 [ 0.07867759 -0.14805666  1.0140352 ]
 [ 0.19197524 -0.29368758  0.9022448 ]
 [ 0.19004369 -0.49917233  0.835366  ]
 [ 0.11085061  0.05720812  1.0291212 ]
 [ 0.0264433   0.2236644   1.252594  ]
 [-0.08990377  0.13385534  1.4277942 ]]
[[ 0.0000000e+00  0.0000000e+00  4.2002380e-01]
 [ 5.8641016e-02  7.9999007e-02  4.2939499e-01]
 [ 1.2646018e-01  2.5210547e-01  1.3719267e-01]
 [ 4.0878409e-01  6.3004225e-02  1.1040008e-01]
 [ 4.8340246e-01  7.1619093e-02  0.0000000e+00]
 [-5.8694310e-02 -8.0162086e-02  4.1064307e-01]
 [-3.9156640e-01 -3.7316605e-04  4.1821784e-01]
 [-4.0893513e-01 -2.8138354e-02  1.5731716e-01]
 [-5.1240981e-01  4.3101832e-02  1.5386248e-01]
 [ 4.2153005e-02 -4.2368174e-02  6.2867838e-01]
 [ 7.4765965e-02 -8.7379456e-02  8.7835920e-01]
 [-3.0951340e-02 -6.6209078e-02  9.4715911e-01]
 [ 5.3999454e-02 -9.3083024e-02  1.0284693e+00]
 [ 9.9951968e-02 -1.9043148e-01  8.3304536e-01]
 [ 2.0672911e-01 -4.0118986e-01  7.8443134e-01]
 [ 2.1758276e-01 -6.1055321e-01  8.3773935e-01]
 [ 6.2130705e-02  5.0711364e-02  8.5639995e-01]
 [-6.5594599e-02  2.1369278e-01  9.9347210e-01]
 [-2.0631734e-01  1.4973193e-01  1.0904052e+00]]
[[ 0.          0.          0.2920668 ]
 [ 0.05786132  0.06849422  0.30589178]
 [ 0.07968463  0.21890527  0.01218972]
 [ 0.32750008 -0.04563269  0.0422345 ]
 [ 0.4365546  -0.05341002  0.        ]
 [-0.05789603 -0.06859882  0.27824736]
 [-0.37672186  0.03520434  0.30775   ]
 [-0.50404805  0.17030305  0.10790807]
 [-0.6058533   0.2710579   0.17776453]
 [ 0.02155197 -0.04390274  0.50653017]
 [ 0.02329707 -0.07780105  0.75682384]
 [-0.09440348 -0.0512042   0.8092902 ]
 [-0.02371378 -0.07159287  0.9014009 ]
 [ 0.04965916 -0.18105468  0.72418845]
 [ 0.11619657 -0.41967237  0.781084  ]
 [ 0.05442008 -0.6015374   0.87851775]
 [ 0.02036928  0.04645851  0.72780657]
 [-0.12697595  0.1812526   0.7887847 ]
 [-0.3012299   0.12207401  0.8330414 ]]
[[ 0.          0.          0.2589936 ]
 [ 0.049885    0.06930283  0.2775793 ]
 [ 0.03357787  0.27013537  0.02650638]
 [ 0.25665233 -0.00848871  0.01766187]
 [ 0.34607282  0.0040805   0.        ]
 [-0.04990205 -0.06937669  0.24044865]
 [-0.39610767  0.03423653  0.26191112]
 [-0.5692771   0.26469573  0.10871872]
 [-0.6591346   0.35478222  0.22077796]
 [ 0.00455084 -0.03494622  0.47769508]
 [-0.01956133 -0.07074517  0.7240399 ]
 [-0.14169115 -0.04301682  0.7700335 ]
 [-0.08692225 -0.05582279  0.8616606 ]
 [ 0.00522352 -0.17034853  0.6950197 ]
 [ 0.02049863 -0.37329143  0.7923255 ]
 [-0.09148804 -0.49457458  0.9187962 ]
 [-0.01680721  0.04684201  0.69566417]
 [-0.19166577  0.18068165  0.71943283]
 [-0.39047807  0.08743542  0.74350786]]
[[ 0.          0.          0.25928855]
 [ 0.04744376  0.07436777  0.27860987]
 [-0.02509129  0.28760493  0.10987653]
 [ 0.21080579  0.05768268  0.01030083]
 [ 0.28430998  0.09581514  0.        ]
 [-0.04746011 -0.07443128  0.2400246 ]
 [-0.40644705  0.01712759  0.2672201 ]
 [-0.65987605  0.23529385  0.11906031]
 [-0.7636178   0.32282853  0.23439535]
 [-0.00475693 -0.03229003  0.4780271 ]
 [-0.0421351  -0.07881448  0.71845365]
 [-0.17127031 -0.04690248  0.74293756]
 [-0.13668756 -0.05982327  0.8372118 ]
 [-0.02291707 -0.18109289  0.6837633 ]
 [-0.07583763 -0.34605822  0.8117825 ]
 [-0.23084357 -0.4544321   0.9199228 ]
 [-0.03760546  0.04923472  0.70309806]
 [-0.21551871  0.21189749  0.7111816 ]
 [-0.41952103  0.0819433   0.69080186]]
[[ 0.          0.          0.29345074]
 [ 0.04760321  0.09476324  0.31792653]
 [-0.12389851  0.30245844  0.25139952]
 [ 0.06813378  0.15042165  0.05116597]
 [ 0.06955248  0.23919097  0.        ]
 [-0.04756027 -0.09482362  0.2689742 ]
 [-0.4241144   0.04232796  0.3153255 ]
 [-0.7253373   0.27215964  0.20801745]
 [-0.8422533   0.31975728  0.3386376 ]
 [-0.04872173 -0.03907795  0.5000881 ]
 [-0.11726224 -0.08123803  0.72848034]
 [-0.25494972 -0.04979241  0.7380955 ]
 [-0.25315565 -0.05008364  0.83266866]
 [-0.11517689 -0.18453407  0.68195724]
 [-0.24588366 -0.29057726  0.77818716]
 [-0.40171182 -0.2881437   0.9002385 ]
 [-0.10112613  0.05017999  0.7251922 ]
 [-0.25833493  0.2350223   0.70213866]
 [-0.4617533   0.12137514  0.65056443]]
[[ 0.          0.          0.26290968]
 [ 0.05038939  0.09002219  0.29599503]
 [-0.16272807  0.26262027  0.27821386]
 [-0.11190513  0.20353302  0.        ]
 [-0.17889947  0.2869873   0.01987173]
 [-0.05032501 -0.0900436   0.22982511]
 [-0.41289264  0.1116755   0.2664233 ]
 [-0.70036435  0.38842303  0.20707342]
 [-0.8212848   0.41629153  0.35552496]
 [-0.09087646 -0.03617893  0.45951873]
 [-0.19522479 -0.06311464  0.67106056]
 [-0.32845086 -0.02324766  0.6661353 ]
 [-0.338345   -0.02231631  0.7590381 ]
 [-0.21338543 -0.15783854  0.6263703 ]
 [-0.37156853 -0.27323687  0.6700696 ]
 [-0.5694602  -0.28583056  0.73270595]
 [-0.1539362   0.05402353  0.6798154 ]
 [-0.25677085  0.23490721  0.60111207]
 [-0.41277525  0.09940018  0.508273  ]]
[[ 0.          0.          0.20042372]
 [ 0.0476017   0.09610263  0.2361355 ]
 [-0.21314582  0.309138    0.2177008 ]
 [-0.30361122  0.3304509   0.        ]
 [-0.40479082  0.4044635   0.03962529]
 [-0.04753813 -0.09612736  0.16469997]
 [-0.38693005  0.11116949  0.2002168 ]
 [-0.6784394   0.35776186  0.08213848]
 [-0.8270239   0.37927568  0.2252484 ]
 [-0.12747431 -0.03495912  0.3714154 ]
 [-0.26918858 -0.06163642  0.5574839 ]
 [-0.40242946 -0.01899174  0.54192674]
 [-0.4129783  -0.01019877  0.6314391 ]
 [-0.27921933 -0.15193865  0.4989062 ]
 [-0.43929607 -0.23932815  0.42819148]
 [-0.6031976  -0.19348156  0.42561203]
 [-0.20717712  0.04670075  0.5678384 ]
 [-0.19389829  0.20897043  0.47154334]
 [-0.2508089   0.14624608  0.3437149 ]]
[[ 0.          0.          0.16917351]
 [ 0.05098093  0.09697966  0.20743598]
 [-0.20755184  0.3592105   0.21630497]
 [-0.3866434   0.41874897  0.00274688]
 [-0.52646285  0.4804684   0.07070801]
 [-0.05095042 -0.0970377   0.13088411]
 [-0.36075786  0.15946917  0.16336651]
 [-0.5652171   0.34746504  0.        ]
 [-0.73505545  0.38877183  0.07161372]
 [-0.14382762 -0.02040213  0.31196865]
 [-0.30546942 -0.04778382  0.47725078]
 [-0.42428213 -0.00810975  0.45671496]
 [-0.44009566 -0.00288799  0.55162644]
 [-0.31646866 -0.13255054  0.39659688]
 [-0.4184082  -0.25312525  0.22399679]
 [-0.57785    -0.21390355  0.16847089]
 [-0.22318399  0.04533684  0.49945402]
 [-0.08397414  0.15278985  0.41303447]
 [ 0.01223099  0.15647772  0.27725643]]
[[ 0.          0.          0.12717679]
 [ 0.05432301  0.09730679  0.16361198]
 [-0.23180342  0.35777438  0.22580425]
 [-0.37661952  0.39095384  0.00357546]
 [-0.52079713  0.45661047  0.05492674]
 [-0.05428377 -0.09739306  0.09069917]
 [-0.3407113   0.15775912  0.1653151 ]
 [-0.49823338  0.342894    0.        ]
 [-0.66256285  0.3740201   0.06300154]
 [-0.12910584 -0.0275607   0.2624378 ]
 [-0.2854846  -0.06814289  0.42428985]
 [-0.41605258 -0.02566651  0.40950614]
 [-0.42171356 -0.0285075   0.50036216]
 [-0.30005074 -0.15556589  0.33950925]
 [-0.3937203  -0.2936919   0.1593498 ]
 [-0.5273883  -0.24472801  0.09712523]
 [-0.19273931  0.02250668  0.45228186]
 [-0.03227396  0.13425702  0.40930688]
 [ 0.08722213  0.09573171  0.3107443 ]]
[[ 0.          0.          0.08516544]
 [ 0.05930297  0.08993177  0.1254897 ]
 [-0.25519302  0.32318106  0.22035396]
 [-0.38681406  0.3377569   0.04572473]
 [-0.518883    0.39567438  0.10798933]
 [-0.05928893 -0.09005196  0.04478452]
 [-0.3756979   0.15424465  0.15784043]
 [-0.44996727  0.34884325  0.        ]
 [-0.6060549   0.39601812  0.03314431]
 [-0.12147495 -0.03942415  0.2132    ]
 [-0.27402693 -0.09168431  0.37515438]
 [-0.409593   -0.054461    0.3766475 ]
 [-0.40642053 -0.07034338  0.45678347]
 [-0.29912913 -0.1668357   0.2910977 ]
 [-0.37626627 -0.28757858  0.08325678]
 [-0.48500758 -0.23008731  0.03325474]
 [-0.1720871  -0.00510675  0.40174097]
 [-0.00082581  0.13993222  0.38968414]
 [ 0.1379826   0.22527573  0.34967992]]
[[ 0.          0.          0.04593858]
 [ 0.06802039  0.08250014  0.09183173]
 [-0.27572715  0.30898517  0.25761536]
 [-0.3975073   0.34844598  0.10524511]
 [-0.52506614  0.39832026  0.18231794]
 [-0.06798635 -0.08263347  0.        ]
 [-0.3819835   0.11660619  0.16973531]
 [-0.47068048  0.2769072   0.02484177]
 [-0.62108445  0.32223856  0.08070943]
 [-0.10411382 -0.05376001  0.15397274]
 [-0.23617359 -0.11542441  0.30139324]
 [-0.36596087 -0.06226552  0.3205404 ]
 [-0.35993856 -0.08990771  0.38584492]
 [-0.2783715  -0.17280237  0.21946338]
 [-0.3697838  -0.2211765   0.00843802]
 [-0.4505561  -0.11349514  0.01588255]
 [-0.12495069 -0.04023436  0.32378918]
 [ 0.02123249  0.12280715  0.3630476 ]
 [ 0.08279742  0.14415213  0.3508399 ]]
[[ 0.          0.          0.07738978]
 [ 0.06734575  0.06507826  0.12967911]
 [-0.2792573   0.24496478  0.29149592]
 [-0.39725965  0.23581016  0.24948993]
 [-0.49824178  0.26675302  0.33627063]
 [-0.06732443 -0.06517611  0.02507107]
 [-0.35658276  0.09936309  0.1529896 ]
 [-0.44893986  0.28747964  0.10078295]
 [-0.6095465   0.33065274  0.13830009]
 [-0.07604386 -0.07263053  0.18348442]
 [-0.18231522 -0.1375667   0.32382545]
 [-0.32975072 -0.07269457  0.34512082]
 [-0.32517582 -0.11143234  0.40579176]
 [-0.24462323 -0.16676287  0.24062803]
 [-0.30556428 -0.20012966  0.02035037]
 [-0.39157555 -0.0854915   0.        ]
 [-0.06335237 -0.09115787  0.3669913 ]
 [-0.0113843   0.01453581  0.42917243]
 [ 0.0075332   0.14090157  0.47545227]]
[[ 0.          0.          0.15851726]
 [ 0.0630744   0.0638336   0.21550146]
 [-0.30560154  0.2232409   0.34781057]
 [-0.4187467   0.247628    0.22572702]
 [-0.538161    0.3000104   0.2889427 ]
 [-0.06303051 -0.06390266  0.10151633]
 [-0.32525936  0.05664445  0.15707038]
 [-0.45307767  0.198336    0.19994627]
 [-0.6371279   0.212758    0.26349097]
 [-0.07737192 -0.02328629  0.262635  ]
 [-0.1785005  -0.03613906  0.39772683]
 [-0.3377064   0.03640258  0.40291673]
 [-0.32259655 -0.00170624  0.47325754]
 [-0.23152748 -0.05214895  0.3055308 ]
 [-0.24252316 -0.03198387  0.06279393]
 [-0.30776107  0.05944008  0.        ]
 [-0.07244777 -0.02082333  0.44338304]
 [-0.03995041 -0.01510295  0.5137041 ]
 [-0.05446936 -0.01730594  0.5295303 ]]
[[ 0.          0.          0.2399078 ]
 [ 0.05695775  0.03344966  0.29903257]
 [-0.26581162  0.10818549  0.40690342]
 [-0.397037    0.05921274  0.41479203]
 [-0.45968294  0.09329858  0.49343118]
 [-0.05691542 -0.03349663  0.18078083]
 [-0.26201558 -0.05675741  0.10752678]
 [-0.46051037  0.08077767  0.32672384]
 [-0.63596463  0.07226267  0.40376467]
 [-0.04024633 -0.0364429   0.3485555 ]
 [-0.10532413 -0.05539703  0.49221447]
 [-0.2662279   0.01924095  0.49875888]
 [-0.24674384 -0.03315192  0.5473527 ]
 [-0.18399417 -0.04024196  0.40495324]
 [-0.18583825 -0.00222066  0.16704252]
 [-0.23325315  0.0619497   0.        ]
 [ 0.00185598 -0.04900599  0.5262346 ]
 [-0.08224724  0.00830352  0.63569224]
 [-0.2583695  -0.0260255   0.6690353 ]]
