[[ 0.          0.          0.8497249 ]
 [ 0.01763222 -0.11568554  0.86055106]
 [ 0.06123668  0.00327539  0.44932866]
 [-0.13027862  0.03001332  0.08328414]
 [-0.0164495   0.11560714  0.        ]
 [-0.0177951   0.1154552   0.83882   ]
 [ 0.2884423   0.09526809  0.55208266]
 [-0.02088287  0.00179493  0.30755335]
 [ 0.05240306  0.01796126  0.1456461 ]
 [ 0.10922635  0.0585902   1.0403659 ]
 [ 0.18915115  0.10487646  1.2865528 ]
 [ 0.28811082  0.10108626  1.3558002 ]
 [ 0.25433332  0.07182127  1.461654  ]
 [ 0.09476803  0.20953152  1.2353929 ]
 [-0.08272386  0.2843134   1.1092162 ]
 [-0.1883558   0.37695822  0.97227156]
 [ 0.2367     -0.01712719  1.2453625 ]
 [ 0.24871182 -0.04203843  0.97085595]
 [ 0.34028035  0.04550875  0.78395855]]
[[ 0.          0.          0.76936597]
 [ 0.0191585  -0.1170615   0.7723419 ]
 [ 0.0101663   0.01979581  0.35069442]
 [-0.2456498   0.0394398   0.09577316]
 [-0.1710389   0.14873499  0.        ]
 [-0.01929941  0.11682764  0.7662917 ]
 [ 0.30772442  0.10539377  0.52428126]
 [ 0.13595606  0.04169893  0.13776714]
 [ 0.26824212  0.04141366  0.03548926]
 [ 0.10334675  0.05652395  0.9656719 ]
 [ 0.18877107  0.11110336  1.2106879 ]
 [ 0.2903089   0.10572276  1.2672745 ]
 [ 0.26434007  0.0894962   1.3812509 ]
 [ 0.08843062  0.21128276  1.1665268 ]
 [-0.13365003  0.2782871   1.1122624 ]
 [-0.25733235  0.36432755  0.96203256]
 [ 0.24734887 -0.01616144  1.1791706 ]
 [ 0.2841832  -0.0342052   0.90372086]
 [ 0.41976136  0.13109638  0.84329545]]
[[ 0.          0.          0.7390217 ]
 [ 0.02043328 -0.11402415  0.7364825 ]
 [-0.03401385 -0.01793227  0.3110807 ]
 [-0.37547785 -0.02943999  0.17319334]
 [-0.36594564  0.07767856  0.07584304]
 [-0.02054986  0.11382511  0.74146104]
 [ 0.28581557  0.11154234  0.48733756]
 [ 0.27265823  0.10378712  0.04155773]
 [ 0.42838728  0.09618646  0.        ]
 [ 0.08987071  0.04487358  0.9470129 ]
 [ 0.16711076  0.10097504  1.1953495 ]
 [ 0.2657461   0.10027626  1.249469  ]
 [ 0.24701378  0.08784562  1.3654344 ]
 [ 0.06471084  0.19976866  1.1538469 ]
 [-0.16887814  0.26540583  1.1302054 ]
 [-0.27372998  0.332034    0.9518155 ]
 [ 0.23765221 -0.03054529  1.1665362 ]
 [ 0.27546853 -0.06344684  0.8943256 ]
 [ 0.41962454  0.12951623  0.9505278 ]]
[[ 0.          0.          0.7465682 ]
 [ 0.02074145 -0.11132857  0.7360609 ]
 [-0.00179167 -0.04795802  0.31048003]
 [-0.42497063 -0.08614546  0.26854044]
 [-0.45482564  0.01029485  0.16830295]
 [-0.02085178  0.11114191  0.7569755 ]
 [ 0.2640623   0.14389811  0.47234172]
 [ 0.29964817  0.15058953  0.02390391]
 [ 0.4503448   0.1409002   0.        ]
 [ 0.07823369  0.03109898  0.95760757]
 [ 0.15032573  0.07929242  1.2084687 ]
 [ 0.24359244  0.07580811  1.2731313 ]
 [ 0.22249916  0.06586194  1.3835633 ]
 [ 0.05204979  0.18079293  1.1615064 ]
 [-0.15708214  0.2819005   1.118001  ]
 [-0.2098867   0.34661353  0.932547  ]
 [ 0.22002457 -0.05473089  1.1794966 ]
 [ 0.23001736 -0.1195327   0.91440314]
 [ 0.36745197  0.06731552  0.9428703 ]]
[[ 0.          0.          0.77587104]
 [ 0.02446508 -0.11169907  0.7638727 ]
 [ 0.04895654 -0.08582509  0.34123975]
 [-0.4058744  -0.13398415  0.3500362 ]
 [-0.4623549  -0.05365127  0.27123177]
 [-0.02456444  0.11150682  0.78776854]
 [ 0.23097238  0.17691883  0.48347837]
 [ 0.2537381   0.20172834  0.03387552]
 [ 0.40531653  0.20155293  0.        ]
 [ 0.07524031  0.03774965  0.98599386]
 [ 0.15173793  0.08682534  1.2368927 ]
 [ 0.2448926   0.08461553  1.3104141 ]
 [ 0.21691427  0.07203007  1.4159256 ]
 [ 0.05899668  0.19586247  1.1829865 ]
 [-0.109401    0.33005202  1.1044102 ]
 [-0.10201773  0.37849334  0.9215212 ]
 [ 0.21887855 -0.0538159   1.2072512 ]
 [ 0.18531686 -0.12683846  0.9561071 ]
 [ 0.31266856  0.03072739  0.9015788 ]]
[[ 0.          0.          0.82089984]
 [ 0.0262429  -0.11277501  0.8064641 ]
 [ 0.15104935 -0.08954203  0.41455716]
 [-0.31379312 -0.10556868  0.4446201 ]
 [-0.3700542  -0.02561042  0.35119158]
 [-0.02635972  0.11255679  0.83523047]
 [ 0.18852401  0.19266361  0.5079449 ]
 [ 0.14994186  0.20068663  0.06481594]
 [ 0.2945634   0.21748209  0.        ]
 [ 0.07186978  0.03344564  1.0327675 ]
 [ 0.14336586  0.07929832  1.284637  ]
 [ 0.23570049  0.07698047  1.362509  ]
 [ 0.19918197  0.06693101  1.4657596 ]
 [ 0.05946342  0.19281065  1.2219577 ]
 [-0.05104853  0.3444131   1.0905821 ]
 [ 0.02978557  0.39658123  0.955938  ]
 [ 0.20798396 -0.06155422  1.2560867 ]
 [ 0.14518607 -0.12803401  1.0202539 ]
 [ 0.22299154 -0.01766378  0.899479  ]]
[[ 0.0000000e+00  0.0000000e+00  8.3581400e-01]
 [ 2.4826206e-02 -1.1299483e-01  8.2368892e-01]
 [ 2.8996682e-01 -2.3689926e-02  5.2607071e-01]
 [-1.5123066e-01 -4.0390611e-02  4.9809518e-01]
 [-1.8236434e-01  4.0883511e-02  3.6770272e-01]
 [-2.4964571e-02  1.1270647e-01  8.4783149e-01]
 [ 1.0646613e-01  2.1389762e-01  5.1031435e-01]
 [-1.1444315e-03  2.0387131e-01  8.3428502e-02]
 [ 1.4089985e-01  2.3340809e-01  0.0000000e+00]
 [ 6.8650991e-02  3.4021571e-02  1.0487993e+00]
 [ 1.3346826e-01  7.7976882e-02  1.3002403e+00]
 [ 2.2915334e-01  7.6337159e-02  1.3774095e+00]
 [ 1.9450349e-01  6.0616195e-02  1.4864943e+00]
 [ 6.2556103e-02  1.9828099e-01  1.2347784e+00]
 [ 3.6816433e-02  3.3442298e-01  1.0428393e+00]
 [ 2.0716965e-01  4.1796094e-01  9.9819261e-01]
 [ 1.9304845e-01 -6.6391915e-02  1.2737175e+00]
 [ 9.2396110e-02 -1.4514877e-01  1.0615911e+00]
 [ 1.4047065e-01 -4.6263359e-02  9.5229083e-01]]
[[ 0.          0.          0.7964455 ]
 [ 0.02162169 -0.11438177  0.7816943 ]
 [ 0.3618096   0.0027276   0.5844295 ]
 [ 0.03068349 -0.03218997  0.3331221 ]
 [ 0.08103746  0.0182175   0.18539757]
 [-0.02175636  0.11411729  0.8111295 ]
 [ 0.01237388  0.23375972  0.44526768]
 [-0.17825231  0.2359378   0.0975154 ]
 [-0.076579    0.29054403  0.        ]
 [ 0.05051146  0.01643078  1.0198044 ]
 [ 0.10491557  0.04011172  1.2768861 ]
 [ 0.20559517  0.03645581  1.3421159 ]
 [ 0.16727597  0.0186457   1.4530051 ]
 [ 0.05965752  0.17096293  1.2154491 ]
 [ 0.13475958  0.26296854  0.9930607 ]
 [ 0.2951605   0.2744125   1.0714164 ]
 [ 0.1387235  -0.10248101  1.2569942 ]
 [-0.0418818  -0.18459502  1.1116115 ]
 [-0.04793762 -0.1551426   1.0180899 ]]
[[ 0.          0.          0.72778153]
 [ 0.01783372 -0.11595379  0.71949273]
 [ 0.33732408 -0.03452171  0.53381556]
 [ 0.23153359 -0.06773847  0.13753235]
 [ 0.35211962 -0.02831161  0.059659  ]
 [-0.01793719  0.11573058  0.7360451 ]
 [-0.08413973  0.16887292  0.32913494]
 [-0.37310427  0.15119141  0.11412835]
 [-0.33211827  0.20093614  0.        ]
 [ 0.03872558  0.00686063  0.95794874]
 [ 0.08573337  0.01570553  1.2162545 ]
 [ 0.18754649  0.00606239  1.2765263 ]
 [ 0.14508772 -0.00849396  1.3912857 ]
 [ 0.05459739  0.15282711  1.1577808 ]
 [ 0.17554447  0.22934467  0.93200225]
 [ 0.2898035   0.19753173  1.0685036 ]
 [ 0.09926191 -0.1240651   1.2057056 ]
 [-0.12853819 -0.19830129  1.1565995 ]
 [-0.19158362 -0.20566094  1.0534525 ]]
[[ 0.          0.          0.65888715]
 [ 0.0207782  -0.11429669  0.6557688 ]
 [ 0.32482517 -0.00698423  0.4376312 ]
 [ 0.34957314  0.00651467  0.02621657]
 [ 0.5023063   0.05368119  0.        ]
 [-0.02086583  0.11408833  0.66199166]
 [-0.08679231  0.11478752  0.22473478]
 [-0.47660783  0.00507313  0.14851421]
 [-0.50153744  0.03929013  0.06271726]
 [ 0.03464093  0.00169948  0.8882048 ]
 [ 0.08712535  0.00532672  1.1462675 ]
 [ 0.18750617 -0.00736457  1.2080963 ]
 [ 0.14130317 -0.02117288  1.3176861 ]
 [ 0.05299702  0.13924631  1.0865223 ]
 [ 0.15688089  0.2193864   0.8518234 ]
 [ 0.28146446  0.19311637  0.9674213 ]
 [ 0.09274071 -0.1278913   1.1287265 ]
 [-0.12538435 -0.20206337  1.0251498 ]
 [-0.17555699 -0.22074123  0.90900755]]
[[ 0.          0.          0.65793186]
 [ 0.02728676 -0.10939527  0.6572617 ]
 [ 0.3017014   0.05348361  0.42256862]
 [ 0.35331374  0.0996325   0.00682491]
 [ 0.50243896  0.15530401  0.        ]
 [-0.02737954  0.10916506  0.65858126]
 [-0.02437619  0.09046489  0.22141793]
 [-0.44294238 -0.08612946  0.22672892]
 [-0.5014794  -0.07649678  0.16512144]
 [ 0.04340782  0.00243343  0.8849619 ]
 [ 0.10084516 -0.0020521   1.1427271 ]
 [ 0.19329283 -0.00604898  1.213887  ]
 [ 0.14151222 -0.02647972  1.318258  ]
 [ 0.04217297  0.12961021  1.0836207 ]
 [ 0.09120709  0.23459461  0.838621  ]
 [ 0.27271146  0.27806866  0.8607189 ]
 [ 0.12002382 -0.12600055  1.1121092 ]
 [-0.09564251 -0.15814649  0.95176566]
 [-0.08532245 -0.19576654  0.8023936 ]]
[[ 0.00000000e+00  0.00000000e+00  7.23852754e-01]
 [ 2.17602327e-02 -1.10003695e-01  7.26177454e-01]
 [ 2.59481370e-01  6.49939775e-02  4.57540870e-01]
 [ 2.45291322e-01  1.08424187e-01  3.69310379e-02]
 [ 3.88428688e-01  1.72868490e-01  0.00000000e+00]
 [-2.18876079e-02  1.09771244e-01  7.21483707e-01]
 [ 9.00492817e-02  9.30534601e-02  3.14830929e-01]
 [-3.52961838e-01 -6.00815713e-02  3.52930963e-01]
 [-4.11675870e-01 -6.15329444e-02  2.73634553e-01]
 [ 5.47976829e-02  1.69053972e-02  9.45419908e-01]
 [ 1.11095712e-01  1.32285655e-02  1.20508933e+00]
 [ 2.04531550e-01  1.37686729e-03  1.28318477e+00]
 [ 1.46842301e-01 -8.99368525e-03  1.38589299e+00]
 [ 4.91511561e-02  1.42608285e-01  1.14235663e+00]
 [ 4.03845832e-02  2.54759312e-01  9.09290910e-01]
 [ 1.82814628e-01  3.59379411e-01  8.31772327e-01]
 [ 1.27793968e-01 -1.12591714e-01  1.16559601e+00]
 [-3.51397693e-03 -1.78188488e-01  9.62127686e-01]
 [ 3.70223820e-02 -1.86269462e-01  7.69318819e-01]]
[[ 0.          0.          0.7677041 ]
 [ 0.01736236 -0.10972666  0.76682955]
 [ 0.176599    0.02069581  0.4542963 ]
 [ 0.12564659  0.08170021  0.06668681]
 [ 0.24937908  0.1556437   0.        ]
 [-0.01751101  0.10948169  0.76849794]
 [ 0.18884495  0.09334508  0.42986017]
 [-0.25811803 -0.01674002  0.4161669 ]
 [-0.27017748 -0.00351337  0.28888163]
 [ 0.05675763  0.01187339  0.98893344]
 [ 0.1103471   0.0091565   1.2497777 ]
 [ 0.2018365  -0.00905448  1.3306572 ]
 [ 0.14515282 -0.01707959  1.4299598 ]
 [ 0.04181758  0.14034754  1.1853101 ]
 [-0.01369461  0.25038773  0.98543465]
 [ 0.06721115  0.38348734  0.86886597]
 [ 0.14114851 -0.11574745  1.2110373 ]
 [ 0.04861584 -0.14844547  0.98608905]
 [ 0.09601268 -0.12168458  0.82163125]]
[[ 0.00000000e+00  0.00000000e+00  7.54099488e-01]
 [-3.45348567e-03 -1.16515718e-01  7.43630826e-01]
 [ 1.80367008e-02 -1.42916143e-02  3.87890846e-01]
 [-1.63132638e-01  4.60739732e-02  1.06299341e-01]
 [-7.59974122e-02  1.31531894e-01  0.00000000e+00]
 [ 3.28593329e-03  1.16254598e-01  7.64446259e-01]
 [ 2.88151562e-01  7.14606941e-02  5.40613890e-01]
 [-7.72543717e-03 -1.18386745e-03  2.38612831e-01]
 [ 9.60314870e-02  3.84211540e-04  1.03876591e-01]
 [ 6.24442175e-02  1.34857148e-02  9.75076675e-01]
 [ 1.16706908e-01  2.02794373e-02  1.23813188e+00]
 [ 1.98972642e-01  7.44885206e-03  1.32246435e+00]
 [ 1.47323221e-01  9.03338194e-03  1.42535341e+00]
 [ 4.00520302e-02  1.47402287e-01  1.18266284e+00]
 [-1.41292840e-01  2.48243988e-01  1.05865932e+00]
 [-1.65934175e-01  3.15618813e-01  8.68149221e-01]
 [ 1.55498922e-01 -1.15216166e-01  1.20100212e+00]
 [ 1.51756525e-01 -1.63083315e-01  9.47002292e-01]
 [ 2.96683192e-01 -1.16278529e-02  9.07307625e-01]]
[[ 0.          0.          0.7006454 ]
 [ 0.00219297 -0.11583089  0.6854206 ]
 [-0.01205281 -0.016601    0.31335714]
 [-0.28707248  0.02372339  0.17739731]
 [-0.2677646   0.12770796  0.05360448]
 [-0.00234677  0.11558164  0.7157332 ]
 [ 0.28593713  0.09296857  0.4930932 ]
 [ 0.15976751  0.0334546   0.07531375]
 [ 0.3029181   0.0107469   0.        ]
 [ 0.05265807  0.00632368  0.92532855]
 [ 0.10089189  0.01940519  1.1889404 ]
 [ 0.18555558  0.01581186  1.2687416 ]
 [ 0.13797313  0.01808727  1.3741279 ]
 [ 0.01869748  0.14083135  1.1415731 ]
 [-0.1842159   0.23782569  1.0647106 ]
 [-0.21002096  0.2823694   0.8571759 ]
 [ 0.15805817 -0.11929092  1.1545131 ]
 [ 0.1825303  -0.1623282   0.88973475]
 [ 0.31837043  0.02385364  0.95869255]]
[[ 0.00000000e+00  0.00000000e+00  7.11382747e-01]
 [ 6.68513030e-03 -1.10863812e-01  6.97231889e-01]
 [ 9.92272049e-04 -6.58786893e-02  2.98188388e-01]
 [-3.72020334e-01 -6.69043064e-02  2.79102802e-01]
 [-4.14691329e-01  3.04943323e-02  1.74931765e-01]
 [-6.81780279e-03  1.10637106e-01  7.25399554e-01]
 [ 2.72516906e-01  1.31659716e-01  4.78680015e-01]
 [ 2.62197644e-01  1.27834380e-01  3.56382728e-02]
 [ 4.12508130e-01  1.08115673e-01  0.00000000e+00]
 [ 5.11318557e-02  6.35197759e-03  9.34628487e-01]
 [ 9.85974818e-02  2.23027468e-02  1.19656813e+00]
 [ 1.81446046e-01  1.70651674e-02  1.27824938e+00]
 [ 1.34159595e-01  2.42018104e-02  1.37991047e+00]
 [ 2.14833096e-02  1.42113268e-01  1.14553416e+00]
 [-1.68679386e-01  2.62347400e-01  1.06197000e+00]
 [-1.57455087e-01  2.96673179e-01  8.50075483e-01]
 [ 1.57152086e-01 -1.17344439e-01  1.16344237e+00]
 [ 1.77030891e-01 -1.89389616e-01  9.02716279e-01]
 [ 2.83266664e-01 -2.56840885e-03  9.66511369e-01]]
[[ 0.          0.          0.73605835]
 [ 0.00952864 -0.11282159  0.72126704]
 [ 0.04463151 -0.09247404  0.31822413]
 [-0.36783034 -0.10926178  0.358426  ]
 [-0.43824887 -0.02527305  0.27312902]
 [-0.00965142  0.11259558  0.7507161 ]
 [ 0.24699104  0.16890518  0.4783228 ]
 [ 0.234781    0.17195642  0.0358125 ]
 [ 0.3883202   0.16179943  0.        ]
 [ 0.04861161  0.00800659  0.9584931 ]
 [ 0.09551771  0.02582812  1.2204704 ]
 [ 0.17975676  0.01607144  1.3076727 ]
 [ 0.12957841  0.02017134  1.4043713 ]
 [ 0.02400205  0.14951766  1.1635091 ]
 [-0.13180572  0.29333162  1.0543196 ]
 [-0.05578522  0.34870178  0.86102104]
 [ 0.15354583 -0.11708686  1.1877853 ]
 [ 0.14732248 -0.18091159  0.93823266]
 [ 0.2623043   0.00184025  0.93635345]]
[[ 0.          0.          0.780498  ]
 [ 0.01358897 -0.11426367  0.7632439 ]
 [ 0.13356459 -0.09009844  0.3937008 ]
 [-0.2914553  -0.08657053  0.45651725]
 [-0.36433145 -0.0077242   0.37032703]
 [-0.01371019  0.11403316  0.7976246 ]
 [ 0.1909289   0.18596761  0.50351834]
 [ 0.12602738  0.16694295  0.06154698]
 [ 0.27677512  0.17809367  0.        ]
 [ 0.04646375  0.01069382  1.0019486 ]
 [ 0.09266568  0.03471988  1.2627165 ]
 [ 0.17682698  0.02443939  1.3507631 ]
 [ 0.12450437  0.02594972  1.4467455 ]
 [ 0.02628194  0.1608293   1.1953789 ]
 [-0.08784798  0.30894282  1.0494909 ]
 [ 0.06548838  0.38752258  0.90668905]
 [ 0.14524221 -0.11259913  1.2343822 ]
 [ 0.08285308 -0.20562848  0.9966051 ]
 [ 0.16864231 -0.11564134  0.87444425]]
[[ 0.          0.          0.80507237]
 [ 0.01894132 -0.11815177  0.79067916]
 [ 0.2837906  -0.04342285  0.50970423]
 [-0.14567117 -0.0434292   0.5034549 ]
 [-0.18475804  0.03030497  0.37385014]
 [-0.01908323  0.11786158  0.8193446 ]
 [ 0.10300498  0.20550002  0.4993379 ]
 [-0.04301727  0.1646285   0.08116436]
 [ 0.09920797  0.19954312  0.        ]
 [ 0.04512065  0.01834729  1.0259672 ]
 [ 0.08681496  0.04319277  1.2881076 ]
 [ 0.17343612  0.03552276  1.371165  ]
 [ 0.12055035  0.02937859  1.4717008 ]
 [ 0.02898562  0.17252901  1.216188  ]
 [ 0.00314067  0.3009163   1.0179219 ]
 [ 0.19776332  0.3795305   0.96899754]
 [ 0.13404033 -0.1033915   1.2625127 ]
 [ 0.03067137 -0.20607331  1.0426183 ]
 [ 0.07397792 -0.14153178  0.9135924 ]]
[[ 0.          0.          0.7615226 ]
 [ 0.01739725 -0.11763894  0.74755347]
 [ 0.3774864  -0.02346055  0.5616596 ]
 [ 0.05473672 -0.04022133  0.3213489 ]
 [ 0.12158176 -0.00188464  0.17567277]
 [-0.01752939  0.11737661  0.7754173 ]
 [-0.01361865  0.22409263  0.41412702]
 [-0.2587936   0.21619359  0.1024726 ]
 [-0.16831133  0.270577    0.        ]
 [ 0.03654714  0.01873483  0.98542565]
 [ 0.07363859  0.03790665  1.2479398 ]
 [ 0.16350067  0.03084135  1.322618  ]
 [ 0.10795075  0.02079165  1.4290059 ]
 [ 0.04519391  0.17071912  1.1750331 ]
 [ 0.13282251  0.24755977  0.9451016 ]
 [ 0.3043003   0.27019787  1.0444833 ]
 [ 0.09561333 -0.10699773  1.2333578 ]
 [-0.07956    -0.19050819  1.0769141 ]
 [-0.05777479 -0.13254598  0.9451667 ]]
[[ 0.          0.          0.67133516]
 [ 0.01417675 -0.11729123  0.66023624]
 [ 0.3383903  -0.04513274  0.49974382]
 [ 0.25609016 -0.03129542  0.10876554]
 [ 0.3947037   0.00336289  0.03714979]
 [-0.01427442  0.11707881  0.6824035 ]
 [-0.09102841  0.18499812  0.29564795]
 [-0.42218947  0.18944436  0.10881138]
 [-0.3996519   0.23557892  0.        ]
 [ 0.01478662  0.0054832   0.8993345 ]
 [ 0.03684361  0.00769445  1.1622779 ]
 [ 0.12623568 -0.00626975  1.230679  ]
 [ 0.0693639  -0.01545608  1.3374399 ]
 [ 0.03166192  0.14575738  1.0907227 ]
 [ 0.16175862  0.21370882  0.8657994 ]
 [ 0.2744165   0.17032465  1.0225935 ]
 [ 0.03381833 -0.13489464  1.1544889 ]
 [-0.20494656 -0.22257829  1.079295  ]
 [-0.19436702 -0.20993343  0.90589815]]
[[ 0.          0.          0.6341071 ]
 [ 0.0137169  -0.1154432   0.62666094]
 [ 0.30860227 -0.02071282  0.43534794]
 [ 0.35674644  0.0453701   0.029818  ]
 [ 0.51178885  0.08542532  0.        ]
 [-0.01381752  0.11523125  0.64153326]
 [-0.08141275  0.1408416   0.2272116 ]
 [-0.48731896  0.08296901  0.13785234]
 [-0.51771426  0.11049008  0.03991771]
 [ 0.01590908  0.00972104  0.8611868 ]
 [ 0.04041155  0.00745395  1.1237681 ]
 [ 0.1292972  -0.01504129  1.1963658 ]
 [ 0.06937233 -0.02096462  1.3022416 ]
 [ 0.03513797  0.14461976  1.0534621 ]
 [ 0.15346727  0.21637581  0.8181808 ]
 [ 0.26702026  0.15858379  0.9378061 ]
 [ 0.02666692 -0.13398555  1.1074774 ]
 [-0.18104929 -0.2507889   0.99270767]
 [-0.15310566 -0.30076894  0.8210026 ]]
[[ 0.0000000e+00  0.0000000e+00  6.6725534e-01]
 [ 1.4313430e-02 -1.1734187e-01  6.6424829e-01]
 [ 2.7970359e-01  3.0062422e-02  4.2755935e-01]
 [ 3.2030979e-01  1.0239464e-01  1.5668869e-02]
 [ 4.7236162e-01  1.5677893e-01  0.0000000e+00]
 [-1.4445543e-02  1.1712832e-01  6.7023057e-01]
 [ 1.6623724e-02  1.3053349e-01  2.5039256e-01]
 [-4.1317251e-01  2.2378892e-02  2.7270249e-01]
 [-4.8349679e-01  4.3765157e-02  1.7551988e-01]
 [ 3.4223534e-02  8.0272853e-03  8.9183998e-01]
 [ 6.9971628e-02 -9.7644329e-04  1.1533438e+00]
 [ 1.4832783e-01 -1.1176467e-02  1.2325611e+00]
 [ 8.6400002e-02 -1.4925957e-02  1.3378004e+00]
 [ 4.3756701e-02  1.3514781e-01  1.0809379e+00]
 [ 8.3506405e-02  2.2380292e-01  8.2607651e-01]
 [ 2.5891283e-01  2.3146214e-01  8.3750403e-01]
 [ 6.6804826e-02 -1.3850620e-01  1.1236634e+00]
 [-5.1297333e-02 -2.1861243e-01  8.8928223e-01]
 [ 7.6046348e-02 -2.1984759e-01  7.8424305e-01]]
[[ 0.00000000e+00  0.00000000e+00  7.12257624e-01]
 [ 1.48682743e-02 -1.20996296e-01  7.12332428e-01]
 [ 2.30189919e-01  2.09320486e-02  4.47647929e-01]
 [ 1.76824585e-01  1.00130200e-01  3.83607149e-02]
 [ 3.22897136e-01  1.59558773e-01  0.00000000e+00]
 [-1.50051638e-02  1.20758176e-01  7.12125003e-01]
 [ 1.41712934e-01  1.55516312e-01  3.38855088e-01]
 [-3.08884799e-01  6.16116226e-02  3.93642426e-01]
 [-3.65941882e-01  7.55967200e-02  2.78530836e-01]
 [ 4.26248834e-02  1.21378601e-02  9.32011127e-01]
 [ 8.01427662e-02 -5.77569008e-05  1.19527721e+00]
 [ 1.63533032e-01 -1.12321973e-02  1.27816844e+00]
 [ 9.86705869e-02 -1.83853507e-02  1.38104546e+00]
 [ 4.18841839e-02  1.36233300e-01  1.12451637e+00]
 [ 2.55361870e-02  2.18466058e-01  8.77219558e-01]
 [ 1.78742588e-01  3.01577717e-01  8.04925323e-01]
 [ 7.77260512e-02 -1.35579824e-01  1.15942812e+00]
 [-2.89375670e-02 -2.18635634e-01  9.28718567e-01]
 [ 5.97420633e-02 -2.27372110e-01  7.72828341e-01]]
[[ 0.00000000e+00  0.00000000e+00  7.32225060e-01]
 [ 1.25439614e-02 -1.13209546e-01  7.28064537e-01]
 [ 1.45858809e-01  5.37544489e-04  4.29362833e-01]
 [ 6.49376437e-02  8.57187510e-02  4.94912863e-02]
 [ 1.99255198e-01  1.42655015e-01  0.00000000e+00]
 [-1.26858577e-02  1.12969562e-01  7.36300051e-01]
 [ 2.23573670e-01  1.48808092e-01  4.29952443e-01]
 [-2.19107151e-01  7.47066587e-02  4.08997059e-01]
 [-2.51335412e-01  1.04592770e-01  2.75775731e-01]
 [ 4.14249040e-02  1.08120292e-02  9.52126443e-01]
 [ 8.04522932e-02  5.49760461e-03  1.21407270e+00]
 [ 1.58445567e-01 -8.01330805e-03  1.29592323e+00]
 [ 9.68125612e-02 -5.66601753e-03  1.39964402e+00]
 [ 3.25657204e-02  1.31026655e-01  1.14242446e+00]
 [-3.20725664e-02  1.95832804e-01  9.31300044e-01]
 [ 6.16881549e-02  3.24871451e-01  8.19132268e-01]
 [ 9.16925147e-02 -1.28079772e-01  1.17559409e+00]
 [ 4.08914238e-02 -2.19058961e-01  9.32137907e-01]
 [ 1.69564426e-01 -1.94123566e-01  8.43897223e-01]]
[[ 0.00000000e+00  0.00000000e+00  6.96862042e-01]
 [ 4.08190489e-03 -1.21743381e-01  6.81760192e-01]
 [-1.15596261e-02 -8.44240189e-04  3.26464593e-01]
 [-2.36620039e-01  6.74733520e-02  1.07693553e-01]
 [-1.59987018e-01  1.62025690e-01  0.00000000e+00]
 [-4.24061716e-03  1.21480756e-01  7.11842179e-01]
 [ 3.17039013e-01  1.29781187e-01  5.02815127e-01]
 [ 2.63752416e-02  6.77983165e-02  2.07651138e-01]
 [ 1.33289531e-01  7.86446333e-02  7.06713796e-02]
 [ 4.14327979e-02  1.01132542e-02  9.18216944e-01]
 [ 8.38732794e-02  1.69122517e-02  1.18331409e+00]
 [ 1.60502896e-01  2.97957659e-03  1.26725388e+00]
 [ 1.04167789e-01  1.26242042e-02  1.36913180e+00]
 [ 1.92998499e-02  1.43461466e-01  1.12304866e+00]
 [-1.55279726e-01  2.28551894e-01  9.72221732e-01]
 [-1.73353553e-01  2.61332005e-01  7.54349887e-01]
 [ 1.14330590e-01 -1.27437532e-01  1.14453614e+00]
 [ 1.38823688e-01 -2.16276586e-01  8.81764531e-01]
 [ 2.88304687e-01 -3.69970649e-02  9.41191912e-01]]
[[ 0.          0.          0.68006784]
 [ 0.00736567 -0.11643689  0.66357017]
 [-0.04627036 -0.02870443  0.28980082]
 [-0.3682536   0.01348323  0.19199121]
 [-0.36155707  0.11779201  0.0792532 ]
 [-0.00750624  0.11619396  0.6964312 ]
 [ 0.3083251   0.14481285  0.48795027]
 [ 0.18918943  0.11763066  0.08196104]
 [ 0.33993     0.11236274  0.        ]
 [ 0.03773761  0.00166789  0.903442  ]
 [ 0.07825848  0.01326913  1.167118  ]
 [ 0.15561952  0.00149769  1.2524269 ]
 [ 0.09861822  0.01103503  1.3519776 ]
 [ 0.01088609  0.13817856  1.1103523 ]
 [-0.1705882   0.24180526  0.986411  ]
 [-0.17313173  0.27052805  0.7718501 ]
 [ 0.12440875 -0.13269448  1.1336198 ]
 [ 0.14452916 -0.22947904  0.8747263 ]
 [ 0.2786978  -0.03615966  0.93290144]]
[[ 0.00000000e+00  0.00000000e+00  6.95957780e-01]
 [ 1.11958347e-02 -1.10126995e-01  6.77283764e-01]
 [-1.13981534e-02 -6.00824654e-02  2.86322594e-01]
 [-4.03912723e-01 -5.25203347e-02  3.03681433e-01]
 [-4.62895721e-01  4.11113203e-02  2.00390100e-01]
 [-1.13233849e-02  1.09894902e-01  7.14495301e-01]
 [ 2.72672772e-01  1.85010299e-01  4.76865411e-01]
 [ 2.38401979e-01  1.84886605e-01  4.85212803e-02]
 [ 3.90048295e-01  1.80734336e-01  0.00000000e+00]
 [ 3.48950848e-02 -4.26684320e-03  9.17950571e-01]
 [ 7.38474876e-02  9.06649232e-03  1.17940271e+00]
 [ 1.46595448e-01 -4.34362888e-03  1.26942420e+00]
 [ 9.06080082e-02  9.93072987e-04  1.36308587e+00]
 [ 1.23830587e-02  1.30838990e-01  1.11794281e+00]
 [-1.48179680e-01  2.61072636e-01  9.84445930e-01]
 [-8.61218572e-02  3.03983003e-01  7.79611826e-01]
 [ 1.22963279e-01 -1.33029968e-01  1.14617586e+00]
 [ 1.20435834e-01 -2.34663919e-01  8.99591684e-01]
 [ 2.44645476e-01 -4.47762609e-02  8.76648903e-01]]
[[ 0.          0.          0.73470247]
 [ 0.01262453 -0.10773282  0.717679  ]
 [ 0.06479187 -0.07602739  0.33703023]
 [-0.35349655 -0.07542291  0.39721036]
 [-0.44426358  0.00665176  0.31640762]
 [-0.01275139  0.10751718  0.75159514]
 [ 0.21981679  0.21569249  0.48905462]
 [ 0.16187532  0.20874834  0.06287825]
 [ 0.31587216  0.21334094  0.        ]
 [ 0.03624327  0.00311464  0.9547608 ]
 [ 0.07811373  0.0225389   1.215906  ]
 [ 0.15492773  0.00982374  1.3094686 ]
 [ 0.09601264  0.01330286  1.400104  ]
 [ 0.02441093  0.14643073  1.1489425 ]
 [-0.09814593  0.27829117  0.9852637 ]
 [ 0.05119977  0.367468    0.8298217 ]
 [ 0.11977942 -0.12372136  1.1831014 ]
 [ 0.06399834 -0.23272236  0.9466685 ]
 [ 0.15822849 -0.13040999  0.82929194]]
[[ 0.          0.          0.75936615]
 [ 0.0188093  -0.10896598  0.7425686 ]
 [ 0.18287756 -0.05018196  0.4197906 ]
 [-0.2539165  -0.03237516  0.47720128]
 [-0.33143342  0.05601472  0.38704163]
 [-0.01894692  0.10873203  0.776041  ]
 [ 0.15867968  0.25080985  0.4967156 ]
 [ 0.048026    0.2312716   0.0826726 ]
 [ 0.19896695  0.25145388  0.        ]
 [ 0.03735828  0.01063384  0.9775474 ]
 [ 0.0777844   0.03109384  1.2381299 ]
 [ 0.1572853   0.02230424  1.3334222 ]
 [ 0.09528755  0.0182991   1.4208263 ]
 [ 0.02855963  0.15670496  1.1637456 ]
 [-0.03544368  0.27645543  0.96325773]
 [ 0.15847155  0.36709136  0.88213086]
 [ 0.11506243 -0.11353415  1.2071955 ]
 [ 0.02751556 -0.2116735   0.97006744]
 [ 0.08556327 -0.15923935  0.8299935 ]]
[[ 0.          0.          0.7531903 ]
 [ 0.02202332 -0.11199356  0.738742  ]
 [ 0.33228862 -0.00338086  0.51210284]
 [-0.07356008 -0.015021    0.4153844 ]
 [-0.08103216  0.05469912  0.29755637]
 [-0.02215369  0.11172336  0.7675395 ]
 [ 0.03161187  0.2477717   0.44169307]
 [-0.17569469  0.24749157  0.09933519]
 [-0.05605072  0.29291356  0.        ]
 [ 0.03103072  0.01072982  0.9733213 ]
 [ 0.06307639  0.02732572  1.2352643 ]
 [ 0.14707941  0.02239841  1.3245444 ]
 [ 0.08165649  0.0163545   1.4183817 ]
 [ 0.03485642  0.16140968  1.157901  ]
 [ 0.08713821  0.26983762  0.93256617]
 [ 0.28406677  0.33465707  0.9702405 ]
 [ 0.0890131  -0.11710864  1.2141532 ]
 [-0.07649691 -0.2190255   1.0274442 ]
 [-0.04968996 -0.16292284  0.88060635]]
[[ 0.00000000e+00  0.00000000e+00  6.90300107e-01]
 [ 1.46860927e-02 -1.14991687e-01  6.77933335e-01]
 [ 3.47980917e-01 -3.56889665e-02  5.05396903e-01]
 [ 1.11818567e-01 -5.76999784e-02  1.68890238e-01]
 [ 2.25510955e-01 -2.01932192e-02  6.69633746e-02]
 [-1.47942305e-02  1.14762962e-01  7.02619851e-01]
 [-7.46041536e-02  1.99030966e-01  3.31056595e-01]
 [-3.82933259e-01  2.25575328e-01  1.20301485e-01]
 [-3.44627112e-01  2.74815917e-01  0.00000000e+00]
 [ 2.01781467e-02  3.18387151e-03  9.13521945e-01]
 [ 4.80671600e-02  6.82085752e-03  1.17495298e+00]
 [ 1.29341424e-01 -1.07377768e-03  1.25840700e+00]
 [ 6.24957308e-02 -7.70026445e-03  1.35897982e+00]
 [ 4.26839590e-02  1.46963686e-01  1.09984660e+00]
 [ 1.52350605e-01  2.44031161e-01  8.77302051e-01]
 [ 3.05494070e-01  2.40117610e-01  9.90357995e-01]
 [ 4.07134593e-02 -1.35583848e-01  1.16603529e+00]
 [-2.02286199e-01 -2.20428944e-01  1.07763994e+00]
 [-1.93487301e-01 -1.76802337e-01  8.76503468e-01]]
[[ 0.00000000e+00  0.00000000e+00  6.31534696e-01]
 [ 1.44664720e-02 -1.16888620e-01  6.22843981e-01]
 [ 3.14604878e-01 -2.49870569e-02  4.31114078e-01]
 [ 2.79577315e-01  1.68977380e-02  3.80615592e-02]
 [ 4.45945203e-01  5.61238527e-02  0.00000000e+00]
 [-1.45567805e-02  1.16664976e-01  6.40193760e-01]
 [-7.15968609e-02  1.88284531e-01  2.38541543e-01]
 [-4.62028891e-01  1.56607956e-01  1.53713495e-01]
 [-5.02044201e-01  1.98581100e-01  4.40416336e-02]
 [ 2.01385599e-02  2.74126232e-03  8.54350030e-01]
 [ 4.79439944e-02  7.27891922e-04  1.11577547e+00]
 [ 1.30711794e-01 -1.08468533e-02  1.19562018e+00]
 [ 5.95799014e-02 -1.41170025e-02  1.29655433e+00]
 [ 4.43633534e-02  1.38780862e-01  1.03802121e+00]
 [ 1.49659514e-01  2.19879463e-01  8.05724025e-01]
 [ 3.08329999e-01  1.98720485e-01  8.93625021e-01]
 [ 3.28285471e-02 -1.38489157e-01  1.10892379e+00]
 [-2.12189928e-01 -2.06450835e-01  1.01354086e+00]
 [-2.11017802e-01 -2.22763270e-01  7.96517134e-01]]
[[ 0.          0.          0.63044757]
 [ 0.0145543  -0.11631827  0.62471926]
 [ 0.28915074  0.01196083  0.41172653]
 [ 0.3175711   0.08981514  0.01208466]
 [ 0.48432907  0.13603216  0.        ]
 [-0.01463867  0.11609867  0.63614565]
 [ 0.00593903  0.17405947  0.23109025]
 [-0.40847123  0.09450865  0.24472332]
 [-0.48810375  0.12503022  0.14625454]
 [ 0.03002483  0.00342564  0.8527227 ]
 [ 0.06439196 -0.00727803  1.1137586 ]
 [ 0.14438888 -0.02499497  1.2001908 ]
 [ 0.07364288 -0.02845794  1.299896  ]
 [ 0.05584832  0.12908626  1.0375867 ]
 [ 0.11596134  0.2193126   0.791896  ]
 [ 0.29676363  0.23043327  0.7999599 ]
 [ 0.03979285 -0.13951853  1.0941883 ]
 [-0.18530889 -0.20766768  0.96231586]
 [-0.15193531 -0.253503    0.7558257 ]]
[[ 0.          0.          0.6769291 ]
 [ 0.01236524 -0.11473408  0.6760055 ]
 [ 0.23969662  0.02024144  0.43328494]
 [ 0.23384696  0.07966655  0.02696133]
 [ 0.4010201   0.12698865  0.        ]
 [-0.01247006  0.11450961  0.67781925]
 [ 0.08279062  0.1562306   0.29002896]
 [-0.3508864   0.07071549  0.34543508]
 [-0.42832023  0.08634046  0.25652665]
 [ 0.03961752  0.00749606  0.8970824 ]
 [ 0.07684611 -0.00584355  1.1586072 ]
 [ 0.16014974 -0.01807177  1.2431114 ]
 [ 0.08892183 -0.01935667  1.342128  ]
 [ 0.05353307  0.1307854   1.0837717 ]
 [ 0.07462977  0.23444888  0.8427353 ]
 [ 0.23461339  0.29276174  0.77192444]
 [ 0.05708012 -0.13520741  1.1278883 ]
 [-0.11819389 -0.21516618  0.95151514]
 [-0.08463396 -0.32650864  0.766167  ]]
[[ 0.0000000e+00  0.0000000e+00  7.1556658e-01]
 [ 6.5570772e-03 -1.1090192e-01  7.1401829e-01]
 [ 1.7619185e-01  2.2521645e-02  4.4543308e-01]
 [ 1.1451717e-01  1.0253167e-01  5.9713542e-02]
 [ 2.5520840e-01  1.5818959e-01  0.0000000e+00]
 [-6.6871867e-03  1.1067457e-01  7.1705389e-01]
 [ 2.0845702e-01  1.5639070e-01  3.9298108e-01]
 [-2.4480577e-01  7.8964680e-02  4.4210479e-01]
 [-2.9338363e-01  9.5923543e-02  3.1830430e-01]
 [ 4.5909703e-02  1.0850102e-02  9.3088830e-01]
 [ 8.4365748e-02 -1.2723804e-03  1.1915376e+00]
 [ 1.6563198e-01 -1.9631922e-02  1.2810483e+00]
 [ 9.2084184e-02 -9.3635917e-03  1.3751895e+00]
 [ 5.8228735e-02  1.2777600e-01  1.1163054e+00]
 [ 1.1673763e-02  2.0850170e-01  8.8958788e-01]
 [ 1.2594844e-01  2.7860472e-01  7.6623023e-01]
 [ 6.9236815e-02 -1.3140056e-01  1.1519971e+00]
 [-1.5432861e-02 -2.2860101e-01  9.2053652e-01]
 [ 6.2403336e-02 -2.7021062e-01  7.9796994e-01]]
[[ 0.00000000e+00  0.00000000e+00  6.78883195e-01]
 [-3.84616479e-03 -1.11602493e-01  6.67393744e-01]
 [ 2.16004699e-02  1.10049844e-02  3.60591412e-01]
 [-1.58281937e-01  1.15758121e-01  9.62120891e-02]
 [-4.71584350e-02  1.90210521e-01  0.00000000e+00]
 [ 3.69851291e-03  1.11344367e-01  6.90249145e-01]
 [ 3.35681647e-01  1.22123048e-01  4.88239408e-01]
 [-2.83098705e-02  6.41495883e-02  3.03822815e-01]
 [ 3.41480002e-02  8.44470263e-02  1.56471193e-01]
 [ 4.06227112e-02  9.03707743e-03  8.97617280e-01]
 [ 8.12660754e-02  1.00454986e-02  1.16062307e+00]
 [ 1.58806860e-01 -6.84142113e-04  1.24971044e+00]
 [ 9.11174193e-02  1.44006014e-02  1.34608412e+00]
 [ 4.02078591e-02  1.37147427e-01  1.09501874e+00]
 [-1.05201870e-01  2.44282365e-01  9.38378096e-01]
 [-1.06542766e-01  3.10051322e-01  7.35131681e-01]
 [ 8.60613510e-02 -1.32490486e-01  1.12080884e+00]
 [ 8.73450935e-02 -2.55513042e-01  8.81181896e-01]
 [ 2.15338349e-01 -1.47378713e-01  8.99129510e-01]]
[[ 0.0000000e+00  0.0000000e+00  6.1031395e-01]
 [-5.6654066e-03 -1.1424379e-01  5.9238946e-01]
 [-4.2246237e-02  5.1485896e-03  2.5494993e-01]
 [-3.1084821e-01  8.8215768e-02  1.2974438e-01]
 [-2.4932054e-01  1.8789580e-01  9.7565651e-03]
 [ 5.5303015e-03  1.1399315e-01  6.2810862e-01]
 [ 3.5009843e-01  1.2034531e-01  4.4689631e-01]
 [ 1.4990860e-01  4.8494607e-02  9.3526006e-02]
 [ 2.8269577e-01  4.1896343e-02  0.0000000e+00]
 [ 3.6596447e-02  4.6696514e-03  8.3282351e-01]
 [ 7.3436856e-02  7.6346993e-03  1.0958736e+00]
 [ 1.5264100e-01  5.1021576e-04  1.1853707e+00]
 [ 8.1808090e-02  1.3487756e-02  1.2819586e+00]
 [ 2.7964458e-02  1.3793272e-01  1.0407183e+00]
 [-1.4931619e-01  2.6545089e-01  9.3247032e-01]
 [-1.5114903e-01  3.2478839e-01  7.1506798e-01]
 [ 9.4860539e-02 -1.4199021e-01  1.0583731e+00]
 [ 1.1680323e-01 -2.6837716e-01  8.1455004e-01]
 [ 2.4598494e-01 -7.7915654e-02  8.8889706e-01]]
[[ 0.          0.          0.6336318 ]
 [-0.00392498 -0.10959432  0.6173431 ]
 [-0.05785241 -0.0567975   0.24570042]
 [-0.42076325  0.0028533   0.2495757 ]
 [-0.4377377   0.10041353  0.1331979 ]
 [ 0.00379595  0.1093488   0.64978075]
 [ 0.31878376  0.13102317  0.4437486 ]
 [ 0.29081345  0.100348    0.03632236]
 [ 0.45479488  0.08057398  0.        ]
 [ 0.03129445 -0.00316378  0.85498184]
 [ 0.06451801  0.00175813  1.1169827 ]
 [ 0.14089788 -0.00670385  1.207753  ]
 [ 0.0732798   0.00664139  1.3013773 ]
 [ 0.0201165   0.13130978  1.0599303 ]
 [-0.14839816  0.2830748   0.9616363 ]
 [-0.11825532  0.3282782   0.7405528 ]
 [ 0.09524053 -0.14630252  1.0815313 ]
 [ 0.10898787 -0.27429187  0.841224  ]
 [ 0.23572361 -0.07628478  0.8881769 ]]
[[ 0.00000000e+00  0.00000000e+00  6.47487164e-01]
 [-2.80510634e-03 -1.07712843e-01  6.31726921e-01]
 [-7.72407837e-03 -6.03356659e-02  2.61207104e-01]
 [-4.16549444e-01 -2.40798891e-02  3.19466949e-01]
 [-4.73770916e-01  6.51615560e-02  2.21795738e-01]
 [ 2.67156586e-03  1.07475199e-01  6.63114607e-01]
 [ 2.90065914e-01  1.71626300e-01  4.28221881e-01]
 [ 2.99825847e-01  1.56233072e-01  2.26187110e-02]
 [ 4.70667094e-01  1.43987358e-01  0.00000000e+00]
 [ 3.12962197e-02 -3.36363912e-04  8.66687357e-01]
 [ 6.51795268e-02  7.61747360e-03  1.12767637e+00]
 [ 1.39382958e-01 -3.89993191e-03  1.22496581e+00]
 [ 7.24526793e-02  1.26219988e-02  1.31272864e+00]
 [ 2.83623189e-02  1.41319275e-01  1.06306112e+00]
 [-1.01685166e-01  3.15201461e-01  9.48855758e-01]
 [-3.53505909e-02  3.42366040e-01  7.44467258e-01]
 [ 9.30277705e-02 -1.42821968e-01  1.09238529e+00]
 [ 7.38799423e-02 -2.63607383e-01  8.51501107e-01]
 [ 2.02335536e-01 -1.17276356e-01  8.35276723e-01]]
[[ 0.00000000e+00  0.00000000e+00  6.92671239e-01]
 [-7.94716179e-04 -1.11924671e-01  6.76559448e-01]
 [ 8.48212689e-02 -5.64500988e-02  3.38495493e-01]
 [-3.41809869e-01  4.06247377e-03  4.12993222e-01]
 [-4.01255071e-01  9.17627215e-02  3.14604431e-01]
 [ 6.64405525e-04  1.11678712e-01  7.08656013e-01]
 [ 2.54520476e-01  1.92391738e-01  4.59210575e-01]
 [ 1.97329283e-01  1.78849250e-01  4.95060682e-02]
 [ 3.65205467e-01  1.74856484e-01  0.00000000e+00]
 [ 3.25003713e-02  1.15111470e-02  9.10732031e-01]
 [ 6.91415519e-02  2.75553465e-02  1.17269468e+00]
 [ 1.44141972e-01  1.29060745e-02  1.27294779e+00]
 [ 7.40495622e-02  2.88289189e-02  1.35316467e+00]
 [ 4.47242931e-02  1.64195150e-01  1.09982610e+00]
 [-5.27406484e-02  3.31748843e-01  9.52751458e-01]
 [ 9.52019617e-02  3.97350758e-01  8.02688479e-01]
 [ 8.33043158e-02 -1.26795620e-01  1.13968611e+00]
 [ 1.43110827e-02 -2.48438537e-01  9.05752897e-01]
 [ 1.06391877e-01 -2.14057848e-01  7.97461510e-01]]
[[ 0.          0.          0.7369763 ]
 [ 0.00491141 -0.11843182  0.72296333]
 [ 0.25079653 -0.04751796  0.4493626 ]
 [-0.1779453   0.01245606  0.48016715]
 [-0.20155728  0.09188378  0.35290226]
 [-0.00504019  0.11815791  0.75088215]
 [ 0.16832817  0.20819765  0.45834383]
 [-0.00762109  0.18106198  0.08243436]
 [ 0.13769758  0.2035029   0.        ]
 [ 0.03335015  0.02067339  0.9536954 ]
 [ 0.06173417  0.03558394  1.2163007 ]
 [ 0.14261506  0.01605439  1.3127205 ]
 [ 0.07081867  0.03285348  1.3973532 ]
 [ 0.05615665  0.1725874   1.1393647 ]
 [ 0.04588679  0.3264714   0.9470483 ]
 [ 0.23656154  0.36727774  0.89355785]
 [ 0.05977696 -0.11547607  1.1879805 ]
 [-0.07293411 -0.2275793   0.98336685]
 [-0.04367372 -0.25797054  0.8221837 ]]
[[ 0.          0.          0.6895618 ]
 [-0.00204909 -0.11872691  0.68239355]
 [ 0.3637076  -0.08778578  0.49854177]
 [ 0.04750151 -0.05899736  0.27391666]
 [ 0.12088369 -0.02740812  0.16224909]
 [ 0.0019352   0.11849093  0.69667065]
 [ 0.06352171  0.23422465  0.34541222]
 [-0.23961532  0.2814924   0.11322719]
 [-0.16422749  0.32341096  0.        ]
 [ 0.01591389  0.02003081  0.9093299 ]
 [ 0.03324476  0.03396103  1.1717877 ]
 [ 0.1256266   0.00569814  1.252893  ]
 [ 0.06068201  0.02199227  1.3548152 ]
 [ 0.0675438   0.16640061  1.0958948 ]
 [ 0.17940618  0.26016837  0.8744141 ]
 [ 0.32505932  0.17531782  0.9606662 ]
 [-0.00801547 -0.10885093  1.159878  ]
 [-0.23575325 -0.21105331  1.0462644 ]
 [-0.22919051 -0.20787412  0.8401599 ]]
[[ 0.          0.          0.6270403 ]
 [-0.00698639 -0.11733657  0.6229006 ]
 [ 0.31784827 -0.12467486  0.45865995]
 [ 0.2317527  -0.07785004  0.08602703]
 [ 0.3812567  -0.05689257  0.04883158]
 [ 0.00690195  0.11714471  0.63115305]
 [ 0.02016201  0.19714339  0.24952173]
 [-0.35178658  0.24518129  0.12495619]
 [-0.34652948  0.28276035  0.        ]
 [ 0.00561104  0.02230205  0.85137165]
 [ 0.01458244  0.03310418  1.1126974 ]
 [ 0.10483485 -0.0093472   1.1841459 ]
 [ 0.04411974  0.01037925  1.2897379 ]
 [ 0.07159971  0.15721494  1.0441567 ]
 [ 0.19918689  0.24119431  0.8203812 ]
 [ 0.3173306   0.1368316   0.91420263]
 [-0.056086   -0.09394976  1.0978572 ]
 [-0.29608285 -0.19575763  1.0330541 ]
 [-0.3157141  -0.24771348  0.81117237]]
[[ 0.          0.          0.5950136 ]
 [-0.00914775 -0.11752678  0.59231484]
 [ 0.3096434  -0.11851937  0.40515733]
 [ 0.2876079  -0.06975818  0.01470959]
 [ 0.44026184 -0.04620242  0.00280362]
 [ 0.00906707  0.11732881  0.5976846 ]
 [ 0.05812345  0.18010728  0.2042175 ]
 [-0.33867538  0.22812572  0.11721364]
 [-0.34557724  0.262843    0.        ]
 [ 0.01256004  0.02253836  0.82048357]
 [ 0.02659107  0.03093126  1.0827641 ]
 [ 0.11558796 -0.00904685  1.1590071 ]
 [ 0.04824706  0.01315165  1.2611827 ]
 [ 0.07682829  0.15594712  1.0126234 ]
 [ 0.19247907  0.24827899  0.7835426 ]
 [ 0.33474356  0.1601691   0.83020365]
 [-0.0422684  -0.09635219  1.0664823 ]
 [-0.28199226 -0.19088253  0.9813192 ]
 [-0.30259234 -0.2716923   0.75387096]]
[[ 0.          0.          0.62600225]
 [-0.00960812 -0.1183788   0.62409794]
 [ 0.29077423 -0.11955541  0.4257747 ]
 [ 0.25237662 -0.08220774  0.02384222]
 [ 0.4083378  -0.06429845  0.        ]
 [ 0.00952718  0.11816116  0.6278767 ]
 [ 0.11255837  0.19481575  0.24273306]
 [-0.28161734  0.22814912  0.16592476]
 [-0.27677652  0.2609968   0.03155613]
 [ 0.02144846  0.03060886  0.84941006]
 [ 0.03937234  0.04025477  1.1119095 ]
 [ 0.12542506 -0.00263751  1.1960397 ]
 [ 0.05492905  0.02651292  1.2955685 ]
 [ 0.0877338   0.16046509  1.0385176 ]
 [ 0.1670138   0.25362423  0.79664314]
 [ 0.33580405  0.18215798  0.7962079 ]
 [-0.03506825 -0.08593038  1.0917255 ]
 [-0.26056784 -0.18120295  0.97993124]
 [-0.26274875 -0.26556146  0.75255215]]
[[ 0.          0.          0.6507397 ]
 [-0.01709693 -0.12040334  0.6490028 ]
 [ 0.2708864  -0.11929411  0.43698645]
 [ 0.19569641 -0.06648576  0.03258687]
 [ 0.34612423 -0.05431151  0.        ]
 [ 0.01699334  0.12016939  0.65243036]
 [ 0.189354    0.22161317  0.30794442]
 [-0.19576648  0.27840704  0.21228322]
 [-0.16595238  0.3096441   0.06494379]
 [ 0.02034749  0.02479045  0.87315   ]
 [ 0.03326806  0.03098568  1.1369503 ]
 [ 0.12020601 -0.01342201  1.2231891 ]
 [ 0.04753347  0.02106243  1.3195071 ]
 [ 0.07990733  0.15437937  1.063536  ]
 [ 0.15396473  0.26019752  0.8320904 ]
 [ 0.28525773  0.20939857  0.78394425]
 [-0.04014185 -0.09697998  1.1125202 ]
 [-0.23581809 -0.2085183   0.9698085 ]
 [-0.22283775 -0.2933138   0.7685912 ]]
[[ 0.          0.          0.6663595 ]
 [-0.02857981 -0.11263277  0.65541834]
 [ 0.1838768  -0.06476435  0.39759406]
 [ 0.04045767  0.0318253   0.07370573]
 [ 0.1631528   0.06798142  0.        ]
 [ 0.0284421   0.1123742   0.6772039 ]
 [ 0.30433813  0.14869797  0.401527  ]
 [-0.04291238  0.1469585   0.2033402 ]
 [ 0.04014705  0.15580139  0.08591408]
 [ 0.03490799  0.02264579  0.8832758 ]
 [ 0.05213788  0.02148825  1.1487377 ]
 [ 0.12638095 -0.01570159  1.2468407 ]
 [ 0.04937575  0.02720118  1.3346598 ]
 [ 0.07577697  0.14863455  1.076374  ]
 [ 0.05384251  0.2985618   0.8805242 ]
 [ 0.17259406  0.33592665  0.72714514]
 [ 0.00236412 -0.11224005  1.1124744 ]
 [-0.09012568 -0.23861086  0.89917743]
 [-0.05683679 -0.37119365  0.7746715 ]]
[[ 0.          0.          0.627048  ]
 [-0.03354113 -0.11125556  0.616001  ]
 [-0.02899842 -0.04560438  0.29947308]
 [-0.30834076  0.07580024  0.10209256]
 [-0.24886563  0.1652861   0.        ]
 [ 0.03338968  0.11098389  0.63795733]
 [ 0.34025443  0.08385789  0.3915292 ]
 [ 0.29364952 -0.00263017  0.04885614]
 [ 0.44811577 -0.03738415  0.01569897]
 [ 0.02262891  0.01162191  0.8468067 ]
 [ 0.04004488  0.0287627   1.111753  ]
 [ 0.10658533  0.0140208   1.2169054 ]
 [ 0.03021421  0.05222684  1.2936224 ]
 [ 0.02424364  0.16554338  1.0428904 ]
 [-0.11427341  0.33503732  0.8975272 ]
 [-0.05486289  0.3286818   0.6820426 ]
 [ 0.03737526 -0.12145892  1.0817301 ]
 [ 0.04501574 -0.27135047  0.8574871 ]
 [ 0.17460975 -0.15265153  0.88846326]]
[[ 0.00000000e+00  0.00000000e+00  6.12350583e-01]
 [-2.65387930e-02 -1.03095859e-01  6.05584383e-01]
 [-1.04109392e-01 -6.89071119e-02  2.73637980e-01]
 [-4.36347246e-01  3.54435146e-02  1.44006133e-01]
 [-4.30511832e-01  1.43616945e-01  4.00950909e-02]
 [ 2.64112204e-02  1.02829568e-01  6.18973851e-01]
 [ 3.24236691e-01  9.92982090e-02  3.48374486e-01]
 [ 4.09621716e-01  1.67238116e-02  6.32798672e-03]
 [ 5.67386270e-01 -2.48011351e-02  0.00000000e+00]
 [ 7.33850151e-03  1.26877576e-02  8.31568837e-01]
 [ 1.42624173e-02  4.45719957e-02  1.09481716e+00]
 [ 7.46319145e-02  3.45170498e-02  1.20231986e+00]
 [-7.20445067e-04  6.67451024e-02  1.27192223e+00]
 [-9.77386534e-03  1.75502628e-01  1.02059627e+00]
 [-1.43967390e-01  3.39459538e-01  8.83717775e-01]
 [-4.45331633e-02  3.30320567e-01  6.90652728e-01]
 [ 2.88491063e-02 -1.05002314e-01  1.07306194e+00]
 [ 5.25052696e-02 -2.63060868e-01  8.63414764e-01]
 [ 1.48362666e-01 -1.18201286e-01  8.86125743e-01]]
[[ 0.00000000e+00  0.00000000e+00  6.43782020e-01]
 [-2.62568612e-02 -1.01082198e-01  6.43757641e-01]
 [-8.46175104e-02 -1.01757079e-01  2.81241894e-01]
 [-4.34003502e-01  2.33089924e-03  2.21438885e-01]
 [-4.75119710e-01  1.09888583e-01  1.14675641e-01]
 [ 2.61215772e-02  1.00804344e-01  6.43653393e-01]
 [ 3.21856856e-01  1.08132765e-01  3.64217728e-01]
 [ 3.87027383e-01  3.70743275e-02  1.18765235e-02]
 [ 5.49727201e-01 -2.27093697e-04  0.00000000e+00]
 [ 2.87358277e-03  1.54168755e-02  8.62238228e-01]
 [ 2.53996626e-03  5.09969294e-02  1.12464201e+00]
 [ 6.74892217e-02  3.70057821e-02  1.23530149e+00]
 [-6.03013486e-03  7.14142323e-02  1.29785681e+00]
 [-1.33507401e-02  1.79780483e-01  1.03740764e+00]
 [-1.15945905e-01  3.35364461e-01  8.78622770e-01]
 [ 3.29094380e-02  3.54069173e-01  7.24261403e-01]
 [ 1.94436386e-02 -1.01023942e-01  1.11038160e+00]
 [ 2.95765102e-02 -2.58549511e-01  9.04805481e-01]
 [ 1.12830251e-01 -1.52524173e-01  8.73121738e-01]]
[[ 0.0000000e+00  0.0000000e+00  6.8798900e-01]
 [-1.4363976e-02 -1.0519783e-01  6.9319260e-01]
 [-7.5134039e-03 -1.0908973e-01  3.1458205e-01]
 [-3.9417550e-01 -5.5497944e-02  3.3845088e-01]
 [-4.9011040e-01  3.8951635e-02  2.4719155e-01]
 [ 1.4228610e-02  1.0491513e-01  6.8264544e-01]
 [ 3.0171609e-01  1.4757720e-01  4.1535574e-01]
 [ 3.1582254e-01  7.1879208e-02  3.1638086e-02]
 [ 4.8713923e-01  5.2916944e-02  0.0000000e+00]
 [ 1.2033943e-02  3.2404587e-02  9.0303349e-01]
 [ 1.1704519e-02  7.6573312e-02  1.1655658e+00]
 [ 7.6210082e-02  6.3442945e-02  1.2754766e+00]
 [ 8.6040050e-04  9.4935596e-02  1.3335605e+00]
 [ 1.1467487e-03  2.0269966e-01  1.0670595e+00]
 [-5.4615557e-02  3.2193810e-01  8.6926508e-01]
 [ 1.3174902e-01  3.4315056e-01  8.0173552e-01]
 [ 2.2401929e-02 -7.7934176e-02  1.1597774e+00]
 [-3.7076734e-02 -2.3012567e-01  9.5658165e-01]
 [ 4.7290891e-02 -2.8726017e-01  8.5016072e-01]]
[[ 0.          0.          0.7087747 ]
 [-0.00191243 -0.11474635  0.7183602 ]
 [ 0.074295   -0.12055397  0.3714987 ]
 [-0.34110087 -0.09003533  0.42003655]
 [-0.43119842 -0.00331008  0.3257515 ]
 [ 0.00176651  0.11444747  0.6990649 ]
 [ 0.25159425  0.15410417  0.41775143]
 [ 0.1923979   0.04612303  0.03783453]
 [ 0.34627873  0.0426985   0.        ]
 [ 0.00810659  0.03735362  0.92359877]
 [ 0.00626429  0.09099925  1.1843816 ]
 [ 0.07895616  0.07341832  1.289509  ]
 [-0.00670018  0.104734    1.349325  ]
 [ 0.00844423  0.21877247  1.0818579 ]
 [ 0.02180939  0.29678068  0.8681693 ]
 [ 0.22600372  0.31514344  0.8902917 ]
 [ 0.00950557 -0.06921819  1.1891454 ]
 [-0.09724646 -0.23012611  1.0205593 ]
 [-0.04784035 -0.3146236   0.9028858 ]]
[[ 0.0000000e+00  0.0000000e+00  8.0542117e-01]
 [-3.4154207e-04 -1.1532298e-01  8.1544161e-01]
 [ 3.1352031e-01 -1.3489027e-01  6.0765725e-01]
 [-1.1639324e-01 -6.8397552e-02  5.1705617e-01]
 [-1.4927907e-01 -1.8393308e-02  3.9369640e-01]
 [ 2.3866817e-04  1.1503803e-01  7.9532784e-01]
 [ 9.4598673e-02  2.0295747e-01  4.6849406e-01]
 [-3.9871693e-02  1.9111818e-01  1.2320900e-01]
 [ 9.1033399e-02  2.3838168e-01  0.0000000e+00]
 [ 1.6876291e-02  5.8197021e-02  1.0111086e+00]
 [ 3.1324450e-02  1.3420740e-01  1.2676349e+00]
 [ 1.0694772e-01  1.0264331e-01  1.3691468e+00]
 [ 3.0228693e-02  1.5477568e-01  1.4297271e+00]
 [ 8.1772201e-02  2.3563433e-01  1.1693774e+00]
 [ 1.9815412e-01  2.4219084e-01  9.5298398e-01]
 [ 3.0828550e-01  1.5286568e-01  1.0995760e+00]
 [-1.3813866e-02 -5.5459738e-03  1.2871783e+00]
 [-2.4676140e-01 -1.2951648e-01  1.2090743e+00]
 [-1.9403985e-01 -2.3849872e-01  1.0704237e+00]]
[[ 0.          0.          0.75093365]
 [-0.01242395 -0.09797991  0.7578888 ]
 [ 0.3557329  -0.18242028  0.64133656]
 [ 0.1232498  -0.16819781  0.34326738]
 [ 0.18145682 -0.15797329  0.23354232]
 [ 0.01233406  0.09776387  0.7439494 ]
 [-0.02256142  0.26847577  0.40811673]
 [-0.18550456  0.30721286  0.14259297]
 [-0.14302951  0.36150023  0.        ]
 [ 0.00911954  0.04255734  0.96427447]
 [ 0.02745091  0.12600303  1.215133  ]
 [ 0.10913788  0.06616676  1.306217  ]
 [ 0.04359381  0.14565098  1.3652524 ]
 [ 0.11745767  0.19676924  1.1258298 ]
 [ 0.29173028  0.1641184   0.9419246 ]
 [ 0.31225944  0.0352979   1.1097354 ]
 [-0.06567393  0.02262041  1.2323197 ]
 [-0.33980203 -0.08993316  1.1820401 ]
 [-0.28117973 -0.26913434  1.1275963 ]]
[[ 0.          0.          0.669631  ]
 [-0.01062161 -0.10045286  0.67931193]
 [ 0.32683772 -0.17156804  0.5295236 ]
 [ 0.2524563  -0.22685105  0.16409451]
 [ 0.3815968  -0.22338408  0.14433712]
 [ 0.01054454  0.10026602  0.6599398 ]
 [-0.05741022  0.19093639  0.28946808]
 [-0.33684406  0.21724442  0.11781037]
 [-0.37604165  0.28709024  0.        ]
 [ 0.00725379  0.05461177  0.88323814]
 [ 0.0327357   0.13048834  1.1370649 ]
 [ 0.1163355   0.07228041  1.2213148 ]
 [ 0.05072501  0.14599866  1.2838203 ]
 [ 0.12679598  0.20193732  1.0447938 ]
 [ 0.29793483  0.14806385  0.8411373 ]
 [ 0.3341316  -0.01223922  0.9640783 ]
 [-0.07467584  0.03264391  1.1510258 ]
 [-0.36084208 -0.06554827  1.1215487 ]
 [-0.3206464  -0.29610392  1.1660817 ]]
[[ 0.          0.          0.5682187 ]
 [-0.00660871 -0.09760636  0.576988  ]
 [ 0.32859644 -0.13984072  0.39526433]
 [ 0.34415266 -0.17579472  0.0140298 ]
 [ 0.50196433 -0.1577419   0.00141293]
 [ 0.00653297  0.09741413  0.5594421 ]
 [-0.07306437  0.1596911   0.1632297 ]
 [-0.41005874  0.12467128  0.0868035 ]
 [-0.50105876  0.1696508   0.        ]
 [ 0.01221574  0.05584416  0.7853867 ]
 [ 0.03828241  0.12730485  1.0375326 ]
 [ 0.12219281  0.07249719  1.1229088 ]
 [ 0.05072734  0.13958228  1.1852691 ]
 [ 0.12334247  0.19931698  0.94087887]
 [ 0.2681534   0.1664454   0.71917117]
 [ 0.3377069  -0.00120452  0.7602787 ]
 [-0.06795444  0.03125992  1.0563016 ]
 [-0.3227864  -0.0853101   1.0402207 ]
 [-0.30075422 -0.29095247  1.1212686 ]]
[[ 0.          0.          0.6136955 ]
 [-0.00515314 -0.10017055  0.62428504]
 [ 0.30521822 -0.10782743  0.41683698]
 [ 0.35313517 -0.11799544  0.0018205 ]
 [ 0.528471   -0.09625673  0.        ]
 [ 0.00509268  0.09999105  0.60308915]
 [-0.04672551  0.12983173  0.20090795]
 [-0.42926365  0.053431    0.21367264]
 [-0.51915157  0.07924157  0.14020997]
 [ 0.00927844  0.06364727  0.8290468 ]
 [ 0.03358939  0.13537055  1.0824227 ]
 [ 0.11716624  0.07846916  1.1713378 ]
 [ 0.04739678  0.13971037  1.2362618 ]
 [ 0.10849382  0.21464613  0.9830076 ]
 [ 0.2389466   0.2252716   0.75454533]
 [ 0.31018084  0.07792483  0.6878127 ]
 [-0.06951977  0.03661841  1.0968219 ]
 [-0.29316676 -0.10997146  1.1510279 ]
 [-0.27471745 -0.2965445   1.2409904 ]]
[[ 0.          0.          0.7039595 ]
 [-0.00773647 -0.09869591  0.7117679 ]
 [ 0.26760098 -0.08020099  0.46971214]
 [ 0.2964988  -0.08326292  0.03277367]
 [ 0.49770844 -0.05373281  0.        ]
 [ 0.00766067  0.0985375   0.6961355 ]
 [ 0.02510074  0.08730856  0.30891278]
 [-0.38806862 -0.03149495  0.3750592 ]
 [-0.48654467 -0.01429522  0.32361287]
 [-0.00835152  0.05472609  0.9182663 ]
 [ 0.00422039  0.12375796  1.170851  ]
 [ 0.09572057  0.06442934  1.2600789 ]
 [ 0.0213289   0.12809104  1.3253405 ]
 [ 0.06356986  0.21048006  1.0650874 ]
 [ 0.16650277  0.26816064  0.84227914]
 [ 0.20863226  0.17929906  0.70833004]
 [-0.08571549  0.02357656  1.1891747 ]
 [-0.23358423 -0.15255475  1.3133698 ]
 [-0.23023334 -0.2622632   1.4169748 ]]
[[ 0.          0.          0.7790415 ]
 [-0.01784474 -0.10372014  0.7882072 ]
 [ 0.17137577 -0.12270641  0.48620582]
 [ 0.14233422 -0.12374789  0.04971212]
 [ 0.31838185 -0.1044029   0.        ]
 [ 0.01775004  0.1034909   0.7698164 ]
 [ 0.15533476  0.02918112  0.45281965]
 [-0.25605738  0.05970566  0.5333848 ]
 [-0.3085137   0.08378845  0.39357674]
 [-0.01275657  0.05368222  0.9920533 ]
 [ 0.00477583  0.13160565  1.2475579 ]
 [ 0.09887127  0.08726072  1.3342004 ]
 [ 0.00565138  0.13917935  1.3953929 ]
 [ 0.02413662  0.23460892  1.1286654 ]
 [ 0.06948392  0.3126372   0.9083515 ]
 [ 0.14132823  0.35074922  0.7828033 ]
 [-0.05723809  0.00282288  1.2839342 ]
 [-0.15748987 -0.21279907  1.424256  ]
 [-0.16688254 -0.28745848  1.5613301 ]]
[[ 0.00000000e+00  0.00000000e+00  7.73737073e-01]
 [-2.09984444e-02 -9.86016989e-02  7.72415638e-01]
 [ 1.02904379e-01 -9.67616737e-02  4.57535774e-01]
 [-2.70986520e-02  2.64704227e-04  9.57545638e-02]
 [ 1.17189109e-01  4.64076996e-02  0.00000000e+00]
 [ 2.08697636e-02  9.83552784e-02  7.74975955e-01]
 [ 2.80255467e-01 -6.29603267e-02  5.74049592e-01]
 [-1.45162493e-01 -6.68774843e-02  4.75766897e-01]
 [-1.85748905e-01 -4.36381102e-02  3.67525905e-01]
 [-3.09272632e-02  4.09060866e-02  9.90281761e-01]
 [-2.52148584e-02  1.12058967e-01  1.24576461e+00]
 [ 8.46311003e-02  7.66182542e-02  1.32018948e+00]
 [-6.65177405e-03  1.12579584e-01  1.38942671e+00]
 [-3.58150601e-02  2.33453840e-01  1.13142884e+00]
 [-5.69531620e-02  3.46013486e-01  9.22969937e-01]
 [-4.62985039e-03  4.71211314e-01  7.76916921e-01]
 [-5.29410169e-02 -2.85918713e-02  1.28160393e+00]
 [-3.79336029e-02 -2.74897575e-01  1.44100058e+00]
 [-2.54349783e-02 -2.59726763e-01  1.57373166e+00]]
[[ 0.          0.          0.62006885]
 [-0.02236514 -0.11187294  0.6180873 ]
 [ 0.01601208 -0.07326278  0.24352211]
 [-0.2637263   0.04173017  0.10835439]
 [-0.22292566  0.13523078  0.        ]
 [ 0.02225507  0.11159472  0.6219286 ]
 [ 0.3284714  -0.07338674  0.5331742 ]
 [ 0.12024397 -0.18927598  0.1839357 ]
 [ 0.23900735 -0.22982192  0.09053993]
 [-0.04493388  0.02708867  0.8427919 ]
 [-0.06121713  0.09478974  1.0974145 ]
 [ 0.03878227  0.07479709  1.1739638 ]
 [-0.04792176  0.11507058  1.2454937 ]
 [-0.09321494  0.22120836  0.9907575 ]
 [-0.16363207  0.37154466  0.8441353 ]
 [-0.13724479  0.56424177  0.8018127 ]
 [-0.04575977 -0.06186372  1.1269764 ]
 [ 0.00724822 -0.32083842  1.1826277 ]
 [ 0.06623426 -0.42655048  1.2933323 ]]
[[ 0.          0.          0.51896447]
 [-0.01483259 -0.09913682  0.5194635 ]
 [ 0.01440632 -0.12633798  0.12182006]
 [-0.35066774 -0.06982911  0.126789  ]
 [-0.39778298  0.02459887  0.05294469]
 [ 0.01472318  0.09884806  0.51832247]
 [ 0.34163192 -0.03147458  0.4147269 ]
 [ 0.36170375 -0.15277514  0.01616979]
 [ 0.5066956  -0.21040878  0.        ]
 [-0.02703604  0.02404624  0.7446518 ]
 [-0.04297785  0.07200009  0.99970627]
 [ 0.04680828  0.07159638  1.083083  ]
 [-0.02871197  0.09994686  1.1545529 ]
 [-0.07780567  0.2058199   0.9074058 ]
 [-0.15367702  0.40447968  0.8334699 ]
 [-0.10496825  0.58933073  0.90768355]
 [-0.0112391  -0.08453643  1.0140547 ]
 [ 0.05264565 -0.3343715   0.9770509 ]
 [ 0.21610773 -0.37676555  0.98888206]]
[[ 0.          0.          0.5570889 ]
 [-0.01502668 -0.0988148   0.562232  ]
 [ 0.06221622 -0.19082999  0.1762622 ]
 [-0.34625617 -0.15611923  0.21697736]
 [-0.42634016 -0.07198113  0.18560696]
 [ 0.01490751  0.098555    0.5518236 ]
 [ 0.36075616  0.01314834  0.40085867]
 [ 0.44137374 -0.08544022  0.        ]
 [ 0.59426355 -0.14268696  0.00354612]
 [-0.01808679  0.02411951  0.7833581 ]
 [-0.02958186  0.06831604  1.0381494 ]
 [ 0.05618744  0.06677848  1.126801  ]
 [-0.01524648  0.09328866  1.1916223 ]
 [-0.06105322  0.20065767  0.9545586 ]
 [-0.12120485  0.38735256  0.9734516 ]
 [-0.05079383  0.55398595  1.0971282 ]
 [ 0.00263949 -0.08848694  1.0482373 ]
 [ 0.06176341 -0.30944508  0.95613843]
 [ 0.23471287 -0.333121    0.89345527]]
[[ 0.          0.          0.5952911 ]
 [-0.01352025 -0.10544561  0.60553175]
 [ 0.1251086  -0.28298238  0.28622252]
 [-0.30220205 -0.24839404  0.3102048 ]
 [-0.39092615 -0.17515227  0.28808385]
 [ 0.01339318  0.10522021  0.58495367]
 [ 0.37765926  0.04088268  0.41156504]
 [ 0.47065338 -0.02760369  0.        ]
 [ 0.6336866  -0.07739788  0.02530515]
 [-0.00820955  0.04234076  0.8191364 ]
 [-0.0085796   0.10166726  1.072845  ]
 [ 0.07800569  0.09862059  1.1593783 ]
 [ 0.00973423  0.13006574  1.2214    ]
 [-0.03316204  0.23054183  0.9935339 ]
 [-0.0422658   0.40106875  1.0876793 ]
 [ 0.04848747  0.51143044  1.2605612 ]
 [ 0.01812517 -0.05490613  1.075185  ]
 [ 0.06590262 -0.25723624  0.931197  ]
 [ 0.22391391 -0.30383673  0.8331469 ]]
[[ 0.0000000e+00  0.0000000e+00  6.7488915e-01]
 [-9.5593184e-03 -1.1526702e-01  7.0005304e-01]
 [ 2.2528338e-01 -3.1832087e-01  5.0328076e-01]
 [-2.1235716e-01 -2.9076970e-01  4.3122485e-01]
 [-2.6864910e-01 -2.1516368e-01  3.4985507e-01]
 [ 9.4219297e-03  1.1504929e-01  6.4964694e-01]
 [ 3.5992765e-01  6.1488852e-02  4.4058299e-01]
 [ 3.9136100e-01  2.0984888e-02  0.0000000e+00]
 [ 5.7771820e-01 -4.4035912e-04  1.1618793e-02]
 [-6.8821758e-03  5.6608409e-02  8.9057416e-01]
 [-7.1432739e-03  1.3222337e-01  1.1414187e+00]
 [ 9.1184095e-02  1.3037366e-01  1.2179869e+00]
 [ 2.8587595e-02  1.6274571e-01  1.2957830e+00]
 [-1.0315552e-02  2.5499821e-01  1.0711536e+00]
 [ 8.7730676e-02  3.7704542e-01  1.2471023e+00]
 [ 1.5093634e-01  3.6999166e-01  1.4083008e+00]
 [-2.3107040e-03 -2.0161927e-02  1.1403126e+00]
 [-3.5893984e-02 -2.0187032e-01  9.6130949e-01]
 [-5.8113560e-03 -3.1290233e-01  8.2909220e-01]]
[[ 0.          0.          0.7847542 ]
 [ 0.00387358 -0.11258365  0.8213332 ]
 [ 0.2911436  -0.33853513  0.8284422 ]
 [-0.00713673 -0.44425508  0.592635  ]
 [ 0.0063968  -0.40469745  0.51122725]
 [-0.00398726  0.1123684   0.7481169 ]
 [ 0.31054506  0.06628567  0.4853543 ]
 [ 0.1734505   0.01585603  0.06013757]
 [ 0.33506432  0.02626467  0.        ]
 [-0.0151972   0.09843704  0.98412   ]
 [-0.02493241  0.2073875   1.2265058 ]
 [ 0.10361943  0.17523688  1.2817376 ]
 [ 0.04245291  0.20246774  1.3677771 ]
 [ 0.00596231  0.3231408   1.1602027 ]
 [ 0.21337795  0.33997995  1.3339062 ]
 [ 0.306602    0.26193124  1.4981484 ]
 [-0.04975317  0.07102084  1.227742  ]
 [-0.2297966  -0.0659357   1.1068349 ]
 [-0.36929995 -0.21769688  0.9832048 ]]
[[ 0.          0.          0.7823537 ]
 [ 0.00546515 -0.09541072  0.82298815]
 [ 0.23842329 -0.39473927  0.91568035]
 [ 0.16301468 -0.6554807   0.6426313 ]
 [ 0.27153635 -0.662063    0.6830326 ]
 [-0.00552525  0.09525655  0.74169815]
 [ 0.21989721  0.1139057   0.44768554]
 [-0.00365342  0.06982589  0.09512776]
 [ 0.08318891  0.12104392  0.        ]
 [-0.02771651  0.10855283  0.9790615 ]
 [-0.0447865   0.21488476  1.2177384 ]
 [ 0.08513819  0.1681109   1.2601273 ]
 [ 0.03255114  0.20445472  1.3371005 ]
 [ 0.02714884  0.29532313  1.1522046 ]
 [ 0.23252885  0.2592119   1.2485621 ]
 [ 0.36634788  0.10225266  1.3582449 ]
 [-0.11702862  0.11649776  1.2194527 ]
 [-0.33446884 -0.00327516  1.1759375 ]
 [-0.5337107  -0.16509145  1.1611228 ]]
[[ 0.          0.          0.7254334 ]
 [ 0.00353809 -0.08850227  0.76036125]
 [ 0.19802463 -0.40195972  0.8476347 ]
 [ 0.31090307 -0.6896308   0.6835868 ]
 [ 0.40906644 -0.6961638   0.7776965 ]
 [-0.00356121  0.08838728  0.69048375]
 [ 0.18644775  0.15958786  0.38189998]
 [-0.09449839  0.11473644  0.1013664 ]
 [-0.04776652  0.19102651  0.        ]
 [-0.02036193  0.10311475  0.9218292 ]
 [-0.02821317  0.18900597  1.1590765 ]
 [ 0.08395171  0.13916332  1.1975352 ]
 [ 0.04483838  0.18832871  1.2685696 ]
 [ 0.04181562  0.2583472   1.089963  ]
 [ 0.24662048  0.1892057   1.1207069 ]
 [ 0.42642468  0.02850208  1.1556857 ]
 [-0.10270804  0.10972857  1.1693573 ]
 [-0.3437932   0.0170359   1.2011348 ]
 [-0.48932183 -0.12254688  1.2748554 ]]
[[ 0.          0.          0.68486476]
 [ 0.00538705 -0.07911113  0.7194689 ]
 [ 0.20617908 -0.38348624  0.7979126 ]
 [ 0.3777612  -0.6768498   0.68803775]
 [ 0.45896137 -0.6835879   0.7998186 ]
 [-0.00539707  0.07901752  0.65024024]
 [ 0.1827814   0.1677518   0.34708208]
 [-0.09157036  0.12709981  0.09440857]
 [-0.06121945  0.20817432  0.        ]
 [-0.01329495  0.11330137  0.8833777 ]
 [-0.01262076  0.20490491  1.1141096 ]
 [ 0.09863817  0.15800545  1.14443   ]
 [ 0.07040758  0.20956558  1.215617  ]
 [ 0.06073403  0.26739812  1.0409746 ]
 [ 0.26658612  0.20617288  1.0239766 ]
 [ 0.45298526  0.0409669   1.0532267 ]
 [-0.09447256  0.12996721  1.1318697 ]
 [-0.31191534  0.00477028  1.1912177 ]
 [-0.43314922 -0.12742656  1.2697368 ]]
[[ 0.0000000e+00  0.0000000e+00  6.4552176e-01]
 [ 4.3625049e-03 -7.7517956e-02  6.8234551e-01]
 [ 1.9858724e-01 -4.1634226e-01  7.6231897e-01]
 [ 3.9320076e-01 -7.4104643e-01  6.8255603e-01]
 [ 4.7129345e-01 -7.5762957e-01  8.0209875e-01]
 [-4.3514743e-03  7.7433787e-02  6.0867941e-01]
 [ 1.8124132e-01  1.4554715e-01  3.3380455e-01]
 [-8.1225403e-02  1.1559391e-01  8.7013304e-02]
 [-3.4957066e-02  1.9272211e-01  0.0000000e+00]
 [-2.0058490e-03  1.1962505e-01  8.3867157e-01]
 [ 1.5189841e-02  2.2007987e-01  1.0622355e+00]
 [ 1.2917998e-01  1.7277232e-01  1.0870477e+00]
 [ 1.1078968e-01  2.2445455e-01  1.1576502e+00]
 [ 8.6962260e-02  2.8502852e-01  9.8303270e-01]
 [ 2.9839680e-01  2.3695329e-01  9.5049900e-01]
 [ 4.9842465e-01  8.3594948e-02  9.6867776e-01]
 [-6.8779707e-02  1.3905895e-01  1.0846270e+00]
 [-2.5187463e-01  4.2074919e-04  1.1627584e+00]
 [-3.4859696e-01 -1.4558190e-01  1.2639139e+00]]
[[ 0.          0.          0.6091174 ]
 [ 0.00301494 -0.07309541  0.64613837]
 [ 0.20314133 -0.41496113  0.7326132 ]
 [ 0.44365644 -0.71339905  0.69190425]
 [ 0.51656014 -0.73823214  0.81533056]
 [-0.00299879  0.07302015  0.5720729 ]
 [ 0.19124417  0.14234146  0.347535  ]
 [-0.03176206  0.11466211  0.08166832]
 [ 0.04725236  0.18494973  0.        ]
 [ 0.00462378  0.1275635   0.793517  ]
 [ 0.03646825  0.24282277  1.0057788 ]
 [ 0.14844003  0.20214614  1.014528  ]
 [ 0.15140536  0.24398947  1.0856476 ]
 [ 0.10484871  0.30818054  0.9223304 ]
 [ 0.34123957  0.2577525   0.8812465 ]
 [ 0.5494217   0.1171578   0.8647393 ]
 [-0.03447238  0.15553856  1.0382307 ]
 [-0.17983747  0.00766844  1.1376182 ]
 [-0.22479048 -0.1552304   1.2507985 ]]
[[ 0.00000000e+00  0.00000000e+00  5.76204300e-01]
 [ 5.00259921e-04 -7.17047006e-02  6.08962893e-01]
 [ 2.06236660e-01 -4.06871974e-01  6.80210948e-01]
 [ 4.81405616e-01 -6.85651243e-01  6.84072137e-01]
 [ 5.22262335e-01 -7.29576528e-01  8.13593030e-01]
 [-4.73547727e-04  7.16579705e-02  5.43436050e-01]
 [ 1.85976386e-01  1.01391196e-01  3.64082336e-01]
 [ 4.34704274e-02  3.77154946e-02  5.74679971e-02]
 [ 1.61921978e-01  8.84978771e-02  0.00000000e+00]
 [ 1.78557150e-02  1.27383053e-01  7.57832885e-01]
 [ 7.27607086e-02  2.45165586e-01  9.58420992e-01]
 [ 1.87446013e-01  2.00468034e-01  9.54292536e-01]
 [ 2.01775700e-01  2.43115485e-01  1.01728010e+00]
 [ 1.37216508e-01  3.18833321e-01  8.78638744e-01]
 [ 3.64123255e-01  2.88073421e-01  8.09990942e-01]
 [ 5.70620298e-01  1.44254044e-01  7.74355173e-01]
 [ 1.40547007e-02  1.45102203e-01  9.91502643e-01]
 [-3.53182964e-02 -4.81005311e-02  1.09361362e+00]
 [-5.78857213e-03 -2.30533183e-01  1.20425284e+00]]
[[ 0.          0.          0.5022737 ]
 [-0.00540507 -0.07495715  0.53991735]
 [ 0.2415713  -0.38976905  0.5886508 ]
 [ 0.53049505 -0.6531589   0.59011245]
 [ 0.5679135  -0.70713186  0.7331425 ]
 [ 0.00541602  0.07492194  0.46464288]
 [ 0.21010865  0.08903717  0.3303673 ]
 [ 0.15196055  0.01112747  0.01708239]
 [ 0.28612602  0.03622541  0.        ]
 [ 0.0347294   0.12390789  0.6859493 ]
 [ 0.12117818  0.23770833  0.8744811 ]
 [ 0.23133703  0.20485324  0.8516887 ]
 [ 0.2674608   0.24414173  0.9150527 ]
 [ 0.1752798   0.31916887  0.7919538 ]
 [ 0.39821956  0.3010752   0.6969359 ]
 [ 0.61934704  0.1810404   0.6424898 ]
 [ 0.0730219   0.12523761  0.9169177 ]
 [ 0.09693443 -0.07610387  0.97650874]
 [ 0.17289105 -0.2528156   1.027689  ]]
[[ 0.          0.          0.43266797]
 [-0.0025722  -0.07367831  0.4719023 ]
 [ 0.26365215 -0.36262277  0.49415332]
 [ 0.53218347 -0.607429    0.4511653 ]
 [ 0.58781993 -0.6630999   0.6083095 ]
 [ 0.00254637  0.07366055  0.3934581 ]
 [ 0.23024975  0.0557665   0.28316855]
 [ 0.250152   -0.05258259  0.        ]
 [ 0.40269428 -0.04245925  0.01042363]
 [ 0.05235014  0.12884042  0.6010874 ]
 [ 0.16308677  0.25159234  0.77844703]
 [ 0.28483444  0.21246625  0.7365601 ]
 [ 0.32137108  0.24796283  0.7984315 ]
 [ 0.20160225  0.33584434  0.6966722 ]
 [ 0.43041816  0.3164685   0.5729502 ]
 [ 0.65033746  0.17871219  0.50762737]
 [ 0.12966663  0.12426949  0.8244731 ]
 [ 0.23583621 -0.09519202  0.8303921 ]
 [ 0.38938123 -0.1893754   0.83580315]]
[[ 0.0000000e+00  0.0000000e+00  3.7550035e-01]
 [-6.8933889e-04 -7.4423939e-02  4.2602441e-01]
 [ 2.9600948e-01 -3.2507455e-01  4.5161247e-01]
 [ 4.8602498e-01 -5.4598844e-01  3.3608007e-01]
 [ 5.5760348e-01 -6.0815465e-01  4.5102024e-01]
 [ 6.2212721e-04  7.4385881e-02  3.2499388e-01]
 [ 2.6596302e-01  4.9932115e-02  2.4429676e-01]
 [ 3.0253643e-01 -1.3306272e-01  0.0000000e+00]
 [ 4.6009469e-01 -1.3553083e-01  7.9680383e-03]
 [ 6.3231289e-02  1.3900612e-01  5.2995324e-01]
 [ 1.9793583e-01  2.7520651e-01  6.9502723e-01]
 [ 3.1552613e-01  2.4537648e-01  6.4429188e-01]
 [ 3.6216307e-01  2.7214846e-01  7.0598984e-01]
 [ 2.1937701e-01  3.6661696e-01  6.0434616e-01]
 [ 4.3902367e-01  3.5420641e-01  4.6363696e-01]
 [ 6.8579972e-01  2.2953621e-01  4.2375728e-01]
 [ 1.7968002e-01  1.4496216e-01  7.4839371e-01]
 [ 3.5031062e-01 -5.2185863e-02  7.1730953e-01]
 [ 5.1836836e-01 -7.3297918e-02  6.6050053e-01]]
[[ 0.          0.          0.31487846]
 [-0.00087252 -0.07389338  0.3714353 ]
 [ 0.315432   -0.30814594  0.39985028]
 [ 0.4156505  -0.5233915   0.24018666]
 [ 0.5057142  -0.59764767  0.3172361 ]
 [ 0.00076311  0.07383764  0.25832313]
 [ 0.31143582  0.07078393  0.19484855]
 [ 0.30588326 -0.17042497  0.        ]
 [ 0.46134788 -0.18901536  0.01689056]
 [ 0.0665543   0.14653607  0.45425856]
 [ 0.20255369  0.2885939   0.618552  ]
 [ 0.32550234  0.25477308  0.5712188 ]
 [ 0.36677086  0.27462092  0.63348395]
 [ 0.2184918   0.38166168  0.5310903 ]
 [ 0.42302373  0.38208127  0.37055403]
 [ 0.6736991   0.27225947  0.3459065 ]
 [ 0.19459529  0.15966558  0.6724808 ]
 [ 0.43689752  0.01339546  0.60520947]
 [ 0.6064167   0.04527131  0.512414  ]]
[[ 0.          0.          0.25080046]
 [-0.00584989 -0.07498611  0.31178176]
 [ 0.32054695 -0.32083213  0.38158613]
 [ 0.39762676 -0.4949073   0.18095684]
 [ 0.4854139  -0.5652274   0.2396251 ]
 [ 0.00572361  0.07493336  0.18981431]
 [ 0.32750505  0.05870102  0.11813608]
 [ 0.28291005 -0.21195313  0.00151366]
 [ 0.42473328 -0.23380962  0.        ]
 [ 0.07551122  0.15230373  0.3914371 ]
 [ 0.2214289   0.3031575   0.54287565]
 [ 0.3409918   0.27486637  0.4857102 ]
 [ 0.38656884  0.2975161   0.5521922 ]
 [ 0.23199394  0.39728397  0.44802442]
 [ 0.43976295  0.40195566  0.2793909 ]
 [ 0.68659765  0.30093962  0.26379505]
 [ 0.21428013  0.17676339  0.59525216]
 [ 0.45895457  0.03420773  0.5100726 ]
 [ 0.6481867   0.07594056  0.41780898]]
[[ 0.          0.          0.24316493]
 [ 0.00312638 -0.07086504  0.31717202]
 [ 0.34236765 -0.323668    0.39513206]
 [ 0.30084985 -0.5003073   0.17594314]
 [ 0.38100135 -0.57937384  0.1944432 ]
 [-0.00326101  0.07080384  0.16914722]
 [ 0.35286394  0.05362418  0.08608684]
 [ 0.25218004 -0.22515026  0.01287383]
 [ 0.38450098 -0.24466833  0.        ]
 [ 0.08127566  0.1645371   0.36839995]
 [ 0.22401917  0.32805264  0.50857955]
 [ 0.3447069   0.29659325  0.4464731 ]
 [ 0.3932076   0.32237792  0.5067631 ]
 [ 0.22812185  0.41686958  0.41000554]
 [ 0.42356607  0.44030142  0.23529461]
 [ 0.66058457  0.34173203  0.20794472]
 [ 0.22793509  0.20550609  0.56530106]
 [ 0.49134886  0.07281697  0.46198857]
 [ 0.6687855   0.14036374  0.36625907]]
[[ 0.          0.          0.2634639 ]
 [ 0.00351192 -0.06919225  0.3412352 ]
 [ 0.3700927  -0.30205378  0.3604589 ]
 [ 0.26549685 -0.48227695  0.13571572]
 [ 0.3564657  -0.567623    0.12411368]
 [-0.00364111  0.06913844  0.18568668]
 [ 0.35876283  0.02001542  0.10066488]
 [ 0.2221052  -0.25012437  0.01171708]
 [ 0.35076332 -0.27216884  0.        ]
 [ 0.08725993  0.1621557   0.37853983]
 [ 0.2365606   0.32914352  0.5041379 ]
 [ 0.34661627  0.30671248  0.43123123]
 [ 0.4028076   0.32573837  0.48453152]
 [ 0.2233944   0.41809422  0.41008264]
 [ 0.39729497  0.45442933  0.21266776]
 [ 0.6447956   0.38176292  0.19300127]
 [ 0.25641784  0.20688409  0.5664389 ]
 [ 0.5126101   0.09647609  0.4243782 ]
 [ 0.6609658   0.1808202   0.3082548 ]]
[[ 0.          0.          0.24767727]
 [ 0.01125422 -0.0706147   0.32833278]
 [ 0.3995756  -0.28117722  0.3638608 ]
 [ 0.21269599 -0.49945363  0.13239807]
 [ 0.30342454 -0.57794386  0.08372474]
 [-0.01137362  0.07056136  0.16700613]
 [ 0.35532457  0.03802863  0.04532421]
 [ 0.142107   -0.22143191  0.03275913]
 [ 0.23572177 -0.2420657   0.        ]
 [ 0.08753607  0.16877377  0.36024916]
 [ 0.23643947  0.34011698  0.48795712]
 [ 0.35036647  0.31571412  0.4221751 ]
 [ 0.3993752   0.33625764  0.47573423]
 [ 0.21726541  0.4280814   0.39700192]
 [ 0.35166013  0.47803703  0.16879198]
 [ 0.59338725  0.40037054  0.14285076]
 [ 0.25697017  0.21386883  0.5492095 ]
 [ 0.49810797  0.1084094   0.3779537 ]
 [ 0.6354141   0.22239617  0.25889996]]
[[ 0.          0.          0.25143704]
 [ 0.01574048 -0.07723524  0.32338703]
 [ 0.41117817 -0.25546688  0.40138024]
 [ 0.15897599 -0.43825188  0.14474162]
 [ 0.24310848 -0.50891066  0.09422046]
 [-0.01585744  0.07718546  0.17947105]
 [ 0.32921952  0.07324883  0.01828794]
 [ 0.0910273  -0.16191196  0.05666418]
 [ 0.1559119  -0.16602439  0.        ]
 [ 0.08536993  0.1621245   0.3747834 ]
 [ 0.23202732  0.33498466  0.5027908 ]
 [ 0.3552032   0.3008245   0.44243148]
 [ 0.39238942  0.32766303  0.51065457]
 [ 0.2091829   0.42458558  0.40572348]
 [ 0.31664652  0.47920918  0.15046671]
 [ 0.5453525   0.4151746   0.11074021]
 [ 0.25062257  0.20449877  0.55994153]
 [ 0.48250487  0.10924606  0.36688343]
 [ 0.61057496  0.26097736  0.25772518]]
[[ 0.          0.          0.27335194]
 [ 0.01834345 -0.07917443  0.34070385]
 [ 0.3904832  -0.27779818  0.42654234]
 [ 0.13497353 -0.454197    0.16457239]
 [ 0.21229333 -0.52855754  0.1190019 ]
 [-0.01844651  0.07912135  0.20598544]
 [ 0.31892604  0.11900006  0.01567695]
 [ 0.07911074 -0.06687267  0.06505042]
 [ 0.12514576 -0.0451023   0.        ]
 [ 0.09483401  0.16070944  0.39094272]
 [ 0.24248716  0.3323148   0.5255835 ]
 [ 0.36629403  0.2982145   0.46639842]
 [ 0.39603674  0.3252868   0.5423857 ]
 [ 0.21608263  0.42429957  0.42720842]
 [ 0.29556704  0.48002422  0.16287825]
 [ 0.49519718  0.41516662  0.07570097]
 [ 0.2649502   0.19658452  0.58069754]
 [ 0.46102828  0.11052733  0.35753834]
 [ 0.60043365  0.24153903  0.2680059 ]]
[[ 0.          0.          0.2878694 ]
 [ 0.01844564 -0.08120959  0.3561663 ]
 [ 0.405329   -0.26683694  0.41811943]
 [ 0.12567833 -0.4358181   0.16439188]
 [ 0.2040712  -0.5004796   0.09536204]
 [-0.01854903  0.08116119  0.21955994]
 [ 0.3014421   0.11300071  0.00373188]
 [ 0.04614878 -0.03869613  0.05820973]
 [ 0.05704533 -0.00180337  0.        ]
 [ 0.10549408  0.156685    0.40784046]
 [ 0.24975176  0.32777804  0.5459061 ]
 [ 0.37754244  0.2884072   0.48579985]
 [ 0.40520826  0.31424767  0.5628929 ]
 [ 0.22415215  0.4245236   0.45525956]
 [ 0.27458584  0.48969108  0.18656519]
 [ 0.44442505  0.43146163  0.05517498]
 [ 0.2721762   0.1902692   0.60018235]
 [ 0.44322813  0.09481702  0.36134633]
 [ 0.5741867   0.19051194  0.23928675]]
[[ 0.          0.          0.336673  ]
 [ 0.0146522  -0.08208541  0.40635505]
 [ 0.4117294  -0.26131505  0.44869623]
 [ 0.10753262 -0.4066376   0.18930134]
 [ 0.18310368 -0.4613831   0.09769994]
 [-0.0147607   0.08200196  0.26698005]
 [ 0.25619304  0.10707244  0.        ]
 [ 0.00180207 -0.02647251  0.0755516 ]
 [-0.01958499  0.01508912  0.01179326]
 [ 0.10413027  0.15799497  0.4548504 ]
 [ 0.24902464  0.32139617  0.60565984]
 [ 0.37954354  0.27322277  0.54479504]
 [ 0.3986958   0.29863015  0.6279404 ]
 [ 0.23036036  0.41932932  0.5208305 ]
 [ 0.24815771  0.47640604  0.24525118]
 [ 0.38379484  0.42503208  0.09028403]
 [ 0.26050198  0.18026572  0.65543294]
 [ 0.39483267  0.07668657  0.40628764]
 [ 0.48721212  0.1767056   0.24003604]]
[[ 0.          0.          0.37353402]
 [ 0.01031591 -0.08571501  0.4384618 ]
 [ 0.42433286 -0.2410508   0.47741672]
 [ 0.08544846 -0.32550997  0.20951742]
 [ 0.16506156 -0.36682293  0.08992109]
 [-0.0104321   0.08559387  0.3085906 ]
 [ 0.21287936  0.12134555  0.        ]
 [-0.03580684 -0.02674732  0.08931902]
 [-0.07898252  0.01888031  0.01321763]
 [ 0.10052937  0.1513744   0.5091994 ]
 [ 0.24555269  0.30700082  0.66967714]
 [ 0.3798634   0.24920303  0.60909665]
 [ 0.3980801   0.27393395  0.6954675 ]
 [ 0.2355651   0.40357298  0.5830902 ]
 [ 0.22812268  0.454455    0.30281752]
 [ 0.33076856  0.3999001   0.14090928]
 [ 0.2432543   0.16719276  0.7148845 ]
 [ 0.36116856  0.05775991  0.46432173]
 [ 0.4215091   0.13939187  0.24665618]]
[[ 0.          0.          0.40829563]
 [ 0.01114445 -0.09300037  0.4667215 ]
 [ 0.4166941  -0.2316922   0.48288167]
 [ 0.11298066 -0.31422508  0.18704754]
 [ 0.1952872  -0.3405122   0.07966989]
 [-0.01126609  0.09285808  0.34985304]
 [ 0.1964892   0.17758095  0.01460415]
 [-0.050322    0.05557984  0.09210274]
 [-0.09852192  0.12191495  0.        ]
 [ 0.10407282  0.14157985  0.5508145 ]
 [ 0.25574854  0.2816253   0.7188904 ]
 [ 0.38260752  0.22165546  0.67207295]
 [ 0.39180982  0.23985857  0.76480657]
 [ 0.247222    0.38474458  0.63754255]
 [ 0.22073793  0.4405671   0.35816148]
 [ 0.3026594   0.39166537  0.18682247]
 [ 0.24231696  0.1427593   0.76584154]
 [ 0.3180545   0.04476551  0.49988085]
 [ 0.40338376  0.10900313  0.308536  ]]
[[ 0.          0.          0.44146574]
 [ 0.01326489 -0.09860089  0.49410093]
 [ 0.42241627 -0.20045489  0.47099185]
 [ 0.12819372 -0.27763635  0.16111955]
 [ 0.22045004 -0.2834274   0.05266333]
 [-0.01338965  0.09844344  0.38880748]
 [ 0.16681324  0.16871044  0.03721243]
 [-0.09126964  0.03624865  0.09136721]
 [-0.16263273  0.10571206  0.        ]
 [ 0.10857271  0.13110046  0.59111047]
 [ 0.25887555  0.2603311   0.7661315 ]
 [ 0.390158    0.19425194  0.7308639 ]
 [ 0.38637662  0.20981276  0.83317715]
 [ 0.26026553  0.36816272  0.6866891 ]
 [ 0.21979955  0.42303458  0.4117721 ]
 [ 0.2815388   0.358968    0.23347513]
 [ 0.230844    0.12102944  0.8152394 ]
 [ 0.28542355  0.02867971  0.5466523 ]
 [ 0.39062935  0.11224028  0.38649952]]
[[ 0.          0.          0.46802226]
 [ 0.0091558  -0.09560663  0.52128017]
 [ 0.4153845  -0.18115379  0.44244662]
 [ 0.10848223 -0.23678786  0.13063869]
 [ 0.19071493 -0.22506493  0.02708596]
 [-0.00928693  0.09544329  0.41474372]
 [ 0.12681189  0.13517764  0.05750203]
 [-0.14016855  0.0036853   0.09354392]
 [-0.22106457  0.0755645   0.        ]
 [ 0.10322266  0.13394603  0.61797667]
 [ 0.25090143  0.2539325   0.8077058 ]
 [ 0.39188227  0.18875054  0.7747381 ]
 [ 0.37583122  0.20329621  0.88210565]
 [ 0.2614917   0.35801062  0.72267306]
 [ 0.21676506  0.39551663  0.4503505 ]
 [ 0.2532947   0.30008033  0.27689108]
 [ 0.21306545  0.11521721  0.8572087 ]
 [ 0.25282067 -0.001817    0.60358775]
 [ 0.3622458   0.09644066  0.44582415]]
[[ 0.00000000e+00  0.00000000e+00  4.82518733e-01]
 [ 7.12092966e-03 -9.27454382e-02  5.38032711e-01]
 [ 4.13449079e-01 -1.69099048e-01  4.11358058e-01]
 [ 8.26046765e-02 -2.15592027e-01  1.13880187e-01]
 [ 1.63945854e-01 -1.90240741e-01  1.22189522e-06]
 [-7.24494085e-03  9.25928950e-02  4.26983088e-01]
 [ 9.23794955e-02  8.43856335e-02  6.38935566e-02]
 [-1.77090839e-01 -4.40950990e-02  1.02126718e-01]
 [-2.65791237e-01  2.24570632e-02  0.00000000e+00]
 [ 1.02647156e-01  1.34552643e-01  6.34601831e-01]
 [ 2.46910900e-01  2.58947134e-01  8.25863183e-01]
 [ 3.95980239e-01  1.95187509e-01  8.00763190e-01]
 [ 3.81108612e-01  2.14523673e-01  9.07163918e-01]
 [ 2.66818792e-01  3.54990542e-01  7.38458157e-01]
 [ 2.19924659e-01  3.78820419e-01  4.66363400e-01]
 [ 2.46980295e-01  2.58100092e-01  3.04731041e-01]
 [ 1.98334187e-01  1.20152384e-01  8.80197227e-01]
 [ 2.26273611e-01 -4.16423976e-02  6.54220879e-01]
 [ 3.37658793e-01  4.59845923e-02  4.85676646e-01]]
[[ 0.          0.          0.5209776 ]
 [ 0.00449149 -0.09594546  0.57851005]
 [ 0.40571845 -0.157991    0.39356863]
 [ 0.07284284 -0.21350706  0.1058411 ]
 [ 0.1569404  -0.18018186  0.        ]
 [-0.00460758  0.09580413  0.4634211 ]
 [ 0.08489814  0.07460165  0.09571081]
 [-0.18361658 -0.05347514  0.13477382]
 [-0.2668091   0.01349378  0.0168817 ]
 [ 0.10193414  0.13653934  0.6696788 ]
 [ 0.25784907  0.2584384   0.8579287 ]
 [ 0.40108496  0.20050827  0.8455966 ]
 [ 0.38278753  0.21955195  0.95618665]
 [ 0.281025    0.3554532   0.77171576]
 [ 0.2283751   0.38463515  0.50123304]
 [ 0.26729602  0.24581748  0.35886496]
 [ 0.20047334  0.11642855  0.91662455]
 [ 0.21062785 -0.06520805  0.7042195 ]
 [ 0.3368576   0.02457026  0.56097054]]
[[ 0.          0.          0.5418223 ]
 [ 0.01105893 -0.09667669  0.5976514 ]
 [ 0.3988387  -0.13091715  0.3806576 ]
 [ 0.07213777 -0.18858963  0.101639  ]
 [ 0.15803394 -0.14135456  0.        ]
 [-0.01117951  0.09653318  0.4859596 ]
 [ 0.07949227  0.06819072  0.12763742]
 [-0.20871392 -0.08794254  0.14499784]
 [-0.2967887  -0.0171147   0.0276382 ]
 [ 0.10279497  0.1313693   0.6924914 ]
 [ 0.25587732  0.25195134  0.880119  ]
 [ 0.3999548   0.19292262  0.8729223 ]
 [ 0.3742395   0.21192873  0.98709464]
 [ 0.28299427  0.34723732  0.7918129 ]
 [ 0.23420933  0.3916201   0.5260026 ]
 [ 0.27953678  0.2347378   0.39546257]
 [ 0.19463618  0.11003867  0.9430718 ]
 [ 0.20379886 -0.07199335  0.7345425 ]
 [ 0.34608036  0.03690454  0.6087799 ]]
[[ 0.          0.          0.5703831 ]
 [ 0.00920525 -0.09492937  0.62479675]
 [ 0.39050186 -0.13594833  0.37114066]
 [ 0.07214299 -0.18146446  0.09920543]
 [ 0.15146056 -0.13121009  0.        ]
 [-0.00932703  0.09478846  0.5159365 ]
 [ 0.06544778  0.03841636  0.16019732]
 [-0.24517304 -0.11618054  0.14632827]
 [-0.33410996 -0.04296476  0.03124142]
 [ 0.1004257   0.1305631   0.72209764]
 [ 0.2555955   0.24216732  0.913147  ]
 [ 0.3998338   0.1815176   0.90881026]
 [ 0.37213433  0.20070249  1.0229583 ]
 [ 0.28540188  0.33605352  0.82297045]
 [ 0.23446289  0.37387413  0.5572643 ]
 [ 0.27989239  0.20876975  0.43781212]
 [ 0.19005987  0.10250723  0.97531366]
 [ 0.19458136 -0.08039548  0.7664098 ]
 [ 0.34206825  0.0283611   0.6529333 ]]
