[[ 0.          0.          0.83873427]
 [ 0.10325021  0.01251688  0.8458164 ]
 [ 0.04340881  0.31207183  0.5049515 ]
 [ 0.06472769  0.23509067  0.07531112]
 [ 0.01322862  0.35913104  0.        ]
 [-0.10332066 -0.01256823  0.8309593 ]
 [-0.02123279 -0.06285203  0.40700302]
 [ 0.20171398 -0.45739377  0.5786598 ]
 [ 0.33760244 -0.49656412  0.5842924 ]
 [ 0.01143793  0.15883398  1.0077647 ]
 [ 0.00710754  0.33101642  1.1645753 ]
 [-0.03270195  0.43442732  1.0921545 ]
 [-0.03915751  0.45259076  1.2220511 ]
 [-0.13606167  0.3111227   1.1999723 ]
 [-0.24340379  0.11474758  1.0371646 ]
 [-0.24762923  0.16629636  0.7879217 ]
 [ 0.14255911  0.27924472  1.139364  ]
 [ 0.28863642  0.24696837  0.972702  ]
 [ 0.26247814  0.31480646  0.7788882 ]]
[[ 0.          0.          0.8237584 ]
 [ 0.10796827  0.01751047  0.8335013 ]
 [ 0.07077411  0.30841395  0.49043888]
 [ 0.10053585  0.20269758  0.07429063]
 [ 0.04670967  0.32819378  0.        ]
 [-0.10811283 -0.01752346  0.81334966]
 [-0.06075727 -0.03760591  0.3854963 ]
 [ 0.16289288 -0.4568776   0.5766782 ]
 [ 0.298683   -0.49082136  0.5591939 ]
 [ 0.00734106  0.16368899  0.99340665]
 [-0.00156154  0.34445518  1.1519494 ]
 [-0.04393539  0.45260057  1.0856909 ]
 [-0.05115353  0.46815863  1.2163123 ]
 [-0.14712268  0.3154271   1.1856599 ]
 [-0.25097653  0.09096709  1.0559525 ]
 [-0.24629092  0.1345633   0.84286475]
 [ 0.14433415  0.31019142  1.128391  ]
 [ 0.26103705  0.33515787  0.9467945 ]
 [ 0.19111922  0.41881797  0.7832482 ]]
[[ 0.          0.          0.72657865]
 [ 0.11649036  0.03404363  0.7453337 ]
 [ 0.25841868  0.29165864  0.42089257]
 [ 0.36462176  0.02503598  0.09833837]
 [ 0.3372666   0.1371026   0.        ]
 [-0.11655903 -0.03383266  0.70738065]
 [-0.16643697  0.28185862  0.45857382]
 [ 0.01369242 -0.02305695  0.3887649 ]
 [ 0.05053091  0.02834082  0.22787237]
 [-0.03112631  0.12652057  0.91795933]
 [-0.08064614  0.27697966  1.1067057 ]
 [-0.13159359  0.38885462  1.0597752 ]
 [-0.14260444  0.39832076  1.1878076 ]
 [-0.20398736  0.20942575  1.136776  ]
 [-0.2704453  -0.00384235  1.3043234 ]
 [-0.2150658  -0.1383672   1.1785996 ]
 [ 0.06712805  0.29532838  1.0826337 ]
 [ 0.06015269  0.44632286  0.84765667]
 [-0.11195365  0.4539797   0.9413561 ]]
[[ 0.          0.          0.6730233 ]
 [ 0.11618693  0.03682976  0.68756187]
 [ 0.33092442  0.262519    0.42469016]
 [ 0.47717023 -0.05705577  0.14259475]
 [ 0.47283107  0.01864529  0.        ]
 [-0.11626285 -0.03659947  0.65822506]
 [-0.16396669  0.36050135  0.49657577]
 [-0.05725364  0.12311214  0.2092109 ]
 [-0.06592011  0.22661084  0.06497991]
 [-0.04210114  0.09686407  0.87941146]
 [-0.10306412  0.22322628  1.0834038 ]
 [-0.16869098  0.33094853  1.0418732 ]
 [-0.18428305  0.34590712  1.1659808 ]
 [-0.21044323  0.13882095  1.1115861 ]
 [-0.2477701  -0.07636863  1.2890968 ]
 [-0.22074914 -0.19501472  1.1546859 ]
 [ 0.037394    0.25724673  1.059572  ]
 [ 0.04372773  0.39862394  0.8211289 ]
 [-0.11630613  0.41742283  0.9850286 ]]
[[ 0.          0.          0.67171204]
 [ 0.11413176  0.04352923  0.686804  ]
 [ 0.33782282  0.22134593  0.43196714]
 [ 0.49743414 -0.16012633  0.24711707]
 [ 0.53170955 -0.11461663  0.06915146]
 [-0.1142012  -0.0432869   0.65656024]
 [-0.18529364  0.3493767   0.49273932]
 [-0.12395777  0.23058903  0.09260082]
 [-0.16714004  0.36854136  0.        ]
 [-0.04661798  0.09116083  0.87950927]
 [-0.1173175   0.21442258  1.0867416 ]
 [-0.21638936  0.31099468  1.0439134 ]
 [-0.2188155   0.32960773  1.169224  ]
 [-0.21040744  0.11341268  1.1034253 ]
 [-0.22484282 -0.11339214  1.2482333 ]
 [-0.2343982  -0.20569843  1.0968797 ]
 [ 0.01649022  0.2569834   1.0658886 ]
 [ 0.05807176  0.38887703  0.8300494 ]
 [-0.09818596  0.42919225  0.9658402 ]]
[[ 0.0000000e+00  0.0000000e+00  6.8805379e-01]
 [ 1.1710656e-01  4.7185086e-02  7.0345306e-01]
 [ 2.2824103e-01  4.5239538e-02  3.3586529e-01]
 [ 3.7345064e-01 -4.1612524e-01  3.9021221e-01]
 [ 4.6645039e-01 -4.1463655e-01  2.9855198e-01]
 [-1.1717355e-01 -4.7035109e-02  6.7287177e-01]
 [-1.9273132e-01  3.4642366e-01  4.3123490e-01]
 [-1.5304387e-01  4.1209221e-01  2.4671435e-02]
 [-2.1273023e-01  5.8593208e-01  0.0000000e+00]
 [-5.3764775e-02  1.1324632e-01  8.7666154e-01]
 [-1.3765606e-01  2.3545521e-01  1.0717243e+00]
 [-2.6361203e-01  3.2695585e-01  1.0436997e+00]
 [-2.6964974e-01  3.5084593e-01  1.1769168e+00]
 [-2.3454607e-01  1.3315862e-01  1.0393374e+00]
 [-2.4710390e-01 -8.0796272e-02  9.6535796e-01]
 [-2.2885033e-01 -1.3880977e-01  7.7258480e-01]
 [-3.1965226e-04  2.6599744e-01  1.0732882e+00]
 [ 1.3655911e-01  3.0744594e-01  8.4712136e-01]
 [ 3.5207868e-02  4.0415409e-01  7.8744030e-01]]
[[ 0.          0.          0.69455785]
 [ 0.11490203  0.05100092  0.7079846 ]
 [ 0.15628183  0.0102444   0.3088913 ]
 [ 0.2566832  -0.48176783  0.45375365]
 [ 0.3698293  -0.5158772   0.42691743]
 [-0.11503834 -0.05088565  0.6813611 ]
 [-0.16088825  0.33744094  0.4263823 ]
 [-0.09246063  0.3891042   0.02411288]
 [-0.16197985  0.57074     0.        ]
 [-0.05319253  0.11899289  0.87576973]
 [-0.14499319  0.23111582  1.0669602 ]
 [-0.27868783  0.31182697  1.0511506 ]
 [-0.2817182   0.33445913  1.1829867 ]
 [-0.23658136  0.12836283  1.026045  ]
 [-0.24125382 -0.0654666   0.85321766]
 [-0.24735478 -0.08228874  0.6312587 ]
 [-0.00876784  0.25955042  1.0703118 ]
 [ 0.17099315  0.26007155  0.87396795]
 [ 0.16832708  0.29455376  0.71409523]]
[[ 0.          0.          0.6924221 ]
 [ 0.11465202  0.05616887  0.7023446 ]
 [ 0.07808708  0.02616972  0.29257876]
 [ 0.15456101 -0.47360045  0.46267214]
 [ 0.2527148  -0.52012295  0.42314827]
 [-0.11480512 -0.05611011  0.68265265]
 [-0.11546217  0.31666878  0.40681517]
 [ 0.03074279  0.35178912  0.03944933]
 [-0.05302155  0.5320002   0.        ]
 [-0.05920628  0.12401843  0.876418  ]
 [-0.15613137  0.2277981   1.0727403 ]
 [-0.29326123  0.30332524  1.0714276 ]
 [-0.2917512   0.31673476  1.20169   ]
 [-0.24997902  0.1302056   1.0250137 ]
 [-0.2619542  -0.02777353  0.8121836 ]
 [-0.31296325  0.0387182   0.61524683]
 [-0.02093403  0.24976885  1.0756172 ]
 [ 0.19248444  0.17650852  0.95680165]
 [ 0.30155092  0.1519393   0.7751485 ]]
[[ 0.          0.          0.6667776 ]
 [ 0.10668739  0.064589    0.6773902 ]
 [-0.04739255  0.12601244  0.29224968]
 [ 0.06492317 -0.32224762  0.38545036]
 [ 0.13755274 -0.33593148  0.2654834 ]
 [-0.10689776 -0.06464049  0.65595984]
 [-0.03513379  0.23709783  0.3437792 ]
 [ 0.20994508  0.26044264  0.06199968]
 [ 0.12348894  0.43049464  0.        ]
 [-0.07254986  0.11025313  0.8585604 ]
 [-0.17420897  0.20255542  1.0655816 ]
 [-0.29701066  0.2854063   1.077257  ]
 [-0.27962348  0.2914936   1.2101598 ]
 [-0.28538385  0.11945358  1.0161375 ]
 [-0.33616984  0.01921862  0.7696764 ]
 [-0.40727025  0.21497987  0.7229306 ]
 [-0.0339921   0.20566523  1.0662426 ]
 [ 0.21744415  0.0680449   1.0774493 ]
 [ 0.413439    0.01378205  0.91534567]]
[[ 0.          0.          0.67249197]
 [ 0.09875456  0.06379128  0.6893284 ]
 [-0.10165961  0.2805323   0.40699214]
 [ 0.03552176 -0.01834291  0.2641161 ]
 [ 0.03650837  0.05803645  0.09814095]
 [-0.09896319 -0.06392893  0.65497655]
 [ 0.08162798  0.02887353  0.36667007]
 [ 0.33551955 -0.02378923  0.11837882]
 [ 0.30016682  0.11225367  0.        ]
 [-0.07494525  0.0734337   0.8746325 ]
 [-0.16115157  0.16334191  1.0899776 ]
 [-0.2539506   0.26846078  1.0832262 ]
 [-0.23751524  0.26353878  1.2197788 ]
 [-0.28632784  0.11016667  1.0568779 ]
 [-0.40082443  0.04986148  0.8134467 ]
 [-0.40757465  0.25855184  0.929803  ]
 [-0.01991966  0.1486361   1.0878713 ]
 [ 0.21172693  0.01844555  1.1816399 ]
 [ 0.4192077  -0.04543605  1.0378368 ]]
[[ 0.0000000e+00  0.0000000e+00  6.4519650e-01]
 [ 9.7571775e-02  5.3705480e-02  6.6403240e-01]
 [-1.3346240e-01  2.7202860e-01  4.2832780e-01]
 [-1.3896313e-02  4.3914318e-02  1.3572794e-01]
 [-5.7844527e-02  1.5212119e-01  0.0000000e+00]
 [-9.7783454e-02 -5.3883750e-02  6.2555790e-01]
 [ 1.5566388e-01  2.4233773e-02  3.8084903e-01]
 [ 4.0561205e-01 -7.6988935e-02  2.1662647e-01]
 [ 4.3106934e-01  2.9984355e-02  5.8222830e-02]
 [-6.5622196e-02  6.4483032e-02  8.5326695e-01]
 [-1.3951927e-01  1.5464532e-01  1.0706341e+00]
 [-2.1845031e-01  2.7138948e-01  1.0556569e+00]
 [-2.0413527e-01  2.6422691e-01  1.1949061e+00]
 [-2.7031794e-01  1.0723010e-01  1.0492654e+00]
 [-4.1716188e-01  5.8968171e-02  8.3823371e-01]
 [-3.8197520e-01  2.3444229e-01  9.9130702e-01]
 [ 8.6650252e-06  1.3233757e-01  1.0643764e+00]
 [ 2.2708893e-01 -9.2524290e-03  1.1677923e+00]
 [ 4.1729414e-01 -4.7989368e-02  1.0203886e+00]]
[[ 0.          0.          0.7140398 ]
 [ 0.1014738   0.0270322   0.72545207]
 [-0.05617121  0.32039884  0.4836849 ]
 [-0.04044616  0.2595269   0.05829656]
 [-0.10752758  0.39591378  0.        ]
 [-0.10168749 -0.02728905  0.70161116]
 [ 0.13715874 -0.01571396  0.4019602 ]
 [ 0.41279596 -0.23444432  0.46992856]
 [ 0.52834123 -0.18686134  0.3846093 ]
 [-0.02973152  0.09351921  0.92466944]
 [-0.07080729  0.20838574  1.1340117 ]
 [-0.12673163  0.3193096   1.0984759 ]
 [-0.12221324  0.32200295  1.2355196 ]
 [-0.21169737  0.18654999  1.1403193 ]
 [-0.356102    0.10069042  0.9421793 ]
 [-0.31208518  0.28365204  0.9602826 ]
 [ 0.06839567  0.16311038  1.1111461 ]
 [ 0.306938    0.06130278  1.107964  ]
 [ 0.41121882  0.08024594  0.8883388 ]]
[[ 0.          0.          0.78010607]
 [ 0.10343683  0.01553958  0.78974015]
 [ 0.00537651  0.3122226   0.48441234]
 [ 0.00352501  0.26621798  0.05118418]
 [-0.06075984  0.39411765  0.        ]
 [-0.10356022 -0.01572118  0.76959014]
 [ 0.06122756 -0.02879286  0.40097415]
 [ 0.31395376 -0.32018894  0.59667635]
 [ 0.45235586 -0.31980747  0.5766735 ]
 [-0.00330395  0.12918025  0.9686414 ]
 [-0.02484159  0.27327412  1.1551895 ]
 [-0.07860619  0.37696645  1.1094363 ]
 [-0.07754499  0.37828678  1.2438911 ]
 [-0.1668061   0.25363904  1.1774741 ]
 [-0.30292514  0.09130725  1.0183867 ]
 [-0.30227143  0.19667211  0.8285541 ]
 [ 0.11426599  0.22688484  1.129403  ]
 [ 0.30546936  0.15443337  1.0026155 ]
 [ 0.31248805  0.21081172  0.7723898 ]]
[[ 0.          0.          0.82228863]
 [ 0.10346159  0.01161469  0.8305064 ]
 [ 0.04159596  0.3045324   0.49344975]
 [ 0.04242554  0.22993845  0.06427258]
 [-0.01392949  0.35517168  0.        ]
 [-0.10357527 -0.0117078   0.81333   ]
 [-0.00494584 -0.04014552  0.41079974]
 [ 0.2149941  -0.4222811   0.61763364]
 [ 0.35273004 -0.45129174  0.6192111 ]
 [ 0.004336    0.14499217  1.0023508 ]
 [-0.01090105  0.30198526  1.1762018 ]
 [-0.06038621  0.404211    1.1228874 ]
 [-0.06487185  0.41062444  1.2549354 ]
 [-0.1541928   0.28171378  1.2042848 ]
 [-0.2777692   0.08325911  1.0595105 ]
 [-0.2734269   0.1552848   0.8408728 ]
 [ 0.13102895  0.25882107  1.1479642 ]
 [ 0.2757746   0.2430383   0.9755054 ]
 [ 0.22825484  0.31355682  0.77143145]]
[[ 0.          0.          0.7984694 ]
 [ 0.11019473  0.02430924  0.8109778 ]
 [ 0.1094881   0.3089525   0.46185827]
 [ 0.13398424  0.17890024  0.06512773]
 [ 0.07677457  0.30688953  0.        ]
 [-0.11038923 -0.0243119   0.78539026]
 [-0.10719419  0.02608448  0.3863343 ]
 [ 0.11860037 -0.4042409   0.5782401 ]
 [ 0.24543434 -0.43264705  0.55748665]
 [-0.00430557  0.14889853  0.9787665 ]
 [-0.02899638  0.31469095  1.159678  ]
 [-0.08005759  0.42685285  1.1225266 ]
 [-0.08186632  0.43063655  1.2532074 ]
 [-0.17195901  0.2732724   1.1759657 ]
 [-0.25774273  0.02498463  1.0865842 ]
 [-0.2370421   0.02354799  0.92543036]
 [ 0.12707262  0.30178386  1.1354344 ]
 [ 0.20421998  0.39042002  0.92860097]
 [ 0.07840911  0.472545    0.82937384]]
[[ 0.          0.          0.70462126]
 [ 0.11558393  0.03341747  0.71907324]
 [ 0.29024825  0.30673593  0.42396933]
 [ 0.40299648  0.03461272  0.11512285]
 [ 0.37359995  0.13949805  0.        ]
 [-0.11564392 -0.03319615  0.6897472 ]
 [-0.15976399  0.31152967  0.45789176]
 [ 0.01564886  0.00903147  0.3699117 ]
 [ 0.04802229  0.06422397  0.2060548 ]
 [-0.02788258  0.12091464  0.89610606]
 [-0.07828978  0.25647742  1.092303  ]
 [-0.14023063  0.36692214  1.0605489 ]
 [-0.14765507  0.36858922  1.1909786 ]
 [-0.19520223  0.18400094  1.1132843 ]
 [-0.22780102 -0.03804618  1.2920024 ]
 [-0.16706139 -0.16259119  1.1349316 ]
 [ 0.06544147  0.28449667  1.0664191 ]
 [ 0.05584696  0.4419031   0.8353166 ]
 [-0.11384204  0.43038     0.9666172 ]]
[[ 0.          0.          0.6534657 ]
 [ 0.11551236  0.03592759  0.664059  ]
 [ 0.3498215   0.25715512  0.42597574]
 [ 0.5000323  -0.05913451  0.16426921]
 [ 0.5072501   0.00406289  0.        ]
 [-0.11553805 -0.03569217  0.6426935 ]
 [-0.16441837  0.36634028  0.4842366 ]
 [-0.04860522  0.14868072  0.19785166]
 [-0.06107388  0.25742403  0.05552185]
 [-0.03211379  0.09409149  0.8557686 ]
 [-0.08937895  0.20298347  1.068137  ]
 [-0.17897013  0.30471808  1.0426911 ]
 [-0.18072504  0.30764496  1.1729805 ]
 [-0.18674473  0.11132729  1.0851603 ]
 [-0.1881258  -0.11866283  1.2607279 ]
 [-0.16535074 -0.22743535  1.1040276 ]
 [ 0.04106148  0.24488688  1.0329554 ]
 [ 0.05971985  0.39528063  0.8061334 ]
 [-0.09506172  0.39933503  0.9803289 ]]
[[ 0.          0.          0.64550173]
 [ 0.1123831   0.04713535  0.65914303]
 [ 0.30324805  0.13218348  0.3750201 ]
 [ 0.4845786  -0.29612708  0.30595136]
 [ 0.53925884 -0.2772928   0.15358034]
 [-0.11242327 -0.04692034  0.6319994 ]
 [-0.18350288  0.3589611   0.45868844]
 [-0.11910769  0.35835448  0.06249845]
 [-0.15389502  0.51344526  0.        ]
 [-0.04039674  0.09749286  0.84893876]
 [-0.11066684  0.2106911   1.060224  ]
 [-0.23204166  0.30403936  1.0354443 ]
 [-0.22029543  0.31085834  1.1695668 ]
 [-0.19827184  0.0999282   1.0656407 ]
 [-0.17925815 -0.13831198  1.1615304 ]
 [-0.18225303 -0.21695045  0.9862263 ]
 [ 0.0180054   0.25435203  1.0297861 ]
 [ 0.10632014  0.356182    0.7983647 ]
 [-0.04315361  0.42881638  0.88912845]]
[[ 0.          0.          0.6511693 ]
 [ 0.1127805   0.04641607  0.662807  ]
 [ 0.17130849 -0.04376802  0.27935356]
 [ 0.30565417 -0.51814854  0.40421072]
 [ 0.40946382 -0.5513177   0.3669379 ]
 [-0.11286245 -0.04633749  0.6397847 ]
 [-0.16109535  0.34619442  0.40388018]
 [-0.10174349  0.46803796  0.02099413]
 [-0.16540247  0.64425683  0.        ]
 [-0.04589352  0.11510323  0.8392564 ]
 [-0.12952405  0.21852452  1.0384637 ]
 [-0.25744766  0.3043615   1.0316603 ]
 [-0.25413364  0.31859547  1.1637923 ]
 [-0.22014588  0.11739597  1.0062277 ]
 [-0.22561036 -0.09128672  0.88333404]
 [-0.22207452 -0.1127025   0.684531  ]
 [ 0.00305461  0.24810845  1.0276995 ]
 [ 0.15929699  0.26821896  0.8155937 ]
 [ 0.13112903  0.33504125  0.70887864]]
[[ 0.          0.          0.664417  ]
 [ 0.11049541  0.04791424  0.6754336 ]
 [ 0.12236196 -0.03577319  0.28121895]
 [ 0.21302533 -0.5303258   0.43685457]
 [ 0.32028586 -0.580058    0.43919367]
 [-0.11062462 -0.04787711  0.65366936]
 [-0.13453594  0.33618277  0.40504125]
 [-0.03940976  0.4317825   0.02835709]
 [-0.12002668  0.61436534  0.        ]
 [-0.04881182  0.11076869  0.8523641 ]
 [-0.13728361  0.20397398  1.0565145 ]
 [-0.26662463  0.27946293  1.0632234 ]
 [-0.2622611   0.28896198  1.1926819 ]
 [-0.22482824  0.10708395  1.0168856 ]
 [-0.23459095 -0.08138555  0.83083886]
 [-0.25932524 -0.06841087  0.6238728 ]
 [-0.00556538  0.23053402  1.0443699 ]
 [ 0.17383459  0.21317759  0.860459  ]
 [ 0.2149761   0.24060905  0.67997396]]
[[ 0.          0.          0.65662694]
 [ 0.11168307  0.06078543  0.6656744 ]
 [ 0.04614626  0.02404267  0.26458478]
 [ 0.12393498 -0.47237253  0.44904956]
 [ 0.21371007 -0.52701795  0.4266094 ]
 [-0.11185502 -0.06081172  0.647756  ]
 [-0.08607858  0.30316108  0.3879124 ]
 [ 0.08550005  0.3488306   0.04242283]
 [-0.0133428   0.5335921   0.        ]
 [-0.06058435  0.10783091  0.8489946 ]
 [-0.1570743   0.19185907  1.0612254 ]
 [-0.28363144  0.2649217   1.0831597 ]
 [-0.27308026  0.2680881   1.2124215 ]
 [-0.2533417   0.09954438  1.0130411 ]
 [-0.268084   -0.05033875  0.79319876]
 [-0.35033014  0.04485019  0.6456155 ]
 [-0.02008533  0.209863    1.048239  ]
 [ 0.2048611   0.11493298  0.94830185]
 [ 0.32639623  0.09028079  0.75151366]]
[[ 0.          0.          0.6394254 ]
 [ 0.10472213  0.06664398  0.65099263]
 [-0.06985581  0.18093874  0.294956  ]
 [ 0.06399995 -0.24291387  0.36336997]
 [ 0.1355837  -0.24774432  0.23947835]
 [-0.10496278 -0.06675041  0.627583  ]
 [ 0.01259808  0.19708143  0.35086352]
 [ 0.2764024   0.21894437  0.07645702]
 [ 0.19577509  0.38948303  0.        ]
 [-0.06884557  0.08280897  0.84474254]
 [-0.1595      0.15610522  1.0702789 ]
 [-0.2701006   0.24079949  1.0919428 ]
 [-0.25510383  0.2427358   1.2227399 ]
 [-0.27601016  0.08049726  1.0265431 ]
 [-0.35187    -0.01129404  0.7789236 ]
 [-0.41894856  0.20115079  0.80992925]
 [-0.02028737  0.15699697  1.0570906 ]
 [ 0.23005816  0.01762527  1.0761684 ]
 [ 0.40566793 -0.02321355  0.8938668 ]]
[[ 0.          0.          0.6080632 ]
 [ 0.09583548  0.05936801  0.6244277 ]
 [-0.12710118  0.2844169   0.38040927]
 [ 0.03693316  0.01867417  0.20140284]
 [ 0.03073898  0.09873635  0.04953098]
 [-0.09605838 -0.0595667   0.5910384 ]
 [ 0.12836355  0.02208918  0.3365634 ]
 [ 0.39894024 -0.0302335   0.13978517]
 [ 0.3819534   0.09808129  0.        ]
 [-0.06260715  0.05351171  0.82085705]
 [-0.14017569  0.12130189  1.0552703 ]
 [-0.22760883  0.22993872  1.0588676 ]
 [-0.21674255  0.21956205  1.1945074 ]
 [-0.26493162  0.06677318  1.0197604 ]
 [-0.404732   -0.01015973  0.8017023 ]
 [-0.40294504  0.17644063  0.9473144 ]
 [ 0.00124565  0.11095065  1.0417055 ]
 [ 0.24380244 -0.00695708  1.1210054 ]
 [ 0.41853577 -0.04787809  0.95508575]]
[[ 0.00000000e+00  0.00000000e+00  6.73038363e-01]
 [ 1.00998804e-01  3.48976552e-02  6.89276695e-01]
 [-1.04327679e-01  3.07901859e-01  4.70542550e-01]
 [-4.73573059e-02  1.99878931e-01  7.44924545e-02]
 [-1.11099392e-01  3.33279341e-01  0.00000000e+00]
 [-1.01235926e-01 -3.51610929e-02  6.55872405e-01]
 [ 1.65649936e-01 -9.35792923e-05  3.87920141e-01]
 [ 4.41634715e-01 -1.96935415e-01  3.84463638e-01]
 [ 5.24937630e-01 -1.20589137e-01  2.62814999e-01]
 [-3.79631296e-02  7.20205903e-02  8.88539732e-01]
 [-9.08147991e-02  1.56247377e-01  1.11621344e+00]
 [-1.57768637e-01  2.70806789e-01  1.11787295e+00]
 [-1.43747360e-01  2.61171758e-01  1.25280023e+00]
 [-2.30510712e-01  1.24934018e-01  1.09936869e+00]
 [-3.81258965e-01  3.20007950e-02  8.97599816e-01]
 [-3.43370020e-01  2.06333727e-01  9.80837822e-01]
 [ 5.08895442e-02  1.19942546e-01  1.09342265e+00]
 [ 2.91552365e-01  1.23479068e-02  1.12403524e+00]
 [ 4.25757110e-01  4.44321930e-02  9.18434978e-01]]
[[ 0.          0.          0.7133079 ]
 [ 0.10250452  0.0221242   0.72302896]
 [-0.02709     0.34239566  0.45905733]
 [-0.04025012  0.32349223  0.03289741]
 [-0.11899608  0.4557615   0.        ]
 [-0.10272032 -0.02238489  0.702636  ]
 [ 0.10378914 -0.04150802  0.35962105]
 [ 0.36648065 -0.2911522   0.53652966]
 [ 0.4939884  -0.27593797  0.5028136 ]
 [-0.01384158  0.10323155  0.91744906]
 [-0.042393    0.219334    1.1296754 ]
 [-0.10381767  0.32250705  1.1176647 ]
 [-0.09276891  0.31371778  1.2502575 ]
 [-0.1846928   0.19811079  1.13583   ]
 [-0.3235088   0.06994426  0.9635271 ]
 [-0.30822274  0.23804376  0.85693455]
 [ 0.0987777   0.17895243  1.0995928 ]
 [ 0.31777138  0.10675231  1.0145413 ]
 [ 0.36348692  0.14475623  0.78056896]]
[[ 0.          0.          0.75430363]
 [ 0.10215578  0.01666197  0.76415294]
 [ 0.00680903  0.33394447  0.4706542 ]
 [-0.00734852  0.2963951   0.04172128]
 [-0.08267117  0.4227434   0.        ]
 [-0.10233023 -0.01684811  0.74360913]
 [ 0.04932269 -0.02668026  0.37012196]
 [ 0.29374123 -0.32489926  0.5974624 ]
 [ 0.43018973 -0.3376263   0.59254897]
 [-0.00438058  0.12319154  0.9457818 ]
 [-0.02799454  0.2587707   1.1428355 ]
 [-0.0851682   0.36230743  1.1172571 ]
 [-0.07779029  0.355514    1.2498275 ]
 [-0.16949198  0.23956192  1.1590493 ]
 [-0.3003077   0.06683521  0.99815917]
 [-0.3036006   0.18254054  0.8053086 ]
 [ 0.11446714  0.21659216  1.1111889 ]
 [ 0.29716718  0.16310151  0.9674792 ]
 [ 0.2887312   0.22147028  0.749107  ]]
[[ 0.0000000e+00  0.0000000e+00  7.8731680e-01]
 [ 1.0689893e-01  1.9521644e-02  7.9614949e-01]
 [ 5.6854211e-02  3.2907355e-01  4.7485387e-01]
 [ 4.8175097e-02  2.5436199e-01  5.7726562e-02]
 [-2.3787528e-02  3.8173905e-01  0.0000000e+00]
 [-1.0710828e-01 -1.9612636e-02  7.7779746e-01]
 [-4.2460371e-02 -1.0206699e-02  3.7019095e-01]
 [ 1.7561457e-01 -4.1206318e-01  6.0344219e-01]
 [ 3.1207925e-01 -4.4770896e-01  6.0227728e-01]
 [-8.7682158e-04  1.4420335e-01  9.6872556e-01]
 [-1.9730031e-02  3.0362588e-01  1.1554531e+00]
 [-7.5062424e-02  4.1112721e-01  1.1281021e+00]
 [-6.8549320e-02  4.0804923e-01  1.2599587e+00]
 [-1.6373631e-01  2.7148411e-01  1.1737692e+00]
 [-2.8148049e-01  5.8280289e-02  1.0383505e+00]
 [-2.7758777e-01  1.2551241e-01  8.5378152e-01]
 [ 1.2899630e-01  2.7652991e-01  1.1212181e+00]
 [ 2.5730723e-01  2.8556544e-01  9.3783742e-01]
 [ 1.8249264e-01  3.5205805e-01  7.6842093e-01]]
[[ 0.          0.          0.72218084]
 [ 0.11374944  0.03748619  0.7386673 ]
 [ 0.18660162  0.3630655   0.42470294]
 [ 0.25487253  0.17112482  0.07825315]
 [ 0.18515924  0.30519298  0.        ]
 [-0.11390138 -0.03736545  0.70522195]
 [-0.16425887  0.1750401   0.38193172]
 [ 0.05957416 -0.16616927  0.50579596]
 [ 0.16718811 -0.15453404  0.43327132]
 [-0.01220609  0.14399573  0.90532756]
 [-0.05221993  0.2912635   1.1047597 ]
 [-0.12472677  0.40217525  1.1131433 ]
 [-0.11043477  0.39182863  1.2446082 ]
 [-0.18181092  0.22155929  1.095762  ]
 [-0.23056792 -0.05661485  1.0612597 ]
 [-0.23082384 -0.07933849  0.9210249 ]
 [ 0.10128967  0.31017494  1.0735611 ]
 [ 0.13480583  0.44544038  0.8592099 ]
 [-0.0298584   0.46963423  0.85846186]]
[[ 0.          0.          0.66521776]
 [ 0.11235041  0.03720133  0.6757935 ]
 [ 0.31605405  0.27869415  0.39368552]
 [ 0.4746877  -0.01516539  0.13238001]
 [ 0.45324248  0.06208605  0.        ]
 [-0.11237227 -0.03694437  0.6542905 ]
 [-0.16048422  0.3453109   0.462317  ]
 [-0.02768596  0.07956654  0.26358172]
 [-0.02987126  0.17451826  0.09572411]
 [-0.01933978  0.11249301  0.8597216 ]
 [-0.06983064  0.21902055  1.0631168 ]
 [-0.13967013  0.32375965  1.0836971 ]
 [-0.12535909  0.30603516  1.20979   ]
 [-0.18617976  0.1491929   1.0569967 ]
 [-0.16593902 -0.08375549  1.2459964 ]
 [-0.09966531 -0.18393488  1.0528189 ]
 [ 0.0729818   0.2509246   1.0420243 ]
 [ 0.05290541  0.406168    0.82347786]
 [-0.09915626  0.37221068  0.9960542 ]]
[[ 0.          0.          0.6323049 ]
 [ 0.10645055  0.04810195  0.6412988 ]
 [ 0.32821292  0.20813785  0.37451035]
 [ 0.5413072  -0.15123233  0.22336313]
 [ 0.57641447 -0.11449033  0.05613291]
 [-0.10652175 -0.04783457  0.62319756]
 [-0.18439984  0.34353742  0.4611991 ]
 [-0.11847763  0.217222    0.10141087]
 [-0.16279393  0.3541558   0.        ]
 [-0.02491316  0.0922558   0.8350299 ]
 [-0.09603924  0.19962174  1.0433615 ]
 [-0.1929611   0.29064268  1.0703872 ]
 [-0.16038859  0.27731025  1.1932693 ]
 [-0.20433037  0.11382473  1.0442715 ]
 [-0.1390715  -0.1397022   1.170138  ]
 [-0.14003855 -0.22618437  1.009598  ]
 [ 0.04656492  0.23701215  1.0172949 ]
 [ 0.05776051  0.37690228  0.79576457]
 [-0.08215411  0.37117437  0.9602392 ]]
[[ 0.          0.          0.61831176]
 [ 0.11029687  0.05402217  0.6274258 ]
 [ 0.22899058  0.02282745  0.28085187]
 [ 0.43429124 -0.43502986  0.3409069 ]
 [ 0.5459081  -0.44144022  0.2544587 ]
 [-0.11036857 -0.05387904  0.6094789 ]
 [-0.19246674  0.34555703  0.39894223]
 [-0.15646225  0.4684468   0.01753533]
 [-0.22735327  0.63708377  0.        ]
 [-0.04115184  0.0972112   0.8166456 ]
 [-0.11914238  0.18679586  1.032289  ]
 [-0.2436283   0.2665785   1.0615478 ]
 [-0.22379178  0.2666254   1.1896207 ]
 [-0.21993536  0.08990282  1.0013512 ]
 [-0.17874412 -0.12290052  0.8935864 ]
 [-0.18370517 -0.144603    0.7050183 ]
 [ 0.02071107  0.22226453  1.0083642 ]
 [ 0.1343751   0.26481912  0.7825637 ]
 [ 0.06309882  0.37203717  0.7539709 ]]
[[ 0.          0.          0.6411305 ]
 [ 0.11097145  0.05047212  0.6485887 ]
 [ 0.14681411 -0.02813601  0.25649622]
 [ 0.2818789  -0.52309036  0.38864493]
 [ 0.40463805 -0.56316763  0.3655502 ]
 [-0.11110254 -0.05036907  0.63395935]
 [-0.16482732  0.33130777  0.39909   ]
 [-0.11069685  0.4366337   0.0183962 ]
 [-0.19859916  0.6174659   0.        ]
 [-0.04497401  0.10215735  0.8360566 ]
 [-0.12810642  0.1837298   1.0534064 ]
 [-0.2537017   0.25264755  1.087713  ]
 [-0.23250288  0.2508651   1.2142184 ]
 [-0.220933    0.09286004  1.0109253 ]
 [-0.17231363 -0.1009347   0.8262953 ]
 [-0.21147415 -0.0965059   0.6220537 ]
 [ 0.00773656  0.21366131  1.0290201 ]
 [ 0.16032168  0.22784895  0.82784843]
 [ 0.14524387  0.2845201   0.67966855]]
[[ 0.          0.          0.6565716 ]
 [ 0.11053735  0.06005563  0.66442925]
 [ 0.0929343   0.02089801  0.26855236]
 [ 0.2015968  -0.48059535  0.44766548]
 [ 0.31634265 -0.52763176  0.4315699 ]
 [-0.11072315 -0.05999865  0.64899886]
 [-0.13163726  0.3133391   0.40115067]
 [-0.03143339  0.3653657   0.03034508]
 [-0.13292086  0.55020386  0.        ]
 [-0.05229004  0.09883976  0.85376865]
 [-0.14392802  0.16512811  1.0759752 ]
 [-0.27330604  0.22698015  1.1173947 ]
 [-0.24888286  0.22284043  1.2435417 ]
 [-0.23535225  0.07097417  1.0293727 ]
 [-0.2034809  -0.09949255  0.81576157]
 [-0.2734014  -0.03092448  0.61737585]
 [-0.01034347  0.19388527  1.0502279 ]
 [ 0.17148143  0.15656602  0.88698936]
 [ 0.23752892  0.17612565  0.6992341 ]]
[[ 0.          0.          0.64615965]
 [ 0.0985865   0.07195592  0.6609641 ]
 [-0.06109291  0.16665685  0.29283488]
 [ 0.097251   -0.2618764   0.3896857 ]
 [ 0.1798189  -0.25989288  0.27036405]
 [-0.09883385 -0.07198171  0.6312269 ]
 [-0.02418695  0.20213342  0.33205235]
 [ 0.21467395  0.23044649  0.05618691]
 [ 0.11684939  0.40278295  0.        ]
 [-0.06061023  0.08626293  0.8495548 ]
 [-0.15191254  0.14146206  1.0808096 ]
 [-0.27652133  0.20623875  1.1353483 ]
 [-0.22838569  0.19495285  1.2582954 ]
 [-0.2578876   0.05940792  1.0272298 ]
 [-0.28718907 -0.06651679  0.7799012 ]
 [-0.37729013  0.12936953  0.74452347]
 [-0.0150445   0.15551388  1.0559123 ]
 [ 0.24029899  0.04188645  1.007861  ]
 [ 0.39801028  0.04295219  0.80395305]]
[[ 0.          0.          0.5979575 ]
 [ 0.08827608  0.06914927  0.61667556]
 [-0.14082335  0.27427843  0.3703209 ]
 [ 0.03910932  0.00541258  0.22940004]
 [ 0.04145238  0.08081111  0.07592034]
 [-0.0885025  -0.06930909  0.5786722 ]
 [ 0.10819929  0.0258047   0.29493025]
 [ 0.39496672  0.01184553  0.11652011]
 [ 0.35291198  0.1520794   0.        ]
 [-0.05677913  0.04884213  0.81386894]
 [-0.13597934  0.08912781  1.0578222 ]
 [-0.24069017  0.16936275  1.1058371 ]
 [-0.1951572   0.14430428  1.2320298 ]
 [-0.25079334  0.02200627  1.008055  ]
 [-0.34721053 -0.08658569  0.77557564]
 [-0.39346397  0.11410213  0.8933667 ]
 [-0.00170005  0.09975198  1.0372387 ]
 [ 0.25865054 -0.01079118  1.0712872 ]
 [ 0.41438633 -0.0221352   0.8736996 ]]
[[ 0.          0.          0.6165742 ]
 [ 0.08683633  0.05785444  0.63012004]
 [-0.16030255  0.2857702   0.43467253]
 [-0.03221118  0.15653613  0.11772859]
 [-0.10063398  0.2789223   0.        ]
 [-0.08704653 -0.0580547   0.602242  ]
 [ 0.17735033 -0.01849443  0.33712602]
 [ 0.4660726  -0.12077609  0.2614446 ]
 [ 0.51161027 -0.02716857  0.11331391]
 [-0.03858145  0.05224456  0.8336798 ]
 [-0.10157651  0.08826357  1.0781076 ]
 [-0.19233096  0.17758843  1.1288617 ]
 [-0.1465531   0.14654267  1.2543216 ]
 [-0.22293821  0.03423199  1.0367757 ]
 [-0.3514229  -0.0730838   0.8287077 ]
 [-0.35732263  0.09961921  0.9903307 ]
 [ 0.03240032  0.09009871  1.050902  ]
 [ 0.27709937 -0.01152307  1.092356  ]
 [ 0.41447845 -0.00296555  0.8800697 ]]
[[ 0.          0.          0.6531487 ]
 [ 0.09599902  0.04207529  0.6669155 ]
 [-0.10170202  0.33864182  0.44745022]
 [-0.10856262  0.3183761   0.03767002]
 [-0.20043063  0.4539058   0.        ]
 [-0.09627067 -0.04231121  0.6384906 ]
 [ 0.13620985 -0.03593537  0.32817674]
 [ 0.43812913 -0.21316215  0.45123732]
 [ 0.55801976 -0.17056984  0.37335974]
 [-0.02340154  0.08085456  0.8656938 ]
 [-0.07141484  0.13887239  1.1001978 ]
 [-0.14930648  0.22767973  1.14599   ]
 [-0.10323     0.19903284  1.2702594 ]
 [-0.20220408  0.09753269  1.069952  ]
 [-0.32869363 -0.02994677  0.8903774 ]
 [-0.32484227  0.14590603  0.9350771 ]
 [ 0.06301711  0.12707588  1.0628633 ]
 [ 0.30217105  0.05108115  1.0193458 ]
 [ 0.37058008  0.09334743  0.7793572 ]]
[[ 0.          0.          0.69117916]
 [ 0.09892275  0.03098463  0.7034841 ]
 [-0.03641678  0.35468933  0.4396277 ]
 [-0.08295274  0.36672774  0.02634203]
 [-0.17652553  0.50011516  0.        ]
 [-0.09917942 -0.03119048  0.67807126]
 [ 0.08138558 -0.0110876   0.3334101 ]
 [ 0.35774672 -0.2243304   0.56009674]
 [ 0.491058   -0.2163235   0.5446849 ]
 [-0.0133949   0.09998195  0.8935808 ]
 [-0.05297726  0.18495026  1.1179774 ]
 [-0.12567326  0.27171737  1.1560087 ]
 [-0.08359623  0.24725974  1.2800541 ]
 [-0.18474329  0.14793676  1.1034892 ]
 [-0.30433494 -0.01874772  0.9509323 ]
 [-0.32068187  0.11696433  0.8467166 ]
 [ 0.08531242  0.17045173  1.0778825 ]
 [ 0.29170024  0.12298635  0.95113087]
 [ 0.27921897  0.18743038  0.7153723 ]]
[[ 0.          0.          0.738577  ]
 [ 0.10302429  0.02702205  0.7495602 ]
 [ 0.01117834  0.3567616   0.45596465]
 [-0.02525218  0.342414    0.04264259]
 [-0.11013362  0.4731922   0.        ]
 [-0.10326488 -0.02713301  0.726892  ]
 [ 0.0140712  -0.00719962  0.35167778]
 [ 0.2567125  -0.3117945   0.6020071 ]
 [ 0.38426268 -0.33209014  0.61435956]
 [-0.0041329   0.12426193  0.93178576]
 [-0.03254604  0.24084634  1.1459742 ]
 [-0.10216525  0.334497    1.1761327 ]
 [-0.06692347  0.31433612  1.3001616 ]
 [-0.16884533  0.20252872  1.1424935 ]
 [-0.28553212  0.00408557  0.9976673 ]
 [-0.29838324  0.09760115  0.8428636 ]
 [ 0.11070424  0.22628066  1.1015147 ]
 [ 0.27451286  0.21306176  0.9299585 ]
 [ 0.1965726   0.28342167  0.7223467 ]]
[[ 0.          0.          0.7251493 ]
 [ 0.11328045  0.05071728  0.73980784]
 [ 0.12066172  0.3772461   0.4204379 ]
 [ 0.15915935  0.2166799   0.05867648]
 [ 0.07749949  0.3526149   0.        ]
 [-0.11346354 -0.05062015  0.7100984 ]
 [-0.15832195  0.14838406  0.36624396]
 [ 0.06310578 -0.2009022   0.5415121 ]
 [ 0.05836371 -0.17862782  0.51441073]
 [-0.01937813  0.14486262  0.9054248 ]
 [-0.06581108  0.27466357  1.1144054 ]
 [-0.1526672   0.36082992  1.1695422 ]
 [-0.10205704  0.34015337  1.2877496 ]
 [-0.19330505  0.20315105  1.0930079 ]
 [-0.21197659 -0.05735934  0.9747552 ]
 [-0.18548127 -0.07483375  0.81852186]
 [ 0.08395825  0.2982954   1.069459  ]
 [ 0.14620599  0.3825193   0.8450693 ]
 [-0.02204707  0.4156915   0.8020108 ]]
[[ 0.          0.          0.6675805 ]
 [ 0.10886689  0.05621311  0.67702067]
 [ 0.26139414  0.27815086  0.3697933 ]
 [ 0.42189276  0.0177334   0.12811923]
 [ 0.378515    0.11126375  0.        ]
 [-0.10892263 -0.05593276  0.65790534]
 [-0.20661658  0.31279248  0.45502412]
 [-0.01813154  0.02887821  0.32149717]
 [-0.0251447   0.11248624  0.16077906]
 [-0.01705688  0.12266317  0.8606825 ]
 [-0.07737982  0.21623981  1.0760984 ]
 [-0.16531369  0.2994851   1.135851  ]
 [-0.10719249  0.26965266  1.2548418 ]
 [-0.18588199  0.12166801  1.0519614 ]
 [-0.15346798 -0.15758508  1.047807  ]
 [-0.14321154 -0.16572323  0.8804674 ]
 [ 0.05422272  0.26651382  1.0387597 ]
 [ 0.0462073   0.41101995  0.82965165]
 [-0.13246644  0.37476406  0.95047295]]
[[ 0.          0.          0.61104196]
 [ 0.10346189  0.05598795  0.6156809 ]
 [ 0.3323892   0.2428419   0.35514218]
 [ 0.5554864  -0.06378749  0.17626727]
 [ 0.5652436  -0.02176535  0.        ]
 [-0.10347937 -0.05570099  0.6063906 ]
 [-0.2090429   0.32960668  0.44963503]
 [-0.11669448  0.15218014  0.12065914]
 [-0.15951431  0.27695763  0.00884533]
 [-0.01821692  0.09135586  0.81459   ]
 [-0.07920548  0.16785061  1.0357924 ]
 [-0.17768973  0.24264163  1.097114  ]
 [-0.11539482  0.21191174  1.2106812 ]
 [-0.1740478   0.07280269  1.0246522 ]
 [-0.09980157 -0.1878612   1.1372125 ]
 [-0.0715528  -0.24872111  0.97315276]
 [ 0.04261255  0.22683209  0.994233  ]
 [ 0.03432678  0.37563652  0.78834885]
 [-0.11113304  0.34737447  0.97213244]]
[[ 0.          0.          0.59413606]
 [ 0.10363507  0.05909312  0.60132134]
 [ 0.28412542  0.09719418  0.30833423]
 [ 0.54055816 -0.3118651   0.27872556]
 [ 0.6086889  -0.304434    0.15092531]
 [-0.10367562 -0.05887399  0.5872414 ]
 [-0.20584697  0.32705498  0.416806  ]
 [-0.18456763  0.37282526  0.04438776]
 [-0.26509959  0.5257559   0.        ]
 [-0.03289314  0.07625395  0.7984622 ]
 [-0.10554785  0.1375283   1.0242894 ]
 [-0.21166027  0.19941527  1.0955714 ]
 [-0.15357006  0.17376143  1.2078619 ]
 [-0.2000336   0.0445883   1.0065733 ]
 [-0.11888532 -0.18312329  1.0476112 ]
 [-0.08557456 -0.23871097  0.880533  ]
 [ 0.02332342  0.18947917  0.9853225 ]
 [ 0.06876189  0.3015854   0.7687557 ]
 [-0.06380802  0.32852232  0.86499834]]
[[ 0.0000000e+00  0.0000000e+00  5.9917951e-01]
 [ 1.0735303e-01  5.5081703e-02  6.0344660e-01]
 [ 1.7366326e-01 -3.0328721e-02  2.3494253e-01]
 [ 3.6624533e-01 -5.0460625e-01  3.5678720e-01]
 [ 4.8881048e-01 -5.3598058e-01  3.1344497e-01]
 [-1.0743387e-01 -5.4999329e-02  5.9538019e-01]
 [-1.6619617e-01  3.3109772e-01  3.7126178e-01]
 [-1.5246165e-01  4.7402614e-01  9.9241138e-03]
 [-2.3584709e-01  6.4840829e-01  0.0000000e+00]
 [-4.4158645e-02  8.0274016e-02  7.9742575e-01]
 [-1.2672231e-01  1.2430513e-01  1.0244489e+00]
 [-2.4981532e-01  1.7642081e-01  1.0945939e+00]
 [-1.9440019e-01  1.5799534e-01  1.2111576e+00]
 [-2.1194351e-01  3.0425578e-02  9.7847271e-01]
 [-1.6251895e-01 -1.5455841e-01  8.0762827e-01]
 [-1.6253690e-01 -1.2133390e-01  6.2456954e-01]
 [ 8.0302358e-05  1.7204094e-01  9.8772895e-01]
 [ 1.2507254e-01  2.0719546e-01  7.6564956e-01]
 [ 8.5421130e-02  2.9506257e-01  6.8773293e-01]]
[[ 0.          0.          0.6158243 ]
 [ 0.10507655  0.05675338  0.6193292 ]
 [ 0.09883486 -0.02010378  0.23136774]
 [ 0.2565794  -0.51050586  0.39239594]
 [ 0.38156366 -0.56431985  0.37992206]
 [-0.10518099 -0.05669082  0.61278874]
 [-0.14131117  0.3214562   0.3748266 ]
 [-0.07943618  0.45475173  0.01656157]
 [-0.17349032  0.63311946  0.        ]
 [-0.04819389  0.08310294  0.81332916]
 [-0.137698    0.11312515  1.0430365 ]
 [-0.26318306  0.1582149   1.1168642 ]
 [-0.20574558  0.13690317  1.2304385 ]
 [-0.22106679  0.02310076  0.9932171 ]
 [-0.17494646 -0.13892797  0.7763214 ]
 [-0.21650112 -0.0474476   0.6020998 ]
 [-0.01401983  0.15630043  1.0035558 ]
 [ 0.13155028  0.14852574  0.79598224]
 [ 0.13739714  0.19164991  0.6115679 ]]
[[ 0.          0.          0.6088338 ]
 [ 0.1011331   0.06944041  0.6170317 ]
 [-0.01820425  0.06881651  0.23780477]
 [ 0.14691079 -0.42423642  0.38727295]
 [ 0.25839862 -0.47425157  0.3375915 ]
 [-0.10128751 -0.06943385  0.60092175]
 [-0.08083349  0.2714036   0.32453865]
 [ 0.10074028  0.35724053  0.02954078]
 [-0.01266466  0.53197193  0.        ]
 [-0.05391032  0.08623199  0.8070215 ]
 [-0.14886889  0.10981721  1.0405382 ]
 [-0.27456266  0.15283212  1.1248401 ]
 [-0.20116293  0.12639588  1.2346967 ]
 [-0.23937553  0.02243838  0.9857325 ]
 [-0.23124099 -0.11135606  0.7419449 ]
 [-0.32135034  0.04529     0.6458287 ]
 [-0.02555819  0.14381638  1.0012863 ]
 [ 0.18204087  0.07000673  0.86418134]
 [ 0.2686445   0.0902309   0.6472641 ]]
[[ 0.          0.          0.57206666]
 [ 0.08606894  0.06827785  0.58705103]
 [-0.13466376  0.24289773  0.31293485]
 [ 0.05400758 -0.07749259  0.26560056]
 [ 0.10741162 -0.04584578  0.13195378]
 [-0.08627887 -0.06836282  0.5567532 ]
 [ 0.08532951  0.10253009  0.28785682]
 [ 0.36628047  0.14694431  0.08726683]
 [ 0.2940481   0.30252457  0.        ]
 [-0.05080859  0.0599381   0.7788465 ]
 [-0.13014433  0.07742625  1.0231557 ]
 [-0.24256796  0.12649941  1.1082768 ]
 [-0.16375908  0.09480399  1.2183336 ]
 [-0.23280133  0.00532347  0.9630165 ]
 [-0.30444437 -0.11925875  0.7218203 ]
 [-0.38705188  0.08374844  0.81127715]
 [-0.00980253  0.09887719  0.9876374 ]
 [ 0.24451573 -0.01053187  0.96678597]
 [ 0.37083042  0.00616777  0.74126333]]
[[ 0.          0.          0.54790676]
 [ 0.07299374  0.06419262  0.5627215 ]
 [-0.18597424  0.26179412  0.36481616]
 [-0.01776738  0.12377891  0.1309011 ]
 [-0.06878516  0.2260592   0.        ]
 [-0.07321648 -0.06433295  0.53244126]
 [ 0.18212697 -0.01447299  0.29571223]
 [ 0.47171733 -0.02318451  0.19674587]
 [ 0.49682355  0.076424    0.04322433]
 [-0.04141653  0.04194617  0.76388776]
 [-0.10687926  0.05593473  1.0129719 ]
 [-0.20541069  0.12034148  1.0910351 ]
 [-0.13420394  0.08045864  1.2068291 ]
 [-0.21743062 -0.00843573  0.9596057 ]
 [-0.33151472 -0.12780422  0.7490978 ]
 [-0.36209422  0.03694466  0.9183111 ]
 [ 0.01660755  0.07291201  0.97888684]
 [ 0.25793806 -0.02825925  0.9993815 ]
 [ 0.37458926 -0.01324433  0.77140373]]
[[ 0.          0.          0.6041395 ]
 [ 0.08318895  0.04874844  0.61926186]
 [-0.1306008   0.32701194  0.42033032]
 [-0.11664438  0.31342897  0.04687464]
 [-0.2109881   0.44418     0.        ]
 [-0.08349446 -0.04888538  0.5881822 ]
 [ 0.15167028 -0.02022356  0.30330536]
 [ 0.47514957 -0.16342357  0.40760103]
 [ 0.5918027  -0.10920376  0.3060854 ]
 [-0.0242682   0.06904233  0.81717825]
 [-0.07486747  0.10717523  1.0582079 ]
 [-0.16471682  0.17649561  1.1341827 ]
 [-0.09162387  0.13778871  1.2471809 ]
 [-0.19817021  0.05696079  1.017979  ]
 [-0.31405413 -0.08883943  0.818285  ]
 [-0.32257372  0.08865714  0.895512  ]
 [ 0.05530404  0.11122125  1.0133983 ]
 [ 0.2893826   0.03737852  0.97596323]
 [ 0.34221178  0.09057407  0.73982275]]
[[ 0.          0.          0.6495422 ]
 [ 0.08907603  0.04023332  0.6625698 ]
 [-0.06858227  0.35562932  0.41714972]
 [-0.11430329  0.37144983  0.02087134]
 [-0.2140581   0.5013317   0.        ]
 [-0.08937977 -0.04039183  0.6357691 ]
 [ 0.09707779 -0.0113596   0.30913967]
 [ 0.39002082 -0.1872657   0.5343066 ]
 [ 0.5253491  -0.16537419  0.51074904]
 [-0.01636584  0.08993675  0.8546521 ]
 [-0.05950527  0.15387529  1.0862918 ]
 [-0.14391688  0.22186986  1.1562725 ]
 [-0.07653333  0.18767828  1.2689934 ]
 [-0.1863903   0.10739151  1.0606103 ]
 [-0.28847682 -0.06992462  0.8853009 ]
 [-0.31721222  0.08867325  0.7993667 ]
 [ 0.07403027  0.15476418  1.036755  ]
 [ 0.28107595  0.10545215  0.91853195]
 [ 0.25826564  0.17014447  0.68128586]]
[[ 0.          0.          0.69194263]
 [ 0.09363742  0.034521    0.7032539 ]
 [-0.02841243  0.35910177  0.42881727]
 [-0.07082318  0.36399707  0.02840805]
 [-0.16844726  0.49307805  0.        ]
 [-0.09391545 -0.03463803  0.6799866 ]
 [ 0.0366165  -0.01054946  0.32029015]
 [ 0.3018812  -0.253097    0.5818424 ]
 [ 0.43569827 -0.25551632  0.5865834 ]
 [-0.01093054  0.10913     0.88939387]
 [-0.04813206  0.19651312  1.1146388 ]
 [-0.13212453  0.2674682   1.1810116 ]
 [-0.06586058  0.23627502  1.2946602 ]
 [-0.17610149  0.15173972  1.0962689 ]
 [-0.27735633 -0.0439018   0.9299679 ]
 [-0.3057319   0.0630247   0.7649698 ]
 [ 0.08910973  0.1953764   1.0616686 ]
 [ 0.2646365   0.17461115  0.9028623 ]
 [ 0.18141264  0.25691998  0.6968089 ]]
[[ 0.          0.          0.70251197]
 [ 0.10014486  0.04157354  0.71242833]
 [ 0.03752453  0.37429377  0.4235277 ]
 [ 0.03577127  0.3379482   0.0445931 ]
 [-0.06570865  0.4724919   0.        ]
 [-0.10039879 -0.04158562  0.69213337]
 [-0.06865987  0.01390645  0.31897178]
 [ 0.19092518 -0.3096803   0.568772  ]
 [ 0.3142445  -0.3193965   0.5509339 ]
 [-0.01095381  0.12695298  0.89155245]
 [-0.04580837  0.23402065  1.1113585 ]
 [-0.13255897  0.30064267  1.1890154 ]
 [-0.0589774   0.26777154  1.2973332 ]
 [-0.17333171  0.1781497   1.0913085 ]
 [-0.24647084 -0.03361499  0.9220119 ]
 [-0.25300604 -0.01205112  0.7331754 ]
 [ 0.09426923  0.24552664  1.0519307 ]
 [ 0.20275572  0.28191513  0.8622421 ]
 [ 0.06574247  0.3828708   0.75301194]]
[[ 0.          0.          0.654936  ]
 [ 0.10704778  0.05712819  0.66215795]
 [ 0.23237231  0.33968902  0.38073534]
 [ 0.38713706  0.11222053  0.11919218]
 [ 0.32351324  0.22318664  0.        ]
 [-0.10711199 -0.05687147  0.6474608 ]
 [-0.205297    0.26158118  0.41261595]
 [ 0.01551727 -0.02606592  0.364617  ]
 [ 0.04306351  0.03819519  0.22864866]
 [-0.02155536  0.12978396  0.8471685 ]
 [-0.07415365  0.22566587  1.0686705 ]
 [-0.15831223  0.29753727  1.1445408 ]
 [-0.08787742  0.26325136  1.2540748 ]
 [-0.18944621  0.13441071  1.041042  ]
 [-0.1879083  -0.14379781  1.014631  ]
 [-0.14738613 -0.18631843  0.85676295]
 [ 0.06013908  0.27439803  1.020276  ]
 [ 0.03119729  0.42224357  0.8125323 ]
 [-0.15298396  0.37113675  0.9269752 ]]
[[ 0.          0.          0.6090461 ]
 [ 0.10004057  0.0615622   0.6147493 ]
 [ 0.33105847  0.24911968  0.3644446 ]
 [ 0.56206656 -0.02117908  0.16251099]
 [ 0.54609716  0.02843648  0.        ]
 [-0.10000478 -0.06127389  0.60333467]
 [-0.21472603  0.31401783  0.43955702]
 [-0.08332153  0.12275138  0.14665645]
 [-0.12493809  0.24043846  0.02847916]
 [-0.02541469  0.09446424  0.80921584]
 [-0.0810121   0.15018302  1.0411698 ]
 [-0.16233274  0.22428149  1.1103394 ]
 [-0.09474799  0.18649584  1.2201045 ]
 [-0.17699644  0.06189999  1.0197878 ]
 [-0.06660201 -0.19689763  1.1241364 ]
 [-0.04485278 -0.23052667  0.94774306]
 [ 0.04058543  0.21622178  0.9938138 ]
 [ 0.00571758  0.38475624  0.7916715 ]
 [-0.13390946  0.32397866  0.9718282 ]]
[[ 0.          0.          0.5906802 ]
 [ 0.09872304  0.06316096  0.59822625]
 [ 0.29402387  0.08580595  0.30461448]
 [ 0.55646646 -0.30675557  0.2772743 ]
 [ 0.61800593 -0.2996722   0.1456508 ]
 [-0.09871497 -0.06292097  0.5835424 ]
 [-0.21192437  0.29905206  0.399883  ]
 [-0.1889877   0.34878874  0.0361985 ]
 [-0.2731188   0.49060708  0.        ]
 [-0.03005843  0.06688142  0.7928915 ]
 [-0.09290424  0.09437069  1.0286044 ]
 [-0.19840342  0.14339474  1.1107563 ]
 [-0.12626635  0.11109889  1.2175298 ]
 [-0.16921487  0.00280488  1.0000553 ]
 [-0.03850347 -0.21594411  1.0544531 ]
 [-0.03840402 -0.19069555  0.8619964 ]
 [ 0.01770509  0.16463423  0.9775299 ]
 [ 0.0396092   0.30846712  0.76759076]
 [-0.08850083  0.31455535  0.87971663]]
[[ 0.00000000e+00  0.00000000e+00  5.60866833e-01]
 [ 9.83585119e-02  5.76275550e-02  5.67537129e-01]
 [ 2.07611352e-01 -3.27319801e-02  2.18277425e-01]
 [ 4.12919104e-01 -4.91147876e-01  3.13555717e-01]
 [ 5.32455564e-01 -5.21437168e-01  2.62534082e-01]
 [-9.84073430e-02 -5.74905388e-02  5.54758728e-01]
 [-1.80757403e-01  3.00044686e-01  3.43169093e-01]
 [-1.90006614e-01  4.58734483e-01  0.00000000e+00]
 [-2.80766606e-01  6.16154552e-01  1.26707554e-03]
 [-3.41084637e-02  6.37800395e-02  7.61934817e-01]
 [-1.03520676e-01  8.08646977e-02  9.97416496e-01]
 [-2.19444752e-01  1.24167681e-01  1.07833982e+00]
 [-1.49186373e-01  9.74716544e-02  1.18732703e+00]
 [-1.70308664e-01 -1.31524205e-02  9.61917758e-01]
 [-6.17752783e-02 -2.14524239e-01  8.97617280e-01]
 [-1.05478853e-01 -1.43165007e-01  7.03426719e-01]
 [-1.07230246e-03  1.47002280e-01  9.46711302e-01]
 [ 8.20714161e-02  2.28492528e-01  7.23233938e-01]
 [-1.57378614e-02  3.03829610e-01  7.11987257e-01]]
[[ 0.          0.          0.6017561 ]
 [ 0.1026759   0.06142136  0.60275376]
 [ 0.11509396 -0.01866603  0.21893308]
 [ 0.2815169  -0.5095244   0.38193533]
 [ 0.41230583 -0.56754875  0.3897586 ]
 [-0.10279024 -0.06136066  0.6013265 ]
 [-0.1521658   0.3052324   0.3573837 ]
 [-0.11381683  0.4334252   0.00397956]
 [-0.22555512  0.60501605  0.        ]
 [-0.04194561  0.07788786  0.7973367 ]
 [-0.12236682  0.09810454  1.0307674 ]
 [-0.2424779   0.1368488   1.1188195 ]
 [-0.16403991  0.10591668  1.2255611 ]
 [-0.1949031  -0.00188813  0.9824986 ]
 [-0.1461349  -0.1711612   0.77659255]
 [-0.19235897 -0.06497911  0.6150357 ]
 [-0.01316067  0.15919605  0.98048866]
 [ 0.11020133  0.181317    0.7526256 ]
 [ 0.08235753  0.2328997   0.6099348 ]]
[[ 0.          0.          0.60865986]
 [ 0.09735404  0.07049413  0.61099905]
 [ 0.02399198  0.03094581  0.22449657]
 [ 0.18253726 -0.45918417  0.38554257]
 [ 0.3216464  -0.52729183  0.38635167]
 [-0.09748404 -0.07046595  0.60678184]
 [-0.1070151   0.27822223  0.34677783]
 [ 0.02239553  0.37537044  0.0184294 ]
 [-0.1043646   0.5523089   0.        ]
 [-0.04684979  0.07855372  0.8076275 ]
 [-0.13412292  0.08853632  1.0441633 ]
 [-0.25709307  0.12249959  1.1392707 ]
 [-0.16897562  0.09131002  1.2439786 ]
 [-0.20838451 -0.01087841  0.9934794 ]
 [-0.18100981 -0.15806574  0.765601  ]
 [-0.2860063  -0.01628513  0.6543429 ]
 [-0.0280509   0.14510536  0.99601126]
 [ 0.13894922  0.11211768  0.8011479 ]
 [ 0.16489327  0.14261341  0.62557286]]
[[ 0.          0.          0.57361263]
 [ 0.08120085  0.0808477   0.5824066 ]
 [-0.13904005  0.21318258  0.2815225 ]
 [ 0.08835992 -0.1289222   0.30438322]
 [ 0.1504164  -0.1181049   0.1691693 ]
 [-0.08137578 -0.0809334   0.56462777]
 [ 0.03983459  0.13863854  0.28923768]
 [ 0.342566    0.21258712  0.07536265]
 [ 0.25689048  0.37242585  0.        ]
 [-0.04253904  0.06566325  0.78026617]
 [-0.11568336  0.0792135   1.0239007 ]
 [-0.22803041  0.1182434   1.1220967 ]
 [-0.13603923  0.08186096  1.2233753 ]
 [-0.20685986 -0.01089969  0.9657073 ]
 [-0.27495405 -0.15632318  0.7373551 ]
 [-0.3833471   0.04169729  0.81100696]
 [-0.00624203  0.12207323  0.9819341 ]
 [ 0.24415955  0.05108392  0.9115392 ]
 [ 0.34362885  0.10374886  0.68139446]]
[[ 0.0000000e+00  0.0000000e+00  5.3520668e-01]
 [ 6.8181083e-02  7.7070862e-02  5.5082834e-01]
 [-2.1070886e-01  2.6998460e-01  3.4648883e-01]
 [-1.4072843e-03  1.1876920e-01  1.3731182e-01]
 [-5.0426111e-02  2.1424028e-01  0.0000000e+00]
 [-6.8348646e-02 -7.7231131e-02  5.1895487e-01]
 [ 1.6734159e-01 -1.7066061e-02  2.5494444e-01]
 [ 5.0017637e-01 -7.8609586e-04  1.5508020e-01]
 [ 5.1147050e-01  1.0754439e-01  1.9156694e-02]
 [-3.7488014e-02  3.8281560e-02  7.5192899e-01]
 [-9.9689223e-02  4.8354030e-02  1.0013361e+00]
 [-1.9737783e-01  1.0611558e-01  1.0854638e+00]
 [-1.2168422e-01  6.6935062e-02  1.1966603e+00]
 [-2.0567223e-01 -2.6506215e-02  9.4729847e-01]
 [-3.2603768e-01 -1.6465785e-01  7.4411607e-01]
 [-3.6285946e-01  1.3551474e-02  9.0004897e-01]
 [ 2.1102764e-02  8.3398759e-02  9.6455872e-01]
 [ 2.7321428e-01  5.2731633e-03  9.4459665e-01]
 [ 3.6591184e-01  4.2991176e-02  7.0913851e-01]]
[[ 0.          0.          0.60230917]
 [ 0.07830395  0.05909047  0.615142  ]
 [-0.16395599  0.32056224  0.41722047]
 [-0.13227776  0.29986057  0.04407674]
 [-0.2303173   0.422986    0.        ]
 [-0.07856481 -0.05924637  0.5886829 ]
 [ 0.15735179 -0.03002223  0.2863519 ]
 [ 0.51119924 -0.14488158  0.355559  ]
 [ 0.61378527 -0.08079082  0.26404142]
 [-0.02092025  0.06277464  0.81782526]
 [-0.06689463  0.09464741  1.0603733 ]
 [-0.15683675  0.15620989  1.143522  ]
 [-0.07912503  0.11529595  1.2532136 ]
 [-0.18615136  0.03385657  1.0209582 ]
 [-0.3063122  -0.12557566  0.8311033 ]
 [-0.31905347  0.07124612  0.9028664 ]
 [ 0.05787103  0.11168179  1.0124067 ]
 [ 0.29075825  0.03230634  0.95176303]
 [ 0.33346656  0.08836019  0.71175426]]
[[ 0.          0.          0.6219239 ]
 [ 0.08533739  0.05436696  0.6333032 ]
 [-0.10013714  0.35410514  0.39882594]
 [-0.14653027  0.38043737  0.0134117 ]
 [-0.25779366  0.50822604  0.        ]
 [-0.08562879 -0.05452254  0.6098241 ]
 [ 0.10004707 -0.0361833   0.2695112 ]
 [ 0.43276423 -0.1773892   0.45848227]
 [ 0.56486756 -0.14533871  0.41438794]
 [-0.01342335  0.07835248  0.83076894]
 [-0.05363685  0.12699467  1.0663688 ]
 [-0.14686677  0.18308556  1.1486056 ]
 [-0.06887418  0.14699036  1.256341  ]
 [-0.17520905  0.06602824  1.0365577 ]
 [-0.2846677  -0.11741334  0.8708627 ]
 [-0.3158806   0.06098911  0.81364703]
 [ 0.07210208  0.14644018  1.0112629 ]
 [ 0.27402538  0.0922958   0.8800545 ]
 [ 0.253716    0.16659047  0.6491622 ]]
[[ 0.          0.          0.6628519 ]
 [ 0.09065153  0.04813121  0.6724664 ]
 [-0.0614446   0.35354474  0.40692672]
 [-0.11812137  0.3822669   0.01751554]
 [-0.22792456  0.5112853   0.        ]
 [-0.09092834 -0.04825449  0.65261585]
 [ 0.04100604 -0.01694408  0.2896129 ]
 [ 0.34763086 -0.20476824  0.52380735]
 [ 0.48650676 -0.19009387  0.50719136]
 [-0.00886335  0.09549458  0.86468613]
 [-0.0449129   0.1659683   1.0934091 ]
 [-0.14109941  0.22306114  1.1722543 ]
 [-0.06384543  0.19019997  1.2809976 ]
 [-0.1665712   0.10596663  1.0701606 ]
 [-0.27461365 -0.08942063  0.9091309 ]
 [-0.30770463  0.04748732  0.7738213 ]
 [ 0.0834332   0.18518108  1.035084  ]
 [ 0.25270456  0.15630043  0.86370593]
 [ 0.17791843  0.24377519  0.65460944]]
[[ 0.          0.          0.69821787]
 [ 0.09747285  0.04819855  0.7067776 ]
 [ 0.00809948  0.36499247  0.4136235 ]
 [ 0.00278468  0.34645984  0.03846204]
 [-0.11180016  0.473776    0.        ]
 [-0.09769337 -0.04820948  0.6892107 ]
 [-0.0683711   0.01756948  0.31051132]
 [ 0.21179014 -0.2720509   0.5367492 ]
 [ 0.35077536 -0.27796045  0.505244  ]
 [-0.00745501  0.12340039  0.8873261 ]
 [-0.04242826  0.22089493  1.1083617 ]
 [-0.13959119  0.27906734  1.1907711 ]
 [-0.05920292  0.24922478  1.2980672 ]
 [-0.16025877  0.1550588   1.0829066 ]
 [-0.23253551 -0.06059872  0.9200296 ]
 [-0.2615329  -0.01625827  0.73256135]
 [ 0.08836216  0.24763912  1.0468619 ]
 [ 0.19319266  0.2765404   0.84800583]
 [ 0.05449276  0.3696532   0.7321453 ]]
[[ 0.          0.          0.68392277]
 [ 0.10270298  0.06899716  0.6884519 ]
 [ 0.20296125  0.3065622   0.37687388]
 [ 0.3824799   0.11378354  0.12134337]
 [ 0.28944555  0.2153936   0.        ]
 [-0.10273939 -0.06872153  0.6792237 ]
 [-0.24121046  0.22471677  0.43122184]
 [-0.01774308 -0.04902706  0.3551821 ]
 [ 0.00739869  0.00354457  0.21731591]
 [-0.01654434  0.12455741  0.8762592 ]
 [-0.0669369   0.2106381   1.0985339 ]
 [-0.16285864  0.2675878   1.1792697 ]
 [-0.09144354  0.23811656  1.2878579 ]
 [-0.16458276  0.10172671  1.0806563 ]
 [-0.14131933 -0.19159564  1.1142145 ]
 [-0.08119054 -0.23471668  0.9471799 ]
 [ 0.04932155  0.27992097  1.0409535 ]
 [ 0.01629165  0.4311089   0.8475473 ]
 [-0.17863351  0.3749751   0.9545547 ]]
[[ 0.          0.          0.64918363]
 [ 0.09539303  0.07962041  0.6518878 ]
 [ 0.3096976   0.23158665  0.3660998 ]
 [ 0.56729686 -0.0075531   0.16391015]
 [ 0.5327261   0.04625458  0.        ]
 [-0.09536183 -0.07933248  0.64662516]
 [-0.26093775  0.25831965  0.4591851 ]
 [-0.11653206  0.07458255  0.1635865 ]
 [-0.16709468  0.18306929  0.06107974]
 [-0.01355972  0.08272418  0.85437465]
 [-0.05645332  0.13615197  1.0898911 ]
 [-0.17092203  0.18674356  1.163465  ]
 [-0.09604777  0.16102046  1.2730947 ]
 [-0.12488022  0.01332897  1.0827605 ]
 [-0.04402574 -0.25568563  1.159493  ]
 [-0.01550815 -0.26655993  0.96309483]
 [ 0.03541955  0.23059481  1.0247734 ]
 [-0.01892632  0.37494966  0.8329988 ]
 [-0.15919596  0.3058477   1.0046451 ]]
[[ 0.          0.          0.60105395]
 [ 0.09021105  0.0780914   0.60938215]
 [ 0.28317064  0.09236266  0.28918242]
 [ 0.5819894  -0.25164264  0.2407301 ]
 [ 0.63822377 -0.24285388  0.09952897]
 [-0.09020745 -0.07788575  0.593253  ]
 [-0.251767    0.24546787  0.3950669 ]
 [-0.23670232  0.26425454  0.03251356]
 [-0.33414978  0.39601806  0.        ]
 [-0.0155008   0.05004579  0.8131196 ]
 [-0.06164891  0.07258773  1.0546288 ]
 [-0.18861714  0.11587811  1.1288071 ]
 [-0.11468086  0.09251773  1.2389125 ]
 [-0.11187573 -0.04758024  1.039715  ]
 [-0.00322169 -0.27685097  1.0522314 ]
 [ 0.01632589 -0.22564663  0.8673501 ]
 [ 0.0175428   0.16805989  0.9881053 ]
 [ 0.01904577  0.2964122   0.78011334]
 [-0.12607358  0.30742443  0.9017091 ]]
[[ 0.0000000e+00  0.0000000e+00  5.7719624e-01]
 [ 8.9499220e-02  6.9401756e-02  5.8521998e-01]
 [ 2.2805788e-01 -3.8990974e-03  2.3388460e-01]
 [ 4.9792194e-01 -4.0687847e-01  2.7975953e-01]
 [ 6.1663866e-01 -4.2108172e-01  1.8930560e-01]
 [-8.9529648e-02 -6.9242544e-02  5.6983387e-01]
 [-2.2222191e-01  2.5474572e-01  3.4571803e-01]
 [-2.4061605e-01  3.7301892e-01  9.4395876e-04]
 [-3.4370691e-01  5.1421601e-01  0.0000000e+00]
 [-2.5304139e-02  4.9237624e-02  7.8411150e-01]
 [-8.0054209e-02  6.2401950e-02  1.0237821e+00]
 [-2.0716581e-01  1.0201663e-01  1.1063943e+00]
 [-1.2396842e-01  7.5217605e-02  1.2128001e+00]
 [-1.3497691e-01 -4.3594718e-02  9.9548435e-01]
 [-1.7765198e-02 -2.3969547e-01  9.4335854e-01]
 [-1.0569166e-02 -1.7306753e-01  7.5042892e-01]
 [ 6.3360035e-03  1.4619255e-01  9.6611917e-01]
 [ 6.0670406e-02  2.6204741e-01  7.4856973e-01]
 [-8.9306056e-02  3.2447886e-01  7.7317810e-01]]
[[ 0.0000000e+00  0.0000000e+00  6.0853958e-01]
 [ 9.4220623e-02  7.2218984e-02  6.1361074e-01]
 [ 1.3757408e-01 -1.0973811e-03  2.2868407e-01]
 [ 3.5449404e-01 -4.7004178e-01  3.6535877e-01]
 [ 5.0258899e-01 -5.1971215e-01  3.2778147e-01]
 [-9.4301514e-02 -7.2124943e-02  6.0409296e-01]
 [-1.7921767e-01  2.7052641e-01  3.5451579e-01]
 [-1.5620548e-01  3.8343263e-01  6.2550902e-03]
 [-2.8086549e-01  5.5009127e-01  0.0000000e+00]
 [-3.6786854e-02  6.4894617e-02  8.0972224e-01]
 [-1.0833126e-01  7.7107519e-02  1.0464318e+00]
 [-2.3701143e-01  1.1199051e-01  1.1431915e+00]
 [-1.4382565e-01  7.9989493e-02  1.2458684e+00]
 [-1.6884792e-01 -3.5011053e-02  9.9907964e-01]
 [-1.1002001e-01 -2.0035067e-01  7.9739779e-01]
 [-1.3747400e-01 -8.9070357e-02  6.3941479e-01]
 [-1.3789199e-02  1.5802258e-01  9.9526161e-01]
 [ 1.0331314e-01  2.1388917e-01  7.6685321e-01]
 [ 5.8640324e-02  2.6688486e-01  6.4663386e-01]]
[[ 0.          0.          0.6136724 ]
 [ 0.0899206   0.07956991  0.6182802 ]
 [ 0.02587382  0.03397706  0.23299313]
 [ 0.23364681 -0.44591838  0.36987674]
 [ 0.3759666  -0.5060314   0.32595912]
 [-0.09002028 -0.07949635  0.6095662 ]
 [-0.13153453  0.26043758  0.34454843]
 [-0.00984463  0.36790958  0.02112693]
 [-0.1444608   0.5382043   0.        ]
 [-0.04479664  0.06838448  0.81478953]
 [-0.12373507  0.07420406  1.0534847 ]
 [-0.2513766   0.10552132  1.1569108 ]
 [-0.14626876  0.07131559  1.2545081 ]
 [-0.18888143 -0.04033044  1.0016935 ]
 [-0.16362193 -0.19656226  0.77727437]
 [-0.26585868 -0.07784687  0.65739095]
 [-0.03052041  0.15269396  1.0036967 ]
 [ 0.12366486  0.1632605   0.80015314]
 [ 0.14941797  0.17990032  0.6379549 ]]
[[ 0.          0.          0.574033  ]
 [ 0.07100192  0.08735394  0.5835722 ]
 [-0.17331311  0.18581274  0.3006888 ]
 [ 0.07196841 -0.1250219   0.29222652]
 [ 0.12782061 -0.11382914  0.15295768]
 [-0.07115155 -0.08743851  0.5643709 ]
 [ 0.03049794  0.11044392  0.27811044]
 [ 0.3375974   0.22434238  0.07103676]
 [ 0.24436934  0.38365042  0.        ]
 [-0.04725622  0.05235982  0.7835224 ]
 [-0.11890355  0.06671584  1.0289162 ]
 [-0.23139447  0.1011157   1.1313167 ]
 [-0.1296404   0.06409746  1.229069  ]
 [-0.20330623 -0.03217188  0.9705304 ]
 [-0.26922938 -0.18748079  0.74590564]
 [-0.38647157 -0.00341651  0.8041834 ]
 [-0.0172818   0.12286738  0.9869738 ]
 [ 0.22399405  0.07888287  0.8995015 ]
 [ 0.3224032   0.1097296   0.6623893 ]]
[[ 0.0000000e+00  0.0000000e+00  5.3456306e-01]
 [ 6.0250945e-02  8.1371218e-02  5.5135226e-01]
 [-2.3718685e-01  2.4606696e-01  3.5453817e-01]
 [-3.9936841e-02  1.1012715e-01  1.2788928e-01]
 [-1.1191210e-01  2.0107719e-01  0.0000000e+00]
 [-6.0404196e-02 -8.1542589e-02  5.1719403e-01]
 [ 1.6311815e-01 -2.9810876e-02  2.3857611e-01]
 [ 5.1401418e-01  7.6967478e-04  1.4768302e-01]
 [ 5.2455163e-01  1.0254255e-01  1.4107764e-02]
 [-3.9208956e-02  3.7369087e-02  7.5541556e-01]
 [-1.0275769e-01  4.8331559e-02  1.0053616e+00]
 [-2.0247082e-01  9.7817183e-02  1.0972123e+00]
 [-1.1319095e-01  5.6841433e-02  1.2026098e+00]
 [-1.9775823e-01 -3.4787387e-02  9.4994152e-01]
 [-3.0482858e-01 -1.8415511e-01  7.4240279e-01]
 [-3.5264108e-01 -2.1823943e-03  8.8567495e-01]
 [ 8.0912933e-03  9.3564630e-02  9.6895158e-01]
 [ 2.5918332e-01  2.0460397e-02  9.2567116e-01]
 [ 3.4323645e-01  5.8712460e-02  6.8454742e-01]]
[[ 0.          0.          0.5719105 ]
 [ 0.06573864  0.06963502  0.588385  ]
 [-0.19899008  0.29955554  0.40165845]
 [-0.16407347  0.28667507  0.0452913 ]
 [-0.2807293   0.39516804  0.        ]
 [-0.06597711 -0.06978995  0.55475247]
 [ 0.15507448 -0.05897874  0.24721175]
 [ 0.5270636  -0.1380221   0.30360383]
 [ 0.63483524 -0.07769206  0.21038121]
 [-0.02843482  0.05555676  0.79128706]
 [-0.08102046  0.08251718  1.0370839 ]
 [-0.17723635  0.13276619  1.1279638 ]
 [-0.08500811  0.09113836  1.2319629 ]
 [-0.18602449  0.00651944  0.9894128 ]
 [-0.29239637 -0.1681442   0.798214  ]
 [-0.326692    0.01744956  0.85968924]
 [ 0.03292587  0.1193299   0.9937456 ]
 [ 0.27299348  0.0505068   0.9167249 ]
 [ 0.30887812  0.11450844  0.678629  ]]
[[ 0.          0.          0.603827  ]
 [ 0.07549709  0.06001099  0.6195686 ]
 [-0.13766214  0.33096412  0.39484215]
 [-0.1800653   0.36488652  0.01659858]
 [-0.3014876   0.48618573  0.        ]
 [-0.07579423 -0.06015511  0.5874552 ]
 [ 0.09873071 -0.06239685  0.24527484]
 [ 0.44033396 -0.17549624  0.42249858]
 [ 0.5846893  -0.14292914  0.37417066]
 [-0.0197941   0.07905436  0.8163767 ]
 [-0.06628156  0.12747681  1.0554705 ]
 [-0.16328861  0.17678523  1.1450493 ]
 [-0.07463142  0.13990837  1.247482  ]
 [-0.17610684  0.0576618   1.0162896 ]
 [-0.26319182 -0.13406852  0.8353764 ]
 [-0.30581504  0.03531702  0.78696495]
 [ 0.04970139  0.1568872   1.0038422 ]
 [ 0.25052178  0.09528968  0.8733232 ]
 [ 0.22983398  0.18169764  0.6486403 ]]
[[ 0.          0.          0.64041567]
 [ 0.08436088  0.05235237  0.65472525]
 [-0.09171337  0.34195516  0.40148002]
 [-0.13556749  0.37151742  0.02043647]
 [-0.258076    0.49772203  0.        ]
 [-0.08465664 -0.05247874  0.6255814 ]
 [ 0.04485909 -0.02263257  0.27142334]
 [ 0.35593304 -0.19214943  0.49756908]
 [ 0.50799966 -0.1719904   0.48032168]
 [-0.01439835  0.09541339  0.846021  ]
 [-0.05950466  0.15832981  1.0783454 ]
 [-0.1583809   0.20884407  1.1648842 ]
 [-0.07211378  0.17628795  1.2693595 ]
 [-0.17029873  0.09032017  1.0461276 ]
 [-0.24824277 -0.11108032  0.8745666 ]
 [-0.286676    0.02462331  0.74362457]
 [ 0.06056787  0.18654028  1.0223569 ]
 [ 0.22636876  0.14809561  0.8494961 ]
 [ 0.14309786  0.2494337   0.6536212 ]]
[[ 0.00000000e+00  0.00000000e+00  6.79387629e-01]
 [ 9.25019607e-02  6.06511757e-02  6.90850139e-01]
 [-1.09016895e-03  3.52110356e-01  3.97030890e-01]
 [ 5.24128154e-02  3.14648002e-01  4.92239594e-02]
 [-9.03094709e-02  4.38368797e-01  0.00000000e+00]
 [-9.26655382e-02 -6.06121570e-02  6.67637169e-01]
 [-1.06482767e-01  2.48127580e-02  2.98959404e-01]
 [ 1.88699067e-01 -2.28883535e-01  5.20885885e-01]
 [ 3.21441114e-01 -2.24973843e-01  4.70279872e-01]
 [-1.63830221e-02  1.21284604e-01  8.73307824e-01]
 [-6.27892017e-02  2.10192680e-01  1.09981453e+00]
 [-1.64814353e-01  2.60869771e-01  1.19325113e+00]
 [-7.14531392e-02  2.30658650e-01  1.29299283e+00]
 [-1.65624410e-01  1.31022543e-01  1.07004917e+00]
 [-1.68988988e-01 -7.92665035e-02  8.82692099e-01]
 [-1.81827158e-01 -1.15409553e-01  6.82307124e-01]
 [ 5.78695461e-02  2.55751133e-01  1.03575504e+00]
 [ 1.32321775e-01  2.99961507e-01  8.28499198e-01]
 [-5.90114594e-02  3.68789017e-01  7.66299903e-01]]
[[ 0.0000000e+00  0.0000000e+00  6.7161191e-01]
 [ 9.7030371e-02  7.7173471e-02  6.8116730e-01]
 [ 2.1770611e-01  3.1273991e-01  3.7326455e-01]
 [ 4.3300381e-01  1.3551053e-01  1.2361789e-01]
 [ 3.3213362e-01  2.3833010e-01  0.0000000e+00]
 [-9.7090818e-02 -7.6938376e-02  6.6204393e-01]
 [-2.6097280e-01  1.5314868e-01  4.0145457e-01]
 [-3.2179717e-02 -1.3379702e-01  3.4785318e-01]
 [-1.1484511e-03 -1.0126966e-01  2.6510364e-01]
 [-2.3506537e-02  1.0939258e-01  8.7185329e-01]
 [-7.6831713e-02  1.8718147e-01  1.1070011e+00]
 [-1.8681431e-01  2.3465601e-01  1.1966476e+00]
 [-8.2420498e-02  2.0015413e-01  1.2911856e+00]
 [-1.6002387e-01  7.6020628e-02  1.0876361e+00]
 [-8.2990788e-02 -2.0085682e-01  1.0768762e+00]
 [-5.7625107e-02 -2.3626442e-01  9.0496916e-01]
 [ 2.5743879e-02  2.7204776e-01  1.0472165e+00]
 [-5.4564476e-03  4.0245816e-01  8.3552223e-01]
 [-2.0314148e-01  3.3438131e-01  9.5158660e-01]]
[[ 0.0000000e+00  0.0000000e+00  6.3213891e-01]
 [ 8.8617623e-02  8.3049074e-02  6.4375448e-01]
 [ 3.2532996e-01  1.9441655e-01  3.6926824e-01]
 [ 6.0040128e-01 -3.3944428e-02  1.7528030e-01]
 [ 5.8080935e-01  5.9372187e-03  0.0000000e+00]
 [-8.8555910e-02 -8.2755819e-02  6.2079990e-01]
 [-2.7663943e-01  2.2322661e-01  4.3907648e-01]
 [-1.2579268e-01  3.6320210e-02  1.6157216e-01]
 [-1.7597653e-01  1.3979042e-01  5.1842272e-02]
 [-1.4032114e-02  6.9369420e-02  8.3928484e-01]
 [-5.5605814e-02  1.0794401e-01  1.0808295e+00]
 [-1.8313082e-01  1.4536643e-01  1.1674867e+00]
 [-7.2817102e-02  1.0934532e-01  1.2602694e+00]
 [-1.0325228e-01 -2.2255063e-02  1.0686355e+00]
 [ 3.4421682e-06 -2.7463517e-01  1.0825884e+00]
 [ 2.4476312e-02 -2.6710126e-01  9.0265298e-01]
 [ 1.5270673e-02  2.1512842e-01  1.0135109e+00]
 [-2.5130600e-02  3.5076103e-01  8.0272925e-01]
 [-1.7513159e-01  3.0540338e-01  9.7066367e-01]]
[[ 0.          0.          0.60367894]
 [ 0.08607544  0.07704675  0.6180768 ]
 [ 0.27519333  0.0547238   0.29854658]
 [ 0.58583176 -0.28910157  0.25678787]
 [ 0.64737093 -0.29688215  0.12405592]
 [-0.08603158 -0.07681145  0.58988667]
 [-0.26120114  0.22710879  0.3961193 ]
 [-0.22438121  0.2573998   0.03651369]
 [-0.3158267   0.38593465  0.        ]
 [-0.02144146  0.04725094  0.8118335 ]
 [-0.06919599  0.06267595  1.0549376 ]
 [-0.19645901  0.0965535   1.1480484 ]
 [-0.07738328  0.05491203  1.2378345 ]
 [-0.10884812 -0.05736905  1.0343244 ]
 [ 0.01473638 -0.27355474  1.0016463 ]
 [ 0.01172002 -0.18968983  0.81336355]
 [-0.00132291  0.16473359  0.9880174 ]
 [ 0.00417582  0.28369826  0.7684239 ]
 [-0.15767136  0.29746735  0.85576737]]
[[ 0.          0.          0.5723459 ]
 [ 0.08507082  0.06219269  0.5868076 ]
 [ 0.20938486 -0.01345003  0.23382923]
 [ 0.43285823 -0.46294838  0.29761854]
 [ 0.56575465 -0.50521064  0.24313068]
 [-0.08505651 -0.06202715  0.5585823 ]
 [-0.19747105  0.27284208  0.33717245]
 [-0.18465656  0.41594207  0.01131994]
 [-0.2846458   0.56050885  0.        ]
 [-0.0225181   0.05412294  0.77592117]
 [-0.073474    0.06304929  1.0180501 ]
 [-0.2017614   0.09208435  1.1148946 ]
 [-0.08665557  0.05359447  1.2070578 ]
 [-0.11119975 -0.04948154  0.98277175]
 [-0.01504749 -0.24510956  0.8764397 ]
 [-0.06942924 -0.16406097  0.69724333]
 [-0.00791408  0.15611237  0.96062136]
 [ 0.05089341  0.27023542  0.73397076]
 [-0.08997853  0.32521835  0.698681  ]]
[[ 0.          0.          0.5930078 ]
 [ 0.08421054  0.0655769   0.60349846]
 [ 0.11572956 -0.0246056   0.22068346]
 [ 0.28737086 -0.51917815  0.36206195]
 [ 0.42913544 -0.59922296  0.35908833]
 [-0.08423761 -0.06548798  0.5831426 ]
 [-0.13598666  0.28004184  0.3336741 ]
 [-0.04622881  0.40584785  0.02063406]
 [-0.16847771  0.5656011   0.        ]
 [-0.02293478  0.07013911  0.7923183 ]
 [-0.08373535  0.07171175  1.0332177 ]
 [-0.20991892  0.09917176  1.1367018 ]
 [-0.08793014  0.05963838  1.2288297 ]
 [-0.13200691 -0.04350147  0.9862305 ]
 [-0.10204449 -0.21417123  0.7845413 ]
 [-0.19217463 -0.08178464  0.6446698 ]
 [-0.00989636  0.15984777  0.9780123 ]
 [ 0.08770704  0.22144201  0.743064  ]
 [ 0.03153245  0.23356153  0.57376844]]
[[ 0.          0.          0.56788385]
 [ 0.07639392  0.0826376   0.5794537 ]
 [-0.04556448  0.03799555  0.22514606]
 [ 0.15271023 -0.42867565  0.3590674 ]
 [ 0.2448529  -0.4970475   0.30550486]
 [-0.076442   -0.08268175  0.5566608 ]
 [-0.06426555  0.22999752  0.27067098]
 [ 0.20435259  0.31703967  0.05351985]
 [ 0.10798019  0.4817111   0.        ]
 [-0.02785388  0.06061392  0.77664626]
 [-0.08812566  0.06331009  1.0232794 ]
 [-0.21062768  0.09646839  1.1334684 ]
 [-0.08690189  0.05532026  1.2227257 ]
 [-0.15192385 -0.05692783  0.97611535]
 [-0.16585144 -0.2125592   0.74712086]
 [-0.32237318 -0.06229763  0.69009423]
 [-0.00306609  0.14820558  0.9689535 ]
 [ 0.1588952   0.15110666  0.77996266]
 [ 0.19704723  0.17101228  0.5398124 ]]
[[ 0.          0.          0.5295741 ]
 [ 0.0599778   0.08782416  0.54168755]
 [-0.2481612   0.18975319  0.30172676]
 [ 0.01657937 -0.06311768  0.2482799 ]
 [ 0.01176992 -0.05417287  0.13002515]
 [-0.06010089 -0.08798315  0.51719344]
 [ 0.0600116   0.05251747  0.20203525]
 [ 0.4357152   0.09855428  0.1199038 ]
 [ 0.44899774  0.22279423  0.        ]
 [-0.0306701   0.04485658  0.75045073]
 [-0.08602477  0.05492809  1.0008849 ]
 [-0.19746965  0.0939635   1.103587  ]
 [-0.07927839  0.04959202  1.198158  ]
 [-0.168847   -0.04630077  0.95203364]
 [-0.2469175  -0.2277179   0.7494962 ]
 [-0.37457472 -0.03707942  0.7973628 ]
 [ 0.01102481  0.12025881  0.9521232 ]
 [ 0.24448855  0.05229437  0.8535793 ]
 [ 0.30367124  0.10339293  0.59501874]]
[[ 0.          0.          0.5165738 ]
 [ 0.05734745  0.08179533  0.529956  ]
 [-0.24181473  0.29133195  0.36067402]
 [-0.15901077  0.24730606  0.05837944]
 [-0.27863914  0.3453876   0.        ]
 [-0.05753252 -0.08195122  0.50253755]
 [ 0.10379405 -0.01620281  0.15925354]
 [ 0.49781036 -0.07712588  0.20647174]
 [ 0.60747635 -0.01624563  0.09655771]
 [-0.01317324  0.05810317  0.73723817]
 [-0.05125938  0.08500469  0.9867981 ]
 [-0.15224047  0.13409722  1.0774335 ]
 [-0.04229143  0.09119391  1.177982  ]
 [-0.15068236 -0.00472182  0.941452  ]
 [-0.25287083 -0.20088261  0.76837695]
 [-0.3461885  -0.00194147  0.80286056]
 [ 0.05521575  0.13527977  0.9396076 ]
 [ 0.2973221   0.06585586  0.8753394 ]
 [ 0.3473727   0.1262294   0.6376126 ]]
[[ 0.          0.          0.53005373]
 [ 0.06226883  0.07412668  0.540841  ]
 [-0.19907224  0.3301289   0.3562986 ]
 [-0.2449249   0.34449798  0.00665963]
 [-0.3758918   0.44685176  0.        ]
 [-0.06248353 -0.07427179  0.51859814]
 [ 0.08040473 -0.01392186  0.15521818]
 [ 0.45848507 -0.09643859  0.26210016]
 [ 0.5929642  -0.05200952  0.17943257]
 [-0.00686666  0.07289234  0.7444971 ]
 [-0.04008277  0.11442339  0.98798007]
 [-0.13960546  0.16072792  1.07823   ]
 [-0.02826928  0.12050682  1.1769004 ]
 [-0.1404517   0.02917022  0.9462899 ]
 [-0.23994952 -0.17933333  0.7877192 ]
 [-0.33540297  0.00803246  0.7604194 ]
 [ 0.06747641  0.16079926  0.9394276 ]
 [ 0.2989536   0.08289728  0.8499431 ]
 [ 0.32690275  0.1588487   0.61617553]]
[[ 0.          0.          0.53420085]
 [ 0.0662332   0.0727997   0.54347795]
 [-0.17150667  0.3467399   0.33988428]
 [-0.25183237  0.39236298  0.        ]
 [-0.38090557  0.4992231   0.00682092]
 [-0.06647196 -0.07292446  0.5242731 ]
 [ 0.03680803 -0.00910056  0.15371501]
 [ 0.4070089  -0.10574017  0.29067484]
 [ 0.5485966  -0.06839883  0.21643585]
 [-0.00484454  0.08295467  0.7443545 ]
 [-0.03512552  0.14124     0.9844047 ]
 [-0.13640863  0.18368697  1.0754826 ]
 [-0.02521138  0.14552182  1.172674  ]
 [-0.13436526  0.05436286  0.94464856]
 [-0.2248742  -0.15877976  0.78682566]
 [-0.31644106  0.01307343  0.71597755]
 [ 0.0728088   0.18664804  0.9333919 ]
 [ 0.2872036   0.10678041  0.8192779 ]
 [ 0.290698    0.18783632  0.59029496]]
[[ 0.00000000e+00  0.00000000e+00  5.65085173e-01]
 [ 7.50453472e-02  7.11964071e-02  5.73112845e-01]
 [-1.32898122e-01  3.45570683e-01  3.39674652e-01]
 [-1.87367201e-01  4.06641901e-01  7.96735287e-03]
 [-3.14842224e-01  5.18889904e-01  0.00000000e+00]
 [-7.52596408e-02 -7.12549910e-02  5.56473196e-01]
 [-5.16051427e-02  3.47062051e-02  1.82999551e-01]
 [ 3.17839742e-01 -8.31114501e-02  3.14663947e-01]
 [ 4.42603290e-01 -3.91816795e-02  2.33396053e-01]
 [ 4.99881804e-04  1.07125014e-01  7.65982270e-01]
 [-2.99585164e-02  1.80563956e-01  1.00037146e+00]
 [-1.37192309e-01  2.21348286e-01  1.09736085e+00]
 [-2.07889751e-02  1.82765186e-01  1.19239783e+00]
 [-1.29368320e-01  8.88440013e-02  9.63334143e-01]
 [-1.93100721e-01 -1.30761147e-01  8.00254047e-01]
 [-2.67842203e-01 -1.42822415e-02  6.75470471e-01]
 [ 8.11619386e-02  2.27124214e-01  9.45674121e-01]
 [ 2.55300164e-01  1.55093610e-01  7.88312733e-01]
 [ 2.06212610e-01  2.55748034e-01  5.81244946e-01]]
[[ 0.00000000e+00  0.00000000e+00  6.28010750e-01]
 [ 9.90622044e-02  8.33920538e-02  6.30383670e-01]
 [-4.41584587e-02  3.16855967e-01  3.51571381e-01]
 [ 1.06365614e-01  2.03559667e-01  7.07575083e-02]
 [-2.01576948e-02  3.11165631e-01  0.00000000e+00]
 [-9.90464240e-02 -8.32384527e-02  6.25393629e-01]
 [-2.81566858e-01  1.98342532e-01  3.60207200e-01]
 [ 4.00840417e-02 -1.90891922e-02  2.57609725e-01]
 [ 3.76656875e-02  6.73817694e-02  1.60891175e-01]
 [-5.84449619e-04  1.35136932e-01  8.12884688e-01]
 [-2.73455679e-02  2.29116857e-01  1.03258395e+00]
 [-1.33979470e-01  2.73940295e-01  1.13526642e+00]
 [-1.83585733e-02  2.28335142e-01  1.22235739e+00]
 [-1.30704075e-01  1.23867214e-01  9.97062206e-01]
 [-9.62023288e-02 -9.01286826e-02  8.11974645e-01]
 [-1.04583457e-01 -6.91565350e-02  6.40189290e-01]
 [ 8.40439573e-02  2.89099634e-01  9.75395799e-01]
 [ 1.35015950e-01  3.15260351e-01  7.50674963e-01]
 [-1.35567784e-02  4.13587630e-01  6.76649451e-01]]
[[ 0.          0.          0.63838434]
 [ 0.09500109  0.09386818  0.643544  ]
 [ 0.12723055  0.19725223  0.2576998 ]
 [ 0.40999347 -0.04515702  0.13092709]
 [ 0.37649697  0.00888497  0.        ]
 [-0.09498149 -0.09361751  0.63361686]
 [-0.31366938  0.19024098  0.4391513 ]
 [-0.297076    0.11622396  0.11409658]
 [-0.43486422  0.2604448   0.06804454]
 [ 0.0016796   0.06565204  0.84397143]
 [-0.02526347  0.08527195  1.0869572 ]
 [-0.14346585  0.12381864  1.1844912 ]
 [-0.01904994  0.07634532  1.2731286 ]
 [-0.08256081 -0.04465011  1.0603429 ]
 [ 0.04541844 -0.28395995  0.99394584]
 [ 0.06883717 -0.24872883  0.7997718 ]
 [ 0.0497454   0.19531411  1.0204453 ]
 [ 0.04179532  0.33132878  0.8244924 ]
 [-0.13814354  0.36865193  0.90555537]]
[[ 0.          0.          0.5875745 ]
 [ 0.08143318  0.08757749  0.5993726 ]
 [ 0.20323586  0.10348251  0.2341786 ]
 [ 0.5124016  -0.16857806  0.13102633]
 [ 0.5590447  -0.14984298  0.        ]
 [-0.08140361 -0.08739136  0.57644767]
 [-0.30419767  0.12790568  0.35865963]
 [-0.4193575   0.23325905  0.04333264]
 [-0.55713594  0.3476199   0.06665468]
 [ 0.02197137  0.02626571  0.7993982 ]
 [ 0.0165903   0.01547113  1.0439413 ]
 [-0.09643606  0.04459107  1.1391956 ]
 [ 0.01836084  0.00125462  1.2257392 ]
 [-0.01093321 -0.10803738  1.0127082 ]
 [ 0.11486299 -0.32357478  0.93123984]
 [ 0.08161309 -0.20391805  0.7623613 ]
 [ 0.06689615  0.13490579  0.98562723]
 [ 0.06639034  0.27887288  0.7872076 ]
 [-0.09878644  0.31791443  0.8743402 ]]
[[ 0.          0.          0.55179924]
 [ 0.07876127  0.08323923  0.56265825]
 [ 0.20325285  0.08071581  0.19351572]
 [ 0.51919186 -0.194608    0.12564525]
 [ 0.5756072  -0.1880697   0.        ]
 [-0.07870851 -0.08305866  0.5416181 ]
 [-0.2904923   0.12193658  0.31505403]
 [-0.42165458  0.24733281  0.00567228]
 [-0.5582169   0.35573757  0.03249514]
 [ 0.02716215  0.02297726  0.7629032 ]
 [ 0.02868637  0.00547656  1.0049632 ]
 [-0.08120641  0.03294486  1.1033623 ]
 [ 0.03291967 -0.0107851   1.1877108 ]
 [ 0.00509173 -0.11504272  0.969893  ]
 [ 0.12547977 -0.3251796   0.87486994]
 [ 0.06872629 -0.18624951  0.7164544 ]
 [ 0.07468626  0.12449458  0.9502887 ]
 [ 0.08181705  0.27697486  0.7492958 ]
 [-0.08943337  0.32163277  0.81246924]]
[[ 0.0000000e+00  0.0000000e+00  5.8542657e-01]
 [ 7.5116247e-02  8.0439068e-02  5.9090114e-01]
 [ 1.0916303e-01  7.8584284e-02  1.7913696e-01]
 [ 4.0049481e-01 -2.2774506e-01  2.1134824e-01]
 [ 5.1721573e-01 -2.6319733e-01  1.1581439e-01]
 [-7.5096801e-02 -8.0286942e-02  5.8049238e-01]
 [-2.1731737e-01  2.0861146e-01  3.4345239e-01]
 [-2.8394973e-01  3.0494648e-01  4.8209250e-02]
 [-4.1464239e-01  4.5180005e-01  0.0000000e+00]
 [ 3.2120265e-02  2.6042730e-02  7.9591215e-01]
 [ 4.1612264e-02  4.1884184e-04  1.0383281e+00]
 [-6.5383136e-02  2.6231885e-02  1.1503386e+00]
 [ 6.6818401e-02 -2.2363722e-02  1.2268598e+00]
 [ 1.0431968e-03 -1.2342149e-01  9.8959076e-01]
 [ 4.5549527e-02 -3.1844586e-01  8.2668328e-01]
 [-1.1340731e-01 -1.5196025e-01  7.3425353e-01]
 [ 9.1188230e-02  1.1936703e-01  9.9606812e-01]
 [ 1.2404284e-01  2.9145730e-01  7.9228926e-01]
 [-5.5592671e-02  3.4250295e-01  8.0266172e-01]]
[[ 0.          0.          0.6444073 ]
 [ 0.07622792  0.08762904  0.6468095 ]
 [-0.12554538  0.11496706  0.34972242]
 [ 0.13240159 -0.22127855  0.2884047 ]
 [ 0.2633475  -0.23924679  0.1904388 ]
 [-0.07623501 -0.08764247  0.6423346 ]
 [-0.19079858  0.20077549  0.3620778 ]
 [ 0.00231919  0.32270068  0.04468131]
 [-0.13387015  0.4885225   0.        ]
 [ 0.01610158  0.03914374  0.85372406]
 [ 0.00141441  0.01591957  1.0982618 ]
 [-0.08852682  0.04687291  1.223494  ]
 [ 0.06096385 -0.00774056  1.2868757 ]
 [-0.06973572 -0.11444703  1.0432808 ]
 [-0.16925532 -0.29178286  0.8746933 ]
 [-0.32819998 -0.09367403  0.89719653]
 [ 0.07902168  0.13681495  1.0539817 ]
 [ 0.16885741  0.3161146   0.8715911 ]
 [ 0.00425053  0.39395088  0.90550494]]
[[ 0.          0.          0.6453452 ]
 [ 0.06047312  0.07888983  0.65000963]
 [-0.31248668  0.14127901  0.5804582 ]
 [-0.2131497  -0.0931671   0.2608195 ]
 [-0.27572608 -0.06560293  0.13395417]
 [-0.06041947 -0.07915792  0.6402833 ]
 [ 0.06978796  0.06510332  0.3124829 ]
 [ 0.36620206  0.1695503   0.11680281]
 [ 0.30111134  0.30370215  0.        ]
 [ 0.00775475  0.01672848  0.86448747]
 [ 0.0079571   0.02201438  1.1202364 ]
 [-0.04256926  0.07474977  1.2271048 ]
 [ 0.08916753  0.02483368  1.3055618 ]
 [-0.08890872 -0.08369687  1.0811146 ]
 [-0.2809241  -0.21861479  0.9418668 ]
 [-0.3762987  -0.02503848  1.0067983 ]
 [ 0.10503195  0.10920638  1.0576942 ]
 [ 0.21752453  0.2766079   0.8791299 ]
 [ 0.08808228  0.4174627   0.923715  ]]
[[ 0.          0.          0.62558305]
 [ 0.0509403   0.07555281  0.63164747]
 [-0.3436386   0.13073422  0.5838001 ]
 [-0.32776368 -0.07032156  0.19514385]
 [-0.44581178 -0.03004321  0.10387635]
 [-0.05093717 -0.0758352   0.61898947]
 [ 0.11567299  0.04217306  0.29119614]
 [ 0.4385883   0.12110531  0.13535404]
 [ 0.42350805  0.21886164  0.        ]
 [ 0.01773461  0.02595626  0.8494074 ]
 [ 0.02677299  0.02986833  1.1063411 ]
 [-0.01644523  0.08773214  1.2119818 ]
 [ 0.11257471  0.03850311  1.2935653 ]
 [-0.07534352 -0.07451198  1.0713843 ]
 [-0.27636543 -0.20190077  0.9318727 ]
 [-0.3851434  -0.03199217  0.9689357 ]
 [ 0.12362489  0.11484596  1.0398444 ]
 [ 0.22693878  0.27418953  0.84413993]
 [ 0.11995102  0.44473547  0.8501488 ]]
[[ 0.          0.          0.57835674]
 [ 0.04081901  0.07466611  0.5864934 ]
 [-0.3613314   0.12803319  0.5417408 ]
 [-0.3737394  -0.04056007  0.1367907 ]
 [-0.5122745   0.01015338  0.06911057]
 [-0.04088461 -0.07493906  0.5696492 ]
 [ 0.09751551 -0.01597506  0.21805608]
 [ 0.44547075  0.03890142  0.13914144]
 [ 0.498954    0.10993338  0.        ]
 [ 0.02550175  0.02484907  0.8057597 ]
 [ 0.0389108   0.03052276  1.062285  ]
 [-0.00480293  0.08496082  1.1704991 ]
 [ 0.12245496  0.02874017  1.2498982 ]
 [-0.06209943 -0.07270378  1.0308542 ]
 [-0.2584752  -0.20320088  0.8837632 ]
 [-0.4004581  -0.04355156  0.87742805]
 [ 0.1298104   0.11204422  0.9905418 ]
 [ 0.21698545  0.24858633  0.77971643]
 [ 0.13947786  0.43726707  0.7239318 ]]
[[ 0.          0.          0.5419673 ]
 [ 0.03660166  0.07256977  0.5506008 ]
 [-0.35377663  0.12599918  0.4720619 ]
 [-0.31641924 -0.01410374  0.06879181]
 [-0.45716566  0.04570478  0.        ]
 [-0.03669361 -0.07283735  0.53279686]
 [ 0.05975713 -0.0727416   0.1572491 ]
 [ 0.42827436 -0.11563733  0.16262701]
 [ 0.55318725 -0.07679123  0.04295719]
 [ 0.04401831  0.02621508  0.77204525]
 [ 0.06697754  0.02143732  1.0287142 ]
 [ 0.02070933  0.06992257  1.1406393 ]
 [ 0.14433461  0.00985068  1.2142181 ]
 [-0.02591965 -0.07341805  0.9997204 ]
 [-0.19388658 -0.2074061   0.82783   ]
 [-0.36118606 -0.09850195  0.7631999 ]
 [ 0.14469665  0.09268925  0.95449185]
 [ 0.1979874   0.17013264  0.72777474]
 [ 0.16577874  0.3398323   0.5772526 ]]
[[ 0.          0.          0.58021605]
 [ 0.03310829  0.07645591  0.59046775]
 [-0.32921562  0.14096877  0.4238497 ]
 [-0.12958929 -0.02106526  0.10849664]
 [-0.23729622  0.04706365  0.        ]
 [-0.03322637 -0.07679044  0.56968105]
 [-0.02371311 -0.16604856  0.19404835]
 [ 0.27151838 -0.39656383  0.30092362]
 [ 0.4452777  -0.40953702  0.27448457]
 [ 0.06119994  0.0193615   0.8065495 ]
 [ 0.1021923   0.00680929  1.0607597 ]
 [ 0.05478926  0.04691988  1.1770467 ]
 [ 0.17862046 -0.01510209  1.2414303 ]
 [ 0.02084261 -0.06308666  1.0315104 ]
 [-0.08363336 -0.18984748  0.849308  ]
 [-0.18664896 -0.18552548  0.77596706]
 [ 0.16889957  0.05544636  0.9928062 ]
 [ 0.18559504  0.01299271  0.7463834 ]
 [ 0.23698917  0.11630061  0.54937655]]
[[ 0.          0.          0.6122016 ]
 [ 0.03070058  0.06947863  0.61656064]
 [-0.27938622  0.156699    0.37703803]
 [-0.01490349 -0.02814677  0.13128704]
 [-0.08004721  0.04544848  0.        ]
 [-0.03077532 -0.06980616  0.6077604 ]
 [-0.03976439 -0.1625027   0.23276287]
 [ 0.22068924 -0.45062798  0.35717723]
 [ 0.41245598 -0.47925374  0.36161745]
 [ 0.06953871  0.01463038  0.83524215]
 [ 0.12378518 -0.00247714  1.0864754 ]
 [ 0.07496831  0.03476417  1.2032722 ]
 [ 0.20097029 -0.02757931  1.2675759 ]
 [ 0.05042909 -0.0500364   1.0583429 ]
 [ 0.02831151 -0.14850302  0.9321946 ]
 [ 0.00326759 -0.17241     0.88033533]
 [ 0.18489942  0.03277174  1.0192053 ]
 [ 0.21677436 -0.02736278  0.7792299 ]
 [ 0.3116048   0.0722842   0.6011772 ]]
[[ 0.          0.          0.6430002 ]
 [ 0.02274657  0.06369356  0.64306647]
 [-0.19143265  0.13177225  0.30826408]
 [ 0.13312095 -0.03015876  0.15030915]
 [ 0.12617925  0.02100587  0.        ]
 [-0.02274198 -0.06394936  0.6430202 ]
 [-0.06532606 -0.15122402  0.27470022]
 [ 0.19243765 -0.47107133  0.36177185]
 [ 0.36214292 -0.50613254  0.3634971 ]
 [ 0.0830465   0.0043021   0.8610233 ]
 [ 0.15276212 -0.02283046  1.1079731 ]
 [ 0.09800638  0.01726401  1.220284  ]
 [ 0.22803986 -0.04525715  1.289757  ]
 [ 0.0975847  -0.05031252  1.0795509 ]
 [ 0.19575936 -0.12633368  1.0602827 ]
 [ 0.25536412 -0.185529    1.0889363 ]
 [ 0.20489395  0.00417015  1.0463777 ]
 [ 0.24762285 -0.075352    0.8592002 ]
 [ 0.37570286 -0.01391958  0.73358464]]
[[ 0.          0.          0.6550439 ]
 [ 0.01987744  0.05892432  0.6531951 ]
 [-0.13063684  0.0887236   0.28012162]
 [ 0.20744218 -0.08618283  0.153166  ]
 [ 0.22968125 -0.05875671  0.        ]
 [-0.01982098 -0.05913974  0.6570269 ]
 [-0.09124932 -0.12642035  0.30270314]
 [ 0.18796983 -0.4129445   0.34350654]
 [ 0.34338498 -0.44355828  0.31775627]
 [ 0.09459756  0.0019812   0.86824405]
 [ 0.17618744 -0.03206709  1.1100969 ]
 [ 0.11705957  0.01197404  1.2182069 ]
 [ 0.24935028 -0.0488627   1.2893202 ]
 [ 0.12960535 -0.05367178  1.08622   ]
 [ 0.28707176 -0.09953159  1.1564422 ]
 [ 0.3740995  -0.18982783  1.249659  ]
 [ 0.22238071 -0.00582278  1.0500522 ]
 [ 0.26778114 -0.06198506  0.9377959 ]
 [ 0.40278327 -0.00426294  0.87626904]]
[[ 0.          0.          0.66112757]
 [ 0.02913402  0.05311303  0.6554732 ]
 [-0.0688919   0.05256286  0.2710344 ]
 [ 0.26271504 -0.16850823  0.15234554]
 [ 0.30434012 -0.16006118  0.        ]
 [-0.02899298 -0.05332367  0.66692597]
 [-0.12207261 -0.0949181   0.32194555]
 [ 0.1759646  -0.35037833  0.28164035]
 [ 0.29693037 -0.3744484   0.2064031 ]
 [ 0.10678414  0.00349942  0.86856544]
 [ 0.19929074 -0.03319651  1.1037713 ]
 [ 0.13937785  0.01044333  1.2110428 ]
 [ 0.27125692 -0.0489136   1.2824745 ]
 [ 0.16004178 -0.06341493  1.089959  ]
 [ 0.32630783 -0.13348216  1.261461  ]
 [ 0.40250152 -0.21812111  1.4072158 ]
 [ 0.2406278  -0.00154892  1.0439643 ]
 [ 0.27740347 -0.03045094  1.0376964 ]
 [ 0.38107905  0.02550045  1.0691338 ]]
[[ 0.          0.          0.66202843]
 [ 0.04499132  0.05608322  0.65492   ]
 [-0.05853965  0.03175461  0.2690494 ]
 [ 0.2599465  -0.23143142  0.15395087]
 [ 0.30706644 -0.23253196  0.        ]
 [-0.04486345 -0.056276    0.669277  ]
 [-0.1588515  -0.06269422  0.3298812 ]
 [ 0.14924043 -0.31913066  0.22931725]
 [ 0.23794425 -0.32761502  0.11832565]
 [ 0.11162513  0.00503787  0.86538464]
 [ 0.21068314 -0.02197278  1.0972381 ]
 [ 0.1476171   0.02427709  1.2039559 ]
 [ 0.27985933 -0.03119582  1.2761052 ]
 [ 0.17167884 -0.06842953  1.0928884 ]
 [ 0.30863684 -0.16079032  1.3077724 ]
 [ 0.3635916  -0.206801    1.4744182 ]
 [ 0.25232154  0.02455279  1.0361584 ]
 [ 0.2789224   0.04313371  1.1057106 ]
 [ 0.33217692  0.06592774  1.2124093 ]]
[[ 0.          0.          0.64135647]
 [ 0.05456382  0.06538832  0.6314872 ]
 [-0.09114558  0.03533569  0.2557397 ]
 [ 0.2179245  -0.24931493  0.15271077]
 [ 0.2643993  -0.25926423  0.        ]
 [-0.05442016 -0.06558473  0.65134704]
 [-0.2059102  -0.03783828  0.32283795]
 [ 0.1053727  -0.2754659   0.17169473]
 [ 0.16471276 -0.26299798  0.03219301]
 [ 0.10808051  0.00748371  0.84669584]
 [ 0.20472965 -0.00997925  1.079616  ]
 [ 0.13336334  0.03961074  1.1831036 ]
 [ 0.26242125 -0.01184231  1.2601414 ]
 [ 0.16856486 -0.07946315  1.0834129 ]
 [ 0.2457866  -0.18004721  1.3157532 ]
 [ 0.2760679  -0.18455935  1.4895582 ]
 [ 0.24579054  0.05683532  1.0209272 ]
 [ 0.24376725  0.12554932  1.1530964 ]
 [ 0.25476098  0.14500308  1.329607  ]]
[[ 0.          0.          0.6232227 ]
 [ 0.06297863  0.08312736  0.60801387]
 [-0.1794133   0.09703252  0.2967241 ]
 [ 0.1109207  -0.19141501  0.16932061]
 [ 0.1221188  -0.19463038  0.01418567]
 [-0.06285451 -0.08331582  0.6385393 ]
 [-0.29072148 -0.00775988  0.3554525 ]
 [ 0.01471999 -0.22267514  0.15195751]
 [ 0.03472806 -0.1919657   0.        ]
 [ 0.08735233  0.01731361  0.8394717 ]
 [ 0.16116002  0.01032957  1.0818994 ]
 [ 0.07163607  0.06687629  1.17181   ]
 [ 0.19079314  0.01961833  1.261345  ]
 [ 0.12387832 -0.09070027  1.076731  ]
 [ 0.08785351 -0.21007425  1.3129989 ]
 [ 0.09297995 -0.16749138  1.5071584 ]
 [ 0.2013013   0.10441211  1.0271163 ]
 [ 0.13054137  0.22288108  1.2293658 ]
 [ 0.07396593  0.20549369  1.4499825 ]]
[[ 0.          0.          0.5977768 ]
 [ 0.06625479  0.09296991  0.57699114]
 [-0.25140786  0.18040407  0.39225152]
 [-0.02616999 -0.11242688  0.16909909]
 [-0.07919706 -0.0904718   0.01684934]
 [-0.06616724 -0.09316863  0.61860096]
 [-0.35390902  0.01519164  0.4244145 ]
 [-0.10017443 -0.18389544  0.14685479]
 [-0.12850519 -0.14785135  0.        ]
 [ 0.05696627  0.03371097  0.8238449 ]
 [ 0.0986833   0.04483187  1.0752354 ]
 [-0.00844945  0.09746969  1.1587628 ]
 [ 0.09947176  0.05899709  1.2556666 ]
 [ 0.05106285 -0.07892048  1.0620167 ]
 [-0.09730212 -0.20321685  1.273001  ]
 [-0.11089186 -0.10839301  1.4945942 ]
 [ 0.14336501  0.14784911  1.0238488 ]
 [-0.00456649  0.29542917  1.250843  ]
 [-0.119239    0.26492608  1.4715253 ]]
[[ 0.00000000e+00  0.00000000e+00  5.49765229e-01]
 [ 6.20664135e-02  1.00274637e-01  5.24799824e-01]
 [-2.96456248e-01  2.17152104e-01  4.58158940e-01]
 [-1.74535275e-01 -5.42758405e-02  1.34944081e-01]
 [-2.87188172e-01 -1.24934912e-02  1.85567737e-02]
 [-6.20496497e-02 -1.00456454e-01  5.74728370e-01]
 [-3.80718708e-01  1.68043748e-02  4.65324938e-01]
 [-2.16141149e-01 -1.41433537e-01  1.23393774e-01]
 [-3.01353455e-01 -9.42941308e-02  0.00000000e+00]
 [ 2.73699518e-02  4.75970358e-02  7.79514670e-01]
 [ 4.14524823e-02  7.64129162e-02  1.03261685e+00]
 [-8.11862648e-02  1.25945449e-01  1.10115898e+00]
 [ 1.30362585e-02  9.84593034e-02  1.20933557e+00]
 [-1.05300359e-03 -6.45081699e-02  1.01967955e+00]
 [-2.47565031e-01 -1.50429070e-01  1.18912578e+00]
 [-3.14307243e-01 -2.67533660e-02  1.40052426e+00]
 [ 8.18067566e-02  1.88165784e-01  9.80468273e-01]
 [-1.17933393e-01  3.51152360e-01  1.16620195e+00]
 [-2.82901227e-01  3.33385468e-01  1.36024380e+00]]
[[ 0.          0.          0.45089382]
 [ 0.0565293   0.10684691  0.41894242]
 [-0.30549288  0.22910035  0.4458573 ]
 [-0.32547253 -0.01066115  0.07907408]
 [-0.47856456  0.04748428  0.02250427]
 [-0.05656188 -0.10702471  0.48275283]
 [-0.39270583 -0.01553888  0.444562  ]
 [-0.34511387 -0.15313834  0.06260768]
 [-0.47738323 -0.08492836  0.        ]
 [ 0.01083041  0.06774232  0.67729235]
 [ 0.00658679  0.12316281  0.9251143 ]
 [-0.12103282  0.17370573  0.9726724 ]
 [-0.03785857  0.15283394  1.090862  ]
 [-0.02110783 -0.02705041  0.92098665]
 [-0.34120005 -0.05950636  1.0281942 ]
 [-0.46072292  0.0951243   1.1713562 ]
 [ 0.03793311  0.2402094   0.8619316 ]
 [-0.19043678  0.41550165  0.9575313 ]
 [-0.41790265  0.42948282  1.0954945 ]]
[[ 0.          0.          0.368158  ]
 [ 0.05089206  0.11238907  0.3329194 ]
 [-0.2998359   0.23085192  0.4037614 ]
 [-0.4050387   0.02840641  0.04318738]
 [-0.5715785   0.09645653  0.0231041 ]
 [-0.05095338 -0.11252433  0.403238  ]
 [-0.40780264 -0.04732352  0.40187734]
 [-0.42655468 -0.14106846  0.02005869]
 [-0.5784359  -0.06360561  0.        ]
 [ 0.00129845  0.07621467  0.59027386]
 [-0.01304464  0.1467706   0.8321201 ]
 [-0.1417595   0.19397032  0.8729265 ]
 [-0.06248967  0.1744774   0.99316   ]
 [-0.03752474 -0.00613195  0.8285259 ]
 [-0.3749345  -0.0175193   0.87671244]
 [-0.5217484   0.15623784  0.96674967]
 [ 0.015031    0.26459128  0.7658238 ]
 [-0.21716201  0.46236122  0.7997855 ]
 [-0.47379845  0.51521105  0.8896123 ]]
[[ 0.          0.          0.2681437 ]
 [ 0.0235873   0.11622766  0.25529003]
 [-0.32368648  0.1884952   0.33927438]
 [-0.54260665  0.05103232  0.02297914]
 [-0.712903    0.10977659  0.05024213]
 [-0.02366568 -0.11630395  0.28087375]
 [-0.4373662  -0.05740433  0.33996913]
 [-0.5778019  -0.04596728  0.00515571]
 [-0.7387165   0.02471849  0.        ]
 [-0.03244898  0.0721712   0.4795065 ]
 [-0.09766491  0.1119369   0.7108213 ]
 [-0.22970691  0.1549314   0.7484375 ]
 [-0.16569412  0.13518459  0.87467664]
 [-0.11887018 -0.01451916  0.6608871 ]
 [-0.377703   -0.01856104  0.53724843]
 [-0.57198036  0.15236077  0.5215991 ]
 [-0.06677102  0.23026681  0.6770846 ]
 [-0.25032514  0.450703    0.6676366 ]
 [-0.49881768  0.54705155  0.66590106]]
[[ 0.          0.          0.20406859]
 [ 0.03916556  0.11216452  0.18875414]
 [-0.29149717  0.22955827  0.2571527 ]
 [-0.624791    0.13215214  0.        ]
 [-0.7880646   0.20030022  0.09996594]
 [-0.03943175 -0.11218313  0.21919918]
 [-0.41904697 -0.0185696   0.30895856]
 [-0.66815513  0.00934981  0.02643482]
 [-0.8119567   0.07290782  0.07601999]
 [-0.01888751  0.08353648  0.42048907]
 [-0.09719285  0.19619566  0.618362  ]
 [-0.22533745  0.25175267  0.6433762 ]
 [-0.15582356  0.23133755  0.77295846]
 [-0.13238102  0.06521952  0.5966425 ]
 [-0.34902436  0.01348953  0.4335292 ]
 [-0.5047931   0.16028762  0.28284732]
 [-0.0639277   0.28822488  0.5524173 ]
 [-0.17551166  0.41361907  0.33741546]
 [-0.28815085  0.4595213   0.18292181]]
[[ 0.          0.          0.19480784]
 [ 0.04957223  0.09930184  0.15871477]
 [-0.2984398   0.25543827  0.21017997]
 [-0.67463356  0.1912233   0.        ]
 [-0.8082534   0.2646834   0.11785567]
 [-0.04973631 -0.09935614  0.23075771]
 [-0.4077494   0.013319    0.296696  ]
 [-0.7135861   0.06624527  0.07486105]
 [-0.8304955   0.12592925  0.1707056 ]
 [ 0.00248105  0.12977412  0.3835346 ]
 [-0.02369475  0.26887822  0.5788217 ]
 [-0.18105039  0.32414863  0.597078  ]
 [-0.11328074  0.31831664  0.72808594]
 [-0.03894261  0.12458453  0.59383297]
 [-0.15149865 -0.00395067  0.38064355]
 [-0.19704053 -0.01663044  0.25692844]
 [-0.00319104  0.3388237   0.4887631 ]
 [-0.01812217  0.3559443   0.24185352]
 [-0.00385818  0.37370998  0.02591957]]
[[ 0.          0.          0.194633  ]
 [ 0.06849613  0.09057504  0.14426574]
 [-0.26482633  0.3118537   0.18193199]
 [-0.6581344   0.253635    0.        ]
 [-0.78765893  0.36295247  0.10373426]
 [-0.06850611 -0.0905182   0.24466562]
 [-0.37840798  0.07093063  0.28435165]
 [-0.68996036  0.0792733   0.04671344]
 [-0.7885922   0.15825564  0.0943691 ]
 [ 0.06379438  0.11051565  0.36777106]
 [ 0.10210934  0.24844822  0.5550982 ]
 [-0.06321251  0.31004137  0.57794523]
 [ 0.00723945  0.30824208  0.70139205]
 [ 0.09551318  0.10517564  0.59325373]
 [ 0.20833176 -0.10876328  0.47032744]
 [ 0.2928638  -0.2229223   0.3104046 ]
 [ 0.13676684  0.3073773   0.45787492]
 [ 0.23657788  0.25281996  0.21542081]
 [ 0.32674932  0.2731124   0.03124209]]
[[ 0.          0.          0.18165189]
 [ 0.06844055  0.09002379  0.12954138]
 [-0.26414645  0.3393321   0.18391424]
 [-0.6464889   0.2805113   0.        ]
 [-0.7804437   0.39328307  0.0994809 ]
 [-0.06840166 -0.08998968  0.23335236]
 [-0.37003273  0.09893554  0.2840313 ]
 [-0.6540123   0.10487688  0.03452283]
 [-0.7476193   0.18690987  0.07588877]
 [ 0.08937109  0.09421265  0.34572202]
 [ 0.15556023  0.22780165  0.5256675 ]
 [-0.00639124  0.29320198  0.54009986]
 [ 0.06031508  0.29129523  0.66350985]
 [ 0.15700708  0.08614755  0.57600945]
 [ 0.28195643 -0.1316773   0.5031629 ]
 [ 0.39460993 -0.26053897  0.38733476]
 [ 0.18351999  0.28559077  0.42601022]
 [ 0.2842397   0.20643555  0.19472483]
 [ 0.35874513  0.22427277  0.03787287]]
[[ 0.          0.          0.17810187]
 [ 0.06380338  0.09346116  0.12400006]
 [-0.27522302  0.33724892  0.19724587]
 [-0.6356276   0.252714    0.        ]
 [-0.80422175  0.37510902  0.08454359]
 [-0.06371098 -0.09343179  0.23169026]
 [-0.38159394  0.09665531  0.277133  ]
 [-0.5761006   0.02638343  0.01210342]
 [-0.6665284   0.10094356  0.01628053]
 [ 0.13251851  0.07601247  0.3260888 ]
 [ 0.24450259  0.19523033  0.4930238 ]
 [ 0.09763756  0.26820695  0.51110756]
 [ 0.17212304  0.2582138   0.6256292 ]
 [ 0.2554354   0.05578876  0.55152977]
 [ 0.39186245 -0.17679669  0.57525504]
 [ 0.51162386 -0.28680724  0.5577538 ]
 [ 0.2634042   0.25530308  0.38816065]
 [ 0.3548466   0.17020011  0.1633499 ]
 [ 0.35522026  0.19946794  0.05290258]]
[[ 0.0000000e+00  0.0000000e+00  1.4923805e-01]
 [ 5.4815181e-02  9.2489541e-02  9.0293273e-02]
 [-2.9183692e-01  3.1337976e-01  1.6461599e-01]
 [-6.4350021e-01  1.8014997e-01  8.8155270e-03]
 [-8.3269811e-01  3.0707872e-01  8.7904617e-02]
 [-5.4657228e-02 -9.2504002e-02  2.0756361e-01]
 [-3.9605778e-01  8.8402152e-02  2.6939303e-01]
 [-4.8310539e-01 -9.0926245e-02  2.1952540e-02]
 [-5.6499416e-01 -4.4775695e-02  0.0000000e+00]
 [ 1.6496736e-01  7.5200118e-02  2.7361792e-01]
 [ 3.1944838e-01  1.9630213e-01  4.1836688e-01]
 [ 1.9687557e-01  2.7402377e-01  4.5798597e-01]
 [ 2.8979304e-01  2.5145742e-01  5.5521077e-01]
 [ 3.2522559e-01  6.4913720e-02  4.8902336e-01]
 [ 4.4211888e-01 -1.7028952e-01  5.9303659e-01]
 [ 5.1365674e-01 -2.3344725e-01  6.6780800e-01]
 [ 3.2999396e-01  2.5609684e-01  3.0138829e-01]
 [ 3.4154284e-01  2.0035541e-01  7.6033518e-02]
 [ 2.4486734e-01  2.6693675e-01  2.8827786e-04]]
[[ 0.          0.          0.09265862]
 [ 0.02613194  0.08750572  0.02182644]
 [-0.31223023  0.2365111   0.10613591]
 [-0.73188734  0.10621132  0.04648174]
 [-0.88739574  0.20505038  0.14205763]
 [-0.0258655  -0.087668    0.1630153 ]
 [-0.38557455  0.01871824  0.22823922]
 [-0.6680156  -0.24520022  0.08307843]
 [-0.90168196 -0.12252323  0.12354834]
 [ 0.19450948  0.06958389  0.17719668]
 [ 0.3930099   0.17768623  0.29068887]
 [ 0.32361     0.24815527  0.35309362]
 [ 0.41473734  0.22187385  0.43702167]
 [ 0.39286956  0.03857146  0.35644895]
 [ 0.32683742 -0.17517531  0.40265322]
 [ 0.2949844  -0.25660828  0.49402708]
 [ 0.38563314  0.24492384  0.16517074]
 [ 0.24195048  0.27354777  0.        ]
 [ 0.0778013   0.3764682   0.07058837]]
[[ 0.          0.          0.07805806]
 [-0.00889993  0.07011908  0.01101254]
 [-0.4075526   0.16205002  0.07796443]
 [-0.86541855  0.03514266  0.1014618 ]
 [-1.0365231   0.11613625  0.21276475]
 [ 0.00908113 -0.07043996  0.1444151 ]
 [-0.4408439  -0.00355971  0.23660791]
 [-0.6221173  -0.38906252  0.13698041]
 [-0.7976913  -0.3788532   0.15637714]
 [ 0.22182286  0.06930274  0.09427217]
 [ 0.45671338  0.17335637  0.13080719]
 [ 0.42467284  0.2326177   0.1965118 ]
 [ 0.5350374   0.25114775  0.21600032]
 [ 0.4389305   0.05946423  0.19391128]
 [ 0.23458706 -0.02006137  0.18915984]
 [ 0.01424929  0.01066419  0.22039485]
 [ 0.44447422  0.23508748  0.02496791]
 [ 0.24560586  0.36285132  0.        ]
 [ 0.14508674  0.35308886  0.1178731 ]]
[[ 0.          0.          0.11269212]
 [-0.00631185  0.06255681  0.04509257]
 [-0.41557586  0.15528384  0.11018916]
 [-0.8391681   0.01364282  0.1153993 ]
 [-0.9850475   0.06504712  0.20552023]
 [ 0.00652277 -0.06290825  0.17953824]
 [-0.4383381  -0.03273563  0.260898  ]
 [-0.48485538 -0.45626995  0.12568408]
 [-0.6646184  -0.45072097  0.14666432]
 [ 0.23315944  0.07468119  0.10467453]
 [ 0.47772175  0.18707058  0.10519931]
 [ 0.45158833  0.25955778  0.15528348]
 [ 0.5547886   0.28330913  0.16058046]
 [ 0.4650065   0.0814313   0.19077963]
 [ 0.269594    0.03235783  0.22899786]
 [ 0.08668015  0.06760725  0.21574733]
 [ 0.45946252  0.2433608   0.        ]
 [ 0.2506131   0.3598311   0.00657183]
 [ 0.19707055  0.32977176  0.11546516]]
[[ 0.          0.          0.13589594]
 [-0.01174994  0.05639195  0.06448998]
 [-0.36791646  0.12402169  0.12441415]
 [-0.7009245  -0.00687927  0.1133576 ]
 [-0.7974653   0.02620398  0.17368522]
 [ 0.01185674 -0.05672872  0.20659795]
 [-0.4714812  -0.04301988  0.31279022]
 [-0.48481718 -0.47220063  0.17073986]
 [-0.6722492  -0.48109537  0.21382603]
 [ 0.2346958   0.08749642  0.12372161]
 [ 0.4804535   0.21165231  0.10152873]
 [ 0.43840092  0.3034108   0.1107606 ]
 [ 0.5540995   0.33536443  0.11340004]
 [ 0.46069074  0.11521561  0.20867679]
 [ 0.20220593  0.1691196   0.23098835]
 [ 0.00993589  0.2757498   0.11788984]
 [ 0.46276158  0.25511876  0.        ]
 [ 0.25540456  0.30858797  0.01228538]
 [ 0.2417568   0.30119306  0.05217382]]
[[ 0.          0.          0.12591952]
 [-0.00978825  0.05323742  0.05295749]
 [-0.33441627  0.11450873  0.11962368]
 [-0.6433222  -0.01625732  0.09613138]
 [-0.7456752   0.0239421   0.15245667]
 [ 0.00989254 -0.05355638  0.19816391]
 [-0.47941452 -0.03402926  0.31916767]
 [-0.47235283 -0.45762566  0.16523093]
 [-0.6566455  -0.4714681   0.21443325]
 [ 0.22714753  0.09188253  0.1204733 ]
 [ 0.4663474   0.22227588  0.09997275]
 [ 0.4195605   0.3188361   0.09891805]
 [ 0.5388798   0.35015702  0.09971362]
 [ 0.44275188  0.12867194  0.21291134]
 [ 0.16745195  0.21876875  0.2158202 ]
 [-0.01890817  0.3410679   0.04922965]
 [ 0.45262235  0.26173526  0.        ]
 [ 0.26114577  0.30338168  0.00868213]
 [ 0.25835198  0.28674853  0.02386719]]
