[[ 0.          0.          0.74604255]
 [ 0.04480654 -0.10050105  0.73901856]
 [ 0.33279997  0.00684726  0.47201708]
 [-0.03180237  0.02024505  0.42349705]
 [-0.07618937  0.11359692  0.30852675]
 [-0.04488292  0.10029807  0.7530078 ]
 [-0.0495216   0.27028835  0.40820217]
 [-0.30616945  0.1998536   0.09601402]
 [-0.18320756  0.24221551  0.        ]
 [ 0.09503532  0.06956823  0.9421512 ]
 [ 0.21086593  0.15000176  1.1693805 ]
 [ 0.32481903  0.13466853  1.2141184 ]
 [ 0.31200522  0.12388778  1.3363099 ]
 [ 0.11911953  0.25753826  1.1077495 ]
 [ 0.13426802  0.31015882  0.8508873 ]
 [ 0.33669084  0.3378997   0.89730823]
 [ 0.26571143  0.00973928  1.1486821 ]
 [ 0.06437588 -0.06241418  0.9932264 ]
 [ 0.04466194 -0.12606701  0.8538144 ]]
[[ 0.          0.          0.64746547]
 [ 0.03654362 -0.10681353  0.6379691 ]
 [ 0.35620183  0.03196001  0.42023292]
 [ 0.09863274  0.04408887  0.12954098]
 [ 0.18153772  0.10711986  0.        ]
 [-0.03659555  0.10663553  0.6569191 ]
 [-0.07558113  0.27059498  0.30268982]
 [-0.40392673  0.23298112  0.13333035]
 [-0.3568237   0.26392707  0.01241577]
 [ 0.09404388  0.04772508  0.8568742 ]
 [ 0.21134403  0.09597838  1.0927794 ]
 [ 0.33007643  0.08246931  1.1272225 ]
 [ 0.3137662   0.07184106  1.2542552 ]
 [ 0.13263722  0.216811    1.0391474 ]
 [ 0.19410856  0.29893583  0.79643947]
 [ 0.354811    0.2778926   0.90761745]
 [ 0.23797385 -0.04289976  1.0819596 ]
 [-0.00737903 -0.11909607  1.0720791 ]
 [-0.10706636 -0.1761598   0.900949  ]]
[[ 0.          0.          0.6804764 ]
 [ 0.03209801 -0.11347292  0.67715585]
 [ 0.3169328   0.07328458  0.455199  ]
 [ 0.2616356   0.16077626  0.04807425]
 [ 0.41111666  0.21958572  0.        ]
 [-0.03214452  0.11330958  0.68377435]
 [-0.08669506  0.185471    0.28304854]
 [-0.5033953   0.02118722  0.2992136 ]
 [-0.55113685  0.02841756  0.17998713]
 [ 0.08790175  0.02597788  0.895504  ]
 [ 0.19709651  0.03997254  1.1370039 ]
 [ 0.31979376  0.01618207  1.1745994 ]
 [ 0.29644352  0.00692683  1.2993069 ]
 [ 0.12742247  0.17100313  1.0886002 ]
 [ 0.15609175  0.2773743   0.8438543 ]
 [ 0.3170349   0.26579952  0.9184106 ]
 [ 0.20316975 -0.09362781  1.1135602 ]
 [-0.01086434 -0.1731292   1.0414529 ]
 [-0.09879616 -0.2410955   0.8620895 ]]
[[ 0.          0.          0.7020197 ]
 [ 0.03486329 -0.11256082  0.70353806]
 [ 0.27376544  0.12528726  0.44741467]
 [ 0.22816142  0.2099908   0.02773595]
 [ 0.39219975  0.26354447  0.        ]
 [-0.03493299  0.11239051  0.70048314]
 [-0.04155865  0.13158444  0.28459486]
 [-0.4578403  -0.10548449  0.36896867]
 [-0.53551334 -0.11385992  0.2871524 ]
 [ 0.09495814  0.024589    0.9144846 ]
 [ 0.20506546  0.03542942  1.1570745 ]
 [ 0.32277232  0.01690337  1.2018186 ]
 [ 0.29639727  0.00549424  1.3201035 ]
 [ 0.12342846  0.16345108  1.1047485 ]
 [ 0.09240013  0.27966613  0.8676177 ]
 [ 0.2763393   0.3001919   0.8422189 ]
 [ 0.21460432 -0.09574381  1.1253937 ]
 [ 0.03173953 -0.15747127  0.95604146]
 [-0.04408671 -0.2674499   0.808284  ]]
[[ 0.          0.          0.7315786 ]
 [ 0.03267801 -0.11247882  0.73162526]
 [ 0.23104967  0.11440015  0.4618706 ]
 [ 0.12329295  0.19619703  0.05387247]
 [ 0.2926176   0.25105268  0.        ]
 [-0.03277129  0.11228986  0.73149675]
 [ 0.05101709  0.1665976   0.33243608]
 [-0.37734187 -0.05801407  0.4572477 ]
 [-0.4555584  -0.07186583  0.3547427 ]
 [ 0.09854624  0.02755558  0.9387442 ]
 [ 0.20775916  0.03353947  1.1834102 ]
 [ 0.32238287  0.01141405  1.2348897 ]
 [ 0.29557866 -0.00207931  1.3496175 ]
 [ 0.11882502  0.15969431  1.1296467 ]
 [ 0.04171098  0.25985497  0.91605806]
 [ 0.19005492  0.3177755   0.8139938 ]
 [ 0.2181688  -0.09766701  1.1425974 ]
 [ 0.04967019 -0.17089707  0.97227967]
 [ 0.00734564 -0.2525535   0.82614785]]
[[ 0.00000000e+00  0.00000000e+00  7.19421506e-01]
 [ 2.97473818e-02 -1.11528844e-01  7.15202451e-01]
 [ 1.71993554e-01  1.01152673e-01  4.23523307e-01]
 [ 2.81746835e-02  1.94938809e-01  6.22578859e-02]
 [ 1.78880751e-01  2.53957450e-01  0.00000000e+00]
 [-2.98646241e-02  1.11312866e-01  7.23581433e-01]
 [ 1.29138738e-01  1.80511236e-01  3.76318812e-01]
 [-3.00886244e-01 -2.80719995e-02  4.38045561e-01]
 [-3.47993284e-01 -2.59037912e-02  2.96662629e-01]
 [ 9.59847569e-02  2.67727822e-02  9.27913606e-01]
 [ 1.99481994e-01  2.90425718e-02  1.17441452e+00]
 [ 3.14412087e-01 -7.20620155e-03  1.23252010e+00]
 [ 2.84124643e-01 -1.37445927e-02  1.34851575e+00]
 [ 1.16583273e-01  1.55376732e-01  1.11886024e+00]
 [-1.25261396e-03  2.52609313e-01  9.43833113e-01]
 [ 6.42119274e-02  3.40883523e-01  8.25305104e-01]
 [ 2.09444612e-01 -1.04313076e-01  1.13231039e+00]
 [ 7.55010098e-02 -1.83946431e-01  9.21429753e-01]
 [ 7.44255781e-02 -2.64757603e-01  7.81955481e-01]]
[[ 0.0000000e+00  0.0000000e+00  6.5988702e-01]
 [ 2.1299534e-02 -1.1387129e-01  6.4548409e-01]
 [ 9.1469465e-03  7.6545984e-02  3.2439470e-01]
 [-2.2398004e-01  1.6644508e-01  1.1873859e-01]
 [-1.4625591e-01  2.5649232e-01  0.0000000e+00]
 [-2.1449052e-02  1.1363470e-01  6.7417109e-01]
 [ 2.6769733e-01  1.7809831e-01  4.4980115e-01]
 [-9.2218906e-02  7.3375314e-02  2.1017271e-01]
 [-1.7962318e-02  7.7674687e-02  5.9605241e-02]
 [ 8.7580085e-02  3.0206233e-02  8.7049568e-01]
 [ 1.8570274e-01  3.9167225e-02  1.1215231e+00]
 [ 3.0143282e-01  3.7322640e-03  1.1900043e+00]
 [ 2.7563891e-01 -1.0232329e-03  1.3021444e+00]
 [ 9.9245742e-02  1.6340017e-01  1.0721214e+00]
 [-1.0110119e-01  2.9148400e-01  9.9250919e-01]
 [-1.3342515e-01  3.6484438e-01  7.9737592e-01]
 [ 2.1111301e-01 -1.0351953e-01  1.0753250e+00]
 [ 1.6021101e-01 -2.3642743e-01  8.3916825e-01]
 [ 2.3848322e-01 -1.0655849e-01  8.5626000e-01]]
[[ 0.          0.          0.68794286]
 [ 0.02734181 -0.10723552  0.6681731 ]
 [-0.02928581  0.03397265  0.31572482]
 [-0.35899127  0.03807017  0.24022767]
 [-0.38201666  0.13268182  0.14227474]
 [-0.02746912  0.10702415  0.707582  ]
 [ 0.27692783  0.21482933  0.49525374]
 [ 0.10920118  0.16313699  0.08115059]
 [ 0.25105584  0.17596334  0.        ]
 [ 0.08658504  0.02962103  0.8999038 ]
 [ 0.18284443  0.05795968  1.1492697 ]
 [ 0.3000571   0.02850252  1.2231126 ]
 [ 0.27243954  0.0235303   1.3334322 ]
 [ 0.09283058  0.1751563   1.0985743 ]
 [-0.11489256  0.29525018  1.0563798 ]
 [-0.11874503  0.39408198  0.857253  ]
 [ 0.2320872  -0.08836162  1.1111861 ]
 [ 0.21639097 -0.23109075  0.8775743 ]
 [ 0.3320881  -0.03788576  0.9134435 ]]
[[ 0.00000000e+00  0.00000000e+00  7.06219554e-01]
 [ 3.18781361e-02 -1.04061373e-01  6.86581433e-01]
 [-1.23743899e-03 -1.31861866e-02  3.05845827e-01]
 [-3.82841229e-01 -3.74329984e-02  3.50151390e-01]
 [-4.46123451e-01  4.56199348e-02  2.90277123e-01]
 [-3.19899097e-02  1.03887372e-01  7.25736737e-01]
 [ 2.52277046e-01  2.58148134e-01  4.87181365e-01]
 [ 1.60964385e-01  2.46140122e-01  5.20117283e-02]
 [ 3.13186854e-01  2.59849042e-01  0.00000000e+00]
 [ 8.49454179e-02  3.08149010e-02  9.14889872e-01]
 [ 1.80821747e-01  7.10754693e-02  1.16126180e+00]
 [ 2.92680234e-01  4.24558520e-02  1.24094903e+00]
 [ 2.67443895e-01  3.24357748e-02  1.34559000e+00]
 [ 9.38512459e-02  1.82138205e-01  1.09958482e+00]
 [-1.03855535e-01  3.02839577e-01  1.03495789e+00]
 [-5.78634143e-02  4.12232399e-01  8.33140016e-01]
 [ 2.35905886e-01 -7.65816867e-02  1.12889671e+00]
 [ 1.99286073e-01 -2.10821509e-01  8.94612312e-01]
 [ 3.08745056e-01 -4.70696241e-02  8.46270621e-01]]
[[ 0.          0.          0.742767  ]
 [ 0.03192575 -0.10301218  0.7231887 ]
 [ 0.05217679 -0.04239064  0.33814305]
 [-0.35067376 -0.06979838  0.4316186 ]
 [-0.43605468 -0.0018813   0.3943228 ]
 [-0.03202326  0.10284003  0.7622354 ]
 [ 0.20516443  0.25927144  0.4986953 ]
 [ 0.09646308  0.2384944   0.06312513]
 [ 0.2526827   0.26163352  0.        ]
 [ 0.08568373  0.03721905  0.9480491 ]
 [ 0.18282051  0.08615237  1.1938498 ]
 [ 0.28943628  0.05688101  1.274766  ]
 [ 0.26459837  0.04580909  1.378905  ]
 [ 0.09321868  0.19983983  1.1251181 ]
 [-0.07447833  0.3223827   1.0259614 ]
 [ 0.05129105  0.46010926  0.8612505 ]
 [ 0.24507096 -0.06157294  1.1685727 ]
 [ 0.16020972 -0.17557499  0.94509846]
 [ 0.23238543 -0.10958323  0.8037318 ]]
[[ 0.          0.          0.74818695]
 [ 0.03547873 -0.10458861  0.72983956]
 [ 0.14093643 -0.03998262  0.37447253]
 [-0.27732167 -0.03878576  0.45137516]
 [-0.33971104  0.03829473  0.38755935]
 [-0.0355816   0.10439757  0.7664207 ]
 [ 0.15929012  0.27396625  0.49261484]
 [ 0.01237068  0.24221963  0.07260549]
 [ 0.17218843  0.2665605   0.        ]
 [ 0.08536223  0.03958164  0.9557262 ]
 [ 0.18066043  0.09053457  1.2019264 ]
 [ 0.28947657  0.06224021  1.2828357 ]
 [ 0.25681776  0.04673111  1.386761  ]
 [ 0.08978737  0.20488489  1.1316115 ]
 [-0.03625806  0.30056608  0.9771472 ]
 [ 0.131785    0.4362718   0.8694474 ]
 [ 0.24538709 -0.05415875  1.1754352 ]
 [ 0.13620034 -0.161488    0.96662354]
 [ 0.15954964 -0.11967514  0.80801874]]
[[ 0.0000000e+00  0.0000000e+00  7.2836453e-01]
 [ 3.8676701e-02 -1.0604103e-01  7.1330923e-01]
 [ 3.3046567e-01  3.8802758e-02  4.7605914e-01]
 [-4.9625494e-02  3.9231479e-03  3.4282467e-01]
 [-1.6039450e-02  7.0352554e-02  1.8074417e-01]
 [-3.8801335e-02  1.0578892e-01  7.4334097e-01]
 [-1.3331398e-03  2.4965680e-01  4.1464835e-01]
 [-2.7299869e-01  1.8515378e-01  1.0425383e-01]
 [-1.6320536e-01  2.2309911e-01  0.0000000e+00]
 [ 9.3775809e-02  4.3279424e-02  9.3710333e-01]
 [ 1.9604605e-01  8.9695305e-02  1.1812518e+00]
 [ 3.0537978e-01  7.8939676e-02  1.2441554e+00]
 [ 2.7414986e-01  5.9414923e-02  1.3584938e+00]
 [ 1.1564739e-01  2.1373302e-01  1.1177419e+00]
 [ 1.4629394e-01  3.2646230e-01  9.0050101e-01]
 [ 3.2111540e-01  3.6723170e-01  9.3791413e-01]
 [ 2.4428347e-01 -5.0935537e-02  1.1581768e+00]
 [ 2.9109389e-02 -1.2239297e-01  1.0362422e+00]
 [-2.8283702e-02 -1.5210126e-01  8.7868303e-01]]
[[ 0.          0.          0.65357786]
 [ 0.03229608 -0.10924508  0.642203  ]
 [ 0.3572623   0.05065405  0.4474293 ]
 [ 0.12133227  0.05356118  0.1066376 ]
 [ 0.25131828  0.10391319  0.        ]
 [-0.03239549  0.10903555  0.6649136 ]
 [-0.06954968  0.20681149  0.3082583 ]
 [-0.42363352  0.16127586  0.14833671]
 [-0.39779428  0.18904191  0.00977296]
 [ 0.08230089  0.0218772   0.87146294]
 [ 0.17780349  0.04000273  1.120325  ]
 [ 0.2943609   0.02647424  1.1745481 ]
 [ 0.25872615  0.00644279  1.2914898 ]
 [ 0.11651649  0.17503476  1.0611295 ]
 [ 0.18765107  0.2888723   0.83994436]
 [ 0.32460925  0.282827    0.95789224]
 [ 0.2023476  -0.10070747  1.1051524 ]
 [-0.04383612 -0.16662747  1.0631485 ]
 [-0.11674191 -0.20438303  0.8883256 ]]
[[ 0.          0.          0.64899695]
 [ 0.02906597 -0.11027645  0.6419628 ]
 [ 0.33263138  0.07688472  0.43220854]
 [ 0.28231254  0.17277169  0.0405674 ]
 [ 0.45154285  0.22247574  0.        ]
 [-0.02915225  0.11008144  0.6560134 ]
 [-0.07221225  0.14799002  0.2630711 ]
 [-0.49435392 -0.00264728  0.23424634]
 [-0.54931915  0.00982645  0.11388546]
 [ 0.07682938  0.01602882  0.86744714]
 [ 0.1659778   0.01678944  1.1180035 ]
 [ 0.2843445  -0.00923046  1.1748781 ]
 [ 0.24463679 -0.02650678  1.2903576 ]
 [ 0.11277254  0.15320772  1.0607085 ]
 [ 0.16040616  0.26609462  0.82280225]
 [ 0.29772902  0.24252656  0.9087825 ]
 [ 0.17251125 -0.11812678  1.0910463 ]
 [-0.04011013 -0.20797853  1.00542   ]
 [-0.11866908 -0.28722602  0.8200418 ]]
[[ 0.          0.          0.6606463 ]
 [ 0.02813412 -0.10540139  0.658708  ]
 [ 0.28705275  0.13422303  0.41376674]
 [ 0.2605926   0.2501662   0.01642275]
 [ 0.43995816  0.29494235  0.        ]
 [-0.02822252  0.10521633  0.662564  ]
 [-0.02524499  0.10084033  0.24973324]
 [-0.4478892  -0.1231294   0.32430878]
 [-0.5297703  -0.13483882  0.23591849]
 [ 0.08028147  0.01721267  0.87695533]
 [ 0.17214511  0.01691455  1.1268584 ]
 [ 0.28746864 -0.00587663  1.1866412 ]
 [ 0.2477687  -0.02400845  1.2965376 ]
 [ 0.10301262  0.14633632  1.0670631 ]
 [ 0.10235278  0.2690045   0.830665  ]
 [ 0.27920014  0.30717805  0.8131192 ]
 [ 0.18428323 -0.11062008  1.0909783 ]
 [ 0.01905992 -0.17915727  0.90654314]
 [-0.03229562 -0.26459953  0.7672851 ]]
[[ 0.          0.          0.69017875]
 [ 0.02511385 -0.10770488  0.68984514]
 [ 0.25125042  0.12975779  0.4330116 ]
 [ 0.1606902   0.24389768  0.04389679]
 [ 0.3458599   0.28729618  0.        ]
 [-0.02521235  0.10750866  0.69047546]
 [ 0.04384392  0.10144955  0.2879174 ]
 [-0.3948853  -0.10709453  0.3927934 ]
 [-0.4774093  -0.12862927  0.29796946]
 [ 0.08144708  0.02040645  0.90390885]
 [ 0.16917235  0.01136413  1.1559899 ]
 [ 0.28580666 -0.02621993  1.2231992 ]
 [ 0.241617   -0.04111367  1.3294766 ]
 [ 0.10283718  0.14158225  1.0939608 ]
 [ 0.06214895  0.263482    0.8743796 ]
 [ 0.20539403  0.35623145  0.78436184]
 [ 0.17246419 -0.11726078  1.1165644 ]
 [ 0.0165178  -0.19624794  0.9376524 ]
 [-0.0112104  -0.2816372   0.79084074]]
[[ 0.          0.          0.6868797 ]
 [ 0.01927454 -0.10858165  0.68244207]
 [ 0.16809446  0.10855524  0.40492988]
 [ 0.03014063  0.24029496  0.06388217]
 [ 0.19125506  0.28811282  0.        ]
 [-0.01940377  0.10837109  0.691245  ]
 [ 0.1647088   0.1450443   0.35149473]
 [-0.27711725 -0.04893149  0.41067788]
 [-0.33527553 -0.05007496  0.27535573]
 [ 0.0798215   0.01974227  0.8994409 ]
 [ 0.16212863  0.00716212  1.1522813 ]
 [ 0.27231938 -0.03157002  1.2236137 ]
 [ 0.23357356 -0.03997308  1.3318298 ]
 [ 0.09583651  0.13527837  1.0882957 ]
 [-0.01913163  0.23813431  0.90636635]
 [ 0.06653822  0.33880192  0.76926076]
 [ 0.16793878 -0.12311623  1.1064963 ]
 [ 0.0635559  -0.20366377  0.8829444 ]
 [ 0.12663247 -0.24009998  0.7746202 ]]
[[ 0.          0.          0.6379085 ]
 [ 0.01165545 -0.11220279  0.6236215 ]
 [ 0.01668954  0.06193188  0.30637693]
 [-0.21437263  0.18201765  0.11556649]
 [-0.1343084   0.26969254  0.        ]
 [-0.01180956  0.11197688  0.6520754 ]
 [ 0.28831607  0.16085425  0.42526746]
 [-0.05957431  0.05738243  0.20211855]
 [ 0.01138091  0.06151593  0.05139405]
 [ 0.07756867  0.02282465  0.85193276]
 [ 0.16013667  0.02248022  1.1078525 ]
 [ 0.27444157 -0.0115487   1.1856203 ]
 [ 0.23741591 -0.01398146  1.2958806 ]
 [ 0.08787797  0.15046865  1.0491046 ]
 [-0.10534844  0.26728395  0.9606259 ]
 [-0.12410656  0.34421396  0.7613    ]
 [ 0.17982748 -0.12404948  1.0619186 ]
 [ 0.14749512 -0.2503574   0.8229291 ]
 [ 0.26357865 -0.11506595  0.8678036 ]]
[[ 0.          0.          0.6607545 ]
 [ 0.02327774 -0.10629362  0.64298695]
 [-0.02866527  0.00555253  0.28345343]
 [-0.3632458   0.04161707  0.24467874]
 [-0.3887985   0.13932186  0.14817661]
 [-0.02341517  0.1060834   0.6783824 ]
 [ 0.2979732   0.2073372   0.47781068]
 [ 0.14986202  0.16264796  0.07629943]
 [ 0.29642886  0.17181599  0.        ]
 [ 0.08039188  0.02259745  0.8715064 ]
 [ 0.16638067  0.04424194  1.1229002 ]
 [ 0.27838477  0.01686823  1.2044785 ]
 [ 0.24338377  0.00775182  1.3125973 ]
 [ 0.08590336  0.16488212  1.0652404 ]
 [-0.11482979  0.27993783  1.0150177 ]
 [-0.1122483   0.39725515  0.82162404]
 [ 0.2104244  -0.10218254  1.0892484 ]
 [ 0.20363224 -0.24656147  0.86090636]
 [ 0.3122741  -0.06264754  0.9179349 ]]
[[ 0.          0.          0.67734164]
 [ 0.0242867  -0.10358766  0.6590505 ]
 [ 0.01032927 -0.02491468  0.28521717]
 [-0.36383846 -0.00398141  0.3423827 ]
 [-0.4277187   0.08633623  0.2711628 ]
 [-0.02441614  0.10338718  0.69549406]
 [ 0.27131927  0.22956598  0.46848255]
 [ 0.18189952  0.21475121  0.04746389]
 [ 0.33415505  0.21334523  0.        ]
 [ 0.07829496  0.02189001  0.8865931 ]
 [ 0.16412267  0.05049399  1.1363249 ]
 [ 0.27225858  0.02179027  1.222337  ]
 [ 0.2350339   0.01508135  1.324538  ]
 [ 0.08700921  0.16874331  1.0724952 ]
 [-0.09397008  0.28498763  0.9918091 ]
 [-0.02819592  0.42008606  0.8137765 ]
 [ 0.21166342 -0.09535137  1.1049303 ]
 [ 0.17520744 -0.23720424  0.87669593]
 [ 0.2715305  -0.11001831  0.85204315]]
[[ 0.          0.          0.71483874]
 [ 0.0304917  -0.1044903   0.69967073]
 [ 0.09201881 -0.03722325  0.3417728 ]
 [-0.31268597 -0.01372558  0.43347058]
 [-0.38841337  0.07223912  0.38512963]
 [-0.03060273  0.10427908  0.72987837]
 [ 0.2161786   0.24254894  0.48399132]
 [ 0.10088061  0.2301861   0.06474626]
 [ 0.2654919   0.23427725  0.        ]
 [ 0.07844986  0.02650575  0.9241863 ]
 [ 0.15889502  0.05399859  1.1754104 ]
 [ 0.26503202  0.02514702  1.2647957 ]
 [ 0.2189393   0.01702034  1.3585297 ]
 [ 0.08359502  0.17661816  1.1053741 ]
 [-0.05369528  0.29960823  0.9745469 ]
 [ 0.09611675  0.43761134  0.8383417 ]
 [ 0.21229918 -0.09003633  1.1486465 ]
 [ 0.12901174 -0.19236627  0.92728674]
 [ 0.17632963 -0.1725365   0.79292893]]
[[ 0.          0.          0.72837585]
 [ 0.02966852 -0.11199886  0.7132148 ]
 [ 0.2130892  -0.01462328  0.4115743 ]
 [-0.20251432  0.02091376  0.46106365]
 [-0.2399069   0.10735193  0.37727267]
 [-0.0297846   0.11175972  0.74341875]
 [ 0.14481199  0.24098767  0.46929702]
 [-0.04544054  0.19712839  0.07717133]
 [ 0.10734913  0.20768541  0.        ]
 [ 0.07873277  0.03221244  0.9392853 ]
 [ 0.15969671  0.06786132  1.1910791 ]
 [ 0.26669136  0.04058564  1.2790611 ]
 [ 0.21685822  0.03032357  1.3752561 ]
 [ 0.09081778  0.19922945  1.112843  ]
 [ 0.03184185  0.32725716  0.93077576]
 [ 0.2183234   0.43554357  0.8646985 ]
 [ 0.20638369 -0.08217704  1.1684213 ]
 [ 0.0899504  -0.18578476  0.96073693]
 [ 0.08137879 -0.20344844  0.7930853 ]]
[[ 0.          0.          0.69237125]
 [ 0.02489991 -0.10815702  0.67901707]
 [ 0.3487649   0.03646806  0.4790037 ]
 [-0.0076481   0.01724347  0.2891602 ]
 [ 0.07516389  0.06672391  0.15208429]
 [-0.02501337  0.1079063   0.70564085]
 [-0.00530672  0.22653338  0.38717315]
 [-0.29854926  0.20768332  0.10747415]
 [-0.20198616  0.24368751  0.        ]
 [ 0.07528431  0.03116395  0.9069103 ]
 [ 0.15657523  0.06676149  1.159673  ]
 [ 0.2637571   0.04699111  1.2306333 ]
 [ 0.21979122  0.03118145  1.33914   ]
 [ 0.10576069  0.19933042  1.086901  ]
 [ 0.16669174  0.31897163  0.8799987 ]
 [ 0.33711153  0.36030793  0.9592166 ]
 [ 0.17929333 -0.08051926  1.1397957 ]
 [-0.03240587 -0.16734244  1.0253226 ]
 [-0.09935877 -0.22081523  0.8561696 ]]
[[ 0.          0.          0.6229735 ]
 [ 0.01954699 -0.11028834  0.614149  ]
 [ 0.3551559   0.03473197  0.43929756]
 [ 0.18752688  0.0922949   0.08538836]
 [ 0.34095982  0.1324557   0.        ]
 [-0.0196339   0.11008167  0.63176113]
 [-0.08407889  0.17035076  0.27999753]
 [-0.4491316   0.13097289  0.13354248]
 [-0.43925968  0.16313604  0.00408822]
 [ 0.06025998  0.02017446  0.84382915]
 [ 0.13290825  0.03282195  1.099859  ]
 [ 0.24319604  0.00296015  1.1653948 ]
 [ 0.19706912 -0.01127434  1.2784777 ]
 [ 0.10073052  0.16941053  1.0319499 ]
 [ 0.19831891  0.27540332  0.8133337 ]
 [ 0.30887726  0.25068358  0.93500495]
 [ 0.13248883 -0.10668015  1.0823319 ]
 [-0.10708255 -0.18522018  1.0492224 ]
 [-0.17368034 -0.23582736  0.8487307 ]]
[[ 0.00000000e+00  0.00000000e+00  6.08989120e-01]
 [ 1.76775940e-02 -1.07335433e-01  6.03104591e-01]
 [ 3.32431018e-01  7.07604587e-02  4.12257075e-01]
 [ 3.01547408e-01  1.87293530e-01  3.11261415e-02]
 [ 4.81924176e-01  2.31540620e-01  0.00000000e+00]
 [-1.77490190e-02  1.07131779e-01  6.14855587e-01]
 [-7.50156343e-02  1.20139539e-01  2.27747411e-01]
 [-4.99973863e-01 -1.73596144e-02  2.07435459e-01]
 [-5.67583025e-01  6.70880079e-04  1.02887511e-01]
 [ 5.77922575e-02  1.61666274e-02  8.28472555e-01]
 [ 1.27803758e-01  1.49977505e-02  1.08435202e+00]
 [ 2.37895086e-01 -1.83200836e-02  1.15093279e+00]
 [ 1.91445544e-01 -3.32167149e-02  1.26246476e+00]
 [ 9.77896154e-02  1.48228526e-01  1.01496339e+00]
 [ 1.71964511e-01  2.57762641e-01  7.80669689e-01]
 [ 3.11050206e-01  2.30192304e-01  8.53832781e-01]
 [ 1.17008686e-01 -1.13110453e-01  1.06189513e+00]
 [-1.17511362e-01 -1.97389111e-01  9.90576565e-01]
 [-1.51878059e-01 -3.00772190e-01  7.82298803e-01]]
[[ 0.          0.          0.6216979 ]
 [ 0.01977248 -0.10889889  0.6194641 ]
 [ 0.29088938  0.12245369  0.3990553 ]
 [ 0.250053    0.2499747   0.02437502]
 [ 0.43882614  0.29816088  0.        ]
 [-0.01983541  0.10870901  0.62391376]
 [-0.01489497  0.08859661  0.21966535]
 [-0.44217247 -0.09909779  0.2718874 ]
 [-0.529354   -0.10727566  0.20411882]
 [ 0.06812605  0.02084266  0.8390778 ]
 [ 0.14588645  0.01835403  1.0939205 ]
 [ 0.25322205 -0.01242673  1.1678979 ]
 [ 0.20218232 -0.02903879  1.273484  ]
 [ 0.10104223  0.1515792   1.0249723 ]
 [ 0.12261951  0.2719545   0.78849137]
 [ 0.30234832  0.30475095  0.7737043 ]
 [ 0.13272889 -0.10830063  1.0636215 ]
 [-0.07489741 -0.19153564  0.92172104]
 [-0.07151754 -0.3176213   0.72920096]]
[[ 0.          0.          0.64008707]
 [ 0.01321127 -0.1130697   0.64206237]
 [ 0.22903967  0.11006235  0.404032  ]
 [ 0.12215747  0.24765465  0.05163342]
 [ 0.29913107  0.30217874  0.        ]
 [-0.01331162  0.11287096  0.63807297]
 [ 0.08603188  0.08144954  0.25962642]
 [-0.363608   -0.0895329   0.35050625]
 [-0.4546557  -0.10464537  0.27778614]
 [ 0.06838349  0.02111085  0.8536396 ]
 [ 0.13546875  0.0069676   1.110673  ]
 [ 0.24538265 -0.0332205   1.1884692 ]
 [ 0.19178514 -0.04151225  1.2935144 ]
 [ 0.09562901  0.14244676  1.041997  ]
 [ 0.07252425  0.27020454  0.8220817 ]
 [ 0.18472466  0.31859693  0.71791506]
 [ 0.11635776 -0.12031654  1.0682498 ]
 [-0.01518318 -0.21044165  0.86086047]
 [ 0.01886725 -0.28923     0.7149904 ]]
[[ 0.          0.          0.6227896 ]
 [ 0.01168647 -0.11107786  0.618586  ]
 [ 0.12967145  0.10096139  0.36702043]
 [-0.0427568   0.2437729   0.07659888]
 [ 0.10759034  0.31032357  0.        ]
 [-0.01180414  0.11085938  0.6269011 ]
 [ 0.20911779  0.11378777  0.32537448]
 [-0.2412443  -0.02386555  0.33907926]
 [-0.28747404 -0.02710086  0.21637136]
 [ 0.06358715  0.01797539  0.83626914]
 [ 0.12886205  0.00627154  1.0938985 ]
 [ 0.23636009 -0.03157926  1.1759647 ]
 [ 0.17838654 -0.03241539  1.2752454 ]
 [ 0.07708336  0.13761824  1.0241226 ]
 [-0.04240264  0.24463315  0.8436155 ]
 [ 0.03050966  0.3145674   0.68724287]
 [ 0.1206737  -0.12650457  1.0483801 ]
 [ 0.0270939  -0.23073974  0.8296126 ]
 [ 0.13187549 -0.24118048  0.753818  ]]
[[ 0.00000000e+00  0.00000000e+00  5.67238748e-01]
 [ 1.03274882e-02 -1.11319624e-01  5.53932428e-01]
 [ 4.94905375e-03  3.74605656e-02  2.43260980e-01]
 [-2.54175752e-01  1.40403837e-01  1.21165663e-01]
 [-2.05661595e-01  2.46905595e-01  0.00000000e+00]
 [-1.04465373e-02  1.11083969e-01  5.80411792e-01]
 [ 3.04700911e-01  1.55078664e-01  3.82271588e-01]
 [-1.16125140e-02  7.08114207e-02  1.20357066e-01]
 [ 8.76745805e-02  7.14717507e-02  5.14507294e-04]
 [ 6.78845420e-02  1.44843310e-02  7.80171216e-01]
 [ 1.38140559e-01  1.31620467e-02  1.03924048e+00]
 [ 2.43988127e-01 -1.43298507e-02  1.12684417e+00]
 [ 1.93843305e-01 -1.73289776e-02  1.22949719e+00]
 [ 7.62953386e-02  1.46297723e-01  9.76400375e-01]
 [-9.66246426e-02  2.78572768e-01  8.83792341e-01]
 [-8.61000270e-02  3.18190008e-01  6.76742494e-01]
 [ 1.51890934e-01 -1.34671330e-01  9.93604422e-01]
 [ 1.17067561e-01 -2.81174779e-01  7.69937396e-01]
 [ 2.52973735e-01 -1.44303799e-01  7.98690319e-01]]
[[ 0.          0.          0.6218413 ]
 [ 0.01347121 -0.10596074  0.6054853 ]
 [-0.01754743 -0.03626457  0.25882623]
 [-0.37372294  0.01787922  0.29062942]
 [-0.4205569   0.12517524  0.2052727 ]
 [-0.0135871   0.10576528  0.638052  ]
 [ 0.2977343   0.19990149  0.44147718]
 [ 0.15760314  0.1656605   0.05921501]
 [ 0.3047279   0.16076028  0.        ]
 [ 0.06884575  0.01747762  0.8316502 ]
 [ 0.14407936  0.0411554   1.0863987 ]
 [ 0.24767502  0.01653838  1.1759279 ]
 [ 0.20251828  0.00798219  1.2730502 ]
 [ 0.08115128  0.16462883  1.0239038 ]
 [-0.09621631  0.28898507  0.93079925]
 [-0.02801976  0.38509136  0.73538315]
 [ 0.17350401 -0.10835499  1.0517392 ]
 [ 0.14000607 -0.27587214  0.83742833]
 [ 0.25915956 -0.16376305  0.79448193]]
[[ 0.          0.          0.6369535 ]
 [ 0.01864217 -0.10455853  0.6217962 ]
 [ 0.04255491 -0.04329023  0.27908164]
 [-0.33998057  0.00885901  0.3816107 ]
 [-0.42985672  0.1077812   0.3420981 ]
 [-0.01874311  0.10437186  0.6519801 ]
 [ 0.2660047   0.23216738  0.4385733 ]
 [ 0.16129671  0.21520144  0.04479194]
 [ 0.32231066  0.21165675  0.        ]
 [ 0.06906657  0.02054748  0.8443593 ]
 [ 0.14462934  0.04964015  1.0973465 ]
 [ 0.24539185  0.02002704  1.1884165 ]
 [ 0.19862568  0.01038069  1.2805221 ]
 [ 0.08476376  0.17101148  1.027544  ]
 [-0.07807167  0.2811761   0.9019128 ]
 [ 0.05856916  0.40407223  0.73235774]
 [ 0.17981783 -0.100752    1.0676743 ]
 [ 0.11188006 -0.25430197  0.8534291 ]
 [ 0.22075567 -0.18997797  0.7325161 ]]
[[ 0.          0.          0.6727365 ]
 [ 0.01995452 -0.11052443  0.6587183 ]
 [ 0.12047178 -0.04463613  0.33654094]
 [-0.27221897  0.02900262  0.4490091 ]
 [-0.34859747  0.12753254  0.39544433]
 [-0.02005441  0.11032383  0.68664217]
 [ 0.20545247  0.20930836  0.44877884]
 [ 0.04605819  0.17019314  0.05793864]
 [ 0.2084001   0.1728288   0.        ]
 [ 0.07165546  0.03269923  0.8796253 ]
 [ 0.14807832  0.07143736  1.1319153 ]
 [ 0.25087216  0.03956687  1.2228887 ]
 [ 0.20064619  0.02883631  1.3136861 ]
 [ 0.08947705  0.19727844  1.0568813 ]
 [-0.03151387  0.29687217  0.8962952 ]
 [ 0.1485278   0.4123644   0.7856196 ]
 [ 0.18209639 -0.08292991  1.1069932 ]
 [ 0.08434717 -0.21444136  0.8954964 ]
 [ 0.13067332 -0.22838157  0.73173344]]
[[ 0.          0.          0.6823929 ]
 [ 0.02363718 -0.11421774  0.668426  ]
 [ 0.29535538  0.01070797  0.42864656]
 [-0.10172619  0.07461396  0.43007174]
 [-0.10779318  0.15971047  0.32005465]
 [-0.02373634  0.11397211  0.6962677 ]
 [ 0.10134078  0.24833529  0.41410232]
 [-0.15187037  0.19001427  0.07804936]
 [-0.00850751  0.21608996  0.        ]
 [ 0.0705754   0.03215003  0.8930517 ]
 [ 0.14380488  0.06779456  1.1474521 ]
 [ 0.24900116  0.04039401  1.2313099 ]
 [ 0.19651254  0.02629554  1.327317  ]
 [ 0.09367706  0.2028057   1.0700278 ]
 [ 0.08218569  0.30237693  0.8605374 ]
 [ 0.27269003  0.36762014  0.849857  ]
 [ 0.17072728 -0.08569553  1.1241301 ]
 [ 0.03344931 -0.20187703  0.9265485 ]
 [ 0.02859262 -0.24000762  0.74944615]]
[[ 0.00000000e+00  0.00000000e+00  6.28906429e-01]
 [ 1.36063322e-02 -1.11229531e-01  6.14718676e-01]
 [ 3.68900001e-01  5.05089760e-03  4.41055238e-01]
 [ 9.70768332e-02  4.89323437e-02  1.87152177e-01]
 [ 2.09210575e-01  8.02736282e-02  9.17614102e-02]
 [-1.36900917e-02  1.11028492e-01  6.43056214e-01]
 [-2.65788510e-02  2.16150314e-01  3.20797861e-01]
 [-3.44214380e-01  2.30457544e-01  1.00318849e-01]
 [-2.82774389e-01  2.86961228e-01  0.00000000e+00]
 [ 5.57723641e-02  1.33645684e-02  8.46853614e-01]
 [ 1.19223863e-01  2.86077857e-02  1.10332763e+00]
 [ 2.24547178e-01 -1.16378069e-03  1.17850327e+00]
 [ 1.73544064e-01 -1.37339234e-02  1.28442240e+00]
 [ 1.04440972e-01  1.66594326e-01  1.02702749e+00]
 [ 1.96101189e-01  2.59201497e-01  8.06662142e-01]
 [ 3.33480775e-01  2.20785886e-01  9.00774896e-01]
 [ 1.12690359e-01 -1.20893806e-01  1.08863270e+00]
 [-9.91337001e-02 -2.25609213e-01  9.75738585e-01]
 [-1.22757107e-01 -2.47084662e-01  7.76059270e-01]]
[[ 0.          0.          0.5720691 ]
 [ 0.0082385  -0.10723342  0.5625628 ]
 [ 0.33458233 -0.00186045  0.37615654]
 [ 0.2959856   0.12380576  0.03325421]
 [ 0.46057144  0.15022188  0.        ]
 [-0.00829815  0.10704505  0.58156407]
 [-0.08306338  0.1648145   0.22913772]
 [-0.47658443  0.0972563   0.11973426]
 [-0.50693405  0.14994821  0.02253467]
 [ 0.04379982  0.01281822  0.79098445]
 [ 0.09743124  0.01438847  1.0491986 ]
 [ 0.20531699 -0.02692395  1.1216807 ]
 [ 0.15044084 -0.03281599  1.2263455 ]
 [ 0.09991763  0.14876002  0.9756135 ]
 [ 0.20256901  0.23709697  0.74243075]
 [ 0.3248126   0.1560485   0.81541   ]
 [ 0.06525488 -0.12141612  1.0321394 ]
 [-0.1760128  -0.21890336  0.962834  ]
 [-0.1829161  -0.2570423   0.7360885 ]]
[[ 0.00000000e+00  0.00000000e+00  5.84523976e-01]
 [ 1.09136105e-02 -1.07031390e-01  5.80104649e-01]
 [ 3.15754414e-01  5.94059378e-02  3.71707410e-01]
 [ 3.24135125e-01  1.90723479e-01  9.91481543e-03]
 [ 5.03234148e-01  2.26308763e-01  0.00000000e+00]
 [-1.09614283e-02  1.06853634e-01  5.88935614e-01]
 [-6.27208501e-02  1.29301816e-01  2.00982243e-01]
 [-4.86027539e-01 -2.96356082e-02  2.16042787e-01]
 [-5.64104676e-01 -7.92652369e-04  1.53032273e-01]
 [ 4.71282899e-02  1.72459185e-02  8.03142309e-01]
 [ 1.02085397e-01  1.38865411e-02  1.06049991e+00]
 [ 2.14015543e-01 -2.73714662e-02  1.13993621e+00]
 [ 1.55491561e-01 -3.01226377e-02  1.24067116e+00]
 [ 1.05504788e-01  1.42670155e-01  9.89146709e-01]
 [ 1.68928340e-01  2.39216164e-01  7.47649908e-01]
 [ 3.23943973e-01  1.96821913e-01  7.41787553e-01]
 [ 5.78966588e-02 -1.12909794e-01  1.03561258e+00]
 [-1.44414723e-01 -2.25663349e-01  9.14994836e-01]
 [-1.28792077e-01 -2.92030215e-01  7.12019682e-01]]
[[ 0.          0.          0.6079541 ]
 [ 0.0082013  -0.11208884  0.6053343 ]
 [ 0.27415544  0.07672036  0.3879294 ]
 [ 0.19759727  0.2041705   0.02623051]
 [ 0.3887536   0.23829341  0.        ]
 [-0.00826501  0.11190718  0.6105623 ]
 [ 0.01530033  0.10773313  0.2188758 ]
 [-0.41959798 -0.05644059  0.31105447]
 [-0.51471525 -0.04547691  0.25549805]
 [ 0.05200326  0.01050487  0.8250323 ]
 [ 0.10579239 -0.00472471  1.0836892 ]
 [ 0.2119509  -0.0416258   1.1646714 ]
 [ 0.15052214 -0.04356092  1.263458  ]
 [ 0.09660493  0.13000357  1.0136822 ]
 [ 0.12046412  0.25215632  0.785367  ]
 [ 0.24266028  0.2578562   0.7070633 ]
 [ 0.06311556 -0.1295042   1.0520449 ]
 [-0.11063707 -0.23516032  0.8853564 ]
 [-0.08277452 -0.34527743  0.7067891 ]]
[[ 0.00000000e+00  0.00000000e+00  6.21086121e-01]
 [ 6.41329587e-03 -1.11525506e-01  6.21127963e-01]
 [ 1.93091601e-01  5.09346277e-02  3.67080152e-01]
 [ 3.52381803e-02  1.73671126e-01  6.11839294e-02]
 [ 1.87237278e-01  2.26983041e-01  0.00000000e+00]
 [-6.52264431e-03  1.11335829e-01  6.20998621e-01]
 [ 1.43563375e-01  1.11117586e-01  2.88855672e-01]
 [-3.30200732e-01 -3.06564271e-02  3.86064529e-01]
 [-3.97863269e-01 -1.95273459e-02  2.99569964e-01]
 [ 5.44615723e-02  1.24038458e-02  8.35191488e-01]
 [ 1.06130734e-01  1.11883879e-03  1.09483433e+00]
 [ 2.15114191e-01 -3.82624865e-02  1.17921233e+00]
 [ 1.51394337e-01 -3.48129869e-02  1.27218485e+00]
 [ 8.80963951e-02  1.34819627e-01  1.02177763e+00]
 [ 2.64689624e-02  2.33903021e-01  8.16114545e-01]
 [ 8.38892311e-02  2.38388121e-01  6.72931075e-01]
 [ 7.03568012e-02 -1.29245907e-01  1.05667675e+00]
 [-3.38396132e-02 -2.40432352e-01  8.36180985e-01]
 [ 6.15232885e-02 -2.86017865e-01  7.14834392e-01]]
[[ 0.0000000e+00  0.0000000e+00  5.8892667e-01]
 [ 3.3750609e-03 -1.0760985e-01  5.7865936e-01]
 [ 6.4967804e-02  1.1272341e-02  2.9358014e-01]
 [-1.7556420e-01  1.3528907e-01  1.0687283e-01]
 [-7.3490411e-02  2.2333834e-01  0.0000000e+00]
 [-3.5099983e-03  1.0738014e-01  5.9909099e-01]
 [ 2.7875900e-01  9.6306682e-02  3.7133473e-01]
 [-1.5873383e-01 -1.9501388e-02  2.6468807e-01]
 [-1.3836153e-01  9.8064542e-04  1.3211343e-01]
 [ 5.6462444e-02  1.4668345e-02  8.0355144e-01]
 [ 1.1046493e-01  4.2305291e-03  1.0644788e+00]
 [ 2.1779931e-01 -3.0098498e-02  1.1485262e+00]
 [ 1.6065352e-01 -3.0713618e-02  1.2455460e+00]
 [ 7.0319042e-02  1.3391644e-01  9.9879324e-01]
 [-7.9527497e-02  2.4258608e-01  8.6399686e-01]
 [-8.0391392e-02  2.5653547e-01  6.4852685e-01]
 [ 9.7535938e-02 -1.3261241e-01  1.0158913e+00]
 [ 2.9752567e-02 -2.5971872e-01  7.9328108e-01]
 [ 1.9424370e-01 -1.9269691e-01  7.7331924e-01]]
[[ 0.          0.          0.584871  ]
 [ 0.00601595 -0.11075602  0.5697813 ]
 [-0.01731627 -0.0320763   0.22707254]
 [-0.332224    0.04903975  0.20100063]
 [-0.3485992   0.1614528   0.10393509]
 [-0.00614773  0.110534    0.5998207 ]
 [ 0.29917657  0.11801217  0.41634512]
 [ 0.06987324  0.02399284  0.08137107]
 [ 0.19632712  0.01960188  0.        ]
 [ 0.0539569   0.00804611  0.8019415 ]
 [ 0.1094096   0.0067921   1.0633683 ]
 [ 0.21502803 -0.02255702  1.1511815 ]
 [ 0.16219157 -0.02028704  1.2499979 ]
 [ 0.06237125  0.14223886  1.003166  ]
 [-0.11423293  0.2898265   0.92757076]
 [-0.07328983  0.32933715  0.71179175]
 [ 0.11815332 -0.14109764  1.0243849 ]
 [ 0.07620615 -0.29243425  0.79946536]
 [ 0.23998076 -0.16414957  0.76103234]]
[[ 0.          0.          0.62400043]
 [ 0.00428214 -0.10835768  0.60820866]
 [ 0.00877605 -0.06283069  0.25295866]
 [-0.36060268 -0.01095355  0.29676616]
 [-0.4088741   0.09338555  0.21274862]
 [-0.00440161  0.10815731  0.6396593 ]
 [ 0.2908843   0.15183696  0.4423883 ]
 [ 0.18383181  0.09130996  0.04364544]
 [ 0.3256808   0.08016127  0.        ]
 [ 0.06039611  0.00911587  0.8373575 ]
 [ 0.12266627  0.02129149  1.0967797 ]
 [ 0.22305903 -0.01107895  1.188753  ]
 [ 0.1720538  -0.0072211   1.2817641 ]
 [ 0.07918146  0.15379748  1.0319433 ]
 [-0.08609289  0.30960396  0.94411355]
 [ 0.00770792  0.37514687  0.7498629 ]
 [ 0.13680539 -0.12817577  1.0639311 ]
 [ 0.08117929 -0.27427664  0.83680135]
 [ 0.20970556 -0.21689893  0.72750103]]
[[ 0.          0.          0.646454  ]
 [ 0.00307428 -0.10961175  0.63233536]
 [ 0.06122532 -0.07730225  0.27929598]
 [-0.32141227 -0.02216592  0.32791   ]
 [-0.37815982  0.0705564   0.24294093]
 [-0.00319215  0.10940296  0.6604476 ]
 [ 0.2738739   0.15674156  0.44331735]
 [ 0.17135216  0.13358295  0.04091603]
 [ 0.3258592   0.1262148   0.        ]
 [ 0.06158626  0.00572808  0.8594439 ]
 [ 0.12276059  0.01410848  1.1183485 ]
 [ 0.22384292 -0.02157223  1.2126647 ]
 [ 0.16840489 -0.01351112  1.3015778 ]
 [ 0.08034236  0.14889497  1.0505595 ]
 [-0.07962461  0.29487175  0.938228  ]
 [ 0.05276544  0.360381    0.76763344]
 [ 0.13825986 -0.13468984  1.0867833 ]
 [ 0.06656639 -0.26099837  0.849424  ]
 [ 0.17256123 -0.23918699  0.701151  ]]
[[ 0.          0.          0.6610539 ]
 [ 0.00299945 -0.11552526  0.6479164 ]
 [ 0.12824929 -0.0742363   0.3267764 ]
 [-0.2679375  -0.02501413  0.3430462 ]
 [-0.274149    0.05981591  0.2184776 ]
 [-0.00311668  0.11528639  0.6740865 ]
 [ 0.24501784  0.14717306  0.45072374]
 [ 0.07887134  0.12986246  0.0654217 ]
 [ 0.23670882  0.13830411  0.        ]
 [ 0.06577721  0.01136667  0.87435937]
 [ 0.12376602  0.02009979  1.1348033 ]
 [ 0.22284093 -0.01482308  1.2244937 ]
 [ 0.1653533  -0.00577444  1.3167542 ]
 [ 0.08469185  0.1593855   1.067008  ]
 [-0.03274316  0.3046361   0.92432445]
 [ 0.13140836  0.36958358  0.7998786 ]
 [ 0.13830909 -0.13159642  1.1003966 ]
 [ 0.04809515 -0.2504959   0.8639118 ]
 [ 0.0924589  -0.27912408  0.70608383]]
[[ 0.          0.          0.6533999 ]
 [ 0.01325782 -0.11788962  0.64061815]
 [ 0.32720658  0.00289206  0.42420682]
 [-0.00665652 -0.01836181  0.23478138]
 [ 0.08818045  0.03077859  0.10374248]
 [-0.01337738  0.11763539  0.6661099 ]
 [ 0.10573988  0.2249623   0.35500744]
 [-0.17179126  0.2327829   0.09308064]
 [-0.05416216  0.28108558  0.        ]
 [ 0.05324939  0.01017725  0.8719572 ]
 [ 0.09261453  0.01177546  1.1350459 ]
 [ 0.19715242 -0.01896322  1.2208788 ]
 [ 0.13529587 -0.01903439  1.3183134 ]
 [ 0.07867862  0.15851289  1.0647459 ]
 [ 0.10247532  0.29807338  0.8536022 ]
 [ 0.2710983   0.2737949   0.86454034]
 [ 0.08873998 -0.13600111  1.1010995 ]
 [-0.05214331 -0.21281862  0.87357277]
 [-0.05710835 -0.24054064  0.7141305 ]]
[[ 0.          0.          0.62412006]
 [ 0.00453437 -0.10341085  0.61442435]
 [ 0.29157943 -0.02778782  0.38192946]
 [ 0.32577524  0.01673317  0.0350225 ]
 [ 0.5045337   0.04213685  0.00765246]
 [-0.00460304  0.10325418  0.6338094 ]
 [-0.12418263  0.12319708  0.25990203]
 [-0.5020181   0.12114263  0.09639406]
 [-0.5023367   0.17500883  0.        ]
 [ 0.0191277   0.01958194  0.8500087 ]
 [ 0.03392993  0.01726043  1.1131572 ]
 [ 0.1324682  -0.02801865  1.1948833 ]
 [ 0.07125792 -0.01767141  1.2908769 ]
 [ 0.07273709  0.13959664  1.0458431 ]
 [ 0.15018792  0.24097347  0.80809844]
 [ 0.23486194  0.15055072  0.8757812 ]
 [-0.0213356  -0.1053775   1.0799661 ]
 [-0.23072523 -0.19013205  0.91368026]
 [-0.23379718 -0.2904142   0.71226215]]
[[ 0.          0.          0.62343156]
 [ 0.00324441 -0.09668471  0.6175638 ]
 [ 0.26678365 -0.02196836  0.35524046]
 [ 0.32894665  0.01859909  0.01260722]
 [ 0.510463    0.04497701  0.        ]
 [-0.00329623  0.09652331  0.6292909 ]
 [-0.14897639  0.09540072  0.25337833]
 [-0.5217276   0.06962293  0.09961677]
 [-0.5627126   0.13578579  0.02839971]
 [ 0.01419527  0.0283384   0.84993505]
 [ 0.02618494  0.02949154  1.1121781 ]
 [ 0.12739551 -0.01701128  1.2005368 ]
 [ 0.06530307 -0.00250036  1.2933177 ]
 [ 0.07019751  0.14249843  1.0464075 ]
 [ 0.14130515  0.25015584  0.80679274]
 [ 0.2497769   0.19759463  0.8500724 ]
 [-0.0376109  -0.08244559  1.0794548 ]
 [-0.24817543 -0.17767219  0.92082626]
 [-0.21410917 -0.31638974  0.7464114 ]]
[[ 0.00000000e+00  0.00000000e+00  6.28957152e-01]
 [ 3.32285464e-03 -1.02109782e-01  6.26490831e-01]
 [ 2.48233169e-01 -8.36765766e-03  3.53066474e-01]
 [ 3.08046222e-01  5.74969053e-02  7.99036026e-03]
 [ 4.96368319e-01  8.44573379e-02  0.00000000e+00]
 [-3.38395312e-03  1.01947471e-01  6.31421804e-01]
 [-1.16426915e-01  1.09870762e-01  2.39903063e-01]
 [-5.08587956e-01  2.98913717e-02  1.73661351e-01]
 [-5.76377153e-01  7.88485110e-02  1.12633705e-01]
 [ 9.85873211e-03  2.80833095e-02  8.56597602e-01]
 [ 1.85863227e-02  2.78025866e-02  1.11868227e+00]
 [ 1.17212772e-01 -2.03010440e-02  1.21047258e+00]
 [ 5.19219935e-02  3.41475010e-04  1.29677987e+00]
 [ 5.95547184e-02  1.45036846e-01  1.05152678e+00]
 [ 1.15518510e-01  2.42554203e-01  8.09137285e-01]
 [ 2.06708670e-01  1.57760710e-01  7.90585279e-01]
 [-4.64173891e-02 -8.44086707e-02  1.08364069e+00]
 [-2.25145832e-01 -1.97952092e-01  9.16298687e-01]
 [-1.71953619e-01 -3.56598258e-01  7.59023070e-01]]
[[ 0.          0.          0.6664679 ]
 [ 0.00489577 -0.09680401  0.66765577]
 [ 0.22805649  0.01605985  0.39866394]
 [ 0.25268355  0.09177214  0.03166014]
 [ 0.4503777   0.12812042  0.        ]
 [-0.00497944  0.09664723  0.66527325]
 [-0.05943367  0.0657399   0.25926393]
 [-0.48702365 -0.05749628  0.2668677 ]
 [-0.59588075 -0.01558137  0.23483074]
 [ 0.01823916  0.01830278  0.8910242 ]
 [ 0.02799143  0.00841579  1.1545751 ]
 [ 0.11687543 -0.03182119  1.2513828 ]
 [ 0.04025926 -0.01343596  1.3365903 ]
 [ 0.04674939  0.12792814  1.0875249 ]
 [ 0.0752577   0.2374858   0.85832936]
 [ 0.14080206  0.17495069  0.7668276 ]
 [-0.02050223 -0.10261708  1.110362  ]
 [-0.16333836 -0.22826199  0.92771965]
 [-0.0866061  -0.38635474  0.8164089 ]]
[[ 0.00000000e+00  0.00000000e+00  6.85669124e-01]
 [ 7.26219267e-04 -9.90896299e-02  6.83371842e-01]
 [ 1.27336651e-01  1.60674453e-02  3.96580428e-01]
 [ 4.01605964e-02  1.51553810e-01  5.28672934e-02]
 [ 2.30923936e-01  1.89716578e-01  0.00000000e+00]
 [-8.39903951e-04  9.89207104e-02  6.87923551e-01]
 [ 1.33888900e-01  9.84126329e-03  3.59138221e-01]
 [-3.27479780e-01 -1.16224825e-01  3.85508955e-01]
 [-4.39812005e-01 -6.30204678e-02  3.38417113e-01]
 [ 3.05000022e-02 -3.58718634e-03  9.05093670e-01]
 [ 6.26133904e-02 -1.80177689e-02  1.16848850e+00]
 [ 1.39338136e-01 -4.07830477e-02  1.26848888e+00]
 [ 5.83737567e-02 -2.26228833e-02  1.34050226e+00]
 [ 4.21550572e-02  1.07664883e-01  1.10329735e+00]
 [-2.10658535e-02  2.13985443e-01  9.01902735e-01]
 [ 5.99207431e-02  2.13136688e-01  7.34635115e-01]
 [ 4.04562354e-02 -1.43558621e-01  1.12059593e+00]
 [-1.10206977e-02 -3.36660624e-01  9.61182594e-01]
 [ 8.65826905e-02 -4.05516922e-01  9.14596200e-01]]
[[ 0.          0.          0.6991285 ]
 [-0.01223044 -0.09459876  0.69071275]
 [-0.00820941 -0.00560823  0.363992  ]
 [-0.14892583  0.13001609  0.10127574]
 [-0.02156204  0.20709795  0.        ]
 [ 0.01208575  0.09435643  0.7074417 ]
 [ 0.29454452 -0.00327955  0.51390755]
 [-0.09526524 -0.05586541  0.33701968]
 [-0.10133023 -0.00819558  0.1960178 ]
 [ 0.04253969 -0.01262026  0.9179053 ]
 [ 0.08749646 -0.02321103  1.1803952 ]
 [ 0.15825403 -0.03372711  1.2774208 ]
 [ 0.08327439 -0.02132279  1.3540971 ]
 [ 0.0519994   0.10686031  1.1153533 ]
 [-0.0598056   0.24828242  0.95384735]
 [-0.01126643  0.26448002  0.75581086]
 [ 0.09087351 -0.16101307  1.1406249 ]
 [ 0.1333701  -0.37118948  1.0075624 ]
 [ 0.27058834 -0.27052212  1.003871  ]]
[[ 0.          0.          0.6214591 ]
 [-0.02283715 -0.09311896  0.6099914 ]
 [-0.09588982 -0.00850305  0.26954728]
 [-0.2754627   0.10886589  0.14100909]
 [-0.23861536  0.22644696  0.        ]
 [ 0.0227002   0.09285738  0.6327924 ]
 [ 0.3236023   0.01172392  0.474504  ]
 [ 0.11116305 -0.08096975  0.13533303]
 [ 0.21912137 -0.09182191  0.02674347]
 [ 0.04401397 -0.0130332   0.84143347]
 [ 0.08866623 -0.01828584  1.1045086 ]
 [ 0.1649876  -0.02283067  1.2003601 ]
 [ 0.09477014 -0.01365387  1.2778907 ]
 [ 0.04657821  0.11275625  1.0387952 ]
 [-0.08385313  0.2597894   0.89917743]
 [-0.04204705  0.31672984  0.7032813 ]
 [ 0.10780114 -0.15971586  1.0708401 ]
 [ 0.17795819 -0.35632402  0.9272658 ]
 [ 0.34595898 -0.2099741   0.89144623]]
[[ 0.          0.          0.6245753 ]
 [-0.01819708 -0.08523248  0.6130668 ]
 [-0.11803143 -0.06349379  0.24313593]
 [-0.36948425  0.05467176  0.22679839]
 [-0.41031617  0.17549634  0.10595602]
 [ 0.01805872  0.08495431  0.6359323 ]
 [ 0.32964182  0.0449169   0.4601504 ]
 [ 0.23457938 -0.06873596  0.07149929]
 [ 0.35735202 -0.08854401  0.        ]
 [ 0.04460219 -0.0106481   0.8468784 ]
 [ 0.08470751 -0.01182851  1.1088704 ]
 [ 0.16414768 -0.01653892  1.2078103 ]
 [ 0.09670882 -0.00630581  1.2840528 ]
 [ 0.04719692  0.1136578   1.0443983 ]
 [-0.10060084  0.2656436   0.91649646]
 [-0.02427262  0.36436924  0.7501481 ]
 [ 0.11033899 -0.1470483   1.071131  ]
 [ 0.17543456 -0.3419576   0.90742016]
 [ 0.3584131  -0.21830091  0.8474754 ]]
[[ 0.          0.          0.66826516]
 [-0.00837486 -0.07217476  0.66220343]
 [-0.11302763 -0.07733014  0.28960186]
 [-0.4108215  -0.02923822  0.39685336]
 [-0.51037157  0.07377037  0.33465564]
 [ 0.00825554  0.07189982  0.674186  ]
 [ 0.3013199   0.1094674   0.4591546 ]
 [ 0.33527935 -0.00437498  0.05461568]
 [ 0.47450238 -0.01836461  0.        ]
 [ 0.04548435 -0.01591478  0.88998026]
 [ 0.07850259 -0.02242726  1.1498895 ]
 [ 0.15900388 -0.02870637  1.2492046 ]
 [ 0.0921509  -0.01812243  1.3243589 ]
 [ 0.03720312  0.09774625  1.088803  ]
 [-0.11239079  0.27373222  0.9724041 ]
 [ 0.02206038  0.40499443  0.87841487]
 [ 0.11250523 -0.14706412  1.1105721 ]
 [ 0.13019082 -0.33728054  0.9286362 ]
 [ 0.29042184 -0.23050472  0.8156376 ]]
[[ 0.0000000e+00  0.0000000e+00  6.8843555e-01]
 [-5.9321132e-03 -7.3003933e-02  6.8646377e-01]
 [-6.9482699e-02 -8.3059311e-02  3.3425495e-01]
 [-4.1006213e-01 -8.7482274e-02  5.1372170e-01]
 [-5.5212522e-01  2.7314723e-03  5.0532937e-01]
 [ 5.8393665e-03  7.2768904e-02  6.9028854e-01]
 [ 2.7015528e-01  1.7310719e-01  4.5612693e-01]
 [ 3.1785607e-01  5.9509575e-02  4.6204567e-02]
 [ 4.7887364e-01  5.6297243e-02  0.0000000e+00]
 [ 4.6001576e-02 -2.6832521e-04  9.1002417e-01]
 [ 7.4725531e-02  1.3955832e-03  1.1696433e+00]
 [ 1.6140255e-01 -1.3612390e-02  1.2729080e+00]
 [ 8.9405507e-02  3.7240386e-03  1.3429869e+00]
 [ 4.4620503e-02  1.2541860e-01  1.1054623e+00]
 [-8.0438018e-02  3.2418913e-01  1.0048237e+00]
 [ 8.0215529e-02  4.4627029e-01  9.8481643e-01]
 [ 9.9784046e-02 -1.2219697e-01  1.1303658e+00]
 [ 6.2014773e-02 -2.9053319e-01  9.3938816e-01]
 [ 1.6241112e-01 -2.3971178e-01  8.1445199e-01]]
[[ 0.00000000e+00  0.00000000e+00  7.36432672e-01]
 [-7.21725076e-03 -8.34891424e-02  7.36390710e-01]
 [ 2.92557403e-02 -1.15324616e-01  4.28482890e-01]
 [-3.65692228e-01 -1.34894609e-01  6.91365600e-01]
 [-5.08749366e-01 -6.01105914e-02  6.90589428e-01]
 [ 7.15075061e-03  8.32718611e-02  7.36381888e-01]
 [ 2.00586841e-01  1.98700503e-01  4.85272527e-01]
 [ 1.57051280e-01  9.47981477e-02  6.98277354e-02]
 [ 3.10199738e-01  1.15718305e-01  0.00000000e+00]
 [ 2.92207152e-02  1.88594759e-02  9.58709061e-01]
 [ 4.38679047e-02  2.38804817e-02  1.21924782e+00]
 [ 1.39004022e-01 -5.03361225e-03  1.32120132e+00]
 [ 7.13320598e-02  1.66463852e-02  1.38999605e+00]
 [ 4.42444272e-02  1.48222148e-01  1.15349650e+00]
 [ 1.12618506e-03  3.67748320e-01  1.06911123e+00]
 [ 1.62672490e-01  4.57259417e-01  1.12005782e+00]
 [ 4.57737446e-02 -9.61459875e-02  1.17996764e+00]
 [-5.04326820e-02 -2.25415468e-01  1.00294280e+00]
 [-4.54765297e-02 -2.90114254e-01  8.65933657e-01]]
[[ 0.00000000e+00  0.00000000e+00  7.73497701e-01]
 [-8.95757601e-03 -9.53787044e-02  7.68934608e-01]
 [ 1.66818917e-01 -1.51410997e-01  5.13479412e-01]
 [-2.71740794e-01 -1.37576938e-01  7.23337412e-01]
 [-3.74428689e-01 -7.04238415e-02  6.79695725e-01]
 [ 8.87266174e-03  9.51350778e-02  7.77989507e-01]
 [ 7.38560408e-02  1.42652944e-01  4.64779109e-01]
 [-1.21542394e-01  9.74882841e-02  9.50979590e-02]
 [-2.43792646e-02  1.34827316e-01  0.00000000e+00]
 [ 6.37686253e-03  2.90283859e-02  9.97424543e-01]
 [ 4.84120101e-05  4.16992307e-02  1.25864398e+00]
 [ 1.11761630e-01 -8.26621056e-03  1.36327648e+00]
 [ 4.45653349e-02  3.09275985e-02  1.43089211e+00]
 [ 4.71221022e-02  1.58676684e-01  1.19994485e+00]
 [ 9.60453302e-02  3.65501136e-01  1.13706446e+00]
 [ 2.17459172e-01  4.21535552e-01  1.25469720e+00]
 [-3.95937115e-02 -7.09345341e-02  1.22193456e+00]
 [-1.77561373e-01 -2.19125807e-01  1.06531441e+00]
 [-2.62342662e-01 -3.39256823e-01  9.63755965e-01]]
[[ 0.          0.          0.67508036]
 [-0.01240079 -0.09321947  0.67602605]
 [ 0.26468173 -0.2004382   0.4667853 ]
 [-0.12786527 -0.21159185  0.41121224]
 [-0.1102557  -0.2251665   0.25995594]
 [ 0.01229772  0.09298605  0.6741024 ]
 [-0.06488003  0.12214956  0.28868428]
 [-0.37836432  0.12349766  0.09069341]
 [-0.38663954  0.18682054  0.        ]
 [-0.00979167  0.03287436  0.8977852 ]
 [-0.02831383  0.06852978  1.1561084 ]
 [ 0.07589494  0.01183569  1.2488673 ]
 [ 0.00881066  0.05982774  1.3293891 ]
 [ 0.05072571  0.16455138  1.0971255 ]
 [ 0.23039016  0.26624542  1.0638831 ]
 [ 0.28584972  0.24743429  1.1912012 ]
 [-0.10544138 -0.02546504  1.1297172 ]
 [-0.31413466 -0.17427391  1.0510321 ]
 [-0.47851914 -0.25089207  1.005103  ]]
[[ 0.          0.          0.5593945 ]
 [-0.00403393 -0.08773514  0.57213676]
 [ 0.2589533  -0.17954865  0.38023117]
 [ 0.08572425 -0.26891616  0.05408967]
 [ 0.21814096 -0.25271177  0.        ]
 [ 0.00395959  0.08754827  0.5466519 ]
 [-0.10334074  0.13968879  0.15061972]
 [-0.47404188  0.03462169  0.10875413]
 [-0.5800179   0.09108546  0.09961528]
 [-0.01506018  0.04813936  0.78279686]
 [-0.02348767  0.08329529  1.0406452 ]
 [ 0.07199449  0.02433932  1.1435423 ]
 [ 0.0085547   0.0779199   1.2199167 ]
 [ 0.06638336  0.16896522  0.9753946 ]
 [ 0.2753935   0.20993745  0.8977844 ]
 [ 0.37820202  0.15267125  0.98043466]
 [-0.12500194  0.00942749  1.0196612 ]
 [-0.3615331  -0.13988101  1.0604786 ]
 [-0.5318818  -0.24845839  1.1029454 ]]
[[ 0.          0.          0.57810664]
 [-0.00226171 -0.08206113  0.5890285 ]
 [ 0.25467324 -0.09555405  0.3728776 ]
 [ 0.25061518 -0.18229657  0.01950371]
 [ 0.43701512 -0.14941674  0.        ]
 [ 0.00220371  0.08189553  0.56718373]
 [-0.09405766  0.12678093  0.16766545]
 [-0.49293345 -0.13237831  0.19611436]
 [-0.59702015 -0.07450759  0.22329247]
 [-0.0025795   0.04264665  0.8025096 ]
 [-0.00880948  0.07035506  1.0621123 ]
 [ 0.07149725  0.03018647  1.1648952 ]
 [ 0.00485488  0.08384871  1.2331486 ]
 [ 0.07019293  0.14877236  0.98837095]
 [ 0.26548198  0.18208091  0.8506227 ]
 [ 0.39192522  0.07857504  0.84842026]
 [-0.10058758  0.00880733  1.0419205 ]
 [-0.32094544 -0.11484194  1.1291442 ]
 [-0.47721112 -0.21293885  1.2333782 ]]
[[ 0.          0.          0.60217416]
 [ 0.00692599 -0.07461023  0.6117941 ]
 [ 0.22194971 -0.07557559  0.35977232]
 [ 0.24969646 -0.17473722  0.        ]
 [ 0.43923527 -0.14132595  0.00578493]
 [-0.00696738  0.07445752  0.59255433]
 [-0.0572923   0.09337309  0.20276818]
 [-0.4550562  -0.1878716   0.25234824]
 [-0.5627222  -0.12681274  0.32136917]
 [-0.00536406  0.03810239  0.8238741 ]
 [-0.01317538  0.05825561  1.0838559 ]
 [ 0.058431    0.02395082  1.1955155 ]
 [-0.01065396  0.07551301  1.253781  ]
 [ 0.05304353  0.13175449  1.0032166 ]
 [ 0.22474313  0.18196094  0.83617204]
 [ 0.35237825  0.07936434  0.7721766 ]
 [-0.09831659  0.00359359  1.0674018 ]
 [-0.31236178 -0.12080318  1.2122912 ]
 [-0.44978875 -0.20954347  1.3454354 ]]
[[ 0.          0.          0.6606215 ]
 [-0.00493755 -0.07223817  0.6767431 ]
 [ 0.16925287 -0.1092221   0.43166214]
 [ 0.13144222 -0.18943197  0.04734731]
 [ 0.32910782 -0.15805203  0.        ]
 [ 0.00487286  0.07206231  0.644471  ]
 [ 0.04298846  0.01428419  0.3022973 ]
 [-0.39873707 -0.22467361  0.392093  ]
 [-0.51641357 -0.18174249  0.4345215 ]
 [-0.01216091  0.04353106  0.87740356]
 [-0.02079318  0.07402968  1.1383744 ]
 [ 0.05026916  0.03973889  1.2555044 ]
 [-0.03130919  0.09263277  1.3085799 ]
 [ 0.03591453  0.16004777  1.044295  ]
 [ 0.18307757  0.24410644  0.8669439 ]
 [ 0.27465785  0.17265671  0.7771825 ]
 [-0.10655105  0.00753805  1.1300744 ]
 [-0.27487335 -0.13677734  1.3290833 ]
 [-0.3931005  -0.17847574  1.5049396 ]]
[[ 0.          0.          0.65852237]
 [-0.0191387  -0.07215742  0.66797894]
 [ 0.05454579 -0.15497509  0.40793806]
 [-0.09988423 -0.159379    0.08492118]
 [ 0.03436195 -0.11641103  0.        ]
 [ 0.01903911  0.07192667  0.648993  ]
 [ 0.24596843 -0.06822282  0.44401163]
 [-0.19737191 -0.23447958  0.43110543]
 [-0.30761307 -0.17666152  0.41001266]
 [-0.0239497   0.04247279  0.86787856]
 [-0.03554561  0.07434389  1.1290311 ]
 [ 0.04110131  0.0420866   1.2521902 ]
 [-0.05400255  0.08713037  1.3062264 ]
 [-0.01521284  0.1812706   1.0288619 ]
 [ 0.053604    0.31802142  0.86173326]
 [ 0.18958648  0.35331774  0.74025667]
 [-0.09542345 -0.01642993  1.1226563 ]
 [-0.20597458 -0.18121779  1.4096665 ]
 [-0.2176709  -0.18648767  1.6071968 ]]
[[ 0.          0.          0.49782696]
 [-0.04488277 -0.0827659   0.49753082]
 [-0.06045836 -0.14309582  0.23795438]
 [-0.3372999  -0.07798856  0.11327821]
 [-0.33128083  0.00206217  0.        ]
 [ 0.04477524  0.08251397  0.4979963 ]
 [ 0.3484321  -0.12710276  0.45765153]
 [ 0.11551169 -0.29312384  0.1739575 ]
 [ 0.20373464 -0.3192301   0.10248214]
 [-0.01756953  0.03315413  0.71131843]
 [-0.03163248  0.06382364  0.97075   ]
 [ 0.0745123   0.04020733  1.0764358 ]
 [-0.01406041  0.06782752  1.1525466 ]
 [-0.03513084  0.19003063  0.8726248 ]
 [-0.07368891  0.33977935  0.72839034]
 [-0.02340293  0.503547    0.6424468 ]
 [-0.0507403  -0.06371596  0.9744186 ]
 [-0.00808997 -0.24259508  1.2096001 ]
 [ 0.06973109 -0.21617627  1.3862723 ]]
[[ 0.          0.          0.32860646]
 [-0.04141231 -0.06058238  0.33502743]
 [-0.13390684 -0.16345014  0.10217831]
 [-0.45067042 -0.21132533  0.0485824 ]
 [-0.52092683 -0.13733944  0.        ]
 [ 0.04131004  0.060333    0.32204893]
 [ 0.36086798 -0.08430931  0.3276561 ]
 [ 0.37449506 -0.317235    0.0204798 ]
 [ 0.49194652 -0.3672071   0.03150329]
 [-0.00262323  0.01525155  0.5493629 ]
 [-0.01229128  0.03511298  0.8053453 ]
 [ 0.09688789  0.00994897  0.90266764]
 [ 0.02512469  0.03161919  0.9846188 ]
 [-0.02435534  0.15560398  0.7282441 ]
 [-0.10714903  0.3220826   0.62757933]
 [-0.03335916  0.49502826  0.6498796 ]
 [-0.0090845  -0.0848003   0.7955327 ]
 [ 0.0997698  -0.26056737  0.9555967 ]
 [ 0.26413536 -0.2124371   1.0978236 ]]
[[ 0.          0.          0.24471745]
 [-0.03843169 -0.05128339  0.25990158]
 [-0.13220294 -0.17525172  0.07672903]
 [-0.4233963  -0.2909882   0.01995087]
 [-0.51408195 -0.23075277  0.02538809]
 [ 0.03833029  0.0510446   0.22940877]
 [ 0.35260928 -0.07982364  0.21895678]
 [ 0.49014878 -0.37387553  0.        ]
 [ 0.60722506 -0.43291077  0.04892486]
 [ 0.01104981  0.00735158  0.46531692]
 [ 0.01705995  0.0172756   0.71804345]
 [ 0.1288912  -0.00831753  0.80012643]
 [ 0.07993492  0.01068962  0.8935646 ]
 [ 0.01009593  0.13066155  0.651263  ]
 [-0.04818022  0.29267848  0.59414804]
 [ 0.08520676  0.4610058   0.6670413 ]
 [ 0.01905007 -0.08939639  0.7043254 ]
 [ 0.15322296 -0.25880995  0.82778823]
 [ 0.34611976 -0.22469136  0.9453552 ]]
[[ 0.          0.          0.21020263]
 [-0.03705285 -0.04842786  0.23233809]
 [-0.0610165  -0.21731776  0.10620338]
 [-0.35778427 -0.34124118  0.        ]
 [-0.45010364 -0.28795618  0.02573729]
 [ 0.03693256  0.04822906  0.18796755]
 [ 0.36755258 -0.09068899  0.16968909]
 [ 0.5535162  -0.42618117  0.00396004]
 [ 0.67376983 -0.48838466  0.08410564]
 [ 0.01998323  0.0103506   0.43034047]
 [ 0.04929261  0.02360222  0.6821468 ]
 [ 0.16639641 -0.01129752  0.7506798 ]
 [ 0.13573585  0.0052622   0.8529256 ]
 [ 0.05328013  0.13207495  0.6221358 ]
 [ 0.06650491  0.24762094  0.6317628 ]
 [ 0.2115138   0.3823669   0.6841168 ]
 [ 0.04106678 -0.07994306  0.66663295]
 [ 0.19504827 -0.26548287  0.7691086 ]
 [ 0.39418706 -0.2401847   0.8844052 ]]
[[ 0.          0.          0.16019484]
 [-0.04699486 -0.04577243  0.19742766]
 [ 0.05609328 -0.30099174  0.11750093]
 [-0.29396468 -0.4024193   0.00460991]
 [-0.3628811  -0.37996125  0.01817718]
 [ 0.04685343  0.04559644  0.12288665]
 [ 0.3752305  -0.10918589  0.13968524]
 [ 0.62173784 -0.44908473  0.        ]
 [ 0.7384045  -0.5147301   0.09067148]
 [ 0.04939999  0.00896524  0.37072706]
 [ 0.10935535  0.03080386  0.61154085]
 [ 0.2193617  -0.01615325  0.67514753]
 [ 0.20906799  0.00320476  0.7714367 ]
 [ 0.13382146  0.12978756  0.54811704]
 [ 0.24213016  0.20035428  0.57935846]
 [ 0.40921205  0.2872517   0.62676847]
 [ 0.0776566  -0.05999207  0.61138177]
 [ 0.23008472 -0.24422723  0.68032944]
 [ 0.4294936  -0.21557099  0.8140204 ]]
[[ 0.          0.          0.13977307]
 [-0.0555894  -0.04694071  0.18247086]
 [ 0.05880114 -0.35304812  0.15653706]
 [-0.23459186 -0.53689224  0.        ]
 [-0.25769582 -0.56554866  0.01579553]
 [ 0.05545287  0.04680615  0.09703001]
 [ 0.385994   -0.11240711  0.12989825]
 [ 0.67537856 -0.45209715  0.00466014]
 [ 0.78655434 -0.5171565   0.10745727]
 [ 0.07018694  0.00367485  0.34185284]
 [ 0.15780258  0.03495291  0.5625139 ]
 [ 0.2554928  -0.01516253  0.6138744 ]
 [ 0.2572991   0.00156265  0.70565885]
 [ 0.19530039  0.12001827  0.493971  ]
 [ 0.3225336   0.1201722   0.47583184]
 [ 0.46602827  0.14737931  0.5277252 ]
 [ 0.10427825 -0.04762015  0.5710732 ]
 [ 0.24302787 -0.2268644   0.61160743]
 [ 0.42494786 -0.21371368  0.755377  ]]
[[ 0.          0.          0.1218752 ]
 [-0.06168241 -0.04277698  0.16825232]
 [ 0.03162873 -0.37193638  0.16804901]
 [-0.09846593 -0.7285577   0.04515633]
 [-0.0634156  -0.81631684  0.06342939]
 [ 0.06156456  0.04265117  0.07547162]
 [ 0.3827532  -0.13419071  0.14622234]
 [ 0.67617184 -0.47328004  0.        ]
 [ 0.78777504 -0.5473586   0.10401225]
 [ 0.10383111  0.01451451  0.29978067]
 [ 0.23165877  0.05589581  0.49160814]
 [ 0.31584412  0.01216063  0.53328407]
 [ 0.34089175  0.03025791  0.6135845 ]
 [ 0.2740619   0.11859015  0.4143878 ]
 [ 0.38885534  0.08131358  0.35772175]
 [ 0.5637373   0.022562    0.44300893]
 [ 0.16182712 -0.01206976  0.5099242 ]
 [ 0.20403917 -0.17730431  0.49104783]
 [ 0.31105894 -0.20709065  0.5638828 ]]
[[ 0.          0.          0.15625924]
 [-0.06771147 -0.04607489  0.20272045]
 [ 0.09660619 -0.35563904  0.29202318]
 [ 0.05592981 -0.74279284  0.1344623 ]
 [ 0.14595872 -0.8520906   0.17450249]
 [ 0.06761243  0.04597598  0.10979682]
 [ 0.36657768 -0.15639773  0.20102797]
 [ 0.59621334 -0.47786283  0.        ]
 [ 0.70839536 -0.5546814   0.08850989]
 [ 0.12392353  0.04440647  0.3107917 ]
 [ 0.27903277  0.1193305   0.47394848]
 [ 0.3543804   0.07065886  0.50372154]
 [ 0.39904314  0.10324469  0.5812099 ]
 [ 0.33382082  0.15802297  0.3775341 ]
 [ 0.42437333  0.05473725  0.23836541]
 [ 0.5861186  -0.03365552  0.31159666]
 [ 0.17794266  0.05801231  0.5088757 ]
 [ 0.0783991  -0.09655088  0.48855057]
 [ 0.05139554 -0.16510439  0.51628125]]
[[ 0.          0.          0.17393047]
 [-0.06476038 -0.04449465  0.21775717]
 [ 0.13363454 -0.31979093  0.3257302 ]
 [ 0.10055929 -0.7079366   0.18440509]
 [ 0.26017952 -0.8246554   0.1946559 ]
 [ 0.06469795  0.0444006   0.13010375]
 [ 0.35028738 -0.17379272  0.24875128]
 [ 0.48853093 -0.4732771   0.        ]
 [ 0.60860014 -0.5528469   0.05212134]
 [ 0.13317406  0.07383607  0.30746368]
 [ 0.3000275   0.16607365  0.45278844]
 [ 0.37493092  0.12365657  0.47636515]
 [ 0.41517517  0.15606233  0.551425  ]
 [ 0.3525844   0.19497101  0.34917143]
 [ 0.43546146  0.08076525  0.15841663]
 [ 0.58432925 -0.0031744   0.24836087]
 [ 0.19128121  0.12011057  0.496685  ]
 [ 0.00634268  0.02195606  0.4881625 ]
 [-0.14142588 -0.01457131  0.48495495]]
[[ 0.          0.          0.12187946]
 [-0.07138609 -0.03666105  0.17174754]
 [ 0.13642925 -0.30813834  0.3120848 ]
 [ 0.03670722 -0.68928015  0.15558827]
 [ 0.23436898 -0.8150277   0.1108619 ]
 [ 0.07131337  0.03653498  0.07199494]
 [ 0.36033762 -0.2157314   0.24005795]
 [ 0.41785604 -0.5389858   0.        ]
 [ 0.52516174 -0.6365001   0.04482475]
 [ 0.13245247  0.09233027  0.24178539]
 [ 0.2929663   0.21696691  0.37778234]
 [ 0.34684962  0.17535657  0.40808457]
 [ 0.40423334  0.21426067  0.474939  ]
 [ 0.3522223   0.22862647  0.27200353]
 [ 0.41717678  0.08620375  0.1157462 ]
 [ 0.6003127   0.05535448  0.19725394]
 [ 0.17705382  0.1783435   0.4185785 ]
 [-0.02009625  0.06663954  0.41857243]
 [-0.16510135  0.0155797   0.43006214]]
[[ 0.          0.          0.08962899]
 [-0.073094   -0.03106735  0.14185736]
 [ 0.06514522 -0.31591618  0.33123374]
 [-0.20906946 -0.61076427  0.2182203 ]
 [ 0.0372048  -0.7511542   0.11789453]
 [ 0.07304669  0.03089234  0.03736685]
 [ 0.3582223  -0.21964106  0.22213846]
 [ 0.32099354 -0.49768502  0.        ]
 [ 0.4005375  -0.58985204  0.10673636]
 [ 0.09317063  0.13714771  0.1877306 ]
 [ 0.21698713  0.3128537   0.3032238 ]
 [ 0.2690079   0.27391556  0.34419847]
 [ 0.29635528  0.3336341   0.40861017]
 [ 0.28512362  0.30007884  0.19786125]
 [ 0.36136732  0.13877797  0.06771502]
 [ 0.5335221   0.15420127  0.19070765]
 [ 0.10087451  0.27584133  0.3382679 ]
 [-0.13054423  0.16793817  0.3793593 ]
 [-0.3135754   0.13715652  0.43821597]]
[[ 0.          0.          0.09214048]
 [-0.08183756 -0.0242518   0.14833397]
 [ 0.20005536 -0.3595934   0.34936607]
 [-0.02912316 -0.62640756  0.14791219]
 [ 0.02113163 -0.75291026  0.13108121]
 [ 0.08177727  0.02414159  0.03589594]
 [ 0.36929995 -0.21478245  0.20686361]
 [ 0.1946752  -0.51432896  0.00632344]
 [ 0.30257386 -0.6151688   0.07292105]
 [ 0.07997087  0.17014045  0.12534063]
 [ 0.19567142  0.39013183  0.17715125]
 [ 0.23343642  0.37388134  0.23515718]
 [ 0.2769908   0.44126993  0.28022784]
 [ 0.27384517  0.33963344  0.07945175]
 [ 0.32488808  0.12762913  0.        ]
 [ 0.48330128  0.18902797  0.11789794]
 [ 0.05941207  0.35742545  0.2171665 ]
 [-0.18423757  0.22576135  0.31202674]
 [-0.3218239   0.17500123  0.42067575]]
[[ 0.          0.          0.12553182]
 [-0.07910065 -0.01701546  0.176941  ]
 [ 0.17267263 -0.3346222   0.4069227 ]
 [-0.1501478  -0.5719342   0.2698818 ]
 [-0.05722803 -0.71719885  0.23603353]
 [ 0.07904388  0.01688112  0.07408164]
 [ 0.3778934  -0.18440369  0.19670004]
 [ 0.18858168 -0.4454745   0.06923154]
 [ 0.2450006  -0.5296152   0.10582179]
 [ 0.04474918  0.18173987  0.12214041]
 [ 0.12954213  0.42205855  0.12789255]
 [ 0.20615286  0.41946936  0.16111556]
 [ 0.20973516  0.49589562  0.19540378]
 [ 0.21165632  0.37552786  0.04877511]
 [ 0.29767692  0.19039272  0.        ]
 [ 0.41316408  0.30748725  0.10192347]
 [-0.00311939  0.38617113  0.17330265]
 [-0.21421707  0.23959851  0.28507423]
 [-0.27513808  0.12721846  0.40451944]]
[[ 0.          0.          0.10591541]
 [-0.07514758 -0.00884569  0.1631256 ]
 [ 0.17830288 -0.3432157   0.39680094]
 [-0.17535543 -0.58113617  0.28627187]
 [-0.10804115 -0.71768045  0.29959774]
 [ 0.07509355  0.00874512  0.04868251]
 [ 0.3322174  -0.2209177   0.18237019]
 [ 0.05995539 -0.48763207  0.06162138]
 [ 0.11534995 -0.5851524   0.13826628]
 [ 0.02091699  0.19482204  0.1021048 ]
 [ 0.08026521  0.438985    0.10044162]
 [ 0.12918967  0.45880264  0.12753005]
 [ 0.15053998  0.53216964  0.14719807]
 [ 0.16223949  0.3935405   0.01648162]
 [ 0.27025816  0.22687145  0.        ]
 [ 0.38182348  0.38948965  0.09826939]
 [-0.0406564   0.4012264   0.16520442]
 [-0.22478533  0.25785452  0.29213083]
 [-0.2557286   0.07916233  0.3836835 ]]
[[ 0.          0.          0.11153859]
 [-0.07480793 -0.00523336  0.17056769]
 [ 0.17335853 -0.33879036  0.37076145]
 [-0.16951889 -0.5793655   0.26121715]
 [-0.13727392 -0.7037587   0.286551  ]
 [ 0.07475139  0.00514149  0.05249123]
 [ 0.32653838 -0.20764248  0.20283264]
 [ 0.04641384 -0.5337125   0.10200122]
 [ 0.06825837 -0.6270149   0.17927986]
 [ 0.00495245  0.20216985  0.09860492]
 [ 0.04170058  0.45214337  0.08822778]
 [ 0.09320592  0.4853707   0.09814718]
 [ 0.1116633   0.555124    0.12633145]
 [ 0.11666295  0.41757333  0.        ]
 [ 0.22501974  0.284534    0.00250065]
 [ 0.3455277   0.45998317  0.09455431]
 [-0.06545003  0.40541214  0.15648705]
 [-0.1910106   0.24878845  0.28187448]
 [-0.22150615  0.03767312  0.34869915]]
[[ 0.          0.          0.14181845]
 [-0.08359758 -0.00776274  0.19554518]
 [ 0.1368576  -0.36288604  0.32176667]
 [-0.08705163 -0.6499478   0.143652  ]
 [-0.03900383 -0.76427174  0.16954629]
 [ 0.08353791  0.00768059  0.08806915]
 [ 0.32238537 -0.2321992   0.27312404]
 [ 0.02475983 -0.5575777   0.17534079]
 [ 0.02277049 -0.6420661   0.20034914]
 [ 0.00245345  0.20617428  0.10661687]
 [ 0.02668446  0.46095657  0.08592124]
 [ 0.0896371   0.49541217  0.0795411 ]
 [ 0.10149439  0.57549417  0.11547939]
 [ 0.09742288  0.4415087   0.00301819]
 [ 0.20545456  0.33959526  0.        ]
 [ 0.34415302  0.46859598  0.05803426]
 [-0.07221521  0.4061113   0.15481116]
 [-0.12995471  0.24155901  0.26387104]
 [-0.11667067  0.0933437   0.33339763]]
[[ 0.          0.          0.14492935]
 [-0.05297803 -0.00863054  0.21408099]
 [ 0.23151124 -0.34226152  0.352987  ]
 [-0.14381006 -0.5343584   0.36504605]
 [-0.15880235 -0.6373512   0.45059696]
 [ 0.05292586  0.00860067  0.07576589]
 [ 0.3183809  -0.15402688  0.15376313]
 [ 0.07463133 -0.47595927  0.09111595]
 [ 0.08132422 -0.557363    0.18340921]
 [-0.03366676  0.20131786  0.13907172]
 [-0.04286656  0.4487262   0.13545549]
 [ 0.03291264  0.49849707  0.11903939]
 [ 0.02979887  0.58750343  0.15452361]
 [-0.00174855  0.45393193  0.04831108]
 [ 0.12639885  0.41254035  0.        ]
 [ 0.2631873   0.5882224   0.01910788]
 [-0.08574516  0.37644908  0.21190259]
 [-0.03248538  0.19947661  0.27080235]
 [ 0.09489574  0.11621393  0.24492133]]
[[ 0.          0.          0.19196105]
 [-0.03302042 -0.01305996  0.26019466]
 [ 0.2647118  -0.33850405  0.35109082]
 [-0.07852928 -0.5843051   0.41680315]
 [-0.08309858 -0.6842791   0.48753998]
 [ 0.03298496  0.01305924  0.12371947]
 [ 0.3039296  -0.09008399  0.14680687]
 [ 0.09764352 -0.40891787  0.12709498]
 [ 0.10263935 -0.47769335  0.18570048]
 [-0.02507828  0.20587313  0.19184992]
 [-0.03082941  0.45480737  0.18999249]
 [ 0.03517327  0.5184728   0.15844628]
 [ 0.04345548  0.60389537  0.19403154]
 [-0.01829647  0.47302157  0.11049467]
 [ 0.10168622  0.5221809   0.01160747]
 [ 0.238828    0.6590082   0.        ]
 [-0.03205208  0.37448058  0.26587978]
 [ 0.08513941  0.23346359  0.2531293 ]
 [ 0.19979388  0.24121492  0.19304287]]
[[ 0.          0.          0.26660514]
 [-0.00600274 -0.02210705  0.33432087]
 [ 0.32463747 -0.31348616  0.35684675]
 [-0.00737619 -0.59286165  0.4581507 ]
 [-0.00984854 -0.6790086   0.5175085 ]
 [ 0.00596858  0.02212998  0.19888768]
 [ 0.32001394 -0.09277453  0.21740586]
 [ 0.03913638 -0.4373102   0.1910561 ]
 [ 0.02005002 -0.4999163   0.2579874 ]
 [-0.01275462  0.21184656  0.27330434]
 [-0.01171532  0.4606427   0.2813301 ]
 [ 0.04815257  0.53257036  0.23459855]
 [ 0.05710775  0.6108711   0.2820403 ]
 [-0.02531816  0.48072338  0.20802248]
 [ 0.04618303  0.54662955  0.06190693]
 [ 0.19315189  0.6524098   0.        ]
 [ 0.01752413  0.37577134  0.3461506 ]
 [ 0.14007115  0.23780608  0.27624196]
 [ 0.24791378  0.2564332   0.1741298 ]]
[[ 0.          0.          0.2959272 ]
 [ 0.01756239 -0.02463783  0.36656827]
 [ 0.33156547 -0.30630195  0.34067342]
 [ 0.03483945 -0.67155504  0.48828313]
 [ 0.06685653 -0.7596704   0.5221207 ]
 [-0.01757694  0.02467237  0.22527432]
 [ 0.33117002 -0.0027889   0.20908904]
 [ 0.07306838 -0.308276    0.20589152]
 [ 0.02015799 -0.32134312  0.19778922]
 [ 0.00156973  0.21224658  0.33022964]
 [ 0.01397806  0.4572911   0.36883488]
 [ 0.07597695  0.51951414  0.31525293]
 [ 0.07486638  0.59061253  0.37234196]
 [-0.0381736   0.48108673  0.2982337 ]
 [-0.02402645  0.5616871   0.10145399]
 [ 0.12118174  0.65218586  0.        ]
 [ 0.08067607  0.37246376  0.42005923]
 [ 0.18064988  0.2547051   0.27175403]
 [ 0.27802646  0.33207402  0.14319709]]
[[ 0.          0.          0.30456552]
 [ 0.03583603 -0.03107414  0.3757502 ]
 [ 0.33404434 -0.23739928  0.31766996]
 [ 0.11921871 -0.6573981   0.4575823 ]
 [ 0.18239155 -0.72181433  0.4543505 ]
 [-0.03583964  0.03108162  0.23335552]
 [ 0.3267652   0.02810879  0.16977732]
 [ 0.00338079 -0.24326327  0.18691462]
 [-0.07523113 -0.23786062  0.1857521 ]
 [ 0.0126846   0.21326506  0.35746968]
 [ 0.03555177  0.46031877  0.4140253 ]
 [ 0.09333736  0.52928054  0.3594379 ]
 [ 0.09408276  0.5885091   0.41964158]
 [-0.04197176  0.48829943  0.35426494]
 [-0.08178079  0.5647961   0.1384443 ]
 [ 0.05702439  0.6608277   0.        ]
 [ 0.11946143  0.37832355  0.44901982]
 [ 0.17379831  0.29116154  0.27324277]
 [ 0.26374733  0.3899231   0.11634849]]
[[ 0.          0.          0.3252262 ]
 [ 0.04474089 -0.02998391  0.3908928 ]
 [ 0.32542443 -0.1522882   0.29562715]
 [ 0.21289986 -0.620355    0.40967378]
 [ 0.3312208  -0.6671426   0.39615703]
 [-0.04474904  0.02998091  0.2595301 ]
 [ 0.29337803  0.05670187  0.15177327]
 [-0.0407443  -0.21048605  0.18778765]
 [-0.13017306 -0.17674693  0.16015708]
 [ 0.01962107  0.20731197  0.39916593]
 [ 0.04734736  0.45193776  0.4808765 ]
 [ 0.10243382  0.52228314  0.43206513]
 [ 0.09381008  0.566393    0.49496424]
 [-0.04895571  0.4804923   0.42954648]
 [-0.11757174  0.5415627   0.19384041]
 [-0.02710515  0.61647445  0.        ]
 [ 0.14469153  0.37409908  0.5011452 ]
 [ 0.17179263  0.3295448   0.2963651 ]
 [ 0.19172655  0.44723132  0.11036089]]
[[ 0.          0.          0.32337224]
 [ 0.05741774 -0.03706247  0.37050655]
 [ 0.33071107 -0.07950193  0.2648388 ]
 [ 0.28013247 -0.5518322   0.34694937]
 [ 0.40949613 -0.5706882   0.31926847]
 [-0.05742772  0.03703566  0.27619702]
 [ 0.2814787   0.09215806  0.11610568]
 [-0.06640092 -0.19218743  0.17186174]
 [-0.14149117 -0.14463091  0.14049259]
 [ 0.02854377  0.20525607  0.40217242]
 [ 0.06441156  0.44677877  0.49315405]
 [ 0.11434898  0.52802366  0.45142472]
 [ 0.10689472  0.55896944  0.5152164 ]
 [-0.04379416  0.479066    0.45409465]
 [-0.11624324  0.5623415   0.21093047]
 [-0.04815325  0.6406296   0.        ]
 [ 0.16692129  0.37982842  0.5004512 ]
 [ 0.16857786  0.36743924  0.28381386]
 [ 0.17140068  0.48926136  0.09159905]]
[[ 0.          0.          0.31037787]
 [ 0.064071   -0.04285566  0.35486653]
 [ 0.3290124  -0.03790408  0.24739045]
 [ 0.30190948 -0.50601006  0.28035626]
 [ 0.4153248  -0.51047945  0.2316882 ]
 [-0.06409268  0.04279831  0.26583272]
 [ 0.2621772   0.13684906  0.07989897]
 [-0.08581957 -0.16324064  0.13911673]
 [-0.15187772 -0.09529638  0.09332846]
 [ 0.03247382  0.20314133  0.40027478]
 [ 0.07540238  0.4421428   0.5001024 ]
 [ 0.12105759  0.5242844   0.46624562]
 [ 0.11472853  0.545091    0.52950335]
 [-0.04006098  0.47863752  0.4680545 ]
 [-0.11488968  0.5632      0.22119394]
 [-0.06931072  0.63340193  0.        ]
 [ 0.18154378  0.37801087  0.49757466]
 [ 0.1722105   0.38183224  0.27292013]
 [ 0.16386136  0.5216066   0.09358624]]
[[ 0.          0.          0.3035177 ]
 [ 0.06505366 -0.04248844  0.34954286]
 [ 0.31743288 -0.00883138  0.23708194]
 [ 0.31580877 -0.47500253  0.20620754]
 [ 0.4325421  -0.46375328  0.15586212]
 [-0.06508376  0.04241983  0.25743133]
 [ 0.22109234  0.14576234  0.03805396]
 [-0.11951767 -0.15607455  0.11194925]
 [-0.19040665 -0.08029926  0.05377498]
 [ 0.03277944  0.20201851  0.40136147]
 [ 0.07753851  0.43891013  0.5102139 ]
 [ 0.12348348  0.5220782   0.48069918]
 [ 0.11528155  0.53824335  0.54720175]
 [-0.04362974  0.4772498   0.48171693]
 [-0.12708083  0.5606665   0.23204184]
 [-0.09290916  0.6332759   0.        ]
 [ 0.18720183  0.37478882  0.50063837]
 [ 0.1662276   0.38532317  0.27446932]
 [ 0.1503291   0.5391036   0.09277782]]
[[ 0.          0.          0.2926542 ]
 [ 0.0679321  -0.0410965   0.33372566]
 [ 0.3161281   0.03501661  0.23594856]
 [ 0.32586312 -0.42412123  0.15005845]
 [ 0.45250815 -0.39440817  0.09618106]
 [-0.0679608   0.04102649  0.25152355]
 [ 0.19470488  0.16139379  0.0078131 ]
 [-0.13956338 -0.13532913  0.08619645]
 [-0.20757362 -0.06253122  0.02870825]
 [ 0.03354436  0.200148    0.39770526]
 [ 0.08042039  0.43705884  0.5130006 ]
 [ 0.1253718   0.5217473   0.48998317]
 [ 0.11608753  0.53102136  0.555877  ]
 [-0.04381159  0.47681403  0.48774907]
 [-0.13145173  0.5573677   0.23807427]
 [-0.11072463  0.6290777   0.        ]
 [ 0.1923789   0.37574673  0.49994823]
 [ 0.15950382  0.38063878  0.2756071 ]
 [ 0.13207383  0.5201898   0.08899638]]
[[ 0.          0.          0.3077444 ]
 [ 0.07386039 -0.04409206  0.34129506]
 [ 0.32139522  0.07885504  0.24824804]
 [ 0.33910653 -0.36951783  0.11673951]
 [ 0.46390736 -0.31732446  0.05400273]
 [-0.07388778  0.044007    0.27413437]
 [ 0.17226472  0.18302539  0.        ]
 [-0.15978141 -0.13384032  0.0828692 ]
 [-0.2215508  -0.06362236  0.02640074]
 [ 0.03552115  0.2010704   0.4182362 ]
 [ 0.08338263  0.43396494  0.53740096]
 [ 0.12380709  0.52121425  0.5182673 ]
 [ 0.11468823  0.5246545   0.5837015 ]
 [-0.04268852  0.47452375  0.51617366]
 [-0.13539138  0.5524395   0.2598789 ]
 [-0.1282956   0.62085795  0.01600459]
 [ 0.19560793  0.3792205   0.51999784]
 [ 0.1596801   0.39869568  0.29075143]
 [ 0.12673026  0.5345117   0.10815749]]
[[ 0.          0.          0.32995582]
 [ 0.07837968 -0.04278029  0.36280307]
 [ 0.32429     0.10918905  0.2659715 ]
 [ 0.3546223  -0.32811427  0.10574824]
 [ 0.47327495 -0.26102474  0.03527999]
 [-0.07839821  0.04269854  0.29704952]
 [ 0.15092677  0.18894988  0.        ]
 [-0.16921285 -0.14366348  0.09234582]
 [-0.22846028 -0.0741027   0.03003937]
 [ 0.03607403  0.20166072  0.44131035]
 [ 0.08338238  0.4323702   0.56366986]
 [ 0.11997797  0.5223597   0.54862547]
 [ 0.11330815  0.52467585  0.61642987]
 [-0.04476109  0.47236952  0.54408926]
 [-0.14273816  0.5488366   0.28504664]
 [-0.14435136  0.62128717  0.03805479]
 [ 0.19815652  0.379646    0.54261905]
 [ 0.16065782  0.40331948  0.308534  ]
 [ 0.12099746  0.54225624  0.13123378]]
