[[ 0.          0.          0.8436812 ]
 [ 0.01783227 -0.11377135  0.8253057 ]
 [ 0.03847136  0.01067147  0.44148004]
 [-0.11762843  0.05015439  0.08457005]
 [-0.00337309  0.13486284  0.        ]
 [-0.0179835   0.11354256  0.8619841 ]
 [ 0.3290046   0.15430892  0.57993233]
 [ 0.03053903  0.08533895  0.334593  ]
 [ 0.10318136  0.11037761  0.17370552]
 [ 0.07193987  0.00803012  1.0562003 ]
 [ 0.14789553  0.00927272  1.30949   ]
 [ 0.23638497 -0.01798606  1.3814126 ]
 [ 0.16132265 -0.04516041  1.4295402 ]
 [ 0.0511759   0.11630103  1.258761  ]
 [-0.14502001  0.18334764  1.1243649 ]
 [-0.27900517  0.24675775  0.9717293 ]
 [ 0.20487626 -0.10188812  1.2712424 ]
 [ 0.22889252 -0.10587531  0.9910115 ]
 [ 0.3087172  -0.04137795  0.7901404 ]]
[[ 0.00000000e+00  0.00000000e+00  7.60271370e-01]
 [ 2.04960182e-02 -1.17718205e-01  7.38173842e-01]
 [-9.18074278e-04  3.14982831e-02  3.44667047e-01]
 [-2.33251959e-01  6.08555675e-02  9.71814990e-02]
 [-1.57696992e-01  1.72442138e-01  0.00000000e+00]
 [-2.06210613e-02  1.17489934e-01  7.82277465e-01]
 [ 3.33486944e-01  1.37727112e-01  5.38482666e-01]
 [ 1.64304644e-01  9.54406261e-02  1.47990465e-01]
 [ 2.93555319e-01  9.56252813e-02  4.40420508e-02]
 [ 6.95738420e-02  6.06520474e-03  9.77364063e-01]
 [ 1.49684995e-01  2.17253864e-02  1.22952032e+00]
 [ 2.40983158e-01 -8.34953785e-03  1.28904605e+00]
 [ 1.72231555e-01 -2.37246156e-02  1.34309363e+00]
 [ 4.85864058e-02  1.29140794e-01  1.18731630e+00]
 [-1.85272783e-01  2.07492054e-01  1.12766635e+00]
 [-3.31921786e-01  2.76631445e-01  9.64287877e-01]
 [ 2.17884928e-01 -9.79873836e-02  1.20122290e+00]
 [ 2.62858391e-01 -1.04188830e-01  9.17889714e-01]
 [ 3.90114725e-01  4.32418212e-02  8.47823739e-01]]
[[ 0.          0.          0.7288887 ]
 [ 0.02234409 -0.11655617  0.70778954]
 [-0.04185915 -0.00537822  0.29985267]
 [-0.3766544  -0.00409156  0.17054296]
 [-0.37136003  0.10519409  0.07123339]
 [-0.02244694  0.11636367  0.7498868 ]
 [ 0.2959681   0.13012594  0.48660582]
 [ 0.29518256  0.16010141  0.04063457]
 [ 0.44807577  0.14989424  0.        ]
 [ 0.05659115  0.00350954  0.9516631 ]
 [ 0.12826538  0.02742079  1.2059491 ]
 [ 0.21511061  0.00223243  1.2633917 ]
 [ 0.15778473  0.00135273  1.3213738 ]
 [ 0.02966323  0.13698566  1.1671033 ]
 [-0.20737547  0.2225174   1.1376158 ]
 [-0.32476974  0.27091908  0.9458531 ]
 [ 0.20235959 -0.10154122  1.1802957 ]
 [ 0.23838687 -0.1391451   0.8993145 ]
 [ 0.37554032  0.03775714  0.94766855]]
[[ 0.          0.          0.7367233 ]
 [ 0.02559821 -0.11365204  0.71430576]
 [-0.0078207  -0.03077704  0.2974285 ]
 [-0.41818118 -0.04132006  0.2602896 ]
 [-0.45104852  0.05393243  0.15870184]
 [-0.02569635  0.11347324  0.75903666]
 [ 0.27100456  0.16709472  0.46830097]
 [ 0.32228026  0.21342641  0.02015507]
 [ 0.47282535  0.20543087  0.        ]
 [ 0.05142114  0.00166787  0.95801973]
 [ 0.11914255  0.0253258   1.213099  ]
 [ 0.20394021  0.00297254  1.2824649 ]
 [ 0.1482527   0.00187218  1.3327538 ]
 [ 0.02447543  0.13629997  1.1690682 ]
 [-0.18832126  0.25286496  1.12032   ]
 [-0.25495028  0.29825234  0.9238756 ]
 [ 0.19287525 -0.10680866  1.1877463 ]
 [ 0.19692555 -0.178586    0.9143818 ]
 [ 0.32760483 -0.00661081  0.9361314 ]]
[[ 0.0000000e+00  0.0000000e+00  7.6873875e-01]
 [ 2.8760657e-02 -1.1258985e-01  7.4584538e-01]
 [ 5.0571516e-02 -6.6051513e-02  3.3161229e-01]
 [-3.9336127e-01 -7.9499483e-02  3.4749278e-01]
 [-4.5477229e-01 -1.0076761e-03  2.6694012e-01]
 [-2.8853498e-02  1.1239751e-01  7.9152793e-01]
 [ 2.3711599e-01  1.9845283e-01  4.8065954e-01]
 [ 2.7608827e-01  2.6317751e-01  3.3127785e-02]
 [ 4.2658883e-01  2.6048142e-01  0.0000000e+00]
 [ 5.1890112e-02  4.6241879e-03  9.8778605e-01]
 [ 1.2003194e-01  2.8075665e-02  1.2444928e+00]
 [ 2.0309207e-01  2.9876232e-03  1.3237547e+00]
 [ 1.4120606e-01 -5.2668452e-03  1.3690691e+00]
 [ 3.1902231e-02  1.4543593e-01  1.1929297e+00]
 [-1.3989112e-01  2.9744536e-01  1.1072118e+00]
 [-1.3532749e-01  3.4098986e-01  9.1576570e-01]
 [ 1.9288832e-01 -1.0977551e-01  1.2185650e+00]
 [ 1.5151408e-01 -1.9274166e-01  9.5678782e-01]
 [ 2.6657477e-01 -6.0306866e-02  8.9244616e-01]]
[[ 0.00000000e+00  0.00000000e+00  8.12640011e-01]
 [ 3.08996290e-02 -1.10286430e-01  7.91403294e-01]
 [ 1.61512017e-01 -5.78837097e-02  4.11252737e-01]
 [-2.95980662e-01 -4.20782566e-02  4.46323007e-01]
 [-3.57957900e-01  3.79523039e-02  3.50499332e-01]
 [-3.10124308e-02  1.10077046e-01  8.33770037e-01]
 [ 1.97433844e-01  2.15640992e-01  5.05140066e-01]
 [ 1.78247988e-01  2.65818417e-01  6.65004849e-02]
 [ 3.20336938e-01  2.78240144e-01  0.00000000e+00]
 [ 5.22269383e-02  9.28853452e-03  1.03092039e+00]
 [ 1.18865758e-01  3.77848744e-02  1.28833127e+00]
 [ 2.00227752e-01  1.06057525e-02  1.37242305e+00]
 [ 1.35347813e-01 -7.25984573e-05  1.41438746e+00]
 [ 3.88952270e-02  1.56945258e-01  1.22714972e+00]
 [-8.17777365e-02  3.04817289e-01  1.08465123e+00]
 [-4.05672193e-03  3.53006124e-01  9.40173209e-01]
 [ 1.87807053e-01 -1.00455493e-01  1.26350212e+00]
 [ 1.14173830e-01 -1.82950780e-01  1.01563740e+00]
 [ 1.63217634e-01 -1.28013402e-01  8.78468335e-01]]
[[ 0.00000000e+00  0.00000000e+00  8.28615785e-01]
 [ 3.06684971e-02 -1.10797450e-01  8.10482562e-01]
 [ 2.92442501e-01 -2.80508399e-03  5.18910050e-01]
 [-1.48152158e-01 -9.37044621e-04  4.95187879e-01]
 [-1.84071779e-01  8.12782049e-02  3.62737060e-01]
 [-3.07939202e-02  1.10529974e-01  8.46642435e-01]
 [ 1.14489637e-01  2.30370402e-01  5.05289197e-01]
 [ 2.61463895e-02  2.57403255e-01  8.36877823e-02]
 [ 1.66604102e-01  2.80325890e-01  0.00000000e+00]
 [ 4.88041118e-02  1.17822438e-02  1.04716444e+00]
 [ 1.08251974e-01  4.03471887e-02  1.30469429e+00]
 [ 1.91897899e-01  1.22253895e-02  1.38752270e+00]
 [ 1.23516858e-01 -3.23247910e-03  1.43416905e+00]
 [ 3.79713029e-02  1.62348360e-01  1.24113441e+00]
 [-5.81002980e-03  2.77159989e-01  1.03919196e+00]
 [ 1.53031036e-01  3.45308930e-01  9.78841901e-01]
 [ 1.73245251e-01 -1.00464016e-01  1.28205204e+00]
 [ 6.67972714e-02 -1.86038032e-01  1.05732238e+00]
 [ 9.07871723e-02 -1.38969362e-01  9.35991049e-01]]
[[ 0.00000000e+00  0.00000000e+00  7.96441197e-01]
 [ 2.45304555e-02 -1.13382049e-01  7.82389283e-01]
 [ 3.65379930e-01  1.34620965e-02  5.81413984e-01]
 [ 3.52384225e-02 -1.46107078e-02  3.26312840e-01]
 [ 8.51115137e-02  3.65870595e-02  1.76422000e-01]
 [-2.46586055e-02  1.13140106e-01  8.10436428e-01]
 [ 1.20759755e-02  2.40400046e-01  4.43377644e-01]
 [-1.69717431e-01  2.67595977e-01  9.76328254e-02]
 [-6.88953549e-02  3.19632769e-01  0.00000000e+00]
 [ 3.85290347e-02  8.13990831e-04  1.02037203e+00]
 [ 9.05247927e-02  1.77248716e-02  1.27887559e+00]
 [ 1.80122480e-01 -8.49926472e-03  1.34802294e+00]
 [ 1.08141616e-01 -1.65093541e-02  1.40860927e+00]
 [ 4.78442684e-02  1.50938749e-01  1.21929562e+00]
 [ 1.13636643e-01  2.26711988e-01  9.86843944e-01]
 [ 2.48359025e-01  1.95089966e-01  1.05715966e+00]
 [ 1.25873595e-01 -1.22505575e-01  1.26328850e+00]
 [-6.15514144e-02 -2.06572801e-01  1.10830140e+00]
 [-9.32408497e-02 -2.29329169e-01  1.00489712e+00]]
[[ 0.00000000e+00  0.00000000e+00  7.37283230e-01]
 [ 2.24039927e-02 -1.18458159e-01  7.30328798e-01]
 [ 3.48704278e-01 -8.03071260e-03  5.42971551e-01]
 [ 2.39001617e-01 -2.84857154e-02  1.50765240e-01]
 [ 3.58039945e-01  1.37189627e-02  7.14684725e-02]
 [-2.24930570e-02  1.18256055e-01  7.44215846e-01]
 [-8.37773681e-02  1.83959916e-01  3.38914096e-01]
 [-3.60764891e-01  1.91511780e-01  1.13548934e-01]
 [-3.17480922e-01  2.40470886e-01  0.00000000e+00]
 [ 2.75415257e-02 -4.69736755e-03  9.66813087e-01]
 [ 7.30994493e-02  1.17695332e-03  1.22704470e+00]
 [ 1.66683197e-01 -2.30713487e-02  1.29079497e+00]
 [ 9.47398245e-02 -3.40501666e-02  1.34547460e+00]
 [ 4.37744632e-02  1.43293023e-01  1.17202866e+00]
 [ 1.59099907e-01  2.08628058e-01  9.36515808e-01]
 [ 2.47949466e-01  1.35429978e-01  1.06183815e+00]
 [ 8.79279971e-02 -1.39856309e-01  1.22112918e+00]
 [-1.48525268e-01 -2.17740059e-01  1.16611695e+00]
 [-2.29167312e-01 -2.58553326e-01  1.05378652e+00]]
[[ 0.          0.          0.6635077 ]
 [ 0.02251067 -0.11585491  0.6609115 ]
 [ 0.33025044 -0.00486235  0.44023874]
 [ 0.35661525  0.01755071  0.02693975]
 [ 0.50941837  0.06586462  0.        ]
 [-0.02258465  0.11566289  0.6660946 ]
 [-0.0839441   0.12757602  0.22887433]
 [-0.46912503  0.0263716   0.14605534]
 [-0.49416578  0.06059891  0.05935049]
 [ 0.02843072 -0.00686978  0.8918768 ]
 [ 0.07944448 -0.00483903  1.1508516 ]
 [ 0.17177027 -0.03133392  1.2159767 ]
 [ 0.09889489 -0.03734922  1.2738343 ]
 [ 0.04581315  0.13162354  1.0948175 ]
 [ 0.14141558  0.20133138  0.8529937 ]
 [ 0.25209224  0.1511164   0.9616215 ]
 [ 0.08655158 -0.1394136   1.1363661 ]
 [-0.13170123 -0.21672758  1.028601  ]
 [-0.19775108 -0.26207167  0.9038079 ]]
[[ 0.          0.          0.66355145]
 [ 0.03034744 -0.10990731  0.66397613]
 [ 0.30787408  0.05842756  0.42756134]
 [ 0.36253387  0.11551893  0.00689256]
 [ 0.51094484  0.16867131  0.        ]
 [-0.03042664  0.10969262  0.66310877]
 [-0.0235035   0.10230583  0.22465897]
 [-0.43357003 -0.06515777  0.22431386]
 [-0.4939847  -0.05601209  0.1624102 ]
 [ 0.0351605  -0.01011905  0.8903253 ]
 [ 0.08962286 -0.01702756  1.1489518 ]
 [ 0.17003056 -0.04317939  1.2238152 ]
 [ 0.09413617 -0.06285298  1.2751651 ]
 [ 0.03105606  0.1143747   1.0933772 ]
 [ 0.07195248  0.20988208  0.8429103 ]
 [ 0.24629135  0.24043384  0.86012685]
 [ 0.11050418 -0.14142805  1.1210473 ]
 [-0.10352827 -0.17661518  0.95595545]
 [-0.1090316  -0.23795624  0.7997446 ]]
[[ 0.00000000e+00  0.00000000e+00  7.29740322e-01]
 [ 2.39013657e-02 -1.10616788e-01  7.31183410e-01]
 [ 2.65500844e-01  7.00331926e-02  4.64067459e-01]
 [ 2.53996670e-01  1.31219089e-01  3.64580154e-02]
 [ 3.94789129e-01  1.88635468e-01  0.00000000e+00]
 [-2.40204930e-02  1.10386185e-01  7.28250742e-01]
 [ 9.70039070e-02  1.21109664e-01  3.20351064e-01]
 [-3.33374679e-01 -2.41270661e-02  3.46059859e-01]
 [-3.95170569e-01 -2.77099609e-02  2.65121371e-01]
 [ 4.25365642e-02 -6.60270452e-05  9.53643203e-01]
 [ 9.47718248e-02 -8.19084048e-03  1.21400332e+00]
 [ 1.73588604e-01 -4.85006571e-02  1.29534650e+00]
 [ 9.20662060e-02 -6.46289587e-02  1.34654331e+00]
 [ 3.58515419e-02  1.21182233e-01  1.15416849e+00]
 [ 2.17014626e-02  2.20843375e-01  9.13827837e-01]
 [ 1.52660564e-01  3.07196558e-01  8.31542134e-01]
 [ 1.09342933e-01 -1.38287663e-01  1.17673433e+00]
 [-2.24308074e-02 -2.12579250e-01  9.64027047e-01]
 [ 6.32908195e-03 -2.35635176e-01  7.69135594e-01]]
[[ 0.          0.          0.76971483]
 [ 0.02201966 -0.10992359  0.7655295 ]
 [ 0.18904236  0.03619936  0.4626606 ]
 [ 0.12595     0.11945468  0.05987322]
 [ 0.25389317  0.18485838  0.        ]
 [-0.02216415  0.10968483  0.7738249 ]
 [ 0.1989888   0.13016543  0.43436044]
 [-0.24401364  0.01439646  0.40997887]
 [-0.26286843  0.02587563  0.28168362]
 [ 0.0426053  -0.0018993   0.9932276 ]
 [ 0.09270389 -0.01306829  1.2550608 ]
 [ 0.17131656 -0.05390298  1.3391382 ]
 [ 0.09020735 -0.06989807  1.3840677 ]
 [ 0.02710511  0.11854807  1.1927389 ]
 [-0.02565116  0.23327112  0.9887827 ]
 [ 0.04195914  0.35318923  0.86339515]
 [ 0.11731425 -0.14237583  1.2183801 ]
 [ 0.01882861 -0.1983659   0.9804284 ]
 [ 0.04902178 -0.20422108  0.80552995]]
[[ 0.          0.          0.76300305]
 [ 0.00733582 -0.12034404  0.7471693 ]
 [ 0.00980635  0.00513989  0.3913337 ]
 [-0.16929412  0.06327915  0.1051026 ]
 [-0.08312054  0.15262765  0.        ]
 [-0.00748724  0.12008742  0.77871823]
 [ 0.29553807  0.1116084   0.5505315 ]
 [-0.00563974  0.03816295  0.23794818]
 [ 0.09897491  0.04177952  0.10297751]
 [ 0.03818727 -0.0020014   0.9887092 ]
 [ 0.08839178 -0.00390291  1.2532167 ]
 [ 0.16512123 -0.03375721  1.3410258 ]
 [ 0.08936882 -0.04170734  1.3860629 ]
 [ 0.01251243  0.12371528  1.2002168 ]
 [-0.16786405  0.22591564  1.0692008 ]
 [-0.20194456  0.2840566   0.871226  ]
 [ 0.12742963 -0.13971454  1.2203038 ]
 [ 0.11260003 -0.20674843  0.95805573]
 [ 0.2345253  -0.09786032  0.9068297 ]]
[[ 0.          0.          0.70505476]
 [ 0.01042828 -0.12049177  0.68586147]
 [-0.01013673  0.01715428  0.3186194 ]
 [-0.292504    0.05853149  0.17840111]
 [-0.27666393  0.16539007  0.05637878]
 [-0.01057025  0.12025112  0.7241148 ]
 [ 0.2895606   0.11827242  0.49678168]
 [ 0.17043206  0.07565892  0.07291555]
 [ 0.31826252  0.0583694   0.        ]
 [ 0.03207658 -0.00925094  0.9329207 ]
 [ 0.07520923 -0.00476435  1.1975688 ]
 [ 0.15122102 -0.02963102  1.2811811 ]
 [ 0.08050518 -0.02909374  1.3287327 ]
 [-0.00283433  0.12325454  1.1535299 ]
 [-0.20295465  0.23232174  1.0689338 ]
 [-0.24131718  0.25870013  0.8513236 ]
 [ 0.1333662  -0.14313805  1.1672382 ]
 [ 0.15165335 -0.1972884   0.8965549 ]
 [ 0.2780581  -0.02798237  0.96043605]]
[[ 0.00000000e+00  0.00000000e+00  7.02412069e-01]
 [ 1.65038407e-02 -1.14638984e-01  6.84733331e-01]
 [ 6.30091131e-03 -2.42033601e-02  2.93798923e-01]
 [-3.72892857e-01 -2.45154798e-02  2.71835804e-01]
 [-4.15305614e-01  7.43559003e-02  1.67976797e-01]
 [-1.66270584e-02  1.14419043e-01  7.19958007e-01]
 [ 2.78513372e-01  1.62551045e-01  4.73706543e-01]
 [ 2.77019173e-01  1.83075190e-01  3.01848054e-02]
 [ 4.30734754e-01  1.71380162e-01  0.00000000e+00]
 [ 3.25526670e-02 -7.34645128e-03  9.29544926e-01]
 [ 7.47609288e-02  5.67495823e-04  1.19297743e+00]
 [ 1.50054753e-01 -2.20166445e-02  1.27843356e+00]
 [ 8.56054127e-02 -1.81132555e-02  1.32429528e+00]
 [-7.91542232e-04  1.25215650e-01  1.14500034e+00]
 [-1.92899972e-01  2.52832830e-01  1.05424583e+00]
 [-1.92856550e-01  2.70992100e-01  8.31748128e-01]
 [ 1.36755109e-01 -1.37738049e-01  1.16308725e+00]
 [ 1.54184967e-01 -2.10879236e-01  8.97558093e-01]
 [ 2.54048437e-01 -3.33354622e-02  9.56064224e-01]]
[[ 0.          0.          0.7308993 ]
 [ 0.02058998 -0.11485136  0.7135238 ]
 [ 0.04578739 -0.06586015  0.31430405]
 [-0.37231767 -0.07515177  0.35609436]
 [-0.44206595  0.00731796  0.271127  ]
 [-0.02070668  0.1146335   0.7481425 ]
 [ 0.24816969  0.19108298  0.4733846 ]
 [ 0.24472955  0.21500605  0.03111738]
 [ 0.4003285   0.21064907  0.        ]
 [ 0.03145185 -0.00381407  0.95671654]
 [ 0.07371546  0.00639594  1.2199727 ]
 [ 0.15261504 -0.01584214  1.3107266 ]
 [ 0.08627499 -0.01379359  1.3536755 ]
 [ 0.00197567  0.13200104  1.1649888 ]
 [-0.161737    0.26895353  1.0485256 ]
 [-0.09555802  0.30840755  0.84262574]
 [ 0.13521343 -0.13575438  1.1900837 ]
 [ 0.11859635 -0.21628559  0.93429923]
 [ 0.22421806 -0.052922    0.92538905]]
[[ 0.          0.          0.7822058 ]
 [ 0.02274153 -0.1141151   0.7647714 ]
 [ 0.13178077 -0.07006088  0.39243424]
 [-0.29734433 -0.0564428   0.45199764]
 [-0.37003836  0.01992732  0.3672031 ]
 [-0.02286038  0.11388741  0.7995126 ]
 [ 0.19246031  0.20146996  0.50055003]
 [ 0.135354    0.20077276  0.05957431]
 [ 0.28579262  0.21555209  0.        ]
 [ 0.03341112  0.00264522  1.0052955 ]
 [ 0.07481523  0.01853201  1.268302  ]
 [ 0.15232939 -0.00589865  1.3603151 ]
 [ 0.08170965 -0.00517809  1.4025998 ]
 [ 0.00932718  0.14554107  1.2022345 ]
 [-0.11217028  0.28750104  1.0495297 ]
 [ 0.03393831  0.35681522  0.8945335 ]
 [ 0.13143699 -0.12599996  1.2420919 ]
 [ 0.06682071 -0.22018693  0.9980416 ]
 [ 0.13516003 -0.16748118  0.8675984 ]]
[[ 0.          0.          0.8076675 ]
 [ 0.02683242 -0.11722732  0.7927143 ]
 [ 0.28745365 -0.02053884  0.51035726]
 [-0.1494376  -0.00899673  0.50340235]
 [-0.18844613  0.06666794  0.37909853]
 [-0.0269661   0.11695413  0.822507  ]
 [ 0.10880457  0.21933715  0.49831888]
 [-0.03251719  0.19263387  0.07917738]
 [ 0.1089314   0.22586071  0.        ]
 [ 0.03492883  0.01129197  1.0300844 ]
 [ 0.07398397  0.03192613  1.2936618 ]
 [ 0.15221688  0.00535411  1.3804926 ]
 [ 0.07744965 -0.00236487  1.4301623 ]
 [ 0.01609144  0.16017663  1.2230858 ]
 [-0.01889119  0.27679914  1.0190268 ]
 [ 0.16911656  0.34664476  0.95847535]
 [ 0.12584668 -0.11289126  1.270268  ]
 [ 0.02156973 -0.21257786  1.044067  ]
 [ 0.03922205 -0.19979243  0.90651923]]
[[ 0.00000000e+00  0.00000000e+00  7.63935864e-01]
 [ 2.01026499e-02 -1.17619723e-01  7.49796927e-01]
 [ 3.83706331e-01 -1.49373114e-02  5.60645640e-01]
 [ 5.92131764e-02 -2.02260315e-02  3.22834432e-01]
 [ 1.23023599e-01  1.78944468e-02  1.73933744e-01]
 [-2.02193260e-02  1.17378533e-01  7.78013587e-01]
 [-9.94653255e-03  2.34285817e-01  4.13115442e-01]
 [-2.45426834e-01  2.45176554e-01  1.00473762e-01]
 [-1.52930349e-01  2.97178745e-01  0.00000000e+00]
 [ 2.75527909e-02  5.74602187e-03  9.89023805e-01]
 [ 6.28388599e-02  2.27500796e-02  1.25245631e+00]
 [ 1.46259040e-01 -8.01146030e-04  1.33049130e+00]
 [ 6.71333522e-02 -9.47630405e-03  1.38966298e+00]
 [ 3.60432640e-02  1.56176478e-01  1.18165731e+00]
 [ 1.10741295e-01  2.14144111e-01  9.42590892e-01]
 [ 2.61512697e-01  1.94392860e-01  1.03214693e+00]
 [ 8.69150907e-02 -1.21327043e-01  1.24094367e+00]
 [-8.49600732e-02 -1.96774408e-01  1.07822454e+00]
 [-8.97213221e-02 -1.90603748e-01  9.39249694e-01]]
[[ 0.00000000e+00  0.00000000e+00  6.77139044e-01]
 [ 1.74176544e-02 -1.18734077e-01  6.65730417e-01]
 [ 3.45154464e-01 -3.27181369e-02  5.03521979e-01]
 [ 2.66045541e-01 -2.18689442e-03  1.15503609e-01]
 [ 4.02566254e-01  3.34612131e-02  4.36446071e-02]
 [-1.74992979e-02  1.18536346e-01  6.88523412e-01]
 [-8.94175619e-02  1.97178364e-01  3.00590843e-01]
 [-4.16242599e-01  2.08729088e-01  1.08725309e-01]
 [-3.93073350e-01  2.54575968e-01  0.00000000e+00]
 [ 7.83728343e-03 -3.70469689e-03  9.05132890e-01]
 [ 2.98211146e-02 -6.19083643e-04  1.16890502e+00]
 [ 1.13346927e-01 -2.38162279e-02  1.24041176e+00]
 [ 3.52712087e-02 -3.01786661e-02  1.29705906e+00]
 [ 2.47071236e-02  1.38415635e-01  1.10034466e+00]
 [ 1.47461757e-01  1.98200420e-01  8.67945194e-01]
 [ 2.45693818e-01  1.28291488e-01  1.01670051e+00]
 [ 2.65644342e-02 -1.43757552e-01  1.16394162e+00]
 [-2.11168513e-01 -2.31269524e-01  1.08486724e+00]
 [-2.22947747e-01 -2.56277114e-01  9.02605891e-01]]
[[ 0.0000000e+00  0.0000000e+00  6.3344264e-01]
 [ 1.5553325e-02 -1.1603348e-01  6.2597883e-01]
 [ 3.1218168e-01 -1.5813410e-02  4.3354875e-01]
 [ 3.6180192e-01  5.6432426e-02  2.8653741e-02]
 [ 5.1695991e-01  9.8045766e-02  0.0000000e+00]
 [-1.5640639e-02  1.1583835e-01  6.4088875e-01]
 [-7.6719329e-02  1.4987516e-01  2.2710171e-01]
 [-4.8167092e-01  9.2374653e-02  1.3339895e-01]
 [-5.1137769e-01  1.2021360e-01  3.5351992e-02]
 [ 9.5400214e-03  4.0394068e-04  8.6021006e-01]
 [ 3.3282921e-02 -1.3451874e-03  1.1230454e+00]
 [ 1.1682832e-01 -3.2934427e-02  1.1983581e+00]
 [ 3.8813189e-02 -3.4201622e-02  1.2578976e+00]
 [ 2.9608443e-02  1.3638082e-01  1.0555769e+00]
 [ 1.3978964e-01  1.9985229e-01  8.1550229e-01]
 [ 2.5056401e-01  1.3590625e-01  9.2949808e-01]
 [ 1.8757612e-02 -1.4229590e-01  1.1081619e+00]
 [-1.8330772e-01 -2.5794250e-01  9.9104548e-01]
 [-1.6364278e-01 -3.2098424e-01  8.1461078e-01]]
[[ 0.00000000e+00  0.00000000e+00  6.72912121e-01]
 [ 1.57496780e-02 -1.16934538e-01  6.70281589e-01]
 [ 2.80473083e-01  2.99592763e-02  4.30500567e-01]
 [ 3.22888076e-01  1.03040755e-01  1.68499351e-02]
 [ 4.72428501e-01  1.55508757e-01  0.00000000e+00]
 [-1.58709809e-02  1.16736531e-01  6.75514221e-01]
 [ 1.95974931e-02  1.40832603e-01  2.56001353e-01]
 [-4.08999264e-01  3.05266976e-02  2.68557489e-01]
 [-4.78844821e-01  4.98831868e-02  1.71354890e-01]
 [ 2.82010287e-02  1.36256218e-04  8.97842407e-01]
 [ 6.36133701e-02 -7.25468993e-03  1.15979230e+00]
 [ 1.34123087e-01 -3.61995697e-02  1.24179876e+00]
 [ 6.13429919e-02 -3.84863615e-02  1.29852462e+00]
 [ 3.97062004e-02  1.28510714e-01  1.09031284e+00]
 [ 7.27390349e-02  2.09632263e-01  8.31057429e-01]
 [ 2.43727088e-01  2.05313563e-01  8.37601602e-01]
 [ 5.88063747e-02 -1.45704269e-01  1.13105845e+00]
 [-5.48343286e-02 -2.29774058e-01  8.94082487e-01]
 [ 5.65559715e-02 -2.57859021e-01  7.84799457e-01]]
[[ 0.00000000e+00  0.00000000e+00  7.21988201e-01]
 [ 1.61050782e-02 -1.18857682e-01  7.21930623e-01]
 [ 2.28401035e-01  1.93768740e-02  4.51529294e-01]
 [ 1.79682136e-01  1.02810025e-01  4.00991440e-02]
 [ 3.22233617e-01  1.58583581e-01  0.00000000e+00]
 [-1.62321255e-02  1.18626148e-01  7.21992433e-01]
 [ 1.43893197e-01  1.64590284e-01  3.46379399e-01]
 [-3.04573178e-01  7.07581937e-02  3.91828954e-01]
 [-3.63326341e-01  8.06430578e-02  2.74491251e-01]
 [ 3.53025272e-02  9.20832157e-04  9.43591595e-01]
 [ 7.18397200e-02 -1.21589601e-02  1.20774007e+00]
 [ 1.44435689e-01 -4.61834073e-02  1.29333436e+00]
 [ 6.17536306e-02 -5.62845469e-02  1.34519482e+00]
 [ 3.56757790e-02  1.23386085e-01  1.13877738e+00]
 [ 1.57572553e-02  2.00733140e-01  8.86905730e-01]
 [ 1.60519153e-01  2.68865108e-01  8.08900356e-01]
 [ 6.78587407e-02 -1.49124563e-01  1.17295241e+00]
 [-3.41066048e-02 -2.32166499e-01  9.37066793e-01]
 [ 3.12446356e-02 -2.81771779e-01  7.73763537e-01]]
[[ 0.00000000e+00  0.00000000e+00  7.41116107e-01]
 [ 1.27690956e-02 -1.13151148e-01  7.35893011e-01]
 [ 1.46934062e-01  4.54664230e-03  4.32597339e-01]
 [ 7.23096430e-02  1.05135858e-01  4.92012501e-02]
 [ 2.04915851e-01  1.57392442e-01  0.00000000e+00]
 [-1.29071772e-02  1.12921454e-01  7.46258378e-01]
 [ 2.30975211e-01  1.66416854e-01  4.40423548e-01]
 [-2.09363133e-01  9.90451425e-02  4.08603609e-01]
 [-2.41909742e-01  1.25182837e-01  2.72156507e-01]
 [ 3.40498090e-02  1.23597682e-03  9.63126421e-01]
 [ 7.22177774e-02 -7.71969557e-03  1.22622180e+00]
 [ 1.41506910e-01 -4.34395671e-02  1.31161928e+00]
 [ 6.60328344e-02 -4.65874076e-02  1.36078644e+00]
 [ 2.74779238e-02  1.20873809e-01  1.15717256e+00]
 [-3.58984470e-02  1.92830712e-01  9.42610860e-01]
 [ 5.29120788e-02  3.09692800e-01  8.23398292e-01]
 [ 8.07183683e-02 -1.44007683e-01  1.19006348e+00]
 [ 3.52527797e-02 -2.34381840e-01  9.41567779e-01]
 [ 1.52242526e-01 -2.33450353e-01  8.46348524e-01]]
[[ 0.          0.          0.7048767 ]
 [ 0.00472206 -0.12215295  0.68757373]
 [-0.01541098  0.00530347  0.32982928]
 [-0.23387767  0.08556795  0.1074602 ]
 [-0.15926489  0.18000484  0.        ]
 [-0.00487139  0.12190047  0.72205716]
 [ 0.32439417  0.14417218  0.5114327 ]
 [ 0.03867964  0.09189862  0.20843324]
 [ 0.1473416   0.10365546  0.07165027]
 [ 0.03154605 -0.00385208  0.9287179 ]
 [ 0.06987106 -0.005862    1.1948445 ]
 [ 0.14123039 -0.03409898  1.2816068 ]
 [ 0.06752864 -0.02916592  1.3328307 ]
 [ 0.00792492  0.12303972  1.1371937 ]
 [-0.16373442  0.22359076  0.9829867 ]
 [-0.18687269  0.24871856  0.7579349 ]
 [ 0.10170336 -0.14740562  1.1582278 ]
 [ 0.1301108  -0.23023307  0.89158   ]
 [ 0.27093267 -0.07176994  0.9471384 ]]
[[ 0.          0.          0.68011034]
 [ 0.00868119 -0.11678671  0.6614012 ]
 [-0.04315268 -0.01429304  0.28630292]
 [-0.35756284  0.03712288  0.18816656]
 [-0.3525028   0.14021844  0.07483882]
 [-0.00881135  0.11656678  0.698685  ]
 [ 0.3148682   0.1596596   0.4894675 ]
 [ 0.19972882  0.14924407  0.08188969]
 [ 0.350177    0.14335418  0.        ]
 [ 0.02940422 -0.01278882  0.9045283 ]
 [ 0.06682822 -0.01041302  1.1694465 ]
 [ 0.1389549  -0.03550339  1.2577616 ]
 [ 0.06738766 -0.03042018  1.3059855 ]
 [ 0.00167764  0.11767191  1.1153992 ]
 [-0.18047544  0.23245722  0.9881028 ]
 [-0.19139662  0.24937207  0.7668601 ]
 [ 0.11475007 -0.15437278  1.1382923 ]
 [ 0.13643238 -0.25034642  0.87493545]
 [ 0.26351377 -0.06807479  0.9289223 ]]
[[ 0.          0.          0.6976292 ]
 [ 0.01317453 -0.10981143  0.6778125 ]
 [-0.00594871 -0.04427147  0.28606334]
 [-0.3958173  -0.01890656  0.3072368 ]
 [-0.4549018   0.07472143  0.2027154 ]
 [-0.01329557  0.10960072  0.71730965]
 [ 0.27739555  0.19579744  0.47651172]
 [ 0.24632062  0.21466446  0.04897547]
 [ 0.3979028   0.20907688  0.        ]
 [ 0.02922207 -0.0143993   0.92038995]
 [ 0.06464724 -0.00818682  1.1835415 ]
 [ 0.13392618 -0.03102016  1.2774627 ]
 [ 0.06480982 -0.0307734   1.3183683 ]
 [ 0.00415578  0.11407554  1.1242756 ]
 [-0.16492945  0.23896684  0.9853562 ]
 [-0.10966936  0.27389917  0.77283084]
 [ 0.11723614 -0.14903745  1.1526616 ]
 [ 0.1168496  -0.24887     0.90195477]
 [ 0.23646432 -0.06948446  0.8754258 ]]
[[ 0.          0.          0.7357897 ]
 [ 0.01493265 -0.10585675  0.7177055 ]
 [ 0.0723813  -0.0589982   0.33742023]
 [-0.3441623  -0.04072988  0.40268588]
 [-0.43427622  0.04424471  0.32208252]
 [-0.01505602  0.10565411  0.7537443 ]
 [ 0.22411415  0.22587712  0.48868617]
 [ 0.16775337  0.23336256  0.0639084 ]
 [ 0.32286838  0.23503494  0.        ]
 [ 0.03149316 -0.0044896   0.95716995]
 [ 0.07145227  0.01003566  1.2197552 ]
 [ 0.14436835 -0.01156664  1.3171163 ]
 [ 0.07302327 -0.01459002  1.3571442 ]
 [ 0.01790496  0.13284558  1.1551135 ]
 [-0.11374432  0.25299454  0.9854232 ]
 [ 0.03157877  0.33526987  0.8219703 ]
 [ 0.11690226 -0.13284343  1.1884773 ]
 [ 0.06467441 -0.23907267  0.948291  ]
 [ 0.14579105 -0.16567607  0.8240057 ]]
[[ 0.          0.          0.7683878 ]
 [ 0.02089013 -0.10787723  0.75048083]
 [ 0.18399926 -0.04163304  0.42400014]
 [-0.25089854 -0.00213736  0.48821098]
 [-0.33000273  0.08754164  0.39757776]
 [-0.02102453  0.10765358  0.786175  ]
 [ 0.15927644  0.24785918  0.49983972]
 [ 0.04831254  0.24037316  0.08459467]
 [ 0.20058034  0.25522894  0.        ]
 [ 0.03242975  0.00139     0.9881597 ]
 [ 0.07222594  0.01889169  1.2505443 ]
 [ 0.14687645 -0.00186193  1.3498322 ]
 [ 0.06726201 -0.01215339  1.3881601 ]
 [ 0.0231714   0.14322186  1.1783178 ]
 [-0.05447978  0.24651934  0.9715562 ]
 [ 0.13377535  0.3259116   0.880782  ]
 [ 0.11383787 -0.12381947  1.2205098 ]
 [ 0.03539434 -0.2133567   0.97802156]
 [ 0.08774906 -0.17867386  0.8368601 ]]
[[ 0.0000000e+00  0.0000000e+00  7.6284772e-01]
 [ 2.4690054e-02 -1.1220982e-01  7.4785978e-01]
 [ 3.3297595e-01  2.2445321e-03  5.1683366e-01]
 [-7.5062431e-02  6.8682134e-03  4.2444026e-01]
 [-8.4809288e-02  7.8846633e-02  3.0545929e-01]
 [-2.4813831e-02  1.1194989e-01  7.7774096e-01]
 [ 2.8990250e-02  2.4290377e-01  4.4507653e-01]
 [-1.7581511e-01  2.5532851e-01  9.7304702e-02]
 [-5.2104130e-02  2.9760402e-01  0.0000000e+00]
 [ 2.4215434e-02 -7.4212253e-04  9.8520499e-01]
 [ 5.6217808e-02  1.4437377e-02  1.2485768e+00]
 [ 1.3597628e-01 -5.3291321e-03  1.3418889e+00]
 [ 5.4508522e-02 -1.3569772e-02  1.3883994e+00]
 [ 2.9215522e-02  1.4700499e-01  1.1731796e+00]
 [ 6.6161633e-02  2.3809084e-01  9.4116580e-01]
 [ 2.5389412e-01  2.8296614e-01  9.6799779e-01]
 [ 8.4010392e-02 -1.2840772e-01  1.2274599e+00]
 [-7.0083603e-02 -2.2301693e-01  1.0355370e+00]
 [-5.7153158e-02 -1.9961800e-01  8.8776565e-01]]
[[ 0.00000000e+00  0.00000000e+00  6.96401358e-01]
 [ 1.48242563e-02 -1.17018580e-01  6.83895767e-01]
 [ 3.52608591e-01 -3.29076946e-02  5.08320451e-01]
 [ 1.19335189e-01 -2.92287469e-02  1.73257709e-01]
 [ 2.32869953e-01  7.86662102e-03  7.02511072e-02]
 [-1.49249211e-02  1.16792895e-01  7.08863795e-01]
 [-7.41667151e-02  2.02687934e-01  3.33205402e-01]
 [-3.78254890e-01  2.45982856e-01  1.20860279e-01]
 [-3.38887632e-01  2.92369276e-01  0.00000000e+00]
 [ 1.41447932e-02 -4.20860946e-03  9.20652866e-01]
 [ 4.02778499e-02 -7.00414181e-04  1.18301475e+00]
 [ 1.18409023e-01 -2.35006213e-02  1.27035284e+00]
 [ 3.76185738e-02 -2.86318064e-02  1.32123923e+00]
 [ 4.03916761e-02  1.38497591e-01  1.11030364e+00]
 [ 1.39498472e-01  2.24846244e-01  8.79641175e-01]
 [ 2.77819246e-01  1.84542432e-01  9.87723172e-01]
 [ 2.73404792e-02 -1.41811162e-01  1.17303145e+00]
 [-2.04129755e-01 -2.25564241e-01  1.08446693e+00]
 [-2.03815132e-01 -2.03941807e-01  8.77345443e-01]]
[[ 0.0000000e+00  0.0000000e+00  6.3389200e-01]
 [ 1.4264405e-02 -1.1733019e-01  6.2531817e-01]
 [ 3.1957439e-01 -2.0341039e-02  4.3216527e-01]
 [ 2.9027188e-01  4.2596221e-02  3.9545357e-02]
 [ 4.5581609e-01  8.1240296e-02  0.0000000e+00]
 [-1.4351800e-02  1.1712384e-01  6.4243543e-01]
 [-7.4874207e-02  1.8618473e-01  2.3764765e-01]
 [-4.6982521e-01  1.5302971e-01  1.4588130e-01]
 [-5.0861114e-01  1.9069162e-01  3.2353282e-02]
 [ 1.5279784e-02 -6.5937638e-04  8.5790241e-01]
 [ 4.0507350e-02 -4.9787760e-04  1.1203281e+00]
 [ 1.2040398e-01 -2.7769387e-02  1.2032006e+00]
 [ 3.7781421e-02 -2.8675556e-02  1.2533214e+00]
 [ 4.5683943e-02  1.3604805e-01  1.0468224e+00]
 [ 1.4142349e-01  2.1276245e-01  8.0766129e-01]
 [ 2.8721023e-01  1.6172138e-01  8.8833678e-01]
 [ 1.5933350e-02 -1.3807368e-01  1.1101292e+00]
 [-2.1114790e-01 -2.2026108e-01  1.0122643e+00]
 [-2.2896123e-01 -2.5952685e-01  7.9151630e-01]]
[[ 0.00000000e+00  0.00000000e+00  6.33856177e-01]
 [ 1.57621279e-02 -1.16257533e-01  6.28565729e-01]
 [ 2.94602096e-01  2.07133740e-02  4.13499415e-01]
 [ 3.33570957e-01  1.09012604e-01  1.34676099e-02]
 [ 4.99653250e-01  1.52630091e-01  0.00000000e+00]
 [-1.58471093e-02  1.16054535e-01  6.39115512e-01]
 [ 6.07578456e-03  1.73272640e-01  2.32365251e-01]
 [-4.14891392e-01  8.27718377e-02  2.38548934e-01]
 [-4.95277524e-01  1.10004812e-01  1.37599885e-01]
 [ 2.63256989e-02 -1.05588138e-03  8.57088506e-01]
 [ 6.12652823e-02 -9.37446952e-03  1.11855412e+00]
 [ 1.37430578e-01 -3.77162695e-02  1.20814538e+00]
 [ 5.41349351e-02 -4.03110981e-02  1.25527918e+00]
 [ 5.38313314e-02  1.24996126e-01  1.04666376e+00]
 [ 1.04428507e-01  2.07771018e-01  7.94351101e-01]
 [ 2.83819288e-01  2.11706340e-01  7.95272470e-01]
 [ 3.58589813e-02 -1.41253352e-01  1.09704947e+00]
 [-1.59880176e-01 -2.23110050e-01  9.49593902e-01]
 [-1.61714762e-01 -2.96284229e-01  7.40188956e-01]]
[[ 0.          0.          0.68646216]
 [ 0.01081764 -0.11484075  0.6865742 ]
 [ 0.24073586  0.02805978  0.43945655]
 [ 0.24066558  0.09274578  0.02995253]
 [ 0.4083013   0.13499743  0.        ]
 [-0.01092973  0.11464147  0.6863198 ]
 [ 0.09410512  0.15826052  0.300506  ]
 [-0.34185177  0.0755927   0.35406974]
 [-0.41835526  0.08613887  0.26353818]
 [ 0.03577275  0.00140697  0.907816  ]
 [ 0.0728251  -0.00925392  1.1700052 ]
 [ 0.15060109 -0.0405333   1.2587016 ]
 [ 0.06533915 -0.03594184  1.3077593 ]
 [ 0.0550481   0.12441817  1.0974045 ]
 [ 0.06285426  0.21724802  0.8509686 ]
 [ 0.22133216  0.27274328  0.7678327 ]
 [ 0.05161972 -0.14112335  1.1395712 ]
 [-0.06837667 -0.23289958  0.92740947]
 [-0.07591018 -0.34112254  0.7602466 ]]
[[ 0.          0.          0.72296435]
 [ 0.00696132 -0.1102314   0.7212951 ]
 [ 0.18016687  0.03157187  0.45246363]
 [ 0.12372179  0.11287624  0.06003642]
 [ 0.26548254  0.16738784  0.        ]
 [-0.00709024  0.11001865  0.72457105]
 [ 0.21128166  0.16656776  0.40043604]
 [-0.2426799   0.08611837  0.44095927]
 [-0.29230338  0.09865856  0.31513488]
 [ 0.04122778  0.00371647  0.9398707 ]
 [ 0.07897879 -0.01013905  1.2015615 ]
 [ 0.15437618 -0.0432418   1.2938495 ]
 [ 0.06981881 -0.03427893  1.3381788 ]
 [ 0.05588678  0.11971492  1.1277622 ]
 [ 0.00704528  0.19776236  0.8986558 ]
 [ 0.12155832  0.26656705  0.7736414 ]
 [ 0.06020914 -0.14213538  1.1622279 ]
 [-0.02175785 -0.23540725  0.9304964 ]
 [ 0.03907466 -0.31551114  0.80166674]]
[[ 0.00000000e+00  0.00000000e+00  6.92170560e-01]
 [-2.28159502e-03 -1.11929238e-01  6.79775178e-01]
 [ 2.28420049e-02  1.90221071e-02  3.70070010e-01]
 [-1.51482046e-01  1.24311358e-01  9.69903469e-02]
 [-4.15253714e-02  1.98828995e-01  0.00000000e+00]
 [ 2.13653222e-03  1.11673728e-01  7.04439282e-01]
 [ 3.42764705e-01  1.44207641e-01  5.04575908e-01]
 [-1.75501443e-02  8.79940093e-02  3.11342448e-01]
 [ 4.82262075e-02  1.10909164e-01  1.64410114e-01]
 [ 3.64112183e-02  3.45012546e-03  9.13739622e-01]
 [ 7.58656114e-02 -1.42365694e-04  1.17812026e+00]
 [ 1.46199480e-01 -2.37301588e-02  1.27161241e+00]
 [ 6.73312172e-02 -2.20904350e-02  1.31462860e+00]
 [ 3.57841104e-02  1.28073156e-01  1.11489332e+00]
 [-1.06106162e-01  2.48280317e-01  9.55033898e-01]
 [-1.00223973e-01  3.32854480e-01  7.52411485e-01]
 [ 8.09076503e-02 -1.40819550e-01  1.13968062e+00]
 [ 9.79505181e-02 -2.57339388e-01  8.94297421e-01]
 [ 2.13065147e-01 -1.61891431e-01  9.12843466e-01]]
[[ 0.          0.          0.61630845]
 [-0.00395364 -0.11475646  0.59750587]
 [-0.03721663  0.02180254  0.2588421 ]
 [-0.30447793  0.10932815  0.13088867]
 [-0.24489987  0.20755696  0.00828254]
 [ 0.00381994  0.1145216   0.6349777 ]
 [ 0.3566999   0.13510622  0.45459253]
 [ 0.15887992  0.07000786  0.09331185]
 [ 0.2950771   0.06717962  0.        ]
 [ 0.02854899 -0.00820374  0.84050673]
 [ 0.06304533 -0.01086172  1.1049116 ]
 [ 0.13523124 -0.02838451  1.1983199 ]
 [ 0.06101941 -0.02499044  1.2419331 ]
 [ 0.017843    0.12044036  1.0521152 ]
 [-0.16055688  0.25340137  0.93973225]
 [-0.16267812  0.3149101   0.7161006 ]
 [ 0.0873678  -0.15732163  1.0701294 ]
 [ 0.12340677 -0.27296826  0.8217494 ]
 [ 0.24959737 -0.08501725  0.8980528 ]]
[[ 0.00000000e+00  0.00000000e+00  6.35764837e-01]
 [-1.28325075e-03 -1.09115779e-01  6.18846416e-01]
 [-4.45090905e-02 -2.92344987e-02  2.47262776e-01]
 [-4.07669574e-01  3.69109511e-02  2.50101715e-01]
 [-4.26585734e-01  1.34289682e-01  1.31844282e-01]
 [ 1.15938485e-03  1.08893953e-01  6.52540743e-01]
 [ 3.28684002e-01  1.54376671e-01  4.47950423e-01]
 [ 3.00865442e-01  1.30794436e-01  3.61999273e-02]
 [ 4.67487931e-01  1.15592778e-01  0.00000000e+00]
 [ 2.39809677e-02 -1.51876509e-02  8.58680844e-01]
 [ 5.66383898e-02 -1.23012066e-02  1.12175858e+00]
 [ 1.26780435e-01 -2.72483826e-02  1.21696305e+00]
 [ 5.77384979e-02 -2.10640430e-02  1.25873435e+00]
 [ 1.18436441e-02  1.17055416e-01  1.06743705e+00]
 [-1.59872890e-01  2.67319173e-01  9.63217854e-01]
 [-1.31246775e-01  3.09468240e-01  7.34830558e-01]
 [ 9.11811441e-02 -1.57200873e-01  1.08870411e+00]
 [ 1.14924386e-01 -2.76205540e-01  8.43486071e-01]
 [ 2.40465581e-01 -8.24800134e-02  8.91919315e-01]]
[[ 0.00000000e+00  0.00000000e+00  6.47988617e-01]
 [-3.19797546e-04 -1.07485987e-01  6.31270289e-01]
 [-1.62788667e-03 -4.99994755e-02  2.61769086e-01]
 [-4.15282756e-01 -9.23311710e-03  3.23655546e-01]
 [-4.76473749e-01  7.83916712e-02  2.24481821e-01]
 [ 1.92407519e-04  1.07255735e-01  6.64573193e-01]
 [ 2.94651449e-01  1.81798831e-01  4.30364758e-01]
 [ 3.03828657e-01  1.69346988e-01  2.14186311e-02]
 [ 4.77019608e-01  1.58958733e-01  0.00000000e+00]
 [ 2.52730437e-02 -9.57563519e-03  8.67304206e-01]
 [ 5.85741028e-02 -2.28932500e-03  1.12909567e+00]
 [ 1.29438818e-01 -1.66823864e-02  1.22884154e+00]
 [ 5.89699149e-02 -6.84040785e-03  1.26788831e+00]
 [ 2.02564150e-02  1.29530430e-01  1.06680155e+00]
 [-1.20198548e-01  2.90996552e-01  9.47925806e-01]
 [-5.64735830e-02  3.15443218e-01  7.36077726e-01]
 [ 9.08009261e-02 -1.48344606e-01  1.09591353e+00]
 [ 8.05435181e-02 -2.64006674e-01  8.54445219e-01]
 [ 2.09320843e-01 -1.19354695e-01  8.44401479e-01]]
[[ 0.0000000e+00  0.0000000e+00  6.9201553e-01]
 [ 2.3280084e-03 -1.1043486e-01  6.7476052e-01]
 [ 8.8158906e-02 -5.0337821e-02  3.3717465e-01]
 [-3.3838588e-01  2.1432295e-02  4.1512546e-01]
 [-3.9847791e-01  1.0385421e-01  3.1417382e-01]
 [-2.4506561e-03  1.1019580e-01  7.0914418e-01]
 [ 2.6044402e-01  1.9965649e-01  4.6038365e-01]
 [ 2.0611832e-01  1.9590068e-01  4.6836972e-02]
 [ 3.7485486e-01  1.9135243e-01  0.0000000e+00]
 [ 2.5194915e-02  1.1641681e-03  9.1212809e-01]
 [ 5.9902757e-02  1.4931202e-02  1.1746888e+00]
 [ 1.3161185e-01 -8.1784725e-03  1.2771499e+00]
 [ 5.7758301e-02  6.4872503e-03  1.3105084e+00]
 [ 3.5192132e-02  1.5116549e-01  1.1051713e+00]
 [-6.7511052e-02  3.1242186e-01  9.5525157e-01]
 [ 8.3208658e-02  3.8457277e-01  7.9952145e-01]
 [ 7.8806967e-02 -1.3426033e-01  1.1431074e+00]
 [ 2.4372771e-02 -2.4990185e-01  9.0518314e-01]
 [ 1.0537991e-01 -2.3817554e-01  8.1093413e-01]]
[[ 0.          0.          0.74547035]
 [ 0.00852478 -0.11674537  0.73035705]
 [ 0.25406528 -0.03112453  0.4567234 ]
 [-0.17536876  0.03297789  0.48844266]
 [-0.2007048   0.11081034  0.35825944]
 [-0.00865879  0.11646849  0.7604751 ]
 [ 0.17030168  0.20362532  0.4636954 ]
 [-0.00296507  0.174784    0.08097184]
 [ 0.14520086  0.1937226   0.        ]
 [ 0.02679393  0.01188946  0.96496195]
 [ 0.0532383   0.0244559   1.2285398 ]
 [ 0.13109112 -0.00426328  1.3287604 ]
 [ 0.05237603  0.01612693  1.3686752 ]
 [ 0.04686037  0.16126972  1.1554434 ]
 [ 0.02333564  0.30479681  0.95807993]
 [ 0.20882347  0.341438    0.8931625 ]
 [ 0.05619531 -0.12466285  1.1988351 ]
 [-0.04312581 -0.2413367   0.97736907]
 [-0.00548841 -0.26753357  0.85831887]]
[[ 0.          0.          0.6974256 ]
 [-0.00164022 -0.11796767  0.6887005 ]
 [ 0.36568546 -0.07957645  0.49827644]
 [ 0.05172386 -0.04930827  0.2750627 ]
 [ 0.11814648 -0.01653588  0.16278654]
 [ 0.0015112   0.1177351   0.70609266]
 [ 0.06593016  0.22151059  0.34999686]
 [-0.23769414  0.2665471   0.10886019]
 [-0.1591225   0.3095622   0.        ]
 [ 0.01282498  0.01192014  0.9204496 ]
 [ 0.0268341   0.02158388  1.1838908 ]
 [ 0.11345163 -0.01651412  1.2682004 ]
 [ 0.03698431  0.01733047  1.3204279 ]
 [ 0.06190145  0.15260065  1.1102401 ]
 [ 0.1619408   0.23874706  0.8822835 ]
 [ 0.29694623  0.13212824  0.9559361 ]
 [-0.01195066 -0.11844042  1.1701157 ]
 [-0.19952571 -0.2275476   1.0136901 ]
 [-0.18159355 -0.22894731  0.8590261 ]]
[[ 0.          0.          0.6364935 ]
 [-0.00526196 -0.11782939  0.6327019 ]
 [ 0.3190163  -0.11613771  0.46593297]
 [ 0.23142728 -0.08081406  0.08210725]
 [ 0.38097027 -0.05827928  0.0454008 ]
 [ 0.00517139  0.11763953  0.6402565 ]
 [ 0.01722664  0.18979853  0.25765473]
 [-0.35875624  0.22309521  0.12404042]
 [-0.35151637  0.25850713  0.        ]
 [ 0.00148437  0.0146271   0.8620065 ]
 [ 0.00961105  0.02376631  1.1242882 ]
 [ 0.09534817 -0.02282602  1.1974587 ]
 [ 0.01971969  0.01711929  1.2536726 ]
 [ 0.06446295  0.14804465  1.0583302 ]
 [ 0.1842745   0.2248505   0.82962275]
 [ 0.2858242   0.08834067  0.9149829 ]
 [-0.05815997 -0.10162473  1.1111315 ]
 [-0.28879884 -0.19496208  1.0423963 ]
 [-0.31149697 -0.24575906  0.82213783]]
[[ 0.          0.          0.6056093 ]
 [-0.00716387 -0.11816815  0.6033416 ]
 [ 0.31321073 -0.11174834  0.4146757 ]
 [ 0.2918623  -0.06427658  0.02014387]
 [ 0.4461797  -0.03999478  0.00859827]
 [ 0.00707546  0.11797255  0.6078483 ]
 [ 0.05250296  0.16854742  0.21233633]
 [-0.34814066  0.20623118  0.11604741]
 [-0.35238695  0.23915136  0.        ]
 [ 0.00732037  0.01480162  0.83165455]
 [ 0.02083751  0.02250367  1.0945367 ]
 [ 0.10620697 -0.02148396  1.1722479 ]
 [ 0.02486885  0.01602775  1.2262824 ]
 [ 0.06963153  0.14691567  1.0269389 ]
 [ 0.17947528  0.233694    0.7941857 ]
 [ 0.30851412  0.11643857  0.83565766]
 [-0.04627876 -0.10284767  1.0806628 ]
 [-0.27109748 -0.18949352  0.98970723]
 [-0.2894742  -0.2740885   0.76811117]]
[[ 0.          0.          0.63448966]
 [-0.00877606 -0.11976779  0.63284886]
 [ 0.2927639  -0.11835532  0.43285674]
 [ 0.24938327 -0.08625227  0.02503222]
 [ 0.40693918 -0.06817687  0.        ]
 [ 0.0086873   0.11955013  0.63610053]
 [ 0.10626823  0.18263282  0.24787468]
 [-0.29311246  0.20797187  0.16046464]
 [-0.2838725   0.23637354  0.02675682]
 [ 0.0145875   0.01903738  0.85926294]
 [ 0.03224963  0.02784172  1.122874  ]
 [ 0.11406711 -0.01881158  1.2091703 ]
 [ 0.03152666  0.02671218  1.2596164 ]
 [ 0.07899062  0.14862579  1.0511765 ]
 [ 0.15599802  0.2412835   0.8069615 ]
 [ 0.31026173  0.137785    0.8015613 ]
 [-0.04112426 -0.09646931  1.1050167 ]
 [-0.25534946 -0.18261299  0.9880608 ]
 [-0.2623667  -0.27889475  0.7638045 ]]
[[ 0.          0.          0.6575713 ]
 [-0.0142905  -0.1204076   0.6568495 ]
 [ 0.2719481  -0.11459555  0.44259715]
 [ 0.19507381 -0.06619078  0.03330046]
 [ 0.34626997 -0.05514234  0.        ]
 [ 0.01418417  0.12017649  0.6582519 ]
 [ 0.1805683   0.21298756  0.30981258]
 [-0.21172756  0.257667    0.20233274]
 [-0.17892879  0.28577077  0.05800205]
 [ 0.01447029  0.01731567  0.8806865 ]
 [ 0.02820517  0.02416191  1.1451099 ]
 [ 0.11179984 -0.02266103  1.2332716 ]
 [ 0.02905864  0.02710122  1.2833312 ]
 [ 0.07282043  0.14517495  1.0727358 ]
 [ 0.1433321   0.24815914  0.83945644]
 [ 0.26323014  0.1708253   0.7887147 ]
 [-0.04517652 -0.10137683  1.122745  ]
 [-0.23565    -0.2128694   0.98086303]
 [-0.23847447 -0.32575402  0.78093815]]
[[ 0.          0.          0.6721813 ]
 [-0.02702394 -0.11367624  0.66097796]
 [ 0.18585679 -0.06073928  0.40178844]
 [ 0.04361425  0.03407609  0.07357985]
 [ 0.16419908  0.06764549  0.        ]
 [ 0.02687808  0.11341463  0.68328774]
 [ 0.3039981   0.15270388  0.40859702]
 [-0.04634215  0.14096898  0.20038903]
 [ 0.03937194  0.15118983  0.08530277]
 [ 0.02814179  0.01238453  0.8911286 ]
 [ 0.04519592  0.01164803  1.1576176 ]
 [ 0.11762948 -0.02793682  1.2587032 ]
 [ 0.03507703  0.01951659  1.3002646 ]
 [ 0.06473418  0.13616878  1.0866023 ]
 [ 0.03251736  0.27144057  0.8849705 ]
 [ 0.14003724  0.2881504   0.72535   ]
 [-0.00157535 -0.12031776  1.1233898 ]
 [-0.08568763 -0.24373767  0.90876925]
 [-0.05073225 -0.37231323  0.7921796 ]]
[[ 0.          0.          0.6172166 ]
 [-0.0300119  -0.11091647  0.6049856 ]
 [-0.01765284 -0.0234257   0.29314572]
 [-0.30834407  0.09857345  0.10089767]
 [-0.25209868  0.18683243  0.        ]
 [ 0.02985463  0.11064484  0.6293063 ]
 [ 0.34061897  0.09101689  0.38266265]
 [ 0.294501   -0.00255996  0.03481263]
 [ 0.44775707 -0.03483868  0.00424349]
 [ 0.01377452  0.00379485  0.8392787 ]
 [ 0.02785559  0.01885912  1.1053648 ]
 [ 0.09130474 -0.0021714   1.2133534 ]
 [ 0.01477849  0.03436041  1.247264  ]
 [ 0.01067094  0.15480202  1.0367098 ]
 [-0.13119239  0.31978595  0.887915  ]
 [-0.06816378  0.31743586  0.6691202 ]
 [ 0.02865541 -0.1269772   1.077714  ]
 [ 0.04188439 -0.27930903  0.85909903]
 [ 0.1611081  -0.17086935  0.8987142 ]]
[[ 0.0000000e+00  0.0000000e+00  6.0266685e-01]
 [-2.1320032e-02 -1.0428984e-01  5.9278584e-01]
 [-9.1838613e-02 -3.2715797e-02  2.6981553e-01]
 [-4.4214934e-01  5.9329510e-02  1.4036432e-01]
 [-4.2429954e-01  1.6040057e-01  3.9994359e-02]
 [ 2.1186527e-02  1.0401988e-01  6.1239707e-01]
 [ 3.2296032e-01  9.8091483e-02  3.3637559e-01]
 [ 3.9739886e-01 -1.9794703e-04  0.0000000e+00]
 [ 5.4302287e-01 -3.8002431e-02  2.0395517e-03]
 [-5.7283500e-03  1.7714500e-04  8.2659423e-01]
 [-2.9047821e-03  2.8261572e-02  1.0907891e+00]
 [ 5.5834353e-02  1.2971759e-02  1.2026862e+00]
 [-1.9537896e-02  3.8685620e-02  1.2329183e+00]
 [-3.0199081e-02  1.6074187e-01  1.0171350e+00]
 [-1.6687620e-01  3.2484779e-01  8.7846971e-01]
 [-7.0242882e-02  3.0953577e-01  6.7927182e-01]
 [ 1.6419113e-02 -1.1760637e-01  1.0729859e+00]
 [ 4.5527801e-02 -2.8222466e-01  8.7843192e-01]
 [ 1.2898734e-01 -1.4086810e-01  9.1949725e-01]]
[[ 0.          0.          0.6119542 ]
 [-0.01869305 -0.10207547  0.60629666]
 [-0.07689662 -0.05962417  0.26331156]
 [-0.4533131   0.02068335  0.19917297]
 [-0.46658623  0.119286    0.09702224]
 [ 0.01856365  0.10178988  0.6174529 ]
 [ 0.31777018  0.11247973  0.3356868 ]
 [ 0.3587849   0.01097232  0.        ]
 [ 0.50730675 -0.02239782  0.00130373]
 [-0.01140772  0.00438482  0.8356374 ]
 [-0.01628777  0.03751457  1.0980966 ]
 [ 0.04973659  0.02470517  1.2122079 ]
 [-0.02777719  0.0492661   1.2416031 ]
 [-0.03767698  0.16846547  1.0120791 ]
 [-0.1431891   0.32472444  0.8581749 ]
 [-0.00224853  0.3318233   0.6941    ]
 [ 0.00604041 -0.1110515   1.085557  ]
 [ 0.02191564 -0.2916635   0.91049886]
 [ 0.06999244 -0.20244437  0.90881646]]
[[ 0.          0.          0.62885857]
 [-0.00573361 -0.11085518  0.62219363]
 [-0.00703932 -0.07467937  0.26869494]
 [-0.40829962 -0.020989    0.258484  ]
 [-0.44205058  0.05412447  0.17831773]
 [ 0.00560915  0.1105716   0.63538146]
 [ 0.298676    0.12620853  0.36083388]
 [ 0.2643413   0.02762294  0.01022947]
 [ 0.42165583  0.00988728  0.        ]
 [-0.00752218  0.01445045  0.85352784]
 [-0.01334458  0.04799017  1.1159198 ]
 [ 0.05256041  0.03076005  1.2267199 ]
 [-0.02786769  0.05691767  1.2596438 ]
 [-0.02628857  0.18017086  1.0251764 ]
 [-0.07358679  0.31830943  0.8312966 ]
 [ 0.11485364  0.35939613  0.74858975]
 [-0.00152614 -0.10216662  1.1085672 ]
 [-0.05293293 -0.29708448  0.95669067]
 [-0.00538018 -0.3757472   0.92211497]]
[[ 0.          0.          0.6758207 ]
 [ 0.008029   -0.11550167  0.6713337 ]
 [ 0.10010526 -0.07424232  0.36362326]
 [-0.31889725 -0.04492725  0.43272856]
 [-0.4060381   0.0445199   0.34184578]
 [-0.00814715  0.11520602  0.68016815]
 [ 0.23801944  0.14477858  0.38945463]
 [ 0.1542812   0.01899797  0.00770116]
 [ 0.31479156 -0.00146806  0.        ]
 [-0.0175795   0.0223843   0.89737797]
 [-0.0269063   0.07041657  1.1586587 ]
 [ 0.0489157   0.04881167  1.2652886 ]
 [-0.04423158  0.06801993  1.3021264 ]
 [-0.02541605  0.19893086  1.0582385 ]
 [ 0.0067316   0.26792324  0.8383381 ]
 [ 0.21161503  0.27817345  0.8726926 ]
 [-0.01590382 -0.08744523  1.1593163 ]
 [-0.0943094  -0.31012636  1.11158   ]
 [-0.09376785 -0.3607338   1.1167907 ]]
[[ 0.0000000e+00  0.0000000e+00  7.5036901e-01]
 [ 5.2607507e-03 -1.2224868e-01  7.4985629e-01]
 [ 3.3922064e-01 -1.0311979e-01  5.5945814e-01]
 [-8.4241189e-02 -2.5663495e-02  4.6503562e-01]
 [-1.0502478e-01  3.7476480e-02  3.5058489e-01]
 [-5.3769872e-03  1.2198040e-01  7.5080633e-01]
 [ 7.0247613e-02  1.5823922e-01  3.9461881e-01]
 [-1.1674809e-01  7.3576331e-02  2.8647900e-02]
 [ 3.6688112e-02  5.5437982e-02  0.0000000e+00]
 [ 1.1459161e-03  3.5274699e-02  9.7070599e-01]
 [ 9.5889792e-03  9.1961503e-02  1.2316701e+00]
 [ 8.3957382e-02  5.7701290e-02  1.3371108e+00]
 [-1.6451925e-03  1.0781413e-01  1.3769584e+00]
 [ 5.4026902e-02  2.0636490e-01  1.1357961e+00]
 [ 1.8429145e-01  2.1948193e-01  9.1140914e-01]
 [ 3.1177279e-01  1.3857156e-01  1.0616765e+00]
 [-2.7612265e-02 -4.7054827e-02  1.2315671e+00]
 [-2.4785164e-01 -1.7729533e-01  1.1452141e+00]
 [-2.4297664e-01 -2.6445991e-01  1.1235158e+00]]
[[ 0.00000000e+00  0.00000000e+00  7.08985329e-01]
 [-3.33397835e-03 -1.03923380e-01  7.19580472e-01]
 [ 3.51923764e-01 -1.51834846e-01  5.82768559e-01]
 [ 1.53566152e-01 -1.86649978e-01  2.62758851e-01]
 [ 2.35865176e-01 -1.61442101e-01  1.67054296e-01]
 [ 3.25263292e-03  1.03709638e-01  6.98365808e-01]
 [-8.35512131e-02  1.98345006e-01  3.32633257e-01]
 [-3.09060812e-01  1.62566215e-01  6.83761835e-02]
 [-2.30616629e-01  1.77282751e-01  0.00000000e+00]
 [ 1.92231871e-03  5.32668829e-02  9.24873829e-01]
 [ 1.66417956e-02  1.24669492e-01  1.18001819e+00]
 [ 9.73982215e-02  6.39105439e-02  1.27039540e+00]
 [ 2.45625265e-02  1.43751740e-01  1.31290007e+00]
 [ 1.07202455e-01  1.99239433e-01  1.08925557e+00]
 [ 2.84484416e-01  1.53004289e-01  9.00023520e-01]
 [ 2.89627314e-01 -8.95470381e-04  1.05885899e+00]
 [-8.49547610e-02  2.62883306e-02  1.18991923e+00]
 [-3.55374098e-01 -8.87746811e-02  1.16339803e+00]
 [-2.89397597e-01 -2.70982623e-01  1.14893758e+00]]
[[ 0.          0.          0.6407696 ]
 [-0.00729201 -0.10526219  0.6469674 ]
 [ 0.33331287 -0.14208965  0.49707028]
 [ 0.28877065 -0.19720322  0.13137722]
 [ 0.42562303 -0.18162173  0.11588824]
 [ 0.00720687  0.10506323  0.6345497 ]
 [-0.08349732  0.15900953  0.25217226]
 [-0.39653635  0.11606103  0.08357805]
 [-0.3754722   0.13804704  0.        ]
 [ 0.00500207  0.04712217  0.8604637 ]
 [ 0.02644024  0.11209899  1.1166468 ]
 [ 0.10622658  0.05505913  1.2019618 ]
 [ 0.03526735  0.1285882   1.2462815 ]
 [ 0.11436936  0.18839186  1.0214069 ]
 [ 0.28103566  0.13690609  0.8150797 ]
 [ 0.30860925 -0.04051346  0.91857135]
 [-0.07564525  0.01396182  1.1291609 ]
 [-0.35060695 -0.0890165   1.1038448 ]
 [-0.28811207 -0.26591453  1.190902  ]]
[[ 0.          0.          0.60329425]
 [-0.00541975 -0.10052738  0.6107834 ]
 [ 0.3323657  -0.11048886  0.43276775]
 [ 0.3421722  -0.18285763  0.05703688]
 [ 0.48905313 -0.16568542  0.0378691 ]
 [ 0.00533386  0.10033518  0.59578454]
 [-0.09490137  0.13856554  0.19648272]
 [-0.43475777  0.07790601  0.11291376]
 [-0.44162512  0.08261204  0.        ]
 [ 0.00860115  0.05480024  0.821501  ]
 [ 0.03118271  0.12283751  1.0756    ]
 [ 0.10879721  0.06432956  1.1616113 ]
 [ 0.03220206  0.1342889   1.2046032 ]
 [ 0.11492779  0.19469154  0.97535634]
 [ 0.2597723   0.15696368  0.7533238 ]
 [ 0.314381   -0.01591228  0.7992487 ]
 [-0.07421446  0.02548864  1.0909598 ]
 [-0.32585898 -0.09271443  1.0805774 ]
 [-0.2795635  -0.25172216  1.182646  ]]
[[ 0.          0.          0.6152123 ]
 [ 0.00167429 -0.09780613  0.6260505 ]
 [ 0.31290936 -0.08574305  0.4187876 ]
 [ 0.35829008 -0.11417979  0.00336909]
 [ 0.53292096 -0.08470094  0.        ]
 [-0.00174195  0.09762692  0.60435563]
 [-0.06610575  0.10095513  0.19747278]
 [-0.46452004 -0.0126254   0.19935417]
 [-0.5461674   0.0045093   0.14442527]
 [ 0.0016406   0.05691865  0.83321846]
 [ 0.0223805   0.1221399   1.0893543 ]
 [ 0.10042003  0.0624575   1.1788428 ]
 [ 0.0274754   0.12531859  1.2209371 ]
 [ 0.09296794  0.20335299  0.98869723]
 [ 0.22283795  0.21387976  0.7607052 ]
 [ 0.2864409   0.07136866  0.7112397 ]
 [-0.0747255   0.02688962  1.1009327 ]
 [-0.28828174 -0.11522335  1.1540298 ]
 [-0.25796235 -0.2689503   1.2515292 ]]
[[ 0.          0.          0.7017333 ]
 [-0.00301551 -0.09629251  0.70984304]
 [ 0.2763068  -0.04345748  0.4694549 ]
 [ 0.30198562 -0.03977901  0.03546613]
 [ 0.49866393 -0.00841051  0.        ]
 [ 0.00294229  0.09612452  0.6935875 ]
 [ 0.01337772  0.06321928  0.3071345 ]
 [-0.4171722  -0.07645151  0.3680318 ]
 [-0.4886012  -0.06680766  0.31626016]
 [-0.01131926  0.0447661   0.9175198 ]
 [ 0.00175495  0.10715127  1.1757905 ]
 [ 0.0931886   0.04916286  1.2658379 ]
 [ 0.00623033  0.11469805  1.2997959 ]
 [ 0.05460372  0.19314474  1.066956  ]
 [ 0.14375979  0.2459107   0.835099  ]
 [ 0.1595375   0.1672239   0.73214674]
 [-0.0845543   0.00478038  1.1946747 ]
 [-0.2311633  -0.18831438  1.314625  ]
 [-0.21997084 -0.26328105  1.4235151 ]]
[[ 0.00000000e+00  0.00000000e+00  7.78129756e-01]
 [-1.61289480e-02 -1.04437709e-01  7.87031770e-01]
 [ 1.72721028e-01 -1.09277070e-01  4.86938000e-01]
 [ 1.41509265e-01 -1.12423301e-01  5.07703424e-02]
 [ 3.17286283e-01 -9.14636254e-02  0.00000000e+00]
 [ 1.60270445e-02  1.04204088e-01  7.69166887e-01]
 [ 1.59152627e-01  2.98798680e-02  4.51998413e-01]
 [-2.60494441e-01  4.07282859e-02  5.25944948e-01]
 [-2.94280589e-01  5.53937554e-02  3.85220110e-01]
 [-1.48320347e-02  4.95791137e-02  9.94852066e-01]
 [ 1.14074349e-03  1.24975264e-01  1.25184321e+00]
 [ 9.14902538e-02  7.71829486e-02  1.33906627e+00]
 [-3.63549590e-03  1.28051758e-01  1.37128949e+00]
 [ 1.56747177e-02  2.25330770e-01  1.13377595e+00]
 [ 5.14809340e-02  2.92011619e-01  9.07915235e-01]
 [ 1.32353649e-01  3.40977043e-01  7.78866053e-01]
 [-6.00297153e-02 -1.38235092e-03  1.28720236e+00]
 [-1.56867713e-01 -2.18339115e-01  1.42144036e+00]
 [-1.61403805e-01 -2.85791397e-01  1.55474925e+00]]
[[ 0.          0.          0.77326113]
 [-0.01916042 -0.100017    0.77262115]
 [ 0.10376737 -0.10056585  0.4612345 ]
 [-0.03695659 -0.02345008  0.09559107]
 [ 0.10669029  0.01777774  0.        ]
 [ 0.01902701  0.09976767  0.7738195 ]
 [ 0.29068103 -0.05064446  0.57450014]
 [-0.14637166 -0.0697524   0.46723846]
 [-0.1719281  -0.05691484  0.3578934 ]
 [-0.02869428  0.04531434  0.99166524]
 [-0.02110687  0.11775458  1.2478904 ]
 [ 0.08599294  0.07828325  1.3231013 ]
 [-0.01631178  0.10661447  1.3626943 ]
 [-0.03613816  0.23543435  1.1335244 ]
 [-0.05538806  0.35309434  0.9272059 ]
 [ 0.00515756  0.504029    0.7924635 ]
 [-0.04818958 -0.02152723  1.2846658 ]
 [-0.03492403 -0.27622184  1.4413939 ]
 [-0.03127337 -0.2912351   1.5748193 ]]
[[ 0.          0.          0.61232257]
 [-0.01732524 -0.10926253  0.61079514]
 [ 0.0283411  -0.05176577  0.24396962]
 [-0.25340506  0.05749032  0.107777  ]
 [-0.216591    0.1498025   0.        ]
 [ 0.01721487  0.10898869  0.6137302 ]
 [ 0.3291573  -0.07390866  0.527414  ]
 [ 0.11128926 -0.20426184  0.16774929]
 [ 0.23441768 -0.24978465  0.07314593]
 [-0.0455423   0.02531709  0.83619756]
 [-0.06474449  0.08726621  1.0920484 ]
 [ 0.03603157  0.06196177  1.169388  ]
 [-0.04705782  0.08019072  1.2070267 ]
 [-0.09967829  0.21110266  0.98644984]
 [-0.17040867  0.3541342   0.8406695 ]
 [-0.12897715  0.55623317  0.7879612 ]
 [-0.04705035 -0.06627154  1.1222166 ]
 [ 0.00887169 -0.3334303   1.1755763 ]
 [ 0.04815997 -0.46182337  1.2754514 ]]
[[ 0.          0.          0.527979  ]
 [-0.01028473 -0.09717903  0.52924156]
 [ 0.03434265 -0.11894512  0.14390936]
 [-0.34406716 -0.05840483  0.1531702 ]
 [-0.39716873  0.03053123  0.0766151 ]
 [ 0.01016113  0.09689135  0.5265711 ]
 [ 0.35415947 -0.01087358  0.42248017]
 [ 0.3840189  -0.12426388  0.01439822]
 [ 0.5370339  -0.18907374  0.        ]
 [-0.02788243  0.02173215  0.7539195 ]
 [-0.04439768  0.07023576  1.0089004 ]
 [ 0.0446089   0.06369591  1.0941551 ]
 [-0.03397943  0.07715905  1.135673  ]
 [-0.08248237  0.20148325  0.9197115 ]
 [-0.13179871  0.41577286  0.8578886 ]
 [-0.05150986  0.60679686  0.9105178 ]
 [-0.0087004  -0.08151767  1.0244436 ]
 [ 0.05778974 -0.34301183  0.98089486]
 [ 0.20784727 -0.36351335  0.9786035 ]]
[[ 0.0000000e+00  0.0000000e+00  5.6301945e-01]
 [-1.1726411e-02 -9.7371481e-02  5.6946445e-01]
 [ 9.1348320e-02 -1.8157929e-01  2.0038354e-01]
 [-3.2162318e-01 -1.3901010e-01  2.4001977e-01]
 [-3.9887902e-01 -6.3034385e-02  2.0607725e-01]
 [ 1.1610277e-02  9.7112618e-02  5.5645412e-01]
 [ 3.7546697e-01  2.8199375e-02  4.0713072e-01]
 [ 4.4378191e-01 -6.6666186e-02  0.0000000e+00]
 [ 6.0341114e-01 -1.2696338e-01  6.0948730e-03]
 [-2.0960230e-02  2.0987824e-02  7.8829587e-01]
 [-3.2886982e-02  6.3609660e-02  1.0433187e+00]
 [ 5.1998585e-02  5.1896930e-02  1.1322598e+00]
 [-2.5002956e-02  6.6703022e-02  1.1661186e+00]
 [-6.5102950e-02  1.9405088e-01  9.6081877e-01]
 [-1.1401379e-01  3.9522678e-01  9.6746254e-01]
 [-3.2809258e-02  5.7051152e-01  1.0836866e+00]
 [-5.6504272e-04 -8.9182049e-02  1.0545530e+00]
 [ 5.6776270e-02 -3.3109003e-01  9.6654952e-01]
 [ 2.0550692e-01 -3.6455885e-01  9.0068775e-01]]
[[ 0.          0.          0.5989074 ]
 [-0.0106248  -0.10162316  0.6105589 ]
 [ 0.14889851 -0.25872374  0.3046955 ]
 [-0.2828409  -0.22421665  0.3296052 ]
 [-0.3697086  -0.15882663  0.3029213 ]
 [ 0.01049425  0.10138436  0.58714956]
 [ 0.38448584  0.04441242  0.41592103]
 [ 0.46703452 -0.0299288   0.        ]
 [ 0.6323298  -0.07981145  0.02814108]
 [-0.00972627  0.03961709  0.8217454 ]
 [-0.01338465  0.09762341  1.0756634 ]
 [ 0.07378538  0.08659518  1.1612916 ]
 [ 0.00264419  0.10334063  1.2037132 ]
 [-0.03562723  0.22534204  0.99680746]
 [-0.04229298  0.40766853  1.0454972 ]
 [ 0.07254323  0.5508362   1.189864  ]
 [ 0.01067725 -0.055814    1.0790734 ]
 [ 0.05369717 -0.28890622  0.9559672 ]
 [ 0.19488364 -0.3593145   0.8751998 ]]
[[ 0.          0.          0.6598992 ]
 [-0.00452371 -0.11517211  0.68486774]
 [ 0.26500446 -0.2630512   0.51323044]
 [-0.1901117  -0.22491807  0.46398142]
 [-0.23880713 -0.16350748  0.3643105 ]
 [ 0.00439863  0.11491381  0.63483226]
 [ 0.37829036  0.05533436  0.44425932]
 [ 0.41989592  0.01654518  0.        ]
 [ 0.6123046  -0.00881189  0.01344347]
 [-0.0130865   0.04799798  0.87924266]
 [-0.01958726  0.12182474  1.1314436 ]
 [ 0.08004966  0.10589075  1.1998589 ]
 [ 0.01238834  0.11756825  1.243343  ]
 [-0.02399728  0.24932408  1.0617118 ]
 [ 0.0610694   0.43585473  1.107606  ]
 [ 0.18777731  0.5927251   1.2231038 ]
 [-0.00823345 -0.03062236  1.1360626 ]
 [ 0.00784517 -0.2509387   1.0447223 ]
 [ 0.03934762 -0.3725852   0.9937795 ]]
[[ 0.0000000e+00  0.0000000e+00  7.3474151e-01]
 [-2.7827360e-03 -1.1041127e-01  7.6794881e-01]
 [ 3.0027002e-01 -3.1729525e-01  7.6514608e-01]
 [-7.8189373e-03 -3.7267962e-01  5.8616686e-01]
 [-5.4414570e-03 -3.4086770e-01  5.1888734e-01]
 [ 2.6743077e-03  1.1017499e-01  7.0145017e-01]
 [ 3.3965644e-01  6.9025457e-02  4.7369665e-01]
 [ 2.3434734e-01  2.5099576e-02  3.5551369e-02]
 [ 4.0692425e-01  2.3557484e-02  0.0000000e+00]
 [-1.5226930e-02  9.1493577e-02  9.3918157e-01]
 [-2.8214842e-02  1.8913627e-01  1.1816387e+00]
 [ 9.2160717e-02  1.5111768e-01  1.2389648e+00]
 [ 1.3679042e-02  1.7767471e-01  1.2912030e+00]
 [-6.0376525e-04  3.1001785e-01  1.1194198e+00]
 [ 1.5331729e-01  4.8484966e-01  1.2014900e+00]
 [ 3.1353477e-01  5.7010746e-01  1.3633273e+00]
 [-5.5030197e-02  4.5939624e-02  1.1863372e+00]
 [-9.8527871e-02 -2.4025762e-01  1.2177236e+00]
 [-1.3455167e-01 -3.7853208e-01  1.2955279e+00]]
[[ 0.          0.          0.7539419 ]
 [ 0.00809294 -0.09579064  0.7938546 ]
 [ 0.2546261  -0.36138198  0.9174339 ]
 [ 0.15284586 -0.6373223   0.6559496 ]
 [ 0.26095217 -0.6423999   0.67709506]
 [-0.00813534  0.09562758  0.713996  ]
 [ 0.23356909  0.1382398   0.4397515 ]
 [ 0.00615471  0.09575838  0.08993375]
 [ 0.10341562  0.1378454   0.        ]
 [-0.02965555  0.10116792  0.95040023]
 [-0.04757234  0.20664132  1.1874679 ]
 [ 0.08472255  0.15869302  1.2299017 ]
 [ 0.00774008  0.21266642  1.2773774 ]
 [ 0.02407117  0.2911309   1.123277  ]
 [ 0.18345919  0.27475965  1.1795964 ]
 [ 0.32324502  0.17527282  1.2566437 ]
 [-0.12705335  0.10215887  1.1884761 ]
 [-0.33571723 -0.06752104  1.1461983 ]
 [-0.515104   -0.2096031   1.1030632 ]]
[[ 0.          0.          0.7021225 ]
 [ 0.00440363 -0.09224625  0.7367615 ]
 [ 0.19858754 -0.39926523  0.8539983 ]
 [ 0.28176677 -0.7185777   0.67717934]
 [ 0.38650668 -0.7211373   0.7615434 ]
 [-0.00442276  0.09212921  0.66745406]
 [ 0.21035811  0.1877455   0.37953192]
 [-0.05989793  0.16596168  0.1005578 ]
 [-0.01045889  0.22916728  0.        ]
 [-0.02048781  0.10065691  0.9004611 ]
 [-0.02846488  0.19568092  1.1371381 ]
 [ 0.08421156  0.13973814  1.1751672 ]
 [ 0.02426484  0.20139855  1.2289758 ]
 [ 0.04069427  0.27548227  1.0697321 ]
 [ 0.2007846   0.27854493  1.0696778 ]
 [ 0.36173564  0.20317385  1.1135405 ]
 [-0.10975531  0.10107931  1.1422737 ]
 [-0.30975437 -0.08966741  1.1688265 ]
 [-0.43534398 -0.26708326  1.2118531 ]]
[[ 0.          0.          0.67511785]
 [ 0.00246066 -0.08007382  0.70796454]
 [ 0.1961075  -0.38646257  0.8106887 ]
 [ 0.33109856 -0.74367094  0.67934084]
 [ 0.4205832  -0.7556231   0.784002  ]
 [-0.00246475  0.07995984  0.6422522 ]
 [ 0.19222006  0.17020477  0.3482837 ]
 [-0.08912238  0.13667154  0.09386164]
 [-0.06023225  0.20689708  0.        ]
 [-0.01659254  0.10007676  0.8762523 ]
 [-0.02230588  0.18215024  1.1123378 ]
 [ 0.08838147  0.12114435  1.1458263 ]
 [ 0.02940352  0.18624693  1.1975073 ]
 [ 0.05291532  0.2571907   1.0447905 ]
 [ 0.23255388  0.29970577  1.019975  ]
 [ 0.40643823  0.18745202  1.0364497 ]
 [-0.11344355  0.10258985  1.1143751 ]
 [-0.3000058  -0.08566651  1.1354995 ]
 [-0.41180742 -0.2801667   1.1590736 ]]
[[ 0.          0.          0.6366378 ]
 [ 0.00881253 -0.08101482  0.67164534]
 [ 0.2149728  -0.3560291   0.77635217]
 [ 0.34256124 -0.7306347   0.66580826]
 [ 0.43893534 -0.751202    0.7640774 ]
 [-0.008814    0.08089982  0.6016106 ]
 [ 0.20070893  0.16896626  0.33850986]
 [-0.07556614  0.13842976  0.08767331]
 [-0.03181897  0.19712627  0.        ]
 [-0.00355776  0.1095968   0.8342315 ]
 [ 0.00941913  0.20514485  1.0616045 ]
 [ 0.12430211  0.14453238  1.0916692 ]
 [ 0.06519297  0.21226192  1.141786  ]
 [ 0.08274415  0.28255188  0.9886901 ]
 [ 0.29911113  0.3213699   0.9407721 ]
 [ 0.5045551   0.19059095  0.9556694 ]
 [-0.08116877  0.12051177  1.0692825 ]
 [-0.25377494 -0.07226515  1.0965134 ]
 [-0.3672839  -0.25782838  1.1312813 ]]
[[ 0.          0.          0.6165177 ]
 [ 0.00608773 -0.07738844  0.651551  ]
 [ 0.2046259  -0.36670887  0.73557687]
 [ 0.42119247 -0.74135697  0.6880033 ]
 [ 0.49609405 -0.7715381   0.79262245]
 [-0.00611674  0.07725942  0.58143425]
 [ 0.20402737  0.1395032   0.35592532]
 [-0.01149367  0.11865467  0.08555138]
 [ 0.04550189  0.18775472  0.        ]
 [ 0.01032666  0.11425865  0.80513424]
 [ 0.03316369  0.22818023  1.0255487 ]
 [ 0.14893775  0.1685291   1.0428064 ]
 [ 0.0969996   0.23747152  1.0991652 ]
 [ 0.10358194  0.30004478  0.93797404]
 [ 0.33531833  0.2983358   0.869115  ]
 [ 0.54558486  0.18098861  0.86188734]
 [-0.03585231  0.12834722  1.0438721 ]
 [-0.14282238 -0.06437519  1.0092397 ]
 [ 0.05391479 -0.1986097   0.86416686]]
[[ 0.0000000e+00  0.0000000e+00  6.0554188e-01]
 [ 2.9375553e-03 -8.2679868e-02  6.3660562e-01]
 [ 2.1089584e-01 -3.5555187e-01  7.4181545e-01]
 [ 3.8954973e-01 -7.3376226e-01  6.8945229e-01]
 [ 4.6630287e-01 -7.7400386e-01  7.7967894e-01]
 [-2.9764213e-03  8.2570866e-02  5.7443660e-01]
 [ 2.1309328e-01  1.4163294e-01  3.8150638e-01]
 [-2.8701499e-04  1.0844216e-01  8.3135307e-02]
 [ 1.0631659e-01  1.5618041e-01  0.0000000e+00]
 [ 1.9394532e-02  1.1702135e-01  7.9484308e-01]
 [ 5.1122136e-02  2.3830321e-01  1.0085521e+00]
 [ 1.8768345e-01  1.8062755e-01  1.0174117e+00]
 [ 1.2670672e-01  2.5719178e-01  1.0711805e+00]
 [ 1.2513624e-01  3.1367385e-01  9.2985934e-01]
 [ 3.5925782e-01  3.1103387e-01  8.5153747e-01]
 [ 6.0174030e-01  2.3373321e-01  8.0570060e-01]
 [-1.4202967e-02  1.3005042e-01  1.0268936e+00]
 [ 1.0705482e-02 -7.8138649e-02  9.5223367e-01]
 [-7.6595590e-02 -5.5172145e-02  1.0079510e+00]]
[[ 0.          0.          0.39265704]
 [ 0.00799608 -0.09272654  0.4305982 ]
 [ 0.278849   -0.2565662   0.48573518]
 [ 0.36775506 -0.45051232  0.18271884]
 [ 0.5571493  -0.48651803  0.06830594]
 [-0.00809426  0.09260585  0.35467777]
 [ 0.28583682  0.14793877  0.2994362 ]
 [ 0.3999838  -0.04233304  0.        ]
 [ 0.57039315 -0.03056759  0.01912469]
 [ 0.08165564  0.11003888  0.5614595 ]
 [ 0.1842562   0.24951455  0.73156214]
 [ 0.3386724   0.18725717  0.6895039 ]
 [ 0.2710209   0.23870721  0.7524326 ]
 [ 0.20624322  0.34628946  0.6644726 ]
 [ 0.43257186  0.32631114  0.5217451 ]
 [ 0.7003575   0.19741862  0.43870187]
 [ 0.15266699  0.11712533  0.7629802 ]
 [ 0.30587894 -0.06828989  0.6170453 ]
 [ 0.39949983  0.01761895  0.66443944]]
[[ 0.          0.          0.36858705]
 [ 0.00943277 -0.08431508  0.41453034]
 [ 0.2511986  -0.32907236  0.425166  ]
 [ 0.44395125 -0.5280348   0.1569235 ]
 [ 0.5687108  -0.5810491   0.17125204]
 [-0.0095043   0.08425845  0.32264158]
 [ 0.29920536  0.10383171  0.26136887]
 [ 0.4401852  -0.09329405  0.        ]
 [ 0.5892317  -0.09298536  0.08545732]
 [ 0.10260729  0.11731939  0.5225391 ]
 [ 0.2195119   0.26943347  0.6737468 ]
 [ 0.37334523  0.2046608   0.62422526]
 [ 0.3195713   0.26936787  0.690343  ]
 [ 0.23122293  0.3620562   0.6013659 ]
 [ 0.46141797  0.34033188  0.44773617]
 [ 0.7117163   0.20947284  0.37982917]
 [ 0.20110308  0.14163962  0.7224066 ]
 [ 0.35062033 -0.02189019  0.5737295 ]
 [ 0.5096128   0.02955492  0.5750247 ]]
[[ 0.          0.          0.37721834]
 [ 0.01787103 -0.08095329  0.4244898 ]
 [ 0.27709407 -0.24784034  0.4687839 ]
 [ 0.37438256 -0.5663569   0.26737884]
 [ 0.4942298  -0.6264775   0.25184557]
 [-0.0179752   0.08086538  0.32993528]
 [ 0.307002    0.09651017  0.26742044]
 [ 0.3743108  -0.17449301  0.        ]
 [ 0.53290164 -0.16733885  0.06119812]
 [ 0.09435851  0.12004374  0.53482795]
 [ 0.20924929  0.27716714  0.69245505]
 [ 0.36071306  0.20819132  0.6520345 ]
 [ 0.30051202  0.27135795  0.71036196]
 [ 0.21551663  0.3696303   0.6104462 ]
 [ 0.44187728  0.34648997  0.44481888]
 [ 0.69619346  0.21850288  0.3895142 ]
 [ 0.20189099  0.14905944  0.7406881 ]
 [ 0.39083067 -0.00174507  0.58815706]
 [ 0.51811904  0.09933132  0.5660397 ]]
[[ 0.00000000e+00  0.00000000e+00  3.26190591e-01]
 [ 1.77876204e-02 -8.38090405e-02  3.83510083e-01]
 [ 3.01010430e-01 -2.45027959e-01  4.58132684e-01]
 [ 3.17823350e-01 -4.50607449e-01  1.45095527e-01]
 [ 4.56319928e-01 -4.87529993e-01  9.18336511e-02]
 [-1.79176033e-02  8.37011263e-02  2.68854469e-01]
 [ 3.37828398e-01  1.15633905e-01  2.14735061e-01]
 [ 3.50342810e-01 -1.79431915e-01  0.00000000e+00]
 [ 5.02593994e-01 -2.00192332e-01  8.53761584e-02]
 [ 8.68617445e-02  1.32631704e-01  4.78803843e-01]
 [ 2.01084360e-01  2.99917161e-01  6.30520821e-01]
 [ 3.58128846e-01  2.25475818e-01  6.07778072e-01]
 [ 2.99301267e-01  2.91040808e-01  6.53652549e-01]
 [ 2.06399485e-01  3.97822320e-01  5.49335837e-01]
 [ 4.20952260e-01  3.74300867e-01  3.72759342e-01]
 [ 6.75798655e-01  2.41926596e-01  3.44403505e-01]
 [ 1.92766309e-01  1.66911721e-01  6.84353292e-01]
 [ 3.83264840e-01 -2.40325928e-04  5.55292845e-01]
 [ 5.71668684e-01  8.19206983e-02  5.01522899e-01]]
[[ 0.          0.          0.29978347]
 [ 0.00380019 -0.08092873  0.3555125 ]
 [ 0.32754523 -0.26935846  0.44932014]
 [ 0.32604426 -0.4452081   0.15028122]
 [ 0.4455129  -0.49833167  0.12345108]
 [-0.00393027  0.08082878  0.24403238]
 [ 0.3342422   0.10271838  0.18359125]
 [ 0.35442954 -0.20494902  0.        ]
 [ 0.5023328  -0.2268019   0.04548621]
 [ 0.10671502  0.13292056  0.44226867]
 [ 0.2336677   0.29648548  0.5877595 ]
 [ 0.3805192   0.22337765  0.56060076]
 [ 0.32183725  0.2904371   0.61067325]
 [ 0.23573467  0.3946757   0.50718033]
 [ 0.44130334  0.39385897  0.3297757 ]
 [ 0.6795175   0.27338248  0.29463643]
 [ 0.22353812  0.1676457   0.64658946]
 [ 0.42050081  0.00979169  0.5063224 ]
 [ 0.60677546  0.09758191  0.46524385]]
[[ 0.          0.          0.274966  ]
 [ 0.00621182 -0.07395816  0.345201  ]
 [ 0.31033996 -0.3319595   0.42471355]
 [ 0.28631884 -0.52597237  0.16351524]
 [ 0.3742661  -0.5805168   0.16497082]
 [-0.00631173  0.07386446  0.20470774]
 [ 0.35057372  0.08356349  0.121612  ]
 [ 0.38432595 -0.1794326   0.        ]
 [ 0.49116147 -0.19646713  0.07727772]
 [ 0.11024777  0.14260384  0.40371892]
 [ 0.24670316  0.3173093   0.5396976 ]
 [ 0.39042327  0.2472257   0.5239455 ]
 [ 0.34283254  0.32623282  0.56963825]
 [ 0.24595144  0.41984153  0.45511955]
 [ 0.44495064  0.44863343  0.26726186]
 [ 0.69612396  0.33712143  0.24013174]
 [ 0.2392686   0.19095892  0.60780644]
 [ 0.4297588   0.03766116  0.47431132]
 [ 0.63001084  0.12322056  0.42287204]]
[[ 0.          0.          0.2998786 ]
 [ 0.01577197 -0.07520429  0.36790228]
 [ 0.34791934 -0.30444112  0.42048526]
 [ 0.29739302 -0.5106927   0.16972888]
 [ 0.38518733 -0.5678301   0.15676579]
 [-0.01586378  0.0751306   0.23184751]
 [ 0.350075    0.08928302  0.15827541]
 [ 0.35824615 -0.15643984  0.        ]
 [ 0.45621705 -0.1709002   0.08420028]
 [ 0.1155256   0.14806077  0.41861957]
 [ 0.25703415  0.32466322  0.5381905 ]
 [ 0.38851893  0.26208714  0.49337596]
 [ 0.3390242   0.3342346   0.5455741 ]
 [ 0.23193704  0.426948    0.45712465]
 [ 0.40541843  0.47160518  0.24961925]
 [ 0.65042996  0.3850654   0.22652078]
 [ 0.27169266  0.19889659  0.6135564 ]
 [ 0.4465844   0.05623801  0.4604741 ]
 [ 0.64695215  0.13169476  0.36875626]]
[[ 0.          0.          0.29057425]
 [ 0.0287117  -0.07397802  0.36176658]
 [ 0.3916847  -0.24247278  0.41319844]
 [ 0.28513008 -0.4720303   0.15807375]
 [ 0.36925972 -0.51828027  0.11901   ]
 [-0.02880305  0.07390601  0.21937813]
 [ 0.34535563  0.11974787  0.11194508]
 [ 0.27648646 -0.18689281  0.        ]
 [ 0.3455686  -0.1824846   0.03862345]
 [ 0.10765996  0.15466778  0.40863585]
 [ 0.24908799  0.33813354  0.52880776]
 [ 0.3804      0.26685828  0.47898656]
 [ 0.33332455  0.33193016  0.53482556]
 [ 0.21743003  0.43489987  0.4466104 ]
 [ 0.3408856   0.46745032  0.2071675 ]
 [ 0.57872736  0.35800985  0.16951668]
 [ 0.26592338  0.20988923  0.6014922 ]
 [ 0.4338189   0.06014773  0.44271293]
 [ 0.62185764  0.13612975  0.32995453]]
[[ 0.          0.          0.27299178]
 [ 0.02377444 -0.08495048  0.3333455 ]
 [ 0.4106974  -0.19750759  0.45380986]
 [ 0.28506806 -0.34861758  0.13238055]
 [ 0.36550093 -0.3671032   0.08501978]
 [-0.02387803  0.08487533  0.21261577]
 [ 0.33184212  0.15404734  0.07131325]
 [ 0.19650209 -0.16130428  0.00479186]
 [ 0.3149668  -0.17591757  0.        ]
 [ 0.11585607  0.15010726  0.39245024]
 [ 0.26038837  0.3313157   0.5202296 ]
 [ 0.38554993  0.25952768  0.48307407]
 [ 0.3346015   0.31873155  0.533542  ]
 [ 0.22428438  0.42647344  0.4345749 ]
 [ 0.30938917  0.47113237  0.16674376]
 [ 0.5280039   0.37670255  0.1170401 ]
 [ 0.27217618  0.19791418  0.585832  ]
 [ 0.42774943  0.0583425   0.40800232]
 [ 0.605584    0.16142918  0.29107714]]
[[ 0.          0.          0.29118395]
 [ 0.02471525 -0.08811106  0.3511585 ]
 [ 0.3817552  -0.28204316  0.45911616]
 [ 0.21003395 -0.43200722  0.17669493]
 [ 0.28454882 -0.48328626  0.15610576]
 [-0.02480533  0.08802389  0.23118958]
 [ 0.32612142  0.1899133   0.07184048]
 [ 0.21244004 -0.05924711  0.0092693 ]
 [ 0.2821694  -0.03330827  0.        ]
 [ 0.12119906  0.14520505  0.41053614]
 [ 0.27059603  0.32137698  0.5415686 ]
 [ 0.3893055   0.24607351  0.5192865 ]
 [ 0.34030607  0.3061574   0.5582326 ]
 [ 0.23475023  0.42919797  0.4579578 ]
 [ 0.2864292   0.48733148  0.17780095]
 [ 0.48667535  0.40398866  0.08648634]
 [ 0.2825365   0.18415418  0.6020384 ]
 [ 0.4180922   0.06633006  0.37849832]
 [ 0.59398884  0.16602786  0.2768272 ]]
[[ 0.          0.          0.33582288]
 [ 0.03045631 -0.09301941  0.39614683]
 [ 0.3969021  -0.24274002  0.4764187 ]
 [ 0.20000932 -0.38324144  0.18237475]
 [ 0.261707   -0.4081186   0.13941726]
 [-0.03053606  0.09293616  0.2754736 ]
 [ 0.29615864  0.20834853  0.09203571]
 [ 0.1592034   0.0196684   0.        ]
 [ 0.2536262   0.03542507  0.01243576]
 [ 0.12676379  0.14940737  0.45598158]
 [ 0.27650124  0.3251087   0.58139527]
 [ 0.38969922  0.25022084  0.5428573 ]
 [ 0.33884197  0.29653853  0.5922874 ]
 [ 0.23325604  0.43004304  0.50609374]
 [ 0.25828037  0.49076557  0.2223151 ]
 [ 0.43472445  0.43004385  0.0948588 ]
 [ 0.29744154  0.18726943  0.637046  ]
 [ 0.4251818   0.09196977  0.39223513]
 [ 0.58606374  0.1884219   0.2729649 ]]
[[ 0.          0.          0.39890057]
 [ 0.0334004  -0.0951992   0.45958883]
 [ 0.41108897 -0.23381287  0.52929485]
 [ 0.14896402 -0.36836287  0.26584074]
 [ 0.19813311 -0.3844532   0.21022785]
 [-0.03346801  0.09508859  0.33818826]
 [ 0.253477    0.22449636  0.12282023]
 [ 0.18139395  0.06716934  0.        ]
 [ 0.23223199  0.10421789  0.035577  ]
 [ 0.12375763  0.14880577  0.5222165 ]
 [ 0.27140653  0.32178426  0.65001196]
 [ 0.37887615  0.24207987  0.60352737]
 [ 0.33330736  0.28733853  0.65857553]
 [ 0.23153     0.42993748  0.5772152 ]
 [ 0.22719851  0.49061307  0.29244173]
 [ 0.38091666  0.45528087  0.13772577]
 [ 0.283963    0.17957833  0.7006076 ]
 [ 0.37277207  0.06885493  0.45192668]
 [ 0.50898075  0.16784751  0.3092403 ]]
[[ 0.          0.          0.46872246]
 [ 0.03352152 -0.09783411  0.5227911 ]
 [ 0.44495943 -0.17486128  0.59747916]
 [ 0.16389817 -0.2805411   0.30136043]
 [ 0.20848945 -0.26669344  0.2049458 ]
 [-0.03359635  0.09769566  0.41462886]
 [ 0.19715385  0.22381079  0.16539201]
 [ 0.11513485  0.06734303  0.        ]
 [ 0.19372018  0.09381047  0.03463343]
 [ 0.12146235  0.14089465  0.6078193 ]
 [ 0.26562563  0.31061962  0.749052  ]
 [ 0.37342662  0.22548221  0.7023391 ]
 [ 0.32048768  0.2609173   0.7602148 ]
 [ 0.2323096   0.41471246  0.6757777 ]
 [ 0.20491786  0.46693838  0.38228902]
 [ 0.3160606   0.43326098  0.21222389]
 [ 0.271254    0.17063427  0.7956752 ]
 [ 0.32480523  0.05698372  0.5426183 ]
 [ 0.43285912  0.13817936  0.34618196]]
[[ 0.          0.          0.48293826]
 [ 0.03155615 -0.10404609  0.52843916]
 [ 0.44877425 -0.13870752  0.58022237]
 [ 0.15916812 -0.24283144  0.28123417]
 [ 0.20580417 -0.22012764  0.1694287 ]
 [-0.03165157  0.10388908  0.43741047]
 [ 0.1740237   0.25401688  0.1717689 ]
 [ 0.03891166  0.07915986  0.        ]
 [ 0.1154529   0.11462462  0.00882569]
 [ 0.11806101  0.12874268  0.63506263]
 [ 0.2586726   0.2867571   0.7887093 ]
 [ 0.36471456  0.19244546  0.7451092 ]
 [ 0.30257556  0.21933433  0.80016804]
 [ 0.23696835  0.39614564  0.71401525]
 [ 0.19825065  0.44435984  0.42607608]
 [ 0.27956378  0.40637428  0.24535501]
 [ 0.24957576  0.14775467  0.83944744]
 [ 0.29008746  0.05481266  0.5696789 ]
 [ 0.3913263   0.11048919  0.38323194]]
[[ 0.          0.          0.48882475]
 [ 0.03307439 -0.10828975  0.52927613]
 [ 0.45304638 -0.09654126  0.54653186]
 [ 0.14983813 -0.1912648   0.2353225 ]
 [ 0.2025108  -0.16120875  0.13209924]
 [-0.03318217  0.10812232  0.44833547]
 [ 0.15536848  0.2555372   0.15198651]
 [-0.01713081  0.0690839   0.        ]
 [ 0.0516732   0.09958738  0.00721315]
 [ 0.11728977  0.11625959  0.6529857 ]
 [ 0.25404128  0.25631556  0.8211156 ]
 [ 0.35921723  0.1555541   0.7869053 ]
 [ 0.29074228  0.17633265  0.8424276 ]
 [ 0.24359562  0.3656817   0.7440855 ]
 [ 0.19044797  0.41828924  0.45762762]
 [ 0.25600994  0.36585832  0.27549326]
 [ 0.23259887  0.12125975  0.8699132 ]
 [ 0.2686829   0.03235986  0.6021326 ]
 [ 0.3812819   0.1223274   0.44125482]]
[[ 0.          0.          0.49554342]
 [ 0.02461632 -0.11226229  0.5334997 ]
 [ 0.43959635 -0.113047    0.5184897 ]
 [ 0.12014824 -0.18363094  0.20922685]
 [ 0.17574233 -0.160779    0.10689032]
 [-0.02472629  0.11207943  0.4575505 ]
 [ 0.13796844  0.25813985  0.15165707]
 [-0.04109211  0.10757786  0.02382052]
 [ 0.0105941   0.15277788  0.        ]
 [ 0.11652747  0.10737604  0.6659209 ]
 [ 0.25414112  0.23565945  0.8446085 ]
 [ 0.36215174  0.13303986  0.8181557 ]
 [ 0.29373515  0.15281245  0.8721235 ]
 [ 0.2545863   0.3502178   0.7680106 ]
 [ 0.19605455  0.39835906  0.48141548]
 [ 0.24449584  0.32381973  0.30117995]
 [ 0.21781135  0.09633386  0.89449584]
 [ 0.23288426 -0.01481062  0.6340989 ]
 [ 0.36138403  0.09716664  0.4902388 ]]
[[ 0.          0.          0.49859834]
 [ 0.02336099 -0.11285783  0.5324522 ]
 [ 0.4342944  -0.10672493  0.46365887]
 [ 0.09600788 -0.16259003  0.15805072]
 [ 0.1500153  -0.12555861  0.06012514]
 [-0.02347239  0.11267275  0.4646997 ]
 [ 0.11253773  0.24752213  0.14080456]
 [-0.10699381  0.10947227  0.03896919]
 [-0.06736629  0.15342897  0.        ]
 [ 0.11355343  0.10704395  0.6755754 ]
 [ 0.24890573  0.22620487  0.8628638 ]
 [ 0.36327955  0.1292128   0.84175575]
 [ 0.3011443   0.15424949  0.8996343 ]
 [ 0.25834692  0.33372968  0.77962303]
 [ 0.19734159  0.37798548  0.49322152]
 [ 0.23654138  0.27521092  0.32770342]
 [ 0.2005449   0.08814448  0.91807926]
 [ 0.19887964 -0.05535403  0.6749744 ]
 [ 0.33485407  0.06810708  0.5450209 ]]
[[ 0.          0.          0.49520907]
 [ 0.0254148  -0.11066993  0.52685595]
 [ 0.4361241  -0.06424852  0.41061547]
 [ 0.08722374 -0.13295984  0.12435642]
 [ 0.14515725 -0.07218409  0.0218769 ]
 [-0.02552594  0.1104839   0.46350923]
 [ 0.10882749  0.23175114  0.14650235]
 [-0.1525928   0.05860105  0.0595735 ]
 [-0.14152384  0.1093663   0.        ]
 [ 0.10896193  0.10069589  0.67873204]
 [ 0.24502032  0.21481213  0.8718709 ]
 [ 0.36036146  0.12165183  0.85332775]
 [ 0.30770117  0.15140042  0.9122095 ]
 [ 0.26303148  0.31892353  0.78165996]
 [ 0.19776788  0.36733973  0.49911344]
 [ 0.24916112  0.23987626  0.3512876 ]
 [ 0.18619084  0.07803848  0.93201315]
 [ 0.17362621 -0.09017277  0.70391494]
 [ 0.31990302  0.0348404   0.59195495]]
[[ 0.          0.          0.5163261 ]
 [ 0.0278298  -0.11217371  0.5470317 ]
 [ 0.4233716  -0.05100858  0.38757005]
 [ 0.08892342 -0.12167102  0.10207993]
 [ 0.15776366 -0.05023599  0.        ]
 [-0.02794656  0.11199151  0.4855653 ]
 [ 0.10437255  0.20494564  0.15504348]
 [-0.18963262  0.00219205  0.10645765]
 [-0.20541182  0.05197826  0.0148716 ]
 [ 0.10760254  0.09407514  0.7023685 ]
 [ 0.24472898  0.2023673   0.9006068 ]
 [ 0.36274856  0.11248624  0.8877971 ]
 [ 0.31554842  0.14641836  0.94566226]
 [ 0.2681262   0.30601233  0.8068466 ]
 [ 0.19774331  0.35524055  0.5257851 ]
 [ 0.25405192  0.20346393  0.39027613]
 [ 0.17848781  0.06936657  0.9622058 ]
 [ 0.16444498 -0.10803129  0.74598026]
 [ 0.31887063  0.02903268  0.6534878 ]]
[[ 0.00000000e+00  0.00000000e+00  5.47147334e-01]
 [ 2.53620148e-02 -1.11508168e-01  5.73137999e-01]
 [ 4.13459390e-01 -4.82527167e-02  3.83291841e-01]
 [ 8.76591206e-02 -1.12475038e-01  9.89957154e-02]
 [ 1.65708184e-01 -4.18201089e-02  0.00000000e+00]
 [-2.54815817e-02  1.11329943e-01  5.21096766e-01]
 [ 1.05681732e-01  1.95134789e-01  1.87481999e-01]
 [-2.36194640e-01  8.10921192e-05  1.28517449e-01]
 [-2.46679783e-01  5.11392653e-02  1.93174481e-02]
 [ 1.04227543e-01  8.62623155e-02  7.38049984e-01]
 [ 2.39624113e-01  1.85884655e-01  9.40172017e-01]
 [ 3.53933036e-01  9.32748914e-02  9.30959225e-01]
 [ 3.10067385e-01  1.26268774e-01  9.88779485e-01]
 [ 2.64693737e-01  2.86432028e-01  8.45590711e-01]
 [ 1.95036530e-01  3.38069052e-01  5.65744281e-01]
 [ 2.56343603e-01  1.81406513e-01  4.42452550e-01]
 [ 1.69299841e-01  5.67735136e-02  1.00054789e+00]
 [ 1.49959475e-01 -1.18928045e-01  7.86700130e-01]
 [ 3.08131099e-01  1.52590275e-02  7.05146909e-01]]
