[[ 0.          0.          0.77114177]
 [ 0.03058751 -0.08761356  0.75588596]
 [-0.08967452 -0.0064275   0.44976413]
 [-0.49322683  0.09079812  0.6128149 ]
 [-0.6102141   0.16271704  0.52055526]
 [-0.03065255  0.08747236  0.7862952 ]
 [ 0.22574618  0.21506508  0.48258498]
 [ 0.27287728  0.23756492  0.03361213]
 [ 0.41580218  0.2559945   0.        ]
 [ 0.05445336  0.03071527  0.9771212 ]
 [ 0.11161159  0.05714285  1.2223184 ]
 [ 0.21402933  0.03222039  1.2908821 ]
 [ 0.14294666  0.02039683  1.3271763 ]
 [ 0.01019076  0.16327518  1.1608335 ]
 [-0.1474388   0.30385894  1.0762799 ]
 [-0.11746085  0.4232865   0.86974007]
 [ 0.19751647 -0.07600936  1.2017244 ]
 [ 0.21024826 -0.239497    0.99670494]
 [ 0.34356996 -0.02837305  0.9627585 ]]
[[ 0.          0.          0.78449726]
 [ 0.03689471 -0.08667812  0.76894933]
 [-0.02916851 -0.01710874  0.44897568]
 [-0.4443347   0.08307209  0.6468628 ]
 [-0.5777795   0.15071443  0.57070434]
 [-0.03695651  0.08652266  0.79994255]
 [ 0.1906268   0.21451169  0.49016035]
 [ 0.19530585  0.22140682  0.04221654]
 [ 0.33872953  0.24700159  0.        ]
 [ 0.06125277  0.04041593  0.9878086 ]
 [ 0.12473255  0.08063611  1.23298   ]
 [ 0.2264007   0.05445775  1.3070672 ]
 [ 0.15317242  0.04080456  1.3450788 ]
 [ 0.02647931  0.19006687  1.1633594 ]
 [-0.08680734  0.33952916  1.0535152 ]
 [ 0.00315699  0.47608328  0.8730624 ]
 [ 0.21253291 -0.05698192  1.2148857 ]
 [ 0.18752763 -0.23242128  1.0174135 ]
 [ 0.29889148 -0.05994137  0.9352269 ]]
[[ 0.00000000e+00  0.00000000e+00  8.14961970e-01]
 [ 4.83686998e-02 -8.87790769e-02  8.00046802e-01]
 [ 9.58733633e-02 -1.78900957e-02  4.62095290e-01]
 [-3.38909000e-01  8.06444734e-02  6.63583875e-01]
 [-4.54729497e-01  1.39509454e-01  5.77374935e-01]
 [-4.84472811e-02  8.86104256e-02  8.29795480e-01]
 [ 9.83328447e-02  1.63164213e-01  4.83178705e-01]
 [-1.52830034e-04  1.33701205e-01  5.36934733e-02]
 [ 1.23789065e-01  1.72648311e-01  0.00000000e+00]
 [ 6.79576695e-02  4.54583466e-02  1.01538384e+00]
 [ 1.37716532e-01  9.59031880e-02  1.26003051e+00]
 [ 2.31696397e-01  6.17208779e-02  1.34200978e+00]
 [ 1.49939805e-01  4.43748832e-02  1.37922525e+00]
 [ 3.93783264e-02  2.04035044e-01  1.18304753e+00]
 [ 1.31457373e-02  3.52527916e-01  1.02232301e+00]
 [ 1.60816580e-01  4.88266766e-01  8.85555387e-01]
 [ 2.24484831e-01 -4.11913395e-02  1.24452662e+00]
 [ 1.65326178e-01 -2.07636327e-01  1.05453134e+00]
 [ 2.47840226e-01 -4.56992090e-02  9.48990464e-01]]
[[ 0.          0.          0.8051453 ]
 [ 0.04582515 -0.09459666  0.7938311 ]
 [ 0.25487936  0.00945342  0.49408132]
 [-0.13221505  0.06494425  0.548072  ]
 [-0.18959263  0.11506259  0.4326729 ]
 [-0.04591195  0.09437864  0.81641376]
 [-0.01393055  0.17135835  0.4442446 ]
 [-0.20708069  0.15861374  0.08391511]
 [-0.09996662  0.21829194  0.        ]
 [ 0.07290301  0.06004155  1.0010977 ]
 [ 0.15612634  0.12741306  1.2382493 ]
 [ 0.24846026  0.09568095  1.3112671 ]
 [ 0.1721701   0.09092402  1.3670639 ]
 [ 0.07939919  0.24243861  1.1566992 ]
 [ 0.10001627  0.3247822   0.9405752 ]
 [ 0.29789603  0.40535963  0.9127574 ]
 [ 0.21581279 -0.01407474  1.2236052 ]
 [ 0.09453297 -0.1603302   1.0533339 ]
 [ 0.15502179 -0.08492309  0.901673  ]]
[[ 0.          0.          0.7206422 ]
 [ 0.028521   -0.10147154  0.7070383 ]
 [ 0.33294946  0.01709402  0.46679267]
 [ 0.01303784  0.05240333  0.25908706]
 [ 0.05702516  0.07867318  0.12120378]
 [-0.02859779  0.10127527  0.734229  ]
 [-0.11238548  0.15656309  0.3515207 ]
 [-0.37486324  0.18955755  0.11356342]
 [-0.32265848  0.25856048  0.        ]
 [ 0.05844076  0.03284191  0.9276917 ]
 [ 0.13690664  0.06742492  1.169054  ]
 [ 0.24100752  0.03017056  1.2285825 ]
 [ 0.1710023   0.03585804  1.2913392 ]
 [ 0.09043691  0.1913175   1.0860043 ]
 [ 0.15689754  0.25123823  0.8466531 ]
 [ 0.29581445  0.26159835  0.9501411 ]
 [ 0.15419036 -0.0832327   1.1702251 ]
 [-0.02115619 -0.25796258  1.0946031 ]
 [ 0.05920392 -0.15530834  0.9556056 ]]
[[ 0.0000000e+00  0.0000000e+00  6.7651987e-01]
 [ 2.3817666e-02 -1.0188924e-01  6.7010748e-01]
 [ 3.6121348e-01  6.9738671e-02  4.4031468e-01]
 [ 2.9636446e-01  1.7389330e-01  7.0524514e-02]
 [ 4.2081988e-01  2.1484834e-01  0.0000000e+00]
 [-2.3831911e-02  1.0177183e-01  6.8293488e-01]
 [-1.7579871e-01  8.5759640e-02  2.8183937e-01]
 [-5.5026811e-01 -9.8040700e-04  1.8664247e-01]
 [-5.7235372e-01  3.7570298e-02  7.4938238e-02]
 [ 4.5603573e-02  1.7394081e-02  8.8659185e-01]
 [ 1.2020594e-01  1.8664926e-02  1.1341341e+00]
 [ 2.4199361e-01 -2.8004289e-02  1.1927823e+00]
 [ 1.7016274e-01 -2.4840653e-02  1.2566019e+00]
 [ 9.3322523e-02  1.4060366e-01  1.0495023e+00]
 [ 1.5119639e-01  2.1294078e-01  7.9488957e-01]
 [ 2.5365168e-01  1.7847380e-01  9.2443728e-01]
 [ 1.0485828e-01 -1.1043456e-01  1.1380225e+00]
 [-1.0036271e-01 -2.5320959e-01  1.1791596e+00]
 [-9.6214436e-02 -1.9558011e-01  9.5608890e-01]]
[[ 0.          0.          0.69476694]
 [ 0.02787969 -0.09798888  0.6926146 ]
 [ 0.34182462  0.10477692  0.45054156]
 [ 0.324596    0.1769861   0.04933673]
 [ 0.46663988  0.22276741  0.        ]
 [-0.02787859  0.09790076  0.6969249 ]
 [-0.16398203  0.07732031  0.27677664]
 [-0.57459587 -0.09978497  0.29240146]
 [-0.63715273 -0.0825662   0.21311182]
 [ 0.05744353  0.01358581  0.9057119 ]
 [ 0.13977318  0.00866562  1.151616  ]
 [ 0.25612456 -0.0358223   1.2199864 ]
 [ 0.18071714 -0.0294261   1.2757539 ]
 [ 0.09393393  0.12997234  1.0732564 ]
 [ 0.11115082  0.22976962  0.82420295]
 [ 0.25999624  0.2261608   0.8778703 ]
 [ 0.13133287 -0.11328977  1.1433764 ]
 [-0.07386661 -0.23190586  1.1075716 ]
 [-0.06465589 -0.26353028  0.87434214]]
[[ 0.          0.          0.7163645 ]
 [ 0.03247808 -0.09423333  0.7158147 ]
 [ 0.31956103  0.13984443  0.46467865]
 [ 0.29986092  0.2235361   0.0478363 ]
 [ 0.4497869   0.26807934  0.        ]
 [-0.03249352  0.09412698  0.71690166]
 [-0.09893633  0.08922222  0.28813273]
 [-0.5174908  -0.14384475  0.38928217]
 [-0.6036353  -0.15208235  0.34189433]
 [ 0.06762678  0.00787869  0.92149806]
 [ 0.15172172 -0.00595886  1.1687113 ]
 [ 0.26357883 -0.0447644   1.2411034 ]
 [ 0.18052173 -0.04910201  1.2973111 ]
 [ 0.08064906  0.11233783  1.1006479 ]
 [ 0.03986858  0.19908756  0.8637905 ]
 [ 0.19364747  0.29014388  0.8198813 ]
 [ 0.15477428 -0.12500653  1.1394545 ]
 [-0.05263634 -0.22207753  1.0562454 ]
 [-0.0287354  -0.28781915  0.8237349 ]]
[[ 0.          0.          0.7347708 ]
 [ 0.03610921 -0.08920069  0.73418766]
 [ 0.27495223  0.1484936   0.4771367 ]
 [ 0.21096723  0.24885887  0.06292069]
 [ 0.344272    0.30987388  0.        ]
 [-0.03615728  0.08908717  0.7353337 ]
 [-0.01236288  0.09131667  0.31837043]
 [-0.43696505 -0.15612856  0.46232322]
 [-0.5389627  -0.18355215  0.40015757]
 [ 0.07701322  0.01200628  0.937485  ]
 [ 0.1570135  -0.00966361  1.1868333 ]
 [ 0.26837143 -0.05351442  1.2681117 ]
 [ 0.18482655 -0.06144744  1.3200809 ]
 [ 0.07549465  0.09968197  1.1153871 ]
 [-0.02111664  0.1649805   0.8983761 ]
 [ 0.06883639  0.29251555  0.79234636]
 [ 0.16834143 -0.1200434   1.1482952 ]
 [ 0.01694477 -0.2046291   0.97206295]
 [ 0.03733788 -0.2937382   0.8106263 ]]
[[ 0.          0.          0.7398127 ]
 [ 0.02910104 -0.08967547  0.7365296 ]
 [ 0.18010047  0.12045234  0.4418431 ]
 [ 0.05761061  0.26283187  0.06637931]
 [ 0.17425539  0.32362455  0.        ]
 [-0.02917361  0.08953753  0.7430525 ]
 [ 0.11925741  0.12253562  0.36567616]
 [-0.29875183 -0.09082298  0.4536205 ]
 [-0.37218356 -0.09637326  0.3411918 ]
 [ 0.0817125   0.01966688  0.9444808 ]
 [ 0.16038902  0.00419417  1.1953572 ]
 [ 0.27095878 -0.03909662  1.2756562 ]
 [ 0.18630382 -0.0457347   1.3272407 ]
 [ 0.07282072  0.11143312  1.1294369 ]
 [-0.0881547   0.17544633  0.95740443]
 [-0.10634716  0.29696772  0.82826835]
 [ 0.17748079 -0.11208731  1.1506982 ]
 [ 0.05252191 -0.20024166  0.9696991 ]
 [ 0.12685637 -0.2774713   0.8110132 ]]
[[ 0.          0.          0.6850916 ]
 [ 0.01193433 -0.10116301  0.6690015 ]
 [-0.05454644  0.02296817  0.34192562]
 [-0.2422153   0.19527411  0.11505133]
 [-0.18712646  0.2702007   0.        ]
 [-0.01205124  0.10100829  0.70108736]
 [ 0.2872035   0.12637465  0.43270501]
 [-0.06031371  0.04318467  0.21691304]
 [-0.03095188  0.06317711  0.07046717]
 [ 0.07161815  0.01540606  0.898579  ]
 [ 0.14668795  0.01499003  1.1557037 ]
 [ 0.2548079  -0.01675957  1.2303796 ]
 [ 0.1720657  -0.01546746  1.2803991 ]
 [ 0.05052678  0.12992638  1.1017671 ]
 [-0.15233925  0.241341    1.0388745 ]
 [-0.23660678  0.3204343   0.83295023]
 [ 0.18563178 -0.11840242  1.1167052 ]
 [ 0.1685917  -0.22597952  0.8621794 ]
 [ 0.2960442  -0.09811705  0.93961823]]
[[ 0.          0.          0.7357064 ]
 [ 0.02435736 -0.09599005  0.71675795]
 [-0.10412173  0.03034574  0.40561962]
 [-0.38655192  0.17112857  0.33968878]
 [-0.42276412  0.26101202  0.23769915]
 [-0.02446617  0.0958297   0.75452477]
 [ 0.24314548  0.14824256  0.48526585]
 [ 0.09605014  0.08357555  0.08450842]
 [ 0.21125507  0.08713049  0.        ]
 [ 0.05562003  0.01407523  0.9525948 ]
 [ 0.11164463  0.02794427  1.21085   ]
 [ 0.21987192  0.00215638  1.2823696 ]
 [ 0.14458641 -0.00251287  1.3318424 ]
 [ 0.00880242  0.138401    1.1576692 ]
 [-0.2003262   0.2606107   1.1077543 ]
 [-0.23516053  0.3506612   0.87705135]
 [ 0.18811537 -0.10627252  1.1813097 ]
 [ 0.21485427 -0.23559576  0.94983006]
 [ 0.3065569  -0.03964007  0.98950523]]
[[ 0.00000000e+00  0.00000000e+00  7.61937499e-01]
 [ 3.04606929e-02 -8.54906440e-02  7.42061257e-01]
 [-7.92194009e-02 -9.82433558e-04  4.20197725e-01]
 [-4.43961352e-01  8.80095959e-02  4.75145727e-01]
 [-5.35422683e-01  1.75266430e-01  3.95661682e-01]
 [-3.05599868e-02  8.53400007e-02  7.81688809e-01]
 [ 2.02494472e-01  1.78131133e-01  4.91396338e-01]
 [ 1.74817979e-01  1.47591710e-01  5.24320602e-02]
 [ 2.97698319e-01  1.63952231e-01  0.00000000e+00]
 [ 5.22665940e-02  1.78695172e-02  9.75791216e-01]
 [ 1.04715675e-01  3.22158337e-02  1.23168802e+00]
 [ 2.13632941e-01  1.15223527e-02  1.31268239e+00]
 [ 1.40811145e-01  2.41482258e-03  1.35726690e+00]
 [ 7.68195838e-03  1.41277432e-01  1.17205274e+00]
 [-1.69304013e-01  2.76267767e-01  1.08200312e+00]
 [-1.46996021e-01  3.83744895e-01  8.60831738e-01]
 [ 1.83860809e-01 -1.00718409e-01  1.20498562e+00]
 [ 1.78357005e-01 -2.57970929e-01  9.89245057e-01]
 [ 2.84738868e-01 -6.53458461e-02  9.36208606e-01]]
[[ 0.          0.          0.77144563]
 [ 0.03434683 -0.08256365  0.7511306 ]
 [-0.03512326 -0.0223991   0.40730482]
 [-0.42425728  0.05185907  0.5193599 ]
 [-0.54209554  0.12604788  0.45339483]
 [-0.03441165  0.08242351  0.79165196]
 [ 0.18421006  0.22551742  0.49037027]
 [ 0.17467107  0.21860695  0.04830027]
 [ 0.30076516  0.24769217  0.        ]
 [ 0.0531416   0.02095468  0.98469394]
 [ 0.10658562  0.04004428  1.2398415 ]
 [ 0.21265581  0.01998055  1.3273833 ]
 [ 0.13847573  0.00728095  1.3670803 ]
 [ 0.0120451   0.1468952   1.1722177 ]
 [-0.1378304   0.25848597  1.0333972 ]
 [-0.06570849  0.38300774  0.8357199 ]
 [ 0.19016086 -0.09356233  1.2152488 ]
 [ 0.14555293 -0.24874943  1.0033457 ]
 [ 0.22782063 -0.12977792  0.8725211 ]]
[[ 0.          0.          0.77523255]
 [ 0.03890277 -0.08516497  0.7552593 ]
 [ 0.03431669 -0.02899891  0.41638935]
 [-0.37520617  0.05009818  0.5600796 ]
 [-0.4949646   0.122361    0.48497128]
 [-0.03898403  0.08502024  0.7950971 ]
 [ 0.15324192  0.24817789  0.49575287]
 [ 0.10051042  0.23778713  0.0573507 ]
 [ 0.2283715   0.277099    0.        ]
 [ 0.05888765  0.02795318  0.98421955]
 [ 0.11957994  0.05807739  1.2381294 ]
 [ 0.22136065  0.03658235  1.3257804 ]
 [ 0.14527814  0.02153462  1.3669845 ]
 [ 0.02853135  0.16752306  1.1617845 ]
 [-0.0767526   0.2766888   1.0018587 ]
 [ 0.03814411  0.40396917  0.8319435 ]
 [ 0.20293355 -0.07491732  1.2153256 ]
 [ 0.13725173 -0.21784636  1.0044175 ]
 [ 0.18441114 -0.08963506  0.8677404 ]]
[[ 0.0000000e+00  0.0000000e+00  8.0004466e-01]
 [ 4.4454046e-02 -9.2723154e-02  7.8347439e-01]
 [ 1.5214738e-01 -2.0216227e-02  4.6252471e-01]
 [-2.6574653e-01  6.0162991e-02  5.8181751e-01]
 [-3.6873066e-01  1.3463748e-01  4.7582299e-01]
 [-4.4552974e-02  9.2538483e-02  8.1652397e-01]
 [ 6.6042319e-02  1.9490023e-01  4.7964698e-01]
 [-8.4405370e-02  1.5342337e-01  6.1151206e-02]
 [ 3.3522382e-02  1.9327629e-01  0.0000000e+00]
 [ 6.8725601e-02  3.7685543e-02  1.0042784e+00]
 [ 1.3717102e-01  7.7617586e-02  1.2557640e+00]
 [ 2.3416902e-01  5.1306188e-02  1.3444315e+00]
 [ 1.5122457e-01  3.5507739e-02  1.3855590e+00]
 [ 4.8978724e-02  1.9020915e-01  1.1741285e+00]
 [-3.7729740e-05  2.9360446e-01  9.8060918e-01]
 [ 1.7250642e-01  4.0903604e-01  8.5424548e-01]
 [ 2.1310115e-01 -5.9257209e-02  1.2354345e+00]
 [ 1.2203896e-01 -2.0362210e-01  1.0412804e+00]
 [ 1.4337769e-01 -7.0142336e-02  8.9729792e-01]]
[[ 0.          0.          0.7662696 ]
 [ 0.03862032 -0.09858362  0.7510084 ]
 [ 0.3047788  -0.00452137  0.47613305]
 [-0.06965676  0.04497507  0.3982936 ]
 [-0.08010542  0.1076034   0.25043833]
 [-0.0386994   0.09837847  0.78148097]
 [-0.05662932  0.20961505  0.41694745]
 [-0.32061636  0.20613474  0.09008509]
 [-0.23164934  0.2698878   0.        ]
 [ 0.07236212  0.04209043  0.9668287 ]
 [ 0.15114224  0.09438559  1.2094072 ]
 [ 0.25549203  0.05970776  1.2850723 ]
 [ 0.17296743  0.05571306  1.3395841 ]
 [ 0.09082828  0.21196541  1.1250826 ]
 [ 0.11846761  0.26424444  0.89416754]
 [ 0.3219128   0.33698395  0.9112847 ]
 [ 0.19672714 -0.05028281  1.205981  ]
 [ 0.02761055 -0.20306562  1.1007136 ]
 [-0.02019861 -0.1869286   0.92348915]]
[[ 0.          0.          0.6698834 ]
 [ 0.02452625 -0.104132    0.6613815 ]
 [ 0.33789206 -0.00230734  0.45409995]
 [ 0.16678801  0.04149914  0.10072017]
 [ 0.2776786   0.08483613  0.        ]
 [-0.0245705   0.10399001  0.67838377]
 [-0.16476187  0.16978508  0.30280972]
 [-0.51581544  0.1645245   0.1431253 ]
 [-0.5203879   0.2155604   0.02256322]
 [ 0.03973021  0.01503892  0.88289833]
 [ 0.10095546  0.02279529  1.1366199 ]
 [ 0.23080179 -0.02142456  1.1986332 ]
 [ 0.1421562  -0.00950438  1.2574546 ]
 [ 0.0776123   0.14946857  1.0497377 ]
 [ 0.14906873  0.21943232  0.8047764 ]
 [ 0.25513297  0.18607435  0.94978464]
 [ 0.0927846  -0.11999035  1.1502904 ]
 [-0.12807494 -0.2659639   1.2069694 ]
 [-0.1835921  -0.26437163  1.0003164 ]]
[[ 0.          0.          0.68559176]
 [ 0.02861073 -0.10329231  0.6802922 ]
 [ 0.3431357   0.06726678  0.45483202]
 [ 0.28979087  0.1342448   0.06302851]
 [ 0.43432015  0.19474375  0.        ]
 [-0.02865265  0.10317933  0.6908889 ]
 [-0.15730482  0.10655692  0.27892542]
 [-0.5955558  -0.00336885  0.24219197]
 [-0.65586174  0.02946335  0.14676696]
 [ 0.04843415  0.00634134  0.8979242 ]
 [ 0.12321895  0.00332305  1.1498089 ]
 [ 0.25356185 -0.04311004  1.2154226 ]
 [ 0.17065388 -0.0330106   1.2739071 ]
 [ 0.09222018  0.1306557   1.0658967 ]
 [ 0.12247782  0.22209609  0.8191372 ]
 [ 0.23440975  0.18794376  0.9007534 ]
 [ 0.1112504  -0.12576842  1.1483345 ]
 [-0.10898212 -0.25369585  1.124475  ]
 [-0.1485157  -0.27530506  0.9105021 ]]
[[ 0.          0.          0.6898374 ]
 [ 0.02873047 -0.09968695  0.6922325 ]
 [ 0.3210215   0.1219067   0.45237043]
 [ 0.32272983  0.21311003  0.03829288]
 [ 0.47552764  0.2660337   0.        ]
 [-0.02876328  0.09957985  0.687436  ]
 [-0.09329433  0.09527758  0.266661  ]
 [-0.5496956  -0.09716359  0.34109142]
 [-0.64735675 -0.08105606  0.27939212]
 [ 0.06853616  0.00285684  0.8949975 ]
 [ 0.1530084  -0.01697165  1.1433771 ]
 [ 0.27183768 -0.06242892  1.2183723 ]
 [ 0.17943393 -0.05639315  1.2752497 ]
 [ 0.09407052  0.10823938  1.0727879 ]
 [ 0.06162833  0.2091974   0.83970547]
 [ 0.20958367  0.2522505   0.81159866]
 [ 0.14830348 -0.13618004  1.1188511 ]
 [-0.06397006 -0.21871175  1.0298963 ]
 [-0.11388423 -0.31981528  0.82327837]]
[[ 0.00000000e+00  0.00000000e+00  7.07624972e-01]
 [ 2.32579224e-02 -9.77741778e-02  7.08846509e-01]
 [ 2.88694620e-01  1.30004346e-01  4.73372161e-01]
 [ 2.46936858e-01  2.22713798e-01  5.38925529e-02]
 [ 3.96837056e-01  2.76661962e-01  0.00000000e+00]
 [-2.33240314e-02  9.76506472e-02  7.06385136e-01]
 [-8.36842135e-03  9.96569991e-02  2.90031791e-01]
 [-4.65566337e-01 -1.20351106e-01  3.93827647e-01]
 [-5.73733926e-01 -1.31412506e-01  3.42904389e-01]
 [ 7.89291710e-02  5.55886328e-03  9.10793960e-01]
 [ 1.62440151e-01 -1.46155953e-02  1.16007006e+00]
 [ 2.86674619e-01 -6.32716119e-02  1.23882139e+00]
 [ 1.93181649e-01 -4.63287830e-02  1.29226768e+00]
 [ 1.01759374e-01  1.06841415e-01  1.08959734e+00]
 [ 1.96081325e-02  1.95596233e-01  8.64826500e-01]
 [ 1.40301540e-01  2.53096908e-01  7.78323293e-01]
 [ 1.56114563e-01 -1.30710572e-01  1.12338150e+00]
 [ 3.16046178e-04 -1.98456019e-01  9.44764495e-01]
 [-2.82971114e-02 -3.02866817e-01  7.91041017e-01]]
[[ 0.          0.          0.7096111 ]
 [ 0.02021135 -0.0947349   0.70802885]
 [ 0.2243917   0.10684031  0.4533364 ]
 [ 0.13169372  0.22192714  0.06267983]
 [ 0.2608053   0.28119433  0.        ]
 [-0.02028988  0.09460181  0.71115685]
 [ 0.09567745  0.11095229  0.33404   ]
 [-0.35332656 -0.07319067  0.44120955]
 [-0.4540321  -0.08338618  0.3433799 ]
 [ 0.08416051  0.0133936   0.9113206 ]
 [ 0.16845825 -0.00638282  1.1595173 ]
 [ 0.29012677 -0.04964381  1.2440655 ]
 [ 0.19582455 -0.03757781  1.2927353 ]
 [ 0.10342374  0.11119494  1.0880826 ]
 [-0.0232267   0.18585826  0.88969296]
 [ 0.00868103  0.28079677  0.7981324 ]
 [ 0.16055408 -0.12379077  1.1217487 ]
 [ 0.00920872 -0.20369151  0.94440067]
 [ 0.02179442 -0.34159723  0.77158034]]
[[ 0.          0.          0.70235765]
 [ 0.0138585  -0.09909829  0.6914226 ]
 [ 0.06712334  0.07378571  0.3939223 ]
 [-0.11920163  0.22148186  0.09152406]
 [-0.02153599  0.29543138  0.        ]
 [-0.01397824  0.09892035  0.71321535]
 [ 0.26541644  0.13764116  0.43358487]
 [-0.13386194  0.01503539  0.3366137 ]
 [-0.14948304  0.03296208  0.18511271]
 [ 0.09261657  0.02512693  0.9046859 ]
 [ 0.1864441   0.02429974  1.1545503 ]
 [ 0.30551064 -0.0103223   1.2355263 ]
 [ 0.21502168 -0.00413704  1.2836672 ]
 [ 0.10352714  0.1421895   1.0929501 ]
 [-0.08529252  0.25322336  1.0003448 ]
 [-0.15485752  0.34593776  0.84763336]
 [ 0.20266467 -0.10753518  1.1116345 ]
 [ 0.12839311 -0.20484135  0.86883324]
 [ 0.24167535 -0.15908931  0.858608  ]]
[[ 0.          0.          0.6337125 ]
 [ 0.00948754 -0.10046589  0.615337  ]
 [-0.09526744  0.04924494  0.31894037]
 [-0.3540278   0.17491198  0.18603712]
 [-0.32810488  0.266389    0.06560427]
 [-0.00960058  0.10029847  0.6519681 ]
 [ 0.30069628  0.14874086  0.43452162]
 [ 0.10011747  0.07196027  0.0919503 ]
 [ 0.19527385  0.07594347  0.        ]
 [ 0.07509582  0.01708513  0.8433969 ]
 [ 0.1509869   0.02734357  1.0995188 ]
 [ 0.27662256  0.00130928  1.1765378 ]
 [ 0.18626672  0.01274621  1.2277627 ]
 [ 0.06357161  0.14440978  1.0474762 ]
 [-0.15542784  0.25196263  1.0019166 ]
 [-0.23957181  0.34060743  0.8161373 ]
 [ 0.19925928 -0.11221051  1.0597537 ]
 [ 0.18595243 -0.23749082  0.8161217 ]
 [ 0.28530878 -0.08529952  0.891616  ]]
[[ 0.00000000e+00  0.00000000e+00  6.73088074e-01]
 [ 1.31565668e-02 -8.77673924e-02  6.53497338e-01]
 [-1.08855113e-01  9.67174768e-04  3.45308900e-01]
 [-4.46594775e-01  1.02256373e-01  3.41993809e-01]
 [-4.98585820e-01  1.90177456e-01  2.64625072e-01]
 [-1.32460520e-02  8.76126811e-02  6.92549169e-01]
 [ 2.78652877e-01  1.91534981e-01  4.53052908e-01]
 [ 2.39232123e-01  1.39262259e-01  5.30819297e-02]
 [ 3.47845674e-01  1.33850992e-01  0.00000000e+00]
 [ 7.38433674e-02  1.79511160e-02  8.82413566e-01]
 [ 1.47469193e-01  3.25494707e-02  1.13600016e+00]
 [ 2.70139456e-01  9.46700573e-03  1.21675038e+00]
 [ 1.85822278e-01  1.18444562e-02  1.26547313e+00]
 [ 6.07549250e-02  1.41136974e-01  1.07850635e+00]
 [-1.62028044e-01  2.44126022e-01  1.01905322e+00]
 [-2.00827509e-01  3.40320170e-01  8.14327240e-01]
 [ 2.05267161e-01 -1.00925624e-01  1.10037315e+00]
 [ 1.89394265e-01 -2.43966609e-01  8.72000575e-01]
 [ 2.91606069e-01 -8.64282697e-02  8.75983059e-01]]
[[ 0.          0.          0.68223727]
 [ 0.01533961 -0.08050717  0.6622119 ]
 [-0.07500498 -0.01255855  0.3432834 ]
 [-0.45202217  0.06607217  0.4307601 ]
 [-0.55579793  0.14876819  0.37079588]
 [-0.01540997  0.08036549  0.7021475 ]
 [ 0.25240934  0.20325351  0.4381296 ]
 [ 0.2947853   0.19341391  0.02691007]
 [ 0.40187436  0.1900633   0.        ]
 [ 0.07033359  0.01647842  0.89098644]
 [ 0.1448407   0.03243762  1.141646  ]
 [ 0.26005355  0.01023281  1.2271981 ]
 [ 0.17850259  0.0123865   1.2712054 ]
 [ 0.06170307  0.14081633  1.0790731 ]
 [-0.13811737  0.24566972  0.995449  ]
 [-0.13357264  0.33636892  0.8003769 ]
 [ 0.20110896 -0.10136962  1.1073527 ]
 [ 0.15679982 -0.24775046  0.8962387 ]
 [ 0.29330194 -0.08557138  0.8418951 ]]
[[ 0.0000000e+00  0.0000000e+00  6.8250746e-01]
 [ 2.0359121e-02 -8.0615833e-02  6.6199040e-01]
 [-2.8104568e-02 -2.7647376e-02  3.4667253e-01]
 [-4.3156865e-01  4.0946886e-02  4.8200977e-01]
 [-5.4218066e-01  1.1898552e-01  4.3638453e-01]
 [-2.0420954e-02  8.0482751e-02  7.0291913e-01]
 [ 2.2861132e-01  2.3005302e-01  4.3896145e-01]
 [ 2.3578633e-01  2.2602087e-01  2.7571559e-02]
 [ 3.3437595e-01  2.4362421e-01  0.0000000e+00]
 [ 7.2247796e-02  1.8286765e-02  8.8959283e-01]
 [ 1.5466289e-01  4.4794858e-02  1.1375833e+00]
 [ 2.7011383e-01  2.1647632e-02  1.2239268e+00]
 [ 1.8442056e-01  2.1730721e-02  1.2602673e+00]
 [ 7.6995097e-02  1.5913087e-01  1.0687217e+00]
 [-7.0771083e-02  2.8920278e-01  9.5440269e-01]
 [-5.0373375e-04  4.0017271e-01  7.8470695e-01]
 [ 2.0827796e-01 -8.8401496e-02  1.1084284e+00]
 [ 1.3128661e-01 -2.3025233e-01  9.0115929e-01]
 [ 2.1964040e-01 -1.0221107e-01  7.8710938e-01]]
[[ 0.          0.          0.6139603 ]
 [ 0.04043569 -0.07893016  0.6018683 ]
 [ 0.12350708 -0.02149668  0.27108592]
 [-0.2820984   0.09509045  0.36020884]
 [-0.33571124  0.18773499  0.32613683]
 [-0.04048616  0.07888192  0.62603545]
 [ 0.1917714   0.2250449   0.33572492]
 [ 0.1750436   0.41189104  0.        ]
 [ 0.1357134   0.38246578  0.16903374]
 [ 0.07149205  0.02589025  0.82376015]
 [ 0.15431167  0.03942508  1.0735717 ]
 [ 0.28216258  0.0050723   1.1575603 ]
 [ 0.18387803  0.01557416  1.2098553 ]
 [ 0.06397685  0.13082582  0.9978464 ]
 [-0.08898571  0.14380985  0.8240193 ]
 [-0.00853508  0.14096278  0.6554891 ]
 [ 0.20659699 -0.089286    1.0467786 ]
 [ 0.11036789 -0.22486621  0.85655046]
 [ 0.11896101 -0.13531908  0.67791504]]
[[ 0.          0.          0.75292546]
 [ 0.02685153 -0.10038619  0.7373828 ]
 [ 0.25665492 -0.03184369  0.44216743]
 [-0.15896292  0.04007798  0.53415215]
 [-0.21072075  0.10539936  0.43163738]
 [-0.02692388  0.10019234  0.7684088 ]
 [ 0.05276015  0.20825417  0.4359178 ]
 [-0.15579343  0.1899296   0.07199216]
 [-0.04960628  0.22891128  0.        ]
 [ 0.08024164  0.04141764  0.95144427]
 [ 0.16995853  0.09011242  1.1934603 ]
 [ 0.28310093  0.05781168  1.2768176 ]
 [ 0.19473824  0.06376946  1.3232334 ]
 [ 0.11740849  0.2153737   1.1059208 ]
 [ 0.13013434  0.311737    0.89994067]
 [ 0.3111992   0.372338    0.86754036]
 [ 0.20357013 -0.05430031  1.1790228 ]
 [ 0.05440606 -0.17937666  1.0217488 ]
 [-0.04966752 -0.10803425  0.8135811 ]]
[[ 0.          0.          0.6328559 ]
 [ 0.01534901 -0.10227693  0.6224174 ]
 [ 0.35947806  0.00343639  0.41292208]
 [ 0.08762626  0.04744926  0.18828952]
 [ 0.15785116  0.09983122  0.06457198]
 [-0.01539637  0.10212411  0.6432719 ]
 [-0.07177591  0.2004821   0.2905432 ]
 [-0.38802066  0.25967592  0.09057385]
 [-0.371806    0.3289405   0.        ]
 [ 0.05652065  0.01371837  0.83092356]
 [ 0.1348503   0.03485611  1.0771863 ]
 [ 0.26252893 -0.0146164   1.1424289 ]
 [ 0.17717671  0.01570958  1.2010574 ]
 [ 0.12586853  0.16795343  0.9904616 ]
 [ 0.20048945  0.26137698  0.7641064 ]
 [ 0.31938878  0.21028668  0.86616063]
 [ 0.11081916 -0.10735366  1.0855019 ]
 [-0.1292003  -0.2316362   1.1198511 ]
 [-0.20132089 -0.21595287  0.91828805]]
[[ 0.          0.          0.61503196]
 [ 0.01239527 -0.09689056  0.6076889 ]
 [ 0.3552078   0.04737283  0.41051024]
 [ 0.29593787  0.14700443  0.0688619 ]
 [ 0.42503247  0.20965338  0.        ]
 [-0.01242317  0.09677199  0.6223741 ]
 [-0.10437135  0.1348638   0.24385187]
 [-0.508661    0.10429516  0.1537906 ]
 [-0.561072    0.16403162  0.07276261]
 [ 0.0504304   0.00990801  0.8212163 ]
 [ 0.13226996  0.01671338  1.0701201 ]
 [ 0.26872617 -0.03879696  1.1317577 ]
 [ 0.18539384 -0.00467032  1.1890285 ]
 [ 0.12481895  0.13971424  0.9806297 ]
 [ 0.17435944  0.2380386   0.74685204]
 [ 0.2838615   0.14343357  0.8185828 ]
 [ 0.09401329 -0.10862163  1.078297  ]
 [-0.14776993 -0.20991328  1.0630001 ]
 [-0.21970572 -0.23980382  0.8627753 ]]
[[ 0.          0.          0.6197751 ]
 [ 0.00916098 -0.09602048  0.618217  ]
 [ 0.33346874  0.09002651  0.41255295]
 [ 0.3537025   0.19537374  0.03936315]
 [ 0.50088936  0.25811967  0.        ]
 [-0.00917649  0.0959044   0.6213363 ]
 [-0.06807766  0.09683728  0.22216469]
 [-0.50366837 -0.02062845  0.22616115]
 [-0.58982193  0.00979617  0.15383607]
 [ 0.05552673  0.0062186   0.8238223 ]
 [ 0.13558716 -0.00805172  1.0724807 ]
 [ 0.2677166  -0.06295958  1.1414477 ]
 [ 0.18257591 -0.03397471  1.1997153 ]
 [ 0.11995018  0.11802319  0.99074674]
 [ 0.13570683  0.23183244  0.7573557 ]
 [ 0.29396564  0.19910914  0.7331604 ]
 [ 0.09325144 -0.12452406  1.0598503 ]
 [-0.15134245 -0.19869658  0.99815357]
 [-0.2195687  -0.31078178  0.78979754]]
[[ 0.          0.          0.6274762 ]
 [ 0.00527602 -0.09602862  0.62752485]
 [ 0.31618932  0.12887508  0.41517872]
 [ 0.33545542  0.26343682  0.03439975]
 [ 0.4813754   0.3206835   0.        ]
 [-0.00530887  0.09591518  0.62742966]
 [-0.00830501  0.08740237  0.21972892]
 [-0.44548127 -0.07682571  0.27256694]
 [-0.5474797  -0.07005996  0.20892519]
 [ 0.06601369  0.00451924  0.8301378 ]
 [ 0.14367872 -0.02388436  1.078932  ]
 [ 0.2716133  -0.07435176  1.1517956 ]
 [ 0.18650335 -0.04458457  1.211746  ]
 [ 0.12279943  0.10182053  1.001699  ]
 [ 0.08830172  0.21553218  0.771911  ]
 [ 0.23542356  0.23576832  0.67024237]
 [ 0.0984389  -0.1356588   1.0504742 ]
 [-0.11816859 -0.19649786  0.9266508 ]
 [-0.15133856 -0.32932276  0.72827804]]
[[ 0.          0.          0.6446711 ]
 [ 0.00418641 -0.09912635  0.64217305]
 [ 0.2715785   0.10809164  0.42225277]
 [ 0.22861795  0.25102463  0.05703694]
 [ 0.36008972  0.31492925  0.        ]
 [-0.00424352  0.09901003  0.64715034]
 [ 0.09551991  0.10765475  0.26841202]
 [-0.3487114  -0.03814787  0.34861112]
 [-0.43511873 -0.05106139  0.27013195]
 [ 0.07033172  0.0047573   0.84443647]
 [ 0.14742346 -0.02327675  1.092438  ]
 [ 0.2800045  -0.07338181  1.1711558 ]
 [ 0.18911272 -0.03627336  1.2241479 ]
 [ 0.12444907  0.10249287  1.0154366 ]
 [ 0.02832193  0.18979713  0.803872  ]
 [ 0.08268933  0.2277099   0.6943041 ]
 [ 0.10162055 -0.14087686  1.0586405 ]
 [-0.06086028 -0.20689392  0.8685824 ]
 [-0.0780884  -0.35227543  0.7172053 ]]
[[ 0.00000000e+00  0.00000000e+00  6.52036011e-01]
 [-2.71324441e-03 -9.72790644e-02  6.45261526e-01]
 [ 1.30829245e-01  3.93221080e-02  3.77491355e-01]
 [-9.41047072e-03  2.16214418e-01  7.67526031e-02]
 [ 1.02401145e-01  2.85605222e-01  0.00000000e+00]
 [ 2.64488161e-03  9.71318185e-02  6.58751309e-01]
 [ 2.68806845e-01  1.06002405e-01  3.70728880e-01]
 [-1.56083137e-01  2.90912986e-02  3.46898556e-01]
 [-1.86030418e-01  4.44030762e-02  2.09099114e-01]
 [ 8.24627578e-02  1.27914846e-02  8.49817038e-01]
 [ 1.64226562e-01  1.05240941e-03  1.10072947e+00]
 [ 2.94911981e-01 -4.12100255e-02  1.18141603e+00]
 [ 2.01273605e-01 -5.78820705e-03  1.22937346e+00]
 [ 1.18832581e-01  1.20013416e-01  1.03062534e+00]
 [-5.26837111e-02  2.02860788e-01  9.01328683e-01]
 [-9.53352153e-02  2.61372149e-01  7.21073329e-01]
 [ 1.43029720e-01 -1.28794074e-01  1.06092119e+00]
 [ 2.82118767e-02 -2.21859127e-01  8.45822334e-01]
 [ 6.13832772e-02 -3.66875350e-01  7.62452900e-01]]
[[ 0.          0.          0.5560441 ]
 [-0.00821224 -0.10112865  0.54002583]
 [-0.02836991  0.02775371  0.2551558 ]
 [-0.2497139   0.17985594  0.11178824]
 [-0.20751512  0.2831866   0.0052582 ]
 [ 0.00813037  0.10098154  0.57196265]
 [ 0.34215719  0.12727392  0.37383452]
 [ 0.06179711  0.05153489  0.09993708]
 [ 0.14393644  0.05482465  0.        ]
 [ 0.07189335  0.01427908  0.759432  ]
 [ 0.14569171  0.01938659  1.0145636 ]
 [ 0.2741599  -0.0136621   1.0939298 ]
 [ 0.17861658  0.01658273  1.1436682 ]
 [ 0.08925869  0.14829475  0.9566802 ]
 [-0.10809462  0.2684019   0.88307863]
 [-0.15367073  0.33726078  0.68084955]
 [ 0.15530327 -0.13324821  0.974485  ]
 [ 0.10315713 -0.26837575  0.7441888 ]
 [ 0.20574778 -0.20685063  0.7899778 ]]
[[ 0.          0.          0.60893506]
 [-0.00461745 -0.09235653  0.5894074 ]
 [-0.07179781 -0.00425762  0.30474734]
 [-0.40814078  0.08320253  0.29710105]
 [-0.46302527  0.18043078  0.21415684]
 [ 0.00453908  0.09221021  0.6283343 ]
 [ 0.333922    0.2012595   0.42499065]
 [ 0.26438865  0.15584907  0.06873399]
 [ 0.37202984  0.15983748  0.        ]
 [ 0.0632782   0.01568682  0.8126086 ]
 [ 0.13075152  0.03678259  1.0644726 ]
 [ 0.25435966  0.00572306  1.1487217 ]
 [ 0.16186213  0.0268001   1.1896877 ]
 [ 0.07533096  0.16087341  1.0011005 ]
 [-0.11340484  0.2940072   0.90913284]
 [-0.12646115  0.3354723   0.70271134]
 [ 0.15831056 -0.112299    1.0323876 ]
 [ 0.11633667 -0.2715223   0.8163267 ]
 [ 0.23891047 -0.1489424   0.80799556]]
[[ 0.0000000e+00  0.0000000e+00  6.3959754e-01]
 [ 1.1037886e-03 -9.0006769e-02  6.2116325e-01]
 [-3.9909557e-02 -5.9803188e-02  3.2831091e-01]
 [-4.3160784e-01  1.9004613e-02  4.3571383e-01]
 [-5.4311591e-01  1.0951412e-01  3.6744511e-01]
 [-1.1438578e-03  8.9858443e-02  6.5793628e-01]
 [ 2.9284474e-01  2.0904319e-01  4.3056381e-01]
 [ 3.0769640e-01  1.9229588e-01  4.8036456e-02]
 [ 4.3369302e-01  1.9848490e-01  0.0000000e+00]
 [ 6.0525440e-02  2.0337284e-02  8.3967185e-01]
 [ 1.2547708e-01  4.9543589e-02  1.0889840e+00]
 [ 2.3681313e-01  1.6774654e-02  1.1804589e+00]
 [ 1.4995022e-01  3.0816793e-02  1.2179737e+00]
 [ 7.5420290e-02  1.6992894e-01  1.0164163e+00]
 [-8.3037376e-02  2.7459204e-01  8.8752306e-01]
 [-4.0281087e-02  3.2833445e-01  6.9760072e-01]
 [ 1.5497723e-01 -9.9296451e-02  1.0581580e+00]
 [ 8.0978438e-02 -2.5092432e-01  8.5629350e-01]
 [ 1.6631640e-01 -2.2857185e-01  7.5460261e-01]]
[[ 0.          0.          0.66685814]
 [ 0.00932729 -0.09447478  0.64766306]
 [ 0.03046701 -0.07252008  0.36166742]
 [-0.39703482 -0.02512914  0.51549697]
 [-0.51449025  0.05533305  0.45661253]
 [-0.00936901  0.09431346  0.6859624 ]
 [ 0.2620099   0.23252787  0.4473771 ]
 [ 0.2282843   0.21446052  0.05080193]
 [ 0.36703938  0.23862028  0.        ]
 [ 0.05831367  0.02518067  0.8664564 ]
 [ 0.12910849  0.06729129  1.1155093 ]
 [ 0.2399528   0.03112143  1.2056522 ]
 [ 0.14961515  0.04789358  1.2438998 ]
 [ 0.08542082  0.19443125  1.0358047 ]
 [-0.00882302  0.30708843  0.8865941 ]
 [ 0.08614191  0.37006903  0.73851305]
 [ 0.15686181 -0.08409721  1.0887175 ]
 [ 0.0561683  -0.22456434  0.89463544]
 [ 0.11134654 -0.21764863  0.75946105]]
[[ 0.          0.          0.6790855 ]
 [ 0.01367658 -0.09900414  0.6610362 ]
 [ 0.12292017 -0.07644171  0.38303548]
 [-0.31362253 -0.03487636  0.5300418 ]
 [-0.41864395  0.0380204   0.45751476]
 [-0.0137436   0.09882642  0.69704276]
 [ 0.23087898  0.23170312  0.4366393 ]
 [ 0.1184849   0.21792576  0.05586278]
 [ 0.24032633  0.25015295  0.        ]
 [ 0.05720853  0.02703296  0.87818265]
 [ 0.12631689  0.07039028  1.1288368 ]
 [ 0.23711614  0.03028828  1.2147274 ]
 [ 0.14713937  0.04772878  1.2546608 ]
 [ 0.09041654  0.20179191  1.0476477 ]
 [ 0.05582411  0.3284219   0.8877589 ]
 [ 0.18940543  0.38808286  0.7731042 ]
 [ 0.14874509 -0.08103359  1.1028934 ]
 [ 0.03561153 -0.21626925  0.9137802 ]
 [ 0.05351728 -0.22066164  0.788437  ]]
[[ 0.          0.          0.68123794]
 [ 0.01510654 -0.10547123  0.6665757 ]
 [ 0.28300148 -0.05410641  0.4291954 ]
 [-0.14672564 -0.01921852  0.4738882 ]
 [-0.2028149   0.04494867  0.37379217]
 [-0.01517644  0.10526622  0.6958295 ]
 [ 0.14108533  0.2309529   0.3797628 ]
 [-0.09361163  0.24490362  0.08014107]
 [-0.01534268  0.2992295   0.        ]
 [ 0.05185684  0.02358581  0.8811703 ]
 [ 0.11540691  0.06671736  1.1303294 ]
 [ 0.23534484  0.01948142  1.2066166 ]
 [ 0.1459775   0.0548169   1.2532885 ]
 [ 0.10030304  0.20146298  1.0454127 ]
 [ 0.12386185  0.3068167   0.84417266]
 [ 0.29478517  0.33294967  0.84559536]
 [ 0.11756241 -0.08456174  1.1187798 ]
 [-0.04063178 -0.22949626  0.9841985 ]
 [-0.02970656 -0.17624687  0.83976483]]
[[ 0.          0.          0.59457177]
 [ 0.00763557 -0.10886075  0.58682853]
 [ 0.3508943  -0.06314142  0.4015472 ]
 [ 0.09436025 -0.03647614  0.14302593]
 [ 0.1690936   0.00907314  0.05477363]
 [-0.00768224  0.10870699  0.602282  ]
 [ 0.06855759  0.21998982  0.23632559]
 [-0.27510804  0.2957058   0.10802454]
 [-0.27194488  0.35841343  0.        ]
 [ 0.03465109  0.01088595  0.8012966 ]
 [ 0.09567641  0.03069013  1.0535619 ]
 [ 0.23169526 -0.03088814  1.112282  ]
 [ 0.14295748  0.01130283  1.1769812 ]
 [ 0.10682585  0.16631922  0.96968967]
 [ 0.1691507   0.28111625  0.74674475]
 [ 0.30648232  0.24435148  0.8336115 ]
 [ 0.04625653 -0.11158183  1.057991  ]
 [-0.19610313 -0.23047668  1.0485874 ]
 [-0.21972932 -0.22785021  0.82183206]]
[[ 0.          0.          0.60650784]
 [ 0.00511805 -0.10753389  0.60258645]
 [ 0.31420484 -0.04435581  0.4019765 ]
 [ 0.30740136 -0.02545798  0.03107357]
 [ 0.4583122   0.00735223  0.        ]
 [-0.00514064  0.10737372  0.61041135]
 [ 0.0874438   0.17446736  0.22197491]
 [-0.32558894  0.19105501  0.18499836]
 [-0.36109573  0.24403012  0.07808542]
 [ 0.04366241  0.01045924  0.8146974 ]
 [ 0.10718618  0.00692037  1.066938  ]
 [ 0.24922746 -0.05405432  1.1303275 ]
 [ 0.1595048  -0.01399326  1.1925101 ]
 [ 0.11421338  0.13775891  0.9925488 ]
 [ 0.12798889  0.25915     0.75786436]
 [ 0.26582214  0.22859207  0.7596381 ]
 [ 0.04683107 -0.12187007  1.0541465 ]
 [-0.20335138 -0.20740731  0.9747877 ]
 [-0.22205564 -0.29887408  0.76512825]]
[[ 0.          0.          0.62217176]
 [ 0.0035899  -0.10727599  0.61989105]
 [ 0.2899442  -0.03069776  0.3917431 ]
 [ 0.34980774  0.01198924  0.01743162]
 [ 0.5094749   0.04802829  0.        ]
 [-0.00362024  0.10711938  0.62443525]
 [ 0.13516553  0.16120769  0.24399608]
 [-0.28181377  0.14206415  0.19749182]
 [-0.3023887   0.18408543  0.09980208]
 [ 0.0529176   0.01016241  0.82892317]
 [ 0.12096733  0.00167999  1.080162  ]
 [ 0.25859666 -0.05789039  1.1513716 ]
 [ 0.1683037  -0.01219273  1.2131664 ]
 [ 0.11988539  0.13076034  1.0079608 ]
 [ 0.08805209  0.2449662   0.7799619 ]
 [ 0.22221872  0.25477654  0.7036507 ]
 [ 0.06030124 -0.12197864  1.0545788 ]
 [-0.17245795 -0.19318312  0.9301511 ]
 [-0.17963248 -0.3278876   0.7321681 ]]
[[ 0.00000000e+00  0.00000000e+00  6.60112858e-01]
 [-1.38761848e-03 -1.11159697e-01  6.56242609e-01]
 [ 2.62776792e-01 -6.34543300e-02  4.20634151e-01]
 [ 2.40155071e-01  2.40802765e-04  4.41455245e-02]
 [ 3.84584665e-01  3.55949402e-02  0.00000000e+00]
 [ 1.34486705e-03  1.10987447e-01  6.63962007e-01]
 [ 1.89177245e-01  1.99095830e-01  3.11264157e-01]
 [-2.24978060e-01  1.91282958e-01  2.45015562e-01]
 [-2.15997338e-01  2.31644392e-01  1.27395213e-01]
 [ 5.67854457e-02  7.05866516e-03  8.65374207e-01]
 [ 1.25719115e-01  2.61262059e-03  1.11806154e+00]
 [ 2.63527155e-01 -4.83042300e-02  1.19088113e+00]
 [ 1.69075400e-01  9.81152058e-04  1.25075984e+00]
 [ 1.16920575e-01  1.33559406e-01  1.04434323e+00]
 [ 6.41202778e-02  2.19307393e-01  8.26262832e-01]
 [ 1.52262717e-01  2.76186258e-01  7.50234663e-01]
 [ 6.78046793e-02 -1.26280725e-01  1.08798695e+00]
 [-1.46592349e-01 -2.21732244e-01  9.51315284e-01]
 [-1.58899382e-01 -3.84487152e-01  7.71834016e-01]]
[[ 0.          0.          0.6396878 ]
 [-0.00539459 -0.10325284  0.63051766]
 [ 0.22692257 -0.03870049  0.38901436]
 [ 0.18474     0.08409131  0.05817854]
 [ 0.31633255  0.13164991  0.        ]
 [ 0.00533563  0.10309805  0.64881897]
 [ 0.24431442  0.18536775  0.35131618]
 [-0.14149058  0.13766402  0.22209752]
 [-0.11561358  0.17416388  0.12311292]
 [ 0.0582712   0.00457248  0.8439792 ]
 [ 0.13022447  0.00304416  1.0967164 ]
 [ 0.2639674  -0.04370314  1.1712098 ]
 [ 0.17519125  0.00616175  1.2300191 ]
 [ 0.11816784  0.13114902  1.0242982 ]
 [ 0.00296539  0.21576822  0.8549962 ]
 [ 0.06526798  0.2826478   0.7464031 ]
 [ 0.07833916 -0.13013726  1.0655289 ]
 [-0.09269217 -0.23712246  0.886858  ]
 [-0.08759126 -0.41183525  0.755563  ]]
[[ 0.          0.          0.57642084]
 [-0.01147514 -0.10533267  0.56089985]
 [ 0.07508294 -0.01552618  0.30259454]
 [-0.15559842  0.11658081  0.12027824]
 [-0.08194795  0.20121568  0.01638621]
 [ 0.01138742  0.10515065  0.5918399 ]
 [ 0.32678166  0.13793549  0.3514562 ]
 [ 0.16187823  0.0459812   0.05343485]
 [ 0.2594335   0.05073947  0.        ]
 [ 0.05713551  0.00575994  0.7803266 ]
 [ 0.12289711  0.01562482  1.037291  ]
 [ 0.24881378 -0.01929796  1.1229442 ]
 [ 0.15227368  0.02470881  1.1718049 ]
 [ 0.08046839  0.1489807   0.971121  ]
 [-0.11537132  0.26532602  0.8873328 ]
 [-0.12250547  0.33317357  0.6961246 ]
 [ 0.10921526 -0.13285857  1.0030475 ]
 [ 0.02635157 -0.26762483  0.795391  ]
 [ 0.10149822 -0.32278794  0.7701706 ]]
[[ 0.          0.          0.58744913]
 [-0.01534265 -0.09569566  0.5738331 ]
 [-0.0380204  -0.02349782  0.31480289]
 [-0.34362105  0.0907571   0.23043406]
 [-0.3527995   0.19598031  0.11471835]
 [ 0.01525686  0.09553799  0.60093844]
 [ 0.31016392  0.14805475  0.35468292]
 [ 0.3255881   0.05330753  0.01896793]
 [ 0.4446001   0.03478587  0.        ]
 [ 0.03075119  0.00960255  0.7942594 ]
 [ 0.06962626  0.03372344  1.0524001 ]
 [ 0.18279651  0.01497823  1.1507545 ]
 [ 0.08546054  0.04324323  1.1888585 ]
 [ 0.01925093  0.16420668  0.979947  ]
 [-0.16506457  0.29800808  0.89761215]
 [-0.1434947   0.34221622  0.7046131 ]
 [ 0.08016552 -0.11625335  1.0314819 ]
 [ 0.02710885 -0.27981165  0.83910966]
 [ 0.15456983 -0.23073493  0.79826856]]
[[ 0.          0.          0.6102551 ]
 [-0.01397968 -0.09652103  0.59731317]
 [-0.04542673 -0.05860722  0.3372186 ]
 [-0.3673852   0.03969666  0.27244133]
 [-0.41832474  0.15071741  0.16771033]
 [ 0.01389254  0.09635071  0.6230663 ]
 [ 0.2948417   0.18009788  0.36831602]
 [ 0.3291952   0.12268803  0.02014983]
 [ 0.45668438  0.10890865  0.        ]
 [ 0.01524362  0.01311278  0.8192282 ]
 [ 0.03730845  0.04410484  1.077729  ]
 [ 0.14431506  0.02334589  1.1815109 ]
 [ 0.04814595  0.05244082  1.2173854 ]
 [-0.00378367  0.17628369  0.99270236]
 [-0.14951229  0.32269272  0.8825332 ]
 [-0.08752313  0.34689784  0.71495545]
 [ 0.05383583 -0.10845125  1.0627314 ]
 [ 0.00513738 -0.28220102  0.87114835]
 [ 0.14466271 -0.24240844  0.80095553]]
[[ 0.          0.          0.6365579 ]
 [-0.00559764 -0.10216878  0.62745905]
 [ 0.02340608 -0.08018246  0.35441744]
 [-0.3295974   0.02858365  0.3197809 ]
 [-0.39161524  0.13252655  0.20942438]
 [ 0.00548864  0.10197704  0.6455303 ]
 [ 0.29129213  0.2182951   0.3984735 ]
 [ 0.3038411   0.16189137  0.02840364]
 [ 0.4444151   0.15819126  0.        ]
 [ 0.02102192  0.0289914   0.8437327 ]
 [ 0.04869035  0.07334203  1.0996244 ]
 [ 0.15111604  0.04917938  1.2056096 ]
 [ 0.05557001  0.08099908  1.2439704 ]
 [ 0.01497474  0.2048921   1.0099902 ]
 [-0.07822654  0.372472    0.8903233 ]
 [ 0.02690441  0.4064913   0.7711462 ]
 [ 0.06061663 -0.08004177  1.0846636 ]
 [ 0.02683492 -0.2579789   0.89710987]
 [ 0.17723414 -0.20410101  0.84951675]]
[[ 0.          0.          0.64996254]
 [ 0.00479981 -0.11022407  0.6441036 ]
 [ 0.10852066 -0.0857514   0.3974206 ]
 [-0.27399054  0.00386828  0.35999897]
 [-0.34014195  0.12415195  0.24778718]
 [-0.00492609  0.10999409  0.65568817]
 [ 0.24167354  0.22167736  0.38611257]
 [ 0.21578844  0.17113793  0.01011187]
 [ 0.35980552  0.17532247  0.        ]
 [ 0.01413957  0.02795546  0.85903084]
 [ 0.03262886  0.06458527  1.1171956 ]
 [ 0.13816507  0.0413906   1.2190118 ]
 [ 0.04248596  0.07756984  1.2655051 ]
 [ 0.01069377  0.20140743  1.0310223 ]
 [-0.02716184  0.35101622  0.8853137 ]
 [ 0.1312452   0.40886182  0.8453615 ]
 [ 0.04284868 -0.09162322  1.0961952 ]
 [ 0.00645188 -0.29835874  0.9544164 ]
 [ 0.14775634 -0.26810345  0.9144326 ]]
[[ 0.          0.          0.7166633 ]
 [ 0.0134582  -0.11350918  0.71947473]
 [ 0.29603887 -0.09043109  0.5428044 ]
 [-0.09827229 -0.04116797  0.43121403]
 [-0.12428473  0.03730059  0.3345475 ]
 [-0.01357209  0.1132713   0.7137653 ]
 [ 0.10580657  0.23017757  0.379852  ]
 [-0.07653812  0.20752838  0.03392559]
 [ 0.07045755  0.21844041  0.        ]
 [ 0.01632046  0.04379565  0.92307043]
 [ 0.04021951  0.09322506  1.1777372 ]
 [ 0.1480391   0.05429697  1.2705927 ]
 [ 0.06112275  0.1136893   1.322372  ]
 [ 0.0470736   0.22642547  1.087447  ]
 [ 0.13180533  0.34911254  0.9065815 ]
 [ 0.3300927   0.38358068  0.9818774 ]
 [ 0.02851461 -0.06224227  1.1644084 ]
 [-0.02419042 -0.29563993  1.0930777 ]
 [ 0.10704392 -0.25122467  1.0394561 ]]
[[ 0.          0.          0.6322985 ]
 [ 0.00956708 -0.10373981  0.6377775 ]
 [ 0.37026542 -0.14082384  0.530723  ]
 [ 0.11901677 -0.17819977  0.23111707]
 [ 0.18308091 -0.13193965  0.17007935]
 [-0.00962898  0.10357472  0.6267774 ]
 [-0.02522753  0.26373374  0.28120315]
 [-0.2600197   0.2559672   0.04078448]
 [-0.16589907  0.29240522  0.        ]
 [ 0.00878895  0.03043495  0.8366178 ]
 [ 0.0312256   0.07595915  1.091697  ]
 [ 0.14285815  0.01903278  1.1786809 ]
 [ 0.05698656  0.0918929   1.2357757 ]
 [ 0.06624932  0.19826877  0.99872273]
 [ 0.2213514   0.2652406   0.81855494]
 [ 0.34408158  0.20384853  0.93554175]
 [-0.02358209 -0.06529868  1.0860865 ]
 [-0.15129748 -0.28362745  1.1043316 ]
 [-0.13438411 -0.3671273   1.0940559 ]]
[[ 0.          0.          0.5830823 ]
 [ 0.00468046 -0.10026555  0.59282684]
 [ 0.35975364 -0.11176696  0.47858852]
 [ 0.26994956 -0.22395402  0.13982254]
 [ 0.37724572 -0.20289052  0.11410767]
 [-0.00470901  0.10011724  0.5733116 ]
 [-0.08188628  0.25233465  0.23821968]
 [-0.33930868  0.29150334  0.07409078]
 [-0.25484183  0.32312536  0.        ]
 [ 0.00527445  0.04036754  0.7883469 ]
 [ 0.03056289  0.09516084  1.0396866 ]
 [ 0.1288616   0.03960085  1.1278248 ]
 [ 0.05308983  0.11010283  1.1844575 ]
 [ 0.07923955  0.20200312  0.9387252 ]
 [ 0.23990597  0.23393168  0.73334384]
 [ 0.35102916  0.17039283  0.84283286]
 [-0.04464848 -0.03011394  1.0440664 ]
 [-0.24322551 -0.21260521  1.096426  ]
 [-0.29210654 -0.37741753  1.1141865 ]]
[[ 0.          0.          0.549806  ]
 [ 0.0062428  -0.09541505  0.5599316 ]
 [ 0.3581523  -0.0565078   0.42084098]
 [ 0.32204738 -0.19180554  0.0755493 ]
 [ 0.45518523 -0.16693765  0.06160915]
 [-0.00627793  0.09525764  0.5396532 ]
 [-0.10705835  0.16232364  0.16128114]
 [-0.39588562  0.10337424  0.05651766]
 [-0.29512882  0.10954857  0.        ]
 [ 0.00999065  0.05365846  0.7602778 ]
 [ 0.03408086  0.11040124  1.0112455 ]
 [ 0.12739928  0.06012207  1.1029705 ]
 [ 0.05177006  0.12194812  1.1640371 ]
 [ 0.07738499  0.21062267  0.9076953 ]
 [ 0.22083738  0.28304303  0.7028122 ]
 [ 0.36814713  0.23589088  0.76643014]
 [-0.03580505 -0.01421025  1.0131729 ]
 [-0.21222347 -0.20913523  1.0532154 ]
 [-0.19824879 -0.32899863  1.1183231 ]]
[[ 0.          0.          0.52648175]
 [-0.00781407 -0.09922471  0.52986765]
 [ 0.2949759   0.01070547  0.3471464 ]
 [ 0.35619354 -0.08416772  0.        ]
 [ 0.4375121  -0.06452739  0.00540185]
 [ 0.00781529  0.09905456  0.5230269 ]
 [-0.15752116  0.16397993  0.1622839 ]
 [-0.3496791   0.0580523   0.11056298]
 [ 0.07485428 -0.08009923  0.02184719]
 [ 0.01478454  0.03853711  0.74249023]
 [ 0.02280398  0.07176021  0.9969252 ]
 [ 0.09113325  0.02386391  1.0883315 ]
 [ 0.02643879  0.06768256  1.1504556 ]
 [ 0.05923936  0.16548622  0.9003085 ]
 [ 0.18356284  0.1998105   0.67855597]
 [ 0.2883615   0.22455414  0.66168344]
 [-0.04393128 -0.04295507  0.989898  ]
 [-0.22714083 -0.23466939  0.9977968 ]
 [-0.23234995 -0.2830646   1.1126814 ]]
[[ 0.          0.          0.59015197]
 [ 0.01184031 -0.09375242  0.60691494]
 [ 0.31988335 -0.00132893  0.4128235 ]
 [ 0.34966958 -0.04465145  0.00581086]
 [ 0.5166339   0.0150395   0.        ]
 [-0.01187834  0.09358758  0.57336223]
 [-0.08596486  0.11519045  0.19419083]
 [-0.47598106 -0.11385983  0.28737667]
 [-0.532458   -0.09438993  0.31154507]
 [-0.01921092  0.04896055  0.7983666 ]
 [-0.02699043  0.07926399  1.0556238 ]
 [ 0.0675403   0.0341472   1.162451  ]
 [-0.01772223  0.08100027  1.2106011 ]
 [-0.00955275  0.19341624  0.9455905 ]
 [ 0.09761883  0.28399324  0.73183304]
 [ 0.18852346  0.2797179   0.66986537]
 [-0.08516034 -0.03311494  1.0464486 ]
 [-0.2843446  -0.1992523   1.1182697 ]
 [-0.30197462 -0.3225597   1.2506733 ]]
[[ 0.          0.          0.64517844]
 [ 0.0107794  -0.09155346  0.6648511 ]
 [ 0.27125525  0.00417003  0.44983172]
 [ 0.20221007 -0.02574658  0.04094917]
 [ 0.3587554   0.03092545  0.        ]
 [-0.01080856  0.09139134  0.6254473 ]
 [ 0.00497775  0.04338789  0.27759674]
 [-0.40889537 -0.23091865  0.434386  ]
 [-0.4317193  -0.2634972   0.48899192]
 [-0.04051009  0.04577368  0.8489058 ]
 [-0.06379775  0.07119507  1.1071477 ]
 [ 0.03090412  0.0337075   1.2200432 ]
 [-0.06580876  0.07104564  1.2613568 ]
 [-0.07096957  0.19806355  1.0022092 ]
 [-0.01018482  0.33200842  0.8133076 ]
 [ 0.05744756  0.39432642  0.74429387]
 [-0.10804684 -0.03816706  1.0953763 ]
 [-0.31061068 -0.19233239  1.2444594 ]
 [-0.3005727  -0.28996843  1.3898542 ]]
[[ 0.00000000e+00  0.00000000e+00  6.65050566e-01]
 [ 5.51033765e-04 -9.75626484e-02  6.82369292e-01]
 [ 2.14468420e-01 -8.75019729e-02  4.32265282e-01]
 [ 7.43535459e-02 -1.24603391e-01  6.22680187e-02]
 [ 1.90039754e-01 -6.37794733e-02  0.00000000e+00]
 [-6.04819506e-04  9.73669142e-02  6.47658229e-01]
 [ 8.86820257e-02  3.57016921e-02  3.29485655e-01]
 [-3.55527014e-01 -1.87650204e-01  4.45502520e-01]
 [-3.81205082e-01 -2.02969462e-01  4.29707825e-01]
 [-4.67335731e-02  6.24195039e-02  8.70093584e-01]
 [-6.94218576e-02  1.04268968e-01  1.12636256e+00]
 [ 2.65235826e-02  7.01491833e-02  1.23443365e+00]
 [-7.00400323e-02  1.12561285e-01  1.27973771e+00]
 [-8.63841772e-02  2.30917335e-01  1.02495587e+00]
 [-5.29094487e-02  3.81047010e-01  8.55452895e-01]
 [ 4.12550718e-02  5.51967859e-01  8.43330383e-01]
 [-1.16726913e-01 -7.86739588e-03  1.11933672e+00]
 [-2.82971621e-01 -1.77912951e-01  1.32348061e+00]
 [-2.74552882e-01 -2.35575259e-01  1.52093673e+00]]
[[ 0.          0.          0.54822314]
 [-0.00773281 -0.10257782  0.5622155 ]
 [ 0.18589583 -0.15588889  0.312356  ]
 [-0.13627945 -0.10628673  0.11001939]
 [-0.10002217 -0.02799606  0.        ]
 [ 0.00767433  0.10235507  0.534139  ]
 [ 0.24509498 -0.01784608  0.3014462 ]
 [-0.18921241 -0.2069222   0.22239101]
 [-0.1969794  -0.2204057   0.18384784]
 [-0.04243585  0.06846055  0.75753284]
 [-0.05973423  0.10978153  1.0155933 ]
 [ 0.04605043  0.08261448  1.1145731 ]
 [-0.05560258  0.11365789  1.1572717 ]
 [-0.08341396  0.24126065  0.9283135 ]
 [-0.08445597  0.45256943  0.8374671 ]
 [-0.02963513  0.64309114  0.93849427]
 [-0.08549295 -0.01313227  1.0084459 ]
 [-0.1749053  -0.18312418  1.262301  ]
 [-0.16732955 -0.24275827  1.443832  ]]
[[ 0.          0.          0.45320073]
 [-0.018417   -0.10927542  0.4716094 ]
 [ 0.20955732 -0.2152969   0.27618542]
 [-0.23277682 -0.15458447  0.22481653]
 [-0.27733853 -0.07407737  0.12021691]
 [ 0.01832757  0.10904006  0.43466455]
 [ 0.34665692 -0.03033739  0.32299104]
 [ 0.07223953 -0.17290348  0.02739486]
 [ 0.1885814  -0.19449794  0.        ]
 [-0.03150675  0.04056101  0.66488755]
 [-0.04654141  0.06520662  0.9232584 ]
 [ 0.07261156  0.03934324  1.0106806 ]
 [-0.02358252  0.07099754  1.0652767 ]
 [-0.05166318  0.20989719  0.8545745 ]
 [-0.0553997   0.44660372  0.89612365]
 [ 0.01621039  0.5978597   1.056048  ]
 [-0.0621905  -0.07512841  0.9106283 ]
 [-0.03965341 -0.25870013  1.150979  ]
 [ 0.03453931 -0.267008    1.3357525 ]]
[[ 0.          0.          0.4632928 ]
 [-0.01965212 -0.10371184  0.4858607 ]
 [ 0.24609727 -0.21467571  0.34747642]
 [-0.18056855 -0.16276965  0.2642291 ]
 [-0.20993769 -0.10238165  0.17802742]
 [ 0.01955121  0.10349667  0.44061717]
 [ 0.3458987  -0.06907977  0.35547066]
 [ 0.20788959 -0.24018246  0.        ]
 [ 0.33261436 -0.2685449   0.00523114]
 [-0.01688797  0.03134666  0.67596745]
 [-0.02026746  0.05266136  0.9339547 ]
 [ 0.09864781  0.01937956  1.0192062 ]
 [ 0.00932802  0.05411404  1.0747545 ]
 [-0.01508285  0.19963077  0.87309027]
 [ 0.02720679  0.41835093  0.97400904]
 [ 0.13352662  0.5623821   1.1263572 ]
 [-0.03492591 -0.08775038  0.9182327 ]
 [ 0.03748734 -0.26135594  1.1655477 ]
 [ 0.13875374 -0.29472876  1.3377552 ]]
[[ 0.00000000e+00  0.00000000e+00  4.45504725e-01]
 [-2.42831688e-02 -1.03339031e-01  4.75197256e-01]
 [ 2.81250983e-01 -2.37697423e-01  3.93819153e-01]
 [-1.14138372e-01 -1.96710020e-01  2.09410876e-01]
 [-1.13108426e-01 -1.74407333e-01  1.25243783e-01]
 [ 2.41635516e-02  1.03127345e-01  4.15722847e-01]
 [ 3.75626862e-01 -4.28697318e-02  3.60712051e-01]
 [ 3.34146976e-01 -2.36021042e-01  0.00000000e+00]
 [ 4.69753146e-01 -2.62724102e-01  2.97845304e-02]
 [-7.32235610e-04  2.51058042e-02  6.60391033e-01]
 [ 1.08668674e-02  4.87560630e-02  9.17218029e-01]
 [ 1.39534935e-01  7.20834732e-03  9.98195589e-01]
 [ 5.69712557e-02  5.32528162e-02  1.05955744e+00]
 [ 2.96827778e-02  1.93412364e-01  8.54068041e-01]
 [ 1.16652377e-01  3.73037696e-01  9.62240040e-01]
 [ 2.57892609e-01  5.01778901e-01  1.10885811e+00]
 [-1.08210612e-02 -9.17576253e-02  9.07592654e-01]
 [ 8.88967067e-02 -2.90517598e-01  1.09903622e+00]
 [ 2.17937171e-01 -3.75929415e-01  1.25329208e+00]]
[[ 0.00000000e+00  0.00000000e+00  3.81114960e-01]
 [-3.64044569e-02 -9.66264084e-02  4.15984511e-01]
 [ 2.60240287e-01 -3.05698931e-01  3.87902200e-01]
 [-1.61380768e-02 -3.74951035e-01  1.22948200e-01]
 [ 1.17515624e-02 -3.83598119e-01  5.27101755e-02]
 [ 3.62827145e-02  9.64224488e-02  3.46167266e-01]
 [ 3.99850786e-01 -6.68058321e-02  3.35078806e-01]
 [ 3.93607557e-01 -3.14259410e-01  0.00000000e+00]
 [ 5.33572316e-01 -3.53701890e-01  3.32788825e-02]
 [ 1.33059025e-02  1.92082822e-02  5.96096873e-01]
 [ 3.29379886e-02  3.34177017e-02  8.50021601e-01]
 [ 1.68955147e-01 -1.62367821e-02  9.26648736e-01]
 [ 8.25127512e-02  3.85659933e-02  9.87366557e-01]
 [ 6.67997226e-02  1.76760197e-01  7.89648652e-01]
 [ 1.93951830e-01  3.30944031e-01  8.44388545e-01]
 [ 3.64861339e-01  4.07046407e-01  9.64846373e-01]
 [-1.50101259e-04 -1.00901723e-01  8.37889552e-01]
 [ 1.64234579e-01 -3.01147044e-01  1.00883007e+00]
 [ 3.30923259e-01 -3.44334900e-01  1.15346956e+00]]
[[ 0.          0.          0.3220849 ]
 [-0.04210464 -0.0855639   0.35663414]
 [ 0.25964588 -0.3205393   0.38273296]
 [ 0.1504989  -0.4840723   0.06801328]
 [ 0.21646267 -0.51551634  0.04673904]
 [ 0.04196949  0.08542558  0.2874963 ]
 [ 0.3741646  -0.10293316  0.31343552]
 [ 0.4625746  -0.36418998  0.        ]
 [ 0.60753536 -0.4174423   0.06284487]
 [ 0.04421531  0.01270086  0.5302309 ]
 [ 0.08789093  0.02157691  0.77610683]
 [ 0.22894526 -0.03180397  0.84070355]
 [ 0.14764188  0.02737135  0.90731573]
 [ 0.13642216  0.15117672  0.71207047]
 [ 0.32948953  0.21806288  0.7717564 ]
 [ 0.47589636  0.16703415  0.8511816 ]
 [ 0.04468006 -0.10448366  0.76454055]
 [ 0.25364122 -0.32348424  0.85776234]
 [ 0.4397102  -0.32967117  0.95518255]]
[[ 0.          0.          0.2652729 ]
 [-0.0431976  -0.07944366  0.29707465]
 [ 0.2673909  -0.32294673  0.33934003]
 [ 0.2756928  -0.5589175   0.04251787]
 [ 0.35137504 -0.59769464  0.04917565]
 [ 0.04307117  0.0793075   0.23343241]
 [ 0.3745774  -0.09997486  0.29447114]
 [ 0.53082144 -0.38791475  0.        ]
 [ 0.6619521  -0.4417143   0.06868047]
 [ 0.05928949  0.00141269  0.46705398]
 [ 0.12554671  0.01045051  0.7030567 ]
 [ 0.26248223 -0.04044598  0.7590735 ]
 [ 0.18533975  0.01690966  0.8248311 ]
 [ 0.16568565  0.1381301   0.63574684]
 [ 0.33970293  0.26727545  0.6020472 ]
 [ 0.5239196   0.24897471  0.64693487]
 [ 0.0804202  -0.10633129  0.69140756]
 [ 0.26437423 -0.3267482   0.71092623]
 [ 0.47766316 -0.34686464  0.77351403]]
[[ 0.          0.          0.22855102]
 [-0.03872053 -0.08068055  0.259603  ]
 [ 0.27715242 -0.3081755   0.30402568]
 [ 0.34216684 -0.5817981   0.02387361]
 [ 0.4487605  -0.62676334  0.04163264]
 [ 0.03859397  0.0805415   0.19748226]
 [ 0.36975688 -0.08066411  0.27137947]
 [ 0.5627594  -0.38517904  0.        ]
 [ 0.6789654  -0.4321722   0.07572302]
 [ 0.06497434  0.01089439  0.4283242 ]
 [ 0.13742256  0.02943358  0.6617668 ]
 [ 0.28119949 -0.02607098  0.7104654 ]
 [ 0.20836934  0.03413576  0.77927744]
 [ 0.18056893  0.14826381  0.58993363]
 [ 0.33999854  0.23183152  0.5126215 ]
 [ 0.5048875   0.13429746  0.5344699 ]
 [ 0.08513979 -0.08487421  0.6454547 ]
 [ 0.25108916 -0.29844964  0.62506944]
 [ 0.47789168 -0.33842972  0.65600586]]
[[ 0.          0.          0.20270921]
 [-0.04011823 -0.07688385  0.23487867]
 [ 0.2915141  -0.29113394  0.28071848]
 [ 0.42929292 -0.5841619   0.02582945]
 [ 0.5340177  -0.62858284  0.04644237]
 [ 0.03999371  0.07674454  0.1705224 ]
 [ 0.3694354  -0.08171737  0.24435773]
 [ 0.5840521  -0.39689946  0.        ]
 [ 0.6982158  -0.44514877  0.07054909]
 [ 0.07191162  0.02024758  0.3955683 ]
 [ 0.1551308   0.04624712  0.6234052 ]
 [ 0.29866347 -0.00917062  0.6677079 ]
 [ 0.22564673  0.06014085  0.7349066 ]
 [ 0.19230881  0.15879256  0.54122615]
 [ 0.32639882  0.25550187  0.42795175]
 [ 0.51718175  0.19009337  0.40408385]
 [ 0.09641863 -0.06480241  0.6064955 ]
 [ 0.19752532 -0.27444762  0.53787327]
 [ 0.46138108 -0.32590365  0.5436275 ]]
[[ 0.          0.          0.17592466]
 [-0.04643591 -0.07626207  0.20674783]
 [ 0.3017025  -0.28187037  0.27394098]
 [ 0.49246156 -0.5757733   0.02296171]
 [ 0.6094486  -0.62211955  0.06898883]
 [ 0.04632339  0.07612669  0.14508913]
 [ 0.3841148  -0.10149938  0.23143196]
 [ 0.5988059  -0.40157473  0.        ]
 [ 0.712217   -0.45034063  0.09991077]
 [ 0.07135287  0.03364231  0.36750513]
 [ 0.15668868  0.06742725  0.5909377 ]
 [ 0.3061815   0.00967282  0.63424945]
 [ 0.23201743  0.08525288  0.6971787 ]
 [ 0.19439755  0.17517868  0.50331247]
 [ 0.29979524  0.2588209   0.3817823 ]
 [ 0.44514963  0.22826132  0.35104823]
 [ 0.08679214 -0.04555282  0.5807432 ]
 [ 0.15914331 -0.26545575  0.5144056 ]
 [ 0.35387933 -0.36856276  0.51019293]]
[[ 0.          0.          0.152933  ]
 [-0.04284856 -0.07049951  0.18033154]
 [ 0.30582172 -0.2339361   0.23489389]
 [ 0.5436147  -0.54517937  0.01850772]
 [ 0.66619325 -0.5897316   0.07832131]
 [ 0.04275873  0.07035141  0.12551829]
 [ 0.3584714  -0.07185999  0.19004866]
 [ 0.61153805 -0.35944602  0.        ]
 [ 0.730741   -0.39774382  0.09501979]
 [ 0.07314505  0.05255391  0.3401561 ]
 [ 0.16581926  0.09675011  0.564192  ]
 [ 0.31597176  0.04304352  0.60250664]
 [ 0.23870306  0.11128587  0.67024004]
 [ 0.19096002  0.19885391  0.46934068]
 [ 0.22558737  0.33410347  0.2965495 ]
 [ 0.23038355  0.36785054  0.17269635]
 [ 0.07985874 -0.00986919  0.5595554 ]
 [-0.01105694 -0.18183912  0.4509682 ]
 [ 0.16000178 -0.35947943  0.3940717 ]]
[[ 0.          0.          0.15210319]
 [-0.03935627 -0.07940871  0.17529006]
 [ 0.31514162 -0.17375132  0.24650118]
 [ 0.56192017 -0.44305855  0.02476779]
 [ 0.7081971  -0.47825575  0.11850697]
 [ 0.0392887   0.07923846  0.12888008]
 [ 0.3526399  -0.04020583  0.19633836]
 [ 0.6146977  -0.30426437  0.        ]
 [ 0.74566966 -0.34255219  0.13488948]
 [ 0.0428503   0.0909615   0.33010393]
 [ 0.11129348  0.17023551  0.5448518 ]
 [ 0.2849498   0.11530602  0.5746741 ]
 [ 0.19480567  0.17941916  0.6405736 ]
 [ 0.13786553  0.26849002  0.45265633]
 [ 0.08344215  0.40332258  0.27229834]
 [ 0.05976687  0.51763505  0.14964229]
 [ 0.0181049   0.06452414  0.54801476]
 [-0.14080359 -0.08719967  0.46620563]
 [-0.25597548 -0.20461532  0.3830002 ]]
[[ 0.          0.          0.16271746]
 [-0.03521283 -0.07993151  0.19279224]
 [ 0.32384226 -0.16156542  0.27841043]
 [ 0.51997554 -0.4490044   0.04842232]
 [ 0.6838849  -0.47740522  0.11040103]
 [ 0.03516049  0.0797597   0.13260174]
 [ 0.3626328  -0.01442086  0.21791966]
 [ 0.56054723 -0.3032687   0.        ]
 [ 0.6976478  -0.3484449   0.10561827]
 [ 0.01727606  0.11364594  0.32364652]
 [ 0.0642598   0.22468609  0.52193254]
 [ 0.23157616  0.17840946  0.55062854]
 [ 0.14346547  0.24344066  0.6150427 ]
 [ 0.08664533  0.31830728  0.4252157 ]
 [ 0.03122595  0.45693812  0.2523206 ]
 [ 0.00552024  0.59036267  0.12521285]
 [-0.03022751  0.12026095  0.5327893 ]
 [-0.22110507 -0.03555587  0.49382967]
 [-0.3288964  -0.16538611  0.4450373 ]]
[[ 0.          0.          0.16440408]
 [-0.03465794 -0.07429639  0.202404  ]
 [ 0.3372842  -0.17724933  0.28817523]
 [ 0.45973063 -0.5106814   0.0698119 ]
 [ 0.61356664 -0.5430527   0.12149306]
 [ 0.03460859  0.07414041  0.12637271]
 [ 0.35582265 -0.02797258  0.20219389]
 [ 0.5107571  -0.33277825  0.        ]
 [ 0.6392193  -0.3784911   0.1145807 ]
 [-0.00456601  0.13649848  0.30544758]
 [ 0.01534058  0.27468935  0.48529053]
 [ 0.18117434  0.23700833  0.51671284]
 [ 0.09299557  0.30449703  0.57577264]
 [ 0.03956506  0.36674407  0.38398802]
 [ 0.00637692  0.50395876  0.21443062]
 [-0.02319616  0.6058067   0.08521761]
 [-0.07298179  0.16566283  0.50111127]
 [-0.26784533  0.02361035  0.48623383]
 [-0.39346278 -0.10056627  0.4800912 ]]
[[ 0.          0.          0.12493193]
 [-0.035895   -0.06438985  0.16990411]
 [ 0.33522975 -0.18629764  0.29697382]
 [ 0.3980087  -0.53361285  0.09871835]
 [ 0.53821945 -0.5610182   0.14650711]
 [ 0.03585058  0.06424558  0.07991133]
 [ 0.35172927 -0.0240516   0.1568847 ]
 [ 0.448447   -0.36218852  0.        ]
 [ 0.554091   -0.4188      0.10174441]
 [-0.03646953  0.15317822  0.24155232]
 [-0.04762959  0.31995213  0.39689973]
 [ 0.11250119  0.28821808  0.4315341 ]
 [ 0.01446797  0.3516931   0.49240005]
 [-0.02509627  0.4103414   0.29397163]
 [-0.02996767  0.5294596   0.15730405]
 [-0.00981528  0.62164986  0.06313291]
 [-0.12331188  0.2046592   0.42196062]
 [-0.30655235  0.05379012  0.46752727]
 [-0.44096577 -0.03402355  0.50713634]]
[[ 0.          0.          0.11586583]
 [-0.03488351 -0.05779853  0.16586813]
 [ 0.35521773 -0.16411057  0.32614747]
 [ 0.39455813 -0.53732     0.15767524]
 [ 0.51695    -0.5446657   0.21546331]
 [ 0.03484429  0.05769052  0.06581226]
 [ 0.34234348 -0.00918148  0.09294481]
 [ 0.4555927  -0.37107334  0.        ]
 [ 0.5448842  -0.42801726  0.09962608]
 [-0.06016766  0.16714469  0.20658557]
 [-0.09626564  0.360681    0.33447224]
 [ 0.04219516  0.3420776   0.37343585]
 [-0.05560094  0.41194743  0.42978698]
 [-0.07097441  0.44116855  0.22922412]
 [ 0.01403636  0.52475566  0.13186345]
 [ 0.10796144  0.6391894   0.10839194]
 [-0.1546447   0.24042612  0.37678245]
 [-0.25920478  0.03785861  0.45996574]
 [-0.31778306 -0.04379341  0.5632049 ]]
[[ 0.          0.          0.12774038]
 [-0.02337181 -0.04329886  0.18635434]
 [ 0.33028072 -0.14853409  0.29751235]
 [ 0.4081657  -0.5501268   0.21030052]
 [ 0.5222498  -0.55438316  0.25031245]
 [ 0.02334005  0.04321368  0.06907838]
 [ 0.3512892   0.03630187  0.03275973]
 [ 0.4612378  -0.31814915  0.        ]
 [ 0.5609626  -0.36290592  0.0527696 ]
 [-0.08014891  0.17660457  0.19671635]
 [-0.14417973  0.3865826   0.30197084]
 [-0.03382292  0.38945493  0.33644825]
 [-0.11077091  0.46050236  0.3892292 ]
 [-0.126755    0.4520457   0.1924519 ]
 [ 0.036385    0.52830154  0.11736441]
 [ 0.1917721   0.63060385  0.143641  ]
 [-0.17192197  0.27283314  0.36050025]
 [-0.15596154  0.03655654  0.43056858]
 [-0.14072326 -0.078282    0.50193334]]
[[ 0.          0.          0.13685265]
 [-0.00739741 -0.03468392  0.20476875]
 [ 0.32622412 -0.14037536  0.25497591]
 [ 0.49876016 -0.55561054  0.20839167]
 [ 0.6154525  -0.54991186  0.21398593]
 [ 0.00736943  0.03460721  0.06889621]
 [ 0.36228535  0.08914999  0.03855315]
 [ 0.5034778  -0.250787    0.        ]
 [ 0.62800944 -0.27672282  0.05803701]
 [-0.07827465  0.18778488  0.20709258]
 [-0.15626404  0.39169553  0.3097345 ]
 [-0.04846531  0.40852553  0.32987764]
 [-0.11756343  0.4680475   0.38320866]
 [-0.15855098  0.44198555  0.2055273 ]
 [-0.00927244  0.4989341   0.109413  ]
 [ 0.16458485  0.58219475  0.12090883]
 [-0.15478757  0.2806144   0.36774647]
 [-0.07264335  0.06494388  0.37014315]
 [-0.01936783 -0.05959383  0.3501322 ]]
[[ 0.          0.          0.13214016]
 [ 0.00200765 -0.02031887  0.20493199]
 [ 0.3170101  -0.07901305  0.25570175]
 [ 0.5631504  -0.5026381   0.26273963]
 [ 0.6780154  -0.48824072  0.26344368]
 [-0.00205047  0.02024981  0.0593017 ]
 [ 0.3251284   0.11865938  0.01378085]
 [ 0.46923655 -0.23884356  0.        ]
 [ 0.5939725  -0.25420207  0.04623106]
 [-0.0787461   0.19085982  0.19739938]
 [-0.16821104  0.39208198  0.29262576]
 [-0.07170126  0.41513523  0.30106592]
 [-0.1390402   0.4683398   0.3522125 ]
 [-0.1785242   0.4282043   0.1909849 ]
 [-0.0426029   0.46204454  0.07981691]
 [ 0.14419395  0.54370236  0.08137852]
 [-0.14780143  0.29002553  0.35147217]
 [ 0.01501863  0.1244477   0.34129262]
 [ 0.13657367  0.12162773  0.29863667]]
[[ 0.00000000e+00  0.00000000e+00  1.45800218e-01]
 [ 1.56694278e-02 -1.10779665e-02  2.19471365e-01]
 [ 3.09436560e-01 -6.63670003e-02  2.31343210e-01]
 [ 5.85512877e-01 -4.78411704e-01  2.45909154e-01]
 [ 6.93764448e-01 -4.63049173e-01  2.14298218e-01]
 [-1.57117546e-02  1.10197738e-02  7.20769018e-02]
 [ 2.98007607e-01  1.63930655e-01  0.00000000e+00]
 [ 4.57731903e-01 -1.62044257e-01  4.25696373e-04]
 [ 5.74030399e-01 -1.70861125e-01  4.13389280e-02]
 [-6.88813478e-02  1.94881469e-01  2.09399700e-01]
 [-1.55087888e-01  4.01046455e-01  2.98968136e-01]
 [-6.93451166e-02  4.40669358e-01  2.97168612e-01]
 [-1.31440163e-01  4.84986544e-01  3.54145765e-01]
 [-1.87696189e-01  4.28046346e-01  1.97141781e-01]
 [-5.08688539e-02  4.86133516e-01  6.70515150e-02]
 [ 1.18425667e-01  5.67042947e-01  5.10294884e-02]
 [-1.02380514e-01  3.10684085e-01  3.58947814e-01]
 [ 1.06220938e-01  2.10743576e-01  3.20231915e-01]
 [ 2.19235644e-01  2.74406523e-01  2.51990378e-01]]
[[ 0.          0.          0.1806009 ]
 [ 0.02981487 -0.0031876   0.25727278]
 [ 0.30558407  0.02800385  0.22820452]
 [ 0.63672733 -0.37062868  0.24766384]
 [ 0.7502885  -0.35089138  0.1986692 ]
 [-0.02985335  0.00313643  0.10388025]
 [ 0.24709195  0.1951594   0.        ]
 [ 0.42051932 -0.13527879  0.00836071]
 [ 0.5437304  -0.1410127   0.03528918]
 [-0.06618272  0.1982599   0.24209175]
 [-0.15318945  0.39798522  0.3290167 ]
 [-0.08349469  0.44881755  0.32629836]
 [-0.13292211  0.47978938  0.3842001 ]
 [-0.19859302  0.41891822  0.22725926]
 [-0.08312869  0.48409808  0.07532938]
 [ 0.08006     0.535735    0.02827583]
 [-0.08090952  0.3129969   0.3848371 ]
 [ 0.14484465  0.243136    0.3086592 ]
 [ 0.25007087  0.33535168  0.20618595]]
[[ 0.0000000e+00  0.0000000e+00  2.1199661e-01]
 [ 4.0905379e-02  1.7732382e-06  2.8684926e-01]
 [ 2.8381252e-01  1.4560942e-02  2.0359850e-01]
 [ 6.2413263e-01 -3.9799818e-01  2.0022768e-01]
 [ 7.2993892e-01 -3.7687168e-01  1.4148825e-01]
 [-4.0943898e-02 -5.7742000e-05  1.3709024e-01]
 [ 2.0391059e-01  2.5440213e-01  5.5636168e-03]
 [ 4.1089168e-01 -4.5225367e-02  7.5470507e-03]
 [ 5.1359117e-01 -3.6424190e-02  2.2197023e-02]
 [-6.1953872e-02  2.0128495e-01  2.7813107e-01]
 [-1.5262836e-01  3.9548942e-01  3.7066185e-01]
 [-9.8290026e-02  4.5614159e-01  3.7369359e-01]
 [-1.3776883e-01  4.7296381e-01  4.2881924e-01]
 [-2.1173033e-01  4.0814203e-01  2.6702538e-01]
 [-1.3607734e-01  4.5748997e-01  8.8518977e-02]
 [ 2.2547960e-02  4.8839003e-01  0.0000000e+00]
 [-6.5064579e-02  3.1751156e-01  4.1981277e-01]
 [ 1.6837060e-01  2.7115530e-01  3.0265284e-01]
 [ 2.5656903e-01  3.7648910e-01  1.4959946e-01]]
[[ 0.00000000e+00  0.00000000e+00  2.85037041e-01]
 [ 5.51238395e-02  1.35900825e-03  3.56333315e-01]
 [ 2.84136951e-01  1.05211712e-01  2.47880355e-01]
 [ 5.78428507e-01 -3.26434016e-01  2.01087892e-01]
 [ 6.83006585e-01 -2.89843231e-01  1.20805085e-01]
 [-5.51685244e-02 -1.43250823e-03  2.13677377e-01]
 [ 1.63768321e-01  2.77784377e-01  5.66054732e-02]
 [ 3.03236425e-01  4.13656235e-05  0.00000000e+00]
 [ 3.84978801e-01  1.71582699e-02  1.37164891e-02]
 [-6.27250075e-02  2.09120154e-01  3.61236423e-01]
 [-1.54384255e-01  4.05668855e-01  4.63246077e-01]
 [-1.21292114e-01  4.75846052e-01  4.71565425e-01]
 [-1.49843305e-01  4.80188251e-01  5.27684391e-01]
 [-2.24613011e-01  4.12203074e-01  3.61377925e-01]
 [-1.78798884e-01  4.58597451e-01  1.59388274e-01]
 [-5.16756773e-02  4.96220946e-01  4.23405915e-02]
 [-5.42885810e-02  3.39295864e-01  5.04225075e-01]
 [ 1.71568811e-01  3.35798681e-01  3.55206549e-01]
 [ 2.22667173e-01  4.54815388e-01  1.67658538e-01]]
[[ 0.          0.          0.32854033]
 [ 0.06384994  0.00315711  0.39124772]
 [ 0.26323998  0.09799773  0.2586817 ]
 [ 0.5114347  -0.3424549   0.15970844]
 [ 0.59274423 -0.2938718   0.06121445]
 [-0.06390165 -0.00324354  0.26576903]
 [ 0.1272322   0.32569373  0.10529208]
 [ 0.226934    0.1319174   0.        ]
 [ 0.26405698  0.18427692  0.00146848]
 [-0.05746895  0.21125129  0.4202842 ]
 [-0.14292553  0.40792292  0.53643644]
 [-0.13083357  0.4851926   0.54744214]
 [-0.14644665  0.4815945   0.6124371 ]
 [-0.23040295  0.40501305  0.4428424 ]
 [-0.22762477  0.39822423  0.22506726]
 [-0.1458179   0.42434052  0.05287129]
 [-0.02932416  0.35378468  0.56532377]
 [ 0.14675769  0.37280142  0.37473238]
 [ 0.1586172   0.50622535  0.17844486]]
[[ 0.          0.          0.421692  ]
 [ 0.07493126  0.01237467  0.47755674]
 [ 0.27054986  0.21368074  0.343068  ]
 [ 0.40010172 -0.20135263  0.14569217]
 [ 0.4645977  -0.12309185  0.04242912]
 [-0.07500917 -0.01252948  0.36576152]
 [ 0.04184705  0.33973515  0.17825341]
 [ 0.0347038   0.15368319  0.        ]
 [ 0.05062763  0.21821754  0.01304284]
 [-0.05754758  0.19934198  0.53962785]
 [-0.13691512  0.38336083  0.68166095]
 [-0.16837984  0.4632437   0.710649  ]
 [-0.15950835  0.44330662  0.77624846]
 [-0.24362671  0.3589803   0.6012976 ]
 [-0.27689862  0.3238163   0.36706233]
 [-0.2579441   0.3684467   0.15500095]
 [-0.00976373  0.36739728  0.6873717 ]
 [ 0.07703239  0.4568264   0.46059316]
 [ 0.03137103  0.59027934  0.25685424]]
[[ 0.          0.          0.43453968]
 [ 0.08017845  0.01533635  0.48171794]
 [ 0.2839639   0.24411985  0.35540634]
 [ 0.32213122 -0.1507675   0.1252822 ]
 [ 0.3797743  -0.07217273  0.02312118]
 [-0.08025736 -0.01551458  0.38730198]
 [-0.01579323  0.3550341   0.1824747 ]
 [-0.02937166  0.14396954  0.00536883]
 [-0.03597613  0.21790107  0.        ]
 [-0.05841665  0.18404196  0.5727303 ]
 [-0.13049084  0.35042903  0.74044853]
 [-0.19571215  0.41762227  0.7886498 ]
 [-0.16445178  0.38541675  0.8460834 ]
 [-0.24588454  0.3164622   0.6690037 ]
 [-0.29065448  0.28938115  0.4385093 ]
 [-0.31448928  0.31554222  0.2064363 ]
 [-0.00145951  0.3495793   0.7305248 ]
 [ 0.0294493   0.4534858   0.49581683]
 [-0.04823747  0.5841344   0.2887887 ]]
[[ 0.          0.          0.43327338]
 [ 0.0918211   0.0168408   0.4761405 ]
 [ 0.2856124   0.29996923  0.3316857 ]
 [ 0.29824606 -0.07854491  0.10362422]
 [ 0.35946107  0.01279908  0.        ]
 [-0.09190527 -0.01704712  0.39033553]
 [-0.05429056  0.34322748  0.17234772]
 [-0.07461536  0.07246929  0.02781904]
 [-0.07969585  0.16137516  0.00544024]
 [-0.0520535   0.1727308   0.58610976]
 [-0.11198299  0.32632715  0.77183884]
 [-0.19349307  0.39102647  0.82786685]
 [-0.14955193  0.3560369   0.88804495]
 [-0.23749506  0.2888666   0.7039188 ]
 [-0.28573924  0.27097565  0.47658575]
 [-0.3281689   0.2945993   0.24114989]
 [ 0.01897303  0.33263874  0.75364995]
 [ 0.02616352  0.45070547  0.52430254]
 [-0.07887512  0.5835844   0.3204457 ]]
[[ 0.          0.          0.45381162]
 [ 0.09422212  0.01537499  0.49299073]
 [ 0.2618853   0.28386182  0.33080637]
 [ 0.25876078 -0.09836528  0.10052058]
 [ 0.31034046 -0.00706953  0.        ]
 [-0.09429764 -0.01559002  0.41456458]
 [-0.06507219  0.3565572   0.19467017]
 [-0.06816126  0.10765278  0.05779022]
 [-0.1089378   0.21756494  0.00239131]
 [-0.04871985  0.16848728  0.6111211 ]
 [-0.10219245  0.31605387  0.8068044 ]
 [-0.18811911  0.3781013   0.86991596]
 [-0.13664058  0.34139383  0.92850816]
 [-0.23117116  0.27871788  0.74182975]
 [-0.27989408  0.25264645  0.523753  ]
 [-0.33330774  0.26639587  0.2795333 ]
 [ 0.02834477  0.32302415  0.7809412 ]
 [ 0.01094609  0.44469753  0.5529361 ]
 [-0.1142776   0.58082294  0.36325547]]
[[ 0.          0.          0.48409423]
 [ 0.09838424  0.02043755  0.51763767]
 [ 0.2386993   0.31441966  0.33645058]
 [ 0.207952   -0.05711514  0.09716615]
 [ 0.23472184  0.04774314  0.        ]
 [-0.09845437 -0.02067447  0.45046702]
 [-0.11270073  0.3354969   0.21340069]
 [-0.11527069  0.07108834  0.0796853 ]
 [-0.14852343  0.17684537  0.02741641]
 [-0.03995951  0.1568371   0.65345544]
 [-0.08489463  0.29257673  0.86643696]
 [-0.18013349  0.35577208  0.942453  ]
 [-0.12075239  0.3077461   0.9950311 ]
 [-0.2172381   0.2552413   0.8054544 ]
 [-0.26012704  0.21639764  0.5889573 ]
 [-0.3192657   0.23621443  0.34138682]
 [ 0.04136695  0.30247968  0.8263602 ]
 [-0.01730397  0.40568507  0.59193146]
 [-0.16747299  0.5349895   0.40995368]]
[[ 0.          0.          0.509745  ]
 [ 0.09746146  0.02893528  0.53794044]
 [ 0.20279706  0.31630427  0.34173656]
 [ 0.171186   -0.05134228  0.10378397]
 [ 0.18516366  0.04920793  0.        ]
 [-0.09752364 -0.02917743  0.48147008]
 [-0.14843383  0.3210197   0.24886784]
 [-0.1670728   0.07712668  0.08148488]
 [-0.22767133  0.1972538   0.00441217]
 [-0.04306336  0.15184313  0.6841902 ]
 [-0.09052455  0.27851355  0.9040476 ]
 [-0.18783301  0.33863276  0.9868587 ]
 [-0.12263373  0.2843653   1.0363069 ]
 [-0.21808407  0.23551339  0.84453773]
 [-0.25881696  0.20222963  0.6245557 ]
 [-0.30584922  0.20808801  0.3789807 ]
 [ 0.03558882  0.29583493  0.86096925]
 [-0.03346597  0.396202    0.62469065]
 [-0.1882715   0.51158094  0.4392035 ]]
[[ 0.          0.          0.51795006]
 [ 0.09955124  0.03514352  0.5427687 ]
 [ 0.17303118  0.36032128  0.3370943 ]
 [ 0.15107661  0.00672743  0.10388416]
 [ 0.15082225  0.11559552  0.        ]
 [-0.09962274 -0.03540163  0.4930491 ]
 [-0.19132704  0.29276246  0.25426888]
 [-0.19591415 -0.00479168  0.08780453]
 [-0.24485332  0.10326132  0.01484662]
 [-0.04098772  0.14169087  0.70145816]
 [-0.08803639  0.25611702  0.93080133]
 [-0.1913757   0.31598634  1.014888  ]
 [-0.11938968  0.26099902  1.0665787 ]
 [-0.21409631  0.21058992  0.87256247]
 [-0.24783647  0.1844369   0.6487842 ]
 [-0.2916809   0.1835788   0.4056601 ]
 [ 0.03758737  0.28103048  0.8812395 ]
 [-0.03908139  0.38650784  0.6454993 ]
 [-0.20371944  0.49809316  0.46490395]]
[[ 0.          0.          0.53309774]
 [ 0.09880807  0.04070392  0.55499554]
 [ 0.138696    0.37095538  0.32566506]
 [ 0.13573872  0.02790633  0.10821635]
 [ 0.11870295  0.14124724  0.        ]
 [-0.09888494 -0.04097015  0.5111159 ]
 [-0.22119111  0.26927674  0.26453355]
 [-0.19460995 -0.09408683  0.13107699]
 [-0.26166466  0.00715375  0.01891881]
 [-0.03737232  0.13407186  0.7189176 ]
 [-0.08061391  0.23779815  0.95485497]
 [-0.18472058  0.29555357  1.0426611 ]
 [-0.11151123  0.23940891  1.0934849 ]
 [-0.20427123  0.19137543  0.8953182 ]
 [-0.23025501  0.17151874  0.6730987 ]
 [-0.26664072  0.15650027  0.43209568]
 [ 0.03988644  0.2668987   0.9021857 ]
 [-0.03989875  0.37464803  0.667355  ]
 [-0.20746481  0.4831579   0.49460277]]
[[ 0.          0.          0.542551  ]
 [ 0.09927069  0.04382068  0.5641253 ]
 [ 0.12346691  0.3815145   0.32361096]
 [ 0.13102868  0.04702669  0.10323316]
 [ 0.10603979  0.16358191  0.        ]
 [-0.09934378 -0.04408611  0.52089083]
 [-0.23954853  0.25194237  0.2674563 ]
 [-0.21534225 -0.08565533  0.10785416]
 [-0.27915484  0.01193711  0.018673  ]
 [-0.0347723   0.13368727  0.72882086]
 [-0.07760695  0.23338202  0.9660446 ]
 [-0.18096864  0.29131052  1.0570562 ]
 [-0.10751536  0.2328453   1.1072531 ]
 [-0.2016531   0.18549973  0.9073176 ]
 [-0.22347242  0.1574015   0.68258274]
 [-0.25783557  0.13438866  0.44302118]
 [ 0.04193676  0.26452953  0.9110328 ]
 [-0.04323281  0.3694769   0.67673385]
 [-0.21733439  0.4707617   0.5070943 ]]
